0.342660 0.034539 0.000010 0.000010 0.000010 0.000010 0.178908 0.443843 0.000010
0.047534 0.062936 0.062037 0.054816 0.000010 0.000010 0.260346 0.469255 0.043055
0.297807 0.000010 0.179652 0.000010 0.000010 0.022750 0.000010 0.415795 0.083955
0.272282 0.000010 0.173086 0.044326 0.045898 0.000010 0.018722 0.445656 0.000010
0.256418 0.078794 0.203291 0.068028 0.000010 0.025138 0.000010 0.368301 0.000010
0.224319 0.000010 0.000010 0.000010 0.000010 0.008706 0.000010 0.049716 0.717209
0.223136 0.000010 0.094692 0.035194 0.104917 0.070802 0.000010 0.375983 0.095256
0.500224 0.018891 0.000010 0.045241 0.110916 0.000010 0.170456 0.154243 0.000010
0.486754 0.000010 0.000010 0.000010 0.080454 0.000010 0.012245 0.420496 0.000010
0.237123 0.000010 0.149433 0.171932 0.114792 0.000010 0.026261 0.256819 0.043620
0.459739 0.000010 0.160146 0.000010 0.003109 0.032581 0.000010 0.266902 0.077494
0.479802 0.000010 0.000010 0.125743 0.000010 0.028023 0.101738 0.264654 0.000010
0.234604 0.000010 0.000010 0.140408 0.000010 0.000010 0.122164 0.436800 0.065985
0.366567 0.007067 0.000010 0.020812 0.000010 0.010988 0.204994 0.389543 0.000010
0.304980 0.264471 0.000011 0.000010 0.000010 0.005356 0.000010 0.350881 0.074271
0.302993 0.000010 0.085041 0.121130 0.022564 0.000010 0.000010 0.468232 0.000010
0.362114 0.000010 0.000010 0.000010 0.000010 0.013353 0.103955 0.520528 0.000010
0.302379 0.117856 0.000010 0.185248 0.000010 0.000010 0.000010 0.394466 0.000010
0.289414 0.000010 0.051065 0.147435 0.000010 0.000010 0.000010 0.467458 0.044588
0.083861 0.117717 0.059325 0.080558 0.000010 0.044648 0.000011 0.613859 0.000010
0.360864 0.000010 0.000010 0.000010 0.156360 0.000010 0.015279 0.467448 0.000010
0.298517 0.053236 0.002404 0.239841 0.000010 0.000010 0.163753 0.242219 0.000010
0.369732 0.000010 0.095538 0.131185 0.027937 0.006413 0.050574 0.318601 0.000010
0.321686 0.000010 0.042601 0.205135 0.064977 0.037108 0.000010 0.328462 0.000010
0.301899 0.077980 0.151524 0.116694 0.073058 0.000010 0.000011 0.278814 0.000010
0.179454 0.055006 0.000010 0.117927 0.000010 0.000010 0.176100 0.333186 0.138298
0.316440 0.130249 0.004135 0.049806 0.012537 0.000010 0.000010 0.446983 0.039829
0.000011 0.000010 0.070806 0.161505 0.000010 0.078166 0.113746 0.291131 0.284615
0.236657 0.092161 0.045594 0.000010 0.000010 0.031316 0.117568 0.476675 0.000010
0.276326 0.029177 0.031694 0.112728 0.000010 0.011402 0.094196 0.240576 0.203891
0.337556 0.000010 0.016031 0.232137 0.141941 0.000010 0.031677 0.224259 0.016380
0.085091 0.115946 0.000010 0.170733 0.034364 0.000010 0.138668 0.455169 0.000010
0.268648 0.000010 0.038232 0.252051 0.010220 0.097584 0.000010 0.333235 0.000010
0.000011 0.000010 0.204043 0.000010 0.000010 0.000010 0.247980 0.543783 0.004143
0.032798 0.005892 0.000010 0.369326 0.000010 0.050139 0.137623 0.379110 0.025091
0.353660 0.092536 0.000010 0.014539 0.000010 0.000010 0.024296 0.514930 0.000010
0.253904 0.000010 0.000010 0.000010 0.000010 0.000010 0.322375 0.423661 0.000010
0.143107 0.000010 0.093799 0.062337 0.067925 0.085817 0.079708 0.467287 0.000010
0.466359 0.029801 0.000010 0.005011 0.001334 0.000010 0.043411 0.397022 0.057041
0.435744 0.000010 0.000010 0.000010 0.135782 0.000010 0.124793 0.303631 0.000010
0.149366 0.010089 0.000010 0.113972 0.193292 0.000010 0.150326 0.382925 0.000010
0.433008 0.070564 0.000010 0.000010 0.000010 0.034743 0.089447 0.355709 0.016499
0.345634 0.000010 0.042574 0.158376 0.042148 0.000010 0.000010 0.411228 0.000010
0.299982 0.141912 0.000130 0.000010 0.000010 0.000010 0.000010 0.516229 0.041706
0.625212 0.004552 0.000010 0.000010 0.000010 0.000010 0.000010 0.370176 0.000010
0.263003 0.000010 0.000010 0.085116 0.101516 0.000010 0.126282 0.424044 0.000010
0.341328 0.106705 0.086190 0.000010 0.036628 0.000010 0.000010 0.387700 0.041419
0.356778 0.000010 0.132285 0.000010 0.000010 0.000010 0.026816 0.466572 0.017509
0.053831 0.291094 0.325498 0.267075 0.062460 0.000010 0.000011 0.000010 0.000010
0.227966 0.000010 0.145625 0.062999 0.000010 0.000010 0.109160 0.417001 0.037218
0.107586 0.097348 0.337697 0.048349 0.000010 0.000010 0.065641 0.281162 0.062199
0.110925 0.084971 0.222153 0.000010 0.000010 0.000010 0.248823 0.333088 0.000010
0.176920 0.077883 0.207244 0.118929 0.000010 0.053786 0.184440 0.180776 0.000010
0.236310 0.157163 0.307950 0.047931 0.000010 0.000010 0.018384 0.135138 0.097103
0.074314 0.061130 0.035081 0.247495 0.178237 0.000010 0.141316 0.179544 0.082874
0.000010 0.134204 0.387143 0.047218 0.000010 0.068484 0.108307 0.254613 0.000010
0.156172 0.210578 0.158600 0.000010 0.091687 0.033631 0.159030 0.190282 0.000010
0.000010 0.126276 0.383399 0.168378 0.000010 0.000010 0.142234 0.078865 0.100819
0.068054 0.167830 0.393527 0.117463 0.000010 0.000010 0.187030 0.028618 0.037458
0.000012 0.000010 0.100443 0.121970 0.000010 0.039511 0.156769 0.581264 0.000010
0.022012 0.100510 0.124475 0.000010 0.000010 0.000010 0.310268 0.321055 0.121650
0.188212 0.001105 0.206371 0.174706 0.119297 0.000010 0.291975 0.006143 0.012180
0.093240 0.095959 0.367077 0.000010 0.000010 0.000010 0.141282 0.302402 0.000010
0.000010 0.016724 0.370404 0.149192 0.032485 0.000010 0.197558 0.181906 0.051710
0.026332 0.004115 0.479683 0.000010 0.121442 0.018598 0.185920 0.163890 0.000010
0.093952 0.061067 0.422056 0.000010 0.050213 0.013096 0.103566 0.256030 0.000010
0.000010 0.000010 0.457471 0.067210 0.061833 0.000010 0.141358 0.272088 0.000010
0.113456 0.102466 0.191369 0.310589 0.131817 0.000010 0.073121 0.077161 0.000010
0.177651 0.142404 0.579629 0.011148 0.000010 0.069120 0.000011 0.020016 0.000010
0.056135 0.087284 0.476102 0.018059 0.099611 0.000010 0.071796 0.114073 0.076929
0.106679 0.167061 0.000010 0.020998 0.102940 0.000010 0.052107 0.385684 0.164511
0.214187 0.000010 0.000010 0.000010 0.023950 0.031608 0.155487 0.540903 0.033835
0.206588 0.000010 0.125770 0.098936 0.068785 0.000010 0.000010 0.301171 0.198720
0.175432 0.051048 0.000010 0.170623 0.107470 0.006041 0.000010 0.455070 0.034296
0.506844 0.141294 0.000010 0.038244 0.028635 0.000010 0.000010 0.284943 0.000010
0.354188 0.000010 0.000010 0.000010 0.000010 0.000010 0.104773 0.444020 0.096968
0.466286 0.006507 0.093081 0.000012 0.009947 0.000010 0.000010 0.371944 0.052204
0.325350 0.070937 0.000010 0.000010 0.001747 0.031429 0.058886 0.375559 0.136072
0.027201 0.153954 0.037312 0.141292 0.120335 0.032457 0.050951 0.436487 0.000010
0.326581 0.000010 0.048588 0.000010 0.074994 0.000010 0.031372 0.473084 0.045352
0.000010 0.000010 0.019408 0.136162 0.000010 0.006814 0.237087 0.539893 0.060606
0.307185 0.000010 0.062303 0.063226 0.000010 0.015677 0.105436 0.429485 0.016667
0.165018 0.067880 0.000010 0.320330 0.000010 0.008802 0.120882 0.221425 0.095643
0.271102 0.024354 0.036813 0.073930 0.000010 0.000010 0.010085 0.437004 0.146692
0.165006 0.109192 0.031025 0.132917 0.028191 0.000010 0.081705 0.451943 0.000010
0.229768 0.000010 0.000010 0.079223 0.169422 0.045434 0.097989 0.330068 0.048076
0.277310 0.000010 0.000010 0.032125 0.000010 0.000010 0.134688 0.386939 0.168897
0.268637 0.000010 0.057003 0.000296 0.000010 0.000010 0.001427 0.619033 0.053574
0.543587 0.000010 0.011561 0.000010 0.000010 0.011551 0.000010 0.327990 0.105271
0.329289 0.000010 0.000010 0.086071 0.000010 0.000010 0.273924 0.310666 0.000010
0.209098 0.000010 0.054522 0.184987 0.000010 0.000010 0.181093 0.370260 0.000010
0.248019 0.000010 0.122019 0.049367 0.078576 0.072438 0.009995 0.260975 0.158603
0.125385 0.000010 0.025924 0.244281 0.000010 0.050327 0.068205 0.451027 0.034831
0.049971 0.000010 0.082912 0.000010 0.000010 0.045793 0.171362 0.633044 0.016888
0.223951 0.075720 0.022650 0.279132 0.086908 0.016319 0.080512 0.214798 0.000010
0.266159 0.096439 0.001501 0.000010 0.046883 0.000010 0.075912 0.368791 0.144295
0.000011 0.093811 0.231594 0.000010 0.000010 0.042070 0.139153 0.493331 0.000010
0.255199 0.000010 0.000010 0.000010 0.000010 0.003997 0.147869 0.592885 0.000010
0.000010 0.076511 0.061718 0.136058 0.000010 0.003484 0.000010 0.559517 0.162682
0.003258 0.103412 0.055531 0.113106 0.000010 0.066420 0.177709 0.480543 0.000010
0.311710 0.115013 0.000011 0.000010 0.000010 0.008137 0.066185 0.461210 0.037714
0.131183 0.000010 0.000010 0.000010 0.034237 0.040745 0.242733 0.483215 0.067857
0.342944 0.002584 0.000010 0.000010 0.000010 0.002048 0.169924 0.459958 0.022511
0.250011 0.000010 0.000010 0.192488 0.152686 0.014996 0.087790 0.301999 0.000010
0.130404 0.122154 0.124929 0.079959 0.000010 0.000010 0.109817 0.432707 0.000010
0.315786 0.000010 0.170246 0.183203 0.040648 0.021424 0.096705 0.171969 0.000010
0.123309 0.090716 0.000010 0.257296 0.188706 0.000010 0.063547 0.276396 0.000010
0.189471 0.000010 0.000010 0.000011 0.116918 0.000010 0.113753 0.579807 0.000010
0.077684 0.000010 0.331942 0.064378 0.000010 0.000010 0.058221 0.412591 0.055154
0.000010 0.000010 0.066073 0.256499 0.000010 0.016175 0.224811 0.436402 0.000010
0.107394 0.051671 0.009783 0.083941 0.027419 0.000010 0.311163 0.408609 0.000010
0.112983 0.079904 0.000010 0.175892 0.066924 0.111863 0.236192 0.216222 0.000010
0.104215 0.000010 0.000010 0.196661 0.000010 0.085582 0.143396 0.470107 0.000010
0.174711 0.067519 0.000010 0.217454 0.110615 0.044071 0.118738 0.223177 0.043706
0.139978 0.033394 0.065719 0.068593 0.035970 0.011376 0.063663 0.581297 0.000010
0.000010 0.016015 0.102594 0.237343 0.007980 0.000010 0.223704 0.412334 0.000010
0.118303 0.000010 0.091597 0.289236 0.065016 0.052997 0.220967 0.161863 0.000010
0.355251 0.083523 0.041911 0.000010 0.000010 0.000010 0.029973 0.455822 0.033490
0.139154 0.000010 0.110264 0.000010 0.130577 0.020630 0.087039 0.505700 0.006617
0.415380 0.099935 0.000010 0.065924 0.000010 0.068051 0.093497 0.257183 0.000010
0.366074 0.000723 0.029213 0.000010 0.000010 0.000010 0.163324 0.440627 0.000010
0.168572 0.030171 0.000010 0.000010 0.000010 0.000010 0.261624 0.539583 0.000010
0.377478 0.000010 0.000010 0.000010 0.032385 0.000010 0.050926 0.465182 0.073989
0.000010 0.023197 0.104348 0.219799 0.000010 0.051037 0.019342 0.582247 0.000010
0.332216 0.000903 0.000010 0.017149 0.000010 0.000010 0.199969 0.449723 0.000010
0.324259 0.128562 0.088244 0.000010 0.062211 0.016723 0.017511 0.335843 0.026637
0.261332 0.000010 0.000010 0.000010 0.000010 0.039071 0.143171 0.556376 0.000010
0.242893 0.066274 0.000010 0.162306 0.000540 0.000010 0.222881 0.305076 0.000010
0.083123 0.059130 0.000010 0.105414 0.002566 0.020594 0.208787 0.520367 0.000010
0.011107 0.130207 0.066574 0.185163 0.016545 0.049596 0.000010 0.536999 0.003798
0.150066 0.053571 0.160555 0.000010 0.097321 0.000010 0.000010 0.538448 0.000010
0.335993 0.000010 0.241690 0.080025 0.062886 0.000010 0.140251 0.139126 0.000010
0.321241 0.000010 0.000010 0.201310 0.000010 0.007057 0.054250 0.416101 0.000010
0.175710 0.000010 0.000010 0.174770 0.143391 0.000010 0.048379 0.457710 0.000010
0.093387 0.000010 0.026972 0.166005 0.000010 0.000010 0.119899 0.593697 0.000010
0.000010 0.000010 0.000010 0.255360 0.000010 0.000010 0.328766 0.415814 0.000010
0.259044 0.021033 0.000010 0.000010 0.088346 0.023821 0.133307 0.474420 0.000010
0.359624 0.000010 0.005034 0.000010 0.000010 0.108272 0.082001 0.445029 0.000010
0.134364 0.088162 0.044385 0.268544 0.000010 0.033493 0.005747 0.425284 0.000010
0.184889 0.004201 0.036265 0.050375 0.000010 0.057964 0.211505 0.454781 0.000010
0.150591 0.000010 0.026160 0.113551 0.000010 0.013886 0.269376 0.426406 0.000010
0.000010 0.071912 0.258913 0.012303 0.000010 0.000010 0.310125 0.346706 0.000010
0.024453 0.044937 0.050199 0.146124 0.065928 0.000010 0.194750 0.386010 0.087590
0.269540 0.043866 0.072867 0.102471 0.000010 0.163000 0.021319 0.326916 0.000010
0.270382 0.000010 0.226168 0.109807 0.030398 0.000010 0.000010 0.224890 0.138325
0.419305 0.000010 0.028120 0.023404 0.044316 0.006203 0.021579 0.430725 0.026339
0.410184 0.014184 0.000010 0.000010 0.000010 0.052800 0.172841 0.317369 0.032592
0.128374 0.000010 0.000010 0.108635 0.000010 0.000010 0.175014 0.587926 0.000010
0.215701 0.017843 0.000010 0.054363 0.040629 0.000010 0.146821 0.464663 0.059959
0.115333 0.084901 0.000010 0.082612 0.000010 0.000010 0.222771 0.483748 0.010605
0.176947 0.000010 0.000010 0.197695 0.138878 0.000010 0.126202 0.291775 0.068472
0.473499 0.092157 0.000010 0.000010 0.045480 0.000010 0.102974 0.285850 0.000010
0.126460 0.000010 0.000010 0.308676 0.136348 0.000010 0.129060 0.297407 0.002019
0.429437 0.008730 0.000010 0.111525 0.000010 0.000010 0.027185 0.423084 0.000010
0.287524 0.000010 0.130478 0.052737 0.054423 0.000010 0.165089 0.309719 0.000010
0.254513 0.075193 0.047771 0.000010 0.000010 0.025482 0.134558 0.462453 0.000010
0.110713 0.098608 0.000010 0.282139 0.004907 0.000010 0.053355 0.450249 0.000010
0.416645 0.051359 0.136381 0.000399 0.000010 0.000010 0.000010 0.395177 0.000010
0.052959 0.025705 0.000010 0.039170 0.040877 0.014814 0.333933 0.443409 0.049123
0.321255 0.212605 0.070452 0.000010 0.000010 0.000010 0.000010 0.388365 0.007283
0.509865 0.000010 0.000010 0.105497 0.000010 0.000010 0.045458 0.339130 0.000010
0.306682 0.095104 0.066613 0.000010 0.006981 0.063423 0.035354 0.425823 0.000010
0.232308 0.000010 0.141427 0.018820 0.000010 0.000010 0.106531 0.500874 0.000010
0.138945 0.065491 0.160475 0.234369 0.000010 0.000010 0.114491 0.286200 0.000010
0.250776 0.041396 0.000010 0.000010 0.032796 0.037550 0.149029 0.488423 0.000010
0.100979 0.191864 0.140800 0.090543 0.000010 0.000010 0.000010 0.354659 0.121125
0.000010 0.135476 0.143847 0.000010 0.000010 0.000010 0.234817 0.485811 0.000010
0.217899 0.010689 0.059906 0.048381 0.027383 0.032149 0.021093 0.506085 0.076414
0.236637 0.000010 0.074810 0.131965 0.158313 0.000010 0.015984 0.382260 0.000010
0.176373 0.000010 0.084203 0.145596 0.050119 0.010626 0.056158 0.474775 0.002139
0.264635 0.200265 0.000010 0.124948 0.008282 0.000010 0.000010 0.401830 0.000010
0.199890 0.000010 0.022850 0.193495 0.081504 0.000010 0.125908 0.376323 0.000010
0.016792 0.040611 0.216410 0.000010 0.000010 0.000010 0.285348 0.440799 0.000010
0.181705 0.000010 0.000010 0.000010 0.000010 0.000010 0.271697 0.532707 0.013840
0.000011 0.000010 0.100831 0.253779 0.113144 0.000010 0.218637 0.255926 0.057654
0.121969 0.000010 0.193926 0.034598 0.000010 0.045644 0.229921 0.373912 0.000010
0.000010 0.045579 0.094994 0.236198 0.037839 0.000010 0.200795 0.370833 0.013741
0.132579 0.151020 0.035319 0.169258 0.000010 0.069994 0.000010 0.416192 0.025619
0.000010 0.029267 0.371497 0.000010 0.120410 0.000010 0.074322 0.321877 0.082596
0.145911 0.056145 0.143916 0.000010 0.000010 0.000010 0.123086 0.530902 0.000010
0.156121 0.164253 0.000011 0.132225 0.000010 0.000010 0.180496 0.366863 0.000010
0.206837 0.038167 0.242718 0.063505 0.224710 0.000010 0.144687 0.047212 0.032154
0.114845 0.041620 0.306976 0.093799 0.000010 0.000010 0.056484 0.370262 0.015994
0.134071 0.187585 0.080891 0.084145 0.000010 0.000010 0.082480 0.411363 0.019446
0.077569 0.145296 0.152598 0.377215 0.118157 0.000010 0.000010 0.070658 0.058488
0.356969 0.000010 0.051105 0.112206 0.003695 0.000010 0.000010 0.475984 0.000010
0.301898 0.022057 0.145494 0.000010 0.109043 0.000010 0.000010 0.413270 0.008208
0.000010 0.000010 0.000010 0.000010 0.033295 0.372691 0.033135 0.000010 0.560829
0.005445 0.000010 0.000010 0.002077 0.000010 0.389139 0.000010 0.000010 0.603290
0.000010 0.000010 0.000010 0.000010 0.044736 0.417297 0.048562 0.000010 0.489355
0.094802 0.000010 0.000010 0.012765 0.000010 0.052657 0.000010 0.000010 0.839726
0.000010 0.000010 0.000010 0.000010 0.000010 0.384484 0.011362 0.000010 0.604094
0.000010 0.033222 0.017484 0.000010 0.000010 0.168931 0.000010 0.000010 0.780312
0.000010 0.000010 0.000010 0.021973 0.000010 0.471751 0.000010 0.003968 0.502258
0.000010 0.016168 0.000010 0.013710 0.000010 0.395211 0.000010 0.000010 0.574861
0.019415 0.042621 0.000010 0.037177 0.000010 0.402166 0.000010 0.000010 0.498580
0.000010 0.002279 0.000010 0.032702 0.000010 0.468617 0.009855 0.000010 0.486506
0.000010 0.000010 0.000010 0.053593 0.000010 0.276509 0.000010 0.032139 0.637709
0.000010 0.032609 0.000010 0.000010 0.000010 0.334801 0.000010 0.000010 0.632530
0.000010 0.000010 0.000010 0.031976 0.000010 0.471758 0.000010 0.000010 0.496206
0.000010 0.000010 0.000010 0.000010 0.000010 0.532643 0.000010 0.000010 0.467287
0.036904 0.025726 0.000010 0.000010 0.000010 0.284247 0.000010 0.000010 0.653073
0.000010 0.000010 0.000010 0.004127 0.000010 0.223627 0.028235 0.000010 0.743961
0.000010 0.000010 0.000010 0.000010 0.000010 0.454257 0.000010 0.000010 0.545673
0.000010 0.000010 0.000010 0.000010 0.000010 0.450527 0.000010 0.008524 0.540889
0.050479 0.000010 0.000010 0.000010 0.000010 0.216720 0.000010 0.000010 0.732741
0.000010 0.000010 0.000010 0.036600 0.000010 0.170894 0.003086 0.000010 0.789371
0.000010 0.000010 0.000010 0.000010 0.000010 0.420545 0.000010 0.000010 0.579385
0.000010 0.000010 0.000011 0.034518 0.000010 0.052679 0.046658 0.000010 0.866094
0.000010 0.000010 0.000010 0.034381 0.000010 0.419922 0.000010 0.013560 0.532087
0.000010 0.000010 0.000010 0.014599 0.000010 0.427519 0.000010 0.000010 0.557822
0.000010 0.000010 0.000010 0.009698 0.000010 0.223176 0.000010 0.000010 0.767065
0.000010 0.000010 0.000010 0.076285 0.000010 0.535927 0.000010 0.000010 0.387728
0.000010 0.000010 0.000010 0.000010 0.000010 0.448113 0.045521 0.000010 0.506306
0.005230 0.000010 0.000010 0.000010 0.000010 0.373897 0.000010 0.000010 0.620813
0.000010 0.000010 0.000010 0.032750 0.891854 0.006302 0.037020 0.000010 0.032034
0.586857 0.000010 0.000010 0.163026 0.000010 0.016092 0.062006 0.117707 0.054283
0.484859 0.022863 0.000010 0.117022 0.000010 0.000010 0.055683 0.288193 0.031350
0.575308 0.000010 0.000010 0.361204 0.006756 0.007204 0.049487 0.000010 0.000010
0.472203 0.012990 0.027568 0.106607 0.000010 0.004063 0.041376 0.335173 0.000010
0.449622 0.016169 0.000010 0.080787 0.000010 0.000010 0.140497 0.312884 0.000010
0.281936 0.042699 0.000010 0.462326 0.008014 0.000010 0.000010 0.204985 0.000010
0.563454 0.000010 0.070834 0.217387 0.000010 0.049697 0.000010 0.098588 0.000010
0.590671 0.000010 0.000010 0.256091 0.015051 0.000010 0.011136 0.127011 0.000010
0.492544 0.000010 0.000010 0.203776 0.050679 0.000010 0.019580 0.107289 0.126102
0.270947 0.000010 0.000010 0.462841 0.159075 0.085818 0.000010 0.005147 0.016142
0.505003 0.002349 0.000010 0.192290 0.009277 0.000010 0.000010 0.212544 0.078506
0.161670 0.000010 0.023624 0.426022 0.000010 0.010021 0.000010 0.378622 0.000010
0.485097 0.000010 0.000010 0.242029 0.000010 0.000010 0.007861 0.232916 0.032057
0.211165 0.000010 0.065342 0.437341 0.000010 0.000010 0.041209 0.114052 0.130860
0.346555 0.000010 0.000010 0.402823 0.054568 0.000010 0.000010 0.151792 0.044222
0.105848 0.104384 0.000010 0.272017 0.053417 0.022316 0.109562 0.308311 0.024134
0.302179 0.033728 0.111498 0.377994 0.000010 0.000010 0.016977 0.157594 0.000010
0.419312 0.000010 0.080415 0.359939 0.000010 0.000010 0.000010 0.029219 0.111075
0.685568 0.000010 0.001141 0.164233 0.023819 0.000010 0.000010 0.125200 0.000010
0.248803 0.103653 0.000010 0.309938 0.045080 0.000010 0.040066 0.230748 0.021693
0.299959 0.000010 0.000010 0.509182 0.024290 0.000010 0.093753 0.026612 0.046174
0.608803 0.000010 0.000010 0.373814 0.000010 0.000010 0.000012 0.017320 0.000010
0.215254 0.005474 0.143941 0.302120 0.000010 0.027219 0.000010 0.255190 0.050782
0.301694 0.000010 0.000010 0.484720 0.015811 0.000010 0.040746 0.088111 0.068888
0.242953 0.000010 0.000010 0.387957 0.066752 0.035306 0.042150 0.170724 0.054139
0.029256 0.036297 0.000010 0.305955 0.032542 0.081448 0.036080 0.314869 0.163543
0.406913 0.012224 0.000010 0.363617 0.000010 0.000010 0.078383 0.132986 0.005847
0.281273 0.000010 0.101062 0.280709 0.064931 0.000010 0.069534 0.136476 0.065995
0.163195 0.083071 0.000010 0.000010 0.753674 0.000010 0.000010 0.000010 0.000010
0.000010 0.046179 0.017274 0.000010 0.831603 0.000010 0.000010 0.056157 0.048747
0.118644 0.000010 0.000010 0.000010 0.881286 0.000010 0.000010 0.000010 0.000010
0.144975 0.000010 0.000010 0.000010 0.854955 0.000010 0.000010 0.000010 0.000010
0.000010 0.000013 0.000010 0.000010 0.844445 0.000010 0.062582 0.092910 0.000010
0.000010 0.043919 0.000010 0.109480 0.846541 0.000010 0.000010 0.000010 0.000010
0.000010 0.000010 0.000010 0.000010 0.999920 0.000010 0.000010 0.000010 0.000010
0.000010 0.000010 0.000010 0.028313 0.888075 0.083552 0.000010 0.000010 0.000010
0.109396 0.000457 0.000015 0.000010 0.890082 0.000010 0.000010 0.000010 0.000010
0.000010 0.000010 0.000010 0.000010 0.985752 0.000010 0.000010 0.014178 0.000010
0.000010 0.000010 0.000010 0.009210 0.931216 0.000010 0.053529 0.000010 0.005995
0.000010 0.000010 0.000010 0.018861 0.773067 0.026369 0.040643 0.141019 0.000010
0.000010 0.081607 0.000010 0.000010 0.918323 0.000010 0.000010 0.000010 0.000010
0.015401 0.033653 0.000010 0.000010 0.950885 0.000010 0.000010 0.000010 0.000010
0.000010 0.000010 0.000010 0.000010 0.903750 0.000010 0.000010 0.096180 0.000010
0.159224 0.000010 0.000010 0.000010 0.821678 0.000010 0.018992 0.000057 0.000010
0.079068 0.000010 0.000010 0.011093 0.909779 0.000010 0.000010 0.000010 0.000010
0.265511 0.062992 0.148908 0.057333 0.000010 0.000010 0.043771 0.337229 0.084236
0.541334 0.093543 0.020362 0.037774 0.015618 0.000010 0.032172 0.259176 0.000010
0.430573 0.058807 0.000010 0.065958 0.000010 0.000010 0.000010 0.367736 0.076885
0.370705 0.013787 0.000010 0.000010 0.000010 0.000011 0.000010 0.407120 0.208337
0.701326 0.000010 0.000010 0.000010 0.000010 0.022215 0.000010 0.276398 0.000010
0.559121 0.000011 0.040972 0.046376 0.009960 0.000010 0.000010 0.232553 0.110988
0.514846 0.000010 0.000010 0.095569 0.000010 0.000010 0.000010 0.361752 0.027782
0.424987 0.074408 0.181283 0.000010 0.035576 0.000010 0.030706 0.145213 0.107807
0.455536 0.000010 0.136438 0.063670 0.070139 0.035873 0.005976 0.191244 0.041116
0.624860 0.004924 0.029027 0.000011 0.000010 0.000010 0.000010 0.341138 0.000010
0.408823 0.000010 0.017277 0.140535 0.037653 0.000010 0.067959 0.327723 0.000010
0.154127 0.007280 0.116121 0.000010 0.056645 0.000010 0.000010 0.665788 0.000010
0.369847 0.078769 0.000010 0.000010 0.000010 0.000010 0.000010 0.544406 0.006928
0.538728 0.000010 0.000010 0.000010 0.030190 0.000010 0.000010 0.431021 0.000010
0.365961 0.000010 0.000010 0.042823 0.000010 0.099385 0.029540 0.462251 0.000010
0.556710 0.000010 0.024950 0.000010 0.096528 0.000010 0.000010 0.247825 0.073947
0.532079 0.036324 0.018543 0.000010 0.000010 0.000010 0.011403 0.311586 0.090035
0.585333 0.000010 0.000010 0.125346 0.000010 0.001131 0.013084 0.275067 0.000010
0.304553 0.000010 0.000010 0.164174 0.036804 0.079785 0.000010 0.110614 0.304040
0.520764 0.000010 0.000010 0.051747 0.046424 0.003540 0.000010 0.337618 0.039878
0.657744 0.000010 0.000010 0.000010 0.012455 0.021703 0.025132 0.282925 0.000010
0.675999 0.000010 0.073094 0.000010 0.000010 0.000010 0.000010 0.250848 0.000010
0.352119 0.000010 0.092020 0.286053 0.000010 0.013659 0.107753 0.139736 0.008640
0.680458 0.000010 0.053582 0.000010 0.000010 0.000010 0.000010 0.182230 0.083681
0.491857 0.000010 0.000010 0.063032 0.053871 0.036122 0.029714 0.312485 0.012899
0.570586 0.000010 0.000010 0.034933 0.154230 0.000010 0.000010 0.191887 0.048325
0.628694 0.000010 0.066748 0.000010 0.047397 0.000010 0.000010 0.244129 0.012992
0.310675 0.000010 0.000010 0.190102 0.000010 0.003982 0.013784 0.445913 0.035515
0.473841 0.000010 0.000010 0.000010 0.001601 0.000010 0.000010 0.401528 0.122979
0.373258 0.000010 0.000010 0.201649 0.000010 0.001894 0.049033 0.374126 0.000010
0.509101 0.000010 0.000010 0.053469 0.000010 0.000014 0.000010 0.437366 0.000010
0.423797 0.000010 0.006328 0.149860 0.183295 0.000010 0.010530 0.226160 0.000010
0.792589 0.032636 0.000010 0.000010 0.000010 0.000010 0.000010 0.174714 0.000010
0.522526 0.113812 0.000010 0.112931 0.000010 0.000010 0.000010 0.250680 0.000010
0.739322 0.022116 0.092456 0.082592 0.000010 0.003830 0.000010 0.043381 0.016284
0.657610 0.000010 0.000010 0.183651 0.001057 0.000010 0.000010 0.157632 0.000010
0.554857 0.000010 0.008383 0.000010 0.000010 0.017662 0.000010 0.419047 0.000010
0.289451 0.000012 0.000010 0.206366 0.000010 0.025782 0.094438 0.324417 0.059514
0.550786 0.048173 0.089163 0.042929 0.016581 0.000010 0.000010 0.252338 0.000010
0.655388 0.005964 0.000010 0.106464 0.025135 0.003202 0.000952 0.145276 0.057608
0.364355 0.040019 0.000010 0.000010 0.019121 0.001642 0.000010 0.505526 0.069306
0.495855 0.137501 0.000010 0.043127 0.100937 0.000010 0.000010 0.185906 0.036644
0.527595 0.000010 0.052046 0.126950 0.000010 0.000010 0.000010 0.293359 0.000010
0.618969 0.000010 0.000012 0.018407 0.022165 0.006549 0.000010 0.141153 0.192725
0.677117 0.019000 0.000010 0.000010 0.027925 0.000010 0.000010 0.190602 0.085316
0.420777 0.000010 0.062034 0.041642 0.022182 0.063590 0.027452 0.276975 0.085338
0.415150 0.034323 0.000010 0.079394 0.040940 0.153952 0.000010 0.133799 0.142422
0.457770 0.035250 0.000010 0.152689 0.000010 0.000010 0.027171 0.196811 0.130279
0.445172 0.000010 0.000010 0.050031 0.071705 0.126507 0.017020 0.289535 0.000010
0.490433 0.000010 0.000010 0.000010 0.000010 0.000010 0.000010 0.486998 0.022509
0.527941 0.000010 0.000010 0.083473 0.000010 0.000010 0.039771 0.335106 0.013669
0.563379 0.000010 0.020965 0.000010 0.000010 0.000010 0.126305 0.174622 0.114690
0.518750 0.000010 0.000010 0.000010 0.000010 0.000010 0.000010 0.427137 0.054052
0.635115 0.087329 0.000010 0.000010 0.000010 0.000010 0.017658 0.222254 0.037604
0.343355 0.000010 0.000010 0.000010 0.103415 0.095488 0.142345 0.068039 0.247329
0.133918 0.000010 0.132304 0.043546 0.000010 0.204110 0.000010 0.123467 0.362625
0.519670 0.132361 0.000010 0.000010 0.141849 0.000010 0.023271 0.182809 0.000010
0.557845 0.000010 0.000010 0.000010 0.020101 0.000010 0.000010 0.421994 0.000010
0.539061 0.000010 0.087155 0.055187 0.000010 0.000010 0.000010 0.107915 0.210642
0.435571 0.069363 0.013484 0.115907 0.000010 0.000010 0.000010 0.264281 0.101364
0.550882 0.000010 0.000010 0.003364 0.017728 0.009362 0.000010 0.418624 0.000010
0.572657 0.000010 0.000010 0.000010 0.099050 0.077621 0.000010 0.203833 0.046797
0.677243 0.000010 0.002927 0.148706 0.000010 0.000010 0.068692 0.102392 0.000010
0.332517 0.000010 0.006958 0.000012 0.000010 0.000011 0.000010 0.327040 0.333432
0.485210 0.000010 0.059672 0.123048 0.011913 0.000010 0.000010 0.309434 0.010693
0.627670 0.000010 0.000010 0.082432 0.000010 0.074062 0.050661 0.157335 0.007809
0.312327 0.032423 0.045031 0.018113 0.017233 0.094154 0.129749 0.238718 0.112253
0.481830 0.000010 0.000010 0.049393 0.177447 0.000010 0.171225 0.000010 0.120065
0.259261 0.000010 0.000010 0.339854 0.038315 0.014018 0.000010 0.306517 0.042006
0.538998 0.000010 0.101422 0.164703 0.000010 0.008655 0.000010 0.082108 0.104084
0.322086 0.000010 0.000010 0.000010 0.000010 0.000010 0.000010 0.492718 0.185136
0.422899 0.068447 0.000010 0.000010 0.000010 0.000010 0.000010 0.072756 0.435848
0.526086 0.020653 0.000010 0.000010 0.000010 0.000010 0.046502 0.160945 0.245775
0.412755 0.000010 0.000010 0.027615 0.035127 0.002005 0.035272 0.184007 0.303199
0.489486 0.000010 0.064840 0.122002 0.000010 0.000010 0.000010 0.270029 0.053603
0.495669 0.000010 0.036045 0.023913 0.019522 0.102517 0.141615 0.064215 0.116494
0.560773 0.000011 0.065401 0.000010 0.000010 0.035282 0.000010 0.338493 0.000010
0.238126 0.000010 0.022757 0.000010 0.008061 0.027124 0.087421 0.466049 0.150442
0.194791 0.000010 0.138745 0.066497 0.118874 0.053181 0.043349 0.219217 0.165335
0.470860 0.137347 0.000010 0.000010 0.120557 0.042821 0.000010 0.000010 0.228374
0.549002 0.000010 0.000010 0.000010 0.000010 0.053616 0.071067 0.177310 0.148965
0.578723 0.000010 0.000010 0.018640 0.050959 0.000010 0.019646 0.331992 0.000010
0.514327 0.000010 0.000169 0.003037 0.008169 0.000010 0.013468 0.460801 0.000010
0.407180 0.000010 0.000010 0.178496 0.156179 0.000010 0.037950 0.220155 0.000010
0.646769 0.000010 0.115803 0.000010 0.023056 0.037762 0.000010 0.171174 0.005406
0.542364 0.000010 0.050161 0.034505 0.000010 0.000010 0.105865 0.267065 0.000010
0.273074 0.012959 0.000010 0.099937 0.010579 0.000010 0.089651 0.422367 0.091413
0.000010 0.000010 0.000010 0.000010 0.675752 0.032719 0.139336 0.144993 0.007160
0.057997 0.000010 0.000010 0.000010 0.789058 0.007885 0.145009 0.000010 0.000010
0.000010 0.000010 0.039384 0.000015 0.854128 0.000010 0.080998 0.000010 0.025435
0.000010 0.059912 0.109453 0.011384 0.731464 0.000010 0.087748 0.000010 0.000010
0.000010 0.006787 0.000010 0.000010 0.892032 0.032160 0.068970 0.000010 0.000010
0.000010 0.083478 0.050408 0.077591 0.640308 0.000010 0.148175 0.000010 0.000010
0.009695 0.001631 0.146157 0.000010 0.592767 0.034215 0.215505 0.000010 0.000010
0.618680 0.000010 0.000010 0.205746 0.000010 0.000010 0.000010 0.137111 0.038414
0.504726 0.064106 0.000011 0.201382 0.096547 0.000010 0.015201 0.076713 0.041304
0.444450 0.000011 0.000010 0.194248 0.000012 0.087202 0.097936 0.176120 0.000010
0.679329 0.001610 0.000010 0.264526 0.000010 0.000010 0.000010 0.054486 0.000010
0.633991 0.000010 0.000010 0.193634 0.006402 0.000010 0.012658 0.153275 0.000010
0.654141 0.000010 0.000010 0.265277 0.077835 0.000010 0.000010 0.000010 0.002698
0.365112 0.000010 0.000010 0.281160 0.118279 0.000010 0.117793 0.062074 0.055552
0.419881 0.000010 0.000010 0.280854 0.013595 0.000412 0.000010 0.285218 0.000010
0.583982 0.000010 0.000010 0.204376 0.085912 0.021248 0.000011 0.104442 0.000010
0.569605 0.000010 0.024532 0.109220 0.112836 0.003766 0.024628 0.050523 0.104880
0.539900 0.000010 0.006463 0.142379 0.034291 0.000010 0.025773 0.191273 0.059902
0.567773 0.017380 0.000010 0.101797 0.000010 0.007403 0.115504 0.136365 0.053758
0.626775 0.000010 0.000010 0.156572 0.000010 0.000010 0.114614 0.101989 0.000010
0.236911 0.030213 0.000010 0.135087 0.000010 0.040875 0.000010 0.475134 0.081751
0.386431 0.206515 0.014179 0.091204 0.000010 0.000010 0.011808 0.289833 0.000010
0.352038 0.000010 0.000010 0.000010 0.005461 0.000011 0.000010 0.185442 0.457008
0.585102 0.048574 0.000010 0.016118 0.000010 0.046542 0.069488 0.234147 0.000010
0.464707 0.126009 0.073382 0.000010 0.000010 0.000010 0.000010 0.276139 0.059723
0.264194 0.116740 0.000010 0.072421 0.114840 0.000010 0.000010 0.362896 0.068880
0.636346 0.000010 0.000010 0.000010 0.000010 0.052011 0.000010 0.126430 0.185164
0.487153 0.000010 0.051103 0.002070 0.012797 0.058048 0.033853 0.270317 0.084650
0.403550 0.000010 0.000010 0.171252 0.000011 0.005529 0.000011 0.419617 0.000010
0.386631 0.000010 0.045290 0.278259 0.075341 0.000010 0.026728 0.187720 0.000010
0.536534 0.000010 0.000010 0.048454 0.076673 0.000010 0.000010 0.338289 0.000010
0.300354 0.170745 0.000010 0.117009 0.044097 0.000010 0.000010 0.227887 0.139877
0.322046 0.019101 0.000010 0.012363 0.000010 0.000010 0.019965 0.217828 0.408668
0.403953 0.000010 0.000010 0.032519 0.000010 0.097736 0.000010 0.138079 0.327674
0.527574 0.000010 0.046878 0.000010 0.029132 0.000010 0.098801 0.297575 0.000010
0.687157 0.000010 0.044963 0.000010 0.042440 0.000010 0.000010 0.223587 0.001813
0.635806 0.044122 0.016636 0.098222 0.110156 0.000010 0.063438 0.031600 0.000010
0.689716 0.036421 0.000010 0.000010 0.035066 0.053369 0.022767 0.162631 0.000010
0.548474 0.102337 0.031600 0.000010 0.004265 0.000010 0.000010 0.247515 0.065779
0.434788 0.000010 0.000010 0.132217 0.000010 0.038740 0.006109 0.183643 0.204473
0.764179 0.052393 0.032405 0.000010 0.000010 0.039966 0.000010 0.111017 0.000010
0.568029 0.049130 0.000010 0.124672 0.002866 0.068886 0.054331 0.080228 0.051848
0.000010 0.866631 0.000010 0.000010 0.133299 0.000010 0.000010 0.000010 0.000010
0.000010 0.940152 0.053556 0.000010 0.000010 0.000010 0.000010 0.006232 0.000010
0.000010 0.931403 0.010217 0.000010 0.000010 0.000010 0.000010 0.058320 0.000010
0.000010 0.854485 0.054295 0.000010 0.000010 0.000010 0.000010 0.091159 0.000010
0.000010 0.063226 0.530554 0.000010 0.080906 0.009477 0.315797 0.000010 0.000010
0.037483 0.024665 0.498711 0.000010 0.000010 0.000010 0.333758 0.105342 0.000010
0.000010 0.000010 0.484283 0.065558 0.059760 0.000010 0.346650 0.000010 0.043709
0.005877 0.000010 0.678999 0.000010 0.013335 0.000010 0.145687 0.075348 0.080724
0.093352 0.020428 0.431035 0.044167 0.081387 0.000010 0.214655 0.114956 0.000010
0.009941 0.000010 0.559647 0.000010 0.002555 0.070165 0.357651 0.000010 0.000010
0.000010 0.170787 0.568894 0.000010 0.000010 0.000010 0.218002 0.042267 0.000010
0.000010 0.000010 0.785066 0.000010 0.000010 0.000010 0.214864 0.000010 0.000010
0.014970 0.000010 0.256255 0.018962 0.160807 0.000010 0.396585 0.108783 0.043619
0.000010 0.000488 0.685086 0.000010 0.000010 0.000010 0.311708 0.000010 0.002668
0.285791 0.085769 0.000010 0.195586 0.088484 0.013104 0.000010 0.331236 0.000010
0.406244 0.000010 0.042608 0.053950 0.057650 0.050566 0.000010 0.388952 0.000010
0.533653 0.000010 0.000010 0.029318 0.000010 0.051530 0.045664 0.243054 0.096751
0.620122 0.000010 0.000010 0.000010 0.000010 0.125776 0.041032 0.189250 0.023779
0.574019 0.000010 0.043415 0.065548 0.056033 0.103649 0.059384 0.097934 0.000010
0.291994 0.000010 0.022354 0.000010 0.000010 0.023997 0.000010 0.466393 0.195221
0.567860 0.000010 0.000010 0.000010 0.000010 0.054124 0.004468 0.302741 0.070767
0.602173 0.032049 0.000010 0.065411 0.094105 0.057487 0.000010 0.088321 0.060435
0.542494 0.000010 0.000010 0.000010 0.100961 0.053429 0.000010 0.303066 0.000010
0.750072 0.000010 0.000010 0.000010 0.000010 0.096722 0.037247 0.115909 0.000010
0.602245 0.000010 0.000010 0.135691 0.040588 0.000010 0.044587 0.120595 0.056264
0.483038 0.000010 0.036884 0.000010 0.000010 0.000010 0.204517 0.275510 0.000010
0.460620 0.000010 0.052785 0.003658 0.002699 0.138672 0.000010 0.166683 0.174864
0.663037 0.000010 0.023596 0.157232 0.000010 0.000010 0.005418 0.150677 0.000010
0.472387 0.000010 0.000010 0.223516 0.000010 0.005657 0.000010 0.228945 0.069455
0.512050 0.000010 0.000010 0.000010 0.013445 0.000010 0.000010 0.334728 0.139728
0.208427 0.000010 0.006023 0.326115 0.010097 0.012667 0.000010 0.424920 0.011732
0.340899 0.000010 0.000010 0.288728 0.153391 0.000010 0.000010 0.106541 0.110400
0.516637 0.000010 0.000010 0.000010 0.053785 0.076610 0.000010 0.347345 0.005583
0.454639 0.025089 0.000010 0.015398 0.000010 0.000010 0.082115 0.281919 0.140810
0.540268 0.000010 0.026631 0.123450 0.007938 0.024499 0.030818 0.153032 0.093352
0.039282 0.021329 0.654067 0.000010 0.044087 0.000010 0.241195 0.000010 0.000010
0.000010 0.000010 0.771157 0.000010 0.000010 0.000010 0.212059 0.000010 0.016724
0.000010 0.127282 0.557520 0.000010 0.000010 0.000010 0.232837 0.053012 0.029309
0.000010 0.025347 0.630659 0.000010 0.006015 0.015994 0.321945 0.000010 0.000010
0.000010 0.080119 0.510854 0.000010 0.011526 0.000010 0.383760 0.000010 0.013701
0.000010 0.046054 0.855868 0.027900 0.000010 0.000010 0.062732 0.007406 0.000010
0.000010 0.000010 0.839743 0.000010 0.000010 0.000010 0.129094 0.000010 0.031103
0.000010 0.044902 0.579002 0.000010 0.003982 0.010273 0.227442 0.134370 0.000010
0.000010 0.000010 0.749081 0.000010 0.000010 0.000010 0.250849 0.000010 0.000010
0.000014 0.009288 0.601955 0.000010 0.000010 0.000010 0.357580 0.031123 0.000010
0.000010 0.053656 0.539530 0.000010 0.000010 0.000010 0.375998 0.030767 0.000010
0.017965 0.000010 0.550195 0.000010 0.000010 0.023339 0.391414 0.000010 0.017048
0.000010 0.000010 0.681966 0.000010 0.000010 0.000010 0.317964 0.000010 0.000010
0.000010 0.097648 0.640303 0.000010 0.000010 0.000010 0.261990 0.000010 0.000010
0.000010 0.020301 0.558773 0.075424 0.022758 0.000010 0.322705 0.000010 0.000010
0.000010 0.170865 0.535325 0.000010 0.000010 0.004358 0.239950 0.047711 0.001762
0.006977 0.015536 0.607595 0.029421 0.000010 0.000010 0.340431 0.000010 0.000010
0.000010 0.115523 0.630439 0.000010 0.031557 0.000010 0.222430 0.000010 0.000010
0.000010 0.000010 0.808201 0.000010 0.000010 0.000010 0.191729 0.000010 0.000010
0.000010 0.000010 0.759458 0.000010 0.000010 0.000010 0.240472 0.000010 0.000010
0.000010 0.000010 0.839721 0.000010 0.057510 0.000010 0.102710 0.000010 0.000010
0.003000 0.034701 0.669324 0.000010 0.000010 0.000010 0.249771 0.043164 0.000010
0.000010 0.006470 0.586363 0.074375 0.064943 0.000010 0.265635 0.000010 0.002183
0.000010 0.000010 0.763027 0.000010 0.000010 0.000010 0.236903 0.000010 0.000010
0.013349 0.138237 0.752946 0.063079 0.000010 0.000010 0.032349 0.000010 0.000010
0.000010 0.000010 0.661669 0.000010 0.000010 0.000010 0.338261 0.000010 0.000010
0.000010 0.087995 0.535166 0.000010 0.000010 0.000010 0.357423 0.019366 0.000010
0.050354 0.000010 0.762168 0.000010 0.000010 0.038778 0.136723 0.000010 0.011938
0.016043 0.000010 0.533023 0.000010 0.000010 0.000010 0.450874 0.000010 0.000010
0.021453 0.000010 0.660827 0.029542 0.000010 0.000010 0.260719 0.027419 0.000010
0.000010 0.036276 0.780911 0.000010 0.020472 0.000010 0.093995 0.068306 0.000010
0.000010 0.180131 0.615092 0.000010 0.000010 0.000010 0.204717 0.000010 0.000010
0.000010 0.000010 0.731188 0.000010 0.039397 0.000010 0.229354 0.000010 0.000010
0.000010 0.000010 0.755743 0.000010 0.000010 0.000010 0.244187 0.000010 0.000010
0.000010 0.011587 0.499106 0.000010 0.005633 0.000010 0.374229 0.109405 0.000010
0.000010 0.000010 0.668313 0.000010 0.000010 0.031452 0.300175 0.000010 0.000010
0.014336 0.000988 0.822695 0.000010 0.000010 0.000010 0.161932 0.000010 0.000010
0.000010 0.000010 0.544745 0.063330 0.053850 0.000010 0.267446 0.070589 0.000010
0.000010 0.000010 0.650410 0.000010 0.000010 0.000010 0.349520 0.000010 0.000010
0.059291 0.000010 0.075007 0.000010 0.814441 0.000010 0.051210 0.000010 0.000010
0.000010 0.035464 0.021819 0.000010 0.830411 0.000010 0.112256 0.000010 0.000010
0.000010 0.033024 0.702806 0.000010 0.048084 0.006602 0.132018 0.051954 0.025491
0.000010 0.000010 0.830747 0.000010 0.000010 0.000010 0.169183 0.000010 0.000010
0.282943 0.000010 0.107985 0.374065 0.138843 0.032143 0.020480 0.000010 0.043522
0.441597 0.000010 0.036514 0.156468 0.000010 0.000010 0.094048 0.223713 0.047630
0.348651 0.000010 0.097757 0.279709 0.059568 0.000010 0.068599 0.145686 0.000010
0.570378 0.000010 0.000010 0.281508 0.066775 0.000010 0.000010 0.081290 0.000010
0.439223 0.000010 0.077989 0.325467 0.000010 0.000010 0.094419 0.000010 0.062863
0.408630 0.000010 0.000010 0.434700 0.032669 0.000010 0.000010 0.123951 0.000010
0.674940 0.000010 0.062452 0.205955 0.056603 0.000010 0.000010 0.000010 0.000010
0.515332 0.000010 0.000010 0.119117 0.000010 0.019056 0.336337 0.010118 0.000010
0.169179 0.000010 0.076863 0.470386 0.053929 0.000010 0.000010 0.105325 0.124288
0.468084 0.000010 0.000010 0.334876 0.000010 0.000010 0.093769 0.103221 0.000010
0.365828 0.136116 0.030570 0.183329 0.000010 0.000010 0.130771 0.121548 0.031818
0.270173 0.000010 0.044320 0.375261 0.025632 0.024805 0.060854 0.121329 0.077616
0.467482 0.137911 0.000010 0.000010 0.270233 0.000010 0.000010 0.097516 0.026818
0.000010 0.000010 0.861651 0.000010 0.000010 0.000010 0.138279 0.000010 0.000010
0.000010 0.000010 0.800574 0.000010 0.075116 0.000010 0.124250 0.000010 0.000010
0.000010 0.056603 0.716145 0.056569 0.000987 0.000010 0.169657 0.000010 0.000010
0.023678 0.000010 0.625449 0.000010 0.050922 0.000010 0.299901 0.000010 0.000010
0.036111 0.016162 0.635607 0.000010 0.000010 0.000010 0.312070 0.000010 0.000010
0.000010 0.000010 0.706650 0.000010 0.000010 0.010323 0.274776 0.007236 0.000975
0.000010 0.082051 0.479520 0.000010 0.197516 0.000010 0.240863 0.000010 0.000010
0.000010 0.068459 0.512496 0.000011 0.000010 0.000010 0.379318 0.000010 0.039677
0.000010 0.002737 0.618292 0.000010 0.000010 0.000010 0.377736 0.000010 0.001185
0.000010 0.134531 0.371133 0.000010 0.000010 0.000010 0.429648 0.064638 0.000010
0.000010 0.033689 0.611399 0.000010 0.000010 0.000010 0.354852 0.000010 0.000010
0.010655 0.021538 0.540312 0.000010 0.000010 0.048530 0.378925 0.000010 0.000010
