0.208632 0.000010 0.145046 0.210785 0.001298 0.039701 0.021785 0.372733 0.000010
0.320693 0.000010 0.000010 0.077236 0.073277 0.000010 0.041500 0.487255 0.000010
0.213704 0.000010 0.000010 0.079758 0.002045 0.061716 0.127939 0.511509 0.003308
0.314997 0.117422 0.000010 0.118286 0.046915 0.000010 0.000010 0.402339 0.000010
0.445780 0.071104 0.000010 0.000010 0.000010 0.000010 0.055472 0.374765 0.052839
0.341541 0.000010 0.000010 0.000010 0.000010 0.000010 0.116023 0.524301 0.018085
0.492441 0.000010 0.024092 0.047073 0.078365 0.000010 0.000010 0.357988 0.000010
0.271039 0.047900 0.055654 0.000010 0.239912 0.000010 0.000010 0.318408 0.067056
0.345470 0.107242 0.049797 0.000010 0.000010 0.000010 0.000010 0.464511 0.032940
0.281048 0.000010 0.000010 0.074486 0.000010 0.001523 0.148974 0.493930 0.000010
0.298226 0.000010 0.138744 0.000010 0.031510 0.000010 0.000010 0.484048 0.047432
0.269056 0.161402 0.016385 0.010376 0.000010 0.016532 0.000010 0.526219 0.000010
0.094050 0.000010 0.000010 0.159538 0.000010 0.106140 0.059545 0.448526 0.132172
0.258830 0.000010 0.117391 0.000010 0.000298 0.000010 0.109732 0.345361 0.168358
0.377624 0.198208 0.000010 0.000010 0.000010 0.014089 0.000010 0.386606 0.023434
0.394979 0.170511 0.000010 0.000010 0.034666 0.000010 0.125953 0.273851 0.000010
0.300358 0.138362 0.020754 0.000010 0.003734 0.000010 0.070186 0.454858 0.011729
0.230487 0.000010 0.278786 0.104277 0.017486 0.000010 0.000010 0.327841 0.041093
0.000010 0.000337 0.136976 0.149244 0.000010 0.041898 0.100336 0.571179 0.000010
0.380894 0.092550 0.000010 0.000010 0.000010 0.028472 0.032019 0.466025 0.000010
0.318939 0.094195 0.000010 0.000010 0.065751 0.000010 0.083030 0.438045 0.000010
0.250601 0.103901 0.000010 0.000010 0.000010 0.062728 0.000010 0.582720 0.000010
0.397179 0.009180 0.000010 0.000010 0.020873 0.004798 0.066375 0.493410 0.008165
0.293294 0.000010 0.000010 0.194402 0.000010 0.049022 0.176877 0.286366 0.000010
0.348729 0.134891 0.000010 0.000010 0.000010 0.031809 0.148759 0.335771 0.000010
0.297881 0.095210 0.000010 0.057665 0.000010 0.019004 0.080373 0.363796 0.086051
0.265949 0.000010 0.050216 0.000010 0.000010 0.000010 0.050726 0.633059 0.000010
0.166375 0.000010 0.117557 0.123430 0.033763 0.047330 0.000010 0.511515 0.000010
0.262257 0.057657 0.000010 0.000010 0.011013 0.030664 0.000010 0.593467 0.044911
0.082833 0.099719 0.000010 0.000010 0.000010 0.000010 0.150300 0.493993 0.173115
0.386905 0.000010 0.000010 0.135878 0.000010 0.000010 0.000010 0.477157 0.000010
0.459146 0.198779 0.274816 0.000010 0.000010 0.000010 0.000010 0.067208 0.000010
0.229883 0.000010 0.000010 0.177618 0.000010 0.000010 0.115786 0.476663 0.000010
0.341112 0.000010 0.039878 0.000010 0.000010 0.014018 0.070096 0.468826 0.066041
0.202542 0.105049 0.006806 0.000010 0.007359 0.000010 0.151305 0.526908 0.000010
0.448151 0.071563 0.043710 0.055150 0.000010 0.000010 0.047942 0.333453 0.000010
0.264386 0.000010 0.038284 0.174761 0.010108 0.000010 0.033113 0.479318 0.000010
0.259142 0.000010 0.000010 0.125012 0.060096 0.048715 0.039875 0.467131 0.000010
0.395396 0.059547 0.000010 0.086018 0.036600 0.000010 0.025974 0.396436 0.000010
0.408396 0.000010 0.000010 0.000010 0.014131 0.052623 0.000010 0.433733 0.091078
0.442967 0.110468 0.000010 0.000010 0.000010 0.039125 0.101287 0.306113 0.000010
0.348305 0.194755 0.000010 0.141641 0.000010 0.017341 0.000010 0.279153 0.018774
0.195249 0.027888 0.000010 0.151290 0.018985 0.000010 0.222318 0.384240 0.000010
0.238387 0.000010 0.000010 0.000010 0.070841 0.048085 0.094940 0.547707 0.000010
0.272519 0.000010 0.000010 0.000010 0.000010 0.000010 0.128221 0.599200 0.000010
0.452614 0.136587 0.000010 0.000548 0.000010 0.021837 0.095151 0.293233 0.000010
0.344879 0.000010 0.052333 0.143302 0.000010 0.000010 0.000010 0.459436 0.000010
0.245270 0.007645 0.217560 0.000010 0.000010 0.000010 0.009075 0.503179 0.017242
0.236132 0.000010 0.208239 0.223995 0.000010 0.000010 0.066724 0.264870 0.000010
0.046316 0.027958 0.433530 0.044474 0.027858 0.000010 0.203674 0.151143 0.065036
0.104222 0.000010 0.344232 0.037743 0.000010 0.014204 0.214217 0.285352 0.000010
0.334947 0.084866 0.303716 0.000010 0.000010 0.000010 0.025028 0.228672 0.022740
0.065060 0.020746 0.579235 0.061767 0.000010 0.012287 0.061831 0.199053 0.000010
0.205214 0.000010 0.371439 0.000010 0.000010 0.000010 0.042935 0.380362 0.000010
0.006778 0.000010 0.313273 0.126976 0.000010 0.000010 0.358577 0.194355 0.000010
0.240310 0.000010 0.371134 0.054111 0.000010 0.000646 0.059038 0.274731 0.000010
0.095366 0.000010 0.291639 0.094589 0.044504 0.000010 0.326608 0.147264 0.000010
0.338043 0.002267 0.155889 0.074330 0.004440 0.000010 0.000010 0.425001 0.000010
0.000010 0.053773 0.608414 0.096818 0.056688 0.000010 0.038794 0.145483 0.000010
0.168190 0.115098 0.483352 0.001638 0.061418 0.000010 0.000010 0.170273 0.000010
0.020912 0.141683 0.371966 0.098494 0.035812 0.000010 0.057876 0.102159 0.171088
0.024277 0.000010 0.287752 0.132771 0.052731 0.068964 0.195518 0.228523 0.009455
0.352703 0.079217 0.182165 0.084635 0.000010 0.025968 0.150670 0.124623 0.000010
0.230130 0.182571 0.245194 0.129764 0.000010 0.043782 0.021216 0.147323 0.000010
0.000010 0.049497 0.497703 0.204470 0.000010 0.026177 0.000010 0.222113 0.000010
0.003259 0.082593 0.310386 0.000010 0.000010 0.000010 0.276767 0.326957 0.000010
0.072887 0.070779 0.189266 0.087597 0.000010 0.060880 0.236599 0.281973 0.000010
0.041705 0.185544 0.278304 0.203197 0.023515 0.000010 0.124556 0.120095 0.023074
0.052201 0.000010 0.317987 0.091052 0.000010 0.110128 0.153676 0.274926 0.000010
0.090997 0.052158 0.461239 0.019506 0.000010 0.000010 0.050023 0.255181 0.070875
0.256071 0.026204 0.000010 0.000010 0.000010 0.000010 0.127051 0.305641 0.284993
0.417144 0.089980 0.000010 0.062730 0.000010 0.000010 0.000010 0.366395 0.063711
0.254861 0.000010 0.106769 0.083546 0.117673 0.000010 0.000010 0.437111 0.000010
0.130747 0.114170 0.000010 0.115169 0.041331 0.014262 0.112195 0.320566 0.151550
0.226823 0.118036 0.000010 0.156558 0.000010 0.024349 0.087528 0.347458 0.039227
0.352280 0.020655 0.083219 0.098364 0.040717 0.000010 0.000010 0.354872 0.049874
0.504466 0.000010 0.020908 0.071281 0.000010 0.140265 0.000010 0.263041 0.000010
0.306797 0.000010 0.099140 0.117297 0.000010 0.000010 0.006322 0.470404 0.000010
0.394687 0.000010 0.000010 0.027673 0.000010 0.029053 0.100469 0.448078 0.000010
0.326182 0.020173 0.045581 0.000010 0.000010 0.022225 0.232332 0.233889 0.119597
0.214056 0.000010 0.000010 0.243469 0.000010 0.000010 0.033302 0.409104 0.100029
0.393465 0.089729 0.067709 0.000519 0.000010 0.000010 0.019469 0.411586 0.017505
0.343322 0.181488 0.000010 0.000010 0.000010 0.000010 0.057261 0.370929 0.046960
0.253120 0.122013 0.029015 0.180124 0.000010 0.000010 0.000010 0.313741 0.101957
0.252401 0.000010 0.082055 0.015807 0.000253 0.000010 0.098123 0.402489 0.148852
0.227917 0.099770 0.079205 0.044117 0.000010 0.036968 0.100340 0.411663 0.000010
0.350927 0.000010 0.226704 0.079550 0.000010 0.006524 0.000010 0.243197 0.093068
0.424650 0.089266 0.000010 0.009980 0.000010 0.000010 0.042402 0.433662 0.000010
0.608953 0.000010 0.000010 0.000010 0.028170 0.046033 0.000010 0.316794 0.000010
0.466075 0.150805 0.000010 0.000010 0.000010 0.000010 0.056425 0.184621 0.142034
0.355309 0.000010 0.014241 0.000010 0.012489 0.069785 0.107125 0.400385 0.040647
0.230282 0.108914 0.000010 0.000010 0.029534 0.000010 0.071252 0.314400 0.245588
0.175618 0.000010 0.000010 0.161350 0.000010 0.038050 0.116847 0.508094 0.000010
0.449476 0.000010 0.075127 0.040551 0.000010 0.037672 0.000010 0.397133 0.000010
0.365130 0.000010 0.000010 0.091989 0.035536 0.043895 0.000010 0.370297 0.093123
0.268976 0.126030 0.147018 0.000010 0.000010 0.000010 0.044774 0.413162 0.000010
0.228108 0.028671 0.000010 0.067982 0.000010 0.030483 0.000010 0.203357 0.441369
0.220772 0.000010 0.144611 0.000010 0.066083 0.089493 0.000010 0.479001 0.000010
0.261983 0.043910 0.000010 0.060585 0.112184 0.000010 0.062546 0.458762 0.000010
0.043452 0.000010 0.000010 0.037927 0.000010 0.000010 0.302644 0.615927 0.000010
0.368927 0.000010 0.000010 0.053925 0.146930 0.044242 0.017065 0.347041 0.021849
0.240171 0.057645 0.141960 0.000010 0.000010 0.115909 0.030879 0.055133 0.358285
0.105498 0.147523 0.000010 0.085364 0.000010 0.000010 0.084814 0.390075 0.186695
0.438264 0.185882 0.000010 0.019143 0.007926 0.000010 0.038322 0.310433 0.000010
0.179373 0.000010 0.142079 0.127932 0.131084 0.023661 0.026803 0.369048 0.000010
0.108136 0.097736 0.069817 0.198113 0.000010 0.000010 0.151659 0.374508 0.000010
0.318178 0.000010 0.000010 0.152210 0.000010 0.000010 0.121523 0.405564 0.002486
0.263246 0.068866 0.217610 0.000010 0.068350 0.017594 0.030796 0.264006 0.069523
0.318478 0.000010 0.047927 0.147760 0.000010 0.000010 0.000010 0.426960 0.058835
0.060349 0.099914 0.000010 0.302993 0.000010 0.000010 0.074031 0.462673 0.000010
0.472896 0.000010 0.000010 0.133252 0.000010 0.035139 0.101263 0.167862 0.089559
0.290394 0.095750 0.050516 0.000010 0.000010 0.000010 0.093062 0.470238 0.000010
0.375344 0.103553 0.000010 0.000010 0.000010 0.000010 0.137299 0.343727 0.040037
0.249420 0.040461 0.104717 0.000010 0.017505 0.002875 0.001704 0.583299 0.000010
0.243103 0.161861 0.035748 0.042983 0.012556 0.090230 0.019884 0.368516 0.025118
0.240498 0.078892 0.042583 0.008322 0.000010 0.009460 0.074308 0.545917 0.000010
0.240709 0.021775 0.000010 0.038807 0.042654 0.000010 0.067657 0.588367 0.000010
0.215822 0.226296 0.001095 0.000010 0.000010 0.000010 0.119690 0.437056 0.000010
0.134736 0.000010 0.000010 0.161750 0.121940 0.019107 0.065786 0.496650 0.000010
0.246538 0.069927 0.000010 0.172258 0.000010 0.000010 0.206525 0.262982 0.041739
0.222799 0.000010 0.113432 0.120441 0.000010 0.000010 0.093833 0.449455 0.000010
0.144801 0.000010 0.000010 0.074572 0.042328 0.039816 0.179682 0.518772 0.000010
0.167842 0.000010 0.016966 0.102809 0.006101 0.000010 0.101937 0.597714 0.006610
0.180291 0.019017 0.000010 0.167976 0.008833 0.000010 0.166613 0.409850 0.047401
0.286182 0.000010 0.001260 0.076644 0.109259 0.051116 0.062622 0.373833 0.039074
0.295767 0.168429 0.000010 0.000010 0.044189 0.000010 0.229211 0.248915 0.013458
0.376396 0.000010 0.083835 0.000010 0.038000 0.000010 0.000010 0.501719 0.000010
0.212275 0.000010 0.089292 0.000010 0.000010 0.042273 0.180631 0.385218 0.090281
0.136624 0.019207 0.192631 0.307810 0.000010 0.000010 0.000010 0.343688 0.000010
0.456578 0.000010 0.055359 0.036085 0.000010 0.000010 0.137164 0.314774 0.000010
0.010936 0.000010 0.066892 0.000010 0.009447 0.000010 0.224769 0.687916 0.000010
0.307450 0.223759 0.000010 0.000010 0.009993 0.000010 0.106030 0.352727 0.000010
0.269999 0.042791 0.000010 0.046435 0.053751 0.000010 0.000010 0.552314 0.034679
0.331920 0.000010 0.080106 0.059707 0.000010 0.041107 0.086693 0.400437 0.000010
0.159111 0.000010 0.108253 0.025036 0.000010 0.000010 0.248384 0.459176 0.000010
0.030191 0.000010 0.000010 0.395370 0.008822 0.000010 0.184378 0.381199 0.000010
0.121022 0.217791 0.001714 0.064386 0.023794 0.000010 0.000010 0.546239 0.025035
0.254590 0.000010 0.000010 0.131230 0.034366 0.013228 0.100833 0.465722 0.000010
0.264060 0.000010 0.054350 0.000010 0.000010 0.029362 0.073403 0.513491 0.065304
0.175968 0.000010 0.257684 0.035248 0.038192 0.000010 0.074193 0.395538 0.023157
0.135192 0.150727 0.169569 0.152510 0.034121 0.000010 0.068704 0.288437 0.000731
0.002633 0.152788 0.018622 0.279283 0.044014 0.000010 0.000010 0.502631 0.000010
0.278667 0.027919 0.238240 0.000010 0.000010 0.000010 0.001893 0.453240 0.000010
0.267629 0.000010 0.071972 0.170111 0.000010 0.000010 0.026695 0.463552 0.000010
0.345563 0.051887 0.000010 0.094937 0.000010 0.000010 0.036906 0.455514 0.015162
0.129842 0.000010 0.000010 0.135774 0.000010 0.000010 0.201833 0.532501 0.000010
0.390151 0.051700 0.049724 0.000010 0.066611 0.000010 0.102653 0.339131 0.000010
0.222591 0.000010 0.000010 0.000010 0.020880 0.023814 0.206177 0.526498 0.000010
0.393514 0.024949 0.012390 0.000010 0.000010 0.000010 0.022857 0.497175 0.049084
0.078027 0.110307 0.000010 0.116476 0.000010 0.000010 0.239941 0.455210 0.000010
0.213096 0.074621 0.093309 0.029342 0.076923 0.000010 0.000010 0.496222 0.016466
0.000010 0.007600 0.000010 0.085948 0.174679 0.028733 0.085875 0.591664 0.025480
0.314017 0.000010 0.000010 0.000010 0.000010 0.017054 0.105915 0.562963 0.000010
0.039086 0.039796 0.152500 0.095127 0.136628 0.000010 0.066360 0.470483 0.000010
0.078374 0.099580 0.000010 0.059482 0.028468 0.000010 0.185392 0.516585 0.032099
0.103856 0.000010 0.000010 0.108164 0.057877 0.000010 0.082320 0.590019 0.057734
0.428098 0.000010 0.000010 0.000010 0.016261 0.000010 0.124904 0.430687 0.000010
0.328145 0.000010 0.025556 0.038131 0.000010 0.000010 0.000010 0.547919 0.060210
0.182097 0.000010 0.000010 0.000010 0.000010 0.000010 0.083888 0.733955 0.000010
0.204581 0.044112 0.000010 0.000010 0.000010 0.074399 0.056529 0.620339 0.000010
0.206868 0.002978 0.028234 0.060542 0.000010 0.009235 0.129537 0.562586 0.000010
0.047068 0.000010 0.000010 0.221519 0.084565 0.073389 0.000010 0.477998 0.095431
0.000010 0.000010 0.139801 0.264822 0.077224 0.006627 0.216504 0.242850 0.052152
0.303984 0.000010 0.177618 0.030272 0.039268 0.000010 0.000010 0.448818 0.000010
0.291975 0.044378 0.257180 0.028510 0.029852 0.000010 0.094433 0.253654 0.000010
0.270642 0.018561 0.000010 0.010085 0.021440 0.000010 0.181007 0.498235 0.000010
0.167454 0.142364 0.000010 0.091721 0.037023 0.066443 0.166016 0.282818 0.046153
0.000010 0.149980 0.091469 0.089957 0.002354 0.023854 0.185642 0.403019 0.053715
0.229254 0.000010 0.000010 0.233670 0.024859 0.037765 0.088084 0.341301 0.045046
0.222972 0.000010 0.060443 0.257574 0.018680 0.033161 0.070885 0.330608 0.005668
0.048062 0.050737 0.119805 0.086879 0.000010 0.044625 0.000010 0.649862 0.000010
0.137347 0.105049 0.100396 0.216125 0.001568 0.019740 0.090306 0.300095 0.029375
0.073158 0.000010 0.037036 0.217723 0.000010 0.009171 0.254717 0.408164 0.000010
0.227582 0.000010 0.072434 0.000010 0.006757 0.069665 0.141259 0.482273 0.000010
0.284103 0.053652 0.000010 0.008578 0.000010 0.025456 0.222533 0.405649 0.000010
0.158180 0.052167 0.000010 0.107467 0.086533 0.000010 0.226863 0.368761 0.000010
0.097211 0.000010 0.096968 0.231251 0.104732 0.049912 0.062869 0.357036 0.000010
0.029335 0.086590 0.124365 0.061637 0.000010 0.000010 0.000010 0.698032 0.000010
0.256038 0.000010 0.000010 0.210034 0.052336 0.000010 0.177333 0.297077 0.007153
0.414997 0.000010 0.028158 0.190399 0.032417 0.001778 0.091090 0.241141 0.000010
0.301798 0.000010 0.088789 0.006362 0.022104 0.000010 0.053596 0.393977 0.133354
0.259554 0.149602 0.051306 0.055199 0.221470 0.000010 0.091653 0.171197 0.000010
0.045272 0.000010 0.041930 0.346951 0.000010 0.035606 0.105964 0.360522 0.063734
0.367820 0.000010 0.000010 0.122384 0.014287 0.000010 0.148730 0.346738 0.000010
0.029617 0.055512 0.291984 0.323563 0.192388 0.066743 0.000010 0.040172 0.000010
0.232349 0.040695 0.000010 0.000010 0.016100 0.000010 0.237034 0.473782 0.000010
0.102957 0.017879 0.014530 0.326760 0.000010 0.024370 0.307657 0.205827 0.000010
0.039303 0.000010 0.000010 0.000010 0.000010 0.472888 0.056201 0.026492 0.405077
0.055857 0.000010 0.000010 0.007304 0.000010 0.401409 0.000010 0.000010 0.535380
0.000010 0.024764 0.000010 0.000010 0.000010 0.162262 0.000010 0.002701 0.810223
0.000010 0.000010 0.000010 0.000010 0.000010 0.460748 0.000010 0.000010 0.539182
0.000010 0.000010 0.000010 0.000010 0.000010 0.510961 0.010139 0.056125 0.422725
0.000010 0.000010 0.018103 0.000010 0.023758 0.348231 0.000010 0.005278 0.604589
0.000010 0.000010 0.000010 0.051410 0.000010 0.327206 0.000010 0.026016 0.595317
0.000010 0.000010 0.000010 0.000010 0.000010 0.462032 0.000010 0.032552 0.505356
0.000010 0.000010 0.000010 0.000010 0.000010 0.483278 0.000010 0.000010 0.516652
0.000010 0.000010 0.000010 0.000010 0.012016 0.341065 0.000010 0.000010 0.646859
0.067380 0.000010 0.000010 0.000010 0.000010 0.305844 0.004378 0.017238 0.605121
0.000010 0.000010 0.000010 0.000010 0.000010 0.409888 0.000010 0.049541 0.540511
0.000010 0.000010 0.030469 0.000010 0.000010 0.470523 0.000010 0.076518 0.422441
0.000010 0.000010 0.000010 0.000010 0.040019 0.249105 0.000010 0.039924 0.670901
0.000010 0.000010 0.000010 0.023096 0.003351 0.447411 0.000010 0.000010 0.526093
0.000010 0.000010 0.000010 0.000010 0.000010 0.436544 0.000010 0.005513 0.557883
0.000010 0.000010 0.000010 0.000010 0.059964 0.630973 0.000010 0.021119 0.287894
0.066597 0.000010 0.000010 0.000010 0.000010 0.328470 0.000010 0.000010 0.604873
0.000010 0.000010 0.000010 0.000010 0.043818 0.581461 0.000010 0.000010 0.374661
0.008514 0.000010 0.000010 0.000010 0.013707 0.229692 0.021529 0.000010 0.726518
0.000010 0.017442 0.000010 0.000010 0.000010 0.451430 0.000010 0.000010 0.531068
0.002279 0.000010 0.000010 0.000010 0.000010 0.497934 0.000010 0.000010 0.499726
0.000010 0.034110 0.000010 0.000010 0.000010 0.227262 0.029254 0.000010 0.709324
0.052001 0.002708 0.000010 0.000010 0.008217 0.332841 0.002557 0.015069 0.586587
0.000010 0.000010 0.000010 0.020552 0.022124 0.459907 0.000010 0.131830 0.365548
0.000010 0.046657 0.000010 0.000010 0.042991 0.477090 0.000010 0.075651 0.357570
0.010213 0.000010 0.000010 0.023247 0.000010 0.402465 0.000010 0.052012 0.512023
0.000010 0.000010 0.000010 0.000010 0.000010 0.404032 0.010721 0.039789 0.545408
0.001054 0.000010 0.000010 0.021739 0.752220 0.019464 0.149760 0.055733 0.000010
0.739567 0.032471 0.036599 0.112545 0.041369 0.000010 0.000010 0.037420 0.000010
0.617471 0.000010 0.052867 0.253368 0.000010 0.000010 0.000010 0.076244 0.000010
0.320555 0.058706 0.068207 0.076201 0.000010 0.030267 0.000010 0.446035 0.000010
0.533905 0.015566 0.000010 0.182692 0.065135 0.017854 0.000010 0.184817 0.000010
0.498902 0.002718 0.000010 0.293550 0.047994 0.000010 0.024960 0.131846 0.000010
0.175578 0.011695 0.000010 0.376659 0.030371 0.018370 0.000010 0.387298 0.000010
0.593210 0.000010 0.052372 0.154578 0.000010 0.000010 0.066310 0.133489 0.000010
0.480511 0.000010 0.000010 0.381131 0.065871 0.000010 0.000010 0.072437 0.000010
0.374024 0.000010 0.000010 0.390708 0.000010 0.017561 0.000010 0.217657 0.000010
0.491620 0.089968 0.095549 0.047240 0.000010 0.000010 0.036682 0.238912 0.000010
0.346208 0.000010 0.021466 0.277091 0.000010 0.075969 0.000010 0.279226 0.000010
0.447796 0.078682 0.000010 0.317456 0.016461 0.000010 0.007489 0.132086 0.000010
0.395266 0.135749 0.000010 0.267253 0.000010 0.000010 0.000010 0.102705 0.098986
0.517064 0.024173 0.000010 0.034715 0.000010 0.000010 0.000010 0.423998 0.000010
0.294925 0.000010 0.105995 0.401706 0.028146 0.000010 0.000010 0.169187 0.000010
0.371578 0.000010 0.061923 0.297826 0.039353 0.000010 0.114569 0.114721 0.000010
0.284086 0.000010 0.000010 0.470303 0.000010 0.000010 0.000010 0.244584 0.000977
0.611361 0.000517 0.000010 0.073766 0.000010 0.043792 0.036605 0.178261 0.055677
0.421721 0.037394 0.075037 0.308114 0.002358 0.000010 0.000010 0.155347 0.000010
0.385783 0.018521 0.047948 0.244495 0.100839 0.000010 0.000010 0.181873 0.020521
0.441722 0.035550 0.000010 0.293717 0.000010 0.000010 0.043783 0.185187 0.000010
0.391569 0.000010 0.045840 0.374216 0.000010 0.000010 0.063182 0.098688 0.026474
0.517532 0.085884 0.061035 0.276293 0.000010 0.000010 0.019560 0.037819 0.001858
0.445289 0.026668 0.000010 0.274838 0.000010 0.009386 0.022499 0.221290 0.000010
0.690908 0.010404 0.000010 0.126752 0.000010 0.005888 0.000010 0.166008 0.000010
0.362299 0.000010 0.000010 0.414358 0.000010 0.000010 0.002300 0.220992 0.000010
0.296095 0.062900 0.000010 0.501179 0.000010 0.000010 0.000010 0.139776 0.000010
0.334377 0.000010 0.000011 0.225109 0.000010 0.000010 0.000010 0.435476 0.004988
0.000010 0.000010 0.000010 0.000010 0.916967 0.000010 0.082963 0.000010 0.000010
0.019647 0.000010 0.000010 0.000010 0.944595 0.000010 0.000010 0.035698 0.000010
0.000010 0.000010 0.000010 0.000010 0.961082 0.000010 0.038848 0.000010 0.000010
0.000010 0.000010 0.000010 0.000010 0.903073 0.000011 0.018108 0.078757 0.000010
0.000010 0.000010 0.171952 0.000010 0.766448 0.000010 0.049909 0.000010 0.011641
0.000010 0.000010 0.000010 0.000010 0.938988 0.038510 0.022442 0.000010 0.000010
0.001549 0.000010 0.000010 0.009808 0.931981 0.000010 0.000010 0.056611 0.000010
0.000010 0.006398 0.000010 0.000010 0.993532 0.000010 0.000010 0.000010 0.000010
0.000010 0.000010 0.000010 0.008563 0.940016 0.000010 0.000010 0.051361 0.000010
0.000010 0.000010 0.000010 0.000010 0.999920 0.000010 0.000010 0.000010 0.000010
0.007893 0.000010 0.000010 0.000010 0.816350 0.000010 0.108222 0.067485 0.000010
0.000010 0.000010 0.000010 0.000010 0.914199 0.000010 0.000010 0.085731 0.000010
0.000010 0.000010 0.000010 0.000010 0.999920 0.000010 0.000010 0.000010 0.000010
0.000010 0.000010 0.036998 0.000010 0.840219 0.000010 0.122722 0.000010 0.000010
0.000010 0.000010 0.000010 0.000012 0.975105 0.000010 0.024823 0.000010 0.000010
0.000010 0.015173 0.000010 0.000010 0.910758 0.000010 0.052400 0.021619 0.000010
0.000010 0.000010 0.000010 0.000010 0.905140 0.005981 0.088819 0.000010 0.000010
0.630723 0.000010 0.081838 0.050279 0.000010 0.000010 0.000010 0.237110 0.000010
0.710649 0.000010 0.000010 0.116136 0.000010 0.012194 0.000010 0.160970 0.000010
0.571056 0.000010 0.062494 0.117210 0.000010 0.000010 0.000010 0.249189 0.000010
0.561136 0.047354 0.000010 0.000010 0.000010 0.051609 0.144184 0.195677 0.000010
0.567042 0.167871 0.000010 0.023445 0.000010 0.007541 0.009121 0.186914 0.038045
0.501773 0.000010 0.000010 0.222642 0.000010 0.000010 0.000010 0.253669 0.021866
0.326074 0.000010 0.035299 0.212559 0.019294 0.146655 0.000010 0.260088 0.000010
0.404685 0.000010 0.040486 0.195935 0.000010 0.000010 0.007264 0.194552 0.157047
0.486620 0.000010 0.007079 0.107655 0.000010 0.000010 0.019227 0.379377 0.000010
0.558302 0.000010 0.000010 0.000010 0.000010 0.038801 0.083795 0.319051 0.000010
0.500222 0.001588 0.107782 0.000010 0.101148 0.017711 0.061623 0.209907 0.000010
0.562086 0.013130 0.000010 0.110643 0.053685 0.051765 0.008367 0.200303 0.000010
0.752817 0.047126 0.000010 0.071211 0.000010 0.000010 0.020067 0.108739 0.000010
0.733583 0.000010 0.000010 0.000010 0.000010 0.000010 0.015905 0.250452 0.000010
0.564098 0.026290 0.000010 0.000010 0.000010 0.072916 0.000010 0.336645 0.000010
0.613088 0.000010 0.016994 0.085821 0.006162 0.038616 0.000010 0.239290 0.000010
0.733489 0.000010 0.000010 0.000010 0.008410 0.000010 0.011214 0.246837 0.000010
0.622647 0.000010 0.043795 0.044966 0.000010 0.000010 0.000010 0.288543 0.000010
0.382927 0.006862 0.000010 0.222046 0.000010 0.000010 0.000010 0.299693 0.088432
0.548630 0.063577 0.001758 0.153705 0.000010 0.000010 0.000010 0.232289 0.000010
0.640136 0.000010 0.094904 0.000010 0.000010 0.000953 0.000010 0.263957 0.000010
0.546723 0.000010 0.064067 0.000010 0.000010 0.140524 0.000010 0.248637 0.000010
0.516125 0.000010 0.000010 0.135476 0.000010 0.011560 0.138233 0.198567 0.000010
0.517497 0.000010 0.033857 0.104901 0.000010 0.000010 0.000010 0.298798 0.044908
0.589292 0.000010 0.000010 0.119347 0.000010 0.000010 0.094683 0.196628 0.000010
0.508930 0.000010 0.027390 0.143618 0.036308 0.063866 0.000010 0.219857 0.000010
0.449622 0.000010 0.000010 0.254692 0.000010 0.019661 0.000010 0.148619 0.127365
0.515445 0.000010 0.066638 0.182445 0.019236 0.023280 0.017330 0.137626 0.037990
0.336828 0.016379 0.000010 0.255430 0.022344 0.000010 0.000010 0.354083 0.014906
0.607304 0.000010 0.041796 0.000010 0.032467 0.017721 0.000010 0.259257 0.041425
0.530331 0.000010 0.040612 0.114352 0.000010 0.000010 0.000010 0.314655 0.000010
0.332470 0.000010 0.098208 0.141363 0.000011 0.000010 0.050148 0.352353 0.025428
0.430829 0.016249 0.000010 0.248422 0.007820 0.000010 0.041176 0.177869 0.077615
0.480776 0.000010 0.134958 0.056715 0.040522 0.035710 0.035659 0.215639 0.000010
0.640708 0.133365 0.000010 0.000010 0.024700 0.000010 0.000010 0.201177 0.000010
0.550803 0.110961 0.065416 0.000010 0.000010 0.009317 0.000010 0.263464 0.000010
0.482682 0.000010 0.000010 0.043475 0.059916 0.024184 0.000010 0.273827 0.115886
0.472621 0.035556 0.000010 0.081037 0.079570 0.046079 0.000010 0.285107 0.000010
0.557837 0.000010 0.000010 0.032323 0.000010 0.035186 0.032707 0.241948 0.099969
0.585867 0.000010 0.020001 0.107881 0.027949 0.000010 0.036871 0.221400 0.000010
0.623160 0.000010 0.000010 0.037748 0.000010 0.000010 0.031474 0.281103 0.026475
0.419906 0.000010 0.000010 0.258143 0.106376 0.032190 0.016324 0.034535 0.132506
0.629379 0.029208 0.000010 0.000010 0.000010 0.098313 0.000010 0.243050 0.000010
0.676238 0.000010 0.000010 0.081474 0.001693 0.000010 0.045766 0.163981 0.030818
0.559770 0.000010 0.081036 0.000010 0.000010 0.000010 0.000010 0.176248 0.182895
0.608057 0.000010 0.000010 0.000010 0.000010 0.000010 0.082741 0.309142 0.000010
0.709854 0.043323 0.000010 0.034196 0.015135 0.000010 0.000010 0.196807 0.000655
0.810633 0.115979 0.000010 0.000010 0.000010 0.000010 0.000010 0.073328 0.000010
0.507799 0.000010 0.000010 0.093419 0.030978 0.019515 0.152940 0.089370 0.105959
0.468443 0.000010 0.000010 0.167341 0.000010 0.000010 0.000010 0.364156 0.000010
0.431083 0.217362 0.000010 0.000010 0.000010 0.000010 0.006949 0.293667 0.050899
0.649807 0.000010 0.000010 0.058362 0.079390 0.000010 0.000010 0.077388 0.135013
0.627310 0.014205 0.068600 0.000010 0.079960 0.064167 0.000010 0.145728 0.000010
0.520657 0.000010 0.000010 0.102687 0.000010 0.000010 0.000010 0.376596 0.000010
0.460556 0.000010 0.041332 0.000010 0.000010 0.000010 0.000010 0.381838 0.116224
0.027506 0.000010 0.000010 0.000010 0.000010 0.056477 0.027925 0.000010 0.888041
0.664845 0.088512 0.000010 0.000010 0.036753 0.054390 0.000010 0.085074 0.070396
0.670715 0.000010 0.000010 0.000010 0.086460 0.000010 0.029202 0.213573 0.000010
0.658533 0.000010 0.000010 0.000010 0.022866 0.000010 0.005084 0.265011 0.048466
0.594105 0.037124 0.174510 0.000010 0.040864 0.000010 0.000010 0.092503 0.060864
0.602668 0.000010 0.039663 0.179076 0.000010 0.000010 0.041853 0.136699 0.000010
0.642634 0.000010 0.000010 0.000010 0.000010 0.051142 0.000010 0.120957 0.185217
0.512206 0.000010 0.039365 0.072649 0.000010 0.000010 0.000010 0.178415 0.197325
0.562191 0.119297 0.000010 0.000010 0.000010 0.000010 0.000010 0.269453 0.049010
0.705474 0.018768 0.127216 0.000010 0.000010 0.000010 0.128439 0.000010 0.020063
0.655097 0.000010 0.085581 0.001995 0.182584 0.000010 0.000010 0.074703 0.000010
0.668436 0.000010 0.000010 0.000679 0.000010 0.000010 0.000010 0.181327 0.149507
0.668471 0.000010 0.052668 0.000010 0.000010 0.000010 0.000010 0.244275 0.034535
0.674203 0.000010 0.000010 0.000010 0.074515 0.000010 0.000010 0.251222 0.000010
0.683207 0.000010 0.000010 0.000010 0.082780 0.009296 0.000010 0.224666 0.000010
0.617793 0.000010 0.000010 0.041865 0.000010 0.000010 0.000010 0.231856 0.108436
0.716527 0.000010 0.000010 0.000010 0.000010 0.000010 0.000010 0.249445 0.033968
0.674441 0.070953 0.000010 0.000010 0.000010 0.000010 0.000010 0.216366 0.038189
0.444745 0.000010 0.000010 0.000010 0.200977 0.037281 0.000010 0.185463 0.131494
0.473765 0.023207 0.000010 0.086035 0.110997 0.027741 0.000010 0.260298 0.017937
0.575522 0.039526 0.000010 0.011156 0.000010 0.000010 0.027301 0.162402 0.184065
0.505912 0.037131 0.000010 0.136560 0.000072 0.145382 0.000010 0.174912 0.000010
0.465541 0.000010 0.000010 0.238835 0.000010 0.050724 0.000010 0.180690 0.064171
0.455987 0.000010 0.000010 0.000010 0.002114 0.149869 0.087883 0.278831 0.025285
0.306738 0.026344 0.000010 0.137730 0.011188 0.041004 0.194626 0.173087 0.109272
0.611610 0.000010 0.000010 0.127234 0.018911 0.000010 0.000010 0.170942 0.071263
0.736211 0.000010 0.000010 0.009194 0.000010 0.000010 0.000010 0.148485 0.106060
0.690178 0.000010 0.000010 0.000010 0.009365 0.030313 0.099208 0.127365 0.043542
0.537434 0.000010 0.099843 0.000010 0.011742 0.000010 0.019813 0.292256 0.038882
0.679396 0.000010 0.000010 0.000010 0.073686 0.000010 0.000010 0.157129 0.089739
0.689894 0.005692 0.000010 0.078345 0.000010 0.000010 0.000010 0.226019 0.000010
0.597662 0.019521 0.000010 0.022766 0.046599 0.000010 0.061686 0.176552 0.075195
0.001657 0.000010 0.000010 0.000010 0.916540 0.000010 0.081742 0.000010 0.000010
0.000010 0.057449 0.000010 0.000010 0.660639 0.000010 0.281852 0.000010 0.000010
0.000010 0.000010 0.000010 0.000010 0.939033 0.000010 0.060897 0.000010 0.000010
0.000010 0.044282 0.045627 0.000010 0.765603 0.004761 0.139687 0.000010 0.000010
0.000010 0.000010 0.000010 0.000010 0.762730 0.000010 0.237200 0.000010 0.000010
0.000010 0.009476 0.028675 0.074443 0.887356 0.000010 0.000010 0.000010 0.000010
0.000010 0.000010 0.125909 0.000010 0.639102 0.000010 0.234929 0.000010 0.000010
0.731870 0.000010 0.000010 0.000010 0.000010 0.000010 0.130462 0.137608 0.000010
0.463148 0.022265 0.014706 0.254500 0.000010 0.000010 0.163977 0.081374 0.000010
0.543907 0.032630 0.000010 0.201339 0.000010 0.000010 0.143786 0.078298 0.000010
0.634218 0.017102 0.000011 0.236684 0.000010 0.000010 0.000010 0.111945 0.000010
0.421785 0.000010 0.000010 0.149665 0.015572 0.035670 0.025304 0.351974 0.000010
0.570487 0.000010 0.000010 0.305021 0.000010 0.000010 0.122899 0.001543 0.000010
0.617900 0.000010 0.000010 0.256211 0.010678 0.060048 0.055124 0.000010 0.000010
0.677998 0.000010 0.071281 0.235940 0.003811 0.000010 0.010930 0.000010 0.000010
0.654104 0.000010 0.000010 0.137140 0.058085 0.024149 0.000010 0.116285 0.010208
0.586139 0.000010 0.037996 0.137241 0.003919 0.012397 0.000010 0.222278 0.000010
0.468995 0.000010 0.026473 0.070885 0.000313 0.023000 0.044477 0.365837 0.000010
0.682102 0.000010 0.000010 0.000010 0.000010 0.000010 0.055324 0.262514 0.000010
0.300798 0.054099 0.000010 0.228514 0.000010 0.000010 0.000010 0.297042 0.119507
0.516992 0.000010 0.000010 0.056497 0.032431 0.000010 0.000010 0.394030 0.000010
0.560580 0.000010 0.000010 0.188676 0.000010 0.000010 0.000010 0.250684 0.000010
0.742312 0.000010 0.000010 0.032323 0.019297 0.000010 0.104400 0.048088 0.053550
0.468142 0.043268 0.000010 0.011934 0.001322 0.000010 0.072402 0.381039 0.021873
0.451740 0.000010 0.000010 0.019969 0.082082 0.000010 0.000010 0.313918 0.132252
0.652294 0.000010 0.000010 0.018074 0.000010 0.000010 0.000010 0.230721 0.098861
0.429351 0.000010 0.000010 0.000010 0.000010 0.000010 0.070364 0.315042 0.185192
0.706210 0.018273 0.000010 0.102378 0.000010 0.000010 0.000010 0.151913 0.021185
0.681286 0.090803 0.000010 0.006593 0.000010 0.000010 0.000010 0.221268 0.000010
0.539517 0.000010 0.000010 0.214682 0.000010 0.014417 0.000010 0.231334 0.000010
0.572222 0.000010 0.065233 0.000010 0.000010 0.029929 0.000349 0.277438 0.054799
0.454874 0.063177 0.000010 0.020651 0.137609 0.012729 0.000010 0.310930 0.000010
0.533648 0.000010 0.019687 0.000010 0.000010 0.000010 0.000010 0.446604 0.000010
0.251010 0.000010 0.000010 0.226352 0.160443 0.039258 0.000010 0.045455 0.277452
0.618111 0.005449 0.000010 0.100524 0.038477 0.000010 0.023862 0.213547 0.000010
0.617839 0.027341 0.000010 0.078929 0.000010 0.000010 0.000010 0.275841 0.000010
0.480671 0.009950 0.000010 0.076619 0.026209 0.000010 0.070036 0.333906 0.002588
0.659117 0.024567 0.000010 0.000010 0.000010 0.000010 0.000010 0.287158 0.029108
0.378928 0.014693 0.066549 0.080759 0.000010 0.000010 0.025220 0.433822 0.000010
0.527292 0.003041 0.000010 0.000010 0.000010 0.000010 0.161367 0.308250 0.000010
0.457529 0.057089 0.040755 0.000010 0.000010 0.000010 0.203476 0.241111 0.000010
0.502285 0.028790 0.004392 0.110094 0.000010 0.000010 0.000010 0.267579 0.086830
0.000010 0.736830 0.260505 0.000010 0.000010 0.002605 0.000010 0.000010 0.000010
0.000010 0.645423 0.195297 0.000010 0.030322 0.000010 0.085253 0.015727 0.027949
0.000010 0.693824 0.054134 0.050586 0.073273 0.000010 0.060687 0.067465 0.000010
0.000010 0.762153 0.082965 0.000010 0.000010 0.000010 0.128890 0.000010 0.025943
0.000010 0.044886 0.451249 0.040599 0.000010 0.002178 0.461049 0.000010 0.000010
0.165082 0.000010 0.316105 0.000010 0.084474 0.000010 0.430324 0.000010 0.003975
0.000010 0.000010 0.376786 0.028745 0.031342 0.000010 0.525897 0.002248 0.034952
0.000010 0.000010 0.420641 0.031458 0.077403 0.110513 0.351490 0.000010 0.008465
0.004023 0.000010 0.216735 0.000010 0.000010 0.010874 0.505483 0.262846 0.000010
0.000010 0.094093 0.409925 0.000010 0.000010 0.002453 0.432608 0.000010 0.060881
0.034822 0.059364 0.143152 0.019826 0.000010 0.013045 0.625750 0.027468 0.076564
0.000010 0.024999 0.521568 0.000010 0.019292 0.017429 0.270793 0.145890 0.000010
0.000010 0.167612 0.358208 0.000010 0.000010 0.007559 0.466571 0.000010 0.000010
0.000010 0.000010 0.351123 0.000010 0.000010 0.001311 0.556368 0.080261 0.010897
0.429925 0.000010 0.000010 0.046748 0.000010 0.000010 0.040601 0.362914 0.119771
0.636033 0.052027 0.000010 0.000010 0.050154 0.000010 0.000010 0.205919 0.055827
0.509679 0.000010 0.000010 0.019070 0.003418 0.000010 0.190963 0.183875 0.092966
0.393573 0.141251 0.066868 0.059946 0.000010 0.000010 0.131320 0.101028 0.105994
0.554293 0.000010 0.000010 0.000010 0.000010 0.000010 0.000010 0.445637 0.000010
0.691889 0.000010 0.000010 0.000010 0.000010 0.000010 0.000010 0.308041 0.000010
0.568810 0.044062 0.000010 0.100820 0.004732 0.000010 0.000010 0.225449 0.056098
0.618909 0.041498 0.000010 0.000010 0.014810 0.082019 0.000010 0.171569 0.071165
0.662711 0.000010 0.124782 0.000010 0.000010 0.052393 0.000010 0.142576 0.017497
0.605939 0.006066 0.191872 0.000010 0.000010 0.000010 0.000010 0.142039 0.054043
0.572511 0.000010 0.000010 0.147559 0.000010 0.000010 0.000010 0.279870 0.000010
0.678678 0.000010 0.000010 0.027072 0.072970 0.000010 0.000010 0.221230 0.000010
0.593232 0.000010 0.049973 0.000010 0.076667 0.004481 0.059131 0.216486 0.000010
0.501640 0.000010 0.000233 0.066344 0.000010 0.006486 0.000010 0.425257 0.000010
0.477522 0.000010 0.045743 0.000010 0.000010 0.000010 0.000010 0.476675 0.000010
0.477812 0.000010 0.052349 0.035350 0.000010 0.000010 0.000010 0.383325 0.051124
0.429859 0.000010 0.000010 0.000010 0.000010 0.067396 0.077742 0.363955 0.061008
0.564830 0.043029 0.000010 0.000010 0.000010 0.000010 0.000010 0.377756 0.014334
0.582537 0.079453 0.000010 0.000010 0.000010 0.017177 0.000010 0.166239 0.154554
0.351050 0.000010 0.000010 0.254174 0.051200 0.022443 0.000010 0.122521 0.198582
0.579824 0.000010 0.000010 0.112740 0.000010 0.000010 0.027559 0.279827 0.000010
0.025602 0.000010 0.668498 0.000010 0.034461 0.000010 0.241793 0.029605 0.000010
0.080342 0.000010 0.598215 0.000010 0.000010 0.000010 0.321383 0.000010 0.000010
0.000010 0.090735 0.711842 0.000010 0.000010 0.000778 0.160819 0.035786 0.000010
0.000010 0.000010 0.358708 0.055622 0.037877 0.031021 0.516731 0.000010 0.000010
0.113122 0.000010 0.523871 0.035746 0.165946 0.000010 0.096410 0.000010 0.064875
0.000010 0.000010 0.660557 0.000010 0.077692 0.004921 0.256779 0.000010 0.000010
0.011998 0.000010 0.720468 0.000010 0.000010 0.000010 0.198768 0.000010 0.068715
0.000010 0.000010 0.589280 0.000010 0.059166 0.000010 0.351494 0.000010 0.000010
0.000010 0.074106 0.564793 0.000010 0.000010 0.000010 0.219502 0.000010 0.141549
0.000010 0.000010 0.424314 0.000010 0.164032 0.000010 0.368871 0.042734 0.000010
0.062871 0.000010 0.755352 0.000010 0.000010 0.000010 0.181717 0.000010 0.000010
0.000010 0.005505 0.536389 0.000010 0.129395 0.026252 0.302419 0.000010 0.000010
0.000010 0.000010 0.570542 0.000010 0.134425 0.000010 0.294973 0.000010 0.000010
0.000010 0.071428 0.581691 0.000010 0.000010 0.003152 0.343679 0.000010 0.000010
0.000010 0.047560 0.641898 0.000010 0.046438 0.000010 0.264054 0.000010 0.000010
0.040534 0.158122 0.629004 0.035111 0.007566 0.000010 0.060665 0.000010 0.068978
0.000010 0.136817 0.546687 0.000010 0.000010 0.106717 0.209728 0.000010 0.000010
0.000010 0.000010 0.653949 0.000010 0.000010 0.000010 0.345981 0.000010 0.000010
0.030176 0.000010 0.698174 0.000010 0.000010 0.000010 0.271590 0.000010 0.000010
0.000010 0.000010 0.466572 0.095771 0.000010 0.000010 0.437597 0.000010 0.000010
0.023150 0.072472 0.613426 0.015895 0.059839 0.000010 0.193852 0.000010 0.021346
0.016650 0.000010 0.473973 0.018480 0.028687 0.117871 0.344310 0.000010 0.000010
0.000010 0.004290 0.810596 0.000010 0.000010 0.000010 0.185054 0.000010 0.000010
0.000010 0.000010 0.703330 0.000010 0.000010 0.000010 0.296600 0.000010 0.000010
0.000010 0.000010 0.664134 0.000010 0.053433 0.000010 0.282373 0.000010 0.000010
0.000010 0.000010 0.756378 0.009431 0.000010 0.000010 0.234131 0.000010 0.000010
0.000010 0.042290 0.599584 0.009600 0.022756 0.005166 0.320574 0.000010 0.000010
0.000010 0.000010 0.664824 0.000010 0.031166 0.008597 0.287102 0.000010 0.008271
0.000010 0.000010 0.721101 0.000010 0.000010 0.000010 0.263720 0.000010 0.015119
0.000010 0.097215 0.598683 0.000010 0.000010 0.000010 0.284288 0.019765 0.000010
0.000010 0.051301 0.485911 0.000010 0.141964 0.000010 0.320774 0.000010 0.000010
0.020118 0.000010 0.654661 0.045041 0.033826 0.000010 0.246314 0.000010 0.000010
0.000010 0.070240 0.414908 0.016973 0.041468 0.019434 0.436946 0.000010 0.000010
0.000010 0.000010 0.710674 0.000010 0.000010 0.000010 0.289256 0.000010 0.000010
0.000010 0.020302 0.710035 0.000010 0.000010 0.000010 0.269602 0.000010 0.000010
0.000010 0.000010 0.612694 0.015081 0.000010 0.000010 0.372165 0.000010 0.000010
0.000010 0.060983 0.451604 0.110383 0.000010 0.000010 0.278496 0.098494 0.000010
0.000010 0.041012 0.721570 0.000010 0.033746 0.000010 0.188611 0.000010 0.015022
0.062773 0.000010 0.647641 0.000010 0.000010 0.000010 0.289526 0.000010 0.000010
0.000010 0.000010 0.000010 0.000010 0.945873 0.000010 0.054057 0.000010 0.000010
0.007111 0.000010 0.000010 0.000010 0.887082 0.003794 0.101963 0.000010 0.000010
0.000010 0.049163 0.801079 0.000010 0.000010 0.000010 0.114945 0.034763 0.000010
0.002591 0.000010 0.674862 0.007411 0.000010 0.000010 0.315087 0.000010 0.000010
0.367603 0.125466 0.000010 0.372221 0.000010 0.000010 0.018715 0.115955 0.000010
0.122723 0.088109 0.000010 0.467268 0.000010 0.000010 0.073937 0.247923 0.000010
0.397703 0.000010 0.021847 0.154571 0.000010 0.000010 0.001833 0.424006 0.000010
0.485113 0.036082 0.000010 0.332988 0.000010 0.000010 0.000010 0.145767 0.000010
0.433666 0.034331 0.000010 0.318013 0.000010 0.000010 0.056398 0.157552 0.000010
0.532529 0.000010 0.000010 0.258422 0.000010 0.000010 0.000010 0.208989 0.000010
0.299768 0.000010 0.091544 0.311459 0.023696 0.000010 0.000010 0.273492 0.000010
0.276657 0.059943 0.000010 0.414832 0.000010 0.000010 0.000010 0.248517 0.000010
0.419416 0.000010 0.000010 0.269829 0.000010 0.000010 0.023052 0.287654 0.000010
0.316739 0.000010 0.028296 0.463048 0.000010 0.000010 0.039556 0.152321 0.000010
0.455379 0.000010 0.000010 0.171477 0.056756 0.000010 0.000900 0.315448 0.000010
0.396292 0.000010 0.000010 0.383691 0.000010 0.000010 0.000010 0.219957 0.000010
0.452404 0.000010 0.000010 0.311945 0.000010 0.000010 0.000010 0.235591 0.000010
0.000010 0.000010 0.665854 0.000010 0.000010 0.000010 0.334076 0.000010 0.000010
0.000010 0.000010 0.599964 0.000010 0.077611 0.000010 0.198667 0.123708 0.000010
0.000010 0.000010 0.618651 0.023781 0.005928 0.000010 0.341394 0.000010 0.010205
0.000010 0.000010 0.581803 0.016951 0.067991 0.000831 0.240134 0.057315 0.034955
0.000010 0.000010 0.500231 0.000010 0.181511 0.000010 0.318198 0.000010 0.000010
0.000010 0.000010 0.526135 0.000010 0.204111 0.009398 0.260306 0.000010 0.000010
0.000010 0.000010 0.669664 0.000010 0.057410 0.019608 0.250708 0.000010 0.002569
0.000010 0.000010 0.739372 0.000010 0.000010 0.003009 0.257558 0.000010 0.000010
0.000010 0.000010 0.600535 0.000010 0.027113 0.000010 0.371644 0.000010 0.000658
0.000010 0.015935 0.522806 0.000010 0.071558 0.032151 0.357510 0.000010 0.000010
0.000010 0.089996 0.596784 0.000010 0.062946 0.000010 0.250225 0.000010 0.000010
0.000010 0.000010 0.795203 0.000010 0.000010 0.000010 0.155001 0.000010 0.049736
