0.202780 0.000010 0.037669 0.111281 0.117061 0.062437 0.154638 0.314115 0.000010
0.198393 0.101172 0.071532 0.061537 0.000010 0.000010 0.035087 0.491641 0.040618
0.430587 0.000010 0.000010 0.000010 0.000010 0.033565 0.000010 0.528065 0.007733
0.234177 0.000010 0.000010 0.011295 0.018936 0.000010 0.148339 0.587212 0.000010
0.406332 0.000010 0.000010 0.000010 0.000010 0.008326 0.126642 0.458650 0.000010
0.291118 0.001504 0.146391 0.000010 0.031848 0.000010 0.103045 0.235848 0.190226
0.277646 0.000010 0.000010 0.000010 0.019931 0.000010 0.243407 0.449455 0.009522
0.377262 0.000010 0.153041 0.095639 0.000010 0.000010 0.069413 0.304605 0.000010
0.272054 0.136357 0.000010 0.234670 0.000010 0.000010 0.019474 0.252143 0.085273
0.263615 0.064520 0.009809 0.000013 0.039650 0.000010 0.078729 0.535125 0.008529
0.269988 0.092459 0.000010 0.000014 0.000010 0.097403 0.101688 0.430851 0.007577
0.238200 0.000010 0.046399 0.000018 0.000010 0.028588 0.172537 0.514227 0.000010
0.474625 0.000010 0.058599 0.067058 0.000010 0.008186 0.000010 0.359078 0.032424
0.278166 0.057449 0.000010 0.178506 0.000010 0.000010 0.003682 0.482158 0.000010
0.234027 0.059053 0.000010 0.000010 0.000010 0.002053 0.032594 0.631160 0.041083
0.285026 0.000010 0.075305 0.121865 0.045989 0.000010 0.000010 0.465673 0.006113
0.276079 0.069670 0.000010 0.132254 0.081165 0.062421 0.031790 0.302911 0.043700
0.295768 0.000010 0.000010 0.000010 0.000010 0.018195 0.013958 0.672029 0.000010
0.222053 0.006592 0.012687 0.276043 0.000010 0.000010 0.021295 0.461299 0.000010
0.316597 0.000010 0.035004 0.000010 0.000010 0.000010 0.000010 0.601961 0.046388
0.395630 0.000010 0.000010 0.000010 0.091562 0.000010 0.000010 0.465945 0.046814
0.305323 0.000010 0.005099 0.000010 0.133076 0.000010 0.000010 0.503944 0.052518
0.398351 0.000010 0.034212 0.000010 0.000010 0.043606 0.113680 0.368394 0.041728
0.347164 0.085012 0.000010 0.000010 0.000010 0.000010 0.000010 0.555239 0.012535
0.191669 0.052755 0.069817 0.196754 0.030679 0.000010 0.075253 0.351019 0.032045
0.262192 0.003696 0.000010 0.123815 0.000010 0.044239 0.073325 0.492703 0.000010
0.315587 0.000010 0.166226 0.000010 0.000010 0.000010 0.112255 0.405882 0.000010
0.231965 0.000010 0.000010 0.097753 0.091246 0.024148 0.132333 0.422525 0.000010
0.411839 0.065242 0.000010 0.200755 0.000010 0.000010 0.000010 0.322114 0.000010
0.437967 0.000010 0.000010 0.091136 0.023875 0.043464 0.000010 0.403518 0.000010
0.068258 0.215280 0.000010 0.266170 0.057621 0.081667 0.000010 0.310974 0.000010
0.311495 0.000010 0.000010 0.166944 0.000010 0.000010 0.081064 0.411893 0.028565
0.000010 0.086982 0.000010 0.129464 0.000010 0.000010 0.139839 0.590850 0.052824
0.329142 0.000010 0.098111 0.000010 0.000010 0.000010 0.103315 0.452338 0.017054
0.178329 0.000010 0.000010 0.127109 0.000010 0.093981 0.036259 0.564282 0.000010
0.118606 0.000010 0.000010 0.241561 0.000010 0.043951 0.181941 0.413901 0.000010
0.269734 0.082597 0.000010 0.000010 0.044839 0.086433 0.000010 0.516357 0.000010
0.190214 0.103704 0.000010 0.067781 0.000010 0.048446 0.002210 0.587615 0.000010
0.175385 0.146150 0.035822 0.079975 0.000010 0.000010 0.140738 0.421900 0.000010
0.063303 0.000010 0.000010 0.082565 0.000010 0.018330 0.068387 0.684074 0.083311
0.371604 0.018699 0.104176 0.000010 0.055664 0.000010 0.082503 0.367324 0.000010
0.186280 0.000010 0.000010 0.253334 0.007512 0.000010 0.000010 0.383783 0.169050
0.256217 0.067653 0.000555 0.189782 0.000010 0.045869 0.000010 0.380783 0.059121
0.160869 0.090117 0.000010 0.095772 0.000010 0.000010 0.183235 0.433956 0.036021
0.216616 0.063507 0.000010 0.123604 0.000010 0.053375 0.010978 0.513223 0.018676
0.355431 0.091086 0.000010 0.000010 0.000010 0.045505 0.103447 0.387808 0.016692
0.282175 0.000010 0.056188 0.072023 0.000010 0.077720 0.098694 0.413171 0.000010
0.170021 0.067692 0.000010 0.040591 0.062466 0.093658 0.165225 0.240912 0.159425
0.134958 0.000010 0.531386 0.045446 0.000010 0.000010 0.092020 0.196150 0.000010
0.068135 0.000010 0.272902 0.096147 0.097508 0.055235 0.087236 0.297801 0.025026
0.118224 0.074918 0.458827 0.125649 0.000010 0.000010 0.108023 0.046555 0.067785
0.000010 0.112957 0.338943 0.184441 0.000010 0.047958 0.068500 0.144198 0.102983
0.003674 0.140321 0.102063 0.046951 0.036633 0.000010 0.155664 0.427703 0.086981
0.101381 0.070089 0.492121 0.098777 0.000010 0.000010 0.000010 0.131403 0.106199
0.027808 0.065801 0.302901 0.027833 0.191792 0.000010 0.034207 0.306864 0.042783
0.119395 0.101708 0.224754 0.000010 0.188702 0.000010 0.146086 0.219324 0.000010
0.199875 0.171566 0.221867 0.060829 0.124673 0.023750 0.000010 0.173884 0.023546
0.115737 0.000010 0.515369 0.092160 0.121277 0.000010 0.005656 0.127220 0.022561
0.100579 0.000010 0.207071 0.260705 0.000010 0.048600 0.065147 0.317867 0.000010
0.000010 0.000014 0.270066 0.159614 0.000010 0.031808 0.326660 0.211808 0.000010
0.032373 0.114503 0.294535 0.075595 0.030880 0.000010 0.152582 0.299513 0.000010
0.054925 0.135529 0.192501 0.000010 0.037200 0.000010 0.192607 0.316230 0.070988
0.307144 0.076205 0.340976 0.065587 0.000010 0.031972 0.000010 0.178086 0.000010
0.259856 0.054085 0.195397 0.000010 0.000010 0.050600 0.138964 0.301066 0.000010
0.017860 0.183706 0.357457 0.000010 0.000010 0.003185 0.223902 0.177361 0.036510
0.209811 0.000010 0.134800 0.000010 0.000010 0.040024 0.260713 0.261191 0.093431
0.038475 0.393009 0.294835 0.000010 0.000010 0.000010 0.074725 0.198916 0.000010
0.184954 0.000010 0.469503 0.033519 0.000010 0.013317 0.105455 0.193224 0.000010
0.294167 0.059339 0.103121 0.251433 0.000010 0.063023 0.053660 0.175238 0.000010
0.138826 0.054171 0.325151 0.080447 0.000018 0.000010 0.067579 0.333788 0.000010
0.000010 0.000010 0.000010 0.354454 0.016894 0.054304 0.165292 0.021961 0.387065
0.292332 0.000010 0.000010 0.123749 0.000010 0.000010 0.122255 0.461614 0.000010
0.160724 0.000010 0.000010 0.265155 0.000010 0.000010 0.131940 0.442131 0.000010
0.248395 0.000010 0.014298 0.000010 0.000010 0.019487 0.102598 0.591034 0.024158
0.298160 0.000010 0.074808 0.000010 0.069157 0.000010 0.000010 0.524558 0.033278
0.283673 0.000010 0.000010 0.087936 0.000010 0.000010 0.006106 0.561941 0.060304
0.418937 0.090776 0.042059 0.000010 0.000010 0.004267 0.014011 0.314027 0.115903
0.133862 0.000010 0.000011 0.222334 0.000010 0.147051 0.102504 0.394207 0.000010
0.454321 0.000010 0.050707 0.071931 0.037974 0.001975 0.077075 0.172315 0.133692
0.154163 0.000010 0.000010 0.216181 0.038827 0.000010 0.000010 0.463719 0.127070
0.377987 0.000010 0.165869 0.000010 0.000010 0.000010 0.000010 0.456084 0.000010
0.224433 0.000010 0.000010 0.283309 0.000010 0.000010 0.000010 0.492198 0.000010
0.318278 0.000010 0.000010 0.048014 0.000010 0.000010 0.214380 0.419277 0.000010
0.255547 0.037410 0.000010 0.181316 0.000010 0.000010 0.000010 0.512851 0.012836
0.396276 0.000010 0.000010 0.271465 0.002748 0.000010 0.000010 0.329461 0.000010
0.131793 0.133626 0.076150 0.030613 0.011135 0.015514 0.281647 0.268270 0.051251
0.244143 0.167917 0.000333 0.000010 0.000010 0.000010 0.000010 0.280325 0.307242
0.256621 0.000010 0.000010 0.006061 0.000010 0.058050 0.134888 0.544341 0.000010
0.441371 0.000010 0.049744 0.004495 0.063197 0.000010 0.000010 0.383158 0.058004
0.517101 0.000010 0.000010 0.000010 0.063156 0.000010 0.000010 0.419683 0.000010
0.498726 0.000010 0.037292 0.000010 0.000010 0.068866 0.000010 0.395066 0.000010
0.259788 0.000010 0.000010 0.000010 0.000010 0.000010 0.000010 0.555214 0.184938
0.302521 0.000010 0.000010 0.000010 0.000010 0.000010 0.125828 0.571591 0.000010
0.174416 0.000010 0.000010 0.000010 0.000010 0.030209 0.056425 0.738900 0.000010
0.268914 0.042032 0.000010 0.109721 0.000010 0.000010 0.040991 0.538302 0.000010
0.212188 0.000010 0.000010 0.000010 0.159741 0.000010 0.000010 0.580438 0.047583
0.147968 0.000010 0.060508 0.067342 0.151205 0.000010 0.063840 0.509108 0.000010
0.008335 0.035017 0.042576 0.310314 0.000010 0.002938 0.055100 0.545700 0.000010
0.198771 0.001956 0.006263 0.228514 0.000010 0.001956 0.188106 0.374413 0.000010
0.139247 0.121783 0.143623 0.140906 0.000011 0.000010 0.053630 0.400779 0.000010
0.105319 0.000010 0.200789 0.230690 0.045805 0.157901 0.000010 0.147802 0.111673
0.058636 0.000010 0.013749 0.070218 0.044546 0.109338 0.083975 0.292020 0.327508
0.000010 0.000010 0.000010 0.000010 0.000015 0.000010 0.391538 0.608387 0.000010
0.301464 0.000010 0.022678 0.000010 0.060508 0.076616 0.110783 0.409460 0.018471
0.241987 0.000010 0.052548 0.089277 0.161840 0.000010 0.000010 0.329923 0.124396
0.030241 0.000010 0.000010 0.195532 0.000015 0.000010 0.186090 0.588081 0.000010
0.226820 0.078580 0.025794 0.159771 0.029569 0.000010 0.026349 0.453098 0.000010
0.076139 0.000010 0.188523 0.148523 0.011517 0.000010 0.108608 0.466660 0.000010
0.245288 0.000010 0.001542 0.268435 0.071111 0.000522 0.065550 0.262012 0.085530
0.149612 0.094161 0.000010 0.000010 0.000010 0.000010 0.200268 0.555909 0.000010
0.065892 0.000010 0.000010 0.147389 0.000010 0.000010 0.174190 0.612480 0.000010
0.070129 0.000010 0.000010 0.271632 0.050242 0.000010 0.227488 0.380469 0.000010
0.202724 0.000010 0.000010 0.001783 0.000010 0.000010 0.176310 0.613984 0.005159
0.276447 0.059792 0.000010 0.000010 0.000010 0.038396 0.000010 0.625315 0.000010
0.147570 0.000010 0.031409 0.192742 0.000010 0.027971 0.216998 0.339148 0.044143
0.244368 0.179668 0.038076 0.000016 0.028923 0.028338 0.047310 0.433290 0.000010
0.008117 0.144562 0.000010 0.209285 0.000010 0.057424 0.016536 0.531587 0.032469
0.022306 0.000010 0.245477 0.030253 0.003861 0.013078 0.251825 0.433180 0.000010
0.219168 0.000010 0.000010 0.000010 0.000010 0.000010 0.098132 0.657694 0.024956
0.334710 0.000010 0.000010 0.037068 0.000010 0.024524 0.030355 0.573303 0.000010
0.186899 0.041469 0.152810 0.272082 0.000010 0.021546 0.060968 0.264206 0.000010
0.129763 0.092629 0.122867 0.073806 0.000010 0.000010 0.000010 0.458135 0.122770
0.130069 0.104555 0.000010 0.000010 0.000013 0.000010 0.135245 0.630077 0.000010
0.244323 0.133306 0.090598 0.002392 0.000010 0.000010 0.089386 0.439964 0.000010
0.179712 0.024059 0.000010 0.208408 0.000010 0.000010 0.069450 0.415380 0.102961
0.115580 0.117964 0.000010 0.153426 0.000010 0.000010 0.092199 0.506820 0.013981
0.091261 0.003588 0.005258 0.173582 0.000010 0.000010 0.116717 0.609564 0.000010
0.181340 0.000010 0.137234 0.091284 0.000010 0.000010 0.017889 0.572213 0.000010
0.061788 0.028395 0.000010 0.039216 0.031126 0.042582 0.221313 0.558780 0.016790
0.153692 0.056187 0.000010 0.343527 0.016771 0.000010 0.020671 0.409121 0.000010
0.100577 0.027733 0.080545 0.261747 0.000010 0.000010 0.132297 0.397071 0.000010
0.115328 0.000010 0.000010 0.000010 0.000010 0.000010 0.219133 0.649897 0.015593
0.310771 0.014996 0.121308 0.000010 0.000010 0.000010 0.067830 0.485056 0.000010
0.249451 0.000010 0.111768 0.139671 0.000010 0.000010 0.153446 0.345625 0.000010
0.152718 0.106638 0.000010 0.000010 0.102358 0.000010 0.021166 0.617080 0.000010
0.188705 0.000010 0.277395 0.212675 0.000010 0.060225 0.000010 0.260959 0.000010
0.120935 0.049391 0.083902 0.029923 0.000010 0.000010 0.192747 0.523072 0.000010
0.260595 0.064691 0.018094 0.192618 0.000010 0.000010 0.215068 0.241128 0.007786
0.089505 0.116344 0.000010 0.114659 0.000010 0.088253 0.159276 0.407950 0.023993
0.207930 0.000010 0.000010 0.066723 0.000012 0.138790 0.097684 0.488832 0.000010
0.302576 0.000010 0.303746 0.000010 0.000010 0.000010 0.002845 0.299601 0.091192
0.070508 0.000010 0.026374 0.182336 0.000010 0.017576 0.297082 0.406093 0.000010
0.162675 0.000010 0.000010 0.286280 0.030015 0.000010 0.021180 0.499809 0.000010
0.332235 0.043870 0.074922 0.018389 0.051389 0.000010 0.079789 0.399386 0.000010
0.199201 0.000010 0.000010 0.116447 0.020248 0.000010 0.105056 0.559009 0.000010
0.237743 0.000010 0.054343 0.108830 0.000010 0.005964 0.074800 0.518290 0.000010
0.193866 0.000010 0.095982 0.078431 0.000013 0.000010 0.164774 0.466903 0.000010
0.186355 0.000010 0.000010 0.078207 0.033369 0.000010 0.132367 0.569662 0.000010
0.000010 0.129264 0.000010 0.245476 0.011110 0.000010 0.246489 0.358461 0.009171
0.373290 0.014595 0.000010 0.075762 0.053397 0.000010 0.141394 0.296276 0.045266
0.052441 0.000010 0.036068 0.166992 0.000010 0.148821 0.484746 0.110902 0.000010
0.272412 0.008993 0.060746 0.091454 0.051873 0.000010 0.175015 0.339487 0.000010
0.318186 0.000010 0.029655 0.000010 0.000010 0.031037 0.054722 0.502279 0.064091
0.183516 0.000010 0.001750 0.086055 0.044206 0.000010 0.244750 0.439692 0.000010
0.097292 0.000010 0.000010 0.159427 0.000010 0.069152 0.268647 0.344029 0.061423
0.150965 0.000010 0.162411 0.000010 0.000010 0.000010 0.213481 0.473093 0.000010
0.088979 0.000010 0.000010 0.056321 0.275649 0.042180 0.094452 0.388196 0.054203
0.000010 0.049436 0.000010 0.227657 0.000010 0.013010 0.218074 0.491781 0.000010
0.224764 0.000010 0.000010 0.071939 0.039430 0.002096 0.199725 0.462017 0.000010
0.288172 0.033149 0.000010 0.021005 0.000010 0.000010 0.290599 0.367035 0.000010
0.156123 0.000010 0.000010 0.193559 0.047608 0.000010 0.246286 0.302959 0.053435
0.276602 0.138893 0.000010 0.000010 0.000010 0.000010 0.153516 0.430940 0.000010
0.000010 0.094734 0.032760 0.000010 0.000010 0.000010 0.353985 0.518471 0.000010
0.108119 0.216818 0.000010 0.191577 0.000010 0.000010 0.156830 0.326616 0.000010
0.310647 0.000011 0.103077 0.097996 0.000010 0.000010 0.025401 0.444406 0.018443
0.165650 0.000010 0.102686 0.134734 0.000010 0.000010 0.076587 0.520304 0.000010
0.042848 0.029749 0.033749 0.144574 0.000010 0.000010 0.278158 0.419577 0.051326
0.136362 0.000010 0.137214 0.265502 0.000010 0.038570 0.178320 0.244003 0.000010
0.055495 0.111515 0.007605 0.358669 0.000010 0.057476 0.000010 0.409210 0.000010
0.257944 0.002957 0.104522 0.233708 0.000010 0.000010 0.058115 0.342724 0.000010
0.367493 0.000010 0.041022 0.046004 0.000010 0.037419 0.094571 0.413461 0.000010
0.174111 0.056765 0.036821 0.000010 0.078008 0.000010 0.137335 0.400846 0.116094
0.311139 0.000010 0.000010 0.006908 0.000010 0.021088 0.122943 0.537882 0.000010
0.279592 0.000010 0.000010 0.139055 0.000010 0.091443 0.013446 0.476424 0.000010
0.000010 0.000010 0.000010 0.100550 0.095771 0.000010 0.199087 0.604543 0.000010
0.267565 0.082700 0.000010 0.039675 0.124232 0.003742 0.088393 0.393673 0.000010
0.272925 0.154893 0.147288 0.283884 0.028555 0.036207 0.029708 0.000010 0.046530
0.209206 0.064148 0.000010 0.158356 0.000010 0.123470 0.098190 0.346599 0.000010
0.090557 0.187406 0.049254 0.000012 0.000010 0.000010 0.000010 0.672732 0.000010
0.299264 0.061631 0.082806 0.039863 0.020970 0.000010 0.000010 0.495437 0.000010
0.100892 0.000010 0.000010 0.079018 0.089562 0.037235 0.032634 0.660628 0.000010
0.145174 0.000010 0.000010 0.302398 0.000015 0.042798 0.136666 0.372918 0.000010
0.044152 0.064954 0.000010 0.347642 0.000010 0.047890 0.067441 0.427892 0.000010
0.372806 0.000010 0.021372 0.000010 0.000010 0.000010 0.247137 0.358634 0.000010
0.243775 0.000010 0.058167 0.157334 0.070443 0.000010 0.117808 0.352444 0.000010
0.000010 0.000010 0.159728 0.035619 0.000010 0.021790 0.232966 0.549857 0.000010
0.093126 0.171044 0.008712 0.123361 0.000010 0.039723 0.000010 0.518923 0.045091
0.000010 0.000010 0.000010 0.012854 0.000010 0.320164 0.014979 0.000010 0.651954
0.000010 0.000010 0.000010 0.000010 0.000010 0.326078 0.000010 0.000010 0.673852
0.033264 0.000010 0.000010 0.000010 0.000010 0.436422 0.000010 0.000010 0.530254
0.058129 0.000010 0.000010 0.000010 0.000010 0.558096 0.000010 0.000010 0.383715
0.000010 0.000010 0.000010 0.000010 0.002187 0.253758 0.000010 0.000010 0.743995
0.039831 0.000010 0.000010 0.000010 0.000010 0.372745 0.000010 0.000010 0.587363
0.032067 0.018719 0.000010 0.000010 0.000010 0.402959 0.030734 0.000010 0.515482
0.000010 0.000010 0.004085 0.000010 0.000010 0.293867 0.000010 0.000010 0.701988
0.000010 0.000010 0.000010 0.000010 0.000010 0.185229 0.000010 0.000010 0.814701
0.031204 0.000010 0.000010 0.000010 0.000010 0.157511 0.005863 0.000010 0.805372
0.001749 0.000010 0.000010 0.002298 0.000010 0.188566 0.000010 0.000010 0.807337
0.000010 0.000010 0.000010 0.000010 0.000010 0.440679 0.000010 0.000010 0.559251
0.000010 0.000010 0.000010 0.056182 0.000010 0.454289 0.030833 0.000010 0.458645
0.011836 0.000010 0.000010 0.000010 0.002633 0.445262 0.000010 0.000010 0.540219
0.000010 0.000010 0.060738 0.000010 0.000010 0.303356 0.000010 0.000010 0.635846
0.000010 0.000010 0.000010 0.000010 0.000010 0.398572 0.000010 0.000010 0.601358
0.000010 0.005407 0.000010 0.000010 0.000010 0.425955 0.000010 0.000010 0.568578
0.000010 0.025533 0.000010 0.048828 0.038455 0.629652 0.017952 0.000010 0.239551
0.000010 0.000010 0.000010 0.045679 0.000010 0.442722 0.000010 0.000010 0.511539
0.000010 0.000010 0.000010 0.025312 0.000010 0.285667 0.000010 0.000010 0.688961
0.000010 0.070770 0.000010 0.000010 0.000010 0.490000 0.000010 0.000010 0.439170
0.000010 0.000010 0.009984 0.000010 0.000010 0.304767 0.000010 0.000010 0.685189
0.047516 0.000010 0.000010 0.000010 0.000010 0.511053 0.000010 0.013410 0.427972
0.000010 0.000010 0.024918 0.000010 0.000010 0.478786 0.000010 0.000010 0.496236
0.000010 0.066013 0.000010 0.000010 0.000010 0.260806 0.000010 0.000010 0.673122
0.071077 0.000010 0.000010 0.000010 0.000010 0.533774 0.024590 0.023950 0.346569
0.000010 0.000010 0.000010 0.000010 0.004417 0.286188 0.057529 0.000010 0.651817
0.000010 0.000010 0.000010 0.000010 0.000010 0.361364 0.000010 0.062825 0.575751
0.000010 0.000010 0.187579 0.000010 0.589228 0.000010 0.223132 0.000010 0.000010
0.198898 0.000010 0.064967 0.445732 0.000010 0.000010 0.000010 0.267196 0.023167
0.411240 0.134289 0.000010 0.158757 0.009889 0.000010 0.000010 0.285785 0.000010
0.297902 0.121482 0.010942 0.312383 0.000010 0.000010 0.019298 0.237963 0.000010
0.263612 0.055805 0.000010 0.415093 0.019362 0.000010 0.164922 0.081175 0.000010
0.425681 0.000010 0.000010 0.284758 0.089595 0.000010 0.045887 0.154040 0.000010
0.598210 0.000010 0.000010 0.084857 0.000010 0.000010 0.000010 0.316874 0.000010
0.386345 0.221844 0.000010 0.316361 0.000010 0.059133 0.000010 0.016278 0.000010
0.406707 0.000010 0.000010 0.229174 0.038580 0.088343 0.000010 0.199260 0.037907
0.331800 0.000010 0.008320 0.456425 0.045520 0.066768 0.000010 0.091136 0.000010
0.431268 0.000010 0.000010 0.193520 0.000010 0.000010 0.046023 0.329139 0.000010
0.444500 0.000010 0.000010 0.373615 0.007193 0.000010 0.000010 0.174642 0.000010
0.406208 0.000010 0.000010 0.356780 0.000010 0.000010 0.003379 0.233583 0.000010
0.434701 0.000010 0.068068 0.285349 0.070203 0.000010 0.043210 0.098438 0.000010
0.633120 0.000010 0.000010 0.135755 0.017407 0.034491 0.021081 0.158116 0.000010
0.384708 0.057885 0.009561 0.336092 0.004333 0.000010 0.000010 0.200994 0.006408
0.562564 0.000010 0.000010 0.242217 0.000010 0.000010 0.000010 0.195160 0.000010
0.593338 0.018404 0.000010 0.011908 0.037298 0.000010 0.000010 0.339011 0.000010
0.379396 0.000010 0.127346 0.246912 0.000010 0.001739 0.000010 0.244567 0.000010
0.360941 0.009169 0.054933 0.236123 0.074504 0.000010 0.019646 0.244664 0.000010
0.412283 0.000010 0.024165 0.363738 0.027965 0.000010 0.000010 0.171809 0.000010
0.365410 0.000010 0.000010 0.309640 0.000010 0.000746 0.000010 0.324154 0.000010
0.181392 0.017002 0.000010 0.310617 0.000010 0.000010 0.067071 0.423878 0.000010
0.475041 0.063982 0.000010 0.424812 0.000010 0.000010 0.000010 0.036115 0.000010
0.507245 0.000010 0.000010 0.103686 0.000010 0.026010 0.030739 0.332280 0.000010
0.455856 0.095326 0.000010 0.281111 0.000010 0.000010 0.078267 0.089400 0.000010
0.213791 0.017876 0.027276 0.526743 0.000010 0.000010 0.048326 0.165958 0.000010
0.328839 0.016006 0.061744 0.341081 0.000010 0.030089 0.011400 0.146881 0.063950
0.582354 0.020084 0.080937 0.282306 0.000010 0.000010 0.000010 0.034279 0.000010
0.000012 0.000010 0.000010 0.000010 0.948206 0.000010 0.000010 0.051722 0.000010
0.000010 0.000010 0.000010 0.000010 0.999920 0.000010 0.000010 0.000010 0.000010
0.000010 0.057339 0.000010 0.000010 0.942591 0.000010 0.000010 0.000010 0.000010
0.000010 0.027297 0.000010 0.000010 0.972633 0.000010 0.000010 0.000010 0.000010
0.000010 0.199447 0.300843 0.000014 0.320883 0.000010 0.178772 0.000010 0.000010
0.000010 0.000010 0.000010 0.000010 0.923010 0.000010 0.000010 0.065656 0.011274
0.000010 0.000010 0.000010 0.000010 0.957171 0.000010 0.042759 0.000010 0.000010
0.000010 0.000010 0.000017 0.011208 0.901972 0.000336 0.000010 0.086427 0.000010
0.000010 0.021471 0.000017 0.000010 0.972959 0.000010 0.000010 0.000010 0.005503
0.000010 0.000010 0.001314 0.022061 0.825330 0.000010 0.151245 0.000010 0.000010
0.000010 0.000010 0.000010 0.000010 0.968070 0.000010 0.031860 0.000010 0.000010
0.051472 0.000010 0.000010 0.040143 0.855131 0.000010 0.053204 0.000010 0.000010
0.000013 0.000010 0.000010 0.020621 0.914349 0.000010 0.008064 0.056913 0.000010
0.000010 0.000010 0.000010 0.000010 0.987720 0.000010 0.012210 0.000010 0.000010
0.000010 0.000010 0.000010 0.000010 0.976132 0.000010 0.023798 0.000010 0.000010
0.000010 0.000010 0.000010 0.000010 0.977592 0.000010 0.000010 0.022338 0.000010
0.091578 0.000010 0.000010 0.005627 0.902735 0.000010 0.000010 0.000010 0.000010
0.611549 0.000010 0.001347 0.000010 0.000010 0.000010 0.053669 0.270305 0.063090
0.620484 0.048859 0.000010 0.000010 0.000010 0.002709 0.067940 0.184962 0.075016
0.492502 0.000010 0.000010 0.088641 0.000010 0.035255 0.000010 0.279084 0.104477
0.397971 0.000010 0.000010 0.155979 0.000010 0.000819 0.007382 0.350825 0.086993
0.445496 0.011234 0.047734 0.284803 0.000010 0.000010 0.028169 0.042120 0.140424
0.485370 0.004315 0.000010 0.203277 0.000010 0.000010 0.077150 0.229848 0.000010
0.281134 0.077174 0.000010 0.062251 0.090920 0.042673 0.000010 0.412621 0.033208
0.449887 0.134501 0.000010 0.012045 0.000010 0.000010 0.000010 0.403517 0.000010
0.493158 0.000010 0.001199 0.153179 0.000010 0.000010 0.033206 0.319218 0.000010
0.384614 0.000010 0.014801 0.251057 0.000010 0.047232 0.000010 0.208750 0.093517
0.532408 0.000010 0.000010 0.147742 0.000010 0.084346 0.136773 0.000010 0.098692
0.339885 0.000010 0.000010 0.242764 0.000010 0.000010 0.072329 0.324782 0.020200
0.485666 0.030421 0.000010 0.060875 0.073871 0.000010 0.034835 0.269926 0.044387
0.479933 0.000010 0.000010 0.000010 0.000010 0.000010 0.105931 0.391800 0.022286
0.494160 0.000010 0.000010 0.109413 0.170478 0.045238 0.000010 0.180671 0.000010
0.395677 0.026133 0.000010 0.272592 0.000010 0.000010 0.000010 0.285008 0.020551
0.569735 0.000010 0.054770 0.098905 0.000010 0.000010 0.000010 0.208854 0.067697
0.412939 0.000010 0.000010 0.302326 0.000010 0.000010 0.101831 0.182853 0.000010
0.407833 0.000010 0.007353 0.000010 0.143064 0.000010 0.136953 0.304756 0.000010
0.451356 0.000010 0.000010 0.227114 0.089524 0.000010 0.000010 0.205092 0.026875
0.635654 0.000010 0.000010 0.000010 0.000010 0.000010 0.019283 0.345002 0.000010
0.443479 0.225117 0.000010 0.061016 0.035333 0.172230 0.049740 0.013065 0.000010
0.399491 0.000010 0.000010 0.239679 0.000010 0.004419 0.000010 0.356361 0.000010
0.448728 0.000010 0.000010 0.029548 0.000010 0.076037 0.100569 0.285166 0.059922
0.448533 0.117820 0.019082 0.058101 0.000010 0.000010 0.064647 0.251214 0.040582
0.623500 0.000010 0.000010 0.000010 0.107941 0.010152 0.049344 0.181178 0.027855
0.445798 0.000010 0.067629 0.151876 0.000010 0.000010 0.000010 0.287017 0.047640
0.345750 0.000016 0.066113 0.217107 0.040266 0.000010 0.000010 0.222999 0.107729
0.606133 0.051927 0.141701 0.146994 0.000010 0.000010 0.051631 0.001583 0.000010
0.496807 0.000010 0.000010 0.204952 0.042937 0.010997 0.026592 0.193558 0.024138
0.566234 0.000010 0.000010 0.000010 0.000010 0.000010 0.000010 0.433696 0.000010
0.475591 0.000010 0.000010 0.000010 0.000010 0.000010 0.122652 0.346900 0.054807
0.435517 0.000010 0.114803 0.206598 0.081086 0.000010 0.017316 0.116606 0.028054
0.449045 0.000010 0.000010 0.062551 0.077559 0.026496 0.000707 0.353378 0.030243
0.426697 0.003001 0.008373 0.200546 0.145916 0.000010 0.034257 0.153670 0.027530
0.476871 0.000010 0.000010 0.147296 0.000010 0.000010 0.132104 0.243679 0.000010
0.503725 0.000010 0.000010 0.123434 0.000010 0.031653 0.112028 0.229120 0.000010
0.488460 0.032262 0.088575 0.148619 0.018133 0.000010 0.027114 0.196817 0.000010
0.290938 0.032624 0.047390 0.278717 0.000010 0.000010 0.023781 0.321895 0.004635
0.571193 0.000010 0.000010 0.000010 0.000010 0.000011 0.000010 0.324639 0.104107
0.558984 0.032407 0.000010 0.007522 0.000010 0.077159 0.119312 0.154988 0.049608
0.631864 0.000010 0.000010 0.057320 0.000010 0.000010 0.084616 0.226150 0.000010
0.608414 0.000010 0.000010 0.000010 0.158664 0.000010 0.000010 0.050840 0.182032
0.378575 0.000010 0.006183 0.164811 0.061400 0.019185 0.069330 0.185999 0.114508
0.321574 0.058653 0.043764 0.282103 0.000010 0.018406 0.000010 0.157722 0.117759
0.652926 0.053272 0.000010 0.041382 0.051589 0.020906 0.073189 0.106717 0.000010
0.291141 0.000010 0.000010 0.060610 0.000010 0.000010 0.152909 0.253221 0.242079
0.641297 0.036862 0.000010 0.000010 0.000010 0.085326 0.000010 0.215873 0.020602
0.410951 0.000010 0.090811 0.000010 0.081237 0.000010 0.025069 0.210694 0.181207
0.370896 0.158943 0.000010 0.115778 0.000010 0.100455 0.014216 0.239682 0.000010
0.543209 0.104327 0.000010 0.051784 0.000010 0.061385 0.000010 0.239255 0.000010
0.543182 0.010296 0.000010 0.000010 0.065537 0.000010 0.041360 0.273185 0.066410
0.493772 0.053263 0.000010 0.000010 0.161106 0.000010 0.000706 0.276123 0.014999
0.531111 0.000010 0.000010 0.127108 0.007048 0.113385 0.078033 0.139029 0.004268
0.547832 0.000020 0.000010 0.000015 0.000010 0.015204 0.000010 0.238402 0.198496
0.000010 0.000010 0.000010 0.000010 0.102423 0.048174 0.034345 0.000010 0.815007
0.610451 0.051149 0.000010 0.000010 0.000010 0.000010 0.000010 0.102477 0.235874
0.452888 0.000010 0.000010 0.101751 0.078477 0.000010 0.034451 0.092474 0.239930
0.589015 0.000010 0.000014 0.000010 0.101765 0.067223 0.048611 0.176618 0.016734
0.531479 0.000010 0.117147 0.192508 0.042256 0.018269 0.000010 0.000010 0.098311
0.585140 0.062669 0.000010 0.049877 0.059208 0.000010 0.000010 0.243065 0.000010
0.759338 0.000010 0.000010 0.000010 0.000010 0.022138 0.122533 0.095941 0.000010
0.440587 0.000010 0.000010 0.243209 0.000010 0.067784 0.000010 0.248369 0.000010
0.486102 0.000010 0.000010 0.001413 0.000010 0.068319 0.034472 0.281476 0.128188
0.616077 0.000010 0.000010 0.022382 0.047457 0.016011 0.000010 0.298033 0.000010
0.699357 0.000010 0.000010 0.000012 0.044598 0.047152 0.000010 0.181713 0.027139
0.389248 0.000010 0.006104 0.019383 0.111878 0.010362 0.000010 0.224436 0.238569
0.599534 0.000010 0.000010 0.000010 0.000010 0.000010 0.070618 0.300754 0.029044
0.335459 0.000010 0.000010 0.000010 0.009874 0.138205 0.024768 0.352937 0.138727
0.627602 0.000960 0.030777 0.088922 0.049460 0.019127 0.074815 0.108328 0.000010
0.521368 0.000010 0.000010 0.051271 0.023388 0.000010 0.124111 0.259088 0.020745
0.476304 0.000010 0.000010 0.185505 0.049495 0.017432 0.113155 0.158079 0.000010
0.517163 0.008681 0.000010 0.093638 0.038246 0.000010 0.184798 0.081322 0.076133
0.403689 0.000010 0.000010 0.261141 0.000010 0.000010 0.018447 0.209958 0.106725
0.594091 0.000010 0.002900 0.021761 0.071027 0.000010 0.000010 0.268583 0.041608
0.487059 0.000010 0.000010 0.000010 0.000010 0.037576 0.043388 0.431927 0.000010
0.627318 0.000010 0.000010 0.000010 0.000010 0.000010 0.000010 0.372612 0.000010
0.525902 0.000010 0.114524 0.000010 0.000010 0.184222 0.081258 0.089027 0.005038
0.488850 0.036610 0.000012 0.000010 0.112331 0.000010 0.108688 0.177205 0.076283
0.717593 0.000010 0.009320 0.000010 0.000010 0.022520 0.100606 0.149921 0.000010
0.567835 0.000010 0.043012 0.105839 0.000010 0.090598 0.000010 0.185548 0.007139
0.720250 0.018312 0.077310 0.000010 0.000010 0.000010 0.000010 0.184078 0.000010
0.581489 0.000010 0.016130 0.116364 0.006583 0.090993 0.000010 0.163957 0.024463
0.681248 0.000010 0.028618 0.000010 0.053855 0.000010 0.000010 0.177113 0.059126
0.646576 0.000010 0.006630 0.035334 0.049230 0.009035 0.000010 0.253165 0.000010
0.676632 0.000010 0.000010 0.000010 0.014886 0.103900 0.000010 0.204531 0.000010
0.520815 0.000010 0.000010 0.000010 0.002412 0.000010 0.200444 0.276279 0.000010
0.000010 0.000010 0.000010 0.000010 0.836036 0.000010 0.163894 0.000010 0.000010
0.000010 0.000010 0.000010 0.000010 0.999915 0.000015 0.000010 0.000010 0.000010
0.000010 0.000010 0.191064 0.055319 0.616201 0.000010 0.137366 0.000010 0.000010
0.000010 0.000010 0.118912 0.000010 0.599532 0.000010 0.195578 0.085928 0.000010
0.009294 0.000010 0.055662 0.000010 0.799737 0.000010 0.135257 0.000010 0.000010
0.000010 0.005067 0.000010 0.000010 0.887653 0.000010 0.107220 0.000010 0.000010
0.000010 0.000014 0.038431 0.000010 0.930631 0.000010 0.030875 0.000010 0.000010
0.390910 0.000010 0.000010 0.380732 0.048695 0.000010 0.031346 0.148277 0.000010
0.581937 0.000010 0.029502 0.172596 0.000010 0.060143 0.044696 0.104732 0.006376
0.370280 0.118103 0.000010 0.223999 0.000010 0.000010 0.000010 0.287568 0.000010
0.703075 0.019855 0.000010 0.174586 0.000010 0.000010 0.000010 0.066545 0.035900
0.342274 0.049605 0.000010 0.205021 0.101372 0.000010 0.000010 0.301688 0.000010
0.284280 0.055679 0.000010 0.342974 0.000010 0.000010 0.005608 0.311419 0.000010
0.524588 0.018624 0.000010 0.045593 0.120190 0.000010 0.000010 0.290965 0.000010
0.425542 0.014971 0.000010 0.079298 0.336643 0.000010 0.000010 0.143506 0.000010
0.527680 0.179287 0.000010 0.121804 0.000010 0.000010 0.000010 0.171179 0.000010
0.508978 0.003072 0.000010 0.281802 0.090454 0.000010 0.000010 0.115654 0.000010
0.504387 0.018354 0.000010 0.072405 0.000010 0.030630 0.000010 0.296707 0.077488
0.563351 0.000010 0.041377 0.022324 0.000010 0.000010 0.112056 0.260852 0.000010
0.569485 0.069848 0.000010 0.000010 0.056740 0.000010 0.057798 0.246089 0.000010
0.535989 0.077684 0.006808 0.134047 0.000010 0.001277 0.000010 0.244164 0.000010
0.490608 0.000010 0.060084 0.004458 0.000010 0.000010 0.121988 0.178355 0.144478
0.388202 0.010904 0.024158 0.050125 0.000010 0.023152 0.000010 0.437837 0.065602
0.387530 0.015066 0.155201 0.000010 0.000010 0.000010 0.000010 0.359901 0.082261
0.398502 0.000010 0.000010 0.087809 0.000010 0.000010 0.000010 0.279605 0.234033
0.572319 0.000010 0.005336 0.000010 0.000010 0.040942 0.188840 0.065419 0.127114
0.547258 0.000010 0.094388 0.086859 0.054783 0.056688 0.000010 0.159993 0.000010
0.522114 0.000010 0.016622 0.043085 0.004032 0.000010 0.092771 0.046430 0.274926
0.541077 0.000010 0.106070 0.161128 0.000010 0.047677 0.000010 0.106517 0.037501
0.695707 0.001755 0.000010 0.046220 0.000010 0.000010 0.000010 0.256268 0.000010
0.478597 0.062377 0.000010 0.025229 0.000010 0.000010 0.000010 0.126474 0.307283
0.528104 0.000010 0.000010 0.020382 0.000010 0.040610 0.142083 0.125983 0.142809
0.534013 0.061683 0.081470 0.113335 0.000010 0.010148 0.002925 0.196405 0.000010
0.233666 0.000010 0.000010 0.000010 0.373023 0.084788 0.000010 0.053885 0.254598
0.530130 0.000010 0.098433 0.000010 0.000010 0.000010 0.000010 0.245682 0.125706
0.358357 0.000010 0.092932 0.141248 0.089243 0.034434 0.051530 0.231359 0.000886
0.603179 0.000010 0.000010 0.173408 0.021894 0.000010 0.011476 0.190003 0.000010
0.559549 0.000010 0.000010 0.000010 0.012538 0.000010 0.029704 0.371359 0.026810
0.556954 0.000010 0.209839 0.000010 0.000010 0.034149 0.000010 0.111701 0.087317
0.577226 0.000010 0.000010 0.000010 0.054247 0.000010 0.000010 0.313318 0.055159
0.369620 0.000010 0.000010 0.000010 0.000541 0.037146 0.093499 0.383081 0.116083
0.399316 0.000010 0.079405 0.049555 0.029218 0.000010 0.119134 0.133496 0.189856
0.000010 0.887894 0.000010 0.000010 0.000010 0.000010 0.000010 0.112036 0.000010
0.032499 0.380946 0.000010 0.164193 0.000010 0.092599 0.068369 0.261364 0.000010
0.000010 0.690250 0.000010 0.254756 0.000010 0.019456 0.000010 0.035488 0.000010
0.000010 0.860106 0.104570 0.000010 0.000010 0.033457 0.001817 0.000010 0.000010
0.000010 0.000010 0.464022 0.000010 0.000010 0.000010 0.363949 0.171969 0.000010
0.000010 0.000010 0.516678 0.000010 0.068255 0.000010 0.325416 0.033607 0.056005
0.007766 0.000010 0.326398 0.000010 0.000010 0.064180 0.466309 0.115629 0.019689
0.000010 0.000010 0.486627 0.000010 0.000010 0.001219 0.333566 0.178537 0.000010
0.013460 0.001876 0.427925 0.000010 0.000010 0.000010 0.483668 0.073031 0.000010
0.000010 0.037048 0.431368 0.119660 0.019125 0.000010 0.314944 0.014752 0.063083
0.000010 0.000010 0.380376 0.000010 0.011214 0.000010 0.349578 0.258782 0.000010
0.000010 0.117918 0.266893 0.000010 0.078666 0.002129 0.267607 0.226222 0.040545
0.044061 0.036466 0.439860 0.000010 0.000010 0.000010 0.317161 0.136165 0.026257
0.020589 0.000010 0.448129 0.000010 0.000010 0.025728 0.444533 0.060982 0.000010
0.491886 0.000010 0.094365 0.000010 0.000010 0.062198 0.150077 0.201433 0.000010
0.274205 0.013532 0.000010 0.183332 0.000010 0.037292 0.051947 0.209385 0.230288
0.545312 0.000010 0.000010 0.021511 0.000010 0.000010 0.000010 0.367247 0.065880
0.457464 0.158841 0.000010 0.054565 0.115071 0.000010 0.070694 0.108285 0.035061
0.349694 0.027000 0.059320 0.076530 0.000010 0.000010 0.072504 0.253537 0.161394
0.643065 0.009198 0.000010 0.059411 0.066353 0.000010 0.060660 0.161282 0.000010
0.493354 0.000010 0.031941 0.004916 0.000010 0.019100 0.098516 0.334997 0.017156
0.734731 0.000010 0.000010 0.000010 0.000010 0.000010 0.000010 0.265199 0.000010
0.385970 0.000012 0.170869 0.092225 0.000012 0.000010 0.136894 0.000010 0.213998
0.610830 0.000010 0.000010 0.086235 0.000010 0.000010 0.000010 0.302875 0.000010
0.409801 0.000010 0.000010 0.082168 0.078623 0.000010 0.000010 0.388624 0.040745
0.658528 0.000010 0.106975 0.000010 0.000010 0.000010 0.000010 0.234437 0.000010
0.537205 0.000010 0.128589 0.000010 0.000010 0.000010 0.000010 0.334145 0.000010
0.462312 0.021211 0.000010 0.000010 0.047794 0.000010 0.000010 0.212093 0.256550
0.736579 0.000010 0.000010 0.047514 0.000010 0.000010 0.024796 0.191061 0.000010
0.588029 0.086354 0.001242 0.070842 0.000010 0.000010 0.000010 0.074331 0.179173
0.711833 0.044617 0.000010 0.029000 0.000010 0.000010 0.035788 0.178722 0.000010
0.493675 0.039480 0.000010 0.000010 0.000015 0.000010 0.087372 0.273615 0.105814
0.459919 0.018170 0.063217 0.113909 0.000010 0.000010 0.073337 0.205163 0.066264
0.526371 0.000010 0.010787 0.073704 0.000010 0.126223 0.014091 0.166234 0.082570
0.618601 0.000010 0.031640 0.000010 0.000010 0.000010 0.000010 0.269117 0.080592
0.020056 0.000010 0.776343 0.023434 0.079564 0.000010 0.100563 0.000010 0.000010
0.000010 0.000010 0.555113 0.000010 0.090610 0.008409 0.254614 0.091214 0.000010
0.083994 0.000010 0.598081 0.000010 0.000010 0.000010 0.299017 0.000010 0.018858
0.000010 0.038735 0.678049 0.000010 0.000010 0.000010 0.283157 0.000010 0.000010
0.000010 0.111698 0.631288 0.011009 0.000010 0.000010 0.206851 0.039114 0.000010
0.037781 0.000010 0.696394 0.000010 0.087219 0.000010 0.178556 0.000010 0.000010
0.000010 0.000010 0.686577 0.000010 0.026856 0.006744 0.279774 0.000010 0.000010
0.000010 0.000010 0.646900 0.033632 0.048188 0.000010 0.265215 0.006024 0.000010
0.000010 0.000010 0.677862 0.000010 0.148349 0.033441 0.132698 0.000010 0.007610
0.086896 0.067241 0.676275 0.000010 0.000010 0.000010 0.169539 0.000010 0.000010
0.000010 0.026375 0.651113 0.094844 0.061043 0.000010 0.141080 0.025515 0.000010
0.016994 0.038695 0.714698 0.009840 0.093371 0.000010 0.018380 0.108002 0.000010
0.000010 0.008626 0.678887 0.000010 0.078768 0.000010 0.233669 0.000010 0.000010
0.000010 0.000010 0.697656 0.000010 0.000010 0.014481 0.287803 0.000010 0.000010
0.000010 0.081713 0.726771 0.000010 0.000010 0.000010 0.191455 0.000010 0.000010
0.037277 0.045235 0.557755 0.000010 0.029616 0.016192 0.313895 0.000010 0.000010
0.000010 0.026298 0.763146 0.000010 0.000010 0.000010 0.210496 0.000010 0.000010
0.028667 0.000010 0.647633 0.000010 0.031592 0.000010 0.292059 0.000010 0.000010
0.000010 0.000010 0.776949 0.000010 0.000010 0.000010 0.222981 0.000010 0.000010
0.000010 0.000010 0.606512 0.036193 0.154769 0.000010 0.146727 0.055759 0.000010
0.000010 0.000010 0.572479 0.000010 0.000010 0.000010 0.392453 0.035007 0.000010
0.000010 0.104475 0.481561 0.000010 0.122137 0.000010 0.291777 0.000010 0.000010
0.000010 0.033860 0.736582 0.000010 0.000010 0.000010 0.198890 0.030618 0.000010
0.058749 0.000010 0.693097 0.000010 0.000010 0.000010 0.248094 0.000010 0.000010
0.000010 0.000010 0.579292 0.000010 0.094179 0.000010 0.255145 0.071334 0.000010
0.000010 0.000010 0.827408 0.000010 0.000010 0.024997 0.094649 0.000010 0.052895
0.081223 0.000010 0.596595 0.029337 0.054873 0.010128 0.227813 0.000010 0.000010
0.000010 0.000010 0.679438 0.000010 0.000010 0.000010 0.320492 0.000010 0.000010
0.000010 0.000010 0.665676 0.000010 0.027277 0.000010 0.306987 0.000010 0.000010
0.123580 0.000010 0.613323 0.000010 0.043633 0.000010 0.219414 0.000010 0.000010
0.000010 0.000010 0.626793 0.000010 0.000010 0.000010 0.276780 0.096367 0.000010
0.086600 0.000010 0.458579 0.020800 0.135605 0.000010 0.298375 0.000010 0.000010
0.000010 0.007416 0.554924 0.000010 0.000010 0.000010 0.373616 0.063993 0.000010
0.000010 0.000010 0.525119 0.000010 0.090659 0.000010 0.384162 0.000010 0.000010
0.000010 0.000010 0.588058 0.000010 0.000010 0.019318 0.392564 0.000010 0.000010
0.000010 0.111203 0.607247 0.000010 0.001194 0.012363 0.229068 0.038894 0.000010
0.000010 0.144508 0.379768 0.078182 0.211610 0.000010 0.185892 0.000010 0.000010
0.000010 0.032282 0.521020 0.004272 0.015964 0.000010 0.426422 0.000010 0.000010
0.000010 0.072051 0.625688 0.000010 0.000010 0.000010 0.302202 0.000010 0.000010
0.004038 0.000010 0.000010 0.000010 0.879965 0.001713 0.114235 0.000010 0.000010
0.000010 0.000010 0.029928 0.000010 0.969999 0.000012 0.000011 0.000010 0.000010
0.000010 0.000010 0.441855 0.101349 0.146897 0.031650 0.278210 0.000010 0.000010
0.000010 0.000010 0.629322 0.000010 0.000010 0.000010 0.370608 0.000010 0.000010
0.315093 0.089956 0.000010 0.343521 0.005762 0.000010 0.000010 0.245627 0.000010
0.478379 0.000010 0.000010 0.252403 0.075896 0.000010 0.007650 0.185632 0.000010
0.477959 0.037057 0.018990 0.253853 0.000010 0.003459 0.001134 0.207528 0.000010
0.010348 0.000010 0.002220 0.454290 0.118752 0.000010 0.039210 0.375150 0.000010
0.119308 0.000010 0.050828 0.334759 0.080826 0.056448 0.028986 0.328824 0.000010
0.127799 0.110761 0.000010 0.435661 0.091232 0.023270 0.021902 0.188748 0.000618
0.320265 0.000010 0.011730 0.547889 0.003053 0.000010 0.098157 0.018096 0.000790
0.376033 0.000010 0.027223 0.111501 0.000010 0.000010 0.131110 0.354093 0.000010
0.069692 0.000010 0.058574 0.462309 0.048286 0.000010 0.039999 0.321110 0.000010
0.287420 0.000010 0.064941 0.241733 0.015185 0.000010 0.000010 0.380734 0.009956
0.269258 0.000010 0.000010 0.490012 0.023676 0.000010 0.080045 0.082989 0.053989
0.179386 0.104291 0.000010 0.384676 0.029210 0.000010 0.025646 0.237005 0.039766
0.395560 0.000010 0.000010 0.254438 0.000010 0.000010 0.000010 0.349942 0.000010
0.000630 0.000010 0.480556 0.000010 0.000010 0.000010 0.385084 0.068616 0.065073
0.011278 0.000010 0.598143 0.000010 0.000010 0.016797 0.373732 0.000010 0.000010
0.000010 0.072248 0.639144 0.000010 0.057618 0.000010 0.230940 0.000010 0.000010
0.000010 0.000010 0.748303 0.000010 0.002467 0.000010 0.249170 0.000010 0.000010
0.000010 0.000010 0.723218 0.000010 0.000010 0.000010 0.276712 0.000010 0.000010
0.000010 0.000010 0.610307 0.000010 0.000010 0.000010 0.389623 0.000010 0.000010
0.042004 0.069296 0.472685 0.000010 0.138385 0.000010 0.268318 0.009281 0.000010
0.031531 0.000010 0.522897 0.004650 0.000010 0.020397 0.420485 0.000010 0.000010
0.000010 0.158135 0.434039 0.000010 0.000010 0.031627 0.354724 0.021434 0.000010
0.000010 0.004441 0.536525 0.000010 0.062300 0.015747 0.380947 0.000010 0.000010
0.058909 0.000010 0.792243 0.015987 0.000010 0.000010 0.132811 0.000010 0.000010
0.000010 0.007792 0.772712 0.000010 0.000915 0.000010 0.218531 0.000010 0.000010
