0.459183 0.000010 0.082012 0.000011 0.000010 0.000010 0.125129 0.333625 0.000010
0.263278 0.000010 0.003009 0.089457 0.047243 0.092757 0.113220 0.379979 0.011048
0.358301 0.076624 0.026842 0.167344 0.033505 0.024978 0.000010 0.312386 0.000010
0.136872 0.000011 0.043534 0.101895 0.000010 0.024699 0.212578 0.480390 0.000010
0.349162 0.000010 0.035966 0.028190 0.000010 0.000010 0.157178 0.429464 0.000010
0.195759 0.000010 0.001986 0.000010 0.028324 0.000010 0.171559 0.390237 0.212104
0.287442 0.041117 0.024277 0.000010 0.057599 0.000010 0.020903 0.568633 0.000010
0.254381 0.000010 0.045703 0.000010 0.045188 0.021870 0.000010 0.632818 0.000010
0.451541 0.000010 0.000010 0.136192 0.000010 0.000010 0.000010 0.249861 0.162356
0.323903 0.000010 0.159583 0.175125 0.072384 0.086301 0.087256 0.024256 0.071181
0.305010 0.000010 0.046903 0.126132 0.093852 0.030803 0.081603 0.315677 0.000010
0.373377 0.147161 0.011661 0.062649 0.000010 0.006212 0.000010 0.379582 0.019338
0.415438 0.000010 0.047665 0.000010 0.000010 0.000010 0.086469 0.450377 0.000010
0.378475 0.000010 0.000010 0.115463 0.014276 0.028803 0.000824 0.447963 0.014176
0.469014 0.000010 0.000011 0.025247 0.000010 0.000010 0.042471 0.440658 0.022569
0.393335 0.005165 0.165948 0.130309 0.000010 0.049557 0.048967 0.206699 0.000010
0.294457 0.082960 0.189796 0.260556 0.000010 0.016823 0.040891 0.081526 0.032980
0.543637 0.063042 0.028208 0.036429 0.010225 0.000010 0.000010 0.318429 0.000010
0.437930 0.000010 0.134378 0.138451 0.000010 0.000010 0.000010 0.289192 0.000010
0.183547 0.067467 0.147745 0.000011 0.015557 0.028287 0.127767 0.429609 0.000010
0.249285 0.000010 0.000010 0.336152 0.170247 0.040896 0.143544 0.059846 0.000010
0.348104 0.000010 0.000010 0.305789 0.010603 0.000010 0.042019 0.259327 0.034128
0.290414 0.000010 0.019489 0.320140 0.055850 0.017938 0.000010 0.296140 0.000010
0.149791 0.106390 0.118949 0.182012 0.032758 0.000010 0.000010 0.410070 0.000010
0.428569 0.000010 0.000010 0.084440 0.000010 0.000010 0.000010 0.486931 0.000010
0.305757 0.000010 0.000010 0.263803 0.054172 0.048063 0.000010 0.328164 0.000010
0.083272 0.000010 0.175862 0.001279 0.000010 0.002618 0.189648 0.502969 0.044332
0.352938 0.000010 0.000010 0.030227 0.016278 0.066647 0.155586 0.378294 0.000010
0.275104 0.000010 0.181985 0.166575 0.000010 0.000010 0.058969 0.315252 0.002085
0.300332 0.000010 0.000010 0.024872 0.139714 0.076977 0.000010 0.426756 0.031319
0.249203 0.000010 0.000010 0.159378 0.036382 0.061040 0.013186 0.480782 0.000010
0.142307 0.000010 0.000010 0.000010 0.147924 0.034272 0.001080 0.498023 0.176363
0.314886 0.123554 0.039399 0.347446 0.000010 0.000010 0.045214 0.113157 0.016325
0.244871 0.038117 0.000010 0.038818 0.000010 0.019832 0.168558 0.489774 0.000010
0.240990 0.000010 0.000010 0.000010 0.047457 0.000010 0.151539 0.547368 0.012606
0.232816 0.000010 0.000010 0.208861 0.011563 0.000010 0.127616 0.419103 0.000010
0.347564 0.068155 0.102965 0.000010 0.000010 0.000010 0.014066 0.384814 0.082406
0.384050 0.000010 0.000010 0.111353 0.058801 0.000010 0.000010 0.336719 0.109038
0.659740 0.000010 0.055586 0.040415 0.000010 0.000010 0.002303 0.241917 0.000010
0.255878 0.000010 0.000010 0.247070 0.000010 0.001311 0.151955 0.286565 0.057191
0.406949 0.049932 0.003600 0.048628 0.000010 0.000010 0.132194 0.353275 0.005403
0.228089 0.000010 0.051188 0.034108 0.087211 0.125029 0.091867 0.382487 0.000010
0.171503 0.117140 0.000010 0.379263 0.000010 0.000010 0.144277 0.187777 0.000010
0.430129 0.000010 0.000010 0.027483 0.020667 0.064493 0.075365 0.365080 0.016762
0.163774 0.000010 0.000010 0.039554 0.000010 0.003106 0.137729 0.471805 0.184002
0.398116 0.010266 0.077281 0.000010 0.000010 0.000010 0.175354 0.338944 0.000010
0.371593 0.000010 0.106093 0.000016 0.000010 0.017115 0.000010 0.505143 0.000010
0.285333 0.000010 0.000010 0.000010 0.026445 0.106675 0.132655 0.448852 0.000010
0.173271 0.060190 0.349720 0.026407 0.000010 0.000010 0.373311 0.017071 0.000010
0.093177 0.080385 0.336206 0.143474 0.000010 0.049778 0.000010 0.255005 0.041954
0.067161 0.072789 0.159829 0.340132 0.083403 0.021003 0.174629 0.081043 0.000010
0.164505 0.000010 0.208740 0.104618 0.045146 0.000010 0.304113 0.163233 0.009625
0.000011 0.122471 0.175313 0.213555 0.000010 0.000010 0.316403 0.092092 0.080137
0.151132 0.038412 0.461589 0.000010 0.089065 0.048657 0.155052 0.029039 0.027045
0.216199 0.034508 0.188412 0.199886 0.057922 0.005395 0.187328 0.110341 0.000010
0.178186 0.000010 0.170426 0.019370 0.000010 0.000010 0.148751 0.438594 0.044643
0.234362 0.146568 0.000010 0.197528 0.000010 0.000010 0.233666 0.182691 0.005156
0.293514 0.082415 0.374767 0.026240 0.037333 0.009791 0.101319 0.040624 0.033997
0.179868 0.000010 0.349206 0.222679 0.000010 0.000010 0.021276 0.226931 0.000010
0.000010 0.000010 0.564153 0.012302 0.008324 0.000010 0.241090 0.174091 0.000010
0.216226 0.060574 0.374962 0.000010 0.238389 0.038222 0.025135 0.038232 0.008249
0.000010 0.158336 0.230457 0.245569 0.000010 0.000010 0.109256 0.224999 0.031353
0.266146 0.105781 0.182402 0.027952 0.153929 0.000010 0.041782 0.221989 0.000010
0.043171 0.007333 0.493636 0.068910 0.031452 0.000010 0.124560 0.136607 0.094321
0.094779 0.161351 0.266143 0.132121 0.203380 0.004327 0.000010 0.123955 0.013934
0.157066 0.000010 0.350013 0.141246 0.000010 0.037496 0.000010 0.314139 0.000010
0.098715 0.000014 0.454618 0.113685 0.000010 0.020003 0.158183 0.105915 0.048856
0.201951 0.000010 0.478766 0.003703 0.000010 0.056458 0.173243 0.085849 0.000010
0.196075 0.000010 0.327391 0.000010 0.021312 0.000010 0.179620 0.275562 0.000010
0.316726 0.000010 0.177411 0.105033 0.065598 0.000010 0.000010 0.335192 0.000010
0.204669 0.136289 0.014051 0.046803 0.000010 0.000010 0.172756 0.400456 0.024956
0.344975 0.000011 0.051969 0.207796 0.106396 0.000010 0.000010 0.288823 0.000010
0.372118 0.077144 0.054283 0.105499 0.070354 0.000010 0.150539 0.113724 0.056329
0.116408 0.000010 0.066786 0.198636 0.000010 0.000010 0.049205 0.538686 0.030249
0.333279 0.036491 0.000010 0.000010 0.000010 0.000010 0.031787 0.568548 0.029854
0.367515 0.000010 0.000010 0.000010 0.088495 0.000011 0.000010 0.543930 0.000010
0.132572 0.210393 0.000010 0.074981 0.000010 0.160109 0.087914 0.287329 0.046682
0.545133 0.000010 0.000010 0.000010 0.000010 0.005699 0.000010 0.319903 0.129216
0.233651 0.000010 0.000010 0.000010 0.042888 0.000010 0.066512 0.656898 0.000010
0.298519 0.000010 0.000010 0.152845 0.073548 0.000010 0.000010 0.473191 0.001856
0.275077 0.000010 0.000010 0.003013 0.264350 0.000010 0.058824 0.398697 0.000010
0.525571 0.000010 0.000010 0.000010 0.045652 0.000010 0.068622 0.360106 0.000010
0.302107 0.017473 0.000010 0.194851 0.000010 0.000010 0.122242 0.252987 0.110309
0.004258 0.057403 0.000010 0.310940 0.011706 0.154454 0.000010 0.397756 0.063464
0.000010 0.012136 0.047067 0.125261 0.009913 0.000010 0.095801 0.620441 0.089361
0.315910 0.000010 0.095991 0.046914 0.000010 0.070879 0.016014 0.366939 0.087333
0.156676 0.000013 0.137469 0.000010 0.007293 0.080086 0.169850 0.323737 0.124865
0.371269 0.000017 0.021822 0.000010 0.000010 0.000010 0.104657 0.304754 0.197450
0.438109 0.000010 0.130999 0.000010 0.137722 0.000010 0.006314 0.283651 0.003175
0.253432 0.117348 0.002482 0.000010 0.000010 0.000010 0.087753 0.206455 0.332498
0.438874 0.052735 0.000010 0.043969 0.000010 0.014913 0.000010 0.449469 0.000010
0.302046 0.000010 0.000010 0.000010 0.086392 0.000010 0.050032 0.532436 0.029053
0.259077 0.006547 0.000010 0.282491 0.000011 0.000010 0.018015 0.433829 0.000010
0.175263 0.015673 0.000010 0.296064 0.000010 0.000010 0.000010 0.511536 0.001424
0.162744 0.000010 0.000010 0.196775 0.071782 0.000010 0.115205 0.368055 0.085408
0.190395 0.000010 0.088512 0.085925 0.032562 0.097148 0.234665 0.270773 0.000010
0.291931 0.129120 0.000010 0.017613 0.175236 0.018584 0.019956 0.293666 0.053884
0.000010 0.059710 0.000010 0.079281 0.000010 0.035270 0.365564 0.460135 0.000010
0.248623 0.160203 0.094510 0.043103 0.000010 0.033948 0.169270 0.234196 0.016136
0.262621 0.000010 0.017215 0.142128 0.000010 0.000010 0.085316 0.449592 0.043098
0.000010 0.090744 0.000010 0.089750 0.233533 0.025544 0.102397 0.284664 0.173348
0.008411 0.057576 0.000010 0.220252 0.063279 0.158542 0.000010 0.120426 0.371494
0.000010 0.109812 0.084608 0.087646 0.000010 0.201954 0.142080 0.162732 0.211148
0.257087 0.085434 0.000010 0.000010 0.000010 0.058995 0.083807 0.514636 0.000010
0.215567 0.079576 0.000010 0.008748 0.000010 0.000010 0.313511 0.382558 0.000010
0.100770 0.061809 0.000010 0.229964 0.011088 0.000010 0.221189 0.375150 0.000010
0.308716 0.000010 0.071213 0.021171 0.024151 0.000010 0.089511 0.436297 0.048921
0.151472 0.000010 0.162630 0.000010 0.026940 0.000010 0.113434 0.545484 0.000010
0.213634 0.000010 0.062393 0.049014 0.012424 0.000010 0.000010 0.662494 0.000010
0.206993 0.000010 0.049648 0.000011 0.047100 0.000010 0.160978 0.516578 0.018672
0.000010 0.000011 0.000010 0.274245 0.029816 0.063427 0.303255 0.226558 0.102668
0.256491 0.064924 0.082882 0.015699 0.016983 0.000010 0.097804 0.441891 0.023316
0.112018 0.144184 0.000010 0.003644 0.169051 0.000010 0.000010 0.542585 0.028488
0.298666 0.000010 0.022765 0.000413 0.000010 0.000010 0.114518 0.563426 0.000182
0.000010 0.000010 0.000010 0.250324 0.000010 0.000010 0.309330 0.431896 0.008399
0.145033 0.073392 0.090168 0.000010 0.000010 0.023548 0.103286 0.549125 0.015427
0.054257 0.033816 0.000010 0.067529 0.207210 0.059922 0.046849 0.530397 0.000010
0.326178 0.121673 0.000010 0.000010 0.000010 0.000010 0.308031 0.223198 0.020880
0.167363 0.131331 0.000010 0.051606 0.000010 0.088638 0.053743 0.463269 0.044030
0.356526 0.155117 0.000010 0.101097 0.000010 0.000010 0.000010 0.387210 0.000010
0.485656 0.000010 0.000010 0.000010 0.012574 0.000010 0.000010 0.501710 0.000010
0.197803 0.059944 0.033047 0.016243 0.000010 0.066438 0.088962 0.537543 0.000010
0.196144 0.183318 0.000010 0.231717 0.000010 0.000010 0.000010 0.376183 0.012598
0.284635 0.000010 0.069544 0.217393 0.161983 0.011428 0.000010 0.224357 0.030640
0.137355 0.000010 0.012056 0.331225 0.000010 0.000010 0.030369 0.476274 0.012692
0.349584 0.000010 0.132104 0.000010 0.000010 0.000010 0.016494 0.501768 0.000010
0.389371 0.000010 0.000010 0.179871 0.000012 0.000010 0.134302 0.296404 0.000010
0.438640 0.000010 0.020061 0.059171 0.000010 0.000010 0.161959 0.282867 0.037272
0.153806 0.095350 0.000010 0.038135 0.000010 0.042108 0.000010 0.670561 0.000010
0.152002 0.000010 0.003710 0.100798 0.000010 0.078871 0.204336 0.460252 0.000010
0.095722 0.003331 0.000010 0.148635 0.097862 0.000010 0.268860 0.385561 0.000010
0.173027 0.019014 0.077335 0.000010 0.091048 0.040498 0.066430 0.441240 0.091397
0.351828 0.081229 0.003756 0.122260 0.057998 0.000010 0.000010 0.382899 0.000010
0.015469 0.046631 0.004965 0.169138 0.000010 0.064218 0.055699 0.643860 0.000010
0.066324 0.116515 0.054987 0.212357 0.000010 0.000010 0.159741 0.390046 0.000010
0.162288 0.047977 0.165255 0.176638 0.047681 0.000010 0.113041 0.264662 0.022448
0.023933 0.015814 0.021648 0.000010 0.000010 0.000010 0.230086 0.640021 0.068468
0.122602 0.033656 0.000010 0.054633 0.180630 0.000010 0.109952 0.457380 0.041127
0.227826 0.202808 0.026105 0.113802 0.067005 0.068017 0.000010 0.261130 0.033298
0.280576 0.111711 0.000010 0.014921 0.046947 0.000010 0.109816 0.375675 0.060333
0.353354 0.000010 0.096149 0.132822 0.000010 0.000010 0.000010 0.417625 0.000010
0.212740 0.040692 0.000010 0.158082 0.000010 0.000010 0.125298 0.447521 0.015637
0.284635 0.139426 0.013488 0.000010 0.000010 0.011122 0.046335 0.424676 0.080298
0.109948 0.121019 0.054395 0.078509 0.000010 0.000010 0.102168 0.454464 0.079478
0.226622 0.199630 0.000011 0.124742 0.000010 0.000010 0.063530 0.351285 0.034161
0.045029 0.125099 0.000010 0.134701 0.000010 0.000010 0.129786 0.493966 0.071389
0.213272 0.000010 0.057259 0.020361 0.089559 0.000010 0.330236 0.289283 0.000010
0.153159 0.114156 0.000010 0.025360 0.079311 0.024138 0.000010 0.572279 0.031577
0.102131 0.000010 0.083819 0.079362 0.039278 0.035449 0.100244 0.504383 0.055323
0.000010 0.057045 0.129349 0.026642 0.009873 0.000010 0.194205 0.582856 0.000010
0.002918 0.100328 0.207879 0.031301 0.000010 0.000010 0.099528 0.483778 0.074248
0.103689 0.000010 0.000010 0.218504 0.005913 0.000010 0.142128 0.451695 0.078041
0.074329 0.000010 0.011626 0.148860 0.000010 0.039971 0.056889 0.612790 0.055515
0.246141 0.000010 0.000010 0.150023 0.000010 0.017573 0.225212 0.361011 0.000010
0.264642 0.027520 0.045844 0.156233 0.012624 0.042798 0.133484 0.173419 0.143436
0.124555 0.000010 0.000010 0.168923 0.303694 0.000010 0.022659 0.380130 0.000010
0.217642 0.054954 0.049887 0.027756 0.000010 0.000010 0.141866 0.507865 0.000010
0.519009 0.084420 0.000010 0.000010 0.021379 0.032250 0.128241 0.214210 0.000472
0.184823 0.000010 0.000010 0.180740 0.017945 0.000010 0.058018 0.558435 0.000010
0.031325 0.100317 0.077669 0.007438 0.000016 0.000010 0.281899 0.480158 0.021168
0.129540 0.000010 0.100685 0.094810 0.000010 0.008496 0.115916 0.549039 0.001494
0.102821 0.008857 0.090164 0.219440 0.005319 0.050202 0.141919 0.381268 0.000010
0.064722 0.081636 0.228911 0.008363 0.026565 0.038836 0.044103 0.506852 0.000010
0.118237 0.054410 0.270653 0.000014 0.053127 0.022802 0.000010 0.480736 0.000010
0.075467 0.068908 0.145440 0.031415 0.000011 0.034814 0.166687 0.477248 0.000010
0.089408 0.141649 0.345421 0.002563 0.013783 0.151817 0.002067 0.253282 0.000010
0.167983 0.000010 0.041194 0.106023 0.000010 0.048099 0.163233 0.441896 0.031552
0.044048 0.021587 0.028889 0.229601 0.002330 0.000010 0.181375 0.486030 0.006129
0.202695 0.110209 0.085325 0.080777 0.117402 0.054757 0.000012 0.348813 0.000010
0.000010 0.000010 0.105705 0.000010 0.132423 0.000010 0.199513 0.562310 0.000010
0.076242 0.000010 0.041252 0.000010 0.242739 0.104258 0.095219 0.431593 0.008677
0.080946 0.032446 0.000010 0.188981 0.101925 0.079472 0.125611 0.390599 0.000010
0.122560 0.131916 0.045291 0.111395 0.000010 0.000010 0.154521 0.434287 0.000010
0.216327 0.040308 0.002173 0.185457 0.108293 0.000010 0.000010 0.439723 0.007699
0.276982 0.000010 0.000010 0.038028 0.000010 0.000010 0.193551 0.452031 0.039368
0.134856 0.000010 0.017369 0.000010 0.158847 0.000010 0.000010 0.688878 0.000010
0.134289 0.104727 0.268714 0.105660 0.017976 0.129282 0.000010 0.219075 0.020267
0.136814 0.177179 0.015608 0.134677 0.055764 0.058837 0.000010 0.386410 0.034701
0.067708 0.090030 0.084528 0.197262 0.124998 0.017256 0.000010 0.418198 0.000010
0.025890 0.131069 0.000010 0.092872 0.000010 0.005618 0.158214 0.488895 0.097421
0.115483 0.000010 0.177517 0.000841 0.136792 0.055015 0.000015 0.514317 0.000010
0.237776 0.084692 0.130675 0.120988 0.000010 0.108655 0.015662 0.301533 0.000010
0.029458 0.148588 0.036436 0.099670 0.000010 0.000010 0.122741 0.393770 0.169317
0.126448 0.000010 0.000010 0.148677 0.174748 0.028338 0.000010 0.521381 0.000378
0.104109 0.000010 0.217982 0.004695 0.000010 0.000010 0.118290 0.522638 0.032255
0.165080 0.000010 0.000010 0.000010 0.214357 0.058961 0.000010 0.561552 0.000010
0.144715 0.149252 0.000010 0.014993 0.021418 0.000010 0.060002 0.579146 0.030454
0.000010 0.000010 0.000010 0.000010 0.000010 0.589278 0.000010 0.000010 0.410652
0.000010 0.000010 0.000010 0.008034 0.000010 0.415028 0.000010 0.045357 0.531532
0.023876 0.021057 0.000010 0.000011 0.000010 0.308931 0.045420 0.004477 0.596208
0.000010 0.000328 0.000010 0.045369 0.000010 0.322637 0.000010 0.000010 0.631617
0.037087 0.000012 0.000010 0.000010 0.000010 0.220471 0.000010 0.000010 0.742380
0.000010 0.000010 0.000010 0.000010 0.055554 0.373105 0.000010 0.000010 0.571281
0.000010 0.000010 0.000010 0.000010 0.000010 0.449395 0.008716 0.000010 0.541829
0.000010 0.000010 0.000010 0.000010 0.000010 0.386088 0.032970 0.000010 0.580882
0.002754 0.000010 0.000010 0.000010 0.013463 0.434172 0.021856 0.001160 0.526564
0.013642 0.000010 0.000010 0.000010 0.000010 0.465709 0.000010 0.045074 0.475525
0.000010 0.000010 0.000010 0.000010 0.000010 0.372280 0.000010 0.064530 0.563131
0.000010 0.000010 0.000010 0.022878 0.000010 0.382909 0.000010 0.028617 0.565545
0.000010 0.000010 0.000010 0.000010 0.000010 0.470189 0.000010 0.000010 0.529741
0.000010 0.000010 0.000010 0.000010 0.045877 0.376655 0.000010 0.015508 0.561910
0.035598 0.000010 0.000010 0.000010 0.000010 0.289224 0.029216 0.000010 0.645912
0.043607 0.000010 0.000010 0.011554 0.000010 0.300848 0.000010 0.000010 0.643941
0.000010 0.000010 0.000010 0.000010 0.000010 0.110013 0.000010 0.000010 0.889917
0.000010 0.000010 0.000010 0.000010 0.053212 0.521797 0.000010 0.000010 0.424931
0.004933 0.047282 0.000010 0.000010 0.000010 0.458984 0.000010 0.000010 0.488751
0.000010 0.020601 0.000010 0.000010 0.000010 0.386701 0.000010 0.000010 0.592638
0.000010 0.000010 0.000010 0.000010 0.000010 0.339385 0.000010 0.000010 0.660545
0.040270 0.000010 0.000010 0.000010 0.000010 0.514119 0.018061 0.000010 0.427499
0.000010 0.000010 0.000010 0.000010 0.000010 0.234255 0.000010 0.000010 0.765675
0.000010 0.000011 0.000010 0.000010 0.030026 0.353471 0.000010 0.097431 0.519022
0.020327 0.000010 0.000011 0.000010 0.000010 0.350717 0.000010 0.000010 0.628895
0.000010 0.000010 0.000010 0.020423 0.000010 0.426830 0.041050 0.000010 0.511648
0.000010 0.000010 0.000010 0.000010 0.000010 0.608644 0.000010 0.000010 0.391286
0.017461 0.000010 0.000010 0.000010 0.000010 0.370472 0.000010 0.025368 0.586648
0.031996 0.000010 0.000010 0.032621 0.935323 0.000010 0.000010 0.000010 0.000010
0.563161 0.136858 0.000010 0.266089 0.000010 0.000010 0.000010 0.024406 0.009446
0.255311 0.150716 0.000011 0.263067 0.000010 0.000011 0.000010 0.174831 0.156034
0.359060 0.000010 0.000010 0.280322 0.000010 0.000010 0.043004 0.317564 0.000010
0.371812 0.000010 0.000010 0.224626 0.100754 0.019891 0.000010 0.277142 0.005745
0.383068 0.000010 0.000010 0.371577 0.000010 0.000010 0.087508 0.157798 0.000010
0.284142 0.016083 0.000010 0.407340 0.002084 0.041869 0.008980 0.239482 0.000010
0.369871 0.026967 0.000010 0.429728 0.051824 0.000010 0.014143 0.000010 0.107438
0.411055 0.100132 0.000010 0.159961 0.006109 0.000010 0.026976 0.227112 0.068635
0.494723 0.037258 0.000010 0.258766 0.042731 0.008636 0.011409 0.037614 0.108854
0.367093 0.000010 0.105341 0.163540 0.076690 0.032798 0.000010 0.190366 0.064153
0.107032 0.014710 0.000010 0.311706 0.000010 0.000010 0.154636 0.411876 0.000010
0.489952 0.000010 0.088899 0.180813 0.000010 0.000010 0.000010 0.182540 0.057754
0.482521 0.000010 0.000010 0.271219 0.054443 0.024322 0.000010 0.157341 0.010124
0.382295 0.000012 0.000010 0.294117 0.000010 0.051330 0.043677 0.219747 0.008803
0.569482 0.000010 0.000010 0.211364 0.043033 0.000010 0.000010 0.176071 0.000010
0.406673 0.000010 0.031415 0.280806 0.000010 0.047775 0.048211 0.144190 0.040909
0.222239 0.000010 0.000010 0.522688 0.103553 0.000010 0.003507 0.147973 0.000010
0.468383 0.000010 0.158534 0.203077 0.011933 0.000010 0.000010 0.158033 0.000010
0.514856 0.000010 0.000010 0.231873 0.003421 0.000010 0.000010 0.249800 0.000010
0.420534 0.026883 0.000010 0.161919 0.000010 0.000010 0.101989 0.264579 0.024066
0.399010 0.000010 0.000010 0.377451 0.025423 0.000010 0.000010 0.122699 0.075377
0.185391 0.105617 0.000010 0.511278 0.000010 0.000010 0.000010 0.124473 0.073201
0.370134 0.000010 0.000010 0.334172 0.000010 0.000010 0.000010 0.295634 0.000010
0.499296 0.013842 0.000010 0.244241 0.015021 0.000010 0.000010 0.168271 0.059300
0.549299 0.000010 0.000010 0.136892 0.088577 0.000010 0.000010 0.224116 0.001076
0.457981 0.000010 0.000010 0.280982 0.066820 0.012435 0.000010 0.181742 0.000010
0.258526 0.000010 0.055397 0.343968 0.000010 0.000010 0.044505 0.297565 0.000010
0.264709 0.000010 0.000010 0.452709 0.000010 0.000010 0.000010 0.182885 0.099647
0.000010 0.021942 0.000010 0.000010 0.968522 0.000010 0.000010 0.000010 0.009477
0.000010 0.057760 0.011225 0.000010 0.918803 0.000010 0.000010 0.000010 0.012163
0.005140 0.000010 0.039188 0.000010 0.914543 0.034834 0.000010 0.006254 0.000010
0.000010 0.000010 0.000010 0.000010 0.999920 0.000010 0.000010 0.000010 0.000010
0.000010 0.000010 0.000010 0.071917 0.773184 0.000010 0.154838 0.000010 0.000010
0.000010 0.012861 0.000010 0.000010 0.987069 0.000010 0.000010 0.000010 0.000010
0.027687 0.038989 0.000010 0.000010 0.918215 0.015059 0.000010 0.000010 0.000010
0.000010 0.000010 0.000010 0.000010 0.979979 0.000010 0.019951 0.000010 0.000010
0.012878 0.000010 0.026861 0.000010 0.946012 0.000010 0.000010 0.000010 0.014199
0.000010 0.000010 0.007422 0.000010 0.926392 0.000455 0.036876 0.028816 0.000010
0.000010 0.000010 0.000010 0.000010 0.999920 0.000010 0.000010 0.000010 0.000010
0.000010 0.000010 0.000010 0.000010 0.999920 0.000010 0.000010 0.000010 0.000010
0.000010 0.000011 0.030916 0.000010 0.888205 0.000010 0.037576 0.000010 0.043252
0.000010 0.000011 0.095187 0.000010 0.854568 0.032645 0.017547 0.000012 0.000010
0.000010 0.000010 0.000010 0.000010 0.979521 0.000010 0.000010 0.000010 0.020409
0.000010 0.000010 0.000010 0.000010 0.999920 0.000010 0.000010 0.000010 0.000010
0.000010 0.000010 0.000010 0.000010 0.979502 0.000010 0.000010 0.000010 0.020428
0.616322 0.000010 0.000010 0.100061 0.023726 0.000010 0.000010 0.259842 0.000010
0.480426 0.000010 0.000010 0.102564 0.070487 0.000010 0.000010 0.346474 0.000010
0.524771 0.000010 0.106595 0.220625 0.000010 0.000010 0.000010 0.147959 0.000010
0.703449 0.000010 0.000010 0.038392 0.000010 0.000010 0.038435 0.219673 0.000010
0.514036 0.000010 0.000010 0.254102 0.000010 0.000010 0.089750 0.142062 0.000010
0.595368 0.000010 0.000010 0.000010 0.003476 0.000011 0.000010 0.278757 0.122347
0.647109 0.000010 0.000010 0.000010 0.084628 0.027141 0.002086 0.238996 0.000010
0.692912 0.000010 0.014374 0.151295 0.000010 0.000010 0.000010 0.141368 0.000010
0.759438 0.025129 0.000010 0.000010 0.000010 0.022081 0.000010 0.193302 0.000010
0.545602 0.068552 0.000010 0.000010 0.000010 0.000010 0.000010 0.289710 0.096086
0.494705 0.000010 0.000010 0.213471 0.000010 0.013709 0.077501 0.200574 0.000010
0.485302 0.000010 0.060414 0.115930 0.068241 0.041799 0.055969 0.172325 0.000010
0.390863 0.000010 0.003947 0.192381 0.000010 0.079726 0.000010 0.333043 0.000010
0.498567 0.000010 0.000010 0.000010 0.000010 0.000010 0.109009 0.392364 0.000010
0.309654 0.000010 0.000010 0.165784 0.029583 0.000010 0.063612 0.352265 0.079071
0.581978 0.026095 0.026253 0.177670 0.000010 0.016786 0.000010 0.127814 0.043386
0.771404 0.000010 0.000010 0.000010 0.000010 0.000010 0.000010 0.228526 0.000010
0.642172 0.000010 0.000010 0.164600 0.000010 0.000010 0.009494 0.183684 0.000010
0.660377 0.112247 0.000010 0.075400 0.151925 0.000010 0.000010 0.000012 0.000010
0.550200 0.000010 0.000010 0.038954 0.017054 0.006778 0.000010 0.386974 0.000010
0.612626 0.028605 0.096831 0.000010 0.017386 0.000010 0.019499 0.087845 0.137188
0.637259 0.000010 0.000010 0.000010 0.121128 0.024314 0.033490 0.153640 0.030140
0.462700 0.000010 0.010798 0.275414 0.000010 0.000010 0.025558 0.225490 0.000010
0.487788 0.000010 0.057839 0.210203 0.000010 0.045370 0.078746 0.059570 0.060464
0.645218 0.000010 0.094078 0.000010 0.000010 0.109806 0.000011 0.150848 0.000010
0.556798 0.000010 0.000010 0.190567 0.000010 0.000010 0.000010 0.252575 0.000010
0.665147 0.125899 0.000010 0.008733 0.114022 0.036789 0.049379 0.000010 0.000010
0.449764 0.000010 0.045454 0.216365 0.000010 0.171426 0.053112 0.063850 0.000010
0.426513 0.000010 0.000010 0.110376 0.000010 0.023265 0.109957 0.329849 0.000010
0.402186 0.040898 0.012353 0.145583 0.028108 0.000010 0.000010 0.283763 0.087089
0.546143 0.000010 0.000010 0.000010 0.000010 0.000010 0.006409 0.443116 0.004281
0.545379 0.005777 0.031016 0.048866 0.000010 0.081879 0.000010 0.268660 0.018403
0.710992 0.000010 0.000010 0.000010 0.000010 0.000010 0.000010 0.288938 0.000010
0.562992 0.000010 0.000010 0.140118 0.041557 0.000010 0.076474 0.125715 0.053114
0.550094 0.000010 0.000010 0.144126 0.013608 0.064688 0.000010 0.202884 0.024570
0.603508 0.000010 0.000010 0.096134 0.096880 0.038141 0.127760 0.008433 0.029123
0.409639 0.116556 0.000010 0.088411 0.102769 0.000010 0.000010 0.242309 0.040288
0.719259 0.000010 0.000010 0.133908 0.031759 0.020460 0.000010 0.094574 0.000010
0.489761 0.000010 0.000010 0.000010 0.094756 0.000010 0.000010 0.415423 0.000010
0.583545 0.000010 0.001247 0.060421 0.055334 0.008072 0.000010 0.291351 0.000010
0.479129 0.000010 0.000015 0.000010 0.000010 0.064864 0.012815 0.419343 0.023803
0.635501 0.058069 0.000010 0.000013 0.038305 0.047819 0.000010 0.128678 0.091595
0.712851 0.007402 0.000010 0.041327 0.000010 0.096039 0.045994 0.070318 0.026048
0.513155 0.000010 0.000010 0.000010 0.081821 0.000010 0.000010 0.255352 0.149623
0.580543 0.000010 0.000010 0.118196 0.000010 0.000010 0.000010 0.301201 0.000010
0.206426 0.025766 0.204728 0.149375 0.000010 0.000018 0.000010 0.115850 0.297817
0.487400 0.006292 0.000010 0.096314 0.051419 0.000010 0.000010 0.133715 0.224830
0.671671 0.023350 0.000010 0.000010 0.000010 0.000010 0.000010 0.173604 0.131324
0.672409 0.000010 0.000010 0.035394 0.000010 0.090246 0.000010 0.201901 0.000010
0.622385 0.009616 0.063316 0.000010 0.065251 0.106573 0.000010 0.104466 0.028373
0.334387 0.000010 0.000010 0.073814 0.075896 0.128643 0.026853 0.254587 0.105801
0.474697 0.000010 0.006534 0.105158 0.111634 0.024405 0.000010 0.212159 0.065392
0.519326 0.014843 0.000010 0.000010 0.000010 0.000010 0.041370 0.337558 0.086863
0.502508 0.000010 0.000010 0.115990 0.059865 0.123775 0.000010 0.169782 0.028050
0.458168 0.000010 0.000010 0.170910 0.000010 0.047837 0.000010 0.251102 0.071943
0.199196 0.000010 0.000010 0.080135 0.017008 0.136163 0.000010 0.017276 0.550191
0.662280 0.000010 0.000010 0.228067 0.050110 0.014304 0.000010 0.016474 0.028735
0.585402 0.000010 0.000010 0.000010 0.059513 0.092647 0.000010 0.262389 0.000010
0.716538 0.000010 0.002500 0.000010 0.000010 0.000010 0.000010 0.083609 0.197303
0.443998 0.000010 0.000010 0.000010 0.179656 0.000010 0.054505 0.268092 0.053709
0.527133 0.000010 0.000010 0.000010 0.194623 0.080210 0.005672 0.121596 0.070736
0.501457 0.000010 0.000010 0.000010 0.000010 0.076676 0.000010 0.408867 0.012949
0.294320 0.045583 0.089427 0.116388 0.000010 0.000010 0.000010 0.237461 0.216790
0.514656 0.000010 0.000010 0.227953 0.000010 0.055370 0.099816 0.086243 0.015932
0.620841 0.009945 0.032992 0.000010 0.000010 0.006400 0.000181 0.329612 0.000010
0.675769 0.000010 0.000010 0.000010 0.000010 0.111760 0.004157 0.208265 0.000010
0.564641 0.081418 0.000010 0.000010 0.019677 0.096298 0.000010 0.000010 0.237926
0.441628 0.000012 0.000010 0.057358 0.049996 0.000010 0.038268 0.179999 0.232719
0.663177 0.000010 0.047523 0.000010 0.000010 0.033840 0.071043 0.000010 0.184377
0.524094 0.006424 0.000010 0.113426 0.000010 0.000010 0.041122 0.103617 0.211287
0.564467 0.000010 0.089156 0.050401 0.000010 0.013170 0.000010 0.249504 0.033272
0.596167 0.000010 0.000010 0.000010 0.000010 0.122918 0.000010 0.168668 0.112196
0.661858 0.090889 0.019387 0.000010 0.000010 0.117498 0.000010 0.042219 0.068118
0.553586 0.081453 0.000010 0.000010 0.000010 0.000010 0.000010 0.300676 0.064235
0.724322 0.074228 0.000010 0.000011 0.000010 0.040424 0.041739 0.119247 0.000010
0.717869 0.000010 0.000010 0.036304 0.133774 0.000010 0.000010 0.000010 0.112003
0.625759 0.000010 0.000010 0.000010 0.135901 0.044355 0.097450 0.075630 0.020874
0.518242 0.020390 0.090726 0.151859 0.000010 0.000010 0.027223 0.049745 0.141796
0.259791 0.055312 0.027241 0.157430 0.000010 0.144128 0.000010 0.127426 0.228651
0.537352 0.000010 0.000011 0.000010 0.000010 0.070782 0.000010 0.391805 0.000010
0.346998 0.000010 0.000010 0.226128 0.003016 0.046492 0.000010 0.270357 0.106979
0.724658 0.000010 0.000010 0.009561 0.005982 0.013786 0.016304 0.114977 0.114711
0.518278 0.000010 0.000010 0.000010 0.000010 0.024636 0.035317 0.337709 0.084020
0.528222 0.052362 0.000010 0.128092 0.054978 0.000010 0.000010 0.149056 0.087259
0.660526 0.000010 0.000010 0.152258 0.019125 0.000010 0.022392 0.128296 0.017372
0.691809 0.000010 0.000010 0.094710 0.000010 0.067177 0.000010 0.146254 0.000010
0.611073 0.073662 0.068391 0.031643 0.000010 0.098415 0.000010 0.116786 0.000010
0.000010 0.034856 0.000010 0.000010 0.839079 0.007286 0.118729 0.000010 0.000010
0.004667 0.007259 0.000010 0.000010 0.894235 0.011841 0.081958 0.000010 0.000010
0.000010 0.000010 0.153379 0.000010 0.740611 0.000010 0.105949 0.000010 0.000010
0.034616 0.000011 0.134380 0.000010 0.784411 0.000010 0.000010 0.046542 0.000010
0.000010 0.000010 0.000010 0.000010 0.889966 0.000010 0.109964 0.000010 0.000010
0.000010 0.000010 0.000010 0.057609 0.939449 0.002882 0.000010 0.000010 0.000010
0.000010 0.000010 0.000010 0.000010 0.839789 0.000010 0.090825 0.069326 0.000010
0.481884 0.032403 0.000010 0.236660 0.061480 0.000010 0.000010 0.103169 0.084374
0.435340 0.000010 0.000010 0.371545 0.044052 0.007165 0.000010 0.141858 0.000010
0.383040 0.090486 0.000010 0.267242 0.057961 0.000010 0.000010 0.201232 0.000010
0.675539 0.000010 0.000010 0.000010 0.047015 0.000010 0.000010 0.277386 0.000010
0.408606 0.000010 0.051748 0.301756 0.000010 0.000010 0.000010 0.142719 0.095130
0.541832 0.000010 0.000011 0.401121 0.000010 0.000010 0.000010 0.000010 0.056986
0.557966 0.000010 0.007596 0.064160 0.092462 0.000010 0.000010 0.277776 0.000010
0.543443 0.000010 0.000010 0.314181 0.000010 0.013761 0.026346 0.000010 0.102228
0.557007 0.000010 0.000010 0.192917 0.125239 0.000010 0.000010 0.124787 0.000010
0.454696 0.000010 0.000010 0.383921 0.000010 0.000010 0.057710 0.057397 0.046236
0.493119 0.000010 0.000010 0.128241 0.000010 0.001090 0.000010 0.377500 0.000010
0.471687 0.000010 0.035898 0.000010 0.000010 0.086403 0.019203 0.382094 0.004685
0.244632 0.000010 0.000521 0.213568 0.000010 0.072168 0.073332 0.339200 0.056560
0.479884 0.017697 0.010076 0.000010 0.052450 0.000010 0.045938 0.267111 0.126824
0.571334 0.000010 0.000010 0.000010 0.000010 0.000010 0.000010 0.313374 0.115232
0.547719 0.000010 0.000010 0.000010 0.047447 0.024035 0.007127 0.311791 0.061850
0.680610 0.000010 0.072254 0.018044 0.000010 0.000010 0.045681 0.075642 0.107740
0.447066 0.016817 0.000010 0.018460 0.013025 0.063454 0.038294 0.139542 0.263331
0.653518 0.000010 0.000010 0.000010 0.050191 0.029395 0.127125 0.139731 0.000010
0.481189 0.000010 0.000010 0.125034 0.075936 0.000010 0.000010 0.217781 0.100020
0.584288 0.000010 0.000010 0.050197 0.000010 0.000010 0.000010 0.173184 0.192281
0.547117 0.000010 0.000010 0.216267 0.000010 0.107973 0.000010 0.128592 0.000010
0.527990 0.000010 0.016207 0.026581 0.000010 0.014790 0.000010 0.379431 0.034972
0.581843 0.000010 0.000010 0.000010 0.000010 0.000010 0.000010 0.418087 0.000010
0.236910 0.138438 0.000010 0.000010 0.038463 0.000010 0.000010 0.486528 0.099622
0.404236 0.000010 0.169315 0.019147 0.106647 0.036792 0.000010 0.000010 0.263833
0.518914 0.000010 0.101935 0.000010 0.000010 0.086124 0.128243 0.056543 0.108211
0.535779 0.000010 0.000010 0.066243 0.061662 0.003860 0.098478 0.233947 0.000010
0.521682 0.000010 0.000010 0.020410 0.094884 0.012350 0.000010 0.306027 0.044617
0.358687 0.000010 0.000010 0.079926 0.099449 0.037162 0.000010 0.260752 0.163994
0.536611 0.020876 0.000010 0.044672 0.002191 0.047932 0.021795 0.173875 0.152038
0.439858 0.000010 0.000010 0.085945 0.024118 0.168126 0.000010 0.257247 0.024677
0.597417 0.000010 0.000010 0.000010 0.000010 0.000010 0.069593 0.276661 0.056279
0.435047 0.000010 0.000010 0.177404 0.100399 0.005736 0.000010 0.041489 0.239894
0.470041 0.049625 0.000010 0.130445 0.121660 0.113187 0.000010 0.101748 0.013274
0.035524 0.869214 0.066226 0.028985 0.000010 0.000010 0.000010 0.000010 0.000010
0.024647 0.947525 0.000010 0.000010 0.000010 0.000010 0.000010 0.027767 0.000010
0.000010 0.966818 0.000010 0.000010 0.033112 0.000010 0.000010 0.000010 0.000010
0.000010 0.891479 0.000010 0.000010 0.000010 0.000010 0.108451 0.000010 0.000010
0.000010 0.000010 0.606992 0.000010 0.000010 0.014444 0.327266 0.051247 0.000010
0.000010 0.000010 0.547919 0.000010 0.028398 0.000010 0.423623 0.000010 0.000010
0.000010 0.058106 0.499437 0.000010 0.099184 0.000010 0.343223 0.000010 0.000010
0.000010 0.222518 0.246529 0.000010 0.000010 0.003808 0.345630 0.136785 0.044701
0.035341 0.006953 0.461696 0.000010 0.000010 0.082714 0.218608 0.182215 0.012452
0.000010 0.000010 0.452764 0.021700 0.000010 0.000010 0.483083 0.042403 0.000010
0.066502 0.041553 0.318446 0.000010 0.000010 0.000010 0.466193 0.074555 0.032721
0.032407 0.096669 0.326375 0.000010 0.103234 0.000010 0.317708 0.123576 0.000010
0.000010 0.082442 0.682824 0.031509 0.000010 0.000010 0.157462 0.045723 0.000010
0.033740 0.000010 0.585468 0.000010 0.087361 0.000010 0.249015 0.000010 0.044376
0.609733 0.000010 0.000010 0.000010 0.033185 0.000010 0.144810 0.212222 0.000010
0.456063 0.000010 0.000010 0.063621 0.000010 0.104540 0.000010 0.375726 0.000010
0.486183 0.000010 0.000010 0.207201 0.019421 0.000010 0.000010 0.287146 0.000010
0.545747 0.070439 0.000010 0.169644 0.000010 0.000010 0.015428 0.198703 0.000010
0.431192 0.000010 0.000010 0.116411 0.000010 0.034301 0.004116 0.413940 0.000010
0.615090 0.016248 0.000010 0.040422 0.000010 0.047557 0.054908 0.149733 0.076022
0.621712 0.000010 0.000010 0.000010 0.004938 0.029093 0.000010 0.260586 0.083632
0.496237 0.000010 0.000010 0.092442 0.000010 0.000010 0.076570 0.314435 0.020277
0.508890 0.017759 0.000010 0.131652 0.000010 0.072011 0.015054 0.165158 0.089456
0.310935 0.085179 0.000010 0.000010 0.000010 0.000010 0.183298 0.195171 0.225377
0.368073 0.000010 0.000010 0.166319 0.000010 0.054676 0.022452 0.388440 0.000010
0.588380 0.000686 0.033490 0.078724 0.012580 0.001822 0.000010 0.043598 0.240710
0.561702 0.000010 0.081040 0.000010 0.032811 0.022262 0.000010 0.187468 0.114687
0.481248 0.000010 0.000010 0.178696 0.127536 0.003714 0.060571 0.148206 0.000010
0.574631 0.000010 0.000010 0.040841 0.000010 0.103081 0.000010 0.281397 0.000010
0.521270 0.000010 0.000010 0.000010 0.000010 0.024117 0.146670 0.042099 0.265804
0.324953 0.000010 0.025206 0.233887 0.000010 0.065772 0.091490 0.199008 0.059664
0.460864 0.089087 0.064668 0.209035 0.084123 0.080993 0.000010 0.000010 0.011211
0.588915 0.000010 0.000010 0.000010 0.000010 0.000010 0.028314 0.243918 0.138803
0.696899 0.000010 0.000010 0.087251 0.063108 0.000010 0.052166 0.062936 0.037609
0.758013 0.073549 0.000010 0.056682 0.000010 0.066263 0.000010 0.024461 0.021002
0.000010 0.142823 0.611757 0.047467 0.000010 0.000010 0.197903 0.000010 0.000010
0.000010 0.000010 0.597982 0.000010 0.000010 0.008651 0.393307 0.000010 0.000010
0.000010 0.017351 0.593261 0.000010 0.038668 0.000010 0.338218 0.012462 0.000010
0.000010 0.066833 0.485547 0.000010 0.000010 0.000010 0.400222 0.047348 0.000010
0.000010 0.050175 0.642515 0.000010 0.027154 0.023284 0.250375 0.006467 0.000010
0.000010 0.163605 0.705268 0.000010 0.000010 0.000010 0.131067 0.000010 0.000010
0.000010 0.000010 0.650217 0.000010 0.000010 0.000010 0.282449 0.067274 0.000010
0.000010 0.004300 0.560090 0.011009 0.006869 0.000010 0.308363 0.066126 0.043222
0.000010 0.100287 0.585320 0.000010 0.026158 0.000010 0.288184 0.000010 0.000010
0.000010 0.079890 0.769384 0.000010 0.000010 0.000010 0.150666 0.000010 0.000010
0.042741 0.000010 0.802327 0.025553 0.000010 0.000010 0.129329 0.000010 0.000010
0.000010 0.000010 0.636496 0.000010 0.165045 0.000010 0.198400 0.000010 0.000010
0.000010 0.000010 0.602615 0.000010 0.026471 0.000010 0.222238 0.148627 0.000010
0.000010 0.017399 0.654848 0.000010 0.091653 0.010274 0.155311 0.070485 0.000010
0.000010 0.000010 0.454146 0.000010 0.000010 0.000010 0.496553 0.049241 0.000010
0.000010 0.137127 0.566896 0.000010 0.000010 0.000010 0.281580 0.014347 0.000010
0.000010 0.000010 0.758068 0.000010 0.000010 0.000010 0.241862 0.000010 0.000010
0.000010 0.069941 0.659428 0.000010 0.000010 0.000010 0.270571 0.000010 0.000010
0.000010 0.148842 0.594030 0.032674 0.000010 0.000010 0.224403 0.000010 0.000010
0.105583 0.000010 0.793231 0.022550 0.006702 0.000010 0.071895 0.000010 0.000010
0.000010 0.092817 0.532955 0.000010 0.000010 0.000010 0.312992 0.061185 0.000010
0.000010 0.000010 0.708626 0.000010 0.000010 0.000010 0.251757 0.039557 0.000010
0.000010 0.000010 0.717418 0.000010 0.022491 0.000010 0.260031 0.000010 0.000010
0.000010 0.000010 0.676740 0.000010 0.000010 0.000010 0.323190 0.000010 0.000010
0.000010 0.075072 0.617665 0.049343 0.000010 0.000010 0.257870 0.000010 0.000010
0.000010 0.073908 0.679440 0.000010 0.000010 0.028210 0.198935 0.019467 0.000010
0.000010 0.000010 0.479762 0.000010 0.102516 0.000010 0.417661 0.000010 0.000010
0.000010 0.000010 0.639940 0.000010 0.065514 0.000010 0.241298 0.039461 0.013747
0.000010 0.019944 0.643830 0.000010 0.000010 0.000010 0.336166 0.000010 0.000010
0.000010 0.016529 0.579825 0.000010 0.044537 0.000010 0.211751 0.147318 0.000010
0.000010 0.000010 0.695253 0.000010 0.000010 0.000010 0.304677 0.000010 0.000010
0.000010 0.000010 0.692988 0.000010 0.000010 0.021092 0.285861 0.000010 0.000010
0.000010 0.000010 0.610483 0.000010 0.095106 0.000010 0.294351 0.000010 0.000010
0.000010 0.000010 0.485773 0.000010 0.000010 0.000010 0.409308 0.104859 0.000010
0.000010 0.000010 0.831920 0.000010 0.000010 0.000010 0.168010 0.000010 0.000010
0.000010 0.135939 0.710841 0.000010 0.000010 0.000010 0.153160 0.000010 0.000010
0.000010 0.000010 0.668124 0.000010 0.031062 0.000010 0.300755 0.000010 0.000010
0.000010 0.000010 0.489085 0.000010 0.074114 0.000010 0.396604 0.000010 0.040147
0.000010 0.081194 0.719087 0.000010 0.000010 0.000010 0.199659 0.000010 0.000010
0.000010 0.000010 0.000010 0.000010 0.900214 0.000010 0.085736 0.013991 0.000010
0.048507 0.000010 0.000010 0.000010 0.951423 0.000010 0.000010 0.000010 0.000010
0.000010 0.000010 0.500111 0.000010 0.000569 0.000010 0.371489 0.127781 0.000010
0.000010 0.000010 0.657110 0.009691 0.002593 0.000010 0.330556 0.000010 0.000010
0.518768 0.007931 0.000010 0.140867 0.000010 0.000010 0.000010 0.332384 0.000010
0.391285 0.000010 0.000010 0.343150 0.000010 0.000010 0.000010 0.112668 0.152848
0.441945 0.122237 0.071297 0.315969 0.000010 0.000010 0.000010 0.048511 0.000010
0.401003 0.035680 0.000010 0.313994 0.009578 0.066192 0.037524 0.126188 0.009830
0.387748 0.102009 0.000010 0.180259 0.012560 0.095023 0.000010 0.222371 0.000010
0.227953 0.056128 0.111124 0.306222 0.000010 0.015214 0.079304 0.204034 0.000010
0.426877 0.033853 0.036469 0.294009 0.000010 0.000010 0.000010 0.147753 0.061008
0.260441 0.000010 0.000010 0.476449 0.000010 0.000010 0.000010 0.231228 0.031831
0.352079 0.009679 0.000010 0.303920 0.000015 0.025221 0.000010 0.309056 0.000010
0.458128 0.000010 0.030304 0.237229 0.000010 0.053845 0.000010 0.220454 0.000010
0.253344 0.000010 0.007469 0.509831 0.054221 0.019841 0.044370 0.110904 0.000010
0.394529 0.138300 0.049824 0.283137 0.000010 0.040327 0.000010 0.093853 0.000010
0.252985 0.000010 0.089265 0.237562 0.087026 0.099667 0.000010 0.233465 0.000010
0.000010 0.014798 0.682597 0.000010 0.000010 0.000010 0.272560 0.029996 0.000010
0.000010 0.000010 0.590501 0.000010 0.123089 0.020161 0.266200 0.000010 0.000010
0.025517 0.000010 0.549905 0.000010 0.152975 0.000010 0.271552 0.000010 0.000010
0.000010 0.216316 0.610636 0.034513 0.000010 0.000010 0.138485 0.000010 0.000010
0.000010 0.058235 0.573463 0.000010 0.000010 0.000010 0.368242 0.000010 0.000010
0.000010 0.000010 0.629014 0.000010 0.000010 0.000010 0.370916 0.000010 0.000010
0.000010 0.000010 0.600311 0.000010 0.000010 0.000010 0.315293 0.084336 0.000010
0.000010 0.012857 0.700796 0.007949 0.028420 0.000010 0.237640 0.000010 0.012308
0.000010 0.000010 0.630860 0.000010 0.054916 0.000010 0.314164 0.000010 0.000010
0.000010 0.000010 0.676378 0.000010 0.014575 0.000010 0.308987 0.000010 0.000010
0.027087 0.040627 0.615095 0.000010 0.000010 0.016314 0.300838 0.000010 0.000010
0.000010 0.074081 0.467230 0.000010 0.137113 0.005855 0.279361 0.000010 0.036331
