0.293139 0.022445 0.166194 0.089455 0.000010 0.000010 0.096746 0.331990 0.000010
0.209022 0.060422 0.000010 0.275715 0.020746 0.000010 0.007006 0.411388 0.015681
0.279938 0.000010 0.019309 0.234214 0.026843 0.000010 0.033188 0.381305 0.025183
0.163979 0.000010 0.013198 0.364049 0.018411 0.000010 0.000010 0.337276 0.103057
0.170296 0.000010 0.095959 0.003180 0.000010 0.000010 0.054471 0.623811 0.052254
0.296385 0.000010 0.000010 0.072319 0.022990 0.000010 0.092603 0.457913 0.057760
0.475723 0.047407 0.000010 0.343207 0.000010 0.000010 0.000010 0.133613 0.000010
0.131055 0.014406 0.000010 0.234847 0.095161 0.102704 0.086461 0.335346 0.000010
0.431308 0.000010 0.040970 0.000010 0.088650 0.042614 0.006953 0.377271 0.012213
0.109370 0.000010 0.000010 0.325140 0.000010 0.000010 0.044089 0.521351 0.000010
0.285717 0.114997 0.000010 0.309114 0.000010 0.000010 0.063054 0.227079 0.000010
0.213723 0.000010 0.112323 0.042701 0.000010 0.000010 0.084226 0.546987 0.000010
0.187407 0.000010 0.000010 0.440674 0.000010 0.000010 0.000010 0.371858 0.000010
0.059965 0.030687 0.000010 0.200292 0.046375 0.100338 0.030354 0.254438 0.277541
0.125475 0.000010 0.000010 0.259734 0.000010 0.000010 0.127787 0.334498 0.152466
0.034286 0.135757 0.000010 0.000010 0.003888 0.000010 0.203251 0.449973 0.172815
0.227338 0.000010 0.065569 0.075008 0.233718 0.000010 0.000010 0.398327 0.000010
0.239781 0.000010 0.000010 0.300821 0.013805 0.004148 0.012668 0.341600 0.087157
0.302052 0.000010 0.000010 0.100002 0.060624 0.000010 0.000010 0.537273 0.000010
0.164082 0.000010 0.135625 0.000010 0.000010 0.000010 0.053247 0.568331 0.078676
0.474929 0.000010 0.085091 0.029034 0.000010 0.016778 0.019831 0.374307 0.000010
0.262996 0.034512 0.000010 0.226425 0.000010 0.000010 0.138136 0.337891 0.000010
0.424423 0.000010 0.000010 0.000010 0.067607 0.000010 0.055102 0.208253 0.244574
0.000010 0.000010 0.176377 0.067011 0.000010 0.000010 0.017647 0.670919 0.068006
0.302403 0.033440 0.000010 0.000010 0.000010 0.066084 0.111217 0.441447 0.045378
0.136437 0.124755 0.000010 0.104417 0.000010 0.000010 0.065595 0.568755 0.000010
0.175417 0.000010 0.189279 0.020043 0.000388 0.031520 0.121663 0.461670 0.000010
0.175235 0.000010 0.000010 0.000010 0.000010 0.183924 0.000010 0.280535 0.360257
0.388458 0.095581 0.083355 0.000360 0.000010 0.000010 0.047409 0.384806 0.000010
0.437280 0.057552 0.079737 0.073891 0.000010 0.021941 0.000010 0.264454 0.065125
0.281496 0.016648 0.000010 0.000010 0.000010 0.101084 0.078501 0.522231 0.000010
0.510918 0.000010 0.035497 0.213911 0.000010 0.000010 0.000010 0.239624 0.000010
0.271176 0.035160 0.000010 0.356049 0.000010 0.000010 0.000010 0.330267 0.007308
0.391817 0.042211 0.000010 0.470605 0.000010 0.000010 0.012610 0.082717 0.000010
0.000170 0.000010 0.126226 0.000010 0.102022 0.000010 0.325320 0.446221 0.000010
0.148939 0.019911 0.000010 0.064314 0.000010 0.000010 0.062451 0.704345 0.000010
0.159577 0.000010 0.000010 0.270142 0.000010 0.000010 0.000010 0.570221 0.000010
0.247022 0.000010 0.000010 0.310112 0.000010 0.000010 0.070603 0.372213 0.000010
0.391589 0.017484 0.070852 0.189621 0.001984 0.000010 0.000010 0.328440 0.000010
0.419049 0.000010 0.112623 0.340203 0.000010 0.009208 0.000010 0.118877 0.000010
0.232566 0.124376 0.000010 0.106983 0.000010 0.037215 0.000010 0.498819 0.000010
0.270442 0.055922 0.000010 0.077111 0.048830 0.000010 0.000010 0.435715 0.111951
0.286995 0.000010 0.000120 0.086082 0.000010 0.097082 0.049701 0.466107 0.013894
0.104891 0.000010 0.000010 0.090821 0.092988 0.000010 0.226326 0.434707 0.050237
0.333146 0.000010 0.000010 0.000010 0.060395 0.076266 0.066350 0.383124 0.080690
0.071396 0.000010 0.315110 0.380152 0.055785 0.000010 0.000010 0.150607 0.026920
0.027793 0.191417 0.000010 0.262421 0.029253 0.000010 0.000010 0.489076 0.000010
0.357543 0.000010 0.000010 0.101441 0.100512 0.000010 0.122623 0.317841 0.000010
0.266024 0.000010 0.300222 0.181237 0.140497 0.000010 0.109330 0.002660 0.000010
0.399464 0.000010 0.000010 0.048414 0.060545 0.033672 0.119509 0.281809 0.056568
0.233627 0.000010 0.253431 0.156471 0.000010 0.000010 0.054151 0.283748 0.018543
0.196592 0.044966 0.558848 0.000010 0.000010 0.000010 0.068674 0.130881 0.000010
0.066840 0.163840 0.199215 0.000010 0.148416 0.000010 0.106951 0.225982 0.088737
0.202455 0.019365 0.102748 0.000010 0.000010 0.000010 0.026444 0.648948 0.000010
0.000010 0.058440 0.453349 0.107113 0.000010 0.065824 0.226568 0.088677 0.000010
0.000010 0.086004 0.333096 0.207998 0.000010 0.000010 0.188811 0.132786 0.051275
0.000010 0.000010 0.659316 0.000010 0.000010 0.000010 0.149025 0.145641 0.045969
0.330543 0.076232 0.100727 0.000010 0.000010 0.000010 0.252438 0.240020 0.000010
0.081050 0.000010 0.324945 0.107315 0.209387 0.000010 0.157877 0.101770 0.017636
0.200892 0.009314 0.441993 0.217474 0.040637 0.000010 0.000010 0.000010 0.089660
0.118325 0.000010 0.298376 0.318600 0.000010 0.000010 0.171409 0.093250 0.000010
0.157378 0.087716 0.333293 0.025695 0.000010 0.000010 0.205853 0.190035 0.000010
0.147257 0.141810 0.278387 0.000010 0.000010 0.053842 0.010102 0.368572 0.000010
0.217514 0.227136 0.228974 0.080578 0.000010 0.000010 0.090069 0.155699 0.000010
0.290180 0.065104 0.329447 0.079647 0.000010 0.000010 0.000010 0.235581 0.000010
0.111967 0.053042 0.065065 0.189879 0.092056 0.000010 0.240135 0.247836 0.000010
0.079935 0.000010 0.544907 0.002609 0.000010 0.000010 0.089201 0.283307 0.000010
0.319262 0.202228 0.335539 0.051363 0.000010 0.000010 0.091567 0.000010 0.000010
0.000010 0.000010 0.235168 0.376544 0.031900 0.000010 0.181886 0.174463 0.000010
0.582568 0.065070 0.099931 0.065808 0.147125 0.000010 0.000010 0.000010 0.039468
0.026869 0.000010 0.000010 0.114421 0.060900 0.076123 0.066875 0.383036 0.271756
0.359101 0.064875 0.011609 0.029071 0.113566 0.000010 0.000010 0.421748 0.000010
0.461165 0.000010 0.000010 0.208282 0.000010 0.000010 0.000010 0.330493 0.000010
0.115284 0.000010 0.204877 0.216626 0.000010 0.000010 0.029049 0.183333 0.250801
0.431818 0.009390 0.027003 0.069337 0.000010 0.000010 0.124517 0.337905 0.000010
0.327289 0.101031 0.000010 0.033355 0.010024 0.000010 0.000010 0.151617 0.376654
0.333442 0.002965 0.002494 0.263727 0.077649 0.032650 0.067562 0.219502 0.000010
0.143540 0.110256 0.000010 0.118890 0.000010 0.071784 0.000010 0.434966 0.120534
0.278403 0.019184 0.000010 0.146893 0.000010 0.000010 0.000010 0.289153 0.266327
0.332211 0.018053 0.102443 0.291943 0.000010 0.004789 0.034253 0.216288 0.000010
0.345463 0.000010 0.000010 0.000010 0.000010 0.057812 0.154084 0.442591 0.000010
0.236947 0.000010 0.230871 0.114649 0.035385 0.117919 0.062660 0.201549 0.000010
0.101469 0.062373 0.000010 0.405329 0.023479 0.000010 0.000010 0.407310 0.000010
0.438228 0.000010 0.219125 0.000010 0.008575 0.055097 0.000010 0.278935 0.000010
0.298057 0.000010 0.000010 0.000010 0.039977 0.000010 0.113867 0.486817 0.061242
0.238506 0.002894 0.000010 0.000010 0.000010 0.035752 0.131572 0.223873 0.367373
0.068989 0.000010 0.000010 0.115124 0.000010 0.000010 0.008914 0.237864 0.569069
0.203968 0.000010 0.000010 0.301552 0.000010 0.000010 0.000010 0.402818 0.091612
0.130670 0.000010 0.072839 0.260960 0.000010 0.000010 0.000010 0.535480 0.000010
0.467749 0.026171 0.000010 0.081273 0.000010 0.038526 0.057199 0.329052 0.000010
0.568805 0.068076 0.010860 0.186176 0.000010 0.000010 0.004216 0.161836 0.000010
0.306086 0.107120 0.031718 0.223927 0.000010 0.016061 0.000010 0.252861 0.062208
0.199273 0.200100 0.000010 0.135684 0.040682 0.054584 0.035372 0.321197 0.013099
0.230123 0.000010 0.120164 0.051386 0.000010 0.000010 0.032775 0.417788 0.147734
0.356432 0.000010 0.000010 0.068308 0.000010 0.000010 0.011038 0.553177 0.011005
0.309099 0.000010 0.000010 0.010365 0.000010 0.000010 0.117268 0.563218 0.000010
0.000010 0.007901 0.001488 0.198738 0.036879 0.026160 0.065886 0.662929 0.000010
0.225103 0.163385 0.155182 0.000010 0.000010 0.000010 0.030818 0.425471 0.000010
0.232299 0.070574 0.000010 0.146408 0.000010 0.057908 0.163075 0.329707 0.000010
0.078820 0.000010 0.021443 0.000010 0.042228 0.000010 0.173048 0.684421 0.000010
0.181425 0.000010 0.000010 0.016196 0.191198 0.000985 0.152143 0.458022 0.000010
0.058683 0.078881 0.025186 0.150660 0.115906 0.075815 0.000010 0.168701 0.326158
0.094085 0.033593 0.030150 0.033205 0.000010 0.034707 0.094647 0.679593 0.000010
0.000010 0.000010 0.000010 0.211891 0.000010 0.000010 0.294662 0.432399 0.060997
0.308992 0.000010 0.062777 0.043754 0.031594 0.000010 0.128915 0.423938 0.000010
0.154882 0.057282 0.000010 0.000010 0.000010 0.000010 0.134781 0.653005 0.000010
0.015838 0.000010 0.038275 0.111586 0.072066 0.025921 0.075874 0.660421 0.000010
0.410351 0.000010 0.000010 0.380764 0.029262 0.026788 0.090452 0.062353 0.000010
0.187996 0.053822 0.007151 0.003717 0.020973 0.066652 0.127066 0.532611 0.000010
0.325944 0.000010 0.000010 0.443577 0.000010 0.000010 0.046713 0.108532 0.075193
0.000010 0.000010 0.000010 0.172788 0.073090 0.000010 0.149759 0.604313 0.000010
0.241575 0.098880 0.000010 0.187847 0.000010 0.026901 0.000010 0.444758 0.000010
0.231449 0.000010 0.000010 0.169086 0.000010 0.000010 0.099746 0.499669 0.000010
0.000010 0.029519 0.015632 0.781638 0.000010 0.000010 0.000010 0.163302 0.009870
0.089804 0.000010 0.095151 0.000010 0.000010 0.000010 0.203359 0.611636 0.000010
0.000010 0.000010 0.271139 0.000010 0.000010 0.000010 0.268376 0.457264 0.003171
0.000010 0.000010 0.000010 0.351669 0.000010 0.000010 0.101647 0.434600 0.112034
0.220018 0.000010 0.188476 0.046143 0.092869 0.000010 0.000010 0.452454 0.000010
0.054831 0.017138 0.000010 0.380894 0.000010 0.000010 0.036253 0.510845 0.000010
0.549069 0.000010 0.038084 0.000010 0.000010 0.056243 0.000010 0.356554 0.000010
0.285553 0.000010 0.010446 0.275712 0.000010 0.035461 0.000010 0.392788 0.000010
0.445291 0.067989 0.000010 0.018681 0.000010 0.000010 0.078239 0.241216 0.148554
0.075216 0.049157 0.000010 0.000010 0.050986 0.000010 0.099074 0.725528 0.000010
0.135483 0.000010 0.032186 0.095686 0.139410 0.000010 0.024550 0.572655 0.000010
0.100306 0.000010 0.185246 0.100860 0.000010 0.000010 0.000010 0.551936 0.061612
0.302288 0.000010 0.000010 0.000010 0.168764 0.096695 0.000010 0.432203 0.000010
0.251065 0.068033 0.000010 0.234945 0.000010 0.000010 0.045125 0.385858 0.014945
0.000010 0.000010 0.131606 0.413916 0.056358 0.000010 0.075732 0.255115 0.067243
0.079138 0.024729 0.218615 0.168237 0.067173 0.000010 0.074536 0.338012 0.029550
0.467712 0.015591 0.044921 0.000010 0.038729 0.000010 0.176030 0.256987 0.000010
0.309787 0.000010 0.055734 0.259516 0.000010 0.000010 0.181670 0.193253 0.000010
0.165167 0.000010 0.118195 0.124323 0.079705 0.000010 0.081869 0.430711 0.000010
0.135779 0.000010 0.008020 0.198280 0.066709 0.013679 0.125880 0.451634 0.000010
0.248544 0.000010 0.155042 0.263920 0.000010 0.000010 0.000010 0.297347 0.035106
0.160140 0.000010 0.036056 0.294195 0.072388 0.075695 0.146281 0.190367 0.024868
0.281043 0.000010 0.000010 0.219943 0.038121 0.000010 0.122763 0.338091 0.000010
0.304002 0.000010 0.071611 0.148755 0.000010 0.000010 0.079233 0.396360 0.000010
0.051066 0.000010 0.033713 0.093645 0.011334 0.000010 0.293846 0.501195 0.015180
0.190250 0.023360 0.038028 0.082325 0.062855 0.009498 0.080179 0.513495 0.000010
0.293499 0.130432 0.000010 0.034294 0.000010 0.000010 0.052541 0.442433 0.046771
0.447545 0.153269 0.088656 0.239170 0.037268 0.000010 0.000010 0.034062 0.000010
0.128028 0.000010 0.337078 0.040836 0.000010 0.003111 0.121016 0.369901 0.000010
0.033692 0.073264 0.000010 0.392652 0.036448 0.057272 0.004434 0.402219 0.000010
0.359866 0.000010 0.000010 0.095838 0.027314 0.000010 0.026657 0.466299 0.023996
0.287204 0.087339 0.000010 0.106499 0.023459 0.000010 0.001983 0.493485 0.000010
0.141628 0.056338 0.107277 0.137375 0.085231 0.000010 0.079164 0.392967 0.000010
0.275528 0.000010 0.000010 0.262615 0.000010 0.000010 0.070076 0.391730 0.000010
0.216214 0.000010 0.158807 0.000010 0.107864 0.013751 0.000365 0.502969 0.000010
0.000010 0.000010 0.125936 0.193073 0.205143 0.000010 0.000010 0.475799 0.000010
0.092377 0.000010 0.261211 0.017817 0.000010 0.000010 0.175399 0.443083 0.010083
0.218519 0.000010 0.072897 0.029756 0.130538 0.024221 0.000010 0.504207 0.019842
0.115208 0.000010 0.135875 0.127446 0.035754 0.000010 0.026594 0.536319 0.022783
0.020878 0.000010 0.000010 0.115738 0.000010 0.041800 0.280744 0.540801 0.000010
0.235907 0.000010 0.001179 0.029442 0.029361 0.030358 0.123805 0.427121 0.122815
0.219104 0.000010 0.000010 0.139410 0.000010 0.000010 0.189933 0.451502 0.000010
0.251667 0.000010 0.044590 0.254585 0.105869 0.014766 0.000010 0.328493 0.000010
0.233946 0.016883 0.035082 0.126391 0.000010 0.000010 0.000010 0.587658 0.000010
0.019530 0.000010 0.234627 0.000010 0.000010 0.000010 0.000010 0.649562 0.096231
0.278114 0.000010 0.111134 0.000010 0.040652 0.000010 0.221597 0.318410 0.030063
0.349131 0.000010 0.000010 0.045281 0.000010 0.000010 0.210943 0.377863 0.016742
0.151237 0.028858 0.147680 0.062864 0.045222 0.026261 0.044410 0.481843 0.011626
0.061846 0.000010 0.129809 0.212333 0.000010 0.000010 0.000010 0.489967 0.106006
0.247117 0.000010 0.078562 0.028956 0.000010 0.000010 0.261362 0.368637 0.015337
0.251490 0.048462 0.023042 0.009368 0.030757 0.000010 0.156548 0.480313 0.000010
0.000010 0.000010 0.157385 0.211648 0.113354 0.000010 0.111343 0.331939 0.074302
0.148947 0.001915 0.173117 0.000010 0.030803 0.000010 0.164434 0.480753 0.000010
0.000010 0.000010 0.024414 0.046498 0.050115 0.000010 0.265798 0.515987 0.097158
0.091051 0.000010 0.018205 0.122563 0.100351 0.000010 0.041471 0.558660 0.067679
0.215053 0.058227 0.103490 0.116771 0.079114 0.051505 0.000010 0.370844 0.004987
0.111851 0.125025 0.000010 0.000010 0.000010 0.000010 0.158542 0.545993 0.058549
0.250079 0.129837 0.041784 0.099209 0.000010 0.005654 0.097941 0.375477 0.000010
0.313670 0.000010 0.037593 0.000010 0.180237 0.000010 0.157753 0.310708 0.000010
0.222615 0.000010 0.056071 0.147484 0.043640 0.117189 0.000010 0.412971 0.000010
0.399331 0.243540 0.057684 0.000010 0.036210 0.000010 0.113139 0.150066 0.000010
0.115489 0.000010 0.221663 0.019018 0.080329 0.000010 0.311204 0.252267 0.000010
0.000010 0.000010 0.022252 0.212422 0.000010 0.000010 0.055952 0.709324 0.000010
0.134282 0.137418 0.186626 0.118317 0.000010 0.000010 0.152381 0.270946 0.000010
0.000010 0.040849 0.103590 0.248873 0.000010 0.012002 0.138173 0.456482 0.000010
0.135092 0.000010 0.025083 0.174146 0.000010 0.000010 0.108276 0.557363 0.000010
0.237034 0.037745 0.000010 0.122189 0.062215 0.000010 0.253779 0.286642 0.000376
0.094947 0.114352 0.000010 0.148968 0.000010 0.000010 0.152183 0.489510 0.000010
0.167520 0.000010 0.000010 0.065733 0.000010 0.012343 0.035542 0.718822 0.000010
0.156944 0.122538 0.200907 0.198398 0.000010 0.000010 0.000010 0.321173 0.000010
0.280224 0.109768 0.000010 0.004791 0.019331 0.014676 0.118921 0.411499 0.040780
0.257505 0.000010 0.020530 0.000010 0.126538 0.019643 0.121436 0.431156 0.023172
0.338248 0.097120 0.000010 0.000010 0.069215 0.042817 0.002005 0.450565 0.000010
0.300118 0.000010 0.092265 0.091176 0.000010 0.000010 0.134819 0.381582 0.000010
0.000010 0.000010 0.047675 0.000010 0.000010 0.298587 0.000010 0.000010 0.653678
0.000010 0.041757 0.000010 0.000010 0.004418 0.481852 0.000010 0.000010 0.471922
0.000010 0.024449 0.000010 0.000010 0.000010 0.328679 0.000010 0.000010 0.646812
0.000010 0.000010 0.000010 0.038003 0.036332 0.428206 0.000010 0.000010 0.497409
0.032291 0.000010 0.000010 0.046901 0.000010 0.145374 0.000010 0.000010 0.775383
0.000010 0.012880 0.000010 0.009032 0.016019 0.306825 0.000010 0.000010 0.655204
0.000010 0.000010 0.000010 0.000010 0.000010 0.408904 0.062792 0.000010 0.528244
0.000010 0.000010 0.000010 0.000010 0.076129 0.400004 0.000010 0.000010 0.523808
0.000010 0.000010 0.000010 0.039326 0.000010 0.371620 0.000010 0.000010 0.588993
0.000010 0.046016 0.000010 0.000010 0.018164 0.446390 0.023937 0.000010 0.465453
0.000010 0.000010 0.127291 0.000010 0.000010 0.274855 0.000010 0.000010 0.597794
0.000010 0.000010 0.000010 0.013106 0.000010 0.454360 0.000010 0.000010 0.532474
0.000010 0.053906 0.005729 0.000010 0.018320 0.205589 0.000010 0.000010 0.716416
0.000010 0.069901 0.000010 0.000010 0.018723 0.507705 0.000010 0.000010 0.403622
0.000010 0.039229 0.000010 0.000010 0.084061 0.316662 0.000010 0.000010 0.559998
0.000010 0.000010 0.000010 0.017128 0.000010 0.528814 0.066965 0.001438 0.385615
0.000010 0.000010 0.000010 0.000010 0.056703 0.392391 0.000010 0.000010 0.550846
0.000010 0.000010 0.057256 0.000010 0.000010 0.435444 0.012789 0.000010 0.494461
0.000010 0.000010 0.000010 0.000010 0.034400 0.212332 0.018615 0.000010 0.734603
0.000010 0.000010 0.000010 0.000010 0.023110 0.417238 0.008385 0.000010 0.551217
0.000010 0.000010 0.000010 0.000010 0.000010 0.342661 0.000010 0.000010 0.657269
0.000010 0.000014 0.000010 0.129638 0.000010 0.000010 0.000010 0.050097 0.820201
0.000015 0.000010 0.009892 0.040570 0.000010 0.321097 0.010989 0.000010 0.617409
0.000010 0.002732 0.000010 0.000010 0.000010 0.412598 0.041696 0.015779 0.527156
0.000010 0.014921 0.000010 0.051440 0.000010 0.079813 0.000010 0.016255 0.837532
0.000010 0.079896 0.022410 0.000010 0.000010 0.537838 0.000010 0.000010 0.359806
0.000010 0.005431 0.002199 0.000010 0.000010 0.391776 0.018065 0.052582 0.529917
0.000010 0.000010 0.000010 0.000010 0.025995 0.409493 0.030153 0.039336 0.494983
0.000010 0.000010 0.000010 0.000010 0.855307 0.000010 0.144623 0.000010 0.000010
0.231913 0.133718 0.000010 0.313836 0.000010 0.020884 0.000010 0.299608 0.000010
0.451981 0.000010 0.000010 0.249331 0.009175 0.000010 0.000010 0.244665 0.044808
0.236212 0.001358 0.118581 0.502966 0.000010 0.000010 0.000010 0.140842 0.000010
0.225426 0.021398 0.000010 0.479607 0.010151 0.000010 0.021341 0.242047 0.000010
0.159249 0.015894 0.000010 0.395811 0.040087 0.000010 0.000010 0.388919 0.000010
0.428476 0.000010 0.117319 0.244658 0.000010 0.000010 0.082285 0.127223 0.000010
0.381645 0.000010 0.035225 0.383557 0.003612 0.030138 0.000010 0.151799 0.014004
0.324958 0.000010 0.047440 0.288031 0.000010 0.000010 0.000010 0.295073 0.044459
0.327860 0.137852 0.023071 0.467054 0.000010 0.000010 0.032840 0.000010 0.011292
0.356141 0.051054 0.000010 0.138181 0.000010 0.000010 0.000010 0.419478 0.035105
0.320839 0.026896 0.141380 0.182906 0.012579 0.000010 0.018584 0.179536 0.117269
0.411755 0.000010 0.014574 0.486674 0.000010 0.000772 0.000010 0.086185 0.000010
0.682985 0.036761 0.036417 0.193616 0.023464 0.000010 0.002959 0.000010 0.023779
0.698256 0.000010 0.000010 0.154143 0.085192 0.000010 0.029391 0.023033 0.009954
0.603828 0.077888 0.000010 0.179678 0.000010 0.000010 0.000010 0.138556 0.000010
0.200991 0.000010 0.000010 0.505034 0.000010 0.000010 0.000010 0.293915 0.000010
0.418181 0.050644 0.000010 0.261267 0.011577 0.000010 0.000010 0.164019 0.094281
0.347321 0.000010 0.165538 0.340754 0.000010 0.000010 0.073847 0.072500 0.000010
0.333044 0.000010 0.071915 0.360885 0.000010 0.000010 0.000010 0.234106 0.000010
0.240490 0.000010 0.020436 0.408224 0.003564 0.000010 0.059243 0.268013 0.000010
0.338700 0.072622 0.081568 0.250583 0.000010 0.019090 0.051570 0.165208 0.020649
0.502239 0.082964 0.000010 0.304506 0.000010 0.000010 0.000894 0.109358 0.000010
0.430240 0.000010 0.000010 0.319928 0.000010 0.046955 0.000010 0.172019 0.030819
0.070888 0.012467 0.128449 0.433944 0.073188 0.057579 0.000010 0.182285 0.041189
0.361347 0.027657 0.085762 0.318034 0.028979 0.000010 0.000010 0.101887 0.076313
0.436468 0.000010 0.000010 0.309671 0.000010 0.000010 0.000010 0.253801 0.000010
0.219085 0.000010 0.044518 0.315168 0.047939 0.000010 0.000010 0.373251 0.000010
0.476186 0.000010 0.000010 0.327564 0.000010 0.000010 0.000010 0.196190 0.000010
0.000010 0.000010 0.012776 0.000010 0.987154 0.000010 0.000010 0.000010 0.000010
0.000010 0.000010 0.000010 0.015414 0.984516 0.000010 0.000010 0.000010 0.000010
0.000010 0.000010 0.000010 0.000010 0.901417 0.000010 0.000010 0.086975 0.011548
0.000010 0.000010 0.004001 0.000010 0.936686 0.000010 0.059253 0.000010 0.000010
0.000010 0.000010 0.000010 0.000010 0.963173 0.031703 0.000010 0.005064 0.000010
0.000010 0.000010 0.000010 0.000010 0.999920 0.000010 0.000010 0.000010 0.000010
0.000010 0.025778 0.000010 0.002600 0.952576 0.000010 0.018996 0.000010 0.000010
0.000010 0.000010 0.046813 0.000010 0.953117 0.000010 0.000010 0.000010 0.000010
0.000010 0.000010 0.000017 0.000010 0.956874 0.000010 0.043049 0.000010 0.000010
0.000010 0.000010 0.000010 0.000010 0.964393 0.000010 0.035537 0.000010 0.000010
0.000010 0.000010 0.000010 0.000010 0.826597 0.010232 0.156956 0.000010 0.006165
0.000010 0.000010 0.000010 0.000010 0.999920 0.000010 0.000010 0.000010 0.000010
0.000013 0.000010 0.000010 0.000010 0.972007 0.000010 0.000010 0.000010 0.027920
0.000011 0.000010 0.000010 0.000010 0.958044 0.041877 0.000010 0.000017 0.000010
0.000010 0.000010 0.000010 0.000010 0.923884 0.000010 0.026383 0.000010 0.049673
0.000010 0.000010 0.000010 0.000010 0.919686 0.000010 0.080244 0.000010 0.000010
0.000010 0.000010 0.000010 0.000010 0.999920 0.000010 0.000010 0.000010 0.000010
0.547623 0.099090 0.014636 0.000010 0.021499 0.040490 0.014413 0.262230 0.000010
0.597304 0.000010 0.000010 0.081775 0.000010 0.044202 0.000010 0.271517 0.005162
0.494370 0.000010 0.235996 0.092642 0.000010 0.080596 0.000010 0.096356 0.000010
0.750502 0.004046 0.000010 0.028974 0.000010 0.009235 0.043224 0.163989 0.000010
0.405341 0.000010 0.151222 0.000010 0.000010 0.108297 0.000010 0.335090 0.000010
0.724395 0.000010 0.000010 0.071546 0.011505 0.020893 0.000010 0.132117 0.039514
0.663029 0.000010 0.000010 0.000010 0.060097 0.083533 0.000010 0.193291 0.000010
0.414098 0.086563 0.000010 0.182812 0.000010 0.000010 0.000010 0.316477 0.000010
0.584895 0.000010 0.000010 0.085897 0.000010 0.093979 0.000010 0.188448 0.046741
0.319026 0.000010 0.223985 0.215024 0.000010 0.000010 0.089511 0.152414 0.000010
0.669857 0.000010 0.000010 0.036317 0.000010 0.027191 0.003731 0.262864 0.000010
0.560686 0.047474 0.000010 0.000010 0.008031 0.059351 0.029812 0.292981 0.001644
0.509384 0.009999 0.036494 0.215471 0.000010 0.011315 0.000010 0.147721 0.069595
0.684368 0.000010 0.034086 0.081903 0.000010 0.000010 0.000010 0.199593 0.000010
0.634614 0.000010 0.117910 0.169340 0.000010 0.016465 0.000010 0.061630 0.000010
0.638435 0.000010 0.000010 0.030894 0.000010 0.000010 0.000010 0.330611 0.000010
0.658868 0.000010 0.003329 0.004334 0.000010 0.000010 0.000010 0.249604 0.083825
0.322907 0.237583 0.039573 0.000010 0.039684 0.060921 0.000010 0.299302 0.000010
0.375566 0.059430 0.000010 0.259685 0.079647 0.000010 0.000010 0.000010 0.225632
0.572606 0.000010 0.000010 0.173627 0.033983 0.081660 0.005410 0.132685 0.000010
0.568448 0.000010 0.000010 0.107878 0.000010 0.004386 0.116500 0.190373 0.012386
0.537904 0.005894 0.000010 0.139809 0.000010 0.000010 0.000010 0.316343 0.000010
0.649584 0.000010 0.015808 0.134200 0.004876 0.000010 0.000010 0.163577 0.031925
0.586795 0.000010 0.000010 0.011835 0.087637 0.000010 0.027806 0.285888 0.000010
0.316306 0.000010 0.105090 0.302171 0.050045 0.000010 0.033626 0.127856 0.064885
0.725978 0.000010 0.000010 0.000010 0.008039 0.019745 0.052810 0.193389 0.000010
0.509708 0.048208 0.131988 0.000010 0.067787 0.060209 0.000401 0.181680 0.000010
0.512432 0.000010 0.000010 0.116460 0.000010 0.000010 0.021641 0.329860 0.019567
0.689419 0.000010 0.000010 0.000010 0.022784 0.006262 0.047876 0.233618 0.000010
0.478865 0.000010 0.000010 0.124485 0.000010 0.048506 0.000010 0.348094 0.000010
0.672842 0.000010 0.000010 0.087839 0.000010 0.000010 0.000010 0.239259 0.000010
0.550791 0.000010 0.000010 0.002894 0.000010 0.000010 0.000010 0.434769 0.011496
0.795434 0.000010 0.000010 0.048927 0.000010 0.000010 0.000010 0.144451 0.011138
0.526047 0.000010 0.000010 0.000010 0.073518 0.000010 0.001535 0.398849 0.000010
0.763675 0.000010 0.000010 0.047300 0.000010 0.000010 0.000010 0.188965 0.000010
0.408207 0.000010 0.000010 0.055679 0.000010 0.000010 0.087807 0.448257 0.000010
0.442097 0.000010 0.000010 0.000010 0.116421 0.000010 0.042547 0.379330 0.019564
0.505201 0.000010 0.000010 0.066557 0.028696 0.084513 0.000010 0.314992 0.000010
0.619472 0.000010 0.023139 0.246156 0.001677 0.000010 0.109517 0.000010 0.000010
0.424573 0.044117 0.167410 0.170864 0.000010 0.000010 0.000010 0.123013 0.069993
0.516904 0.000010 0.000010 0.267799 0.007409 0.178683 0.000010 0.029165 0.000010
0.346395 0.000010 0.084463 0.088853 0.120961 0.000010 0.000010 0.359288 0.000010
0.577734 0.000010 0.104947 0.000010 0.000010 0.048113 0.110756 0.109390 0.049030
0.998616 0.000010 0.000010 0.001314 0.000010 0.000010 0.000010 0.000010 0.000010
0.740862 0.000010 0.000010 0.000010 0.117524 0.004413 0.000010 0.092111 0.045050
0.897166 0.010175 0.000010 0.000010 0.000010 0.066823 0.000010 0.025786 0.000010
0.384165 0.000010 0.000010 0.000010 0.000010 0.000010 0.163270 0.295742 0.156773
0.787557 0.000010 0.000010 0.106864 0.000010 0.000010 0.000010 0.105519 0.000010
0.658617 0.078048 0.000010 0.054170 0.029788 0.000010 0.000010 0.179337 0.000010
0.319538 0.000010 0.052832 0.324770 0.036796 0.000010 0.000172 0.212794 0.053078
0.452680 0.000010 0.024473 0.077560 0.000010 0.000010 0.000010 0.445237 0.000010
0.684669 0.000010 0.000010 0.024128 0.000010 0.029615 0.000010 0.224638 0.036910
0.735819 0.000010 0.000010 0.069461 0.020194 0.002715 0.000010 0.076051 0.095730
0.499730 0.000010 0.000010 0.031342 0.000010 0.002718 0.016064 0.442306 0.007810
0.471465 0.053763 0.066242 0.022935 0.000010 0.000010 0.000010 0.385555 0.000010
0.000010 0.000010 0.000010 0.065127 0.000010 0.082477 0.123728 0.000010 0.728618
0.595080 0.000010 0.069457 0.000010 0.063141 0.000010 0.009296 0.129653 0.133344
0.639208 0.000010 0.000010 0.157130 0.000010 0.041979 0.000010 0.157010 0.004632
0.856530 0.000010 0.000010 0.000010 0.000010 0.040259 0.000010 0.103151 0.000010
0.470710 0.000010 0.000010 0.000010 0.012694 0.025823 0.000010 0.490723 0.000010
0.506458 0.000010 0.077365 0.145038 0.000010 0.000010 0.066840 0.151673 0.052597
0.845307 0.053885 0.000010 0.026555 0.011430 0.000010 0.000010 0.062783 0.000010
0.803141 0.091771 0.000010 0.022963 0.000010 0.000010 0.000010 0.000010 0.082075
0.451199 0.000010 0.087194 0.000010 0.000010 0.000010 0.094574 0.326640 0.040353
0.617354 0.000010 0.000010 0.173271 0.000010 0.000010 0.008072 0.201253 0.000010
0.599978 0.000010 0.078979 0.182124 0.022171 0.045778 0.070940 0.000010 0.000010
0.421265 0.000010 0.000010 0.032766 0.088059 0.014671 0.000010 0.153311 0.289898
0.444482 0.000010 0.000010 0.241138 0.037157 0.086297 0.000010 0.134067 0.056828
0.667283 0.000010 0.000010 0.112210 0.000010 0.081817 0.000010 0.138640 0.000010
0.741466 0.000010 0.000010 0.053214 0.000010 0.000010 0.000010 0.205261 0.000010
0.472703 0.020064 0.000010 0.000674 0.017975 0.050350 0.026488 0.242042 0.169695
0.406780 0.120912 0.047837 0.056251 0.009218 0.000010 0.000010 0.229968 0.129014
0.492088 0.227115 0.000010 0.000010 0.000010 0.000010 0.016264 0.264483 0.000010
0.518726 0.000010 0.000010 0.000010 0.000010 0.010184 0.000010 0.347126 0.123913
0.452435 0.042183 0.219852 0.116021 0.026096 0.118865 0.024528 0.000010 0.000010
0.445796 0.000010 0.091343 0.000010 0.045475 0.000010 0.000010 0.182398 0.234949
0.611926 0.000010 0.128967 0.000010 0.006432 0.066910 0.000010 0.185725 0.000010
0.639688 0.000010 0.000010 0.059311 0.000010 0.025203 0.000010 0.197788 0.077970
0.405933 0.025301 0.000010 0.000010 0.000010 0.020036 0.045667 0.131123 0.371910
0.582118 0.000010 0.027630 0.000010 0.072576 0.000010 0.000010 0.154552 0.163084
0.418723 0.000010 0.154668 0.000010 0.000010 0.035774 0.000010 0.390786 0.000010
0.426130 0.000010 0.000010 0.035620 0.000010 0.084795 0.000010 0.139436 0.313980
0.660558 0.000010 0.000010 0.000010 0.000010 0.025965 0.000010 0.127043 0.186384
0.673252 0.000010 0.000010 0.043833 0.000010 0.000010 0.000010 0.171882 0.110983
0.555253 0.000010 0.000010 0.248816 0.000010 0.096074 0.021160 0.078658 0.000010
0.660927 0.000010 0.097250 0.061835 0.000010 0.060171 0.000010 0.062150 0.057637
0.375829 0.000010 0.000010 0.054377 0.000010 0.000010 0.183908 0.385836 0.000010
0.000010 0.000010 0.000010 0.000010 0.832206 0.000010 0.110701 0.057034 0.000010
0.000010 0.000010 0.000010 0.000010 0.910679 0.032763 0.056498 0.000010 0.000010
0.000010 0.000010 0.000010 0.021890 0.968509 0.000010 0.000010 0.009541 0.000010
0.000010 0.048388 0.000010 0.000010 0.756174 0.000010 0.195378 0.000010 0.000010
0.000010 0.000010 0.000010 0.000010 0.901224 0.000010 0.098706 0.000010 0.000010
0.000010 0.000010 0.000010 0.000010 0.855525 0.000010 0.144142 0.000010 0.000272
0.000010 0.031270 0.000010 0.000010 0.913969 0.000010 0.054701 0.000010 0.000010
0.518824 0.000010 0.000010 0.263588 0.000010 0.000010 0.000010 0.217529 0.000010
0.602193 0.000010 0.028513 0.258357 0.000010 0.000010 0.000010 0.038646 0.072251
0.679687 0.050853 0.000010 0.192350 0.000010 0.000010 0.000011 0.077059 0.000010
0.767755 0.000010 0.000010 0.095578 0.023883 0.112735 0.000010 0.000010 0.000010
0.581895 0.044956 0.000010 0.260651 0.000010 0.000010 0.000010 0.094404 0.018055
0.525600 0.000010 0.000010 0.224675 0.000010 0.000010 0.000010 0.249665 0.000010
0.542643 0.012300 0.000010 0.316915 0.000010 0.046875 0.000010 0.081227 0.000010
0.549422 0.104026 0.000010 0.335755 0.000010 0.000010 0.000010 0.010747 0.000010
0.671235 0.007408 0.000010 0.095257 0.000010 0.000010 0.000010 0.226051 0.000010
0.479299 0.000010 0.000010 0.243012 0.039065 0.000010 0.040312 0.198272 0.000010
0.264059 0.000010 0.080745 0.242779 0.000010 0.000010 0.008987 0.297409 0.105992
0.378246 0.046418 0.000010 0.203730 0.014960 0.070369 0.000010 0.286247 0.000010
0.570053 0.059446 0.000010 0.009635 0.005732 0.000010 0.000010 0.355093 0.000010
0.280913 0.000010 0.000010 0.166447 0.124220 0.076631 0.132133 0.080188 0.139448
0.486925 0.000010 0.026756 0.182756 0.000010 0.062583 0.000010 0.240940 0.000010
0.502141 0.000010 0.000010 0.027177 0.000010 0.037549 0.000010 0.322818 0.110275
0.554004 0.000010 0.163501 0.193822 0.044446 0.000010 0.000010 0.044186 0.000010
0.377061 0.077724 0.000010 0.185508 0.000479 0.000010 0.000010 0.359189 0.000010
0.739098 0.006553 0.000010 0.000010 0.009810 0.000010 0.000010 0.208678 0.035820
0.620878 0.097290 0.000010 0.134532 0.000010 0.000010 0.000010 0.058507 0.088753
0.560816 0.000010 0.020942 0.089097 0.009371 0.069939 0.000010 0.239869 0.009946
0.677004 0.015569 0.017897 0.104689 0.000010 0.000010 0.026436 0.111076 0.047309
0.671833 0.000010 0.000010 0.000010 0.000010 0.000010 0.210003 0.095683 0.022431
0.244536 0.000010 0.077674 0.078731 0.127022 0.058798 0.000010 0.413209 0.000010
0.691530 0.057905 0.000010 0.000010 0.031894 0.000010 0.000010 0.218622 0.000010
0.728340 0.000010 0.043292 0.000010 0.000010 0.000010 0.000010 0.228308 0.000010
0.360407 0.000010 0.000010 0.063220 0.000010 0.000010 0.048661 0.164367 0.363305
0.780175 0.000010 0.000010 0.083245 0.000183 0.049663 0.000010 0.086695 0.000010
0.334438 0.021562 0.000010 0.000010 0.185536 0.000010 0.007109 0.451315 0.000010
0.557991 0.000010 0.014629 0.000010 0.000010 0.031746 0.000010 0.395584 0.000010
0.331829 0.000010 0.000010 0.211751 0.000010 0.094996 0.000010 0.209075 0.152308
0.464590 0.000010 0.000010 0.000010 0.029444 0.022963 0.092296 0.390667 0.000010
0.451338 0.000010 0.000010 0.139847 0.000010 0.063693 0.000010 0.154036 0.191046
0.634203 0.000010 0.000010 0.000010 0.022205 0.105652 0.000010 0.237890 0.000010
0.624349 0.000010 0.000010 0.086735 0.000010 0.015182 0.054857 0.218837 0.000010
0.000010 0.865765 0.048395 0.000010 0.038315 0.000010 0.047475 0.000010 0.000010
0.000010 0.999920 0.000010 0.000010 0.000010 0.000010 0.000010 0.000010 0.000010
0.000010 0.733390 0.201053 0.000010 0.000010 0.000010 0.000010 0.065498 0.000010
0.000010 0.668592 0.268489 0.000010 0.000010 0.000010 0.062859 0.000010 0.000010
0.000010 0.000010 0.481315 0.000010 0.106288 0.035371 0.356110 0.000010 0.020877
0.000010 0.000010 0.561024 0.000010 0.000010 0.000010 0.438906 0.000010 0.000010
0.013925 0.000010 0.459230 0.063742 0.076101 0.011667 0.338014 0.037301 0.000010
0.000010 0.000010 0.463646 0.000010 0.009111 0.000010 0.527183 0.000010 0.000010
0.000010 0.000010 0.307174 0.014486 0.114420 0.049244 0.441146 0.027693 0.045817
0.000010 0.000010 0.643709 0.005245 0.103896 0.000010 0.247099 0.000010 0.000010
0.000010 0.000010 0.322567 0.000010 0.071986 0.000010 0.502941 0.102455 0.000010
0.042754 0.067834 0.435425 0.000010 0.000010 0.000010 0.441741 0.000010 0.012206
0.000010 0.000010 0.557702 0.000010 0.000010 0.000010 0.419012 0.000010 0.023226
0.000010 0.083869 0.455357 0.036445 0.054294 0.000010 0.195969 0.018757 0.155290
0.474315 0.000010 0.024832 0.127916 0.000010 0.000010 0.000010 0.287204 0.085693
0.686097 0.000010 0.040301 0.150332 0.000010 0.000010 0.000010 0.123220 0.000010
0.184178 0.000010 0.072392 0.223601 0.091433 0.135644 0.000010 0.291866 0.000866
0.463612 0.000010 0.000010 0.031075 0.000010 0.056864 0.099138 0.349271 0.000010
0.631218 0.000010 0.000010 0.171746 0.000010 0.066417 0.000010 0.130569 0.000010
0.798144 0.017763 0.000010 0.051358 0.000010 0.000010 0.122966 0.000010 0.009728
0.583625 0.000010 0.017060 0.000010 0.037500 0.000010 0.000010 0.284088 0.077688
0.682684 0.000010 0.000010 0.081675 0.040077 0.000010 0.045016 0.150507 0.000010
0.734181 0.000010 0.013547 0.000010 0.042392 0.000010 0.000010 0.209830 0.000010
0.499024 0.000010 0.000010 0.000010 0.050254 0.000010 0.034560 0.394033 0.022090
0.468897 0.000010 0.000010 0.104914 0.000010 0.075984 0.063171 0.286994 0.000010
0.576270 0.000010 0.000010 0.000010 0.000010 0.062745 0.000010 0.360925 0.000010
0.544849 0.000010 0.000010 0.000010 0.026948 0.000010 0.160491 0.253863 0.013810
0.471867 0.058961 0.051944 0.157103 0.000010 0.000010 0.000010 0.241578 0.018518
0.787257 0.000010 0.000010 0.000010 0.000010 0.000010 0.000010 0.212673 0.000010
0.314198 0.000010 0.070048 0.126148 0.000010 0.000010 0.000010 0.094926 0.394641
0.476862 0.000010 0.000010 0.027875 0.061513 0.000010 0.038334 0.395376 0.000010
0.477096 0.000010 0.000010 0.000010 0.033678 0.078504 0.127417 0.107539 0.175736
0.577903 0.000010 0.000010 0.000010 0.000010 0.112125 0.000010 0.286671 0.023250
0.561541 0.000010 0.000010 0.096902 0.136642 0.018738 0.000010 0.101465 0.084682
0.419729 0.067074 0.016837 0.388249 0.000010 0.028976 0.000010 0.079105 0.000010
0.000010 0.000010 0.719315 0.000010 0.134023 0.001170 0.117536 0.027916 0.000010
0.000010 0.026978 0.782262 0.000010 0.000010 0.000010 0.190700 0.000010 0.000010
0.000010 0.065489 0.666629 0.021697 0.000010 0.000010 0.202837 0.000010 0.043309
0.000010 0.010693 0.768936 0.000010 0.000010 0.000010 0.179088 0.000010 0.041233
0.000010 0.014295 0.613988 0.000010 0.002953 0.000010 0.245556 0.041290 0.081887
0.000010 0.068184 0.504263 0.000010 0.005679 0.017320 0.287111 0.117413 0.000010
0.000010 0.000010 0.607805 0.000010 0.000010 0.000010 0.266640 0.000010 0.125495
0.000332 0.000010 0.557912 0.000010 0.000010 0.000010 0.394030 0.000010 0.047675
0.000010 0.000010 0.607385 0.000010 0.000010 0.000010 0.374831 0.000010 0.017724
0.000010 0.000010 0.707340 0.000010 0.047213 0.057086 0.167798 0.000010 0.020522
0.008714 0.035191 0.583691 0.000010 0.004753 0.097215 0.207774 0.062641 0.000010
0.039418 0.000010 0.666186 0.000010 0.000010 0.000010 0.273574 0.000010 0.020772
0.000010 0.000010 0.663881 0.018165 0.000010 0.000010 0.202072 0.089028 0.026814
0.000010 0.016276 0.486517 0.000010 0.000010 0.000010 0.421831 0.000010 0.075327
0.000010 0.000010 0.768072 0.128229 0.000010 0.000010 0.103639 0.000010 0.000010
0.000010 0.000010 0.674702 0.000010 0.000010 0.000010 0.325228 0.000010 0.000010
0.000010 0.082935 0.729383 0.000010 0.000010 0.000010 0.187622 0.000010 0.000010
0.024213 0.000010 0.816743 0.000010 0.000010 0.044990 0.114003 0.000010 0.000010
0.000010 0.000010 0.568608 0.000010 0.000010 0.000010 0.322095 0.082071 0.027176
0.000010 0.000010 0.633941 0.000010 0.000010 0.082604 0.274260 0.000010 0.009144
0.000010 0.000010 0.754764 0.000010 0.000010 0.000010 0.193950 0.000010 0.051226
0.000010 0.000010 0.593721 0.000010 0.066471 0.020922 0.303640 0.000010 0.015207
0.080771 0.004592 0.693780 0.000010 0.000010 0.055625 0.161236 0.000010 0.003966
0.000010 0.084178 0.727766 0.000010 0.015721 0.063599 0.108696 0.000010 0.000010
0.000010 0.000010 0.607790 0.005009 0.093005 0.000010 0.275537 0.000010 0.018619
0.064734 0.000010 0.575959 0.000010 0.162322 0.000010 0.196934 0.000010 0.000010
0.000010 0.000010 0.667224 0.000010 0.000010 0.010357 0.279526 0.019336 0.023517
0.000010 0.000010 0.551352 0.005060 0.000010 0.000010 0.443528 0.000010 0.000010
0.019943 0.146600 0.412580 0.110929 0.000010 0.000010 0.309908 0.000010 0.000010
0.006498 0.009311 0.781727 0.000010 0.000010 0.016587 0.153230 0.032617 0.000010
0.000010 0.044798 0.501538 0.000010 0.000010 0.000010 0.453605 0.000010 0.000010
0.000010 0.000010 0.707366 0.000010 0.000010 0.000010 0.175075 0.117499 0.000010
0.000010 0.000010 0.620939 0.000010 0.000010 0.000010 0.378991 0.000010 0.000010
0.000010 0.000010 0.709824 0.000010 0.000010 0.000010 0.290106 0.000010 0.000010
0.000010 0.163255 0.388131 0.000010 0.032808 0.000010 0.415757 0.000010 0.000010
0.000010 0.105910 0.420249 0.011382 0.140058 0.000010 0.322362 0.000010 0.000010
0.000010 0.098102 0.630307 0.000010 0.106195 0.000010 0.165346 0.000010 0.000010
0.000010 0.000010 0.515188 0.000010 0.000010 0.000010 0.484742 0.000010 0.000010
0.000010 0.115526 0.358233 0.000010 0.000010 0.000010 0.526181 0.000010 0.000010
0.000010 0.000010 0.000010 0.000010 0.947652 0.052278 0.000010 0.000010 0.000010
0.000010 0.000010 0.104374 0.000010 0.735821 0.000012 0.159743 0.000010 0.000010
0.008752 0.050639 0.780568 0.000010 0.000010 0.000010 0.122941 0.000010 0.037061
0.000010 0.000010 0.762916 0.000010 0.000010 0.002697 0.224301 0.000010 0.010036
0.165081 0.000010 0.000010 0.472180 0.000010 0.000010 0.000010 0.362679 0.000010
0.150784 0.027917 0.103582 0.286567 0.055604 0.007025 0.000010 0.265177 0.103335
0.288432 0.000010 0.000010 0.356201 0.000010 0.000010 0.000010 0.355307 0.000010
0.331565 0.000010 0.000010 0.347737 0.000010 0.000010 0.000010 0.257296 0.063353
0.190272 0.000010 0.063206 0.476481 0.123211 0.000010 0.075287 0.071514 0.000010
0.162453 0.045536 0.000010 0.381522 0.000010 0.000010 0.075896 0.283474 0.051090
0.255886 0.000010 0.000010 0.557311 0.000010 0.030868 0.017183 0.138713 0.000010
0.498042 0.000010 0.024394 0.059771 0.000010 0.212559 0.004884 0.082806 0.117524
0.301395 0.000010 0.054462 0.358417 0.168518 0.069278 0.027664 0.020245 0.000010
0.227558 0.000010 0.190747 0.391822 0.116450 0.000010 0.073382 0.000010 0.000010
0.159137 0.000010 0.000010 0.609716 0.146778 0.000010 0.000010 0.000010 0.084320
0.438138 0.000010 0.000010 0.442714 0.052947 0.000010 0.000010 0.043166 0.022995
0.375192 0.000010 0.000010 0.471829 0.043447 0.000010 0.000010 0.073121 0.036371
0.004362 0.060735 0.564749 0.000010 0.036858 0.000010 0.333256 0.000010 0.000010
0.000010 0.000010 0.583285 0.000010 0.061642 0.000010 0.355012 0.000010 0.000010
0.000010 0.029063 0.508515 0.000010 0.098866 0.047764 0.265884 0.000010 0.049878
0.000010 0.181850 0.509156 0.041075 0.004351 0.000010 0.225917 0.037621 0.000010
0.021071 0.000010 0.661116 0.000010 0.000010 0.000010 0.317753 0.000010 0.000010
0.000010 0.000010 0.545925 0.034655 0.000010 0.000010 0.419360 0.000010 0.000010
0.000010 0.086786 0.698144 0.000010 0.000010 0.000010 0.215010 0.000010 0.000010
0.000010 0.000010 0.667404 0.000010 0.052731 0.000010 0.239542 0.000010 0.040273
0.000010 0.000010 0.542620 0.000010 0.000010 0.000010 0.423547 0.033774 0.000010
0.000010 0.000010 0.657456 0.000010 0.000010 0.000010 0.342474 0.000010 0.000010
0.000010 0.105342 0.698556 0.016855 0.000010 0.000010 0.179197 0.000010 0.000010
0.055084 0.005627 0.744564 0.000010 0.000010 0.000010 0.181742 0.000010 0.012943
