0.366987 0.000010 0.000010 0.000010 0.000010 0.000010 0.121959 0.460985 0.050019
0.253328 0.000010 0.036124 0.304407 0.000010 0.000010 0.066188 0.339913 0.000010
0.303971 0.000010 0.087992 0.159065 0.000010 0.003750 0.024996 0.400380 0.019826
0.380319 0.000010 0.000010 0.000010 0.064651 0.034732 0.162858 0.274755 0.082655
0.470337 0.000010 0.000010 0.000010 0.069509 0.000010 0.092731 0.367373 0.000010
0.227057 0.000010 0.084882 0.000010 0.092905 0.036992 0.000010 0.367011 0.191124
0.296025 0.000010 0.000010 0.000010 0.000010 0.000813 0.122974 0.562425 0.017722
0.386107 0.081759 0.000010 0.006043 0.022763 0.020145 0.000010 0.483153 0.000010
0.207839 0.000010 0.063901 0.000010 0.035228 0.039325 0.074706 0.578971 0.000010
0.244914 0.000010 0.070779 0.162282 0.000010 0.000010 0.050714 0.390950 0.080331
0.552046 0.000010 0.000010 0.007716 0.000010 0.000010 0.000010 0.440179 0.000010
0.236612 0.052592 0.000010 0.097551 0.000010 0.000010 0.226653 0.371872 0.014690
0.208820 0.064972 0.049607 0.176046 0.057096 0.021056 0.017401 0.343036 0.061966
0.252111 0.000010 0.000010 0.000010 0.000010 0.053739 0.188977 0.477194 0.027939
0.281800 0.162932 0.054301 0.045286 0.000010 0.000010 0.088318 0.324499 0.042844
0.256060 0.091360 0.000010 0.000010 0.000010 0.000010 0.107089 0.528690 0.016761
0.117042 0.000010 0.000010 0.000010 0.005091 0.049080 0.229744 0.569706 0.029305
0.213506 0.067388 0.000010 0.019107 0.008965 0.000010 0.159133 0.531872 0.000010
0.215682 0.016749 0.126732 0.066306 0.007292 0.000010 0.167438 0.399781 0.000010
0.213018 0.109106 0.036762 0.000010 0.077073 0.000010 0.062701 0.308359 0.192960
0.287985 0.007631 0.000010 0.000010 0.062318 0.000010 0.161459 0.480568 0.000010
0.443901 0.000010 0.000010 0.115553 0.000010 0.000010 0.089189 0.341955 0.009362
0.380813 0.051992 0.000010 0.000010 0.008386 0.149543 0.143908 0.265329 0.000010
0.382111 0.117429 0.145213 0.000010 0.000010 0.000010 0.144301 0.191072 0.019843
0.249906 0.053307 0.010602 0.105127 0.000010 0.000010 0.060401 0.503479 0.017159
0.184299 0.078458 0.000010 0.047146 0.000010 0.024098 0.224212 0.441756 0.000010
0.237705 0.000010 0.069287 0.117188 0.085505 0.000010 0.021592 0.430749 0.037955
0.075555 0.019357 0.000010 0.164377 0.020526 0.036104 0.039805 0.428536 0.215731
0.125672 0.000010 0.018914 0.000010 0.000010 0.000010 0.254941 0.600423 0.000010
0.386516 0.120551 0.000010 0.000010 0.000010 0.111796 0.021523 0.359574 0.000010
0.343220 0.000010 0.000010 0.096097 0.000010 0.021113 0.233398 0.306133 0.000010
0.303687 0.000010 0.086287 0.075726 0.045966 0.000010 0.000010 0.396164 0.092140
0.323279 0.054705 0.000010 0.283438 0.000010 0.000010 0.000010 0.338528 0.000010
0.278951 0.011362 0.000010 0.042657 0.071256 0.000010 0.037027 0.558717 0.000010
0.086827 0.086508 0.000010 0.000010 0.000013 0.000010 0.216205 0.609055 0.001361
0.355530 0.041977 0.020164 0.000010 0.000010 0.000010 0.127421 0.419745 0.035133
0.123430 0.000010 0.152988 0.229264 0.000010 0.000010 0.121523 0.307726 0.065038
0.199937 0.000010 0.012513 0.000010 0.082630 0.000010 0.047841 0.245657 0.411392
0.196650 0.103455 0.037952 0.132726 0.082203 0.000010 0.004408 0.442585 0.000010
0.382451 0.018627 0.000010 0.000010 0.000010 0.000010 0.000010 0.461973 0.136899
0.272438 0.000010 0.000010 0.000010 0.000010 0.000010 0.251838 0.475664 0.000010
0.410505 0.000010 0.000010 0.000010 0.101920 0.000010 0.055118 0.394637 0.037779
0.141904 0.000010 0.000010 0.026618 0.000010 0.000010 0.232312 0.599116 0.000010
0.442764 0.000010 0.000010 0.104496 0.000010 0.000010 0.031885 0.420805 0.000010
0.385674 0.120838 0.062659 0.100189 0.000010 0.016037 0.000010 0.314572 0.000010
0.295487 0.022442 0.000010 0.000010 0.032046 0.020562 0.019215 0.407513 0.202714
0.187506 0.021747 0.000010 0.060469 0.060089 0.000010 0.000010 0.531594 0.138565
0.154407 0.000010 0.069601 0.099211 0.000010 0.000010 0.088101 0.588640 0.000010
0.385355 0.000010 0.115219 0.005911 0.087733 0.005227 0.178856 0.209759 0.011931
0.172626 0.199835 0.337820 0.000010 0.000010 0.000010 0.000010 0.214054 0.075625
0.202530 0.124962 0.134727 0.250011 0.000010 0.000010 0.205580 0.082160 0.000010
0.116676 0.085458 0.517717 0.005150 0.000010 0.095988 0.136451 0.042539 0.000010
0.000010 0.000010 0.426673 0.134830 0.000010 0.009196 0.114366 0.305273 0.009632
0.336567 0.031497 0.209901 0.136903 0.000010 0.000010 0.180444 0.104657 0.000010
0.237657 0.117816 0.111087 0.107960 0.000010 0.000010 0.079545 0.345906 0.000010
0.217214 0.000010 0.334855 0.085993 0.162461 0.000010 0.000010 0.199437 0.000010
0.000010 0.134337 0.505062 0.090370 0.063192 0.000010 0.000010 0.175866 0.031144
0.000010 0.048133 0.455014 0.280012 0.160054 0.000010 0.052422 0.004335 0.000010
0.216789 0.133923 0.153929 0.113727 0.000010 0.000010 0.000010 0.381592 0.000010
0.076137 0.000010 0.247663 0.148483 0.107107 0.054616 0.141626 0.224348 0.000010
0.065696 0.291674 0.260269 0.140731 0.136276 0.072639 0.022405 0.000010 0.010301
0.000010 0.027799 0.334274 0.162440 0.040102 0.000010 0.089459 0.231823 0.114083
0.198992 0.000010 0.527532 0.000010 0.000010 0.000010 0.146390 0.127036 0.000010
0.000010 0.000010 0.503435 0.267657 0.000010 0.000010 0.000010 0.164477 0.064380
0.096237 0.083517 0.420448 0.000010 0.009765 0.000010 0.083950 0.196658 0.109405
0.234660 0.000010 0.096722 0.000010 0.000010 0.084058 0.240713 0.343806 0.000010
0.132379 0.000010 0.301756 0.111223 0.057224 0.000010 0.100000 0.254152 0.043247
0.000010 0.000010 0.635817 0.117762 0.015722 0.000010 0.089567 0.141093 0.000010
0.146502 0.078957 0.483614 0.031508 0.076915 0.045301 0.000010 0.137182 0.000010
0.333405 0.093094 0.000010 0.144421 0.113909 0.001670 0.101528 0.211953 0.000010
0.000010 0.000010 0.000010 0.000010 0.000010 0.085541 0.114276 0.223531 0.576602
0.367782 0.000010 0.000010 0.150626 0.000010 0.000010 0.000010 0.374170 0.107373
0.374628 0.000010 0.080694 0.000010 0.000010 0.006652 0.000010 0.441032 0.096955
0.177721 0.000010 0.064118 0.148838 0.000010 0.000010 0.071034 0.509370 0.028888
0.601480 0.000010 0.000010 0.066482 0.032238 0.058023 0.000010 0.205354 0.036393
0.246111 0.020343 0.000010 0.000010 0.000010 0.008031 0.085988 0.575082 0.064415
0.199269 0.000010 0.043780 0.105567 0.064908 0.000010 0.055029 0.476957 0.054471
0.441203 0.025051 0.000010 0.066455 0.141097 0.085981 0.058367 0.108539 0.073298
0.312101 0.000010 0.126225 0.000010 0.003280 0.000010 0.000010 0.558344 0.000010
0.239726 0.008948 0.000010 0.000010 0.000010 0.109742 0.038617 0.458686 0.144250
0.018441 0.206139 0.018844 0.220303 0.000010 0.000010 0.096945 0.226616 0.212693
0.103322 0.037209 0.000010 0.254225 0.018304 0.019686 0.024070 0.407707 0.135467
0.222276 0.056305 0.000010 0.035736 0.053900 0.014318 0.099023 0.455260 0.063172
0.051928 0.074739 0.000010 0.035247 0.056348 0.000010 0.081249 0.600087 0.100383
0.361675 0.000010 0.090259 0.029578 0.000010 0.000010 0.000010 0.289113 0.229336
0.186978 0.048728 0.029537 0.103428 0.000010 0.000010 0.000010 0.408122 0.223178
0.211773 0.000010 0.099305 0.000010 0.000010 0.000010 0.000010 0.558520 0.130353
0.279046 0.030538 0.000010 0.000010 0.124424 0.041142 0.000010 0.453275 0.071544
0.177445 0.000010 0.000010 0.008585 0.024877 0.000010 0.082889 0.677311 0.028863
0.104597 0.000014 0.000010 0.067634 0.081914 0.076689 0.025496 0.589624 0.054023
0.345297 0.112436 0.015037 0.000010 0.000010 0.000010 0.000010 0.450306 0.076885
0.310275 0.168668 0.000010 0.007271 0.005517 0.000010 0.045804 0.332133 0.130311
0.301994 0.180229 0.053643 0.094709 0.000010 0.000010 0.072707 0.282530 0.014168
0.228938 0.000010 0.283079 0.000010 0.000010 0.000010 0.078053 0.352898 0.056991
0.424558 0.000010 0.000010 0.000010 0.000010 0.014300 0.154540 0.326048 0.080513
0.132657 0.000010 0.140241 0.000010 0.071381 0.000010 0.075473 0.580208 0.000010
0.238279 0.003824 0.030828 0.000010 0.000010 0.000010 0.326884 0.400144 0.000010
0.132533 0.201968 0.000010 0.225481 0.000010 0.000010 0.075642 0.275207 0.089139
0.191554 0.000010 0.000010 0.098884 0.000010 0.000010 0.183312 0.517433 0.008775
0.206213 0.000010 0.000010 0.000010 0.000010 0.000010 0.243509 0.484804 0.065425
0.218407 0.083282 0.000010 0.020125 0.000010 0.035809 0.124216 0.518132 0.000010
0.000010 0.000010 0.001248 0.072651 0.026622 0.188946 0.034438 0.201528 0.474546
0.046050 0.000010 0.000010 0.205180 0.000010 0.000010 0.278249 0.288126 0.182355
0.000010 0.000010 0.000010 0.101064 0.000010 0.111158 0.203788 0.583940 0.000010
0.033489 0.127864 0.000010 0.039305 0.000010 0.000010 0.340217 0.459084 0.000010
0.023144 0.000010 0.011612 0.144665 0.000010 0.000010 0.129260 0.583893 0.107396
0.118372 0.127163 0.000010 0.275233 0.000010 0.063245 0.000010 0.272201 0.143755
0.177306 0.001438 0.000010 0.014132 0.073926 0.000010 0.254282 0.478886 0.000010
0.511258 0.000010 0.088585 0.000010 0.000010 0.000010 0.076182 0.283453 0.040483
0.283243 0.000010 0.000010 0.072563 0.000010 0.000010 0.000010 0.633869 0.010275
0.000010 0.022665 0.012768 0.000010 0.000010 0.046029 0.117935 0.680899 0.119673
0.252090 0.041457 0.000010 0.036657 0.073233 0.000010 0.091194 0.484186 0.021162
0.462452 0.000010 0.016926 0.000010 0.003118 0.000010 0.130373 0.361230 0.025871
0.231148 0.000010 0.000010 0.236588 0.000010 0.000010 0.112645 0.358926 0.060653
0.296701 0.004409 0.000010 0.000010 0.000010 0.000010 0.306554 0.392286 0.000010
0.198338 0.176197 0.000010 0.022095 0.070872 0.000010 0.216848 0.315619 0.000010
0.191557 0.099055 0.000010 0.000010 0.000010 0.000010 0.133327 0.576011 0.000010
0.354581 0.134561 0.080975 0.000010 0.114556 0.000010 0.000010 0.315288 0.000010
0.227667 0.010633 0.000010 0.000010 0.073508 0.042983 0.090990 0.524184 0.030016
0.016040 0.000010 0.000010 0.174852 0.000010 0.000010 0.203011 0.606048 0.000010
0.185183 0.105942 0.090213 0.145836 0.000010 0.000010 0.023608 0.449188 0.000010
0.398162 0.037991 0.219919 0.000010 0.000010 0.000010 0.053577 0.290311 0.000010
0.486260 0.000010 0.000010 0.083273 0.000010 0.000010 0.073459 0.225734 0.131234
0.096814 0.133497 0.000010 0.007319 0.068956 0.069148 0.027226 0.501049 0.095980
0.289018 0.000010 0.000010 0.000010 0.006334 0.086160 0.000010 0.554289 0.064160
0.000010 0.156303 0.000010 0.134162 0.000010 0.104905 0.147500 0.457090 0.000010
0.121409 0.091287 0.026913 0.034784 0.000010 0.000010 0.225366 0.446386 0.053835
0.468680 0.000010 0.000010 0.271854 0.000010 0.049951 0.023206 0.186268 0.000010
0.259928 0.000010 0.084915 0.022398 0.159204 0.000010 0.156766 0.316759 0.000010
0.149365 0.137523 0.000010 0.201366 0.000010 0.000010 0.019669 0.492037 0.000010
0.209854 0.000010 0.173740 0.075758 0.000010 0.000010 0.000010 0.437954 0.102654
0.285878 0.000010 0.073055 0.021372 0.000010 0.071014 0.137291 0.411360 0.000010
0.346207 0.002948 0.024926 0.000010 0.000010 0.000010 0.109056 0.456052 0.060781
0.091057 0.029610 0.029946 0.034488 0.091918 0.015028 0.213126 0.494818 0.000010
0.220082 0.062528 0.029394 0.157780 0.042707 0.000010 0.095393 0.367251 0.024856
0.287192 0.000010 0.029367 0.000010 0.000010 0.000010 0.115796 0.480004 0.087601
0.321897 0.000010 0.013046 0.008786 0.000010 0.000010 0.091794 0.564438 0.000010
0.070779 0.079552 0.000010 0.095571 0.000010 0.012818 0.248936 0.492314 0.000010
0.184295 0.000010 0.125969 0.000010 0.040333 0.014036 0.042199 0.505348 0.087799
0.296377 0.120690 0.111789 0.062648 0.000010 0.000010 0.010678 0.397787 0.000010
0.191262 0.000010 0.007758 0.000010 0.020189 0.000010 0.077638 0.670828 0.032294
0.267541 0.000010 0.000010 0.000010 0.000010 0.000010 0.000010 0.569666 0.162733
0.332850 0.000010 0.028481 0.000010 0.000010 0.000010 0.058281 0.447694 0.132654
0.369958 0.031331 0.000010 0.000010 0.103708 0.000010 0.085564 0.409399 0.000010
0.279663 0.000010 0.046690 0.011677 0.000010 0.000010 0.030358 0.573223 0.058359
0.312890 0.000010 0.124428 0.000010 0.000010 0.000010 0.096980 0.465652 0.000010
0.260255 0.002978 0.071424 0.214369 0.040657 0.000010 0.058753 0.351544 0.000010
0.280226 0.000010 0.069555 0.047374 0.000010 0.000010 0.096094 0.485894 0.020828
0.175404 0.000010 0.048400 0.061839 0.000010 0.010324 0.136053 0.557854 0.010107
0.345253 0.112051 0.008819 0.000010 0.093878 0.000010 0.057640 0.359066 0.023273
0.141100 0.270347 0.000010 0.245714 0.055246 0.019312 0.048544 0.219717 0.000010
0.317334 0.000010 0.020374 0.171163 0.072461 0.000010 0.000010 0.353951 0.064687
0.158213 0.000010 0.074453 0.316601 0.000010 0.000010 0.117109 0.333585 0.000010
0.208967 0.119683 0.000010 0.165220 0.000010 0.000010 0.173505 0.332585 0.000010
0.075950 0.029202 0.124867 0.034733 0.005534 0.008003 0.242737 0.478962 0.000010
0.172452 0.060586 0.104960 0.000010 0.000010 0.000010 0.190175 0.471788 0.000010
0.116357 0.000010 0.094710 0.000010 0.002632 0.000010 0.247120 0.533951 0.005201
0.249934 0.198125 0.000010 0.119425 0.000010 0.000010 0.063720 0.368757 0.000010
0.187394 0.037951 0.055384 0.092863 0.000010 0.000010 0.023063 0.439108 0.164216
0.280822 0.337589 0.000010 0.000010 0.014680 0.000010 0.085523 0.281346 0.000010
0.261151 0.084364 0.023023 0.055503 0.000010 0.014094 0.171197 0.390648 0.000010
0.211100 0.000010 0.066935 0.000010 0.000010 0.000010 0.203201 0.518714 0.000010
0.272214 0.000010 0.058650 0.147817 0.000010 0.025213 0.000010 0.461317 0.034758
0.282559 0.020497 0.200267 0.245506 0.000010 0.000010 0.044568 0.206573 0.000010
0.000010 0.000010 0.151515 0.044631 0.000010 0.000010 0.297447 0.409374 0.096992
0.142316 0.133367 0.170459 0.071388 0.000010 0.000010 0.005558 0.476882 0.000010
0.324328 0.000010 0.156011 0.056527 0.016352 0.024609 0.087945 0.334208 0.000010
0.114300 0.000010 0.011715 0.000010 0.020838 0.000010 0.250028 0.603078 0.000010
0.104157 0.200883 0.000010 0.099037 0.167602 0.019818 0.124494 0.283988 0.000010
0.139446 0.120682 0.080789 0.007287 0.113029 0.000010 0.065271 0.443450 0.030036
0.208740 0.000010 0.194178 0.164067 0.037285 0.040263 0.085031 0.270417 0.000010
0.052249 0.000010 0.223701 0.098634 0.000010 0.000010 0.206574 0.418803 0.000010
0.313569 0.000010 0.112899 0.019497 0.127421 0.000010 0.161979 0.237673 0.026942
0.282651 0.011316 0.134666 0.000010 0.000010 0.000010 0.162388 0.408940 0.000010
0.375905 0.000010 0.120264 0.000010 0.040177 0.059306 0.039178 0.365139 0.000010
0.122273 0.000010 0.216474 0.000010 0.000010 0.059456 0.000010 0.601747 0.000010
0.095862 0.047106 0.011294 0.236245 0.000010 0.000010 0.194670 0.412704 0.002099
0.102486 0.005621 0.113669 0.000010 0.000010 0.000010 0.181498 0.596687 0.000010
0.021584 0.000010 0.260706 0.230749 0.041861 0.000010 0.000010 0.365311 0.079760
0.098425 0.000010 0.110771 0.000010 0.236967 0.000010 0.000010 0.511202 0.042594
0.378991 0.077559 0.149690 0.000010 0.000010 0.000010 0.028638 0.279382 0.085710
0.217116 0.051841 0.072255 0.212199 0.083123 0.080845 0.000010 0.279456 0.003156
0.000010 0.165939 0.251361 0.030638 0.000010 0.038004 0.066080 0.374075 0.073884
0.141471 0.000010 0.003251 0.209500 0.000010 0.007205 0.094087 0.373953 0.170512
0.197735 0.198268 0.035161 0.000010 0.011119 0.082011 0.129738 0.345948 0.000010
0.367887 0.000010 0.000010 0.004642 0.000010 0.082701 0.175556 0.368541 0.000643
0.276185 0.027001 0.000010 0.000010 0.166806 0.000010 0.064664 0.419879 0.045435
0.000010 0.000010 0.000010 0.009376 0.031398 0.422831 0.000010 0.026741 0.509614
0.004801 0.020173 0.000010 0.031669 0.000010 0.392274 0.000010 0.000010 0.551044
0.012479 0.000010 0.000010 0.000010 0.000010 0.061172 0.000010 0.025029 0.901270
0.012516 0.000010 0.013986 0.000010 0.000010 0.409499 0.000010 0.000010 0.563949
0.000010 0.000010 0.000010 0.000010 0.055677 0.206004 0.000010 0.000010 0.738259
0.022195 0.000010 0.000010 0.000010 0.000010 0.280794 0.000010 0.000010 0.696951
0.009715 0.022165 0.000010 0.020660 0.000010 0.558066 0.000010 0.000010 0.389354
0.000010 0.000010 0.000010 0.000010 0.034442 0.345426 0.000010 0.000010 0.620072
0.000010 0.000010 0.000010 0.026698 0.018204 0.302544 0.000010 0.022462 0.630052
0.000010 0.000010 0.051838 0.000010 0.000010 0.090534 0.019698 0.002154 0.835735
0.036112 0.000010 0.000010 0.000010 0.000010 0.546616 0.000010 0.133294 0.283928
0.000010 0.030375 0.000010 0.000010 0.000010 0.469233 0.000010 0.000010 0.500332
0.000010 0.037846 0.000010 0.034408 0.042491 0.475421 0.000010 0.000010 0.409794
0.000010 0.006593 0.000010 0.055211 0.037063 0.511982 0.000010 0.000010 0.389110
0.000010 0.000010 0.000010 0.025813 0.000010 0.324511 0.000010 0.000010 0.649616
0.000010 0.000010 0.007478 0.023576 0.000010 0.244436 0.000010 0.047558 0.676911
0.000010 0.000010 0.000010 0.003751 0.000010 0.264882 0.000010 0.000010 0.731307
0.000010 0.000010 0.000010 0.000010 0.000010 0.481995 0.000010 0.044443 0.473502
0.000010 0.000010 0.000010 0.047255 0.000010 0.118907 0.000010 0.000010 0.833778
0.000010 0.000010 0.000010 0.000010 0.021908 0.469237 0.000010 0.100770 0.408036
0.000010 0.000650 0.000010 0.054658 0.000010 0.438188 0.000010 0.070366 0.436098
0.000010 0.000010 0.000010 0.094576 0.000010 0.347731 0.000010 0.010916 0.546728
0.041590 0.000010 0.000010 0.000010 0.000010 0.263512 0.000010 0.000010 0.694837
0.016818 0.000010 0.087411 0.000010 0.000010 0.407692 0.022204 0.054540 0.411306
0.000010 0.000010 0.000010 0.000010 0.126305 0.293752 0.000010 0.000010 0.579883
0.000010 0.000010 0.000010 0.008930 0.000010 0.612319 0.043122 0.055277 0.280312
0.000010 0.037715 0.000010 0.032919 0.004164 0.468927 0.003793 0.000010 0.452451
0.020527 0.000010 0.015299 0.000010 0.000010 0.313914 0.000010 0.096329 0.553891
0.000010 0.016932 0.035964 0.022882 0.696162 0.000010 0.228019 0.000010 0.000010
0.518577 0.000010 0.039021 0.002703 0.066443 0.000010 0.000010 0.373217 0.000010
0.249638 0.187569 0.000010 0.321628 0.118479 0.000010 0.004426 0.093626 0.024615
0.410909 0.000010 0.000010 0.140722 0.139936 0.060892 0.032050 0.208209 0.007263
0.363210 0.000010 0.157517 0.221742 0.048943 0.020400 0.000010 0.188158 0.000010
0.411180 0.065944 0.053613 0.248071 0.038378 0.000010 0.000010 0.152899 0.029894
0.346586 0.044641 0.034454 0.069261 0.000010 0.000010 0.006334 0.482395 0.016309
0.296878 0.108487 0.000010 0.336540 0.128928 0.008881 0.010016 0.025112 0.085149
0.672289 0.052535 0.002979 0.000010 0.000010 0.021884 0.054781 0.195502 0.000010
0.292044 0.127659 0.012984 0.319109 0.000010 0.000010 0.028608 0.219567 0.000010
0.548494 0.000010 0.000010 0.068053 0.061514 0.025763 0.000010 0.266519 0.029628
0.595232 0.061943 0.062766 0.133882 0.041801 0.000010 0.056143 0.048214 0.000010
0.425897 0.130265 0.000010 0.204645 0.000010 0.000010 0.018381 0.220773 0.000010
0.614700 0.021153 0.012690 0.000010 0.004433 0.000010 0.000010 0.207597 0.139395
0.382912 0.000010 0.000010 0.302751 0.045184 0.000010 0.075377 0.126940 0.066806
0.469208 0.058914 0.063001 0.326635 0.001012 0.015293 0.000010 0.060012 0.005916
0.252277 0.000010 0.049364 0.295842 0.000010 0.000010 0.119601 0.282875 0.000010
0.284931 0.257442 0.000010 0.375488 0.000011 0.000010 0.000010 0.082087 0.000010
0.365157 0.000010 0.018494 0.258439 0.009521 0.000010 0.156237 0.172526 0.019606
0.702440 0.021173 0.007046 0.145566 0.033299 0.000010 0.032621 0.057836 0.000010
0.694400 0.000010 0.000010 0.104365 0.000010 0.030864 0.000010 0.170320 0.000010
0.464792 0.000010 0.000010 0.268906 0.000010 0.000010 0.070022 0.196230 0.000010
0.386950 0.003838 0.022922 0.291067 0.000010 0.015959 0.031203 0.231199 0.016851
0.378946 0.000010 0.000010 0.339275 0.122319 0.154322 0.004260 0.000010 0.000849
0.252475 0.000010 0.093977 0.413535 0.008138 0.040345 0.017530 0.112590 0.061399
0.260708 0.000010 0.028906 0.405734 0.000010 0.000010 0.002216 0.302395 0.000010
0.500121 0.000010 0.027216 0.351192 0.000010 0.044660 0.000010 0.076770 0.000010
0.396733 0.049690 0.037938 0.309205 0.119516 0.031975 0.000010 0.003810 0.051122
0.263326 0.000010 0.029624 0.438050 0.108556 0.000010 0.000749 0.159666 0.000010
0.000010 0.000010 0.000010 0.000010 0.999920 0.000010 0.000010 0.000010 0.000010
0.000010 0.000010 0.000010 0.000010 0.950075 0.016711 0.029323 0.003841 0.000010
0.000010 0.000010 0.000010 0.000010 0.858618 0.011048 0.047610 0.054779 0.027904
0.084759 0.000010 0.000010 0.000010 0.908209 0.000010 0.006972 0.000010 0.000010
0.058397 0.004350 0.000010 0.000010 0.899818 0.010955 0.000010 0.000010 0.026440
0.017195 0.016115 0.038229 0.000010 0.738541 0.000010 0.189880 0.000010 0.000010
0.000010 0.000010 0.000010 0.017027 0.926203 0.000010 0.056710 0.000010 0.000010
0.000010 0.000010 0.000010 0.000010 0.999920 0.000010 0.000010 0.000010 0.000010
0.000010 0.000010 0.030950 0.097933 0.854683 0.000010 0.000010 0.016384 0.000010
0.000010 0.000010 0.000010 0.000010 0.950262 0.000010 0.049668 0.000010 0.000010
0.000010 0.035006 0.000010 0.000010 0.964924 0.000010 0.000010 0.000010 0.000010
0.000010 0.000010 0.000010 0.060067 0.919310 0.000010 0.020563 0.000010 0.000010
0.002731 0.000010 0.056124 0.000010 0.904239 0.000010 0.000010 0.000010 0.036856
0.000010 0.000010 0.000010 0.000010 0.890542 0.066464 0.000010 0.000010 0.042934
0.000010 0.000010 0.000010 0.000012 0.999918 0.000010 0.000010 0.000010 0.000010
0.020024 0.000010 0.000010 0.000010 0.873778 0.000010 0.106138 0.000010 0.000010
0.000010 0.010949 0.000010 0.000010 0.903036 0.000010 0.085955 0.000010 0.000010
0.646632 0.126959 0.000010 0.102523 0.048539 0.000010 0.000010 0.075307 0.000010
0.552349 0.082906 0.000010 0.000010 0.109062 0.000010 0.092962 0.131916 0.030775
0.448181 0.000010 0.000010 0.047582 0.000010 0.131201 0.080280 0.138810 0.153917
0.566717 0.201264 0.008841 0.000010 0.000010 0.000010 0.000010 0.223128 0.000010
0.399098 0.000010 0.131493 0.110984 0.000010 0.052926 0.092282 0.213187 0.000010
0.466162 0.000010 0.000010 0.165579 0.000010 0.000010 0.000010 0.344516 0.023694
0.526915 0.000010 0.134230 0.011896 0.000010 0.000010 0.084180 0.242739 0.000010
0.518762 0.055768 0.046275 0.000010 0.000010 0.000010 0.000010 0.379146 0.000010
0.509755 0.014811 0.019142 0.124717 0.000010 0.000010 0.076644 0.200342 0.054570
0.538225 0.058166 0.000010 0.017975 0.003428 0.000010 0.000658 0.381518 0.000010
0.671709 0.000010 0.014445 0.000010 0.021610 0.067546 0.000010 0.181256 0.043404
0.502363 0.036939 0.087500 0.000010 0.024095 0.000010 0.000010 0.349063 0.000010
0.533777 0.000010 0.064356 0.065952 0.017328 0.000010 0.075454 0.170942 0.072172
0.799529 0.000010 0.000010 0.000010 0.014323 0.000010 0.000010 0.079676 0.106422
0.588769 0.125862 0.000010 0.000010 0.000010 0.048810 0.000010 0.236509 0.000010
0.444806 0.212242 0.000010 0.039418 0.000010 0.068592 0.015980 0.150506 0.068437
0.524498 0.000010 0.000010 0.065225 0.062155 0.000010 0.093101 0.254981 0.000010
0.267117 0.000010 0.014821 0.061675 0.000010 0.046888 0.213796 0.371705 0.023977
0.505984 0.089272 0.000010 0.099838 0.000010 0.000010 0.000010 0.304857 0.000010
0.555481 0.000010 0.000010 0.000010 0.000010 0.051079 0.046335 0.347054 0.000010
0.584193 0.026677 0.000010 0.058374 0.005433 0.000010 0.019296 0.305997 0.000010
0.411743 0.070175 0.095958 0.036527 0.000010 0.000010 0.011261 0.339223 0.035092
0.456079 0.066727 0.004167 0.143703 0.071134 0.062874 0.000010 0.127584 0.067722
0.599068 0.036220 0.000010 0.047792 0.179961 0.048134 0.000010 0.088795 0.000010
0.300979 0.087464 0.000010 0.165508 0.000010 0.215061 0.000010 0.230948 0.000010
0.494772 0.000010 0.071882 0.026922 0.000010 0.013574 0.000752 0.353251 0.038828
0.637433 0.000010 0.000010 0.019376 0.000010 0.000010 0.029934 0.193378 0.119839
0.553313 0.101438 0.000010 0.081101 0.026967 0.055254 0.000010 0.181898 0.000010
0.493576 0.014969 0.039885 0.129771 0.045194 0.038716 0.113143 0.124737 0.000010
0.454098 0.000010 0.088239 0.153547 0.000010 0.012440 0.000010 0.291636 0.000010
0.670687 0.000010 0.037349 0.106789 0.011480 0.083301 0.065855 0.000010 0.024520
0.512191 0.043110 0.000010 0.153177 0.067531 0.031674 0.104732 0.000010 0.087564
0.520244 0.000010 0.131270 0.000010 0.000010 0.000010 0.000010 0.348426 0.000010
0.383681 0.000010 0.000010 0.059839 0.000010 0.000010 0.111611 0.343835 0.100994
0.280138 0.000010 0.067382 0.118234 0.019943 0.000010 0.120413 0.364107 0.029763
0.538237 0.000010 0.010038 0.184800 0.029383 0.006081 0.000010 0.231431 0.000010
0.601565 0.081090 0.000010 0.000010 0.000010 0.000010 0.000010 0.317286 0.000010
0.214876 0.087140 0.000010 0.295152 0.000010 0.052058 0.061557 0.276118 0.013079
0.579414 0.022324 0.000010 0.000010 0.000010 0.019516 0.067591 0.235221 0.075904
0.469935 0.000010 0.000010 0.014291 0.014788 0.000010 0.022679 0.372470 0.105807
0.403040 0.090570 0.000010 0.090486 0.052381 0.090316 0.035764 0.237422 0.000010
0.511399 0.134505 0.000010 0.163412 0.000010 0.000010 0.000010 0.161199 0.029445
0.571509 0.000010 0.020869 0.008481 0.112141 0.120197 0.000010 0.166240 0.000542
0.427896 0.000010 0.000010 0.000010 0.000010 0.063357 0.000010 0.382430 0.126267
0.440901 0.000010 0.000010 0.271571 0.089481 0.091879 0.000010 0.000010 0.106128
0.637777 0.000010 0.000010 0.000010 0.030417 0.000010 0.000010 0.099486 0.232270
0.625921 0.000010 0.000010 0.006764 0.000010 0.007199 0.000010 0.117027 0.243049
0.540035 0.040192 0.000010 0.000010 0.078375 0.008364 0.180869 0.152135 0.000010
0.352165 0.130728 0.164568 0.010371 0.000010 0.074194 0.000010 0.267944 0.000010
0.423348 0.041289 0.000010 0.176209 0.000010 0.009576 0.115379 0.163711 0.070468
0.482632 0.000010 0.000010 0.000010 0.093792 0.000010 0.026047 0.397480 0.000010
0.533654 0.000010 0.000010 0.000010 0.185808 0.000010 0.000010 0.195041 0.085447
0.495294 0.000010 0.072160 0.000010 0.006045 0.007607 0.000010 0.149237 0.269628
0.380573 0.000010 0.031272 0.000010 0.000010 0.000010 0.087083 0.433988 0.067044
0.480912 0.080638 0.000010 0.000010 0.020495 0.000010 0.000010 0.208770 0.209145
0.050287 0.000010 0.000010 0.084236 0.023745 0.015525 0.007614 0.020617 0.797956
0.280532 0.090280 0.000010 0.000010 0.007321 0.000010 0.000010 0.397263 0.224564
0.600100 0.000010 0.000010 0.019815 0.000010 0.073010 0.000010 0.194758 0.112277
0.627668 0.000010 0.057011 0.000010 0.055121 0.000010 0.000010 0.129465 0.130695
0.481899 0.154697 0.027585 0.000010 0.000010 0.000010 0.092604 0.212945 0.030240
0.374280 0.061599 0.000010 0.067782 0.142868 0.000010 0.000010 0.165324 0.188117
0.516224 0.035878 0.000010 0.126314 0.058904 0.000010 0.014237 0.176167 0.072257
0.633803 0.118778 0.000010 0.000010 0.151585 0.035574 0.000010 0.060221 0.000010
0.594455 0.029880 0.000010 0.067124 0.019595 0.099060 0.000010 0.189856 0.000010
0.893910 0.000010 0.000010 0.036000 0.000010 0.003412 0.000010 0.000010 0.066628
0.792015 0.000010 0.031908 0.000010 0.000010 0.000010 0.000010 0.149894 0.026133
0.698706 0.000010 0.000010 0.000010 0.055982 0.008764 0.000010 0.236498 0.000010
0.440677 0.000010 0.000010 0.088207 0.000010 0.000010 0.051067 0.225699 0.194310
0.572543 0.134397 0.000010 0.018700 0.054942 0.000010 0.000010 0.170495 0.048893
0.625677 0.000010 0.000010 0.086061 0.000010 0.087132 0.044263 0.078478 0.078358
0.389417 0.012295 0.000010 0.000010 0.013997 0.112289 0.000010 0.335595 0.136378
0.583492 0.000010 0.000010 0.000010 0.030958 0.025811 0.000010 0.359688 0.000010
0.385499 0.000010 0.053372 0.082800 0.095700 0.000010 0.002971 0.190382 0.189255
0.298325 0.073233 0.000010 0.204126 0.000010 0.024715 0.000010 0.306953 0.092617
0.390156 0.000010 0.204741 0.000010 0.112552 0.000010 0.000010 0.292500 0.000010
0.458871 0.016413 0.000010 0.000010 0.233390 0.000010 0.000010 0.152236 0.139049
0.384452 0.000010 0.000010 0.175784 0.177669 0.022642 0.000010 0.104787 0.134636
0.595401 0.000010 0.000010 0.133989 0.043673 0.102378 0.000010 0.124519 0.000010
0.383727 0.000010 0.031815 0.000010 0.021370 0.000357 0.106731 0.323651 0.132329
0.672501 0.000010 0.100624 0.000010 0.000010 0.000010 0.072328 0.102950 0.051556
0.387678 0.000010 0.034555 0.186762 0.028380 0.031880 0.000010 0.263942 0.066782
0.411159 0.035718 0.068168 0.095131 0.000010 0.000010 0.070483 0.205005 0.114316
0.301958 0.030708 0.044963 0.369870 0.000010 0.000010 0.000010 0.252461 0.000010
0.661633 0.000010 0.066207 0.000010 0.000010 0.000010 0.000796 0.195572 0.075752
0.666533 0.000010 0.044791 0.084313 0.000010 0.000010 0.086926 0.117397 0.000010
0.473065 0.000010 0.035722 0.107130 0.000010 0.000010 0.014543 0.307514 0.061995
0.767798 0.000010 0.000010 0.054722 0.000010 0.000010 0.000010 0.177420 0.000010
0.008968 0.000010 0.164600 0.000010 0.786174 0.000010 0.040208 0.000010 0.000010
0.000010 0.000010 0.100836 0.000014 0.804026 0.000010 0.095074 0.000010 0.000010
0.000010 0.000010 0.196313 0.012017 0.560512 0.000010 0.163328 0.067790 0.000010
0.093821 0.000010 0.059621 0.000010 0.764408 0.000010 0.000010 0.082101 0.000010
0.000010 0.016628 0.000010 0.000010 0.803153 0.000010 0.135243 0.000010 0.044926
0.000010 0.000011 0.055202 0.000010 0.743412 0.000010 0.201325 0.000010 0.000010
0.000010 0.000010 0.098523 0.063169 0.815875 0.000010 0.022383 0.000010 0.000010
0.633544 0.000010 0.060913 0.119150 0.000010 0.003308 0.026663 0.153160 0.003241
0.540446 0.000010 0.000010 0.127123 0.000010 0.008772 0.039987 0.114055 0.169586
0.597311 0.091451 0.000010 0.141916 0.037627 0.000010 0.000010 0.131655 0.000010
0.505702 0.044147 0.000010 0.102600 0.088823 0.000010 0.054745 0.182015 0.021948
0.576732 0.000010 0.000010 0.228053 0.000010 0.014838 0.061950 0.046302 0.072095
0.410255 0.057732 0.000010 0.230514 0.000010 0.101057 0.000010 0.200402 0.000010
0.468311 0.000010 0.025379 0.317843 0.000010 0.000498 0.035227 0.109805 0.042916
0.406597 0.000010 0.006599 0.207164 0.000010 0.051278 0.116646 0.211686 0.000010
0.435091 0.000010 0.000010 0.190749 0.020859 0.046722 0.166293 0.140256 0.000010
0.556427 0.019342 0.000010 0.091919 0.004659 0.041795 0.000010 0.281610 0.004228
0.436819 0.000010 0.000010 0.000010 0.132737 0.115650 0.042256 0.239547 0.032961
0.343268 0.000010 0.000010 0.254665 0.090276 0.000010 0.112978 0.198773 0.000010
0.578445 0.000010 0.009693 0.032278 0.039703 0.002498 0.000010 0.107477 0.229886
0.298901 0.062131 0.037631 0.000010 0.000010 0.000010 0.000010 0.269035 0.332262
0.378916 0.005851 0.000010 0.140055 0.122295 0.000010 0.000010 0.325298 0.027555
0.699195 0.000010 0.050893 0.067615 0.076911 0.000010 0.000010 0.103566 0.001790
0.609443 0.025469 0.000010 0.000010 0.054626 0.126242 0.000010 0.182736 0.001455
0.585662 0.000010 0.074268 0.000010 0.060727 0.105445 0.018077 0.006338 0.149462
0.540390 0.000010 0.091738 0.083868 0.000010 0.065128 0.015482 0.203365 0.000010
0.589344 0.094005 0.000010 0.000010 0.000010 0.029691 0.054338 0.191437 0.041155
0.508090 0.000010 0.000010 0.115897 0.156787 0.000010 0.000010 0.219176 0.000010
0.560805 0.017811 0.020672 0.000010 0.000010 0.018748 0.002274 0.379661 0.000010
0.562057 0.000010 0.000010 0.030669 0.041286 0.000010 0.042649 0.269676 0.053633
0.270159 0.000010 0.000694 0.043991 0.038302 0.000010 0.000010 0.305823 0.341001
0.598444 0.000010 0.072634 0.000010 0.124176 0.140734 0.000010 0.006424 0.057558
0.577975 0.000010 0.000010 0.089691 0.059062 0.042329 0.022503 0.102773 0.105646
0.464371 0.000010 0.019879 0.000010 0.000010 0.007135 0.001086 0.398081 0.109419
0.480995 0.000010 0.000010 0.150692 0.000010 0.000010 0.000010 0.351844 0.016418
0.572763 0.000010 0.000010 0.000010 0.000010 0.064874 0.058096 0.303736 0.000491
0.246138 0.117489 0.000010 0.107846 0.000010 0.050627 0.009807 0.274466 0.193607
0.507585 0.000010 0.000010 0.000010 0.000010 0.059365 0.000010 0.304474 0.128526
0.478281 0.000010 0.000010 0.000010 0.000010 0.000010 0.000010 0.346946 0.174712
0.557421 0.000010 0.000010 0.000010 0.033813 0.064613 0.000010 0.327138 0.016974
0.579425 0.000010 0.000010 0.000010 0.010038 0.046288 0.017096 0.306159 0.040965
0.708096 0.009911 0.000010 0.000010 0.000010 0.010818 0.011598 0.197374 0.062172
0.000010 0.900372 0.000010 0.018577 0.000010 0.013083 0.067918 0.000010 0.000010
0.000010 0.935113 0.009413 0.000010 0.000010 0.055411 0.000012 0.000010 0.000010
0.000010 0.931754 0.000010 0.000010 0.000010 0.012330 0.011247 0.000010 0.044618
0.000010 0.999920 0.000010 0.000010 0.000010 0.000010 0.000010 0.000010 0.000010
0.024728 0.069855 0.213774 0.035038 0.062099 0.105776 0.488710 0.000010 0.000010
0.070640 0.010579 0.256201 0.000010 0.140178 0.020125 0.390403 0.111855 0.000010
0.000010 0.199074 0.362763 0.000010 0.026435 0.000010 0.411678 0.000010 0.000010
0.008527 0.000010 0.369273 0.000010 0.014507 0.000010 0.352093 0.168778 0.086792
0.000010 0.048748 0.205007 0.075499 0.187211 0.001338 0.482167 0.000010 0.000010
0.025397 0.074959 0.339387 0.000010 0.000010 0.010177 0.500593 0.022422 0.027044
0.068839 0.028472 0.372497 0.000010 0.097461 0.101839 0.330862 0.000010 0.000010
0.000010 0.000010 0.539299 0.045417 0.039167 0.000010 0.376067 0.000010 0.000010
0.000010 0.060967 0.604906 0.000010 0.046675 0.000010 0.195268 0.092144 0.000010
0.000010 0.000010 0.357202 0.065984 0.000010 0.000010 0.329540 0.247223 0.000010
0.471825 0.000010 0.002328 0.039216 0.125796 0.000010 0.000010 0.136020 0.224786
0.529099 0.074159 0.000010 0.022626 0.000010 0.000010 0.068950 0.305126 0.000010
0.521048 0.054931 0.015859 0.083491 0.160176 0.040666 0.009409 0.080046 0.034374
0.663656 0.010529 0.000010 0.000010 0.007800 0.000010 0.000010 0.317965 0.000010
0.397654 0.000010 0.000010 0.163794 0.001806 0.032975 0.037872 0.333272 0.032608
0.498005 0.024431 0.000010 0.043994 0.025290 0.000010 0.000010 0.262945 0.145305
0.494514 0.107987 0.130640 0.000010 0.019330 0.000010 0.000010 0.188129 0.059370
0.578119 0.104340 0.000010 0.000010 0.075146 0.000010 0.000010 0.177267 0.065088
0.721058 0.000010 0.000010 0.021785 0.000010 0.020277 0.002532 0.132659 0.101659
0.481120 0.000010 0.000010 0.182102 0.041370 0.000010 0.000010 0.139001 0.156367
0.474811 0.000010 0.000010 0.003193 0.042771 0.000010 0.000010 0.328298 0.150887
0.627170 0.082735 0.005115 0.000010 0.000010 0.000010 0.000010 0.177178 0.107761
0.666862 0.000010 0.000010 0.026967 0.085563 0.000010 0.000010 0.135701 0.084868
0.432296 0.019781 0.000010 0.165371 0.000010 0.000010 0.072030 0.287274 0.023217
0.431683 0.000010 0.038711 0.000010 0.000010 0.000010 0.000010 0.279265 0.250290
0.714330 0.000010 0.000010 0.091757 0.000010 0.184088 0.000010 0.000010 0.009775
0.491485 0.017441 0.000010 0.000010 0.000010 0.000010 0.005960 0.236522 0.248552
0.734926 0.002695 0.026179 0.016678 0.000010 0.000010 0.019675 0.199817 0.000010
0.592024 0.000010 0.000010 0.000010 0.020148 0.000010 0.000010 0.387768 0.000010
0.291912 0.000010 0.000010 0.159865 0.000010 0.190917 0.000010 0.247374 0.109892
0.522728 0.049485 0.000010 0.006842 0.000010 0.000010 0.000010 0.231676 0.189229
0.031055 0.037565 0.542786 0.045730 0.025548 0.016765 0.300531 0.000010 0.000010
0.000010 0.000010 0.669602 0.000010 0.019547 0.000010 0.294604 0.016198 0.000010
0.020943 0.000010 0.586970 0.000010 0.225905 0.041124 0.125018 0.000010 0.000010
0.000010 0.100418 0.658811 0.000010 0.108820 0.000010 0.131901 0.000010 0.000010
0.000010 0.000010 0.641078 0.046356 0.007542 0.018247 0.286736 0.000010 0.000010
0.000010 0.000010 0.590614 0.000010 0.066779 0.000010 0.342547 0.000010 0.000010
0.000010 0.016030 0.651337 0.000010 0.005679 0.000010 0.230718 0.000010 0.096197
0.000010 0.000010 0.714946 0.000010 0.000010 0.010319 0.272621 0.000010 0.002064
0.000010 0.000010 0.636514 0.028705 0.000010 0.000010 0.334720 0.000010 0.000010
0.000010 0.000010 0.855107 0.000010 0.019479 0.061101 0.003836 0.060438 0.000010
0.000010 0.003280 0.724665 0.000010 0.000010 0.000010 0.237223 0.034781 0.000010
0.000010 0.013598 0.811900 0.000010 0.000010 0.000010 0.174442 0.000010 0.000010
0.000010 0.000010 0.768709 0.000010 0.000010 0.000010 0.231221 0.000010 0.000010
0.000010 0.000010 0.657120 0.000010 0.065802 0.000010 0.277017 0.000010 0.000010
0.000010 0.000010 0.723768 0.015753 0.000010 0.000010 0.260419 0.000010 0.000010
0.000010 0.000010 0.588675 0.000010 0.000010 0.002666 0.360678 0.047930 0.000010
0.021035 0.022093 0.776161 0.000010 0.000986 0.000010 0.179685 0.000010 0.000010
0.000010 0.000010 0.497106 0.000010 0.224480 0.000010 0.253092 0.025271 0.000010
0.000010 0.143536 0.682341 0.066476 0.000010 0.000010 0.063658 0.034265 0.009694
0.000010 0.125818 0.562589 0.024821 0.053931 0.000010 0.232801 0.000010 0.000010
0.001767 0.010098 0.585287 0.000010 0.145885 0.000010 0.256923 0.000010 0.000010
0.000010 0.000010 0.816584 0.059403 0.000010 0.000010 0.123954 0.000010 0.000010
0.000010 0.000010 0.710289 0.007650 0.056871 0.000010 0.224085 0.000010 0.001064
0.005186 0.000010 0.736802 0.039700 0.000010 0.000010 0.218262 0.000010 0.000010
0.000010 0.000010 0.784435 0.000011 0.000010 0.000010 0.215494 0.000010 0.000010
0.000010 0.005073 0.671943 0.009297 0.000010 0.000010 0.210144 0.103503 0.000010
0.034132 0.000010 0.498067 0.000010 0.158172 0.000010 0.309579 0.000010 0.000010
0.000010 0.000010 0.655928 0.000010 0.037022 0.000010 0.131523 0.175477 0.000010
0.000010 0.000010 0.714314 0.000010 0.000010 0.000010 0.219367 0.000010 0.066259
0.000010 0.000010 0.718293 0.000010 0.094853 0.000010 0.186794 0.000010 0.000010
0.000010 0.000010 0.550690 0.003081 0.000010 0.000010 0.381583 0.064596 0.000010
0.000010 0.000010 0.752210 0.000010 0.000010 0.000010 0.247720 0.000010 0.000010
0.000010 0.022079 0.630432 0.000010 0.000010 0.000010 0.347429 0.000010 0.000010
0.000010 0.000010 0.700129 0.000010 0.000010 0.000010 0.263260 0.036551 0.000010
0.074365 0.132008 0.556745 0.000010 0.000010 0.000010 0.236832 0.000010 0.000010
0.000010 0.095922 0.663320 0.000010 0.000010 0.000010 0.211968 0.028740 0.000010
0.000010 0.000010 0.565845 0.000010 0.061434 0.000010 0.372661 0.000010 0.000010
0.000010 0.000010 0.684508 0.000010 0.000010 0.000010 0.267311 0.048121 0.000010
0.000010 0.000010 0.556322 0.000010 0.000010 0.000010 0.321766 0.121852 0.000010
0.064066 0.000010 0.006105 0.015350 0.858264 0.000010 0.056175 0.000010 0.000010
0.000010 0.071605 0.013353 0.000010 0.809089 0.000010 0.078891 0.027022 0.000010
0.018410 0.010108 0.588410 0.000010 0.000010 0.088894 0.294139 0.000010 0.000010
0.000010 0.025166 0.772554 0.000010 0.000010 0.000010 0.202220 0.000010 0.000010
0.198769 0.177584 0.000010 0.342572 0.000010 0.000010 0.000010 0.281025 0.000010
0.182937 0.131231 0.040831 0.365456 0.071711 0.002924 0.070732 0.134167 0.000010
0.177508 0.086549 0.019356 0.445445 0.061494 0.000639 0.000010 0.208989 0.000010
0.308112 0.102702 0.003827 0.218200 0.000010 0.026045 0.035995 0.301866 0.003243
0.359305 0.223590 0.000010 0.265180 0.023121 0.000010 0.028124 0.100650 0.000010
0.192167 0.003251 0.000010 0.388729 0.000010 0.000010 0.000010 0.254270 0.161542
0.176557 0.000010 0.000010 0.504445 0.092544 0.007062 0.000010 0.219352 0.000010
0.346776 0.000010 0.026935 0.389479 0.053189 0.004787 0.000010 0.124302 0.054512
0.622447 0.036412 0.000010 0.181455 0.000010 0.000010 0.000010 0.129333 0.030313
0.481418 0.071387 0.000010 0.180446 0.000010 0.000010 0.000010 0.266700 0.000010
0.157895 0.031545 0.119944 0.348615 0.000010 0.037196 0.059534 0.213547 0.031713
0.496329 0.005759 0.159162 0.199520 0.043943 0.029686 0.000010 0.065582 0.000010
0.203519 0.000010 0.229902 0.539043 0.005410 0.000010 0.013833 0.008263 0.000010
0.025399 0.044502 0.553221 0.000010 0.000010 0.000010 0.376828 0.000010 0.000010
0.100953 0.000010 0.602154 0.000010 0.059035 0.000010 0.130921 0.106897 0.000010
0.000010 0.000010 0.671699 0.000010 0.000010 0.017311 0.310930 0.000010 0.000010
0.016060 0.000010 0.469096 0.000010 0.133325 0.050521 0.250490 0.080477 0.000010
0.000010 0.118985 0.556958 0.000010 0.000010 0.000010 0.323997 0.000010 0.000010
0.000010 0.000010 0.554503 0.027143 0.000010 0.000010 0.418294 0.000010 0.000010
0.000010 0.000010 0.605502 0.093616 0.000010 0.059071 0.241761 0.000010 0.000010
0.000010 0.032814 0.778242 0.000010 0.000010 0.050738 0.123005 0.015160 0.000010
0.000010 0.025059 0.480017 0.058614 0.000010 0.000010 0.436259 0.000010 0.000010
0.000010 0.000010 0.606919 0.000010 0.120011 0.000010 0.273010 0.000010 0.000010
0.000010 0.000010 0.490455 0.088906 0.053759 0.000010 0.366831 0.000010 0.000010
0.000010 0.047657 0.602617 0.000010 0.000010 0.059160 0.290516 0.000010 0.000010
