0.131761 0.000010 0.029451 0.175187 0.000010 0.036590 0.107694 0.512500 0.006798
0.260009 0.000010 0.006543 0.143639 0.001711 0.000010 0.083269 0.504800 0.000010
0.324605 0.000010 0.074982 0.001215 0.000010 0.000010 0.150054 0.447901 0.001213
0.297341 0.000010 0.000010 0.000010 0.000010 0.080561 0.113651 0.508398 0.000010
0.560443 0.000010 0.036500 0.000010 0.029658 0.000010 0.000010 0.294472 0.078887
0.476539 0.000010 0.070522 0.000010 0.000010 0.000010 0.000010 0.351538 0.101352
0.158448 0.005141 0.000010 0.241431 0.000010 0.000010 0.134494 0.460446 0.000010
0.236884 0.000010 0.000010 0.057414 0.000010 0.000010 0.145163 0.560489 0.000010
0.221866 0.000010 0.000010 0.000010 0.084475 0.000010 0.016500 0.677109 0.000010
0.447036 0.057367 0.000010 0.000010 0.021531 0.000010 0.209738 0.264288 0.000010
0.227625 0.026723 0.000010 0.000010 0.000010 0.000010 0.140849 0.329449 0.275315
0.012058 0.015390 0.148214 0.045461 0.030332 0.000010 0.099199 0.649326 0.000010
0.153699 0.000010 0.000010 0.000010 0.054549 0.056940 0.000010 0.293512 0.441260
0.195785 0.037337 0.114770 0.031171 0.000010 0.000010 0.000010 0.119413 0.501494
0.331435 0.000010 0.055281 0.343005 0.018006 0.000010 0.000010 0.252234 0.000010
0.055359 0.000010 0.115957 0.036973 0.093217 0.032264 0.095442 0.570767 0.000010
0.137572 0.205333 0.000010 0.049194 0.033189 0.055125 0.089785 0.402411 0.027382
0.370238 0.000010 0.017074 0.000010 0.000010 0.000010 0.068586 0.544052 0.000010
0.046828 0.064478 0.063219 0.104161 0.152756 0.000010 0.016037 0.493375 0.059136
0.419429 0.000010 0.074035 0.162300 0.096793 0.011906 0.055415 0.180102 0.000010
0.211629 0.000010 0.000010 0.000010 0.023285 0.000010 0.194504 0.570531 0.000010
0.210668 0.096660 0.000010 0.068310 0.000010 0.000010 0.105940 0.518383 0.000010
0.210268 0.000010 0.099462 0.077414 0.082159 0.000010 0.000010 0.530657 0.000010
0.270613 0.000010 0.015482 0.247875 0.000010 0.000010 0.003471 0.462520 0.000010
0.420051 0.031198 0.113608 0.000010 0.000010 0.000010 0.159998 0.275105 0.000010
0.244492 0.000010 0.000010 0.000010 0.000010 0.057485 0.177455 0.520519 0.000010
0.195240 0.000010 0.000010 0.000010 0.000010 0.000010 0.222680 0.582021 0.000010
0.147648 0.000557 0.092592 0.000010 0.013767 0.000010 0.153334 0.371662 0.220420
0.206347 0.000010 0.000010 0.000010 0.006754 0.000010 0.111556 0.632654 0.042649
0.183747 0.006220 0.000010 0.000010 0.000010 0.000010 0.099843 0.539670 0.170481
0.187763 0.034946 0.000010 0.000010 0.072603 0.000010 0.035375 0.552594 0.116689
0.617096 0.074243 0.000010 0.000010 0.000010 0.018013 0.000010 0.290599 0.000010
0.272652 0.000010 0.034704 0.000010 0.109344 0.000010 0.121088 0.418965 0.043217
0.124896 0.100994 0.202745 0.135444 0.063851 0.099561 0.099690 0.172809 0.000010
0.321850 0.017440 0.000010 0.000010 0.000010 0.000010 0.234255 0.426405 0.000010
0.211034 0.001846 0.021680 0.089023 0.140941 0.000010 0.043078 0.492377 0.000010
0.426530 0.039203 0.035594 0.026660 0.104334 0.019659 0.095422 0.217891 0.034707
0.413475 0.000010 0.000010 0.000010 0.000010 0.000010 0.173397 0.413068 0.000010
0.195417 0.084631 0.123348 0.000010 0.000010 0.000010 0.082564 0.505677 0.008333
0.344665 0.097680 0.000010 0.075725 0.000010 0.000010 0.278821 0.203070 0.000010
0.472580 0.000010 0.054722 0.022512 0.000010 0.082854 0.226336 0.132868 0.008107
0.114514 0.129110 0.007608 0.014977 0.245569 0.000010 0.257893 0.230308 0.000010
0.322843 0.098064 0.000010 0.000010 0.000010 0.000010 0.132151 0.446893 0.000010
0.406013 0.041741 0.000010 0.000010 0.000010 0.000010 0.267587 0.284609 0.000010
0.283637 0.019265 0.000010 0.127311 0.000010 0.004224 0.130618 0.434916 0.000010
0.285308 0.031057 0.103703 0.000010 0.000010 0.000010 0.124013 0.455879 0.000010
0.294387 0.031396 0.100753 0.000010 0.104074 0.000010 0.074782 0.389969 0.004619
0.412633 0.000010 0.000010 0.145042 0.000010 0.000010 0.096088 0.346187 0.000010
0.274368 0.000010 0.139443 0.047985 0.000010 0.031640 0.165494 0.341039 0.000010
0.573852 0.089004 0.048311 0.093299 0.000010 0.000010 0.060115 0.135389 0.000010
0.000010 0.000010 0.419579 0.000010 0.000010 0.000010 0.196511 0.383850 0.000010
0.000010 0.001810 0.294172 0.000010 0.000010 0.044597 0.270488 0.388892 0.000010
0.002115 0.190638 0.380454 0.000010 0.174055 0.000010 0.041343 0.211365 0.000010
0.260232 0.076330 0.097091 0.105764 0.000010 0.004097 0.098551 0.357915 0.000010
0.008863 0.030400 0.234301 0.120275 0.293049 0.000010 0.162556 0.150537 0.000010
0.404717 0.019119 0.000010 0.000010 0.181828 0.000010 0.087226 0.307070 0.000010
0.000010 0.067731 0.309169 0.143668 0.000010 0.000010 0.196453 0.257550 0.025400
0.305352 0.023729 0.061048 0.000010 0.000010 0.000010 0.210186 0.399644 0.000010
0.116674 0.065700 0.611972 0.157920 0.000010 0.000010 0.035969 0.011735 0.000010
0.426097 0.052953 0.221542 0.002715 0.000010 0.000010 0.246604 0.050060 0.000010
0.066017 0.221734 0.292094 0.024722 0.110849 0.045861 0.016669 0.222044 0.000010
0.140767 0.177728 0.336959 0.000010 0.000010 0.000572 0.182552 0.161392 0.000010
0.354505 0.000010 0.013352 0.116083 0.000010 0.000010 0.113767 0.402253 0.000010
0.143903 0.072981 0.366111 0.193452 0.000010 0.000010 0.085333 0.000010 0.138189
0.000010 0.001705 0.477045 0.192621 0.055141 0.000010 0.126245 0.147214 0.000010
0.082104 0.000010 0.246522 0.232312 0.000010 0.009097 0.174971 0.254964 0.000010
0.000010 0.152868 0.537713 0.134735 0.080565 0.061895 0.032194 0.000010 0.000010
0.000010 0.090372 0.300290 0.000010 0.094196 0.000010 0.085185 0.426822 0.003105
0.366939 0.117421 0.131512 0.155040 0.000010 0.000010 0.105708 0.123350 0.000010
0.058985 0.125614 0.188973 0.119257 0.000010 0.013626 0.122491 0.371035 0.000010
0.324728 0.156247 0.000010 0.000010 0.020530 0.000010 0.087734 0.361571 0.049161
0.296540 0.000010 0.041044 0.000010 0.030636 0.006609 0.091607 0.492698 0.040845
0.245092 0.000010 0.000010 0.000010 0.069779 0.000010 0.016845 0.668234 0.000010
0.281203 0.000010 0.000010 0.072831 0.000010 0.040502 0.102535 0.000010 0.502889
0.558423 0.000010 0.000010 0.000010 0.000010 0.000010 0.047408 0.394109 0.000010
0.419451 0.000010 0.000010 0.000010 0.001337 0.000010 0.133275 0.445887 0.000010
0.367846 0.068684 0.000010 0.161848 0.000010 0.041086 0.001378 0.359128 0.000010
0.376960 0.000010 0.132658 0.081887 0.081081 0.000010 0.000010 0.327375 0.000010
0.049056 0.036661 0.000010 0.030566 0.006257 0.013216 0.296821 0.567403 0.000010
0.499434 0.000010 0.079636 0.045601 0.017861 0.000010 0.018559 0.338878 0.000010
0.247410 0.002989 0.057865 0.153052 0.057331 0.000010 0.064446 0.416886 0.000010
0.307309 0.045790 0.000010 0.075404 0.000010 0.086940 0.091684 0.392844 0.000010
0.166754 0.000010 0.000010 0.320918 0.011229 0.144366 0.000010 0.356693 0.000010
0.399249 0.000010 0.000010 0.000010 0.000010 0.000010 0.116269 0.484422 0.000010
0.457121 0.110270 0.000010 0.000010 0.000010 0.000010 0.030174 0.402386 0.000010
0.244601 0.053239 0.000010 0.162607 0.000010 0.099798 0.061860 0.108703 0.269173
0.136582 0.238281 0.133148 0.127289 0.000010 0.003299 0.000010 0.199918 0.161463
0.523758 0.119249 0.000010 0.000010 0.000010 0.000010 0.000010 0.250624 0.106319
0.185795 0.000010 0.178380 0.000010 0.000010 0.022665 0.166460 0.321711 0.124959
0.257218 0.008295 0.084999 0.150413 0.000010 0.088399 0.105732 0.304925 0.000010
0.050780 0.006676 0.000010 0.173856 0.000010 0.000010 0.132738 0.513647 0.122272
0.546477 0.000010 0.000010 0.000010 0.000010 0.000010 0.026970 0.354564 0.071939
0.292101 0.000010 0.000010 0.099433 0.014843 0.000010 0.158013 0.435570 0.000010
0.514814 0.000010 0.000010 0.000010 0.000010 0.000010 0.030809 0.454317 0.000010
0.444804 0.000010 0.023708 0.000010 0.013909 0.000010 0.043706 0.400205 0.073637
0.331165 0.000010 0.025544 0.000010 0.145492 0.000010 0.082580 0.415179 0.000010
0.329882 0.029412 0.000010 0.278127 0.108936 0.000010 0.054265 0.199348 0.000010
0.167407 0.029934 0.120888 0.262104 0.125295 0.000010 0.033022 0.261330 0.000010
0.130281 0.086538 0.000010 0.000010 0.000010 0.000010 0.224910 0.558221 0.000010
0.106774 0.000010 0.133955 0.064452 0.133624 0.000010 0.154320 0.391171 0.015684
0.145189 0.000010 0.000010 0.025323 0.007953 0.000010 0.233337 0.473748 0.114419
0.183657 0.000010 0.047055 0.025328 0.022480 0.009118 0.000010 0.252995 0.459347
0.123523 0.000010 0.000010 0.078887 0.000010 0.000010 0.224525 0.573016 0.000010
0.166562 0.000010 0.156047 0.005635 0.083999 0.027030 0.000010 0.525529 0.035178
0.140628 0.000010 0.000010 0.168632 0.087443 0.000010 0.105930 0.497327 0.000010
0.166543 0.074137 0.000010 0.007750 0.099934 0.000010 0.128758 0.507003 0.015855
0.404695 0.000010 0.028910 0.000010 0.000010 0.004291 0.244533 0.315428 0.002114
0.345558 0.000010 0.000010 0.150370 0.000010 0.000010 0.000793 0.503228 0.000010
0.385174 0.000010 0.000010 0.000010 0.000010 0.000010 0.135887 0.478880 0.000010
0.367881 0.133134 0.000010 0.094978 0.000010 0.000010 0.002157 0.401810 0.000010
0.225045 0.000010 0.000010 0.060665 0.000010 0.000010 0.148434 0.505252 0.060564
0.300416 0.000010 0.064406 0.000010 0.011279 0.000010 0.204571 0.419287 0.000010
0.065549 0.007606 0.000010 0.275115 0.000010 0.000010 0.155007 0.496683 0.000010
0.480187 0.050876 0.000010 0.068987 0.011898 0.000010 0.007913 0.380108 0.000010
0.000010 0.136593 0.014546 0.104836 0.000010 0.019564 0.149103 0.554688 0.020649
0.181706 0.000010 0.127514 0.061347 0.000010 0.000010 0.225409 0.403984 0.000010
0.203545 0.000010 0.000010 0.180991 0.000010 0.040091 0.170605 0.404729 0.000010
0.273641 0.154028 0.000010 0.040053 0.000010 0.000010 0.100036 0.432202 0.000010
0.035449 0.080282 0.000010 0.045304 0.031137 0.000010 0.242108 0.565690 0.000010
0.313715 0.049553 0.000010 0.000010 0.129193 0.000010 0.200541 0.306958 0.000010
0.227385 0.000010 0.080726 0.295302 0.040567 0.000010 0.110999 0.244990 0.000010
0.000010 0.136189 0.000010 0.256292 0.077101 0.000010 0.100188 0.430190 0.000010
0.200108 0.163249 0.000010 0.071142 0.087225 0.000010 0.090912 0.295291 0.092054
0.194687 0.000010 0.000010 0.134712 0.079313 0.000010 0.125319 0.465930 0.000010
0.189422 0.119562 0.000010 0.000010 0.000010 0.000010 0.192786 0.467476 0.030713
0.206027 0.000010 0.094234 0.057418 0.175416 0.000010 0.000010 0.451154 0.015721
0.011099 0.218420 0.010966 0.023142 0.131977 0.084855 0.142496 0.273273 0.103772
0.162174 0.000010 0.000010 0.185169 0.000010 0.027977 0.188961 0.378572 0.057117
0.288626 0.129162 0.000010 0.000010 0.029698 0.000010 0.164756 0.387718 0.000010
0.170612 0.014361 0.000010 0.219437 0.000010 0.000010 0.192296 0.403253 0.000010
0.126720 0.000010 0.066483 0.171005 0.150769 0.000010 0.017563 0.467430 0.000010
0.032799 0.000010 0.000010 0.000010 0.017616 0.072922 0.195909 0.670804 0.009920
0.166514 0.024157 0.000010 0.078082 0.000010 0.039188 0.164430 0.524525 0.003084
0.391901 0.000010 0.000010 0.000010 0.000010 0.000010 0.270351 0.337688 0.000010
0.232392 0.001474 0.000010 0.325162 0.000010 0.065067 0.165647 0.210227 0.000010
0.273055 0.066858 0.000010 0.062394 0.000010 0.051298 0.029618 0.516745 0.000010
0.087632 0.000010 0.000010 0.187296 0.112931 0.016116 0.130625 0.465370 0.000010
0.263787 0.085849 0.126515 0.000010 0.032420 0.000010 0.103793 0.387606 0.000010
0.163506 0.000010 0.000010 0.317861 0.013450 0.091540 0.054980 0.358634 0.000010
0.212638 0.029945 0.026267 0.239169 0.028440 0.000010 0.130906 0.332615 0.000010
0.000010 0.017692 0.032276 0.322119 0.000010 0.000010 0.000010 0.627863 0.000010
0.082778 0.000010 0.089350 0.116573 0.108310 0.000010 0.092978 0.509981 0.000010
0.258378 0.000010 0.140875 0.000010 0.108011 0.052876 0.000010 0.435960 0.003871
0.405821 0.024285 0.000914 0.148781 0.094712 0.000010 0.000010 0.325457 0.000010
0.192992 0.014944 0.000010 0.064780 0.000010 0.000010 0.108231 0.541483 0.077540
0.288349 0.000010 0.171221 0.000010 0.000010 0.000010 0.207068 0.333312 0.000010
0.260028 0.013991 0.066927 0.145845 0.062802 0.000010 0.034191 0.416195 0.000010
0.386107 0.021219 0.048145 0.000010 0.118465 0.000010 0.000010 0.404934 0.021101
0.187774 0.000010 0.037765 0.165192 0.000010 0.000010 0.185834 0.423394 0.000010
0.150527 0.182929 0.000010 0.155135 0.073258 0.000010 0.096525 0.322843 0.018763
0.157713 0.000010 0.008027 0.000010 0.103127 0.000010 0.119813 0.594112 0.017178
0.360756 0.054008 0.000010 0.248184 0.000010 0.000010 0.000010 0.337001 0.000010
0.386589 0.053741 0.032083 0.086022 0.023044 0.000010 0.116853 0.301648 0.000010
0.113392 0.043619 0.000010 0.123484 0.207001 0.095277 0.000010 0.417198 0.000010
0.094551 0.000010 0.142165 0.051103 0.000010 0.000010 0.224977 0.487164 0.000010
0.519203 0.023847 0.000010 0.050133 0.000010 0.000010 0.009858 0.396919 0.000010
0.474229 0.000010 0.000010 0.029877 0.000010 0.000010 0.108352 0.387492 0.000010
0.068259 0.136933 0.011135 0.297868 0.000010 0.108666 0.000010 0.369939 0.007179
0.135950 0.088635 0.000010 0.248802 0.046808 0.000010 0.099568 0.380207 0.000010
0.248909 0.083961 0.000010 0.110803 0.090793 0.000010 0.068163 0.397342 0.000010
0.109639 0.069352 0.000010 0.118433 0.090334 0.099100 0.000010 0.513112 0.000010
0.095920 0.000010 0.102372 0.000010 0.076184 0.000010 0.124172 0.601313 0.000010
0.148149 0.000010 0.124044 0.128327 0.058661 0.043712 0.158907 0.338179 0.000010
0.240329 0.129413 0.000010 0.060858 0.000010 0.079885 0.035020 0.454464 0.000010
0.339747 0.000010 0.123569 0.100492 0.000010 0.023056 0.013807 0.399299 0.000010
0.000010 0.000010 0.081850 0.198370 0.000010 0.000010 0.214713 0.505017 0.000010
0.164605 0.000010 0.014695 0.260762 0.000010 0.000080 0.267782 0.292046 0.000010
0.094071 0.129050 0.000010 0.225219 0.000010 0.000010 0.243182 0.308438 0.000010
0.317531 0.010248 0.240233 0.000010 0.000010 0.054623 0.060523 0.254260 0.062562
0.153273 0.000010 0.128483 0.085439 0.000010 0.000010 0.055410 0.577354 0.000010
0.169788 0.000010 0.152167 0.186039 0.000010 0.000010 0.182792 0.309174 0.000010
0.131417 0.000570 0.122710 0.084132 0.000010 0.000010 0.255259 0.339223 0.066669
0.000010 0.019142 0.000010 0.150390 0.000010 0.000010 0.316326 0.409250 0.104851
0.000010 0.000010 0.051681 0.242895 0.005648 0.000010 0.156732 0.543005 0.000010
0.021474 0.080860 0.000010 0.199717 0.000010 0.000010 0.069344 0.628566 0.000010
0.122890 0.290058 0.132877 0.241399 0.004360 0.000010 0.040432 0.167964 0.000010
0.152070 0.077669 0.078355 0.038382 0.000010 0.072064 0.173537 0.407904 0.000010
0.161013 0.000010 0.048149 0.157774 0.000010 0.086750 0.192806 0.353478 0.000010
0.040251 0.000010 0.000010 0.286815 0.100103 0.000010 0.390942 0.181849 0.000010
0.176028 0.051593 0.116368 0.174116 0.000010 0.000010 0.019085 0.462780 0.000010
0.118327 0.214526 0.000010 0.221827 0.000010 0.082227 0.081617 0.281446 0.000010
0.297001 0.187912 0.000010 0.045954 0.000010 0.000010 0.143953 0.325141 0.000010
0.250515 0.000010 0.109374 0.261836 0.000010 0.000010 0.034859 0.343375 0.000010
0.095315 0.176990 0.000010 0.073589 0.000010 0.086303 0.098573 0.469199 0.000010
0.214608 0.000010 0.074333 0.241331 0.003981 0.000010 0.214651 0.251066 0.000010
0.203292 0.000010 0.092833 0.000010 0.002450 0.002190 0.162011 0.537194 0.000010
0.368146 0.014966 0.186550 0.000010 0.076091 0.000010 0.180081 0.161592 0.012555
0.000010 0.000010 0.006291 0.011012 0.037580 0.450234 0.000010 0.000010 0.494843
0.000010 0.000010 0.001444 0.000010 0.062887 0.512513 0.000010 0.000010 0.423105
0.054497 0.000010 0.005061 0.000010 0.000010 0.286318 0.000010 0.000010 0.654074
0.000010 0.000010 0.000010 0.000010 0.000010 0.216270 0.000010 0.000010 0.783660
0.042000 0.000010 0.000010 0.043023 0.000010 0.142901 0.000010 0.000010 0.772025
0.000010 0.000010 0.000010 0.086228 0.000010 0.296650 0.012358 0.000010 0.604714
0.000010 0.000010 0.048602 0.000010 0.000010 0.393900 0.000010 0.000010 0.557438
0.009065 0.000010 0.000010 0.000010 0.077165 0.303239 0.000010 0.000010 0.610482
0.000010 0.024707 0.000010 0.000010 0.000010 0.346685 0.000010 0.000010 0.628548
0.000010 0.000010 0.000010 0.026384 0.000010 0.270770 0.000010 0.000010 0.702787
0.000010 0.000010 0.000010 0.000010 0.000010 0.404025 0.000010 0.000010 0.595905
0.000010 0.041489 0.000010 0.000010 0.000010 0.376153 0.000010 0.063995 0.518312
0.000010 0.026262 0.000010 0.000010 0.057869 0.412963 0.024355 0.000010 0.478512
0.000010 0.036923 0.000010 0.000010 0.000010 0.388261 0.000010 0.000010 0.574755
0.000010 0.000012 0.000010 0.000010 0.020474 0.279809 0.000010 0.020708 0.678957
0.000010 0.000010 0.000010 0.056128 0.000010 0.396940 0.000010 0.000010 0.546871
0.000010 0.000010 0.043116 0.000010 0.000010 0.259103 0.043998 0.000010 0.653733
0.000010 0.000010 0.020948 0.000010 0.067564 0.480425 0.000010 0.000010 0.431013
0.000010 0.000010 0.000010 0.000010 0.000010 0.165825 0.000010 0.000010 0.834105
0.011981 0.000010 0.000010 0.000010 0.005019 0.107799 0.000010 0.032527 0.842635
0.000010 0.068335 0.000010 0.000010 0.011402 0.455910 0.000010 0.000010 0.464303
0.000010 0.000010 0.047943 0.000010 0.000010 0.198421 0.086726 0.000010 0.666861
0.000010 0.000010 0.000010 0.000010 0.000010 0.270441 0.000010 0.000010 0.729489
0.041654 0.000010 0.000010 0.000010 0.000010 0.158961 0.064771 0.000010 0.734564
0.000010 0.000010 0.000010 0.000010 0.023004 0.340063 0.000010 0.000010 0.636873
0.000010 0.005028 0.000010 0.000010 0.000010 0.381933 0.000010 0.000010 0.612979
0.000010 0.000010 0.000010 0.000010 0.000010 0.392323 0.028554 0.000010 0.579063
0.028379 0.000010 0.000010 0.000010 0.000010 0.405345 0.000010 0.000010 0.566216
0.000010 0.000010 0.000010 0.000010 0.688945 0.000010 0.308640 0.000010 0.002355
0.552633 0.098987 0.000010 0.272699 0.000010 0.000010 0.000010 0.068610 0.007030
0.354861 0.000010 0.014410 0.355028 0.047785 0.000010 0.059891 0.167996 0.000010
0.441486 0.000010 0.069886 0.437604 0.000010 0.000010 0.000010 0.015743 0.035240
0.405411 0.082399 0.052229 0.215774 0.000010 0.000010 0.000010 0.244147 0.000010
0.495212 0.000010 0.100576 0.336270 0.000010 0.000010 0.000010 0.067892 0.000010
0.442719 0.073636 0.011974 0.261534 0.000010 0.016718 0.008320 0.185079 0.000010
0.472843 0.000010 0.046367 0.126182 0.097431 0.012141 0.086019 0.158996 0.000010
0.581511 0.100667 0.000010 0.079454 0.011216 0.000010 0.086559 0.078635 0.061937
0.342754 0.000010 0.043081 0.210723 0.090046 0.000010 0.000010 0.313356 0.000010
0.499802 0.000010 0.000010 0.298145 0.000010 0.109468 0.007849 0.084695 0.000010
0.249896 0.027428 0.000010 0.290209 0.000010 0.000010 0.126585 0.305842 0.000010
0.311176 0.058718 0.032573 0.388367 0.005031 0.000010 0.058473 0.145642 0.000010
0.297095 0.000010 0.000010 0.307587 0.118272 0.000010 0.040095 0.236911 0.000010
0.206339 0.110142 0.052549 0.466523 0.000010 0.015156 0.000010 0.141117 0.008153
0.383608 0.000010 0.008367 0.250248 0.077894 0.032588 0.010640 0.236637 0.000010
0.350400 0.013761 0.000010 0.183570 0.037762 0.048744 0.185613 0.180131 0.000010
0.488985 0.108604 0.000010 0.230649 0.005805 0.032514 0.099307 0.034116 0.000010
0.287292 0.000010 0.000010 0.440326 0.013535 0.000010 0.000010 0.258796 0.000010
0.426183 0.007070 0.109766 0.295266 0.001153 0.000010 0.000010 0.110120 0.050422
0.677708 0.005086 0.002929 0.048168 0.000010 0.014280 0.056023 0.195786 0.000010
0.508159 0.111949 0.000540 0.276630 0.000010 0.000010 0.000010 0.043574 0.059118
0.330703 0.000010 0.000010 0.386229 0.013698 0.000010 0.015984 0.253346 0.000010
0.505763 0.057179 0.000010 0.305730 0.000010 0.000010 0.056083 0.013386 0.061828
0.405286 0.000010 0.000010 0.204547 0.061996 0.000010 0.020621 0.302386 0.005134
0.487288 0.000010 0.000010 0.235613 0.015980 0.044675 0.031154 0.185260 0.000010
0.433927 0.000010 0.060708 0.404533 0.000010 0.000010 0.000010 0.100782 0.000010
0.429692 0.040993 0.000010 0.162011 0.000010 0.029263 0.054714 0.268113 0.015194
0.437961 0.000010 0.056826 0.440416 0.000010 0.013861 0.000010 0.050896 0.000010
0.000010 0.000010 0.000010 0.000010 0.954703 0.028353 0.000866 0.000010 0.016028
0.000010 0.000010 0.000010 0.000010 0.888735 0.000010 0.111195 0.000010 0.000010
0.000010 0.039312 0.000010 0.000010 0.890014 0.000010 0.070614 0.000010 0.000010
0.000010 0.000010 0.000010 0.000010 0.971417 0.000010 0.004706 0.023817 0.000010
0.000010 0.000010 0.196056 0.000010 0.685163 0.000010 0.118721 0.000010 0.000010
0.003919 0.000010 0.000010 0.000010 0.976641 0.000010 0.019380 0.000010 0.000010
0.000010 0.000010 0.000010 0.000010 0.984624 0.000010 0.000010 0.015306 0.000010
0.090149 0.000010 0.000010 0.000010 0.909781 0.000010 0.000010 0.000010 0.000010
0.010410 0.000010 0.041850 0.000010 0.947679 0.000010 0.000010 0.000010 0.000010
0.000010 0.000010 0.000010 0.000010 0.997141 0.000010 0.000010 0.002789 0.000010
0.000010 0.000010 0.022741 0.000010 0.891219 0.000010 0.085979 0.000010 0.000010
0.000010 0.000010 0.000010 0.000010 0.908464 0.000010 0.083240 0.008236 0.000010
0.000010 0.000010 0.000010 0.018876 0.967643 0.000010 0.013421 0.000010 0.000010
0.000010 0.000010 0.000010 0.000010 0.999920 0.000010 0.000010 0.000010 0.000010
0.000010 0.000010 0.000010 0.000012 0.999918 0.000010 0.000010 0.000010 0.000010
0.000010 0.000010 0.003077 0.000010 0.973845 0.000010 0.023019 0.000010 0.000010
0.000010 0.000010 0.000010 0.000010 0.999920 0.000010 0.000010 0.000010 0.000010
0.383990 0.026256 0.000010 0.142494 0.000010 0.023420 0.106011 0.317799 0.000010
0.468524 0.000010 0.000010 0.000010 0.047043 0.000010 0.000010 0.460530 0.023853
0.654615 0.098539 0.000010 0.000010 0.000010 0.000010 0.027885 0.218911 0.000010
0.606760 0.000010 0.000010 0.000010 0.103960 0.000010 0.052729 0.236501 0.000010
0.573765 0.000010 0.000010 0.000010 0.030754 0.037146 0.073609 0.274620 0.010077
0.369096 0.000010 0.000010 0.090523 0.000010 0.000010 0.000010 0.299032 0.241299
0.650159 0.022223 0.000010 0.000010 0.000010 0.000010 0.000010 0.327558 0.000010
0.709382 0.000010 0.066652 0.000010 0.068491 0.000010 0.000010 0.155425 0.000010
0.636474 0.000010 0.000010 0.000010 0.058915 0.034945 0.133055 0.136571 0.000010
0.413699 0.000010 0.043265 0.224568 0.000010 0.000010 0.001008 0.276633 0.040798
0.709198 0.000010 0.000010 0.000010 0.042977 0.000010 0.000010 0.134108 0.113666
0.523697 0.024497 0.261487 0.000010 0.000010 0.000010 0.000010 0.140483 0.049796
0.386525 0.187799 0.000010 0.094728 0.000010 0.000010 0.000010 0.330899 0.000010
0.511184 0.000010 0.000010 0.175421 0.000010 0.041774 0.000010 0.271571 0.000010
0.608698 0.000010 0.000010 0.142008 0.000010 0.000010 0.103865 0.145379 0.000010
0.662267 0.036145 0.000010 0.000010 0.000010 0.073797 0.000010 0.227740 0.000010
0.537178 0.032875 0.089106 0.009548 0.016134 0.049758 0.163474 0.101917 0.000010
0.531909 0.027284 0.000010 0.000010 0.025063 0.000010 0.051886 0.352975 0.010853
0.435212 0.063785 0.000010 0.262158 0.000010 0.013001 0.098581 0.127234 0.000010
0.389730 0.000010 0.000010 0.000010 0.230837 0.000010 0.000010 0.195377 0.184006
0.581326 0.000010 0.037943 0.003081 0.000010 0.000010 0.000010 0.253089 0.124521
0.485191 0.108076 0.000010 0.003961 0.000010 0.000010 0.000010 0.376460 0.026272
0.374976 0.061975 0.039138 0.188103 0.000010 0.181757 0.000010 0.051252 0.102779
0.466130 0.000010 0.000010 0.072781 0.017122 0.002985 0.029736 0.375007 0.036220
0.442115 0.003724 0.000010 0.000010 0.118865 0.000010 0.115632 0.261800 0.057833
0.643550 0.031963 0.075720 0.000010 0.000010 0.000010 0.000010 0.248716 0.000010
0.637786 0.000010 0.000010 0.000010 0.000010 0.005137 0.000010 0.357017 0.000010
0.628839 0.000010 0.000010 0.000010 0.000010 0.000010 0.091261 0.279218 0.000631
0.568357 0.018693 0.000010 0.084767 0.000010 0.054148 0.000010 0.273995 0.000010
0.536938 0.000010 0.000010 0.000010 0.000010 0.072994 0.121115 0.212365 0.056548
0.683337 0.000010 0.169986 0.000010 0.034816 0.000010 0.000010 0.111812 0.000010
0.462488 0.193778 0.161704 0.000010 0.000010 0.000010 0.149451 0.032539 0.000010
0.585901 0.000010 0.051317 0.000010 0.064092 0.000010 0.000010 0.298640 0.000010
0.435805 0.000010 0.000010 0.217275 0.000010 0.018606 0.071956 0.256317 0.000010
0.568946 0.000010 0.000010 0.106429 0.092699 0.009998 0.000010 0.188125 0.033774
0.526591 0.000010 0.000010 0.000010 0.024904 0.003575 0.000010 0.444881 0.000010
0.502829 0.000010 0.000010 0.000010 0.125689 0.063545 0.072592 0.205658 0.029656
0.792904 0.000010 0.000010 0.000010 0.000010 0.000010 0.087046 0.069994 0.050006
0.421074 0.000010 0.000010 0.278276 0.109506 0.043903 0.000010 0.147201 0.000010
0.603055 0.000010 0.015684 0.232921 0.003917 0.000010 0.008031 0.136362 0.000010
0.494037 0.000010 0.000010 0.015976 0.109876 0.011744 0.075181 0.287610 0.005556
0.560653 0.000010 0.000010 0.071178 0.000010 0.000010 0.000010 0.298619 0.069500
0.831935 0.035288 0.049578 0.000010 0.000105 0.002641 0.010422 0.000010 0.070010
0.580110 0.000010 0.000010 0.091173 0.071085 0.000010 0.033235 0.146729 0.077639
0.442128 0.000010 0.000010 0.196642 0.000010 0.000010 0.064337 0.296843 0.000010
0.516865 0.046804 0.056105 0.036733 0.070379 0.126463 0.000010 0.109008 0.037632
0.615506 0.000010 0.053301 0.000010 0.000010 0.000010 0.000010 0.172188 0.158954
0.702291 0.000010 0.000010 0.035211 0.039299 0.223149 0.000010 0.000010 0.000010
0.132669 0.000010 0.326994 0.159728 0.000010 0.059088 0.028130 0.166891 0.126480
0.703980 0.004644 0.038051 0.077226 0.000010 0.003646 0.017645 0.134337 0.020461
0.574533 0.019265 0.000010 0.005458 0.000010 0.000010 0.104501 0.296204 0.000010
0.702637 0.030029 0.005941 0.000010 0.000010 0.157825 0.000010 0.050972 0.052565
0.788907 0.023652 0.000010 0.000010 0.000010 0.032149 0.000010 0.155241 0.000010
0.406704 0.047597 0.099449 0.167411 0.000010 0.000010 0.000010 0.278799 0.000010
0.297533 0.000010 0.000010 0.000010 0.000010 0.000010 0.113400 0.237581 0.351436
0.067069 0.000010 0.000010 0.099230 0.000010 0.000010 0.053038 0.043114 0.737509
0.345252 0.000010 0.000010 0.030870 0.000010 0.107967 0.079315 0.226437 0.210129
0.632297 0.000010 0.000010 0.000010 0.008728 0.117835 0.000010 0.226523 0.014576
0.643565 0.000010 0.000010 0.206570 0.000010 0.000010 0.000010 0.149805 0.000010
0.324402 0.000010 0.060887 0.000010 0.000010 0.143052 0.166546 0.305072 0.000010
0.638872 0.000010 0.000010 0.052037 0.122789 0.035547 0.000010 0.114579 0.036145
0.407557 0.016296 0.000010 0.000010 0.000010 0.261882 0.000010 0.087356 0.226869
0.637111 0.000010 0.000010 0.000010 0.000010 0.005926 0.000010 0.356902 0.000010
0.332709 0.000010 0.000010 0.000010 0.000010 0.182369 0.047423 0.143216 0.294242
0.486711 0.027770 0.000010 0.000010 0.000010 0.010728 0.095657 0.335296 0.043809
0.623256 0.000010 0.000010 0.000010 0.000010 0.047725 0.000010 0.328959 0.000010
0.522770 0.021510 0.014883 0.000010 0.000010 0.000010 0.109815 0.182625 0.148368
0.527676 0.052732 0.119982 0.063209 0.027298 0.094693 0.000010 0.075419 0.038981
0.506535 0.147604 0.000010 0.000010 0.046327 0.063116 0.000010 0.157932 0.078456
0.728007 0.000010 0.000010 0.000010 0.025896 0.071723 0.000010 0.174324 0.000010
0.608509 0.031990 0.067366 0.145360 0.000010 0.000010 0.000010 0.025181 0.121565
0.545923 0.000010 0.023844 0.000010 0.007392 0.000010 0.000010 0.345839 0.076962
0.556829 0.049679 0.000010 0.170606 0.006555 0.000010 0.000010 0.216292 0.000010
0.549968 0.000010 0.056405 0.000010 0.008580 0.131707 0.000010 0.095645 0.157665
0.425790 0.000010 0.076787 0.027887 0.002758 0.054252 0.112496 0.185033 0.114987
0.509191 0.204549 0.000010 0.000010 0.000010 0.069683 0.000010 0.066786 0.149751
0.820816 0.029644 0.013983 0.000010 0.000010 0.000010 0.000010 0.059932 0.075585
0.416145 0.000010 0.000010 0.381654 0.000010 0.000010 0.051656 0.150494 0.000010
0.471175 0.000010 0.007422 0.233460 0.000010 0.014493 0.000010 0.161820 0.111598
0.430783 0.000010 0.000010 0.000010 0.000010 0.000010 0.000010 0.216122 0.353035
0.485683 0.000010 0.000010 0.084012 0.000010 0.092978 0.000010 0.337277 0.000010
0.553767 0.078153 0.000010 0.063297 0.000010 0.000010 0.060492 0.101666 0.142595
0.407036 0.000010 0.000010 0.181414 0.000010 0.000010 0.039587 0.354912 0.017011
0.686502 0.038391 0.000216 0.000010 0.000010 0.000010 0.052776 0.202949 0.019135
0.609015 0.000010 0.000010 0.000010 0.000010 0.009713 0.000010 0.369450 0.011772
0.564524 0.000010 0.000010 0.000010 0.088260 0.145637 0.004099 0.197441 0.000010
0.502637 0.005136 0.000010 0.157556 0.019082 0.012986 0.018542 0.284040 0.000010
0.000010 0.000010 0.000010 0.000010 0.838365 0.000010 0.161565 0.000010 0.000010
0.000010 0.051599 0.095528 0.031006 0.746421 0.039981 0.000010 0.035434 0.000010
0.000010 0.039569 0.000010 0.000010 0.775273 0.000010 0.185097 0.000010 0.000010
0.000010 0.000010 0.031743 0.000010 0.863146 0.000010 0.037669 0.067392 0.000010
0.000010 0.013131 0.082058 0.038954 0.707623 0.000010 0.158193 0.000010 0.000010
0.000010 0.000010 0.000010 0.000010 0.835093 0.000010 0.147327 0.000010 0.017519
0.000300 0.000010 0.070650 0.000010 0.833457 0.000010 0.082187 0.013366 0.000010
0.556766 0.000010 0.000010 0.024534 0.000010 0.000010 0.118887 0.299764 0.000010
0.639203 0.000010 0.033924 0.000010 0.000010 0.000010 0.171983 0.154839 0.000010
0.570412 0.042816 0.000010 0.341053 0.045669 0.000010 0.000010 0.000010 0.000010
0.609394 0.000010 0.000010 0.204840 0.000010 0.008025 0.000010 0.177691 0.000010
0.644506 0.000010 0.000010 0.256690 0.000010 0.000010 0.030252 0.068503 0.000010
0.683506 0.000010 0.000010 0.163645 0.000010 0.000010 0.002378 0.150421 0.000010
0.740294 0.000010 0.000010 0.092308 0.045666 0.000010 0.036098 0.085594 0.000010
0.516641 0.000010 0.000010 0.183309 0.000010 0.000010 0.150783 0.149217 0.000010
0.343637 0.166396 0.000010 0.309433 0.000010 0.000010 0.010453 0.157943 0.012109
0.576024 0.000010 0.000010 0.270332 0.000010 0.072231 0.000010 0.081362 0.000010
0.720018 0.000010 0.044266 0.000010 0.000010 0.000010 0.000010 0.202708 0.032958
0.664919 0.048882 0.000010 0.038829 0.000010 0.001606 0.013135 0.232598 0.000010
0.538811 0.000010 0.082740 0.028528 0.000010 0.000010 0.000010 0.279671 0.070209
0.557906 0.085110 0.000010 0.000010 0.120946 0.018539 0.011206 0.206262 0.000010
0.618142 0.000010 0.005861 0.099605 0.000010 0.002395 0.216119 0.056274 0.001583
0.532118 0.000010 0.025492 0.081109 0.000010 0.000010 0.000010 0.290732 0.070510
0.441368 0.066797 0.000010 0.270241 0.014880 0.000010 0.012065 0.107159 0.087469
0.639858 0.032151 0.000010 0.000010 0.000489 0.000010 0.000010 0.327453 0.000010
0.518820 0.090683 0.000010 0.212846 0.010220 0.000010 0.000010 0.117919 0.049482
0.378438 0.000010 0.000010 0.090800 0.000010 0.000010 0.000010 0.298851 0.231861
0.496160 0.000010 0.111699 0.036735 0.000010 0.093982 0.000010 0.261385 0.000010
0.507451 0.000010 0.141833 0.000010 0.000010 0.099946 0.065823 0.153328 0.031589
0.485770 0.000010 0.092317 0.000010 0.230863 0.000010 0.000010 0.127209 0.063802
0.283167 0.022985 0.000010 0.113891 0.000010 0.000010 0.011144 0.390609 0.178174
0.606430 0.000010 0.000010 0.082815 0.050892 0.026089 0.000010 0.200394 0.033351
0.525454 0.082743 0.036488 0.017099 0.000010 0.044674 0.133396 0.054122 0.106014
0.379355 0.000010 0.044384 0.103127 0.000010 0.000010 0.000010 0.166683 0.306410
0.568421 0.013468 0.000010 0.059240 0.000010 0.000010 0.158071 0.188769 0.012001
0.706414 0.000010 0.000010 0.032038 0.038015 0.000010 0.005177 0.179927 0.038399
0.767272 0.000010 0.000010 0.000010 0.100222 0.000010 0.000010 0.132446 0.000010
0.673951 0.000010 0.000010 0.082927 0.000010 0.000010 0.000010 0.150497 0.092575
0.471407 0.000010 0.000010 0.211975 0.062407 0.000010 0.013528 0.240643 0.000010
0.590834 0.107829 0.000010 0.095473 0.000010 0.000010 0.000010 0.107122 0.098703
0.792754 0.000010 0.000010 0.000010 0.000010 0.080462 0.000010 0.126724 0.000010
0.676636 0.000010 0.000010 0.008381 0.071015 0.036188 0.000010 0.207741 0.000010
0.000010 0.788984 0.048222 0.038011 0.000010 0.000010 0.088192 0.000010 0.036550
0.000010 0.730073 0.269857 0.000010 0.000010 0.000010 0.000010 0.000010 0.000010
0.000010 0.829398 0.114922 0.000010 0.000010 0.000010 0.000010 0.055620 0.000010
0.000010 0.816674 0.118799 0.000010 0.000010 0.000010 0.000010 0.000010 0.064468
0.000010 0.183623 0.406223 0.000010 0.007830 0.019176 0.383109 0.000010 0.000010
0.000010 0.093244 0.465643 0.000010 0.000010 0.000010 0.396913 0.044150 0.000010
0.000010 0.117962 0.365482 0.000010 0.060815 0.000010 0.408031 0.047670 0.000010
0.000010 0.000010 0.418141 0.000010 0.000010 0.000010 0.581789 0.000010 0.000010
0.000010 0.082949 0.325950 0.000010 0.065223 0.000374 0.403832 0.121641 0.000010
0.000010 0.000010 0.539789 0.026711 0.026778 0.000010 0.383340 0.015773 0.007579
0.000010 0.000010 0.565527 0.000010 0.000010 0.000010 0.404539 0.029874 0.000010
0.000010 0.071477 0.383078 0.000010 0.000010 0.000010 0.518403 0.026992 0.000010
0.084598 0.030295 0.496898 0.000010 0.000010 0.056935 0.246273 0.000010 0.084970
0.000010 0.102541 0.446843 0.000010 0.000010 0.000010 0.381598 0.000010 0.068968
0.590074 0.000010 0.123339 0.000010 0.093216 0.000010 0.000010 0.193321 0.000010
0.657250 0.000010 0.000010 0.096715 0.038598 0.017477 0.000010 0.008046 0.181884
0.468206 0.000010 0.000010 0.000010 0.179162 0.000010 0.000010 0.352573 0.000010
0.404769 0.000010 0.136903 0.073680 0.000010 0.033001 0.038027 0.313591 0.000010
0.542733 0.000010 0.000010 0.190898 0.000010 0.008501 0.011178 0.246650 0.000010
0.513766 0.000010 0.000010 0.038422 0.018688 0.018301 0.000010 0.379249 0.031544
0.363218 0.000010 0.109688 0.136369 0.000010 0.000010 0.000010 0.098748 0.291936
0.652620 0.013932 0.034342 0.000010 0.000010 0.000010 0.043359 0.212068 0.043649
0.341127 0.000010 0.019599 0.067432 0.097353 0.000010 0.000010 0.461358 0.013103
0.246876 0.000010 0.009761 0.107866 0.000010 0.000010 0.000010 0.322611 0.312847
0.513485 0.017382 0.000010 0.178840 0.000010 0.000010 0.066099 0.224155 0.000010
0.193968 0.000010 0.000010 0.252402 0.000010 0.098305 0.000010 0.109745 0.345539
0.583889 0.021133 0.000010 0.167356 0.034216 0.000010 0.000010 0.151963 0.041413
0.640131 0.000010 0.000010 0.000010 0.000010 0.000010 0.124366 0.235443 0.000010
0.452309 0.000010 0.000010 0.084347 0.001500 0.066942 0.000010 0.110948 0.283924
0.650073 0.000010 0.142014 0.000010 0.000010 0.011122 0.000010 0.196741 0.000010
0.564300 0.000010 0.000010 0.000010 0.067628 0.000010 0.003857 0.308327 0.055849
0.366896 0.000010 0.158282 0.153112 0.000010 0.022015 0.071787 0.227878 0.000010
0.699791 0.089173 0.000010 0.000010 0.019747 0.000010 0.000010 0.191240 0.000010
0.650334 0.022526 0.000010 0.000010 0.000010 0.014689 0.056567 0.201919 0.053934
0.663659 0.089199 0.000010 0.068813 0.000010 0.075327 0.000010 0.074714 0.028259
0.000010 0.000010 0.618061 0.000010 0.000010 0.000010 0.338081 0.043197 0.000611
0.000010 0.121179 0.571478 0.000010 0.083351 0.032261 0.191691 0.000010 0.000010
0.000010 0.010737 0.462947 0.000010 0.000010 0.002942 0.420671 0.102663 0.000010
0.000010 0.088135 0.674776 0.000010 0.000010 0.000010 0.237029 0.000010 0.000010
0.000010 0.039390 0.576911 0.000010 0.000010 0.000010 0.383639 0.000010 0.000010
0.000010 0.078925 0.663359 0.000010 0.061734 0.000010 0.195931 0.000010 0.000010
0.000010 0.082610 0.578799 0.000010 0.000010 0.116184 0.207999 0.014368 0.000010
0.000010 0.113088 0.561319 0.000010 0.005513 0.000010 0.215608 0.104432 0.000010
0.052102 0.000010 0.688887 0.000010 0.000010 0.000010 0.248883 0.000010 0.010078
0.000010 0.000010 0.441674 0.000010 0.000010 0.000010 0.515481 0.042784 0.000010
0.000010 0.003020 0.547936 0.000010 0.122869 0.000010 0.326125 0.000010 0.000010
0.000010 0.000010 0.689415 0.000010 0.000010 0.000010 0.310515 0.000010 0.000010
0.000010 0.000010 0.687755 0.007957 0.000010 0.087940 0.216298 0.000010 0.000010
0.000010 0.147927 0.489708 0.000010 0.000010 0.000010 0.362305 0.000010 0.000010
0.028292 0.000010 0.815759 0.000010 0.000010 0.000010 0.155890 0.000010 0.000010
0.000010 0.135095 0.499681 0.000010 0.000010 0.007463 0.357711 0.000010 0.000010
0.000010 0.000010 0.677212 0.000010 0.011931 0.000010 0.310797 0.000010 0.000010
0.000010 0.101586 0.659806 0.000010 0.000010 0.000010 0.238549 0.000010 0.000010
0.000010 0.000010 0.561675 0.000010 0.000010 0.000010 0.438255 0.000010 0.000010
0.000010 0.108998 0.737221 0.000010 0.000010 0.000010 0.107791 0.045941 0.000010
0.028226 0.044170 0.634794 0.000010 0.000010 0.013569 0.273935 0.005276 0.000010
0.000010 0.000010 0.580997 0.000010 0.000010 0.034907 0.382540 0.001507 0.000010
0.000010 0.023760 0.571347 0.000010 0.000010 0.000010 0.331243 0.067295 0.006315
0.000010 0.036527 0.801826 0.000010 0.000010 0.000010 0.137265 0.000010 0.024331
0.000010 0.000010 0.674287 0.000010 0.045679 0.000010 0.259650 0.000010 0.020334
0.000010 0.000010 0.624745 0.000010 0.060380 0.000010 0.314815 0.000010 0.000010
0.000010 0.000010 0.654527 0.000010 0.000010 0.006837 0.338576 0.000010 0.000010
0.000010 0.000010 0.711125 0.000010 0.000010 0.000010 0.288805 0.000010 0.000010
0.000010 0.000010 0.506484 0.000010 0.000010 0.000010 0.426587 0.066869 0.000010
0.000010 0.240594 0.479809 0.000010 0.000010 0.000010 0.279537 0.000010 0.000010
0.000010 0.000010 0.666832 0.000010 0.000010 0.000010 0.329218 0.000010 0.003890
0.000509 0.000010 0.566292 0.041375 0.016011 0.000010 0.375773 0.000010 0.000010
0.000010 0.036894 0.684897 0.000010 0.101182 0.000010 0.176977 0.000010 0.000010
0.000010 0.019872 0.617825 0.000010 0.000010 0.000010 0.362243 0.000010 0.000010
0.000010 0.174313 0.607910 0.000010 0.000010 0.000010 0.217717 0.000010 0.000010
0.000010 0.000010 0.577062 0.000010 0.098449 0.019971 0.304467 0.000010 0.000010
0.000010 0.000010 0.625306 0.000010 0.000010 0.000010 0.374624 0.000010 0.000010
0.000010 0.000010 0.423779 0.000010 0.058909 0.000010 0.517252 0.000010 0.000010
0.000010 0.000010 0.672069 0.000010 0.000010 0.000010 0.149243 0.178629 0.000010
0.000010 0.000010 0.037295 0.006252 0.641067 0.000010 0.315336 0.000010 0.000010
0.000010 0.000010 0.000010 0.000010 0.957083 0.000010 0.042847 0.000010 0.000010
0.000010 0.114396 0.641906 0.000010 0.000010 0.009226 0.100834 0.066201 0.067407
0.012928 0.131520 0.741887 0.000010 0.000010 0.000010 0.089573 0.000010 0.024051
0.210973 0.114451 0.062830 0.364351 0.000010 0.071801 0.054019 0.121555 0.000010
0.389497 0.000010 0.000010 0.180175 0.030274 0.000010 0.000010 0.400004 0.000010
0.486671 0.080447 0.000010 0.137463 0.091859 0.061791 0.049039 0.092711 0.000010
0.415914 0.000010 0.065874 0.214761 0.000010 0.000010 0.000010 0.288294 0.015117
0.432852 0.000010 0.026213 0.375304 0.000010 0.000010 0.030901 0.134689 0.000010
0.392109 0.092964 0.000010 0.273767 0.000010 0.000010 0.008615 0.227029 0.005487
0.223016 0.093072 0.031654 0.345389 0.126730 0.011743 0.000010 0.075248 0.093137
0.376956 0.000010 0.000010 0.234133 0.000010 0.000010 0.000010 0.388851 0.000010
0.351684 0.093613 0.000010 0.438056 0.000010 0.000010 0.000010 0.021203 0.095404
0.688586 0.045459 0.000010 0.179699 0.000010 0.000010 0.010024 0.076192 0.000010
0.392601 0.000010 0.000010 0.182034 0.007786 0.000010 0.016316 0.401222 0.000010
0.482325 0.045753 0.067856 0.343702 0.060324 0.000010 0.000010 0.000010 0.000010
0.654303 0.002829 0.057124 0.044183 0.000010 0.015252 0.130436 0.092434 0.003429
0.000010 0.000010 0.543915 0.000010 0.000010 0.000010 0.456015 0.000010 0.000010
0.000010 0.051993 0.472595 0.000010 0.067524 0.000010 0.375497 0.030347 0.002015
0.000010 0.000010 0.733593 0.000010 0.000010 0.000010 0.266337 0.000010 0.000010
0.000010 0.013516 0.740035 0.000010 0.000010 0.000010 0.208757 0.037642 0.000010
0.000010 0.075397 0.637874 0.000010 0.000010 0.000010 0.171424 0.115255 0.000010
0.000010 0.123272 0.370621 0.063286 0.004194 0.000010 0.438587 0.000010 0.000010
0.000010 0.000010 0.571756 0.000010 0.000010 0.000010 0.398708 0.029476 0.000010
0.000010 0.000010 0.671100 0.051027 0.042567 0.000010 0.235257 0.000010 0.000010
0.000010 0.029178 0.324592 0.000010 0.045918 0.000010 0.600262 0.000010 0.000010
0.000010 0.009958 0.638008 0.000010 0.000010 0.000010 0.351975 0.000010 0.000010
0.000010 0.000010 0.509852 0.000010 0.000010 0.000010 0.490078 0.000010 0.000010
0.000010 0.110160 0.553087 0.117349 0.000010 0.000010 0.215702 0.003662 0.000010
