0.146939 0.000010 0.000010 0.229022 0.135566 0.012658 0.019672 0.456113 0.000010
0.233280 0.074105 0.123494 0.085406 0.027696 0.001032 0.034321 0.420655 0.000010
0.444707 0.116836 0.000010 0.082916 0.000010 0.027786 0.000010 0.241319 0.086405
0.419651 0.000010 0.167754 0.077532 0.000010 0.132520 0.092086 0.089568 0.020868
0.234900 0.032198 0.038601 0.207953 0.014665 0.000010 0.004185 0.459487 0.008003
0.186245 0.000010 0.000010 0.109871 0.000010 0.000010 0.054432 0.387719 0.261692
0.416277 0.000010 0.000010 0.000010 0.079385 0.000010 0.000010 0.446273 0.058016
0.234022 0.000010 0.000010 0.003889 0.000010 0.000010 0.126983 0.580279 0.054788
0.293533 0.097568 0.000010 0.186865 0.057932 0.000010 0.000010 0.364062 0.000010
0.277718 0.000010 0.000010 0.139736 0.058442 0.042471 0.000010 0.407650 0.073952
0.186406 0.040049 0.049427 0.214148 0.000010 0.000010 0.000010 0.509930 0.000010
0.453642 0.069385 0.076928 0.000010 0.000010 0.022788 0.000010 0.355051 0.022176
0.154478 0.000010 0.000010 0.131838 0.025989 0.000010 0.052101 0.635554 0.000010
0.500907 0.000010 0.000010 0.000010 0.013372 0.000010 0.000010 0.291881 0.193790
0.242995 0.082966 0.000010 0.000010 0.058017 0.018390 0.103817 0.493785 0.000010
0.390697 0.000010 0.000010 0.113856 0.000010 0.000010 0.000010 0.494555 0.000842
0.322329 0.088503 0.000010 0.000010 0.070722 0.057246 0.054373 0.406796 0.000010
0.140180 0.000302 0.086614 0.428031 0.000010 0.000010 0.000010 0.344832 0.000010
0.266592 0.000010 0.101194 0.000010 0.092214 0.000010 0.021169 0.474877 0.043924
0.424782 0.055962 0.071943 0.058625 0.007513 0.045078 0.000010 0.314448 0.021640
0.215142 0.000010 0.179242 0.158428 0.000010 0.016966 0.000010 0.427541 0.002650
0.344349 0.000010 0.000010 0.113709 0.010465 0.000010 0.034303 0.497135 0.000010
0.315119 0.160856 0.022449 0.090145 0.000010 0.010315 0.036261 0.253163 0.111684
0.244655 0.000010 0.060943 0.060148 0.008764 0.000010 0.106706 0.518754 0.000010
0.157430 0.029145 0.000010 0.186704 0.000010 0.000010 0.000010 0.621503 0.005178
0.598620 0.000010 0.094403 0.000010 0.000010 0.000010 0.000010 0.191280 0.115647
0.394043 0.000010 0.000010 0.000010 0.000010 0.000010 0.099975 0.363492 0.142440
0.094272 0.000010 0.063572 0.082672 0.000010 0.010238 0.113791 0.458616 0.176818
0.434383 0.000010 0.029352 0.000010 0.004717 0.000010 0.078576 0.452932 0.000010
0.424305 0.069296 0.047844 0.000010 0.000010 0.000010 0.014199 0.438059 0.006266
0.217759 0.001369 0.058812 0.000010 0.140314 0.000010 0.114392 0.467323 0.000010
0.407637 0.186553 0.077546 0.000010 0.000010 0.000010 0.032026 0.296198 0.000010
0.468576 0.000010 0.132090 0.000010 0.000010 0.000010 0.000764 0.398520 0.000010
0.417368 0.086093 0.047923 0.000010 0.066745 0.000010 0.033360 0.348481 0.000010
0.071206 0.000010 0.048989 0.119578 0.120705 0.000010 0.047672 0.527717 0.064113
0.346250 0.070977 0.000010 0.000010 0.052677 0.000010 0.000010 0.530046 0.000010
0.400948 0.079967 0.000010 0.061667 0.000010 0.000010 0.001469 0.455909 0.000010
0.378839 0.000010 0.000010 0.099712 0.075990 0.000010 0.000010 0.373280 0.072138
0.372037 0.021010 0.000010 0.180620 0.000010 0.000010 0.000010 0.376914 0.049378
0.127577 0.000010 0.000010 0.055044 0.000010 0.000010 0.226080 0.540808 0.050450
0.398655 0.000010 0.077421 0.253857 0.006767 0.000010 0.000010 0.263260 0.000010
0.214206 0.141261 0.052770 0.048152 0.000010 0.000010 0.054883 0.488699 0.000010
0.414778 0.000010 0.000010 0.000010 0.000010 0.000010 0.000010 0.562318 0.022844
0.155091 0.000010 0.236604 0.039237 0.000010 0.000010 0.166315 0.402713 0.000010
0.350236 0.052475 0.000010 0.089500 0.029052 0.027172 0.132780 0.318764 0.000010
0.407274 0.076571 0.089093 0.000010 0.000010 0.000010 0.068661 0.358362 0.000010
0.450255 0.000010 0.000010 0.033404 0.038802 0.079911 0.000010 0.358697 0.038902
0.388441 0.000010 0.000010 0.000010 0.000010 0.000010 0.115330 0.436975 0.059204
0.223411 0.000574 0.144880 0.234275 0.000010 0.000010 0.094327 0.302503 0.000010
0.104271 0.000010 0.307652 0.000010 0.132183 0.000010 0.045018 0.352412 0.058433
0.237495 0.000010 0.322634 0.160284 0.000010 0.000010 0.000010 0.279538 0.000010
0.142816 0.134783 0.463604 0.005533 0.000010 0.040864 0.212371 0.000010 0.000010
0.298957 0.069496 0.144597 0.178365 0.000010 0.000010 0.091444 0.154494 0.062628
0.306823 0.099168 0.147956 0.025538 0.174208 0.000010 0.096228 0.150059 0.000010
0.056511 0.029749 0.329539 0.173150 0.000010 0.059172 0.122522 0.229337 0.000010
0.120045 0.110159 0.441303 0.110263 0.104823 0.000010 0.113377 0.000010 0.000010
0.355659 0.117444 0.126304 0.000010 0.023427 0.028361 0.172041 0.176745 0.000010
0.085744 0.168608 0.273723 0.013557 0.000010 0.000010 0.104794 0.299453 0.054102
0.041945 0.042921 0.612875 0.000010 0.000010 0.128928 0.173291 0.000010 0.000010
0.096095 0.000010 0.388621 0.204260 0.000010 0.000010 0.000010 0.203630 0.107354
0.008393 0.084520 0.196617 0.223335 0.203585 0.057931 0.082624 0.142985 0.000010
0.281538 0.140767 0.129669 0.015470 0.029448 0.000010 0.176524 0.226563 0.000010
0.363506 0.047238 0.081931 0.068637 0.178902 0.000010 0.179353 0.080414 0.000010
0.000010 0.057268 0.252553 0.152031 0.000010 0.092650 0.138406 0.307062 0.000010
0.257660 0.046856 0.352630 0.032674 0.000010 0.000010 0.028983 0.281167 0.000010
0.130807 0.081043 0.507145 0.101542 0.000010 0.000010 0.163741 0.000010 0.015692
0.128916 0.000010 0.300827 0.210365 0.012182 0.001467 0.223372 0.050372 0.072488
0.295521 0.083399 0.312841 0.000010 0.000010 0.000010 0.008896 0.299304 0.000010
0.287479 0.000010 0.283492 0.104486 0.007351 0.000010 0.000010 0.317152 0.000010
0.230359 0.091226 0.328825 0.030770 0.006907 0.000010 0.000010 0.311882 0.000010
0.230034 0.074260 0.000010 0.062378 0.000010 0.031845 0.086891 0.143338 0.371235
0.502469 0.190024 0.041202 0.000010 0.085455 0.000010 0.000010 0.180810 0.000010
0.353222 0.000010 0.035969 0.000010 0.084867 0.000010 0.000010 0.525892 0.000010
0.473988 0.078317 0.000010 0.000010 0.000010 0.024575 0.056893 0.366187 0.000010
0.136575 0.035838 0.184623 0.000010 0.177571 0.000010 0.007324 0.458039 0.000010
0.011189 0.044844 0.014587 0.289600 0.057387 0.048720 0.220940 0.265946 0.046788
0.294787 0.000010 0.103353 0.220785 0.083457 0.000010 0.000010 0.297577 0.000010
0.497153 0.016022 0.037856 0.018923 0.000010 0.030995 0.011428 0.387603 0.000010
0.269648 0.106661 0.000011 0.098977 0.000010 0.000010 0.080624 0.444049 0.000010
0.325840 0.092479 0.000010 0.000010 0.000010 0.000010 0.000010 0.581621 0.000010
0.083759 0.000010 0.288371 0.241433 0.000010 0.092570 0.091019 0.202818 0.000010
0.379563 0.119031 0.000010 0.000010 0.011077 0.000010 0.066150 0.288540 0.135609
0.250253 0.000010 0.111414 0.076966 0.000010 0.000010 0.000010 0.453925 0.107401
0.269868 0.000010 0.000010 0.000010 0.014342 0.069147 0.119368 0.425036 0.102210
0.382192 0.065506 0.000010 0.000010 0.048590 0.000010 0.012685 0.490988 0.000010
0.257564 0.068490 0.029022 0.000010 0.061978 0.000010 0.207862 0.360515 0.014549
0.339607 0.145646 0.000010 0.091240 0.000010 0.000010 0.000010 0.422448 0.001018
0.361733 0.063699 0.000010 0.058961 0.041114 0.000010 0.008364 0.437464 0.028644
0.303401 0.000010 0.026320 0.000010 0.001050 0.020171 0.100904 0.499774 0.048360
0.417320 0.073491 0.006351 0.000010 0.000010 0.029074 0.065593 0.387219 0.020932
0.307695 0.058948 0.086395 0.131471 0.000010 0.000010 0.000010 0.415451 0.000010
0.109536 0.042306 0.000010 0.189211 0.000010 0.000010 0.013393 0.507961 0.137563
0.295397 0.000010 0.000010 0.196097 0.000010 0.000010 0.000010 0.448611 0.059846
0.467580 0.000010 0.198359 0.000010 0.007862 0.028735 0.048737 0.248697 0.000010
0.488920 0.000010 0.000010 0.000010 0.000010 0.053341 0.105875 0.199392 0.152433
0.151324 0.075733 0.000010 0.000010 0.000010 0.171482 0.029008 0.221097 0.351325
0.194948 0.057023 0.118059 0.000010 0.103788 0.000010 0.023296 0.502856 0.000010
0.407697 0.000010 0.010598 0.000010 0.000399 0.000010 0.183327 0.397940 0.000010
0.331442 0.056302 0.000010 0.000010 0.059085 0.000010 0.040931 0.512199 0.000010
0.279751 0.179608 0.000010 0.000010 0.063261 0.000010 0.000010 0.477330 0.000010
0.200921 0.038636 0.084826 0.065822 0.000010 0.000010 0.013477 0.150808 0.445490
0.001256 0.163304 0.000010 0.000010 0.000010 0.055809 0.039465 0.321128 0.419008
0.275437 0.000010 0.000010 0.000010 0.000010 0.000010 0.049678 0.283096 0.391739
0.063395 0.151772 0.000010 0.047089 0.000010 0.028519 0.112993 0.596202 0.000010
0.342985 0.000010 0.000010 0.000010 0.065132 0.000010 0.227556 0.364277 0.000010
0.182943 0.050795 0.000010 0.068584 0.009180 0.000010 0.204644 0.483825 0.000010
0.221507 0.054367 0.139149 0.005616 0.000010 0.000010 0.222134 0.357198 0.000010
0.264189 0.119812 0.000010 0.059562 0.050529 0.027788 0.091397 0.377296 0.009418
0.436355 0.098870 0.047684 0.000010 0.190392 0.000010 0.005423 0.221245 0.000010
0.276367 0.031499 0.016094 0.097275 0.000010 0.000010 0.055817 0.513629 0.009298
0.066744 0.000010 0.007032 0.226693 0.003697 0.000010 0.101796 0.594008 0.000010
0.376668 0.000010 0.172167 0.015931 0.005562 0.000010 0.025608 0.404034 0.000010
0.303939 0.080462 0.048796 0.158761 0.000010 0.000010 0.000010 0.398211 0.009801
0.234114 0.000010 0.032925 0.114799 0.074303 0.013948 0.161757 0.368135 0.000010
0.247000 0.150933 0.010448 0.039796 0.000010 0.000010 0.113358 0.407664 0.030781
0.138957 0.000010 0.044045 0.166311 0.000010 0.000010 0.073926 0.576721 0.000010
0.179734 0.070339 0.000010 0.000010 0.000010 0.000010 0.059089 0.665206 0.025592
0.300339 0.000010 0.007369 0.145462 0.000010 0.055350 0.049635 0.441815 0.000010
0.380874 0.000010 0.000010 0.000010 0.000010 0.005784 0.105295 0.283338 0.224669
0.048893 0.124679 0.133190 0.295163 0.000010 0.000010 0.082134 0.315911 0.000010
0.381339 0.056832 0.016762 0.058562 0.000010 0.000010 0.050245 0.403207 0.033033
0.221239 0.143948 0.000010 0.000010 0.011001 0.000010 0.168463 0.455309 0.000010
0.358350 0.015409 0.000010 0.053589 0.000010 0.000010 0.000010 0.572603 0.000010
0.322119 0.122944 0.111971 0.000010 0.008664 0.000010 0.086985 0.347287 0.000010
0.210908 0.008047 0.000010 0.269713 0.000010 0.000010 0.076255 0.435037 0.000010
0.235863 0.000010 0.045386 0.235195 0.000010 0.000010 0.076327 0.407189 0.000010
0.371948 0.004257 0.051815 0.000010 0.000010 0.000010 0.122089 0.449850 0.000010
0.333426 0.126345 0.000010 0.000010 0.000010 0.055768 0.000010 0.419561 0.064859
0.283155 0.000010 0.000010 0.000010 0.010526 0.000010 0.111281 0.594988 0.000010
0.328483 0.021156 0.096933 0.000010 0.000010 0.188151 0.149190 0.178386 0.037681
0.029455 0.000010 0.000010 0.152084 0.000010 0.000010 0.156491 0.570550 0.091380
0.157998 0.000010 0.000010 0.092483 0.000010 0.000387 0.088456 0.564518 0.096128
0.351374 0.120397 0.000010 0.124843 0.000010 0.000010 0.002952 0.377532 0.022872
0.193813 0.000010 0.186175 0.312395 0.000010 0.000010 0.000010 0.307567 0.000010
0.173504 0.044038 0.000010 0.295065 0.004448 0.024457 0.000010 0.382886 0.075583
0.000010 0.019933 0.059032 0.258833 0.000010 0.000010 0.073415 0.588746 0.000010
0.091613 0.045200 0.000010 0.182291 0.000010 0.000010 0.205919 0.474936 0.000010
0.305835 0.051574 0.177712 0.008361 0.064285 0.000010 0.153203 0.239009 0.000010
0.260550 0.000010 0.000010 0.066542 0.000010 0.000010 0.114332 0.467541 0.090995
0.324035 0.000010 0.393473 0.000010 0.000010 0.000010 0.009468 0.141739 0.131245
0.325344 0.138354 0.000010 0.051745 0.000010 0.000010 0.081951 0.401456 0.001121
0.018674 0.000010 0.164925 0.179066 0.028643 0.000010 0.138292 0.470371 0.000010
0.237945 0.000010 0.000010 0.000010 0.000010 0.058095 0.166707 0.537202 0.000010
0.180587 0.000010 0.037720 0.042244 0.178463 0.114393 0.019487 0.427085 0.000010
0.435629 0.000010 0.153371 0.000010 0.004213 0.000010 0.136901 0.269115 0.000741
0.189554 0.120153 0.059400 0.176946 0.000010 0.000010 0.094966 0.358952 0.000010
0.334808 0.138608 0.000010 0.000010 0.043513 0.000010 0.120548 0.362484 0.000010
0.328063 0.046943 0.000010 0.000010 0.124232 0.000010 0.019810 0.399093 0.081829
0.285466 0.000010 0.059230 0.000010 0.113782 0.000010 0.000010 0.541473 0.000010
0.251482 0.000010 0.000010 0.153092 0.111655 0.000010 0.000010 0.483721 0.000010
0.316139 0.003470 0.008917 0.000010 0.121256 0.000010 0.000010 0.494437 0.055752
0.315035 0.046403 0.113898 0.000010 0.000010 0.067662 0.050289 0.406684 0.000010
0.378818 0.000010 0.000010 0.000010 0.000010 0.000010 0.186290 0.434832 0.000010
0.137085 0.076489 0.214530 0.108043 0.000010 0.000010 0.077436 0.386387 0.000010
0.405143 0.163625 0.062206 0.148371 0.040642 0.088676 0.000010 0.091317 0.000010
0.590930 0.000010 0.157856 0.000010 0.002824 0.000010 0.156791 0.085320 0.006250
0.197575 0.000010 0.034012 0.191625 0.098328 0.000010 0.003051 0.475379 0.000010
0.278278 0.000010 0.114093 0.034315 0.000010 0.008352 0.000010 0.495818 0.069113
0.248156 0.000010 0.000127 0.061394 0.082474 0.000010 0.000010 0.607810 0.000010
0.047319 0.005036 0.102141 0.187154 0.009288 0.095341 0.098598 0.455113 0.000010
0.369190 0.106218 0.000010 0.028589 0.135617 0.002681 0.000010 0.303048 0.054637
0.191964 0.048146 0.000010 0.000010 0.157308 0.000010 0.000010 0.602532 0.000010
0.193662 0.000010 0.249310 0.000010 0.145775 0.000265 0.014949 0.396008 0.000010
0.000010 0.000010 0.350529 0.234507 0.098941 0.000010 0.080255 0.235727 0.000010
0.000010 0.066943 0.000010 0.306330 0.000010 0.000010 0.119773 0.506903 0.000010
0.000010 0.241303 0.105838 0.000010 0.045192 0.020883 0.052509 0.534245 0.000010
0.242636 0.000010 0.000010 0.118921 0.063589 0.000010 0.143594 0.431220 0.000010
0.035614 0.021924 0.144872 0.333450 0.000010 0.000010 0.195465 0.230864 0.037791
0.242305 0.084770 0.000010 0.049013 0.000010 0.031968 0.000010 0.591904 0.000010
0.347020 0.000010 0.000010 0.004036 0.073987 0.093884 0.112075 0.338330 0.030649
0.058310 0.000010 0.000010 0.042386 0.018761 0.006526 0.168990 0.704996 0.000010
0.168147 0.017851 0.118016 0.149755 0.051912 0.000010 0.118386 0.375913 0.000010
0.177716 0.007471 0.000010 0.246808 0.219666 0.000010 0.087061 0.261247 0.000010
0.152635 0.000010 0.105250 0.000010 0.059172 0.000010 0.235250 0.447653 0.000010
0.000010 0.023361 0.053462 0.131472 0.028145 0.000010 0.235191 0.528340 0.000010
0.132442 0.000010 0.221495 0.000010 0.000010 0.000010 0.227937 0.288754 0.129333
0.337008 0.079224 0.057537 0.007097 0.000010 0.047224 0.055888 0.416002 0.000010
0.071063 0.000010 0.052028 0.242774 0.108106 0.000010 0.164284 0.337950 0.023774
0.037939 0.063947 0.000010 0.172607 0.133700 0.000010 0.168494 0.423282 0.000010
0.156169 0.025721 0.144269 0.030110 0.000010 0.000010 0.101884 0.541817 0.000010
0.151641 0.086136 0.089878 0.000010 0.036331 0.000010 0.174761 0.461223 0.000010
0.174592 0.046607 0.091126 0.068572 0.000010 0.000010 0.087801 0.531272 0.000010
0.227237 0.000010 0.000010 0.147009 0.000010 0.001957 0.098346 0.481603 0.043818
0.135931 0.040625 0.000010 0.067882 0.032595 0.000010 0.271088 0.418290 0.033568
0.013650 0.000010 0.134058 0.224377 0.000010 0.000010 0.235700 0.332318 0.059867
0.168684 0.017306 0.120112 0.000010 0.000549 0.000010 0.108066 0.506044 0.079219
0.000010 0.000010 0.352093 0.209045 0.019077 0.000010 0.000010 0.382690 0.037055
0.083674 0.000010 0.000010 0.000010 0.000010 0.278707 0.000010 0.000010 0.637560
0.009103 0.000010 0.000010 0.017773 0.000010 0.604151 0.000010 0.000010 0.368923
0.000010 0.000010 0.000010 0.000010 0.000010 0.416707 0.000010 0.000010 0.583223
0.000010 0.045942 0.000010 0.000010 0.000010 0.577660 0.000010 0.000010 0.376338
0.000010 0.001627 0.023200 0.029609 0.000010 0.357624 0.000010 0.000010 0.587901
0.000010 0.000010 0.000010 0.024766 0.000010 0.364384 0.000010 0.000010 0.610790
0.000010 0.000010 0.001978 0.000010 0.000010 0.392282 0.021519 0.000010 0.584172
0.000010 0.000010 0.000010 0.044426 0.000010 0.406668 0.060444 0.000010 0.488412
0.000010 0.000010 0.022447 0.021672 0.000010 0.408219 0.000010 0.000010 0.547612
0.000010 0.023308 0.025934 0.000010 0.000010 0.262244 0.000010 0.000010 0.688463
0.000010 0.000010 0.000010 0.018544 0.000010 0.420864 0.017295 0.000010 0.543246
0.000010 0.031505 0.000010 0.000010 0.000010 0.392854 0.000010 0.000010 0.575581
0.000010 0.016895 0.000010 0.000010 0.000010 0.384631 0.000010 0.000010 0.598414
0.000010 0.000010 0.000010 0.000010 0.000010 0.472022 0.000010 0.000010 0.527908
0.000010 0.000010 0.000010 0.033009 0.000010 0.454361 0.024059 0.000010 0.488520
0.000010 0.000010 0.030762 0.000010 0.000010 0.269974 0.000010 0.000010 0.699204
0.000010 0.005151 0.000010 0.082635 0.000010 0.400461 0.034588 0.000010 0.477126
0.114402 0.000010 0.000010 0.006922 0.000010 0.441050 0.000010 0.025604 0.411983
0.000010 0.000010 0.067068 0.000010 0.056163 0.417627 0.000010 0.000010 0.459092
0.000010 0.000010 0.000010 0.006585 0.025212 0.370529 0.069260 0.000010 0.528374
0.000010 0.000010 0.000010 0.000010 0.000010 0.517984 0.000010 0.000010 0.481946
0.000010 0.000010 0.000010 0.053427 0.032551 0.387998 0.000010 0.000010 0.525974
0.000010 0.000010 0.000010 0.000010 0.043866 0.478464 0.024045 0.000010 0.453575
0.000010 0.000010 0.000010 0.000010 0.054332 0.562488 0.000010 0.000010 0.383120
0.000010 0.000010 0.000010 0.075287 0.000010 0.489953 0.030737 0.000010 0.403973
0.000010 0.000010 0.000010 0.000010 0.009553 0.498555 0.000010 0.000010 0.491832
0.000010 0.000010 0.000010 0.000010 0.045570 0.404503 0.000010 0.000010 0.549867
0.018543 0.000010 0.000010 0.000010 0.000010 0.255805 0.000010 0.000010 0.725592
0.000010 0.008398 0.024725 0.001402 0.856173 0.000010 0.105818 0.003453 0.000010
0.156105 0.000010 0.128396 0.353353 0.000010 0.000010 0.000010 0.345988 0.016118
0.217618 0.103927 0.000010 0.428848 0.000010 0.000010 0.012590 0.236978 0.000010
0.301383 0.000010 0.031222 0.354122 0.147442 0.024609 0.000010 0.066182 0.075019
0.450773 0.000010 0.000010 0.116543 0.010817 0.000010 0.057467 0.364360 0.000010
0.189488 0.000010 0.000010 0.345984 0.172820 0.000010 0.000010 0.253431 0.038237
0.233035 0.000010 0.147215 0.372306 0.010028 0.000010 0.032687 0.204699 0.000010
0.254273 0.035820 0.000010 0.327537 0.000010 0.110711 0.000010 0.245665 0.025964
0.461015 0.000010 0.053227 0.213839 0.000010 0.055059 0.000010 0.216820 0.000010
0.539224 0.000010 0.000010 0.190189 0.192151 0.000010 0.000010 0.060059 0.018337
0.328792 0.000010 0.000010 0.254771 0.124300 0.000010 0.058026 0.234071 0.000010
0.345821 0.065085 0.000010 0.402911 0.000010 0.026881 0.000010 0.159262 0.000010
0.395238 0.004341 0.059256 0.265625 0.000010 0.000010 0.000010 0.275500 0.000010
0.180867 0.000010 0.000010 0.531092 0.065718 0.000010 0.000010 0.222273 0.000010
0.438821 0.000010 0.000010 0.353224 0.000010 0.000010 0.000010 0.207894 0.000010
0.119736 0.028079 0.043041 0.525570 0.001728 0.000010 0.000010 0.281816 0.000010
0.553073 0.000010 0.013586 0.072562 0.213611 0.000010 0.000721 0.107445 0.038982
0.315931 0.000010 0.000010 0.253053 0.046027 0.000010 0.000010 0.384939 0.000010
0.300719 0.000010 0.208002 0.383373 0.000010 0.050097 0.000010 0.051146 0.006632
0.409818 0.000010 0.000010 0.325983 0.034149 0.000010 0.000010 0.230000 0.000010
0.587591 0.000010 0.000010 0.067315 0.091181 0.021130 0.000010 0.232743 0.000010
0.346942 0.000010 0.000010 0.419735 0.000010 0.000010 0.095657 0.125134 0.012493
0.354344 0.000010 0.042973 0.342162 0.000010 0.000010 0.062096 0.198385 0.000010
0.289789 0.014028 0.081345 0.457369 0.002112 0.000010 0.000010 0.155328 0.000010
0.305768 0.000010 0.000010 0.354029 0.000010 0.000010 0.041780 0.298374 0.000010
0.362232 0.000010 0.073228 0.169654 0.106353 0.000010 0.006538 0.260711 0.021263
0.346047 0.040061 0.000010 0.279450 0.000010 0.000010 0.002642 0.331760 0.000010
0.496290 0.000010 0.095902 0.237458 0.000010 0.022470 0.000010 0.147841 0.000010
0.447506 0.145905 0.000010 0.240860 0.049804 0.000010 0.009117 0.000010 0.106778
0.000010 0.000010 0.000010 0.000010 0.944720 0.055210 0.000010 0.000010 0.000010
0.000010 0.000010 0.000010 0.000010 0.936491 0.000010 0.000010 0.000010 0.063439
0.000010 0.000010 0.000010 0.000010 0.961502 0.000010 0.012236 0.000010 0.026202
0.000010 0.000010 0.000010 0.000010 0.884026 0.000010 0.033370 0.000010 0.082543
0.002520 0.000010 0.246581 0.032503 0.713871 0.000010 0.004486 0.000010 0.000010
0.000010 0.000010 0.000010 0.001709 0.950878 0.000010 0.047353 0.000010 0.000010
0.000010 0.000010 0.005075 0.000010 0.976549 0.000010 0.018316 0.000010 0.000010
0.000010 0.000010 0.000010 0.000010 0.916054 0.000010 0.072527 0.000010 0.011360
0.000010 0.000010 0.000010 0.015780 0.946085 0.000010 0.016418 0.000010 0.021667
0.000010 0.000010 0.000010 0.000010 0.976956 0.000010 0.022974 0.000010 0.000010
0.000010 0.000010 0.017512 0.036167 0.946262 0.000010 0.000010 0.000010 0.000010
0.000010 0.000010 0.000010 0.000010 0.909722 0.000010 0.034649 0.055570 0.000010
0.000010 0.000010 0.000010 0.005546 0.989103 0.000010 0.005291 0.000010 0.000010
0.000010 0.000010 0.018546 0.000010 0.903806 0.000010 0.077588 0.000010 0.000010
0.000010 0.000010 0.013744 0.000010 0.938783 0.000010 0.031453 0.000010 0.015969
0.000010 0.000010 0.000010 0.000010 0.941232 0.000010 0.000010 0.000010 0.058698
0.000010 0.000010 0.000010 0.000010 0.906786 0.000010 0.056263 0.036891 0.000010
0.356084 0.057966 0.064897 0.231118 0.000010 0.000010 0.000010 0.227826 0.062080
0.355024 0.000010 0.147334 0.229796 0.000010 0.024972 0.000010 0.242834 0.000010
0.616043 0.000010 0.003929 0.116439 0.000010 0.000010 0.000010 0.263538 0.000010
0.638478 0.000010 0.000010 0.000010 0.000010 0.000010 0.000010 0.305548 0.055914
0.386763 0.000010 0.169524 0.145499 0.053040 0.000010 0.000010 0.245134 0.000010
0.487598 0.000010 0.027436 0.139753 0.000010 0.007683 0.000010 0.318319 0.019180
0.739481 0.001150 0.000010 0.000010 0.000010 0.000010 0.000010 0.259309 0.000010
0.503907 0.000010 0.060387 0.074150 0.000010 0.000010 0.043387 0.183030 0.135109
0.255613 0.045473 0.000010 0.142914 0.029875 0.000010 0.101172 0.305812 0.119122
0.682956 0.100386 0.000010 0.028006 0.019035 0.000010 0.005416 0.164171 0.000010
0.642908 0.024335 0.000010 0.103498 0.000010 0.000010 0.000010 0.229209 0.000010
0.666171 0.000010 0.000010 0.000010 0.025202 0.000010 0.000010 0.170401 0.138177
0.585105 0.000010 0.056736 0.177070 0.000010 0.000010 0.101351 0.079698 0.000010
0.380860 0.157338 0.024822 0.148331 0.000010 0.000010 0.001291 0.265700 0.021638
0.591563 0.038354 0.000010 0.176237 0.057423 0.000010 0.000010 0.039798 0.096594
0.544397 0.000010 0.030641 0.043777 0.000010 0.032003 0.022378 0.272305 0.054478
0.565368 0.000010 0.094018 0.022944 0.000010 0.055138 0.000010 0.233357 0.029145
0.454595 0.000010 0.120050 0.018628 0.018632 0.000010 0.000010 0.294050 0.094016
0.560884 0.000010 0.164623 0.050104 0.108356 0.000010 0.000010 0.115994 0.000010
0.668026 0.000010 0.132618 0.000010 0.000010 0.000010 0.000010 0.032354 0.166952
0.804054 0.168186 0.000010 0.027700 0.000010 0.000010 0.000010 0.000010 0.000010
0.789270 0.016634 0.055026 0.000010 0.033494 0.037109 0.000010 0.000010 0.068437
0.463202 0.083422 0.000010 0.181943 0.049626 0.026949 0.020025 0.174812 0.000010
0.561627 0.000010 0.000010 0.000010 0.036780 0.000010 0.000010 0.273847 0.127696
0.541357 0.000010 0.003156 0.010045 0.081623 0.040000 0.054280 0.201885 0.067643
0.404877 0.028879 0.039120 0.104937 0.041186 0.000010 0.000010 0.380972 0.000010
0.478192 0.000010 0.075530 0.135232 0.000010 0.000010 0.000010 0.310995 0.000010
0.639590 0.024392 0.000010 0.000010 0.000010 0.068255 0.035066 0.209304 0.023363
0.389917 0.000010 0.000010 0.273454 0.000010 0.000010 0.084300 0.251397 0.000892
0.805357 0.000010 0.000010 0.000728 0.000640 0.000010 0.000010 0.193225 0.000010
0.568321 0.000010 0.000010 0.099070 0.047301 0.003843 0.000010 0.281424 0.000010
0.647282 0.000010 0.000010 0.057039 0.058296 0.000010 0.000010 0.204801 0.032542
0.407201 0.047023 0.138051 0.180966 0.000010 0.053352 0.000010 0.173376 0.000010
0.500279 0.000010 0.000010 0.119967 0.064475 0.000010 0.000010 0.189226 0.126014
0.605210 0.000010 0.009408 0.062572 0.000010 0.000010 0.000010 0.322761 0.000010
0.730167 0.042981 0.000010 0.000010 0.000010 0.000010 0.000010 0.226793 0.000010
0.473286 0.000010 0.063753 0.124576 0.000010 0.007562 0.065918 0.109733 0.155151
0.601765 0.112776 0.034289 0.011080 0.000010 0.041082 0.055137 0.143852 0.000010
0.584886 0.101801 0.000010 0.000010 0.000010 0.000010 0.000010 0.217868 0.095395
0.548141 0.036999 0.018588 0.094296 0.000010 0.000010 0.055571 0.162583 0.083803
0.398027 0.078487 0.000010 0.188990 0.000010 0.000010 0.000010 0.328130 0.006326
0.522062 0.000010 0.075890 0.000010 0.161930 0.000010 0.000010 0.240068 0.000010
0.851561 0.004231 0.057668 0.000010 0.086491 0.000010 0.000010 0.000010 0.000010
0.582679 0.036101 0.000010 0.118108 0.028595 0.007828 0.000010 0.226660 0.000010
0.542621 0.000010 0.000010 0.000010 0.000010 0.000010 0.000010 0.385475 0.071844
0.445399 0.113112 0.000010 0.170610 0.000010 0.000010 0.000010 0.270829 0.000010
0.444239 0.000010 0.000010 0.000010 0.000010 0.057951 0.000010 0.145531 0.352229
0.659062 0.000010 0.000010 0.031767 0.000010 0.000010 0.000010 0.309111 0.000010
0.492728 0.010913 0.000010 0.000010 0.000010 0.032956 0.029779 0.255082 0.178512
0.426323 0.000010 0.120421 0.035226 0.000010 0.000010 0.032007 0.321846 0.064147
0.526297 0.000010 0.061403 0.000010 0.016030 0.041754 0.000010 0.277387 0.077098
0.476110 0.000010 0.152594 0.207324 0.000010 0.000010 0.067449 0.096483 0.000010
0.674169 0.000010 0.092938 0.000010 0.000010 0.000010 0.000010 0.232833 0.000010
0.560501 0.000010 0.000010 0.219274 0.000010 0.000010 0.012583 0.180896 0.026705
0.701457 0.000010 0.000010 0.000010 0.000010 0.019131 0.015124 0.114174 0.150075
0.000010 0.000010 0.055957 0.080552 0.000010 0.158963 0.121204 0.000010 0.583284
0.443432 0.043949 0.000010 0.114216 0.000010 0.000010 0.135172 0.107007 0.156194
0.703561 0.000010 0.000010 0.000010 0.000010 0.088199 0.060360 0.059297 0.088543
0.620289 0.000010 0.000010 0.011099 0.067850 0.000010 0.061607 0.191270 0.047856
0.624847 0.119796 0.000010 0.000010 0.000010 0.116704 0.000010 0.138603 0.000010
0.498760 0.000696 0.000010 0.060488 0.000010 0.066707 0.000010 0.314057 0.059261
0.590430 0.000010 0.000010 0.000010 0.000010 0.058276 0.114375 0.028710 0.208169
0.253131 0.039667 0.088042 0.110344 0.000010 0.187239 0.000010 0.133116 0.188442
0.646207 0.058260 0.000010 0.000010 0.000010 0.001904 0.000010 0.221912 0.071677
0.761772 0.000010 0.065216 0.000010 0.000010 0.000010 0.000010 0.172952 0.000010
0.846917 0.013598 0.054970 0.000010 0.000010 0.000010 0.034412 0.050063 0.000010
0.601213 0.000010 0.000010 0.097662 0.058171 0.000010 0.000010 0.123706 0.119208
0.451865 0.032293 0.025480 0.120196 0.156917 0.000010 0.000010 0.213219 0.000010
0.479479 0.000010 0.000010 0.069905 0.000010 0.117825 0.000010 0.220738 0.112014
0.718105 0.000010 0.000010 0.027659 0.093872 0.000010 0.000010 0.160314 0.000010
0.545785 0.072305 0.071263 0.072457 0.000010 0.000010 0.000010 0.238151 0.000010
0.790192 0.024116 0.000010 0.000010 0.000010 0.018628 0.001838 0.165186 0.000010
0.623379 0.000010 0.068011 0.042333 0.010787 0.000010 0.000010 0.099346 0.156114
0.404010 0.035157 0.082336 0.113268 0.000010 0.000010 0.000010 0.259182 0.106017
0.671035 0.052493 0.000010 0.000010 0.000010 0.097976 0.000010 0.178446 0.000010
0.383598 0.000010 0.000010 0.000010 0.026921 0.014351 0.000010 0.374984 0.200105
0.523593 0.088525 0.050882 0.034758 0.000010 0.000010 0.033358 0.189945 0.078920
0.521018 0.052262 0.000010 0.000010 0.000010 0.079279 0.000010 0.175509 0.171890
0.540722 0.000010 0.000010 0.098907 0.050309 0.022078 0.000916 0.259389 0.027659
0.486774 0.054985 0.157745 0.056131 0.000010 0.000010 0.051266 0.000010 0.193070
0.633381 0.000010 0.048662 0.000010 0.000010 0.000010 0.000010 0.317897 0.000010
0.525810 0.177358 0.066199 0.000010 0.000010 0.000010 0.000010 0.150648 0.079945
0.592014 0.089574 0.000010 0.224430 0.000010 0.000010 0.000010 0.093933 0.000010
0.681996 0.094701 0.000010 0.000010 0.000010 0.000010 0.000010 0.163528 0.059725
0.551578 0.084930 0.000010 0.117119 0.035609 0.000010 0.000010 0.126174 0.084560
0.773177 0.140145 0.014111 0.000010 0.000010 0.065785 0.000010 0.006743 0.000010
0.446430 0.000010 0.000010 0.134086 0.058894 0.114993 0.000010 0.245557 0.000010
0.000010 0.000010 0.000010 0.000010 0.764660 0.007422 0.227859 0.000010 0.000010
0.000010 0.041395 0.000010 0.000010 0.767158 0.000010 0.191387 0.000010 0.000010
0.000010 0.000010 0.000010 0.000010 0.949682 0.000010 0.050248 0.000010 0.000010
0.000010 0.000010 0.000010 0.033749 0.906607 0.000010 0.041715 0.000010 0.017878
0.000010 0.000010 0.000010 0.000010 0.999920 0.000010 0.000010 0.000010 0.000010
0.000010 0.023742 0.000010 0.000010 0.865702 0.000010 0.110496 0.000010 0.000010
0.035931 0.000010 0.090667 0.059125 0.588693 0.000010 0.225544 0.000010 0.000010
0.453222 0.032001 0.041090 0.071111 0.000010 0.000010 0.000010 0.313220 0.089327
0.724725 0.088369 0.000010 0.144926 0.000010 0.000010 0.000010 0.000010 0.041930
0.495524 0.122355 0.011554 0.240320 0.000010 0.000010 0.000010 0.130207 0.000010
0.547997 0.060436 0.000010 0.108751 0.055893 0.000010 0.000010 0.226883 0.000010
0.730721 0.000010 0.059888 0.073178 0.017852 0.000010 0.000010 0.118320 0.000010
0.656790 0.149359 0.000010 0.159547 0.000010 0.000010 0.000010 0.034254 0.000010
0.585628 0.001461 0.000010 0.189197 0.000010 0.000010 0.073710 0.113103 0.036872
0.579860 0.052350 0.057994 0.048793 0.000010 0.000010 0.000010 0.197564 0.063410
0.489633 0.150944 0.053515 0.229577 0.000010 0.000010 0.076291 0.000010 0.000010
0.435605 0.008901 0.000010 0.304355 0.087334 0.000010 0.086494 0.077280 0.000010
0.329767 0.074578 0.000010 0.233014 0.000010 0.000010 0.000010 0.362590 0.000010
0.565104 0.000010 0.000010 0.000010 0.004231 0.000010 0.000010 0.371272 0.059343
0.490306 0.005375 0.000010 0.067092 0.000010 0.040520 0.017700 0.336253 0.042735
0.357786 0.000010 0.009162 0.266320 0.000010 0.000010 0.000010 0.317773 0.048920
0.581112 0.000010 0.000010 0.091639 0.000010 0.000010 0.071357 0.126094 0.129758
0.654122 0.000010 0.058750 0.000010 0.028755 0.001580 0.003328 0.253435 0.000010
0.667292 0.000010 0.130183 0.093077 0.000010 0.000010 0.000010 0.095381 0.014027
0.605444 0.000010 0.118805 0.037719 0.000010 0.028747 0.000010 0.209244 0.000010
0.589765 0.035932 0.029157 0.005420 0.000010 0.000010 0.000010 0.313057 0.026638
0.525401 0.015257 0.000010 0.063989 0.000010 0.000010 0.006887 0.338473 0.049963
0.589144 0.154825 0.066924 0.000010 0.000010 0.006043 0.000010 0.025342 0.157691
0.417354 0.046343 0.027649 0.093330 0.000010 0.000010 0.000010 0.327505 0.087789
0.477207 0.143483 0.000010 0.193956 0.000010 0.020636 0.000010 0.156210 0.008478
0.614338 0.000010 0.000010 0.031262 0.025822 0.000010 0.007630 0.309385 0.011534
0.552688 0.000290 0.004629 0.000010 0.000010 0.029945 0.000010 0.261550 0.150869
0.382536 0.000010 0.000010 0.258193 0.000010 0.000010 0.037737 0.285280 0.036213
0.561512 0.066817 0.000010 0.027900 0.044208 0.000010 0.006351 0.251688 0.041504
0.616807 0.034184 0.000010 0.140768 0.040670 0.006740 0.079094 0.081717 0.000010
0.570856 0.123377 0.000010 0.071741 0.000010 0.040312 0.000010 0.182283 0.011402
0.547262 0.000010 0.000010 0.000010 0.124057 0.000010 0.000010 0.328621 0.000010
0.371202 0.000010 0.097787 0.095376 0.000010 0.007510 0.000010 0.277088 0.151006
0.580494 0.000010 0.014329 0.000010 0.000010 0.062655 0.085624 0.046066 0.210802
0.640319 0.000010 0.000010 0.007728 0.000010 0.000010 0.000010 0.351893 0.000010
0.434569 0.144422 0.000010 0.000010 0.023038 0.000010 0.047842 0.121865 0.228234
0.626943 0.183701 0.000010 0.000010 0.000010 0.000010 0.000010 0.027796 0.161509
0.000010 0.687441 0.269505 0.000010 0.000010 0.000010 0.042995 0.000010 0.000010
0.082278 0.396781 0.052499 0.303882 0.000010 0.074906 0.017196 0.001364 0.071084
0.000010 0.858361 0.000010 0.014330 0.000010 0.000010 0.007635 0.119624 0.000010
0.000010 0.855734 0.019727 0.091850 0.000010 0.000010 0.011187 0.021462 0.000010
0.000010 0.066412 0.455100 0.000010 0.148860 0.000010 0.329579 0.000010 0.000010
0.000010 0.000010 0.580172 0.000010 0.000010 0.000010 0.419758 0.000010 0.000010
0.160637 0.000010 0.493642 0.022030 0.000010 0.000010 0.323641 0.000010 0.000010
0.000010 0.000010 0.539453 0.102801 0.073830 0.000010 0.126098 0.157778 0.000010
0.150935 0.044415 0.112868 0.000010 0.241512 0.022185 0.331125 0.096940 0.000010
0.008126 0.000010 0.693868 0.000010 0.107443 0.000010 0.170812 0.019711 0.000010
0.014085 0.069077 0.344966 0.159751 0.000010 0.000010 0.404147 0.007943 0.000010
0.000010 0.000659 0.436933 0.000010 0.154027 0.051342 0.228186 0.128824 0.000010
0.071575 0.016458 0.512800 0.000010 0.070913 0.000010 0.328214 0.000010 0.000010
0.000010 0.182830 0.250620 0.000010 0.070191 0.025658 0.366620 0.017965 0.086096
0.383874 0.130990 0.000010 0.118043 0.000010 0.000010 0.000010 0.273098 0.093956
0.500567 0.059966 0.085110 0.000010 0.000010 0.000010 0.148351 0.189300 0.016676
0.496311 0.053535 0.000010 0.131049 0.000010 0.075658 0.000010 0.243407 0.000010
0.449739 0.000010 0.000010 0.122047 0.000010 0.055732 0.000010 0.304639 0.067803
0.603054 0.071679 0.000010 0.000010 0.000010 0.000010 0.000010 0.325207 0.000010
0.503180 0.000010 0.000010 0.102347 0.000010 0.000010 0.026103 0.368320 0.000010
0.687044 0.000010 0.044966 0.000010 0.094729 0.000010 0.000010 0.118459 0.054762
0.665484 0.000010 0.000010 0.000010 0.079478 0.000010 0.086391 0.110942 0.057664
0.511897 0.000601 0.064550 0.126738 0.000010 0.000010 0.000010 0.296174 0.000010
0.582319 0.000010 0.000010 0.025478 0.000010 0.000010 0.082720 0.269010 0.040433
0.627004 0.010512 0.000010 0.102667 0.000010 0.000010 0.000010 0.259767 0.000010
0.519647 0.000010 0.149622 0.000010 0.000010 0.000010 0.000010 0.090078 0.240603
0.356890 0.000010 0.043790 0.199046 0.000010 0.012098 0.145913 0.195865 0.046378
0.632252 0.000010 0.016217 0.000010 0.000010 0.020374 0.023048 0.222679 0.085400
0.584112 0.034717 0.000010 0.169450 0.052116 0.082969 0.000010 0.076606 0.000010
0.589518 0.076578 0.000010 0.000010 0.000010 0.082170 0.071734 0.000010 0.179961
0.653198 0.028675 0.000010 0.000010 0.000010 0.002743 0.000010 0.079384 0.235960
0.640215 0.003698 0.000010 0.000010 0.000010 0.000010 0.129800 0.226238 0.000010
0.561974 0.005499 0.060705 0.000010 0.000010 0.000010 0.000010 0.115461 0.256321
0.523153 0.000010 0.000010 0.082954 0.000010 0.077208 0.159835 0.035733 0.121087
0.422378 0.038891 0.039032 0.062057 0.000010 0.000010 0.000010 0.360903 0.076709
0.096169 0.014123 0.466025 0.000010 0.142201 0.000010 0.281442 0.000010 0.000010
0.000010 0.000010 0.826630 0.000010 0.051625 0.000010 0.082980 0.038715 0.000010
0.000010 0.000010 0.740023 0.000010 0.000010 0.000010 0.238533 0.000010 0.021385
0.000010 0.007761 0.572745 0.000010 0.000010 0.006627 0.412817 0.000010 0.000010
0.035008 0.000010 0.585633 0.000010 0.000010 0.014246 0.365064 0.000010 0.000010
0.018142 0.103259 0.623371 0.000010 0.006202 0.000010 0.184750 0.000010 0.064246
0.000010 0.115904 0.523094 0.000010 0.000010 0.000016 0.360935 0.000010 0.000010
0.000010 0.000010 0.773682 0.000010 0.000010 0.000010 0.226248 0.000010 0.000010
0.020485 0.153894 0.583511 0.030334 0.021498 0.056174 0.105029 0.000010 0.029065
0.000010 0.000010 0.890145 0.000010 0.000010 0.000010 0.109785 0.000010 0.000010
0.000010 0.000010 0.665601 0.008907 0.000010 0.000010 0.325432 0.000010 0.000010
0.000010 0.108682 0.574600 0.000010 0.000010 0.000010 0.316658 0.000010 0.000010
0.000010 0.000010 0.664394 0.000010 0.026571 0.000010 0.308975 0.000010 0.000010
0.000010 0.033912 0.821639 0.000010 0.051166 0.000010 0.093233 0.000010 0.000010
0.000010 0.048395 0.552123 0.003467 0.009808 0.000010 0.329317 0.000010 0.056860
0.000010 0.000010 0.702782 0.000010 0.033861 0.000010 0.263297 0.000010 0.000010
0.000010 0.078135 0.777427 0.000010 0.031882 0.000010 0.112506 0.000010 0.000010
0.020455 0.031221 0.737840 0.000010 0.000010 0.000010 0.210434 0.000010 0.000010
0.000010 0.040788 0.639930 0.000010 0.075783 0.000010 0.193360 0.050099 0.000010
0.073804 0.000010 0.638812 0.000010 0.000010 0.028668 0.258667 0.000010 0.000010
0.000010 0.000010 0.720563 0.000010 0.035533 0.000010 0.243844 0.000010 0.000010
0.000010 0.053231 0.728008 0.008000 0.000010 0.000010 0.210711 0.000010 0.000010
0.000010 0.000010 0.792476 0.000010 0.000010 0.003039 0.204426 0.000010 0.000010
0.020848 0.134822 0.656890 0.000010 0.000010 0.000010 0.187390 0.000010 0.000010
0.000010 0.000010 0.608234 0.000011 0.050471 0.000010 0.323958 0.000010 0.017286
0.000010 0.000010 0.639892 0.000010 0.000010 0.000010 0.360038 0.000010 0.000010
0.000010 0.050366 0.574561 0.000010 0.000010 0.000010 0.375012 0.000010 0.000010
0.000010 0.036093 0.684483 0.000010 0.014178 0.000010 0.265195 0.000010 0.000010
0.011095 0.000010 0.535590 0.008879 0.000010 0.000010 0.380941 0.056209 0.007255
0.000010 0.000010 0.503682 0.000010 0.029346 0.000010 0.466912 0.000010 0.000010
0.000010 0.084522 0.645955 0.000010 0.000010 0.040848 0.228625 0.000010 0.000010
0.000010 0.012745 0.877538 0.000010 0.000010 0.000010 0.109657 0.000010 0.000010
0.000010 0.000010 0.576318 0.000010 0.000010 0.000010 0.423612 0.000010 0.000010
0.000010 0.000010 0.803052 0.000010 0.000010 0.000010 0.196878 0.000010 0.000010
0.000010 0.000010 0.857883 0.000010 0.000010 0.000010 0.142047 0.000010 0.000010
0.028867 0.000010 0.747621 0.000010 0.084236 0.000010 0.128575 0.000010 0.010660
0.000010 0.000010 0.616065 0.000010 0.000010 0.000010 0.383865 0.000010 0.000010
0.018146 0.000010 0.533651 0.000010 0.013590 0.000010 0.361876 0.001823 0.070884
0.012245 0.079380 0.472676 0.000010 0.028103 0.000010 0.407556 0.000010 0.000010
0.000010 0.003493 0.000010 0.000010 0.847646 0.000010 0.148801 0.000010 0.000010
0.000010 0.000010 0.000010 0.000010 0.869548 0.000010 0.130382 0.000010 0.000010
0.000010 0.000010 0.676360 0.000010 0.000010 0.050813 0.272767 0.000010 0.000010
0.000010 0.067363 0.680100 0.000010 0.000010 0.005672 0.246816 0.000010 0.000010
0.258328 0.000010 0.061807 0.318898 0.000010 0.000010 0.050038 0.310889 0.000010
0.499536 0.000010 0.022475 0.187726 0.120571 0.044024 0.019928 0.097120 0.008610
0.513651 0.000010 0.037497 0.271787 0.045725 0.028114 0.016999 0.061786 0.024433
0.400622 0.151433 0.000010 0.234828 0.000010 0.000010 0.000010 0.213067 0.000010
0.217706 0.022234 0.000010 0.402370 0.000010 0.000010 0.000010 0.357640 0.000010
0.280281 0.248716 0.000010 0.430861 0.000010 0.000010 0.000010 0.040092 0.000010
0.461047 0.113186 0.000010 0.201026 0.000010 0.001022 0.000010 0.223679 0.000010
0.320032 0.108494 0.000010 0.257496 0.015985 0.000010 0.104670 0.193294 0.000010
0.380747 0.000010 0.200219 0.154563 0.023300 0.029843 0.000010 0.211299 0.000010
0.248537 0.000010 0.000010 0.473906 0.072638 0.000010 0.000010 0.204870 0.000010
0.320851 0.095940 0.086022 0.387452 0.034119 0.000010 0.000010 0.013937 0.061659
0.264851 0.000010 0.000010 0.401910 0.008693 0.000010 0.000010 0.324496 0.000010
0.264141 0.000010 0.072355 0.479177 0.036618 0.000010 0.089334 0.058345 0.000010
0.000010 0.000010 0.538024 0.000010 0.042793 0.000010 0.419123 0.000010 0.000010
0.000010 0.000010 0.655344 0.029586 0.000010 0.002015 0.313005 0.000010 0.000010
0.000010 0.000010 0.728012 0.000010 0.000010 0.078152 0.193776 0.000010 0.000010
0.000010 0.000010 0.467714 0.000010 0.070042 0.000010 0.445705 0.000010 0.016490
0.000010 0.000010 0.630452 0.000010 0.000010 0.000010 0.340413 0.000010 0.029075
0.000010 0.053879 0.594378 0.000010 0.000010 0.026316 0.325376 0.000010 0.000010
0.000010 0.051923 0.553308 0.003847 0.065940 0.000010 0.324942 0.000010 0.000010
0.000010 0.030151 0.658998 0.000010 0.042719 0.000010 0.268083 0.000010 0.000010
0.000010 0.000010 0.632935 0.000010 0.000428 0.000010 0.366577 0.000010 0.000010
0.000010 0.000010 0.683600 0.000010 0.000010 0.000010 0.316330 0.000010 0.000010
0.000010 0.105581 0.558621 0.000010 0.000010 0.000010 0.335738 0.000010 0.000010
0.000010 0.010207 0.622784 0.000010 0.129383 0.000010 0.237576 0.000010 0.000010
