0.382758 0.000011 0.149755 0.036885 0.015830 0.024962 0.114626 0.275163 0.000010
0.346055 0.000010 0.044009 0.064630 0.022523 0.000010 0.096179 0.426575 0.000010
0.320613 0.000010 0.033292 0.130703 0.006340 0.000010 0.000010 0.477813 0.031210
0.438640 0.009051 0.000010 0.000010 0.000010 0.036100 0.035694 0.480475 0.000010
0.257569 0.046753 0.007177 0.000010 0.000010 0.000010 0.063055 0.625406 0.000010
0.319310 0.118946 0.012390 0.000010 0.000010 0.047984 0.068558 0.161149 0.271643
0.422759 0.013598 0.000010 0.000010 0.000010 0.000010 0.163326 0.400267 0.000010
0.127115 0.071782 0.000010 0.024903 0.041093 0.087001 0.061864 0.586223 0.000010
0.488073 0.029673 0.000010 0.091072 0.000010 0.000010 0.007676 0.383467 0.000010
0.274913 0.000010 0.000010 0.094693 0.000011 0.000010 0.179456 0.337788 0.113108
0.386582 0.120015 0.000010 0.028272 0.000010 0.000010 0.000010 0.465081 0.000010
0.323414 0.020980 0.035019 0.020045 0.000010 0.052317 0.117735 0.430469 0.000010
0.134086 0.000010 0.073671 0.267825 0.000010 0.000010 0.112282 0.412095 0.000010
0.000010 0.000010 0.000014 0.000010 0.085474 0.135685 0.119851 0.270026 0.388921
0.413120 0.000010 0.000010 0.275255 0.000010 0.000010 0.013124 0.191976 0.106485
0.146896 0.095068 0.000010 0.000010 0.000010 0.000010 0.205334 0.503666 0.048996
0.386524 0.000010 0.000010 0.032525 0.027963 0.046091 0.093949 0.381762 0.031167
0.239058 0.101834 0.000010 0.041480 0.000010 0.099633 0.148348 0.255706 0.113920
0.238740 0.046465 0.007805 0.086275 0.000986 0.000010 0.174896 0.444813 0.000010
0.122685 0.108389 0.000010 0.000010 0.056049 0.000010 0.188478 0.501591 0.022778
0.346405 0.082638 0.000010 0.000010 0.000010 0.159130 0.044868 0.366919 0.000010
0.175470 0.226081 0.000010 0.230282 0.000010 0.086280 0.041929 0.239929 0.000010
0.178882 0.000010 0.000010 0.060751 0.000010 0.000010 0.118531 0.641787 0.000010
0.294748 0.000010 0.000010 0.000010 0.000010 0.065951 0.215494 0.423757 0.000010
0.193918 0.097169 0.138848 0.000010 0.000015 0.000010 0.078114 0.491906 0.000010
0.291423 0.000010 0.032338 0.064544 0.000010 0.061027 0.148087 0.402551 0.000010
0.219233 0.000010 0.141612 0.096510 0.000010 0.000010 0.078258 0.413589 0.050768
0.389843 0.000010 0.010871 0.071516 0.000010 0.030427 0.110623 0.386690 0.000010
0.372429 0.043831 0.184503 0.000010 0.000010 0.000010 0.053251 0.345946 0.000010
0.497213 0.035239 0.001376 0.006707 0.042457 0.000010 0.000010 0.287534 0.129453
0.320874 0.000010 0.000010 0.000010 0.032171 0.000010 0.157339 0.489566 0.000010
0.362164 0.017605 0.000010 0.185511 0.000010 0.026972 0.000010 0.311194 0.096524
0.471685 0.121694 0.022373 0.000010 0.000893 0.000010 0.029223 0.323032 0.031079
0.379682 0.000010 0.122110 0.079770 0.000011 0.000010 0.067530 0.265941 0.084936
0.353815 0.000010 0.089268 0.000010 0.141972 0.023587 0.000010 0.391319 0.000010
0.289373 0.135218 0.000010 0.098604 0.000010 0.000010 0.144164 0.332601 0.000010
0.456767 0.000010 0.000010 0.143006 0.000649 0.127128 0.000010 0.248519 0.023901
0.188012 0.077207 0.099210 0.077328 0.008746 0.000010 0.000010 0.271282 0.278195
0.184610 0.050137 0.077629 0.000010 0.020864 0.284551 0.000010 0.140065 0.242124
0.125374 0.079753 0.001953 0.243294 0.000010 0.022035 0.058267 0.469305 0.000010
0.259424 0.000010 0.061510 0.188904 0.042609 0.000010 0.000010 0.447513 0.000010
0.268599 0.050130 0.000015 0.194608 0.000010 0.000010 0.229771 0.256848 0.000010
0.355722 0.153141 0.000010 0.000010 0.034890 0.000010 0.000010 0.452938 0.003270
0.487385 0.000010 0.000010 0.000010 0.050515 0.146008 0.000010 0.241922 0.074131
0.110485 0.058067 0.093512 0.000010 0.116561 0.037009 0.195518 0.388828 0.000010
0.106731 0.128752 0.000010 0.000010 0.059979 0.000010 0.119503 0.561635 0.023369
0.240895 0.000010 0.000010 0.140479 0.000010 0.000010 0.215417 0.392889 0.010281
0.192762 0.000010 0.000010 0.000010 0.064437 0.010790 0.209506 0.522465 0.000010
0.079929 0.000010 0.211262 0.000010 0.214224 0.000010 0.214389 0.280156 0.000010
0.293495 0.073827 0.215266 0.000010 0.092575 0.000010 0.039678 0.285129 0.000010
0.102547 0.000010 0.360571 0.110903 0.000010 0.050574 0.092629 0.260788 0.021968
0.277883 0.009671 0.375199 0.007224 0.002816 0.000010 0.089266 0.237921 0.000010
0.327952 0.047472 0.085359 0.112197 0.000010 0.015801 0.000010 0.336017 0.075182
0.288634 0.000010 0.389467 0.000010 0.174193 0.000010 0.022355 0.125312 0.000010
0.199951 0.000012 0.400667 0.000010 0.055002 0.000010 0.047985 0.296354 0.000010
0.058205 0.000010 0.537125 0.000013 0.000010 0.000010 0.359219 0.045398 0.000010
0.285041 0.197979 0.119212 0.000010 0.093752 0.000010 0.000010 0.235249 0.068736
0.270832 0.000010 0.317379 0.010591 0.060705 0.000010 0.113013 0.227451 0.000010
0.197506 0.142459 0.401937 0.007859 0.000010 0.000010 0.250199 0.000010 0.000010
0.200646 0.000010 0.343739 0.194298 0.103953 0.000010 0.109496 0.047838 0.000010
0.208826 0.172515 0.138166 0.022840 0.000010 0.000010 0.095013 0.362610 0.000010
0.150350 0.098306 0.138731 0.075485 0.061433 0.002850 0.145457 0.302106 0.025283
0.001639 0.034683 0.599728 0.000010 0.000010 0.000010 0.172221 0.191689 0.000010
0.238554 0.000010 0.317350 0.000012 0.000010 0.000014 0.132028 0.312012 0.000010
0.133432 0.064807 0.711682 0.000010 0.000010 0.000010 0.090029 0.000010 0.000010
0.304321 0.069307 0.219684 0.206910 0.000010 0.000010 0.064181 0.135567 0.000010
0.016585 0.092826 0.537678 0.000011 0.000010 0.000010 0.000010 0.330899 0.021971
0.150835 0.000010 0.274103 0.163474 0.346030 0.000010 0.000010 0.065519 0.000010
0.327361 0.000010 0.350653 0.000010 0.200636 0.000010 0.026576 0.094734 0.000010
0.166056 0.000012 0.253884 0.048188 0.000010 0.000010 0.142295 0.342120 0.047426
0.145609 0.000010 0.039924 0.116133 0.028161 0.097047 0.055421 0.517684 0.000010
0.338090 0.104530 0.007814 0.001473 0.071525 0.078825 0.090695 0.268785 0.038263
0.103624 0.000010 0.000010 0.010263 0.000010 0.079456 0.118287 0.688331 0.000010
0.409490 0.000010 0.007462 0.000010 0.000010 0.000010 0.181758 0.401240 0.000010
0.310710 0.000010 0.000010 0.266519 0.028681 0.022845 0.083757 0.287457 0.000010
0.250543 0.012656 0.063664 0.241352 0.000010 0.000010 0.000010 0.431746 0.000010
0.310050 0.000010 0.000010 0.225752 0.000010 0.000010 0.141112 0.250469 0.072576
0.022857 0.085021 0.000010 0.135670 0.000010 0.229129 0.027178 0.247043 0.253083
0.172757 0.100455 0.000010 0.239996 0.045119 0.000010 0.136976 0.254802 0.049876
0.291717 0.099635 0.009026 0.143485 0.015080 0.026211 0.150381 0.195181 0.069284
0.042579 0.000010 0.045688 0.090802 0.001266 0.000010 0.082098 0.637966 0.099581
0.064188 0.000013 0.113738 0.177976 0.000010 0.000010 0.093728 0.506057 0.044282
0.187657 0.000010 0.000010 0.050180 0.000010 0.098107 0.058906 0.551438 0.053683
0.408604 0.000010 0.000010 0.122183 0.000010 0.000072 0.053073 0.276388 0.139651
0.212090 0.011173 0.070252 0.000010 0.020967 0.102398 0.099926 0.409749 0.073436
0.219070 0.046179 0.113105 0.129186 0.032161 0.030213 0.000010 0.430065 0.000010
0.081541 0.000010 0.049922 0.186574 0.045967 0.019975 0.000010 0.331366 0.284636
0.028989 0.000010 0.135777 0.204029 0.000010 0.000010 0.227548 0.403617 0.000010
0.278834 0.128800 0.000010 0.000010 0.000010 0.066400 0.087315 0.438611 0.000010
0.008760 0.024505 0.000012 0.103891 0.024181 0.227742 0.008197 0.602702 0.000010
0.258951 0.119176 0.130974 0.000010 0.000010 0.000010 0.028150 0.437218 0.025501
0.151144 0.000014 0.003014 0.000010 0.000010 0.062695 0.004287 0.670178 0.108648
0.374329 0.000010 0.000010 0.130374 0.079951 0.049868 0.024570 0.340877 0.000010
0.404358 0.050340 0.000010 0.007011 0.000010 0.000010 0.000010 0.470051 0.068200
0.283239 0.056317 0.025069 0.017943 0.000010 0.010189 0.103430 0.503793 0.000010
0.147728 0.129515 0.000010 0.000010 0.000010 0.000010 0.151354 0.518113 0.053250
0.179265 0.000010 0.000010 0.000010 0.056122 0.053657 0.080004 0.539775 0.091146
0.000010 0.044067 0.000014 0.000010 0.284604 0.000010 0.055481 0.487346 0.128458
0.035391 0.106440 0.061004 0.194616 0.000010 0.000010 0.263449 0.339070 0.000010
0.000010 0.076770 0.000010 0.318848 0.072962 0.038921 0.196248 0.296221 0.000010
0.000010 0.000010 0.131480 0.000010 0.000010 0.000010 0.079857 0.147090 0.641522
0.111158 0.000010 0.011667 0.000010 0.034433 0.037119 0.083083 0.370341 0.352180
0.001514 0.000010 0.013777 0.000010 0.130370 0.144352 0.236681 0.473276 0.000010
0.401258 0.000010 0.002120 0.039244 0.110740 0.023263 0.086368 0.329059 0.007938
0.120824 0.065104 0.000010 0.307647 0.000010 0.000010 0.129199 0.271169 0.106027
0.319503 0.000010 0.000010 0.000010 0.000010 0.000010 0.123372 0.513929 0.043146
0.211664 0.021435 0.041173 0.036645 0.000010 0.093286 0.077017 0.518760 0.000010
0.188165 0.000010 0.006796 0.106471 0.000010 0.000010 0.061057 0.580018 0.057463
0.126752 0.000010 0.035250 0.000010 0.000010 0.000010 0.357202 0.480745 0.000010
0.118088 0.000010 0.230915 0.116343 0.108737 0.004938 0.022569 0.398390 0.000010
0.000010 0.066951 0.000010 0.000010 0.085989 0.000010 0.158453 0.532717 0.155849
0.004573 0.000010 0.097495 0.227648 0.074155 0.000010 0.147233 0.448867 0.000010
0.081536 0.000010 0.076509 0.000010 0.228898 0.032538 0.137720 0.442769 0.000010
0.310030 0.098199 0.000010 0.000010 0.005264 0.012875 0.089871 0.483731 0.000010
0.000010 0.067102 0.000010 0.101194 0.008474 0.000010 0.255284 0.548459 0.019457
0.295768 0.000010 0.108386 0.000010 0.051970 0.000010 0.120869 0.422967 0.000010
0.160377 0.058611 0.087513 0.166241 0.005750 0.000010 0.000010 0.521478 0.000010
0.246195 0.000010 0.000010 0.200030 0.049719 0.072784 0.153731 0.225351 0.052170
0.190305 0.049097 0.000010 0.178155 0.112806 0.008032 0.153925 0.307661 0.000010
0.000010 0.000010 0.000010 0.194362 0.004589 0.098960 0.000010 0.614277 0.087772
0.370301 0.000010 0.000014 0.000010 0.097144 0.057999 0.000010 0.474502 0.000010
0.317379 0.000010 0.000010 0.227835 0.000010 0.083276 0.091068 0.253390 0.027022
0.556705 0.007179 0.000010 0.073959 0.000010 0.000010 0.000010 0.295840 0.066277
0.083496 0.011060 0.114924 0.000010 0.030710 0.049194 0.243511 0.467087 0.000010
0.405734 0.000010 0.000010 0.000010 0.000010 0.000539 0.104297 0.455290 0.034100
0.395449 0.034805 0.000010 0.000010 0.000010 0.047364 0.104119 0.418224 0.000010
0.000010 0.000010 0.000010 0.195716 0.018609 0.025430 0.164646 0.595559 0.000010
0.305238 0.000010 0.000010 0.145231 0.021938 0.004879 0.194831 0.327853 0.000010
0.238751 0.017897 0.076266 0.069148 0.065102 0.023122 0.069651 0.440053 0.000010
0.234901 0.000010 0.116032 0.000010 0.000010 0.000010 0.149664 0.499353 0.000010
0.007363 0.000010 0.017214 0.000010 0.000936 0.000010 0.300074 0.674373 0.000010
0.176340 0.000010 0.000010 0.000010 0.109964 0.001558 0.159189 0.539056 0.013863
0.036452 0.012143 0.109298 0.301310 0.118113 0.044547 0.186704 0.191422 0.000010
0.214461 0.104611 0.008534 0.229105 0.000010 0.030402 0.000010 0.412173 0.000694
0.000010 0.000010 0.117471 0.240996 0.043747 0.025810 0.000010 0.571936 0.000010
0.270120 0.000010 0.000010 0.000010 0.113558 0.000010 0.105006 0.511266 0.000010
0.159720 0.000010 0.000010 0.000010 0.000010 0.041189 0.177926 0.621115 0.000010
0.100198 0.061346 0.094053 0.000010 0.000010 0.020918 0.256612 0.466844 0.000010
0.174829 0.000010 0.003889 0.147107 0.036283 0.000010 0.113556 0.524305 0.000010
0.177434 0.108935 0.000010 0.000010 0.101799 0.000010 0.175479 0.436313 0.000010
0.323444 0.117350 0.000010 0.112021 0.000010 0.000010 0.000010 0.412432 0.034714
0.162525 0.139595 0.000010 0.000010 0.016076 0.000010 0.091320 0.473343 0.117111
0.105821 0.066298 0.036886 0.133372 0.000010 0.000010 0.086808 0.570784 0.000010
0.148657 0.102270 0.000010 0.094830 0.088592 0.000010 0.084729 0.411369 0.069532
0.176302 0.106690 0.000010 0.086435 0.000010 0.000010 0.108972 0.473240 0.048331
0.122686 0.000010 0.032420 0.016183 0.114941 0.000010 0.047328 0.666412 0.000010
0.363162 0.059597 0.000010 0.000010 0.090098 0.000010 0.089135 0.376724 0.021255
0.121723 0.000010 0.131961 0.280560 0.000010 0.000010 0.147164 0.318551 0.000010
0.285967 0.000010 0.066905 0.133689 0.000010 0.071262 0.063644 0.317898 0.060614
0.246344 0.064304 0.042026 0.292933 0.000010 0.000010 0.000010 0.354352 0.000010
0.303176 0.050943 0.060793 0.110279 0.089003 0.000010 0.000010 0.385776 0.000010
0.405409 0.000010 0.082784 0.029899 0.098274 0.003219 0.015874 0.364521 0.000010
0.186378 0.190497 0.041151 0.016582 0.000010 0.000010 0.076522 0.373556 0.115294
0.152017 0.154240 0.000010 0.196875 0.097376 0.035560 0.000010 0.293032 0.070880
0.081022 0.216228 0.000010 0.000010 0.008654 0.000010 0.040855 0.596698 0.056513
0.238960 0.059673 0.000010 0.000010 0.130441 0.000010 0.185160 0.351190 0.034548
0.096754 0.000012 0.000010 0.213238 0.141169 0.000010 0.000010 0.548788 0.000010
0.393512 0.000010 0.000010 0.166745 0.000010 0.000010 0.173904 0.255284 0.010514
0.341292 0.132285 0.000010 0.037791 0.012173 0.045317 0.054667 0.376454 0.000010
0.033145 0.098512 0.000010 0.240790 0.028417 0.000010 0.031565 0.567542 0.000010
0.060662 0.137173 0.000010 0.083071 0.060525 0.019619 0.069625 0.569304 0.000010
0.420505 0.000011 0.000010 0.110061 0.045189 0.000010 0.000017 0.424186 0.000010
0.093911 0.049662 0.171176 0.163701 0.000010 0.000010 0.326640 0.194880 0.000010
0.060890 0.116906 0.088858 0.163485 0.000010 0.000010 0.064401 0.505429 0.000010
0.000016 0.000010 0.146297 0.067427 0.002603 0.000010 0.140508 0.606812 0.036317
0.192698 0.000010 0.000010 0.025592 0.037889 0.000010 0.207566 0.536214 0.000010
0.079487 0.000010 0.000011 0.274921 0.149126 0.000010 0.000010 0.487229 0.009195
0.224713 0.075129 0.040727 0.018224 0.041355 0.000010 0.269037 0.290360 0.040444
0.000010 0.000010 0.024848 0.336397 0.033491 0.000010 0.163765 0.406453 0.035016
0.281138 0.074572 0.000010 0.203714 0.043995 0.012942 0.033112 0.350506 0.000010
0.044946 0.045905 0.150929 0.000010 0.014143 0.032608 0.118369 0.590808 0.002283
0.232487 0.083570 0.000010 0.143897 0.000010 0.000010 0.072094 0.369620 0.098302
0.155924 0.000010 0.116301 0.013396 0.000010 0.000010 0.088418 0.625921 0.000010
0.036082 0.099404 0.256066 0.267622 0.000010 0.000010 0.000010 0.340786 0.000010
0.016634 0.086344 0.194797 0.000010 0.000010 0.000010 0.075100 0.627084 0.000010
0.128789 0.076243 0.000010 0.111373 0.000010 0.044377 0.138797 0.474041 0.026359
0.147511 0.000010 0.060244 0.181376 0.000010 0.000010 0.000010 0.576133 0.034695
0.112192 0.270569 0.000010 0.143666 0.000010 0.003542 0.000010 0.461357 0.008644
0.150976 0.000010 0.000010 0.000010 0.000010 0.000010 0.270501 0.578463 0.000010
0.045265 0.000010 0.182706 0.000010 0.036608 0.000010 0.151522 0.476668 0.107202
0.399917 0.029044 0.201343 0.000010 0.103351 0.000010 0.000010 0.258729 0.007585
0.238198 0.000010 0.035673 0.016571 0.028473 0.035206 0.153057 0.465454 0.027357
0.075607 0.117394 0.179251 0.218554 0.010182 0.000010 0.072197 0.326795 0.000010
0.233843 0.000010 0.000010 0.015007 0.076847 0.000010 0.158675 0.438501 0.077096
0.170257 0.014051 0.000010 0.161206 0.055010 0.000010 0.141917 0.457528 0.000010
0.000010 0.000010 0.264555 0.199784 0.034041 0.000010 0.068903 0.432677 0.000010
0.280125 0.154107 0.007113 0.019232 0.054764 0.000010 0.183417 0.282678 0.018553
0.000010 0.000010 0.000010 0.000010 0.000010 0.395740 0.035468 0.000010 0.568732
0.000010 0.000010 0.000010 0.000010 0.000010 0.367696 0.000010 0.000010 0.632234
0.000010 0.000010 0.000010 0.000010 0.000010 0.519814 0.000010 0.000010 0.480116
0.000010 0.000010 0.000014 0.000020 0.000010 0.209180 0.000010 0.000010 0.790736
0.000010 0.019434 0.000010 0.018746 0.000019 0.360776 0.000010 0.000010 0.600984
0.000010 0.000010 0.000020 0.000010 0.011827 0.381600 0.000010 0.000010 0.606503
0.011938 0.000010 0.000010 0.000010 0.000010 0.361574 0.032809 0.000010 0.593629
0.000010 0.000011 0.000010 0.000010 0.000010 0.272584 0.000010 0.000010 0.727345
0.000018 0.000010 0.000010 0.000010 0.000010 0.407822 0.000010 0.000010 0.592099
0.022472 0.000010 0.000010 0.001189 0.000010 0.257634 0.000010 0.000010 0.718655
0.000010 0.000010 0.000010 0.000010 0.000010 0.406025 0.000010 0.000010 0.593905
0.060607 0.000010 0.000010 0.000010 0.000010 0.229473 0.000010 0.003785 0.706085
0.000010 0.000010 0.000010 0.000010 0.000010 0.477934 0.000010 0.000010 0.521996
0.000010 0.000010 0.000010 0.000010 0.026991 0.464511 0.000010 0.000010 0.508438
0.060389 0.000010 0.000010 0.000010 0.000010 0.258990 0.000010 0.000010 0.680561
0.000010 0.000010 0.011019 0.000010 0.023851 0.264949 0.000010 0.000010 0.700131
0.015870 0.000010 0.000010 0.000010 0.000010 0.273079 0.000010 0.040506 0.670495
0.022664 0.000010 0.000010 0.000010 0.000010 0.563077 0.000010 0.000010 0.414199
0.000010 0.000010 0.000010 0.000010 0.017710 0.572417 0.000010 0.000010 0.409812
0.000010 0.000010 0.000010 0.000010 0.000010 0.376186 0.000010 0.000010 0.623744
0.042407 0.090725 0.000010 0.000010 0.000010 0.438554 0.000010 0.000010 0.428264
0.002287 0.000012 0.000010 0.000010 0.000010 0.271735 0.048837 0.000010 0.677089
0.000010 0.000010 0.000010 0.000010 0.000010 0.482803 0.000010 0.000010 0.517126
0.000010 0.000013 0.000010 0.000010 0.000010 0.530647 0.000010 0.000010 0.469280
0.000010 0.000010 0.016158 0.000010 0.000010 0.155565 0.000010 0.000010 0.828217
0.000336 0.000010 0.000010 0.000010 0.000010 0.481511 0.007098 0.000010 0.511005
0.072160 0.000010 0.001724 0.000010 0.019256 0.286581 0.000010 0.000010 0.620239
0.000010 0.000010 0.000010 0.000010 0.000010 0.355435 0.000010 0.000010 0.644495
0.000010 0.000010 0.000010 0.000010 0.670588 0.093154 0.236198 0.000010 0.000010
0.367285 0.000010 0.000010 0.409101 0.000010 0.000010 0.088998 0.134566 0.000010
0.155174 0.038933 0.000010 0.462606 0.028290 0.000010 0.000010 0.314957 0.000010
0.223959 0.181870 0.000010 0.381683 0.026046 0.044581 0.000010 0.141832 0.000010
0.437457 0.000010 0.052484 0.337919 0.059798 0.000010 0.000010 0.112302 0.000010
0.523249 0.000010 0.000010 0.225306 0.132193 0.000010 0.045308 0.073904 0.000010
0.242233 0.053653 0.000010 0.365270 0.051502 0.099785 0.005777 0.181761 0.000010
0.564667 0.000010 0.026598 0.000010 0.052672 0.000010 0.000010 0.356013 0.000010
0.382113 0.000010 0.018162 0.254723 0.034860 0.000010 0.000010 0.310103 0.000010
0.141732 0.000016 0.000010 0.521504 0.045617 0.000010 0.000010 0.291091 0.000010
0.435955 0.066139 0.000010 0.285468 0.077991 0.000010 0.000010 0.134407 0.000010
0.372720 0.000010 0.000010 0.375276 0.162659 0.000010 0.000010 0.067619 0.021685
0.527437 0.026430 0.000010 0.350659 0.000010 0.000010 0.000010 0.095425 0.000010
0.341664 0.000010 0.025979 0.333344 0.000010 0.010442 0.006602 0.281180 0.000769
0.461179 0.031930 0.000010 0.238137 0.000010 0.000010 0.000010 0.171425 0.097289
0.421770 0.058192 0.039960 0.100222 0.000010 0.000010 0.036267 0.343560 0.000010
0.470671 0.123575 0.000010 0.405688 0.000010 0.000010 0.000010 0.000016 0.000010
0.435064 0.147687 0.151917 0.174133 0.018154 0.000010 0.004405 0.068620 0.000010
0.401338 0.039407 0.012222 0.402140 0.000010 0.000010 0.000010 0.135585 0.009278
0.286668 0.003227 0.000010 0.375016 0.000010 0.062432 0.000010 0.272616 0.000010
0.299426 0.000860 0.065510 0.436883 0.006679 0.000010 0.000010 0.190613 0.000010
0.716471 0.009524 0.000010 0.090678 0.000010 0.000010 0.055303 0.097098 0.030896
0.246830 0.060161 0.023062 0.376985 0.000010 0.012786 0.116245 0.163912 0.000010
0.491950 0.025549 0.000010 0.270572 0.000010 0.054540 0.000010 0.157349 0.000010
0.383879 0.000010 0.054438 0.127070 0.000010 0.000010 0.000010 0.434563 0.000010
0.351001 0.036895 0.000010 0.348419 0.090154 0.045975 0.000010 0.127526 0.000010
0.548093 0.070235 0.000010 0.234455 0.017761 0.006330 0.000010 0.091979 0.031127
0.341295 0.077252 0.026363 0.474910 0.000010 0.000010 0.000010 0.000010 0.080140
0.317232 0.110700 0.000010 0.247706 0.000010 0.000010 0.060471 0.186536 0.077324
0.000010 0.000010 0.000010 0.063870 0.918944 0.008042 0.009094 0.000010 0.000010
0.000010 0.000010 0.005457 0.000010 0.935581 0.013885 0.031524 0.013513 0.000010
0.000010 0.043434 0.000010 0.069342 0.887163 0.000010 0.000010 0.000010 0.000010
0.000010 0.000010 0.000010 0.000010 0.917321 0.044630 0.031124 0.000010 0.006875
0.000010 0.036156 0.022214 0.000010 0.804474 0.000010 0.137106 0.000010 0.000010
0.000010 0.000010 0.009805 0.000010 0.962585 0.027551 0.000010 0.000010 0.000010
0.000010 0.000010 0.041197 0.000010 0.910261 0.000010 0.048482 0.000010 0.000010
0.000010 0.016293 0.057078 0.034012 0.892567 0.000010 0.000010 0.000010 0.000010
0.000010 0.031823 0.000010 0.000015 0.968102 0.000010 0.000010 0.000010 0.000010
0.000010 0.000010 0.000010 0.000010 0.912672 0.000010 0.021564 0.065704 0.000010
0.000010 0.000010 0.000010 0.000010 0.980718 0.000010 0.019212 0.000010 0.000010
0.000010 0.068305 0.000010 0.000010 0.926531 0.005104 0.000010 0.000010 0.000010
0.000010 0.001178 0.000010 0.000010 0.998752 0.000010 0.000010 0.000010 0.000010
0.000010 0.000010 0.010371 0.000010 0.989559 0.000010 0.000010 0.000010 0.000010
0.000010 0.017277 0.000012 0.000010 0.982648 0.000013 0.000010 0.000010 0.000010
0.000010 0.000010 0.000010 0.000010 0.955730 0.044200 0.000010 0.000010 0.000010
0.000010 0.000010 0.000010 0.000018 0.961675 0.038236 0.000016 0.000015 0.000010
0.571167 0.000010 0.043787 0.000010 0.069098 0.000010 0.029464 0.286443 0.000010
0.710135 0.022203 0.000010 0.000010 0.000010 0.088025 0.043189 0.136408 0.000010
0.523017 0.000010 0.000010 0.000010 0.000010 0.000010 0.000010 0.476913 0.000010
0.536704 0.000010 0.045857 0.000010 0.048807 0.000010 0.081234 0.287358 0.000010
0.684090 0.019214 0.104182 0.000010 0.060008 0.000010 0.000010 0.132465 0.000010
0.484390 0.011860 0.000010 0.122636 0.000010 0.020442 0.000010 0.341299 0.019344
0.541413 0.000010 0.000010 0.365038 0.000010 0.000010 0.013580 0.039898 0.040031
0.615551 0.000010 0.000010 0.000010 0.000010 0.000010 0.000010 0.307414 0.076975
0.512083 0.000010 0.000010 0.000010 0.129237 0.000010 0.000010 0.113984 0.244646
0.528555 0.000010 0.022652 0.088234 0.118434 0.065425 0.007508 0.169172 0.000010
0.528396 0.000013 0.118099 0.209189 0.101148 0.000010 0.000010 0.003451 0.039684
0.590218 0.207788 0.000010 0.000010 0.000010 0.000010 0.000010 0.201935 0.000010
0.499657 0.000010 0.000010 0.091428 0.000010 0.008902 0.000010 0.399964 0.000010
0.604655 0.056877 0.000010 0.162864 0.000010 0.000010 0.000010 0.175554 0.000010
0.608595 0.014904 0.000010 0.262167 0.000010 0.000010 0.000010 0.114284 0.000010
0.498774 0.058574 0.063411 0.097775 0.000010 0.000010 0.000010 0.228254 0.053182
0.420238 0.000010 0.000010 0.305348 0.000010 0.000010 0.000010 0.274353 0.000010
0.536401 0.000010 0.000010 0.067413 0.101387 0.010785 0.000010 0.196997 0.086988
0.520599 0.000010 0.000010 0.194268 0.000010 0.060398 0.018794 0.152358 0.053553
0.825254 0.000010 0.072663 0.000010 0.000010 0.000010 0.000010 0.102022 0.000010
0.624567 0.032018 0.066768 0.000010 0.015013 0.000010 0.000010 0.261595 0.000010
0.715848 0.000010 0.010237 0.096416 0.000010 0.000010 0.051789 0.125670 0.000010
0.452535 0.023214 0.000010 0.121586 0.000010 0.029751 0.086801 0.286084 0.000010
0.378769 0.000010 0.000010 0.000010 0.011006 0.038724 0.000010 0.571452 0.000010
0.376585 0.000010 0.023685 0.192293 0.009255 0.000010 0.000010 0.398142 0.000010
0.443364 0.000010 0.000010 0.187649 0.068312 0.000010 0.000010 0.217059 0.083576
0.496386 0.000010 0.034478 0.045988 0.036308 0.020540 0.018379 0.347903 0.000010
0.621601 0.000010 0.079510 0.128318 0.006164 0.010119 0.031374 0.094191 0.028712
0.588896 0.000010 0.000010 0.060803 0.039359 0.000010 0.031081 0.187240 0.092591
0.578078 0.000010 0.000010 0.000010 0.000010 0.000010 0.000010 0.421852 0.000010
0.707442 0.000010 0.000010 0.000010 0.000010 0.000010 0.048273 0.244226 0.000010
0.549075 0.000010 0.039308 0.000010 0.000010 0.000010 0.000010 0.411556 0.000010
0.606204 0.024235 0.000010 0.000010 0.059256 0.000010 0.000680 0.309584 0.000010
0.692707 0.000010 0.041290 0.121932 0.000010 0.000010 0.000010 0.144020 0.000010
0.691531 0.000010 0.000010 0.021675 0.013149 0.000010 0.015782 0.257824 0.000010
0.692694 0.000010 0.000010 0.023194 0.000010 0.108099 0.000010 0.175962 0.000010
0.553279 0.061793 0.000010 0.069517 0.000010 0.000010 0.000010 0.248182 0.067188
0.528114 0.078643 0.014890 0.166909 0.000010 0.000010 0.000010 0.211404 0.000010
0.631303 0.083296 0.082480 0.000010 0.000010 0.000010 0.000010 0.202871 0.000010
0.514904 0.000010 0.000010 0.170354 0.000010 0.000010 0.000010 0.314682 0.000010
0.551030 0.088048 0.011057 0.000010 0.000010 0.000010 0.045377 0.304447 0.000010
0.592617 0.089523 0.036241 0.083829 0.000010 0.000010 0.000010 0.197749 0.000010
0.685453 0.000010 0.000010 0.000010 0.123888 0.000010 0.000010 0.189791 0.000818
0.764714 0.037630 0.000010 0.000010 0.000010 0.000010 0.000010 0.177860 0.019746
0.646362 0.062277 0.000010 0.105124 0.000010 0.000010 0.042475 0.063845 0.079888
0.743368 0.000010 0.000010 0.165691 0.000010 0.000010 0.004285 0.028169 0.058447
0.613853 0.000010 0.000010 0.175273 0.000010 0.018969 0.037095 0.149140 0.005641
0.662566 0.044972 0.000012 0.096846 0.006206 0.065502 0.000010 0.123875 0.000010
0.716462 0.000010 0.000010 0.023914 0.000010 0.056566 0.000010 0.203007 0.000010
0.417999 0.035726 0.096621 0.025082 0.000010 0.000010 0.000010 0.373852 0.050690
0.691680 0.000010 0.000010 0.019447 0.008538 0.000010 0.000010 0.280285 0.000010
0.625099 0.000010 0.000010 0.215693 0.000010 0.000010 0.000010 0.159148 0.000010
0.870207 0.000010 0.013582 0.000010 0.000010 0.003840 0.000010 0.059670 0.052661
0.587933 0.009053 0.000010 0.050010 0.000010 0.022802 0.000010 0.236406 0.093766
0.611179 0.000010 0.000010 0.000010 0.036621 0.001346 0.125334 0.112945 0.112545
0.000010 0.000010 0.009285 0.000010 0.019939 0.018490 0.077903 0.001106 0.873246
0.740240 0.000013 0.036552 0.000010 0.000010 0.000010 0.116431 0.106724 0.000010
0.617721 0.062845 0.000010 0.000010 0.000010 0.018408 0.000010 0.103845 0.197142
0.657555 0.000010 0.000010 0.000010 0.104283 0.041689 0.000010 0.019349 0.177084
0.548476 0.000010 0.000010 0.112888 0.000010 0.040073 0.126391 0.172132 0.000010
0.509424 0.000010 0.153933 0.250517 0.049560 0.000010 0.000010 0.018050 0.018485
0.571742 0.000010 0.000010 0.000010 0.029389 0.033668 0.000010 0.131716 0.233445
0.602358 0.038815 0.109843 0.028237 0.000010 0.000010 0.000010 0.220707 0.000010
0.634850 0.000010 0.000010 0.000010 0.000010 0.000010 0.000010 0.365080 0.000010
0.888123 0.051715 0.000010 0.000010 0.000010 0.060102 0.000010 0.000010 0.000010
0.632119 0.000010 0.000013 0.171142 0.034482 0.000010 0.000010 0.113877 0.048337
0.622835 0.014066 0.000010 0.000010 0.039221 0.189316 0.009282 0.061604 0.063656
0.627143 0.110017 0.000010 0.000010 0.000010 0.066434 0.000010 0.196356 0.000010
0.528653 0.015750 0.064898 0.196210 0.000010 0.000010 0.000010 0.134648 0.059811
0.651083 0.000010 0.000010 0.091223 0.010925 0.000010 0.000010 0.031415 0.215315
0.294879 0.076645 0.127438 0.000010 0.121261 0.000010 0.046923 0.000010 0.332824
0.315546 0.016605 0.000010 0.220778 0.000010 0.078461 0.000010 0.226118 0.142462
0.514246 0.032124 0.046734 0.000010 0.017995 0.061118 0.000010 0.210328 0.117435
0.588262 0.000010 0.005164 0.028162 0.000261 0.009091 0.000010 0.149925 0.219115
0.700743 0.072603 0.000010 0.057899 0.000010 0.065298 0.000010 0.083642 0.019785
0.564462 0.000010 0.000010 0.062129 0.000010 0.049366 0.120111 0.203893 0.000010
0.717379 0.000010 0.000010 0.000010 0.000010 0.033989 0.000010 0.178820 0.069761
0.584981 0.000010 0.000010 0.000010 0.041241 0.000010 0.000010 0.373718 0.000010
0.474049 0.017000 0.000012 0.000010 0.026850 0.000010 0.000010 0.233517 0.248541
0.593700 0.000010 0.003093 0.000010 0.000010 0.099972 0.000010 0.259737 0.043459
0.264935 0.000010 0.000010 0.000010 0.097081 0.000010 0.000010 0.527833 0.110101
0.620320 0.000010 0.000010 0.000010 0.000010 0.125235 0.000010 0.254384 0.000010
0.729224 0.000010 0.000010 0.000010 0.000010 0.000010 0.000010 0.270706 0.000010
0.743927 0.000010 0.000010 0.039099 0.000010 0.024963 0.000010 0.129787 0.062184
0.801850 0.040741 0.000010 0.004540 0.075941 0.026397 0.000010 0.050501 0.000010
0.603322 0.133124 0.000010 0.057567 0.000010 0.063875 0.000010 0.142071 0.000010
0.195157 0.134760 0.001604 0.000010 0.000010 0.071212 0.000010 0.338570 0.258667
0.021657 0.000010 0.000010 0.000010 0.978273 0.000010 0.000010 0.000010 0.000010
0.000010 0.000010 0.000010 0.000010 0.867040 0.000010 0.132890 0.000010 0.000010
0.000010 0.000010 0.000010 0.000010 0.933308 0.000010 0.066622 0.000010 0.000010
0.000010 0.049568 0.172360 0.000010 0.406027 0.000010 0.350981 0.021024 0.000010
0.000016 0.000010 0.000010 0.000011 0.932655 0.000010 0.057228 0.010050 0.000010
0.000013 0.000010 0.000010 0.000010 0.665956 0.000010 0.333971 0.000010 0.000010
0.000010 0.000010 0.047616 0.000010 0.871497 0.000010 0.080828 0.000010 0.000010
0.392999 0.025413 0.000010 0.446296 0.075933 0.000010 0.028476 0.030853 0.000010
0.367819 0.000010 0.013736 0.325067 0.000010 0.008958 0.051168 0.233222 0.000010
0.525264 0.044416 0.000010 0.323393 0.060711 0.000010 0.046176 0.000010 0.000010
0.779013 0.000010 0.000010 0.000010 0.000010 0.000010 0.038531 0.182396 0.000010
0.519191 0.000010 0.111768 0.287527 0.008983 0.000010 0.000010 0.072492 0.000010
0.472292 0.039454 0.000010 0.227719 0.000010 0.011754 0.000010 0.248741 0.000010
0.540109 0.000010 0.000010 0.209246 0.000010 0.000010 0.000010 0.250585 0.000010
0.310385 0.000010 0.000010 0.330524 0.080296 0.010245 0.016443 0.252078 0.000010
0.655836 0.000010 0.109006 0.022882 0.000010 0.000010 0.000010 0.212226 0.000010
0.816101 0.000010 0.000010 0.078856 0.000010 0.081356 0.010574 0.000010 0.013073
0.597571 0.000010 0.047815 0.000010 0.000010 0.110259 0.000010 0.218693 0.025621
0.303930 0.000010 0.088739 0.252642 0.000010 0.000018 0.000010 0.108294 0.246346
0.640012 0.000010 0.000010 0.000010 0.168808 0.069436 0.000010 0.121693 0.000010
0.389797 0.066004 0.000010 0.011404 0.000010 0.101180 0.061958 0.344591 0.025046
0.612576 0.015472 0.000010 0.000010 0.026330 0.000010 0.057325 0.288256 0.000010
0.495288 0.000010 0.010684 0.068677 0.025790 0.000010 0.041160 0.358372 0.000010
0.164086 0.000015 0.119797 0.137594 0.000010 0.095124 0.000010 0.180604 0.302760
0.700302 0.000010 0.000010 0.000010 0.000010 0.109281 0.082577 0.107791 0.000010
0.541507 0.000010 0.000011 0.002234 0.000010 0.000010 0.123827 0.247425 0.084965
0.597583 0.021032 0.000010 0.058708 0.000010 0.000010 0.060606 0.106921 0.155120
0.612168 0.000010 0.000010 0.000017 0.000010 0.028168 0.113417 0.049146 0.197054
0.608772 0.000010 0.000010 0.046304 0.041146 0.000010 0.000010 0.123293 0.180445
0.422112 0.000010 0.000010 0.150727 0.011165 0.083639 0.000010 0.128249 0.204078
0.683673 0.084224 0.000010 0.086342 0.019187 0.013071 0.000010 0.113473 0.000010
0.457230 0.000010 0.080641 0.000010 0.132466 0.098108 0.000010 0.147590 0.083935
0.526427 0.000010 0.000010 0.172774 0.000010 0.053887 0.000010 0.246862 0.000010
0.451868 0.047884 0.000010 0.000010 0.000010 0.054161 0.090098 0.348246 0.007712
0.642430 0.050833 0.000010 0.000010 0.000010 0.127484 0.000010 0.080422 0.098792
0.350912 0.000010 0.000010 0.312742 0.062416 0.000010 0.000010 0.048982 0.224908
0.384849 0.000010 0.121306 0.193871 0.000010 0.000302 0.000010 0.192127 0.107515
0.483680 0.000011 0.093514 0.000010 0.000010 0.124448 0.000010 0.298307 0.000010
0.585347 0.017887 0.000010 0.071166 0.000010 0.000010 0.000010 0.254691 0.070868
0.712316 0.098688 0.000010 0.000010 0.000010 0.000010 0.000010 0.188347 0.000599
0.377377 0.082086 0.051741 0.221637 0.000010 0.014216 0.109285 0.143638 0.000010
0.740908 0.000010 0.000010 0.000010 0.000010 0.000010 0.000010 0.222683 0.036349
0.000010 0.936732 0.000010 0.000010 0.000010 0.000010 0.063198 0.000010 0.000010
0.000010 0.365077 0.019544 0.023415 0.000010 0.081534 0.040435 0.058541 0.411434
0.000010 0.919883 0.020264 0.000010 0.000010 0.026943 0.032860 0.000010 0.000010
0.000010 0.896178 0.017952 0.000010 0.000010 0.030501 0.000010 0.055320 0.000010
0.000010 0.000010 0.438046 0.000010 0.026961 0.085283 0.337661 0.112010 0.000010
0.000010 0.000010 0.663917 0.002385 0.077913 0.010277 0.245468 0.000010 0.000010
0.000010 0.085621 0.389397 0.000010 0.014199 0.000010 0.421206 0.070737 0.018810
0.000010 0.081265 0.528955 0.000010 0.079050 0.015731 0.285346 0.009622 0.000010
0.000010 0.000010 0.625687 0.000010 0.000010 0.000010 0.365637 0.008616 0.000010
0.045677 0.000010 0.300501 0.000010 0.066002 0.000010 0.520280 0.036864 0.030647
0.106813 0.000993 0.282757 0.000010 0.173745 0.000010 0.432013 0.003649 0.000010
0.107004 0.106308 0.321946 0.000010 0.153424 0.000010 0.228154 0.083134 0.000010
0.000010 0.088693 0.550588 0.000010 0.000010 0.000010 0.360659 0.000010 0.000010
0.000010 0.000010 0.557696 0.000010 0.055576 0.000010 0.331784 0.054894 0.000010
0.538466 0.000010 0.000010 0.063870 0.000010 0.000010 0.026083 0.371531 0.000010
0.409845 0.000010 0.105816 0.000010 0.018000 0.028375 0.082402 0.269806 0.085737
0.536641 0.000010 0.102670 0.000010 0.034704 0.076033 0.028711 0.146296 0.074925
0.431453 0.044807 0.000010 0.053606 0.000011 0.052374 0.000010 0.172350 0.245379
0.544635 0.000010 0.000010 0.117719 0.003676 0.069771 0.000010 0.264160 0.000010
0.649020 0.000010 0.000010 0.000010 0.038410 0.000010 0.080588 0.217564 0.014378
0.457398 0.090923 0.000010 0.006407 0.000010 0.115772 0.085980 0.243490 0.000010
0.431590 0.094519 0.018025 0.050602 0.076631 0.000010 0.100923 0.133536 0.094164
0.449450 0.010994 0.000010 0.000010 0.000010 0.113424 0.119368 0.251426 0.055309
0.453560 0.022093 0.000010 0.199637 0.017381 0.025867 0.000010 0.281432 0.000010
0.743989 0.003564 0.052431 0.077286 0.026232 0.000010 0.000010 0.096467 0.000010
0.570886 0.000010 0.093913 0.000010 0.005905 0.028814 0.000010 0.247921 0.052531
0.534709 0.021789 0.000010 0.000010 0.000010 0.093384 0.254914 0.095163 0.000010
0.663922 0.042039 0.000010 0.000010 0.076149 0.029608 0.064802 0.123452 0.000010
0.590966 0.000011 0.000010 0.210527 0.020857 0.000010 0.000010 0.068769 0.108840
0.503147 0.000010 0.000010 0.020391 0.020673 0.111969 0.000010 0.310120 0.033670
0.558302 0.108657 0.000010 0.065820 0.000010 0.000010 0.000010 0.088896 0.178285
0.593033 0.000010 0.000010 0.021204 0.000010 0.060396 0.000010 0.299892 0.025434
0.144955 0.000010 0.038897 0.000010 0.000010 0.131470 0.000010 0.207935 0.476704
0.577165 0.008563 0.000010 0.120647 0.105640 0.000019 0.010390 0.000010 0.177555
0.428135 0.000010 0.000010 0.008485 0.052780 0.000010 0.000010 0.510551 0.000010
0.000010 0.000010 0.637365 0.000010 0.036272 0.000010 0.281151 0.045163 0.000010
0.037987 0.089526 0.498544 0.000010 0.099444 0.003304 0.271163 0.000012 0.000010
0.000010 0.000010 0.695727 0.000010 0.000010 0.000010 0.304203 0.000010 0.000010
0.000010 0.000010 0.532033 0.000010 0.012645 0.019970 0.435303 0.000010 0.000010
0.017926 0.000010 0.494525 0.000010 0.054877 0.000010 0.342454 0.000010 0.090178
0.056554 0.004464 0.502335 0.034453 0.028369 0.000010 0.308119 0.065686 0.000010
0.000010 0.000010 0.729868 0.000010 0.000010 0.021784 0.245361 0.002937 0.000010
0.000010 0.000010 0.648225 0.000010 0.001240 0.033502 0.297372 0.019622 0.000010
0.027354 0.039709 0.661869 0.000010 0.000010 0.000010 0.259557 0.000010 0.011470
0.000010 0.009798 0.733593 0.000010 0.000010 0.000010 0.242426 0.014133 0.000010
0.000010 0.042843 0.522663 0.007999 0.000013 0.000010 0.426442 0.000010 0.000010
0.098343 0.000010 0.661877 0.000010 0.017706 0.000010 0.222024 0.000010 0.000010
0.000010 0.000010 0.559766 0.000010 0.026325 0.032653 0.381207 0.000010 0.000010
0.000010 0.000010 0.749952 0.000010 0.111388 0.000010 0.138600 0.000010 0.000010
0.000010 0.002467 0.683724 0.000010 0.000010 0.000010 0.313748 0.000010 0.000010
0.000010 0.000010 0.784211 0.075409 0.026433 0.000010 0.113897 0.000010 0.000010
0.000010 0.069312 0.628477 0.000010 0.037319 0.000010 0.228575 0.000010 0.036275
0.039840 0.017769 0.611348 0.000010 0.000010 0.070106 0.260897 0.000010 0.000010
0.000010 0.000010 0.673554 0.021030 0.000010 0.061906 0.243459 0.000010 0.000010
0.000010 0.104167 0.555761 0.000010 0.022236 0.021813 0.282497 0.013496 0.000010
0.013787 0.000010 0.667979 0.000010 0.000010 0.000010 0.318173 0.000010 0.000010
0.000010 0.060352 0.638003 0.000010 0.000010 0.000010 0.207992 0.023150 0.070462
0.000010 0.080649 0.369208 0.000010 0.117059 0.000012 0.356651 0.000010 0.076391
0.000010 0.000010 0.572981 0.000010 0.000010 0.000010 0.338546 0.088413 0.000010
0.103290 0.085558 0.498102 0.000010 0.000019 0.003155 0.309846 0.000010 0.000010
0.000010 0.080424 0.573407 0.000010 0.070857 0.000010 0.275262 0.000010 0.000010
0.000010 0.038195 0.742870 0.000010 0.000010 0.034075 0.171785 0.013034 0.000010
0.000010 0.158637 0.554694 0.000010 0.072498 0.008127 0.205479 0.000535 0.000010
0.000010 0.000010 0.670144 0.000010 0.000010 0.000010 0.329786 0.000010 0.000010
0.000010 0.000010 0.605500 0.000010 0.000013 0.006161 0.388276 0.000010 0.000010
0.000010 0.070042 0.463905 0.030602 0.000010 0.000010 0.412099 0.023313 0.000010
0.000010 0.022922 0.635083 0.000010 0.028728 0.000010 0.313216 0.000010 0.000010
0.000010 0.104961 0.312265 0.000010 0.166385 0.000010 0.416339 0.000010 0.000010
0.000010 0.125379 0.294571 0.000010 0.000010 0.035178 0.544822 0.000010 0.000010
0.000010 0.048888 0.836951 0.000010 0.000010 0.000010 0.114101 0.000010 0.000010
0.000010 0.000010 0.628931 0.026202 0.000817 0.015411 0.247211 0.081397 0.000010
0.000010 0.131835 0.392035 0.000010 0.057520 0.000010 0.306336 0.112235 0.000010
0.000010 0.000010 0.653525 0.000010 0.004130 0.024884 0.298246 0.019176 0.000010
0.000010 0.000015 0.555618 0.000010 0.000010 0.003400 0.420801 0.020126 0.000010
0.000010 0.000011 0.011109 0.000010 0.826788 0.013603 0.148450 0.000010 0.000010
0.000013 0.000010 0.000010 0.000010 0.999917 0.000010 0.000010 0.000010 0.000010
0.000010 0.000016 0.602823 0.012911 0.000010 0.105588 0.278621 0.000010 0.000010
0.000012 0.000010 0.393011 0.114460 0.000011 0.000015 0.492462 0.000010 0.000010
0.200519 0.202214 0.000010 0.379964 0.000010 0.007168 0.000010 0.172626 0.037479
0.185878 0.032237 0.000010 0.311765 0.000010 0.055978 0.000011 0.414102 0.000010
0.418611 0.085105 0.000010 0.215343 0.082347 0.000010 0.000010 0.198554 0.000010
0.124410 0.002797 0.074500 0.350413 0.027750 0.000010 0.125779 0.294330 0.000010
0.383589 0.085200 0.000010 0.395755 0.114708 0.000010 0.000010 0.016285 0.004433
0.606647 0.041227 0.037820 0.310444 0.000010 0.000010 0.000010 0.003821 0.000010
0.216893 0.072790 0.000010 0.472413 0.000010 0.000010 0.000010 0.193496 0.044368
0.219563 0.000010 0.000010 0.266950 0.000010 0.000010 0.031154 0.410895 0.071397
0.365564 0.000010 0.096408 0.204909 0.000010 0.080798 0.000010 0.252280 0.000010
0.359488 0.000010 0.000010 0.233032 0.103351 0.049244 0.000010 0.254845 0.000010
0.352750 0.000010 0.031084 0.219859 0.000010 0.005482 0.000010 0.390785 0.000010
0.259812 0.080592 0.000010 0.392981 0.000010 0.035667 0.000010 0.230908 0.000010
0.415234 0.000010 0.172614 0.029888 0.011245 0.020605 0.000010 0.316034 0.034361
0.000010 0.015732 0.676625 0.000010 0.000010 0.000010 0.307583 0.000010 0.000010
0.000013 0.000010 0.611745 0.011734 0.000010 0.000010 0.273094 0.103375 0.000010
0.000010 0.000015 0.592502 0.000010 0.000010 0.000010 0.407423 0.000010 0.000010
0.000010 0.104393 0.492069 0.000010 0.000010 0.000010 0.403478 0.000010 0.000010
0.000010 0.000010 0.824141 0.000010 0.005460 0.000010 0.170338 0.000010 0.000010
0.000010 0.037657 0.508561 0.000010 0.000010 0.000010 0.453722 0.000010 0.000010
0.000010 0.000010 0.572518 0.000010 0.058408 0.000010 0.369013 0.000010 0.000010
0.000010 0.000010 0.462723 0.037511 0.037705 0.000010 0.462010 0.000010 0.000010
0.000010 0.000010 0.543807 0.000010 0.000010 0.070652 0.385481 0.000010 0.000010
0.000010 0.000010 0.485439 0.000010 0.165847 0.000010 0.348654 0.000010 0.000010
0.000010 0.034794 0.610947 0.000010 0.000010 0.000010 0.354199 0.000010 0.000010
0.000010 0.087142 0.630927 0.000010 0.017578 0.000010 0.264303 0.000010 0.000010
