0.379886 0.059944 0.000012 0.000010 0.108320 0.001903 0.078025 0.273093 0.098807
0.301326 0.000010 0.000010 0.029157 0.129748 0.060842 0.084616 0.394281 0.000010
0.160264 0.179651 0.000010 0.009645 0.010121 0.010652 0.000010 0.504454 0.125193
0.416101 0.000010 0.000010 0.054871 0.038178 0.058410 0.080552 0.351856 0.000010
0.349489 0.000010 0.000010 0.064958 0.000010 0.028441 0.141755 0.415317 0.000010
0.582855 0.006819 0.046731 0.034744 0.033565 0.000010 0.000010 0.288731 0.006535
0.194566 0.075776 0.044114 0.193428 0.000010 0.000010 0.022410 0.433113 0.036572
0.196452 0.000010 0.000010 0.067340 0.000010 0.003333 0.237969 0.494866 0.000010
0.283590 0.000010 0.071079 0.180197 0.000010 0.000010 0.000010 0.465084 0.000010
0.188037 0.000010 0.000010 0.122112 0.025427 0.002880 0.062687 0.598828 0.000010
0.349451 0.000010 0.128235 0.137046 0.000010 0.000010 0.111539 0.223382 0.050316
0.268589 0.000010 0.000010 0.085857 0.118850 0.000010 0.000010 0.526655 0.000010
0.124980 0.074027 0.000010 0.198680 0.000010 0.025591 0.096255 0.480437 0.000010
0.295621 0.142144 0.000010 0.000015 0.000010 0.000010 0.057708 0.458342 0.046140
0.203063 0.000010 0.000010 0.181506 0.000010 0.000010 0.001032 0.614350 0.000010
0.312768 0.057216 0.015134 0.053874 0.000010 0.000010 0.076909 0.450505 0.033573
0.266807 0.019519 0.000010 0.023918 0.033554 0.018567 0.000010 0.512546 0.125068
0.445369 0.000010 0.000010 0.000010 0.000010 0.000010 0.000010 0.554561 0.000010
0.379291 0.000010 0.000010 0.097209 0.053560 0.030096 0.096727 0.316789 0.026308
0.249115 0.111464 0.000010 0.067618 0.000010 0.000010 0.082866 0.488897 0.000010
0.297486 0.093681 0.000010 0.000010 0.000010 0.000010 0.136644 0.472139 0.000010
0.312403 0.153791 0.057127 0.083878 0.000010 0.050678 0.000010 0.342093 0.000010
0.304694 0.000010 0.000010 0.024168 0.000010 0.056001 0.035466 0.579630 0.000010
0.236201 0.000010 0.034596 0.068896 0.000010 0.037249 0.149126 0.473902 0.000010
0.416941 0.000010 0.038529 0.022989 0.019016 0.000010 0.115234 0.387261 0.000010
0.497546 0.012213 0.006532 0.005200 0.077912 0.000010 0.000010 0.400567 0.000010
0.453791 0.014275 0.000010 0.000019 0.000010 0.000010 0.132285 0.399590 0.000010
0.381199 0.000010 0.000010 0.000010 0.035462 0.000010 0.082694 0.457078 0.043526
0.025652 0.000011 0.024414 0.209489 0.107014 0.000010 0.161450 0.361809 0.110151
0.168672 0.000010 0.000010 0.122993 0.024694 0.094395 0.086636 0.435000 0.067590
0.334389 0.000010 0.000010 0.000010 0.000010 0.015608 0.258890 0.391063 0.000010
0.459549 0.000010 0.001182 0.320943 0.000010 0.000010 0.000010 0.195101 0.023186
0.344754 0.000011 0.145304 0.185979 0.000010 0.175527 0.000010 0.146354 0.002050
0.251800 0.000010 0.045308 0.224775 0.007065 0.000010 0.000010 0.471012 0.000010
0.000010 0.000010 0.000010 0.029917 0.000013 0.060896 0.332692 0.576442 0.000010
0.318611 0.000010 0.000010 0.057157 0.087291 0.000010 0.032938 0.411366 0.092607
0.406491 0.029123 0.000010 0.000010 0.031877 0.000010 0.063896 0.411801 0.056783
0.260876 0.000010 0.051904 0.137669 0.000010 0.000010 0.071450 0.348878 0.129194
0.390539 0.000010 0.000010 0.079263 0.062891 0.006673 0.038385 0.422219 0.000010
0.303643 0.108545 0.094737 0.129937 0.000010 0.000010 0.038998 0.324111 0.000010
0.228535 0.000010 0.000010 0.277871 0.000010 0.000756 0.027411 0.463959 0.001438
0.382631 0.052393 0.000010 0.055242 0.103243 0.000010 0.000010 0.406451 0.000010
0.451087 0.000010 0.082431 0.000010 0.000010 0.013935 0.016314 0.428880 0.007324
0.224918 0.061396 0.000010 0.014042 0.058412 0.043042 0.123162 0.327036 0.147982
0.289232 0.000016 0.073427 0.032007 0.104635 0.000015 0.120423 0.380236 0.000010
0.434397 0.020477 0.106906 0.073324 0.000010 0.000010 0.000010 0.318464 0.046402
0.380911 0.000010 0.070951 0.052127 0.064931 0.000010 0.071095 0.359956 0.000010
0.308769 0.097235 0.064084 0.000010 0.000010 0.172276 0.061901 0.271383 0.024333
0.302079 0.000010 0.397078 0.000010 0.000010 0.000010 0.078009 0.222784 0.000010
0.095914 0.000010 0.414174 0.179060 0.000010 0.000010 0.000010 0.310802 0.000010
0.369796 0.107028 0.322227 0.002572 0.000010 0.021955 0.098213 0.078189 0.000010
0.187224 0.000010 0.294573 0.051048 0.059286 0.000010 0.183366 0.224473 0.000010
0.044639 0.000010 0.062028 0.314695 0.000010 0.000010 0.096843 0.394652 0.087113
0.032344 0.118598 0.479452 0.021323 0.000010 0.000010 0.225681 0.113792 0.008789
0.261595 0.000010 0.145338 0.140339 0.067916 0.000010 0.000010 0.292874 0.091907
0.282129 0.085605 0.136755 0.052227 0.000010 0.000010 0.183503 0.259752 0.000010
0.100068 0.139822 0.256161 0.071526 0.021966 0.000010 0.230802 0.178971 0.000674
0.147366 0.098788 0.497752 0.000010 0.057305 0.000010 0.184587 0.014173 0.000010
0.257966 0.042938 0.335783 0.000010 0.000010 0.000010 0.060367 0.283960 0.018956
0.166358 0.113146 0.189220 0.254786 0.135071 0.000010 0.015003 0.126397 0.000010
0.108635 0.000010 0.710397 0.000010 0.025447 0.000010 0.155471 0.000010 0.000010
0.000010 0.015729 0.489177 0.000010 0.000013 0.000010 0.235147 0.257150 0.002754
0.134313 0.011108 0.143007 0.151745 0.000010 0.000010 0.113800 0.361298 0.084710
0.069940 0.000010 0.227104 0.041249 0.146474 0.000010 0.004382 0.474681 0.036151
0.242291 0.000010 0.185840 0.120981 0.023490 0.000010 0.000010 0.265588 0.161781
0.000013 0.001342 0.316736 0.193300 0.036952 0.000010 0.058252 0.282258 0.111137
0.000020 0.051600 0.181537 0.000010 0.000014 0.148793 0.246416 0.371602 0.000010
0.066994 0.053228 0.362425 0.176643 0.000010 0.000010 0.019928 0.299165 0.021597
0.076830 0.042622 0.402438 0.167074 0.137675 0.000010 0.055726 0.117615 0.000010
0.345975 0.071952 0.183910 0.032034 0.000010 0.000010 0.000010 0.366088 0.000010
0.167782 0.000010 0.000010 0.000010 0.000010 0.121806 0.000010 0.007077 0.703285
0.284556 0.000010 0.000010 0.235301 0.068079 0.047801 0.000010 0.145149 0.219085
0.285664 0.030111 0.000012 0.000010 0.000010 0.000010 0.100709 0.472938 0.110535
0.465078 0.000010 0.000010 0.000010 0.018054 0.103383 0.000010 0.220036 0.193409
0.181967 0.032855 0.000010 0.086662 0.000010 0.000010 0.096732 0.582697 0.019058
0.514955 0.000010 0.032089 0.010169 0.000010 0.060268 0.038445 0.225272 0.118783
0.094791 0.049612 0.000010 0.260906 0.000010 0.012840 0.000010 0.397836 0.183986
0.545163 0.026263 0.000010 0.032619 0.002570 0.000010 0.000010 0.393346 0.000010
0.338704 0.021349 0.000010 0.088247 0.000010 0.000010 0.215091 0.336568 0.000010
0.173189 0.000010 0.044858 0.317561 0.012904 0.000010 0.077510 0.369691 0.004267
0.233069 0.026528 0.029368 0.092698 0.000010 0.067391 0.082962 0.317844 0.150130
0.112853 0.000010 0.000010 0.194366 0.097953 0.000010 0.071481 0.425858 0.097459
0.305889 0.009522 0.105042 0.000010 0.000010 0.000010 0.116298 0.463209 0.000010
0.401542 0.034436 0.000010 0.000010 0.000010 0.000010 0.074221 0.489751 0.000010
0.426881 0.000010 0.054606 0.032822 0.000010 0.000010 0.121018 0.364633 0.000010
0.522511 0.035390 0.022885 0.000010 0.027240 0.087913 0.119614 0.108573 0.075865
0.180865 0.002023 0.019346 0.131645 0.000010 0.000010 0.150982 0.157391 0.357729
0.180991 0.000010 0.000010 0.171844 0.000010 0.000010 0.205569 0.414552 0.027005
0.388216 0.000010 0.052398 0.124244 0.000010 0.000010 0.000010 0.397672 0.037430
0.244779 0.000014 0.000010 0.017845 0.154931 0.006733 0.156165 0.130695 0.288828
0.116861 0.000010 0.023576 0.237884 0.000010 0.040542 0.091296 0.489812 0.000010
0.545658 0.000012 0.026218 0.088608 0.027821 0.000010 0.154241 0.116234 0.041198
0.452232 0.000010 0.000010 0.082974 0.000010 0.000010 0.010175 0.454568 0.000010
0.260068 0.166386 0.000010 0.000010 0.000010 0.000010 0.057866 0.515629 0.000010
0.368061 0.000010 0.000010 0.149090 0.042091 0.000010 0.000010 0.369293 0.071425
0.070389 0.000010 0.053645 0.000010 0.038610 0.000010 0.168443 0.668873 0.000010
0.064205 0.000010 0.033066 0.000010 0.057430 0.000010 0.253567 0.541106 0.050595
0.212168 0.000010 0.015111 0.176411 0.165056 0.000010 0.046173 0.385050 0.000010
0.225649 0.000010 0.054467 0.226437 0.000010 0.019677 0.137443 0.336297 0.000010
0.197766 0.000010 0.000010 0.220503 0.000010 0.046490 0.000010 0.535191 0.000010
0.065474 0.000010 0.140332 0.283599 0.046235 0.062621 0.076134 0.325584 0.000010
0.071119 0.000010 0.000010 0.016784 0.019786 0.094083 0.235062 0.131280 0.431866
0.021034 0.000010 0.000010 0.198854 0.000010 0.151736 0.188551 0.097396 0.342400
0.190222 0.055160 0.000010 0.027214 0.046914 0.000010 0.270219 0.364719 0.045532
0.079632 0.093314 0.000010 0.165614 0.093039 0.000010 0.112356 0.392228 0.063796
0.077261 0.000010 0.027444 0.061079 0.000010 0.000010 0.242859 0.591317 0.000010
0.436283 0.027795 0.000010 0.061324 0.100741 0.000010 0.028911 0.344916 0.000010
0.100124 0.025355 0.110512 0.121227 0.000010 0.000010 0.046549 0.534050 0.062163
0.393172 0.000010 0.000010 0.000010 0.034944 0.002135 0.125594 0.444116 0.000010
0.417437 0.000010 0.000010 0.000010 0.028630 0.028288 0.032097 0.493508 0.000010
0.063836 0.056134 0.000010 0.080491 0.000010 0.000010 0.078425 0.607367 0.113717
0.091957 0.050460 0.000010 0.000010 0.059310 0.000010 0.297520 0.345176 0.155546
0.178092 0.000010 0.000010 0.026439 0.031034 0.002738 0.136115 0.525029 0.100533
0.511260 0.000010 0.086787 0.000010 0.147422 0.000010 0.007008 0.191108 0.056385
0.153705 0.021319 0.000010 0.195856 0.000010 0.000010 0.071483 0.557597 0.000010
0.242430 0.082195 0.082009 0.000010 0.098571 0.000010 0.077729 0.417036 0.000010
0.225077 0.000010 0.093820 0.000010 0.132340 0.000010 0.200788 0.344889 0.003056
0.116344 0.000010 0.044323 0.088510 0.000010 0.000010 0.125881 0.624902 0.000010
0.173325 0.049088 0.000010 0.151293 0.001439 0.091960 0.188488 0.344386 0.000010
0.114159 0.038080 0.025624 0.221664 0.013038 0.000010 0.011360 0.403460 0.172604
0.471582 0.000213 0.000010 0.000010 0.000010 0.000010 0.200138 0.228001 0.100026
0.152338 0.000010 0.045490 0.134056 0.069481 0.040773 0.178359 0.379483 0.000010
0.182718 0.095382 0.183812 0.000011 0.000010 0.000010 0.069029 0.469018 0.000010
0.306374 0.074688 0.000010 0.000010 0.000010 0.000010 0.161514 0.457374 0.000010
0.328957 0.154609 0.038793 0.000010 0.000010 0.017820 0.126807 0.332984 0.000010
0.269761 0.066985 0.000010 0.298909 0.000010 0.000010 0.148632 0.215674 0.000010
0.204189 0.000010 0.052969 0.148710 0.000010 0.000010 0.000010 0.594082 0.000010
0.082230 0.157855 0.000010 0.270080 0.000010 0.024710 0.025155 0.364043 0.075907
0.330444 0.002067 0.028625 0.000010 0.000010 0.000010 0.083100 0.439937 0.115796
0.382476 0.000010 0.022426 0.000020 0.024223 0.000010 0.008789 0.562037 0.000010
0.353551 0.014226 0.098833 0.000010 0.062801 0.000010 0.208435 0.262123 0.000010
0.200670 0.091775 0.011419 0.000010 0.115767 0.000010 0.173849 0.406490 0.000010
0.392079 0.000010 0.000010 0.063472 0.124311 0.000010 0.025174 0.394925 0.000010
0.385069 0.000010 0.000010 0.234943 0.004087 0.000010 0.013303 0.325216 0.037352
0.036899 0.020887 0.010377 0.217019 0.000010 0.000010 0.129851 0.506917 0.078031
0.183293 0.000011 0.099772 0.212230 0.185095 0.000010 0.020662 0.298916 0.000010
0.162261 0.000010 0.077033 0.051423 0.030967 0.052509 0.063017 0.493149 0.069632
0.141287 0.087243 0.189474 0.000010 0.000010 0.014746 0.065910 0.412221 0.089098
0.191525 0.129660 0.000010 0.154767 0.000010 0.000010 0.064795 0.459213 0.000010
0.000014 0.000010 0.016015 0.083247 0.112291 0.000010 0.286270 0.502133 0.000010
0.409446 0.000010 0.141179 0.000012 0.000010 0.000010 0.050954 0.398369 0.000010
0.119639 0.000010 0.104459 0.283731 0.133836 0.000010 0.037274 0.305702 0.015340
0.324059 0.000010 0.032839 0.000010 0.012916 0.000010 0.020368 0.573589 0.036198
0.297447 0.017996 0.000010 0.021286 0.078136 0.000010 0.000010 0.547491 0.037614
0.145824 0.000010 0.215180 0.109240 0.000010 0.000010 0.000010 0.529705 0.000010
0.169847 0.066210 0.000010 0.192598 0.000010 0.032377 0.206703 0.332236 0.000010
0.453411 0.000010 0.000010 0.028940 0.157979 0.000010 0.000010 0.347910 0.011721
0.318892 0.009151 0.000010 0.046465 0.000010 0.000010 0.055445 0.570007 0.000010
0.151750 0.000010 0.069597 0.273750 0.000010 0.034288 0.000010 0.382627 0.087959
0.002649 0.000010 0.000010 0.174321 0.155638 0.000010 0.000010 0.667343 0.000010
0.196441 0.130486 0.000010 0.027579 0.000010 0.000010 0.144421 0.428535 0.072508
0.444091 0.135516 0.020304 0.054237 0.014191 0.039095 0.004059 0.234577 0.053929
0.273977 0.000010 0.000010 0.000010 0.000010 0.116879 0.216347 0.383562 0.009195
0.187160 0.097149 0.000010 0.147717 0.087094 0.065155 0.055621 0.360085 0.000010
0.354498 0.000010 0.066906 0.147294 0.000010 0.035087 0.000010 0.396175 0.000010
0.053618 0.033888 0.000010 0.411361 0.016477 0.107287 0.015152 0.362196 0.000010
0.134836 0.172839 0.000010 0.254810 0.009150 0.000010 0.065950 0.319121 0.043274
0.261415 0.062339 0.075002 0.230804 0.010394 0.041176 0.008552 0.310309 0.000010
0.235729 0.000010 0.000010 0.087145 0.052949 0.009764 0.000010 0.565027 0.049356
0.039869 0.039578 0.003765 0.247565 0.132761 0.028754 0.016083 0.491615 0.000010
0.249247 0.000010 0.000011 0.029074 0.103022 0.000010 0.007416 0.450798 0.160412
0.085978 0.009523 0.122214 0.171632 0.085919 0.000010 0.025277 0.499437 0.000010
0.032878 0.000010 0.000010 0.168076 0.041244 0.017089 0.136559 0.604125 0.000010
0.000010 0.000010 0.149398 0.083918 0.001160 0.005576 0.171745 0.468071 0.120111
0.172961 0.067033 0.027813 0.132502 0.000010 0.000010 0.091783 0.507877 0.000010
0.284379 0.000010 0.091986 0.000010 0.029256 0.000010 0.094986 0.441670 0.057693
0.153723 0.000010 0.102829 0.127449 0.000010 0.000010 0.013796 0.465934 0.136240
0.083070 0.000010 0.156675 0.224338 0.022320 0.031082 0.208288 0.270331 0.003886
0.060468 0.016904 0.068386 0.000010 0.180459 0.000010 0.219082 0.402989 0.051693
0.192707 0.000010 0.000010 0.154233 0.023613 0.071853 0.194592 0.362972 0.000010
0.001818 0.098606 0.000013 0.145190 0.000010 0.045234 0.128486 0.580633 0.000010
0.228376 0.039094 0.064385 0.000010 0.006620 0.000010 0.247455 0.414039 0.000010
0.147445 0.000012 0.174292 0.000010 0.100004 0.000010 0.113968 0.464249 0.000010
0.218853 0.129575 0.007705 0.000010 0.110141 0.000192 0.220320 0.313195 0.000010
0.353925 0.000010 0.000010 0.098389 0.000010 0.000010 0.148599 0.339674 0.059373
0.056606 0.000010 0.000010 0.028033 0.000010 0.000010 0.289764 0.477781 0.147775
0.271815 0.075597 0.190999 0.017896 0.000010 0.000010 0.028724 0.297095 0.117854
0.093965 0.150351 0.009749 0.312409 0.037041 0.006078 0.000010 0.390387 0.000010
0.325654 0.000010 0.111421 0.000010 0.000010 0.036902 0.255678 0.270305 0.000010
0.177199 0.025307 0.081069 0.000010 0.060599 0.000010 0.089283 0.496775 0.069749
0.255880 0.097359 0.023653 0.124297 0.000010 0.000010 0.023174 0.475607 0.000010
0.507068 0.000010 0.062892 0.000010 0.000010 0.000010 0.073508 0.356482 0.000010
0.215662 0.000010 0.074807 0.000012 0.093285 0.000010 0.151561 0.464644 0.000010
0.038419 0.000010 0.000010 0.084832 0.000010 0.000010 0.124598 0.752101 0.000010
0.177664 0.000010 0.147348 0.211014 0.000010 0.000010 0.061899 0.402035 0.000010
0.290182 0.130737 0.094860 0.020413 0.102952 0.000010 0.000010 0.336465 0.024370
0.054667 0.035646 0.272417 0.073288 0.000012 0.000010 0.105994 0.424630 0.033337
0.000010 0.006468 0.000010 0.000010 0.000010 0.487807 0.000010 0.045760 0.459915
0.019034 0.000010 0.000010 0.000010 0.000010 0.362199 0.000010 0.000010 0.618707
0.000010 0.000010 0.000010 0.083568 0.000010 0.417905 0.000010 0.000010 0.498467
0.000010 0.019224 0.000010 0.024335 0.018649 0.421300 0.000010 0.053987 0.462475
0.000010 0.023900 0.000010 0.000010 0.004325 0.383382 0.000010 0.000010 0.588343
0.000010 0.014444 0.003364 0.000010 0.000010 0.384728 0.000010 0.000010 0.597413
0.000010 0.004656 0.000010 0.000010 0.061381 0.439136 0.000010 0.000010 0.494777
0.000010 0.000010 0.000010 0.000010 0.000010 0.436287 0.000010 0.000010 0.563643
0.000010 0.000010 0.000010 0.058225 0.019229 0.407763 0.000010 0.000010 0.514733
0.000010 0.013233 0.000010 0.000010 0.000010 0.467212 0.000010 0.000010 0.519495
0.000010 0.000010 0.000010 0.000010 0.011655 0.336668 0.000010 0.000010 0.651617
0.000010 0.000010 0.000010 0.000010 0.000010 0.594659 0.000010 0.000010 0.405271
0.001889 0.000010 0.000010 0.043901 0.055176 0.493931 0.000010 0.000010 0.405063
0.030668 0.000010 0.000010 0.000010 0.000010 0.419313 0.000010 0.000010 0.549959
0.053854 0.000010 0.039411 0.011550 0.000010 0.354741 0.000010 0.000010 0.540403
0.020184 0.000010 0.000010 0.000010 0.000010 0.436029 0.000010 0.000010 0.543727
0.000010 0.000010 0.000010 0.000010 0.039980 0.347976 0.050952 0.000010 0.561043
0.000010 0.028891 0.000010 0.000010 0.011989 0.531466 0.026391 0.000010 0.401223
0.027543 0.005807 0.065005 0.000010 0.000010 0.442187 0.000010 0.000010 0.459418
0.004690 0.006961 0.000010 0.000010 0.000010 0.396944 0.000010 0.000010 0.591355
0.000010 0.013206 0.000010 0.022522 0.027915 0.386314 0.011306 0.000010 0.538707
0.053546 0.001243 0.004823 0.000010 0.000010 0.244447 0.004312 0.000010 0.691599
0.000010 0.000010 0.000010 0.000010 0.000010 0.208810 0.048292 0.000010 0.742838
0.000010 0.056452 0.000010 0.000010 0.000010 0.375740 0.000010 0.000010 0.567748
0.110355 0.000010 0.000010 0.000010 0.000010 0.351956 0.000010 0.000010 0.537629
0.000010 0.006496 0.000010 0.000010 0.000221 0.369684 0.014505 0.000010 0.609053
0.040860 0.000010 0.000010 0.040923 0.000010 0.355739 0.000010 0.000010 0.562429
0.069765 0.000016 0.000010 0.001518 0.000010 0.314252 0.000010 0.000010 0.614409
0.000010 0.020917 0.021282 0.000010 0.848280 0.000010 0.081906 0.000010 0.027575
0.415008 0.000010 0.000010 0.277324 0.040885 0.000010 0.005005 0.261739 0.000010
0.327573 0.029009 0.033573 0.389933 0.000010 0.000010 0.000010 0.219871 0.000010
0.133369 0.015635 0.107359 0.566839 0.000010 0.000010 0.086684 0.090085 0.000010
0.509655 0.038301 0.007832 0.233783 0.000010 0.000010 0.017569 0.192830 0.000010
0.437499 0.000010 0.000010 0.257113 0.008437 0.157998 0.004779 0.123238 0.010916
0.270742 0.000010 0.000010 0.378370 0.000010 0.000010 0.003120 0.279880 0.067847
0.312227 0.012895 0.030753 0.302705 0.000010 0.000010 0.054207 0.287183 0.000010
0.371798 0.000010 0.036463 0.265488 0.000010 0.046654 0.035224 0.210672 0.033681
0.173057 0.000010 0.000010 0.360967 0.000010 0.072793 0.000010 0.393133 0.000010
0.602084 0.051369 0.000010 0.012948 0.000010 0.005914 0.052920 0.274735 0.000010
0.533625 0.000010 0.041745 0.230979 0.000010 0.027690 0.000010 0.165921 0.000010
0.309012 0.011526 0.020547 0.396746 0.033043 0.000010 0.000010 0.214872 0.014234
0.485426 0.063275 0.000010 0.365691 0.000010 0.029439 0.000010 0.042604 0.013534
0.636965 0.018448 0.000010 0.192831 0.004617 0.000010 0.084702 0.062407 0.000010
0.247420 0.000010 0.045546 0.448311 0.000010 0.000010 0.000010 0.258674 0.000010
0.269413 0.000010 0.002936 0.417831 0.006827 0.000010 0.077434 0.225530 0.000010
0.511136 0.005689 0.000010 0.320362 0.000011 0.000010 0.046259 0.116513 0.000010
0.416681 0.051491 0.000010 0.230886 0.050436 0.000010 0.000010 0.250466 0.000010
0.449987 0.008584 0.050682 0.344179 0.000010 0.013136 0.012891 0.120521 0.000010
0.523522 0.000010 0.152372 0.211901 0.000010 0.011312 0.000010 0.067212 0.033651
0.379694 0.050913 0.000010 0.261051 0.000010 0.000010 0.172705 0.069234 0.066373
0.000010 0.032306 0.000010 0.642126 0.000010 0.000010 0.003964 0.321553 0.000010
0.145039 0.000010 0.000010 0.501406 0.000010 0.038429 0.000010 0.315076 0.000010
0.185212 0.000010 0.000010 0.457730 0.019573 0.029647 0.010819 0.296988 0.000010
0.334756 0.007405 0.012933 0.298839 0.000010 0.000010 0.008051 0.226248 0.111749
0.186825 0.000010 0.000010 0.365602 0.131009 0.000011 0.000010 0.316513 0.000010
0.550626 0.036058 0.000010 0.064202 0.000010 0.000010 0.000010 0.349064 0.000010
0.460028 0.000010 0.000010 0.301774 0.000010 0.000010 0.058985 0.179163 0.000010
0.000010 0.030751 0.000010 0.000010 0.900376 0.000010 0.068813 0.000010 0.000010
0.000010 0.000010 0.000010 0.000010 0.939797 0.000010 0.056233 0.003910 0.000010
0.000010 0.016207 0.000010 0.000010 0.930947 0.000010 0.000010 0.052786 0.000010
0.000010 0.000010 0.000010 0.000010 0.956188 0.000010 0.043742 0.000010 0.000010
0.000010 0.031871 0.000010 0.043485 0.732525 0.000010 0.123587 0.068492 0.000010
0.000012 0.000010 0.040026 0.015734 0.837974 0.000010 0.106213 0.000010 0.000010
0.000010 0.000010 0.000010 0.000010 0.913863 0.000010 0.086067 0.000010 0.000010
0.000010 0.000010 0.000010 0.000010 0.924735 0.000010 0.075195 0.000010 0.000010
0.000010 0.000010 0.000010 0.000010 0.926907 0.000010 0.073023 0.000010 0.000010
0.000010 0.030829 0.000010 0.000010 0.923422 0.000010 0.000010 0.045689 0.000010
0.000010 0.000010 0.000010 0.000010 0.848685 0.000010 0.151245 0.000010 0.000010
0.000010 0.000010 0.000010 0.000010 0.931292 0.047930 0.020718 0.000010 0.000010
0.000010 0.000010 0.069232 0.000010 0.885343 0.000010 0.045364 0.000011 0.000010
0.000010 0.000010 0.000010 0.000010 0.868560 0.000010 0.131370 0.000010 0.000010
0.000010 0.000010 0.000010 0.000012 0.977206 0.022722 0.000010 0.000010 0.000010
0.000010 0.000010 0.000010 0.000010 0.874368 0.047116 0.078456 0.000010 0.000010
0.000010 0.070155 0.000010 0.000010 0.887514 0.000010 0.026098 0.016183 0.000010
0.652137 0.081550 0.058072 0.073775 0.000010 0.020216 0.000010 0.114220 0.000010
0.660248 0.004964 0.069524 0.000010 0.012365 0.000010 0.000010 0.197260 0.055609
0.510058 0.036660 0.028273 0.104187 0.000010 0.000010 0.013053 0.307738 0.000010
0.502851 0.074822 0.000010 0.037714 0.041452 0.000010 0.046827 0.296304 0.000010
0.472341 0.000010 0.000010 0.075249 0.020039 0.000010 0.069540 0.313535 0.049265
0.465824 0.092886 0.000010 0.253457 0.000010 0.000010 0.097907 0.089886 0.000010
0.702971 0.019715 0.000010 0.148955 0.000010 0.013981 0.000010 0.114338 0.000010
0.404882 0.000010 0.000010 0.000010 0.032876 0.051591 0.021461 0.489150 0.000010
0.505740 0.107090 0.000010 0.081108 0.000010 0.027214 0.120546 0.098212 0.060070
0.425370 0.100259 0.000010 0.183974 0.000010 0.044453 0.069487 0.176427 0.000010
0.590057 0.046273 0.052824 0.013527 0.000010 0.000010 0.145497 0.133289 0.018513
0.550830 0.012806 0.000010 0.007300 0.014148 0.037355 0.000010 0.355507 0.022034
0.642663 0.061360 0.000010 0.000010 0.000010 0.068148 0.000010 0.227779 0.000010
0.486787 0.032220 0.000010 0.158133 0.000010 0.119680 0.000010 0.203141 0.000010
0.467545 0.000010 0.000010 0.151080 0.000010 0.056396 0.000010 0.311373 0.013566
0.548954 0.000010 0.021775 0.000010 0.000010 0.055264 0.000010 0.373957 0.000010
0.525114 0.000010 0.000335 0.095498 0.000010 0.000010 0.007473 0.246407 0.125143
0.257421 0.000010 0.000010 0.110342 0.000010 0.089253 0.000010 0.441007 0.101937
0.632500 0.000010 0.037584 0.000010 0.021798 0.000010 0.049223 0.227450 0.031414
0.337312 0.015833 0.058289 0.109688 0.000010 0.000010 0.000010 0.347104 0.131743
0.517782 0.044958 0.007785 0.078194 0.000010 0.000010 0.120653 0.209764 0.020844
0.529972 0.000010 0.000010 0.038694 0.000010 0.000010 0.024308 0.387205 0.019782
0.570548 0.029019 0.049846 0.126704 0.082558 0.000010 0.000010 0.067977 0.073327
0.539026 0.013980 0.068023 0.005042 0.000010 0.000010 0.000010 0.320332 0.053567
0.789215 0.000010 0.033814 0.059300 0.000010 0.000010 0.000010 0.090526 0.027104
0.569156 0.000010 0.000010 0.000010 0.000010 0.020644 0.000010 0.372916 0.037235
0.561699 0.000010 0.000010 0.061194 0.000010 0.000010 0.068603 0.308455 0.000010
0.419938 0.000010 0.033778 0.161499 0.000010 0.013437 0.000010 0.301367 0.069950
0.628985 0.014182 0.000010 0.030516 0.000010 0.000010 0.019829 0.224850 0.081608
0.490649 0.035081 0.026170 0.209946 0.041551 0.000010 0.011663 0.184920 0.000010
0.384251 0.000010 0.000010 0.087279 0.000010 0.057813 0.000010 0.470607 0.000010
0.444185 0.000010 0.000010 0.115280 0.000010 0.009159 0.087994 0.343343 0.000010
0.445844 0.042658 0.000010 0.151165 0.000010 0.000010 0.130967 0.229325 0.000010
0.472979 0.000010 0.000010 0.307843 0.000010 0.000010 0.000010 0.219118 0.000010
0.502258 0.000010 0.000010 0.183918 0.000010 0.000010 0.000010 0.266530 0.047245
0.452231 0.000010 0.052447 0.104872 0.147227 0.008558 0.000010 0.234636 0.000010
0.669439 0.000010 0.000010 0.005064 0.057090 0.000010 0.000010 0.268357 0.000010
0.753738 0.000010 0.054633 0.000010 0.009590 0.000010 0.000010 0.181988 0.000010
0.445036 0.000010 0.013846 0.000010 0.000010 0.000010 0.040532 0.500535 0.000010
0.486769 0.000010 0.000010 0.064410 0.000010 0.000010 0.082475 0.366296 0.000010
0.336892 0.000010 0.053808 0.053980 0.000010 0.000010 0.000010 0.505150 0.050129
0.603530 0.000010 0.000010 0.000010 0.000010 0.000010 0.068009 0.328400 0.000010
0.614102 0.000010 0.000010 0.096199 0.110756 0.032741 0.000010 0.146162 0.000010
0.646444 0.083998 0.000010 0.000010 0.000010 0.082020 0.000010 0.157003 0.030495
0.537722 0.024252 0.000010 0.013719 0.107030 0.000010 0.000010 0.317237 0.000010
0.575855 0.048926 0.000010 0.000010 0.033140 0.002459 0.094597 0.166479 0.078524
0.490688 0.000010 0.029513 0.000010 0.012004 0.093615 0.000010 0.123098 0.251052
0.548152 0.047978 0.035635 0.000010 0.014236 0.000010 0.097586 0.233258 0.023135
0.473143 0.000010 0.000010 0.161071 0.000010 0.025814 0.000010 0.180708 0.159224
0.321404 0.000010 0.000010 0.185389 0.069083 0.000010 0.000010 0.179245 0.244839
0.541633 0.000010 0.010431 0.000010 0.000010 0.108244 0.000010 0.339643 0.000010
0.748862 0.000010 0.000010 0.133227 0.059405 0.000010 0.000010 0.058455 0.000010
0.652203 0.000010 0.000010 0.000010 0.064210 0.045949 0.000010 0.237588 0.000010
0.428306 0.000010 0.045039 0.110819 0.085624 0.024782 0.014391 0.144419 0.146610
0.600222 0.000010 0.029356 0.000010 0.035879 0.000010 0.041580 0.085275 0.207658
0.148367 0.042020 0.000011 0.033582 0.080244 0.047711 0.000010 0.058298 0.589758
0.533065 0.000010 0.000010 0.077779 0.023349 0.000010 0.046648 0.230646 0.088484
0.526926 0.000010 0.000010 0.161911 0.003234 0.116875 0.000010 0.168465 0.022560
0.573792 0.078236 0.016486 0.000010 0.024256 0.000010 0.050523 0.256677 0.000010
0.646490 0.000010 0.018604 0.000010 0.000010 0.062362 0.138345 0.134159 0.000010
0.547056 0.000010 0.000010 0.061025 0.000010 0.000010 0.047305 0.244210 0.100364
0.686655 0.000010 0.000010 0.000010 0.111796 0.000010 0.000010 0.148403 0.053096
0.277422 0.000010 0.038600 0.078356 0.010922 0.000010 0.069418 0.100465 0.424797
0.499705 0.039020 0.044769 0.096733 0.082516 0.000010 0.000010 0.203161 0.034076
0.631807 0.000010 0.142351 0.000010 0.000010 0.060803 0.024577 0.140423 0.000010
0.606364 0.000010 0.000010 0.112113 0.000010 0.000010 0.000010 0.281463 0.000010
0.520079 0.000010 0.000010 0.000010 0.000010 0.061476 0.000010 0.207489 0.210907
0.292837 0.000010 0.025171 0.043800 0.002090 0.095708 0.028754 0.135995 0.375635
0.552386 0.000010 0.104218 0.034798 0.035316 0.000010 0.035625 0.052207 0.185429
0.638071 0.000010 0.000010 0.000010 0.041590 0.060504 0.000010 0.259785 0.000010
0.632000 0.000010 0.173698 0.007431 0.000010 0.000010 0.053991 0.118447 0.014403
0.533892 0.000010 0.000010 0.000010 0.016449 0.036430 0.000010 0.273988 0.139201
0.378835 0.000010 0.000010 0.186044 0.000010 0.000010 0.000010 0.232488 0.202583
0.664815 0.000010 0.089315 0.079947 0.000010 0.016409 0.025980 0.083371 0.040143
0.603644 0.000010 0.156366 0.000010 0.058663 0.000010 0.003375 0.041435 0.136487
0.430257 0.000010 0.000010 0.188841 0.093486 0.015503 0.082103 0.152321 0.037469
0.382377 0.132889 0.000010 0.000010 0.000010 0.000010 0.032138 0.383065 0.069491
0.563435 0.000010 0.076289 0.153186 0.000010 0.000010 0.000010 0.163963 0.043086
0.435548 0.005973 0.000010 0.000010 0.125557 0.000010 0.008037 0.332245 0.092610
0.357807 0.000010 0.000010 0.062585 0.000010 0.157559 0.000010 0.287603 0.134407
0.235342 0.000010 0.107208 0.168209 0.000010 0.000010 0.046379 0.284303 0.158530
0.561162 0.000010 0.000010 0.033507 0.005917 0.041613 0.055009 0.302524 0.000248
0.522377 0.000010 0.000010 0.314763 0.072770 0.000013 0.000010 0.090037 0.000010
0.501103 0.000010 0.000010 0.068994 0.059217 0.000010 0.000010 0.352726 0.017919
0.552098 0.064430 0.000010 0.000010 0.038874 0.000010 0.065053 0.169647 0.109867
0.558748 0.025704 0.000010 0.000010 0.093979 0.070405 0.051240 0.126928 0.072976
0.490865 0.004600 0.000010 0.216584 0.000010 0.000010 0.000010 0.056054 0.231857
0.000010 0.000010 0.000010 0.000010 0.865758 0.000010 0.134172 0.000010 0.000010
0.000010 0.000010 0.053486 0.000014 0.822475 0.000010 0.033131 0.000010 0.090855
0.000010 0.000010 0.054628 0.000010 0.926204 0.019107 0.000010 0.000010 0.000010
0.000010 0.103662 0.104046 0.000010 0.656953 0.000010 0.135289 0.000010 0.000010
0.000010 0.000010 0.026934 0.000010 0.710904 0.045713 0.216400 0.000010 0.000010
0.000010 0.000011 0.053305 0.000010 0.742210 0.000010 0.198586 0.000010 0.005847
0.000010 0.032303 0.000010 0.000010 0.913391 0.000010 0.054245 0.000010 0.000010
0.637535 0.113414 0.000010 0.000010 0.045268 0.011641 0.038345 0.050678 0.103100
0.521427 0.068606 0.051575 0.293564 0.045933 0.000010 0.000010 0.018865 0.000010
0.505355 0.000010 0.045076 0.147689 0.000010 0.075404 0.124193 0.102252 0.000010
0.685791 0.000010 0.000010 0.164238 0.000010 0.000010 0.046157 0.074932 0.028842
0.586367 0.000010 0.000010 0.206796 0.121109 0.000010 0.000010 0.062519 0.023168
0.570424 0.014556 0.205311 0.094354 0.000010 0.000010 0.000010 0.115316 0.000010
0.544293 0.000010 0.043852 0.178509 0.000010 0.005233 0.071673 0.156411 0.000010
0.391499 0.000010 0.016017 0.252652 0.000010 0.017276 0.089135 0.184108 0.049293
0.312867 0.000010 0.000012 0.186901 0.075614 0.000010 0.000010 0.424567 0.000010
0.376149 0.095585 0.000010 0.314821 0.041590 0.000010 0.061497 0.110329 0.000010
0.519355 0.024409 0.041495 0.000010 0.000010 0.017291 0.000010 0.316833 0.080586
0.460106 0.001947 0.085292 0.039441 0.022222 0.000010 0.000010 0.390961 0.000010
0.716470 0.000010 0.218834 0.000010 0.000010 0.000010 0.000010 0.064636 0.000010
0.341669 0.000010 0.032871 0.119853 0.079471 0.064921 0.000010 0.098537 0.262657
0.575096 0.049046 0.102381 0.070233 0.000010 0.000010 0.000010 0.203204 0.000010
0.336366 0.000010 0.000010 0.000010 0.000010 0.000010 0.000010 0.467410 0.196164
0.647432 0.005135 0.062135 0.155106 0.044515 0.000010 0.051629 0.031156 0.002883
0.593324 0.001033 0.000010 0.025290 0.150903 0.027469 0.000010 0.201951 0.000010
0.603550 0.000010 0.004615 0.123443 0.041377 0.049574 0.000010 0.165385 0.012035
0.471069 0.000010 0.016572 0.152619 0.000010 0.000010 0.015096 0.233629 0.110984
0.354866 0.048009 0.000010 0.174474 0.000010 0.000010 0.000010 0.316361 0.106250
0.431755 0.000010 0.000010 0.044280 0.098162 0.000010 0.000010 0.409159 0.016603
0.452937 0.000010 0.000010 0.042155 0.076374 0.000010 0.069679 0.358815 0.000010
0.612600 0.000010 0.000010 0.069366 0.000010 0.000010 0.074356 0.243628 0.000010
0.724853 0.025530 0.090517 0.000010 0.000010 0.009192 0.000010 0.109112 0.040767
0.600597 0.000010 0.094583 0.000013 0.000010 0.000010 0.000010 0.304757 0.000010
0.322437 0.045689 0.012035 0.084686 0.043497 0.186438 0.000010 0.201327 0.103881
0.565437 0.000010 0.000010 0.000010 0.000010 0.000010 0.000010 0.299472 0.135031
0.515480 0.012279 0.070918 0.147850 0.000010 0.047758 0.000010 0.113361 0.092334
0.630554 0.035892 0.115848 0.025367 0.000010 0.000010 0.142138 0.000010 0.050170
0.704814 0.000010 0.001217 0.000012 0.090141 0.043295 0.054750 0.105751 0.000010
0.641328 0.000010 0.000010 0.000010 0.028075 0.000010 0.000010 0.328081 0.002466
0.542368 0.000010 0.055832 0.000012 0.000010 0.000010 0.066224 0.181711 0.153824
0.428141 0.025758 0.066213 0.000010 0.039372 0.046312 0.031890 0.316488 0.045817
0.544402 0.014947 0.000010 0.000010 0.079425 0.000010 0.117183 0.195944 0.048069
0.000010 0.921455 0.037640 0.000010 0.000010 0.000010 0.040845 0.000010 0.000010
0.124286 0.719408 0.042820 0.017959 0.029720 0.001632 0.000012 0.064155 0.000010
0.000010 0.938401 0.000010 0.000010 0.000010 0.000010 0.061529 0.000010 0.000010
0.000010 0.950685 0.049245 0.000010 0.000010 0.000010 0.000010 0.000010 0.000010
0.016931 0.015845 0.211222 0.129640 0.186202 0.000010 0.346972 0.093170 0.000010
0.000010 0.137380 0.583081 0.000010 0.013949 0.000010 0.265540 0.000010 0.000010
0.000010 0.000010 0.508855 0.000010 0.000010 0.000010 0.445878 0.045207 0.000010
0.000010 0.000010 0.444566 0.096924 0.000010 0.000010 0.363237 0.095224 0.000010
0.089763 0.000010 0.364854 0.000010 0.019578 0.000010 0.452680 0.073085 0.000010
0.000010 0.046395 0.406597 0.025767 0.000010 0.066713 0.325676 0.128822 0.000010
0.000010 0.000010 0.466606 0.000010 0.020187 0.000010 0.373329 0.051936 0.087901
0.000010 0.000010 0.500499 0.000010 0.180396 0.000017 0.221128 0.000010 0.097921
0.000010 0.052269 0.527146 0.026299 0.000010 0.000010 0.328483 0.065763 0.000010
0.000010 0.000010 0.338811 0.000010 0.099997 0.000010 0.386792 0.174350 0.000010
0.350667 0.000010 0.000010 0.189724 0.000010 0.100262 0.000010 0.359297 0.000010
0.574426 0.000010 0.000010 0.046952 0.000010 0.000010 0.000010 0.281339 0.097233
0.586833 0.000010 0.043966 0.000010 0.010411 0.000010 0.035465 0.236071 0.087224
0.398907 0.000010 0.000010 0.111002 0.000010 0.000010 0.013375 0.476667 0.000010
0.331651 0.000010 0.000010 0.208591 0.000016 0.095158 0.000010 0.138563 0.225990
0.366839 0.000010 0.036135 0.255187 0.002026 0.020716 0.000010 0.319067 0.000010
0.745935 0.011082 0.000010 0.002436 0.000010 0.000010 0.002231 0.238276 0.000010
0.657830 0.043735 0.000010 0.000010 0.000010 0.000010 0.000010 0.168814 0.129571
0.646695 0.000010 0.008613 0.000010 0.000010 0.000010 0.053020 0.291622 0.000010
0.564554 0.000010 0.071477 0.070697 0.085126 0.077589 0.000010 0.078265 0.052273
0.473503 0.000010 0.085571 0.024362 0.000010 0.000010 0.096835 0.086232 0.233466
0.457486 0.000010 0.164999 0.000010 0.000010 0.000010 0.046743 0.191985 0.138747
0.607543 0.000010 0.000010 0.000010 0.000010 0.009588 0.047790 0.335028 0.000010
0.313407 0.000010 0.000010 0.116017 0.000010 0.000011 0.113843 0.456683 0.000010
0.438427 0.000010 0.224031 0.000010 0.000010 0.000010 0.000010 0.332758 0.004734
0.524148 0.000010 0.000010 0.000010 0.074333 0.017945 0.016403 0.228738 0.138403
0.429777 0.030719 0.033205 0.069730 0.124551 0.002246 0.049910 0.186120 0.073743
0.674487 0.032327 0.176085 0.000010 0.010841 0.048061 0.000010 0.058168 0.000010
0.488390 0.025424 0.110108 0.021517 0.000010 0.000010 0.000010 0.354520 0.000010
0.406232 0.000010 0.000010 0.000010 0.000010 0.037079 0.168958 0.259464 0.128227
0.629145 0.000010 0.000010 0.025806 0.000010 0.000010 0.044210 0.300788 0.000010
0.000010 0.052841 0.587097 0.000010 0.002232 0.000010 0.335306 0.009088 0.013405
0.000010 0.036141 0.633393 0.062404 0.000010 0.000010 0.268011 0.000010 0.000010
0.000010 0.000010 0.679754 0.000010 0.128493 0.000010 0.191694 0.000010 0.000010
0.051171 0.000010 0.682463 0.000010 0.000010 0.021230 0.237842 0.000010 0.007254
0.000010 0.064903 0.563397 0.000010 0.018957 0.049585 0.269519 0.019256 0.014363
0.000010 0.057477 0.753536 0.000010 0.000010 0.000010 0.188928 0.000010 0.000010
0.000010 0.000010 0.681686 0.000010 0.018386 0.011483 0.228722 0.000010 0.059682
0.005694 0.062026 0.615985 0.000010 0.108881 0.000010 0.126381 0.081003 0.000010
0.081060 0.004900 0.664946 0.000010 0.006838 0.000010 0.242216 0.000010 0.000010
0.031588 0.000010 0.772017 0.000010 0.009898 0.000010 0.186447 0.000010 0.000010
0.000011 0.008668 0.634353 0.006022 0.000010 0.000010 0.147789 0.203127 0.000010
0.081407 0.099585 0.437718 0.000010 0.000010 0.000010 0.381240 0.000010 0.000010
0.000010 0.065286 0.766744 0.000010 0.000010 0.000010 0.167909 0.000010 0.000010
0.000010 0.001735 0.748365 0.000010 0.000010 0.000010 0.133755 0.082534 0.033571
0.000010 0.125155 0.623159 0.000800 0.000010 0.000010 0.232746 0.018100 0.000010
0.000010 0.015124 0.738348 0.000010 0.029902 0.031933 0.184652 0.000010 0.000010
0.000010 0.000010 0.705509 0.000010 0.000010 0.000010 0.244603 0.000010 0.049828
0.038927 0.037920 0.655597 0.000010 0.000010 0.000010 0.249123 0.000010 0.018393
0.000010 0.000010 0.622984 0.033503 0.003499 0.000010 0.308553 0.031421 0.000010
0.107892 0.000010 0.695684 0.000010 0.075936 0.000011 0.107631 0.000010 0.012817
0.000010 0.000010 0.716329 0.000010 0.042829 0.014838 0.225955 0.000010 0.000010
0.000010 0.107403 0.613438 0.000010 0.000010 0.000010 0.243862 0.035248 0.000010
0.054000 0.000010 0.631011 0.015744 0.000010 0.034955 0.264250 0.000010 0.000010
0.000010 0.048725 0.714082 0.000010 0.000010 0.000010 0.237133 0.000010 0.000010
0.000010 0.000010 0.750314 0.000011 0.074799 0.010474 0.154527 0.009844 0.000010
0.000010 0.000010 0.504633 0.000010 0.000010 0.031745 0.411529 0.052042 0.000010
0.000010 0.000010 0.626534 0.000010 0.000010 0.000010 0.339102 0.034305 0.000010
0.000010 0.000010 0.655198 0.018604 0.000010 0.000010 0.326138 0.000010 0.000010
0.000010 0.021969 0.520096 0.000010 0.000010 0.030967 0.365761 0.045646 0.015531
0.000010 0.026255 0.600098 0.000010 0.060276 0.000010 0.231948 0.081382 0.000010
0.000010 0.068508 0.563586 0.000010 0.000010 0.000010 0.367846 0.000010 0.000010
0.040816 0.087055 0.549300 0.000010 0.000010 0.000010 0.322779 0.000010 0.000010
0.012484 0.000010 0.470216 0.058135 0.000010 0.000010 0.417308 0.000010 0.041817
0.000010 0.000010 0.643136 0.051065 0.064855 0.000010 0.227820 0.012077 0.001017
0.000010 0.000010 0.474339 0.000010 0.116515 0.000010 0.343564 0.065532 0.000010
0.028401 0.000010 0.713561 0.000010 0.009247 0.000010 0.239047 0.009704 0.000010
0.000010 0.000010 0.642489 0.000010 0.000010 0.000010 0.357441 0.000010 0.000010
0.000010 0.000010 0.570443 0.000010 0.088843 0.061014 0.279650 0.000010 0.000010
0.081634 0.000010 0.549455 0.000010 0.074124 0.000010 0.278422 0.016325 0.000010
0.000010 0.002522 0.000010 0.000010 0.790684 0.045149 0.161595 0.000010 0.000010
0.000010 0.001577 0.000010 0.000010 0.967857 0.000010 0.030506 0.000010 0.000010
0.000010 0.048207 0.778430 0.010577 0.014796 0.000010 0.147950 0.000010 0.000010
0.000010 0.041925 0.610796 0.031523 0.036750 0.000010 0.278965 0.000010 0.000010
0.372028 0.000010 0.000010 0.385750 0.162469 0.000010 0.000010 0.079703 0.000010
0.210629 0.038436 0.000010 0.486897 0.000010 0.000010 0.000010 0.263988 0.000010
0.422182 0.000010 0.000010 0.359080 0.131850 0.000010 0.000010 0.037674 0.049173
0.366032 0.000010 0.029214 0.395972 0.000010 0.049319 0.000010 0.126979 0.032453
0.336541 0.003371 0.000010 0.399684 0.000010 0.000010 0.095742 0.164622 0.000010
0.183087 0.000010 0.000010 0.501568 0.008401 0.012077 0.000010 0.294826 0.000010
0.304633 0.095283 0.000010 0.279117 0.022498 0.000010 0.068857 0.229582 0.000010
0.286593 0.000010 0.015223 0.503116 0.024831 0.000010 0.000010 0.170197 0.000010
0.495382 0.000010 0.004652 0.204760 0.000010 0.069169 0.048989 0.177018 0.000010
0.150709 0.000010 0.000010 0.389924 0.000010 0.000010 0.000010 0.459308 0.000010
0.358561 0.077516 0.059988 0.398757 0.000010 0.030171 0.000012 0.074976 0.000010
0.213864 0.000015 0.000010 0.516608 0.000012 0.000011 0.084665 0.184804 0.000010
0.645855 0.000010 0.077298 0.209327 0.008521 0.000010 0.000010 0.058959 0.000010
0.000010 0.000010 0.673096 0.000010 0.000010 0.000010 0.318420 0.008424 0.000010
0.000010 0.000010 0.754306 0.000010 0.000010 0.000010 0.245624 0.000010 0.000010
0.000010 0.000010 0.739401 0.000010 0.000010 0.000010 0.260529 0.000010 0.000010
0.000010 0.000010 0.646626 0.000010 0.060129 0.024717 0.246171 0.022317 0.000010
0.000010 0.080285 0.732502 0.000010 0.000010 0.000010 0.187153 0.000010 0.000010
0.000010 0.067830 0.532074 0.000010 0.109402 0.018587 0.272066 0.000010 0.000010
0.000010 0.045945 0.573368 0.000010 0.112033 0.000010 0.236911 0.000010 0.031703
0.000010 0.000010 0.678036 0.000010 0.051958 0.000010 0.269946 0.000010 0.000010
0.000010 0.000010 0.730552 0.000010 0.055577 0.000010 0.213811 0.000010 0.000010
0.000010 0.000010 0.589318 0.000010 0.000010 0.049957 0.360665 0.000010 0.000010
0.000010 0.000010 0.777647 0.000010 0.000010 0.000010 0.222283 0.000010 0.000010
0.000010 0.000010 0.783738 0.054290 0.000010 0.000010 0.161913 0.000010 0.000010
