0.140324 0.070987 0.092002 0.028995 0.000010 0.000010 0.036145 0.631518 0.000010
0.279202 0.000010 0.000010 0.000010 0.042811 0.000010 0.054410 0.498984 0.124552
0.215519 0.091486 0.149536 0.000010 0.000010 0.000010 0.088861 0.454558 0.000010
0.330172 0.016745 0.000010 0.205245 0.152645 0.092603 0.059289 0.143280 0.000010
0.419052 0.000011 0.000010 0.103236 0.000010 0.000010 0.151461 0.259008 0.067202
0.177078 0.069756 0.000010 0.142498 0.032224 0.017900 0.108422 0.263704 0.188407
0.338620 0.000010 0.003531 0.236508 0.000010 0.000010 0.017400 0.403900 0.000010
0.349752 0.000010 0.130150 0.132808 0.000010 0.000010 0.064212 0.323037 0.000010
0.137342 0.000010 0.235757 0.161878 0.044970 0.082668 0.042797 0.216538 0.078041
0.368254 0.016936 0.000010 0.000010 0.015988 0.116302 0.211932 0.241696 0.028871
0.200682 0.000010 0.013455 0.172643 0.003972 0.000010 0.093260 0.476419 0.039549
0.246216 0.000010 0.000010 0.302854 0.000010 0.032379 0.086508 0.254522 0.077491
0.245818 0.000010 0.000010 0.255445 0.042502 0.041854 0.062126 0.352225 0.000010
0.308750 0.000010 0.000010 0.092596 0.162507 0.038274 0.172180 0.225664 0.000010
0.139717 0.000010 0.167842 0.165222 0.000010 0.000010 0.094874 0.432304 0.000010
0.249131 0.000010 0.009137 0.198363 0.082956 0.000010 0.120642 0.339741 0.000010
0.372003 0.006392 0.000010 0.247751 0.016398 0.029403 0.032491 0.272007 0.023546
0.519811 0.000213 0.000010 0.000010 0.000010 0.000010 0.137792 0.342134 0.000010
0.136300 0.001694 0.121651 0.202939 0.016267 0.000010 0.189560 0.331570 0.000010
0.192284 0.000010 0.077028 0.000010 0.000010 0.000010 0.132227 0.598410 0.000010
0.383652 0.122185 0.003947 0.205075 0.099697 0.026381 0.000010 0.098245 0.060807
0.351362 0.000010 0.000010 0.145372 0.000010 0.008470 0.028715 0.466041 0.000010
0.052445 0.054541 0.000010 0.066348 0.141928 0.000676 0.113639 0.570402 0.000010
0.250196 0.000010 0.000010 0.159260 0.055379 0.059819 0.109581 0.365735 0.000010
0.327921 0.117372 0.000010 0.096043 0.000010 0.000010 0.060682 0.309626 0.088327
0.000018 0.075958 0.113317 0.307518 0.000010 0.000010 0.000010 0.359829 0.143331
0.068484 0.000010 0.040493 0.000010 0.000010 0.000010 0.285556 0.605417 0.000010
0.314924 0.073833 0.000010 0.142546 0.058619 0.021159 0.105677 0.229342 0.053889
0.206920 0.290047 0.057593 0.024250 0.000010 0.098589 0.005323 0.317258 0.000010
0.205734 0.000010 0.000010 0.165458 0.000010 0.000010 0.022263 0.505900 0.100606
0.220679 0.000010 0.071402 0.076369 0.000010 0.000010 0.000010 0.558680 0.072830
0.283522 0.000010 0.184575 0.065825 0.000010 0.000010 0.004199 0.461839 0.000010
0.219206 0.093372 0.266785 0.000010 0.000010 0.000010 0.091620 0.280097 0.048889
0.232947 0.000010 0.114225 0.179736 0.155978 0.000010 0.000010 0.317074 0.000010
0.087019 0.000010 0.000667 0.105487 0.000010 0.000010 0.403318 0.351539 0.051941
0.028021 0.066796 0.066341 0.162904 0.011369 0.000010 0.119908 0.364003 0.180649
0.087844 0.032493 0.106617 0.060263 0.000010 0.000579 0.225231 0.486953 0.000010
0.552891 0.000010 0.082460 0.089906 0.029506 0.000010 0.051782 0.148443 0.044993
0.274140 0.120258 0.000010 0.105516 0.000010 0.061969 0.000010 0.155289 0.282797
0.410080 0.118040 0.000010 0.099237 0.000010 0.000010 0.152844 0.219760 0.000010
0.229588 0.112337 0.000010 0.021685 0.047830 0.000010 0.254120 0.334409 0.000010
0.269835 0.000010 0.033153 0.074932 0.000010 0.000010 0.101221 0.373395 0.147434
0.086333 0.062215 0.000010 0.259712 0.000010 0.000010 0.128785 0.462916 0.000010
0.498948 0.000010 0.000010 0.026371 0.000010 0.000010 0.060988 0.413643 0.000010
0.226769 0.000010 0.000010 0.000010 0.067513 0.000010 0.112366 0.593302 0.000010
0.212424 0.072842 0.029717 0.000010 0.099030 0.080368 0.106415 0.398962 0.000231
0.079336 0.038592 0.053369 0.064905 0.126583 0.042201 0.118691 0.476314 0.000010
0.498914 0.066883 0.077528 0.000010 0.000010 0.048487 0.032668 0.275491 0.000010
0.131735 0.254387 0.216342 0.000010 0.000010 0.012185 0.314604 0.070717 0.000010
0.311601 0.089720 0.185091 0.000010 0.023375 0.060411 0.208342 0.121440 0.000010
0.112155 0.041100 0.454956 0.000010 0.035805 0.086543 0.269403 0.000017 0.000010
0.124186 0.072184 0.550314 0.021571 0.176031 0.000010 0.000010 0.033788 0.021906
0.000010 0.121094 0.055107 0.129380 0.036658 0.010781 0.199445 0.447516 0.000010
0.120125 0.023336 0.360834 0.000010 0.004177 0.012730 0.258348 0.220431 0.000010
0.151174 0.000010 0.480040 0.296244 0.010845 0.014084 0.004807 0.042787 0.000010
0.206858 0.051931 0.072082 0.097745 0.069848 0.000010 0.306825 0.194690 0.000010
0.043601 0.000010 0.105452 0.287482 0.000010 0.071049 0.133573 0.349434 0.009388
0.144870 0.000010 0.297654 0.075896 0.000010 0.068160 0.097204 0.316185 0.000010
0.045558 0.134746 0.399333 0.006819 0.009138 0.000010 0.195102 0.209284 0.000010
0.057066 0.000010 0.154639 0.237954 0.013569 0.085066 0.252216 0.199471 0.000010
0.172163 0.020797 0.379016 0.007624 0.000010 0.000010 0.208973 0.211397 0.000010
0.080537 0.000010 0.258500 0.000012 0.000010 0.002490 0.218415 0.400698 0.039329
0.424766 0.000010 0.235103 0.173680 0.008189 0.000010 0.128016 0.000010 0.030216
0.505997 0.055284 0.184960 0.029696 0.000010 0.000010 0.100332 0.123701 0.000010
0.000010 0.000010 0.121602 0.064777 0.001153 0.000010 0.356060 0.456367 0.000010
0.200663 0.026530 0.427414 0.171112 0.023628 0.000010 0.002100 0.148534 0.000010
0.070132 0.063360 0.506567 0.015798 0.052792 0.013706 0.163635 0.112832 0.001179
0.172005 0.125672 0.185347 0.036976 0.000010 0.000010 0.320530 0.159439 0.000010
0.000010 0.084604 0.272407 0.171244 0.000010 0.028450 0.264543 0.178721 0.000010
0.317997 0.000010 0.078056 0.200604 0.050237 0.077031 0.033153 0.218658 0.024254
0.124441 0.000010 0.000010 0.000010 0.000010 0.142784 0.066720 0.189922 0.476093
0.404341 0.000010 0.000010 0.024458 0.072617 0.067602 0.000010 0.430943 0.000010
0.147369 0.057263 0.043679 0.364451 0.015943 0.050490 0.035223 0.285571 0.000010
0.424791 0.000010 0.127969 0.000010 0.000010 0.131627 0.000010 0.315563 0.000010
0.320411 0.000010 0.000010 0.098264 0.029180 0.000010 0.028061 0.471271 0.052782
0.440430 0.103848 0.000011 0.151326 0.000010 0.027686 0.062413 0.214265 0.000010
0.158944 0.000010 0.000010 0.232825 0.129646 0.000010 0.139530 0.290460 0.048565
0.268303 0.000010 0.000010 0.000010 0.052999 0.103853 0.098742 0.476064 0.000010
0.126684 0.000010 0.000010 0.099652 0.000010 0.000010 0.237040 0.536573 0.000010
0.527293 0.000010 0.107979 0.000010 0.090296 0.000010 0.139844 0.134548 0.000010
0.242692 0.000010 0.000010 0.000010 0.000010 0.000010 0.255171 0.502078 0.000010
0.227850 0.000010 0.052908 0.056093 0.000010 0.113341 0.079940 0.335282 0.134566
0.399394 0.192795 0.014284 0.022623 0.000010 0.000010 0.006966 0.363908 0.000010
0.301712 0.047456 0.000010 0.081786 0.010693 0.000010 0.024970 0.533354 0.000010
0.518667 0.000010 0.030219 0.041857 0.046136 0.000010 0.051087 0.312004 0.000010
0.043613 0.000010 0.009626 0.046400 0.000010 0.093076 0.243040 0.564216 0.000010
0.491282 0.000010 0.000010 0.014046 0.000010 0.000010 0.079829 0.414793 0.000010
0.554589 0.081697 0.003425 0.000010 0.000010 0.000010 0.121433 0.238816 0.000010
0.437610 0.000010 0.002947 0.166281 0.109958 0.000010 0.037127 0.196498 0.049559
0.481297 0.000010 0.000010 0.000010 0.000010 0.000010 0.000010 0.518633 0.000010
0.217682 0.100218 0.000010 0.000010 0.000010 0.000010 0.070741 0.571600 0.039720
0.289232 0.198678 0.000010 0.000010 0.000010 0.000010 0.105221 0.327437 0.079393
0.091154 0.127281 0.133148 0.216565 0.000010 0.000010 0.000010 0.431812 0.000010
0.418712 0.000010 0.005751 0.135397 0.000010 0.096123 0.031159 0.312829 0.000010
0.393772 0.000010 0.000010 0.108714 0.000010 0.000010 0.185960 0.311504 0.000010
0.298501 0.000010 0.007642 0.000010 0.000010 0.000010 0.122433 0.571374 0.000010
0.394462 0.000010 0.042912 0.000010 0.062916 0.000010 0.150512 0.346979 0.002189
0.116630 0.000010 0.066832 0.060938 0.048098 0.000010 0.069701 0.637772 0.000010
0.157537 0.074277 0.000010 0.131257 0.030019 0.014116 0.131266 0.461507 0.000010
0.094929 0.048357 0.077860 0.286675 0.007229 0.000010 0.059553 0.295396 0.129991
0.232174 0.020886 0.000010 0.123979 0.074346 0.138209 0.000010 0.184173 0.226213
0.210249 0.000010 0.000010 0.000010 0.028254 0.064784 0.000010 0.184465 0.512208
0.014200 0.000011 0.000010 0.206613 0.000010 0.000010 0.200005 0.479401 0.099739
0.249504 0.000010 0.000010 0.378099 0.042111 0.000010 0.102892 0.227354 0.000010
0.144625 0.000010 0.031374 0.085081 0.075788 0.000010 0.097633 0.565469 0.000010
0.386199 0.000010 0.018094 0.055863 0.000010 0.054961 0.123344 0.361509 0.000010
0.153573 0.087360 0.000010 0.057558 0.000010 0.000010 0.133213 0.528551 0.039716
0.061996 0.011423 0.000010 0.059576 0.000010 0.000010 0.330311 0.536654 0.000010
0.388816 0.000010 0.043021 0.000010 0.000010 0.000010 0.186779 0.381334 0.000010
0.293842 0.011813 0.000010 0.000010 0.065045 0.017790 0.055767 0.555714 0.000010
0.097297 0.000010 0.066642 0.000010 0.210423 0.071696 0.108411 0.445500 0.000010
0.192753 0.000010 0.000010 0.053634 0.048626 0.000010 0.185263 0.519684 0.000010
0.207392 0.005293 0.035010 0.123463 0.098239 0.034348 0.068667 0.427577 0.000010
0.275257 0.023336 0.000010 0.045735 0.000010 0.018529 0.096420 0.521174 0.019529
0.313053 0.000010 0.036445 0.000010 0.148807 0.000010 0.057420 0.444235 0.000010
0.161612 0.000010 0.000010 0.233737 0.132000 0.044764 0.070286 0.357572 0.000010
0.137851 0.021446 0.000010 0.236366 0.000010 0.000010 0.204589 0.399708 0.000010
0.246441 0.036275 0.073308 0.017802 0.000010 0.000010 0.164733 0.376394 0.085027
0.192686 0.000010 0.000010 0.001989 0.000010 0.000010 0.260998 0.462103 0.082184
0.286467 0.000010 0.000010 0.135414 0.108947 0.000010 0.057354 0.411778 0.000010
0.176807 0.004814 0.000010 0.000010 0.000010 0.000010 0.198962 0.538114 0.081263
0.232036 0.187284 0.088167 0.116154 0.019734 0.043384 0.000010 0.313221 0.000010
0.220220 0.000010 0.000010 0.158809 0.020642 0.000010 0.108178 0.492111 0.000010
0.000010 0.051793 0.058777 0.060740 0.170149 0.000010 0.220163 0.438348 0.000010
0.070576 0.000010 0.000010 0.000010 0.000010 0.000010 0.207927 0.721438 0.000010
0.351556 0.000010 0.109383 0.164725 0.045697 0.012575 0.000010 0.316034 0.000010
0.291327 0.053136 0.095312 0.021597 0.000010 0.000010 0.071093 0.467504 0.000010
0.057334 0.000010 0.000010 0.079995 0.000010 0.000010 0.228936 0.633685 0.000010
0.340276 0.195459 0.033441 0.032310 0.000010 0.000010 0.026104 0.372380 0.000010
0.494769 0.000010 0.085517 0.000010 0.074648 0.000010 0.123456 0.221570 0.000010
0.000010 0.000010 0.013546 0.160337 0.000010 0.027985 0.418635 0.379456 0.000010
0.122511 0.000010 0.000010 0.185986 0.000010 0.033850 0.248670 0.408942 0.000010
0.214313 0.000010 0.046934 0.148827 0.109979 0.039344 0.107410 0.333173 0.000010
0.399776 0.000010 0.104140 0.000010 0.047296 0.000010 0.000010 0.448738 0.000010
0.378911 0.091498 0.039413 0.059434 0.000010 0.002635 0.000010 0.412513 0.015576
0.187913 0.075764 0.000010 0.257167 0.086527 0.000010 0.000010 0.392590 0.000010
0.217998 0.000010 0.100942 0.058301 0.058036 0.000010 0.177847 0.386846 0.000010
0.280962 0.000010 0.076265 0.000010 0.000010 0.037828 0.224574 0.380330 0.000010
0.249747 0.061097 0.000010 0.000010 0.000010 0.000010 0.219248 0.469858 0.000010
0.074881 0.000010 0.314725 0.143043 0.000010 0.029777 0.071211 0.308509 0.057834
0.344979 0.000010 0.000010 0.105213 0.106389 0.000010 0.000010 0.443369 0.000010
0.000018 0.000011 0.000010 0.052554 0.077002 0.000010 0.267824 0.542310 0.060261
0.262735 0.078895 0.201242 0.196904 0.000010 0.000010 0.025596 0.234597 0.000010
0.340738 0.000010 0.000010 0.153158 0.018905 0.013087 0.082842 0.391241 0.000010
0.029806 0.003997 0.000010 0.000010 0.197065 0.000010 0.141459 0.564546 0.063098
0.109911 0.003740 0.089426 0.072345 0.021433 0.053494 0.142508 0.507134 0.000010
0.195930 0.000010 0.000010 0.226411 0.110080 0.000010 0.019259 0.448281 0.000010
0.077867 0.000010 0.000010 0.027058 0.184658 0.053682 0.140383 0.516322 0.000010
0.354257 0.055460 0.055152 0.000010 0.034847 0.000010 0.133745 0.366509 0.000010
0.348797 0.000010 0.000010 0.000011 0.315548 0.000010 0.052922 0.282681 0.000010
0.223616 0.040942 0.000010 0.060665 0.039830 0.028311 0.111453 0.495162 0.000010
0.183396 0.024116 0.000010 0.036999 0.002529 0.096728 0.101515 0.554696 0.000010
0.217203 0.017424 0.000010 0.280576 0.000010 0.105257 0.093941 0.285569 0.000010
0.230839 0.022016 0.033713 0.055855 0.113997 0.038009 0.006332 0.499229 0.000010
0.269465 0.133844 0.000010 0.094941 0.000010 0.045848 0.147674 0.308198 0.000010
0.347580 0.046519 0.000971 0.000010 0.056412 0.000010 0.213341 0.335147 0.000010
0.221907 0.000010 0.060585 0.218715 0.024918 0.000010 0.085176 0.388669 0.000010
0.109587 0.000010 0.000010 0.000010 0.000010 0.066795 0.145980 0.654454 0.023143
0.400923 0.000010 0.000010 0.047788 0.074003 0.000010 0.014054 0.427058 0.036143
0.256798 0.000010 0.022294 0.056411 0.136084 0.033393 0.130188 0.364812 0.000010
0.201115 0.158091 0.000010 0.056775 0.000010 0.019021 0.019523 0.545444 0.000010
0.259762 0.000010 0.000010 0.000010 0.150669 0.000010 0.180419 0.409100 0.000010
0.068040 0.000010 0.208518 0.133674 0.009484 0.000010 0.139062 0.441192 0.000010
0.000010 0.000011 0.453917 0.074716 0.000010 0.026392 0.158843 0.286091 0.000010
0.000010 0.000010 0.137922 0.291896 0.000010 0.000010 0.138280 0.431853 0.000010
0.115401 0.043473 0.000010 0.134469 0.000010 0.000010 0.203875 0.476574 0.026177
0.019526 0.103716 0.147086 0.000012 0.000010 0.027814 0.124324 0.540568 0.036944
0.215457 0.000010 0.135711 0.139243 0.000010 0.020941 0.064918 0.423700 0.000010
0.250606 0.000010 0.016596 0.112003 0.000010 0.000010 0.172495 0.448259 0.000010
0.210321 0.094509 0.125213 0.000010 0.008614 0.000010 0.167196 0.394116 0.000010
0.173467 0.000010 0.000010 0.322952 0.000010 0.000010 0.107907 0.395624 0.000010
0.169298 0.000010 0.033979 0.209362 0.000010 0.000010 0.113977 0.473344 0.000010
0.221373 0.000010 0.000010 0.043136 0.115861 0.000010 0.223027 0.396563 0.000010
0.237175 0.088530 0.053679 0.000010 0.000010 0.000010 0.272312 0.348265 0.000010
0.289869 0.000010 0.038238 0.014045 0.000010 0.033386 0.138593 0.485839 0.000010
0.201488 0.041541 0.159690 0.018578 0.000010 0.000010 0.054251 0.524421 0.000010
0.418919 0.042833 0.000010 0.000010 0.047705 0.019862 0.154461 0.316191 0.000010
0.063514 0.000010 0.000010 0.162853 0.058746 0.000010 0.262012 0.363713 0.089133
0.164436 0.000010 0.000013 0.107776 0.000010 0.035846 0.171234 0.520667 0.000010
0.053236 0.000010 0.079445 0.000010 0.135575 0.000010 0.246469 0.485235 0.000010
0.061904 0.100451 0.286181 0.123141 0.000010 0.066394 0.020659 0.341251 0.000010
0.164979 0.000010 0.055093 0.293992 0.000011 0.075459 0.068183 0.342263 0.000010
0.111334 0.000010 0.103857 0.053724 0.013114 0.000010 0.101083 0.616858 0.000010
0.000010 0.000010 0.170829 0.260047 0.056435 0.033880 0.157223 0.321556 0.000010
0.202151 0.130490 0.115341 0.040992 0.000010 0.000010 0.185733 0.325264 0.000010
0.179398 0.000010 0.000010 0.000010 0.062717 0.000010 0.149492 0.608342 0.000010
0.055319 0.000010 0.000010 0.174803 0.031304 0.000010 0.165745 0.572789 0.000010
0.000010 0.000010 0.068802 0.047178 0.000010 0.291431 0.000010 0.000010 0.592539
0.000010 0.000010 0.020295 0.000010 0.000010 0.383913 0.000010 0.000010 0.595731
0.043756 0.019992 0.004138 0.000010 0.000010 0.484873 0.000010 0.024093 0.423118
0.000010 0.000010 0.000010 0.000010 0.026323 0.459073 0.000010 0.000010 0.514544
0.000010 0.000010 0.000010 0.000010 0.000010 0.311718 0.000010 0.000010 0.688212
0.000010 0.000010 0.038594 0.000010 0.000010 0.412404 0.000010 0.000010 0.548942
0.000010 0.000010 0.027947 0.000010 0.000010 0.587659 0.041287 0.000010 0.343057
0.000010 0.000010 0.000010 0.000010 0.000010 0.372841 0.000010 0.000010 0.627089
0.000010 0.008237 0.000010 0.000010 0.024779 0.399637 0.000010 0.007373 0.559934
0.000010 0.022095 0.000010 0.000010 0.000010 0.402164 0.000010 0.000010 0.575680
0.000010 0.000010 0.000010 0.000010 0.030850 0.201160 0.003994 0.000010 0.763946
0.000010 0.010481 0.000010 0.000010 0.019042 0.470958 0.000010 0.000010 0.499469
0.000010 0.000010 0.000010 0.022964 0.000010 0.379657 0.000010 0.000010 0.597318
0.000010 0.020642 0.000010 0.000010 0.000010 0.567798 0.025437 0.000010 0.386074
0.002355 0.000010 0.034673 0.056356 0.014810 0.103621 0.000010 0.000010 0.788156
0.029036 0.000010 0.000010 0.000010 0.000010 0.306469 0.000010 0.000010 0.664435
0.000010 0.002980 0.000010 0.000010 0.004591 0.308052 0.000010 0.000010 0.684326
0.008695 0.000010 0.000010 0.057485 0.000010 0.481750 0.000010 0.000010 0.452019
0.024424 0.036644 0.000010 0.000010 0.000010 0.361831 0.000010 0.000010 0.577051
0.000010 0.000010 0.000010 0.000010 0.000010 0.405584 0.000010 0.000010 0.594346
0.000010 0.000010 0.000010 0.061822 0.000010 0.354819 0.000010 0.000010 0.583299
0.000010 0.000010 0.000010 0.000010 0.000010 0.268419 0.000010 0.000010 0.731511
0.000010 0.058072 0.000010 0.000010 0.000010 0.316887 0.000010 0.000010 0.624981
0.000010 0.004257 0.072493 0.000010 0.000010 0.516298 0.015780 0.000010 0.391133
0.000010 0.000010 0.000010 0.075064 0.000010 0.149528 0.000010 0.000010 0.775349
0.000010 0.000010 0.000010 0.084322 0.000010 0.219246 0.079491 0.000010 0.616891
0.003646 0.003755 0.048525 0.020672 0.000010 0.671424 0.019151 0.000010 0.232807
0.000010 0.047800 0.000010 0.000010 0.002438 0.420662 0.000010 0.000010 0.529050
0.044119 0.000010 0.000010 0.000010 0.881225 0.007599 0.067007 0.000010 0.000010
0.332616 0.000010 0.052754 0.311873 0.000010 0.000010 0.000010 0.302707 0.000010
0.465554 0.026465 0.000010 0.272942 0.051919 0.000010 0.000010 0.183080 0.000010
0.336714 0.114308 0.084573 0.268279 0.051706 0.029871 0.108118 0.006422 0.000010
0.318915 0.000010 0.057748 0.503142 0.000010 0.000010 0.000010 0.120145 0.000010
0.459979 0.000010 0.000010 0.308534 0.000010 0.000010 0.080652 0.150785 0.000010
0.400476 0.000010 0.075765 0.341778 0.082876 0.000010 0.000010 0.099064 0.000010
0.408164 0.000010 0.123765 0.318853 0.083974 0.000010 0.065203 0.000011 0.000010
0.342511 0.000010 0.000010 0.394621 0.000010 0.012155 0.000010 0.250663 0.000010
0.389716 0.000010 0.088563 0.340872 0.044589 0.000010 0.000010 0.136220 0.000010
0.235086 0.054049 0.015725 0.312450 0.090434 0.000010 0.050970 0.241265 0.000010
0.308846 0.000010 0.014543 0.356151 0.000010 0.052700 0.051130 0.216600 0.000010
0.490008 0.024897 0.027608 0.331933 0.000010 0.011495 0.000010 0.114028 0.000010
0.534715 0.138183 0.005318 0.251660 0.000010 0.000010 0.022360 0.047734 0.000010
0.518092 0.014196 0.000010 0.391792 0.000010 0.051840 0.000010 0.004110 0.019940
0.355966 0.000010 0.084912 0.322944 0.020412 0.000010 0.079292 0.136444 0.000010
0.396134 0.071013 0.000010 0.301248 0.057676 0.000010 0.000010 0.173888 0.000010
0.495805 0.000010 0.104060 0.312524 0.000010 0.000010 0.000010 0.087560 0.000010
0.457993 0.000010 0.000010 0.304256 0.000010 0.000010 0.075764 0.161937 0.000010
0.666634 0.000010 0.000010 0.286633 0.027657 0.000010 0.000010 0.019026 0.000010
0.134772 0.000010 0.000010 0.610870 0.000010 0.000010 0.007436 0.246872 0.000010
0.382383 0.000010 0.017261 0.373914 0.030689 0.000010 0.074293 0.121431 0.000010
0.466209 0.000010 0.000010 0.306137 0.000010 0.047370 0.006943 0.173301 0.000010
0.466332 0.000010 0.000010 0.339267 0.114992 0.000010 0.025826 0.053543 0.000010
0.054272 0.000010 0.000010 0.503919 0.012711 0.000010 0.185713 0.243345 0.000010
0.288055 0.000010 0.132561 0.510571 0.000010 0.000010 0.044282 0.024491 0.000010
0.343850 0.000010 0.000010 0.405564 0.015738 0.000010 0.132455 0.102354 0.000010
0.468117 0.036062 0.053110 0.217224 0.000010 0.000010 0.000010 0.225447 0.000010
0.635994 0.027255 0.000010 0.104074 0.134954 0.014922 0.000010 0.082771 0.000010
0.000010 0.034783 0.000010 0.000010 0.965147 0.000010 0.000010 0.000010 0.000010
0.000010 0.040624 0.000010 0.000010 0.959306 0.000010 0.000010 0.000010 0.000010
0.000010 0.021800 0.000010 0.000010 0.944869 0.000010 0.033271 0.000010 0.000010
0.000010 0.004475 0.000010 0.000010 0.995455 0.000010 0.000010 0.000010 0.000010
0.000010 0.000010 0.216164 0.000010 0.526835 0.000010 0.256941 0.000010 0.000010
0.000010 0.000010 0.000010 0.000010 0.999920 0.000010 0.000010 0.000010 0.000010
0.000010 0.000010 0.000010 0.000010 0.900288 0.000010 0.099642 0.000010 0.000010
0.000010 0.014642 0.000010 0.000010 0.862974 0.000010 0.098369 0.000010 0.023965
0.000010 0.000010 0.007862 0.000010 0.992068 0.000010 0.000010 0.000010 0.000010
0.000010 0.000010 0.000010 0.000010 0.999920 0.000010 0.000010 0.000010 0.000010
0.000010 0.000010 0.000010 0.000010 0.954464 0.000010 0.045466 0.000010 0.000010
0.000010 0.022140 0.000010 0.000010 0.977790 0.000010 0.000010 0.000010 0.000010
0.000013 0.000010 0.000010 0.000010 0.934470 0.000010 0.047721 0.000010 0.017746
0.000010 0.013408 0.000010 0.000010 0.977019 0.000010 0.000010 0.000010 0.009513
0.000010 0.000010 0.056988 0.000010 0.910311 0.004736 0.013615 0.014310 0.000010
0.000010 0.000010 0.000010 0.000010 0.999920 0.000010 0.000010 0.000010 0.000010
0.000010 0.000010 0.006844 0.000010 0.949881 0.000010 0.043214 0.000010 0.000010
0.718653 0.000010 0.000010 0.128127 0.000010 0.000010 0.000010 0.153160 0.000010
0.535993 0.000010 0.000010 0.000010 0.000010 0.000010 0.016833 0.414412 0.032711
0.610563 0.002846 0.000010 0.003619 0.000010 0.009940 0.031382 0.341620 0.000010
0.770154 0.000010 0.000010 0.000010 0.020598 0.000010 0.000010 0.209187 0.000010
0.468899 0.030226 0.035198 0.119477 0.000011 0.000010 0.088323 0.161356 0.096501
0.507449 0.000010 0.000010 0.285500 0.000010 0.000010 0.080241 0.126760 0.000010
0.427326 0.000010 0.000010 0.130351 0.000010 0.000010 0.000010 0.442264 0.000010
0.474743 0.151560 0.000011 0.102396 0.000010 0.000010 0.000010 0.234366 0.036895
0.388718 0.000010 0.000010 0.065579 0.000010 0.000010 0.046887 0.485862 0.012915
0.665405 0.000010 0.050651 0.000010 0.019119 0.000010 0.093237 0.171548 0.000010
0.521206 0.000010 0.000010 0.038655 0.085815 0.000010 0.000010 0.354275 0.000010
0.353245 0.000010 0.050214 0.233192 0.147447 0.012932 0.064444 0.068125 0.070390
0.687224 0.000010 0.000010 0.000010 0.000010 0.000010 0.000010 0.312706 0.000010
0.444527 0.021993 0.080959 0.000013 0.000010 0.000010 0.020949 0.412058 0.019481
0.632473 0.000010 0.043672 0.000010 0.000010 0.004496 0.077122 0.242196 0.000010
0.442534 0.000010 0.010909 0.045993 0.006062 0.000010 0.105983 0.386182 0.002318
0.597321 0.000010 0.114371 0.000010 0.009374 0.105866 0.000010 0.133989 0.039049
0.731630 0.000010 0.000010 0.067103 0.060079 0.000010 0.000010 0.141139 0.000010
0.418813 0.102991 0.114327 0.000010 0.050458 0.009499 0.066345 0.237548 0.000010
0.353534 0.000010 0.000010 0.282437 0.067963 0.000010 0.045976 0.250050 0.000010
0.522551 0.000010 0.000010 0.000010 0.155743 0.000010 0.021593 0.300063 0.000010
0.621097 0.000010 0.000010 0.088430 0.000010 0.026524 0.027612 0.236297 0.000010
0.575812 0.016776 0.019308 0.231998 0.022829 0.000010 0.039182 0.083892 0.010194
0.744120 0.096740 0.002280 0.000010 0.055745 0.000010 0.000010 0.101076 0.000010
0.553295 0.000010 0.000010 0.059119 0.064018 0.022482 0.058586 0.242469 0.000010
0.363905 0.084939 0.000010 0.142985 0.005902 0.000010 0.110655 0.291585 0.000010
0.142502 0.058325 0.072282 0.266358 0.000010 0.000010 0.073641 0.386863 0.000010
0.378639 0.000010 0.000010 0.075093 0.049673 0.000010 0.035248 0.455629 0.005688
0.554304 0.000010 0.000010 0.135686 0.000010 0.000010 0.000010 0.292948 0.017012
0.622646 0.000010 0.000010 0.000010 0.000010 0.000010 0.035653 0.341641 0.000010
0.725626 0.000010 0.000010 0.000010 0.025732 0.000010 0.000010 0.173268 0.075324
0.422848 0.000010 0.000010 0.015165 0.055791 0.070204 0.028649 0.407313 0.000010
0.643462 0.000010 0.000010 0.004198 0.110349 0.000010 0.042442 0.199509 0.000010
0.556180 0.056882 0.000010 0.064294 0.025879 0.000010 0.013376 0.283358 0.000010
0.558675 0.000010 0.000010 0.066589 0.000010 0.000010 0.070404 0.304282 0.000010
0.544330 0.000010 0.000010 0.142515 0.000010 0.000010 0.000010 0.264899 0.048206
0.383918 0.000010 0.000010 0.000010 0.058825 0.012781 0.192410 0.352026 0.000010
0.571604 0.000010 0.000010 0.000010 0.125318 0.000010 0.027844 0.275184 0.000010
0.544319 0.000010 0.037354 0.108612 0.000010 0.000010 0.000010 0.303679 0.005996
0.670879 0.000010 0.000010 0.000010 0.000010 0.000010 0.145946 0.183115 0.000010
0.430797 0.000010 0.053951 0.280248 0.103046 0.006644 0.000010 0.113033 0.012259
0.478897 0.000010 0.003599 0.210581 0.066216 0.000010 0.000010 0.240667 0.000010
0.548808 0.051429 0.005739 0.000010 0.035793 0.022374 0.014565 0.244060 0.077223
0.597520 0.111019 0.070843 0.000011 0.000010 0.113042 0.000010 0.107535 0.000010
0.356327 0.134112 0.000010 0.084946 0.000010 0.047671 0.028201 0.231730 0.116994
0.741621 0.046759 0.000010 0.000010 0.000010 0.009322 0.000010 0.202248 0.000010
0.356888 0.127160 0.005215 0.000010 0.000010 0.047608 0.081772 0.298715 0.082621
0.761177 0.000010 0.000010 0.003412 0.000010 0.000010 0.000010 0.235351 0.000010
0.401180 0.003987 0.041727 0.000010 0.067006 0.000010 0.095222 0.314844 0.076014
0.563020 0.000010 0.000010 0.021975 0.045848 0.000010 0.000010 0.369107 0.000010
0.432645 0.000010 0.020107 0.027933 0.175872 0.005478 0.000010 0.337935 0.000010
0.648649 0.021576 0.000010 0.000010 0.000010 0.056012 0.037401 0.236322 0.000010
0.669844 0.135961 0.000010 0.000010 0.000010 0.043549 0.000010 0.150596 0.000010
0.410938 0.004332 0.017896 0.075792 0.000010 0.073799 0.018859 0.356143 0.042231
0.448105 0.166662 0.032598 0.000010 0.049944 0.023239 0.014081 0.117193 0.148169
0.028209 0.092234 0.000010 0.066860 0.000010 0.110141 0.049111 0.000010 0.653416
0.588745 0.000010 0.000010 0.000588 0.000010 0.000010 0.033100 0.240722 0.136806
0.690163 0.000010 0.000010 0.000010 0.000010 0.037527 0.042272 0.188702 0.041296
0.701086 0.000010 0.027624 0.008052 0.000010 0.000010 0.000010 0.173379 0.089819
0.432615 0.000010 0.000010 0.087750 0.123162 0.086910 0.007625 0.261909 0.000010
0.710423 0.000010 0.000010 0.000010 0.000010 0.000010 0.029744 0.259774 0.000010
0.619576 0.000010 0.000010 0.060280 0.000010 0.000010 0.000010 0.320083 0.000010
0.530179 0.000010 0.048583 0.078066 0.105533 0.030013 0.007355 0.200253 0.000010
0.564841 0.000010 0.005055 0.066502 0.070618 0.015121 0.016195 0.188632 0.073026
0.497659 0.000010 0.000010 0.024788 0.000010 0.122119 0.000010 0.297276 0.058118
0.632437 0.000010 0.000010 0.000010 0.093996 0.021268 0.044809 0.097386 0.110074
0.423684 0.000010 0.000010 0.000010 0.095200 0.117714 0.017735 0.316807 0.028830
0.564022 0.036314 0.007357 0.011904 0.000010 0.000010 0.000010 0.380364 0.000010
0.433270 0.000010 0.000010 0.203103 0.153657 0.000010 0.000010 0.133113 0.076816
0.571248 0.222505 0.000010 0.077898 0.000010 0.000010 0.056779 0.071530 0.000010
0.394117 0.000010 0.000010 0.129518 0.064948 0.000010 0.077501 0.163096 0.170789
0.288561 0.015981 0.094903 0.158471 0.000010 0.100587 0.000010 0.000010 0.341467
0.626428 0.002524 0.000010 0.000010 0.000010 0.000010 0.000010 0.370987 0.000010
0.538804 0.000010 0.000010 0.000010 0.000010 0.032131 0.019699 0.315614 0.093713
0.608817 0.069542 0.000010 0.000010 0.000010 0.000010 0.000010 0.258843 0.062748
0.719220 0.000010 0.000010 0.000010 0.010044 0.000010 0.000265 0.270420 0.000010
0.546064 0.000010 0.049096 0.000010 0.028078 0.068448 0.000010 0.308274 0.000010
0.734817 0.000010 0.000010 0.000010 0.045528 0.015989 0.000010 0.203616 0.000010
0.233362 0.000010 0.001740 0.164259 0.081271 0.127657 0.000010 0.270477 0.121214
0.259746 0.062210 0.000010 0.279248 0.000010 0.091129 0.000010 0.045700 0.261936
0.771368 0.000010 0.000010 0.000010 0.135456 0.000010 0.000010 0.093116 0.000010
0.783630 0.032389 0.009945 0.000010 0.000010 0.000010 0.050996 0.123000 0.000010
0.502304 0.000010 0.000010 0.135477 0.000010 0.000010 0.000010 0.362159 0.000010
0.546897 0.041384 0.000010 0.000010 0.000010 0.039905 0.029126 0.229808 0.112850
0.548077 0.112739 0.007028 0.048456 0.019026 0.062691 0.000010 0.201963 0.000010
0.338375 0.105571 0.012626 0.003396 0.016079 0.144942 0.056014 0.322987 0.000010
0.553918 0.054510 0.000010 0.065978 0.000010 0.000010 0.000010 0.325545 0.000010
0.000010 0.003816 0.000010 0.000010 0.823538 0.019203 0.143230 0.010173 0.000010
0.000010 0.000010 0.007178 0.085231 0.789992 0.000010 0.117549 0.000010 0.000010
0.000010 0.000010 0.000010 0.000010 0.895310 0.000010 0.075961 0.028669 0.000010
0.065845 0.000015 0.000010 0.000010 0.740893 0.000010 0.193197 0.000010 0.000010
0.000010 0.000010 0.000010 0.006320 0.971812 0.000010 0.021809 0.000010 0.000010
0.000010 0.035579 0.048673 0.000010 0.732977 0.000011 0.182720 0.000010 0.000010
0.016827 0.000010 0.000010 0.000010 0.926479 0.056634 0.000010 0.000010 0.000010
0.575681 0.000010 0.000010 0.246463 0.073597 0.000010 0.104209 0.000010 0.000010
0.521690 0.001410 0.000010 0.214997 0.052848 0.022671 0.000010 0.186353 0.000010
0.458567 0.000010 0.000010 0.313238 0.000010 0.000010 0.000010 0.124998 0.103147
0.618745 0.000010 0.000010 0.109482 0.000010 0.000010 0.007634 0.242714 0.021385
0.350974 0.000010 0.090928 0.202113 0.022346 0.000010 0.000010 0.333599 0.000010
0.441247 0.000010 0.000010 0.359841 0.161999 0.000010 0.036863 0.000010 0.000010
0.623633 0.000010 0.000010 0.216506 0.000010 0.000010 0.062274 0.097537 0.000010
0.523893 0.047218 0.000010 0.050814 0.154771 0.021105 0.000010 0.052885 0.149294
0.515704 0.000010 0.005085 0.254315 0.000010 0.000010 0.031606 0.193251 0.000010
0.650356 0.000010 0.000010 0.200726 0.000010 0.000010 0.000010 0.148858 0.000010
0.602151 0.000010 0.000010 0.132738 0.052213 0.066430 0.000010 0.146427 0.000010
0.458455 0.033222 0.000010 0.229457 0.000010 0.017397 0.000010 0.261429 0.000010
0.706069 0.000010 0.000010 0.003661 0.082290 0.000010 0.051157 0.144523 0.012270
0.554008 0.066673 0.000010 0.000010 0.000010 0.029356 0.095135 0.254787 0.000010
0.526158 0.020451 0.089057 0.013862 0.008793 0.018354 0.000010 0.160728 0.162587
0.620362 0.000010 0.000010 0.000010 0.003465 0.064441 0.000010 0.240012 0.071680
0.457342 0.064548 0.000010 0.010005 0.096814 0.000010 0.097250 0.162842 0.111179
0.380767 0.000010 0.137682 0.141444 0.000010 0.000010 0.000010 0.266097 0.073969
0.474713 0.134308 0.009306 0.209572 0.102431 0.000010 0.000010 0.069640 0.000010
0.500132 0.000010 0.000011 0.000010 0.000010 0.000010 0.130569 0.241158 0.128091
0.457998 0.044353 0.000010 0.060789 0.068664 0.000010 0.000010 0.368157 0.000010
0.721442 0.000010 0.017984 0.085788 0.000010 0.000010 0.000010 0.174735 0.000010
0.429783 0.000010 0.000010 0.162149 0.005472 0.000010 0.000010 0.402545 0.000010
0.381538 0.000010 0.000010 0.128007 0.076255 0.052122 0.000010 0.362039 0.000010
0.355409 0.000010 0.039689 0.262337 0.052479 0.000010 0.013850 0.212169 0.064047
0.421661 0.000010 0.000010 0.328502 0.000010 0.000010 0.000010 0.249777 0.000010
0.473306 0.000010 0.051250 0.000010 0.081928 0.000010 0.145958 0.000010 0.247518
0.439478 0.000010 0.000010 0.000010 0.012706 0.000010 0.000010 0.484820 0.062946
0.475048 0.000010 0.000010 0.019167 0.048133 0.052663 0.000010 0.284863 0.120097
0.696402 0.000010 0.014485 0.187083 0.000010 0.000010 0.000010 0.101980 0.000010
0.406418 0.000010 0.000010 0.017557 0.128303 0.086107 0.000010 0.271937 0.089647
0.551531 0.000010 0.000010 0.000010 0.114532 0.041409 0.000010 0.292477 0.000010
0.605443 0.017036 0.029107 0.008330 0.000010 0.010848 0.000010 0.328499 0.000717
0.511830 0.000010 0.112910 0.064688 0.000010 0.059283 0.103747 0.115912 0.031611
0.733998 0.006010 0.000010 0.008419 0.013025 0.000010 0.000010 0.238508 0.000010
0.000010 0.840998 0.082295 0.000010 0.000010 0.000010 0.000010 0.076647 0.000010
0.000011 0.880224 0.033416 0.000010 0.000010 0.015489 0.070821 0.000010 0.000010
0.070003 0.843201 0.000010 0.000010 0.000010 0.000010 0.000010 0.086736 0.000010
0.000010 0.852756 0.095804 0.000010 0.004531 0.000010 0.046859 0.000010 0.000010
0.000010 0.088094 0.495466 0.042785 0.000010 0.000010 0.373605 0.000010 0.000010
0.001344 0.000010 0.439196 0.000010 0.005594 0.000010 0.553816 0.000010 0.000010
0.000010 0.000010 0.379203 0.000010 0.077781 0.006749 0.412805 0.123422 0.000010
0.073929 0.000010 0.623428 0.000010 0.000010 0.000010 0.302583 0.000010 0.000010
0.192333 0.001295 0.323579 0.042537 0.073250 0.000010 0.285633 0.060112 0.021252
0.077539 0.058980 0.384911 0.000010 0.000010 0.000010 0.423225 0.000010 0.055305
0.000010 0.016096 0.439653 0.000010 0.133379 0.007052 0.381599 0.022192 0.000010
0.000010 0.066323 0.583484 0.000010 0.000010 0.000010 0.350110 0.000010 0.000033
0.000010 0.000010 0.384663 0.000010 0.132584 0.082723 0.399980 0.000010 0.000010
0.000010 0.049052 0.485820 0.000010 0.203473 0.000010 0.209889 0.000010 0.051727
0.450702 0.053900 0.000010 0.000010 0.000010 0.000010 0.000010 0.342747 0.152600
0.571898 0.000010 0.000010 0.017664 0.135730 0.000010 0.000010 0.215747 0.058921
0.703218 0.000010 0.000010 0.000010 0.000010 0.000010 0.051634 0.245088 0.000010
0.640647 0.000010 0.040549 0.000010 0.000010 0.052088 0.096245 0.170431 0.000010
0.569002 0.008518 0.011977 0.138300 0.000010 0.010525 0.000010 0.261648 0.000010
0.538236 0.000010 0.000010 0.119162 0.084117 0.000010 0.000010 0.258435 0.000010
0.341189 0.000010 0.000010 0.092607 0.216999 0.003605 0.070833 0.170386 0.104361
0.619597 0.003006 0.053075 0.000010 0.036406 0.056083 0.005365 0.226448 0.000010
0.617024 0.044356 0.000010 0.119274 0.000010 0.023443 0.002123 0.175317 0.018444
0.477588 0.000010 0.038480 0.110450 0.000010 0.031995 0.000010 0.341447 0.000010
0.674570 0.000010 0.000010 0.000010 0.000010 0.000010 0.000010 0.325360 0.000010
0.638179 0.000010 0.000010 0.000010 0.030039 0.011550 0.000010 0.247417 0.072775
0.559033 0.000010 0.000010 0.000010 0.121329 0.000010 0.000010 0.302152 0.017436
0.636766 0.000010 0.046764 0.000010 0.089360 0.000010 0.000010 0.220359 0.006710
0.634143 0.000010 0.000010 0.170649 0.015372 0.022853 0.000010 0.156943 0.000010
0.389163 0.032431 0.000010 0.194203 0.000010 0.159615 0.046838 0.177720 0.000010
0.452619 0.005866 0.000010 0.134018 0.000010 0.000010 0.000010 0.407447 0.000010
0.761303 0.000010 0.000010 0.046817 0.000010 0.058148 0.000010 0.133681 0.000010
0.685353 0.000010 0.026298 0.085363 0.047012 0.000010 0.036628 0.119315 0.000010
0.423065 0.116106 0.000010 0.063754 0.000010 0.058159 0.042822 0.259999 0.036074
0.485891 0.000010 0.000010 0.193358 0.000010 0.005035 0.000010 0.204622 0.111053
0.000010 0.033399 0.674480 0.000010 0.000010 0.038684 0.253387 0.000010 0.000010
0.000010 0.109111 0.522910 0.000010 0.000010 0.000010 0.309152 0.058776 0.000010
0.000010 0.000010 0.715831 0.000010 0.000010 0.000010 0.220563 0.063546 0.000010
0.000010 0.002383 0.646186 0.000010 0.029217 0.000010 0.231338 0.000010 0.090837
0.000010 0.000010 0.729139 0.000010 0.000010 0.000010 0.246525 0.000010 0.024276
0.000010 0.000010 0.732464 0.000010 0.009501 0.000077 0.252930 0.004988 0.000010
0.000010 0.000010 0.614912 0.000010 0.000010 0.000010 0.333830 0.000010 0.051198
0.000010 0.012418 0.684556 0.000010 0.000010 0.000010 0.302966 0.000010 0.000010
0.000010 0.017939 0.658396 0.000010 0.035970 0.046097 0.241558 0.000010 0.000010
0.000010 0.000010 0.694449 0.000010 0.019883 0.003408 0.172019 0.110202 0.000010
0.000010 0.086884 0.632919 0.000010 0.000010 0.047506 0.209992 0.012203 0.010465
0.000010 0.000010 0.846748 0.018951 0.020711 0.000010 0.113539 0.000010 0.000010
0.000010 0.000010 0.649034 0.000010 0.048845 0.000010 0.279727 0.022344 0.000010
0.000010 0.000010 0.710836 0.000010 0.000010 0.000010 0.214419 0.018058 0.056637
0.000010 0.000010 0.613804 0.000010 0.064025 0.000010 0.231531 0.090590 0.000010
0.009988 0.000010 0.707256 0.000010 0.000010 0.000010 0.231898 0.018026 0.032792
0.000010 0.104438 0.666384 0.000010 0.000010 0.000010 0.229117 0.000010 0.000010
0.000010 0.000010 0.793488 0.000010 0.024855 0.046814 0.134793 0.000010 0.000010
0.000010 0.044179 0.773429 0.000010 0.000010 0.004316 0.178026 0.000010 0.000010
0.000010 0.038314 0.766155 0.000010 0.024819 0.000010 0.170662 0.000010 0.000010
0.000010 0.000010 0.825088 0.000010 0.000010 0.000010 0.105275 0.069577 0.000010
0.000010 0.000010 0.688846 0.000010 0.000010 0.000010 0.165583 0.087688 0.057834
0.000010 0.039831 0.653116 0.000010 0.000010 0.001196 0.305807 0.000010 0.000010
0.000010 0.000010 0.713978 0.023858 0.000010 0.000010 0.243386 0.000010 0.018728
0.000010 0.103846 0.591598 0.000010 0.026113 0.000010 0.242782 0.000010 0.035621
0.000010 0.172886 0.583929 0.017616 0.000010 0.000010 0.225519 0.000010 0.000010
0.000010 0.000010 0.495727 0.000010 0.000010 0.000010 0.472931 0.031282 0.000010
0.000010 0.014643 0.638159 0.000010 0.000010 0.000010 0.283584 0.063563 0.000010
0.000010 0.062593 0.524510 0.000010 0.000010 0.000010 0.412837 0.000010 0.000010
0.099058 0.215716 0.568681 0.000010 0.000010 0.000010 0.116495 0.000010 0.000010
0.019668 0.000010 0.789757 0.000010 0.000010 0.000158 0.190367 0.000010 0.000010
0.000010 0.000010 0.639545 0.000010 0.000010 0.000010 0.360385 0.000010 0.000010
0.000010 0.080251 0.562628 0.000010 0.065069 0.000010 0.292001 0.000010 0.000010
0.000010 0.106283 0.583275 0.000010 0.000010 0.000010 0.262723 0.000010 0.047668
0.000010 0.012695 0.551440 0.000010 0.000010 0.000065 0.433427 0.002333 0.000010
0.000010 0.029908 0.610573 0.000010 0.085478 0.000010 0.273991 0.000010 0.000010
0.094870 0.204981 0.284465 0.000010 0.000010 0.000010 0.415633 0.000010 0.000010
0.000010 0.000010 0.660599 0.000010 0.000010 0.000010 0.328453 0.010888 0.000010
0.000010 0.033586 0.571426 0.000010 0.034048 0.000010 0.360890 0.000010 0.000010
0.000010 0.000010 0.011610 0.000010 0.664390 0.000010 0.323940 0.000010 0.000010
0.000010 0.053355 0.031288 0.000010 0.915297 0.000010 0.000010 0.000010 0.000010
0.000010 0.000010 0.683938 0.000010 0.000010 0.000010 0.179401 0.136601 0.000010
0.000010 0.000010 0.785499 0.000010 0.000010 0.012669 0.172467 0.003385 0.025941
0.381474 0.000010 0.000010 0.321603 0.000010 0.000010 0.020733 0.276141 0.000010
0.441149 0.056177 0.016211 0.268420 0.000010 0.000010 0.000010 0.218004 0.000010
0.393992 0.006566 0.000010 0.269216 0.000010 0.000010 0.054441 0.201428 0.074328
0.368909 0.094370 0.000010 0.289858 0.000010 0.000010 0.000010 0.246813 0.000010
0.562326 0.109733 0.003263 0.191909 0.093431 0.000010 0.000010 0.039308 0.000010
0.165533 0.105449 0.000010 0.582238 0.000010 0.000010 0.056746 0.089994 0.000010
0.255480 0.000010 0.000010 0.384914 0.000010 0.000010 0.056006 0.283279 0.020281
0.536059 0.137026 0.000010 0.164738 0.041444 0.000010 0.007010 0.113693 0.000010
0.411805 0.004968 0.000010 0.297189 0.117327 0.000010 0.005817 0.162863 0.000010
0.120411 0.000010 0.000010 0.550862 0.134253 0.000010 0.000010 0.194424 0.000010
0.192370 0.050832 0.000010 0.633198 0.000010 0.000010 0.086120 0.000010 0.037440
0.249018 0.152550 0.000010 0.305160 0.137100 0.000010 0.013173 0.142969 0.000010
0.218599 0.000010 0.000011 0.421357 0.094942 0.000010 0.046571 0.218490 0.000010
0.000010 0.019536 0.519291 0.087268 0.000010 0.030222 0.343643 0.000010 0.000010
0.000010 0.073804 0.473249 0.056978 0.157828 0.000010 0.238101 0.000010 0.000010
0.000010 0.076119 0.614949 0.000010 0.000010 0.000010 0.308872 0.000010 0.000010
0.000010 0.129530 0.586568 0.000010 0.000010 0.013850 0.270002 0.000010 0.000010
0.000010 0.000010 0.726777 0.000010 0.000010 0.000010 0.273153 0.000010 0.000010
0.000010 0.000011 0.725159 0.000010 0.000010 0.000010 0.274770 0.000010 0.000010
0.000010 0.000010 0.721586 0.000010 0.000010 0.000010 0.278344 0.000010 0.000010
0.000010 0.000010 0.706978 0.000010 0.000010 0.000010 0.292952 0.000010 0.000010
0.000010 0.014935 0.501238 0.000010 0.000010 0.000010 0.483767 0.000010 0.000010
0.000010 0.000010 0.475998 0.000010 0.054408 0.002235 0.405274 0.000010 0.062045
0.000010 0.017273 0.714770 0.000010 0.000010 0.000010 0.267896 0.000010 0.000010
0.000010 0.000010 0.717205 0.000010 0.017151 0.000010 0.171641 0.093952 0.000010
