0.324080 0.090126 0.072999 0.133762 0.000010 0.000010 0.008226 0.342639 0.028147
0.222586 0.051918 0.193478 0.051529 0.000010 0.000010 0.138201 0.342257 0.000010
0.231118 0.093517 0.105472 0.240076 0.000010 0.000010 0.147794 0.181995 0.000010
0.332897 0.051726 0.052212 0.064265 0.000010 0.000010 0.000010 0.498861 0.000010
0.436279 0.066829 0.025391 0.000010 0.059175 0.000010 0.012510 0.399785 0.000010
0.078337 0.000010 0.101826 0.196301 0.000010 0.084517 0.000010 0.153633 0.385356
0.391937 0.052429 0.000010 0.000010 0.000010 0.053307 0.178134 0.292439 0.031724
0.254066 0.000010 0.084063 0.000010 0.020009 0.031029 0.158386 0.401483 0.050944
0.133760 0.011639 0.000010 0.223564 0.000010 0.000010 0.053799 0.543744 0.033464
0.139962 0.000010 0.000010 0.168160 0.000010 0.000010 0.115644 0.576184 0.000010
0.408825 0.000010 0.000675 0.000010 0.000010 0.000010 0.147075 0.443374 0.000010
0.430816 0.094201 0.000010 0.000010 0.048246 0.005724 0.000010 0.403366 0.017617
0.226713 0.065853 0.000010 0.268668 0.029613 0.000010 0.000010 0.409114 0.000010
0.347520 0.014471 0.000010 0.074215 0.000010 0.006275 0.295761 0.216007 0.045733
0.140350 0.000010 0.053233 0.054695 0.000010 0.011706 0.122690 0.617297 0.000010
0.186440 0.000010 0.025516 0.045057 0.006363 0.000010 0.198057 0.457503 0.081045
0.074545 0.000010 0.018329 0.032582 0.000010 0.051336 0.056717 0.604450 0.162021
0.538052 0.047226 0.000014 0.051815 0.000010 0.000010 0.000010 0.362853 0.000010
0.094094 0.039274 0.000342 0.081235 0.000010 0.085313 0.116797 0.513901 0.069034
0.317387 0.036243 0.055270 0.099952 0.000010 0.000010 0.000010 0.491108 0.000010
0.301999 0.000010 0.000010 0.043276 0.000010 0.052433 0.163769 0.438482 0.000010
0.362322 0.000012 0.051456 0.000010 0.092230 0.045157 0.087618 0.361184 0.000010
0.374710 0.000010 0.000010 0.089335 0.045505 0.000010 0.069291 0.421119 0.000010
0.558001 0.000010 0.000010 0.000010 0.000010 0.000010 0.001268 0.440671 0.000010
0.119069 0.000010 0.000010 0.173717 0.000010 0.000010 0.166824 0.540340 0.000010
0.413526 0.114284 0.002007 0.000010 0.000010 0.000010 0.157831 0.312312 0.000010
0.199489 0.085512 0.024827 0.000010 0.000010 0.000010 0.143379 0.546752 0.000010
0.236897 0.000010 0.084658 0.098100 0.182040 0.000010 0.203744 0.165895 0.028647
0.297158 0.033599 0.060539 0.069639 0.002084 0.007804 0.156831 0.372337 0.000010
0.221364 0.000010 0.000010 0.036279 0.000010 0.000010 0.140126 0.415642 0.186548
0.594366 0.018661 0.000010 0.007999 0.041268 0.000010 0.003283 0.334393 0.000010
0.392558 0.036148 0.052766 0.000010 0.000010 0.000010 0.024271 0.479157 0.015070
0.359188 0.000010 0.012210 0.117192 0.000010 0.000010 0.048424 0.462946 0.000010
0.394231 0.000010 0.097792 0.001583 0.125393 0.002473 0.107523 0.270985 0.000010
0.111045 0.064154 0.063335 0.000010 0.010602 0.050719 0.171483 0.524311 0.004341
0.277050 0.000010 0.000010 0.212795 0.060954 0.000010 0.000010 0.449150 0.000010
0.509946 0.000010 0.000010 0.000010 0.000010 0.000010 0.103995 0.385999 0.000010
0.447021 0.076031 0.000010 0.000010 0.053120 0.000010 0.011803 0.314609 0.097386
0.215631 0.020166 0.058390 0.000010 0.000010 0.031755 0.027821 0.646207 0.000010
0.348501 0.000010 0.066660 0.000010 0.004975 0.083097 0.000010 0.467749 0.028988
0.273400 0.056256 0.094964 0.071041 0.000010 0.000010 0.089518 0.358341 0.056460
0.457528 0.000010 0.069410 0.000010 0.000010 0.000010 0.012275 0.460737 0.000010
0.542073 0.022635 0.067740 0.000010 0.034803 0.033952 0.027304 0.271472 0.000010
0.413952 0.000010 0.028244 0.000010 0.027119 0.000010 0.042692 0.455345 0.032617
0.189407 0.137614 0.007224 0.026203 0.020758 0.007042 0.113942 0.497800 0.000010
0.156779 0.000010 0.126265 0.066287 0.000010 0.000010 0.144241 0.506388 0.000010
0.164740 0.000010 0.000010 0.136500 0.000010 0.034038 0.186301 0.478381 0.000010
0.212341 0.000010 0.000010 0.218094 0.000010 0.000010 0.272792 0.296724 0.000010
0.090946 0.005232 0.320652 0.221939 0.000010 0.000010 0.135464 0.157584 0.068164
0.523323 0.041150 0.076125 0.000010 0.000010 0.040209 0.121114 0.198049 0.000010
0.047456 0.103897 0.607950 0.000010 0.040021 0.038466 0.103887 0.058303 0.000010
0.000010 0.125136 0.447319 0.183784 0.000010 0.019902 0.000010 0.223819 0.000010
0.249227 0.000010 0.291916 0.015096 0.000010 0.000010 0.154498 0.289223 0.000010
0.028478 0.000010 0.487114 0.000010 0.061850 0.008139 0.228622 0.161885 0.023892
0.229867 0.204166 0.212468 0.000010 0.025514 0.000010 0.081205 0.228494 0.018266
0.175669 0.000010 0.403472 0.107997 0.000010 0.000010 0.086554 0.226268 0.000010
0.000010 0.142033 0.454099 0.058253 0.124116 0.000010 0.044350 0.082108 0.095022
0.089671 0.067344 0.372393 0.070973 0.006419 0.055380 0.032009 0.305802 0.000010
0.189003 0.000010 0.396532 0.214093 0.059518 0.000010 0.030754 0.110070 0.000010
0.117095 0.047024 0.114076 0.246676 0.025126 0.000010 0.184434 0.265549 0.000010
0.096989 0.123087 0.350528 0.000010 0.000010 0.098083 0.125959 0.192221 0.013112
0.291126 0.000010 0.207570 0.020984 0.068495 0.000010 0.183307 0.228488 0.000010
0.000010 0.000010 0.247206 0.239061 0.000010 0.000010 0.244012 0.249319 0.020362
0.076729 0.000010 0.417147 0.000010 0.165571 0.000010 0.098513 0.242000 0.000010
0.307707 0.000010 0.350783 0.009791 0.076414 0.000010 0.065055 0.190220 0.000010
0.165970 0.020829 0.270979 0.224575 0.132798 0.000010 0.000010 0.184819 0.000010
0.048074 0.000010 0.280092 0.307276 0.238939 0.000010 0.000010 0.052515 0.073074
0.000010 0.175920 0.178757 0.204678 0.000010 0.000010 0.120590 0.320015 0.000010
0.054929 0.000010 0.374045 0.000010 0.080871 0.000010 0.149559 0.340555 0.000010
0.189019 0.000010 0.259896 0.177376 0.127606 0.000010 0.000010 0.177932 0.068142
0.264349 0.000010 0.000010 0.000010 0.000010 0.049058 0.083894 0.061085 0.541575
0.186367 0.064077 0.013520 0.084792 0.000010 0.071611 0.000010 0.579604 0.000010
0.310918 0.000010 0.032495 0.000010 0.121075 0.055749 0.000010 0.319851 0.159882
0.276418 0.015146 0.135554 0.000010 0.020058 0.000010 0.046021 0.221179 0.285604
0.525685 0.000010 0.000010 0.000010 0.000010 0.024269 0.000010 0.449986 0.000010
0.410528 0.151222 0.000010 0.016129 0.000010 0.000010 0.055567 0.366515 0.000010
0.366054 0.000010 0.000010 0.018177 0.000010 0.000010 0.064219 0.432936 0.118574
0.426115 0.000015 0.050328 0.120835 0.000010 0.000010 0.000010 0.333039 0.069638
0.369905 0.000010 0.000010 0.000010 0.000010 0.018577 0.214300 0.397167 0.000010
0.500101 0.160027 0.000010 0.056868 0.000010 0.000010 0.027779 0.255185 0.000010
0.169331 0.000010 0.000010 0.128185 0.000010 0.020463 0.151673 0.523296 0.007021
0.396074 0.000010 0.000010 0.000010 0.000010 0.000010 0.000010 0.603856 0.000010
0.562627 0.000010 0.000010 0.009991 0.107172 0.000010 0.000010 0.139580 0.180590
0.462246 0.000010 0.003587 0.175850 0.000010 0.000010 0.000010 0.358267 0.000010
0.038693 0.000010 0.000010 0.254980 0.000010 0.096314 0.176177 0.374563 0.059242
0.178553 0.007615 0.189932 0.147462 0.000010 0.000010 0.097206 0.379201 0.000010
0.403102 0.000010 0.000010 0.000010 0.000010 0.033260 0.146438 0.355076 0.062084
0.177382 0.000010 0.000010 0.000010 0.000010 0.073414 0.081786 0.667368 0.000010
0.377001 0.000010 0.000010 0.016240 0.005667 0.059473 0.000010 0.541579 0.000010
0.575969 0.000010 0.132729 0.048156 0.000010 0.013127 0.000010 0.210275 0.019712
0.289590 0.000010 0.027347 0.000010 0.000010 0.000010 0.075444 0.578505 0.029074
0.439078 0.018017 0.000010 0.044296 0.006048 0.000010 0.062223 0.430308 0.000010
0.277782 0.000010 0.000010 0.234969 0.000010 0.000010 0.059276 0.427922 0.000010
0.270742 0.000010 0.000010 0.000010 0.000010 0.006764 0.207564 0.514881 0.000010
0.186611 0.000010 0.000010 0.126382 0.000010 0.000010 0.150583 0.536373 0.000010
0.249853 0.000010 0.000010 0.000010 0.028783 0.044963 0.118528 0.557833 0.000010
0.144754 0.000010 0.014701 0.100008 0.000010 0.083291 0.091001 0.326919 0.239306
0.255626 0.000010 0.000010 0.000010 0.025560 0.088405 0.098360 0.526930 0.005089
0.013566 0.000010 0.064285 0.243529 0.032398 0.014826 0.096832 0.462896 0.071658
0.175298 0.000010 0.000010 0.211682 0.031089 0.000010 0.284245 0.297647 0.000010
0.330990 0.000010 0.000010 0.017818 0.006435 0.009108 0.170557 0.465061 0.000010
0.053534 0.000010 0.027987 0.096212 0.025380 0.065815 0.093292 0.186613 0.451157
0.105381 0.000010 0.093590 0.001413 0.053622 0.000010 0.245128 0.500836 0.000010
0.412946 0.000010 0.000010 0.000010 0.000010 0.000010 0.098773 0.488221 0.000010
0.131262 0.000010 0.000010 0.026680 0.150629 0.017401 0.222571 0.451427 0.000010
0.184075 0.000010 0.000010 0.104455 0.039084 0.000010 0.342506 0.329839 0.000010
0.298485 0.000010 0.100502 0.000010 0.033554 0.079651 0.105224 0.348096 0.034469
0.160707 0.147212 0.101241 0.080137 0.000010 0.000010 0.071325 0.439349 0.000010
0.149079 0.008480 0.000010 0.000010 0.000010 0.011536 0.250331 0.557664 0.022880
0.225144 0.000010 0.105422 0.000010 0.084433 0.000010 0.114934 0.438758 0.031278
0.088533 0.000010 0.000010 0.138328 0.000010 0.026011 0.173805 0.502080 0.071213
0.221550 0.000010 0.121456 0.000010 0.000010 0.073901 0.174059 0.407632 0.001371
0.198820 0.004641 0.005550 0.000010 0.033068 0.002901 0.153764 0.601237 0.000010
0.179744 0.000010 0.032717 0.000010 0.025564 0.000010 0.236877 0.525057 0.000010
0.238693 0.045432 0.022832 0.114092 0.000010 0.000010 0.169213 0.409708 0.000010
0.000010 0.000010 0.000010 0.075979 0.000010 0.009623 0.348971 0.565378 0.000010
0.108796 0.000010 0.001824 0.244236 0.000010 0.000010 0.146179 0.498925 0.000010
0.443407 0.000010 0.000010 0.058098 0.000010 0.000010 0.103045 0.395400 0.000010
0.068108 0.000010 0.000010 0.000010 0.034809 0.016812 0.279847 0.600383 0.000010
0.112859 0.066475 0.159054 0.249993 0.040986 0.059850 0.026846 0.283928 0.000010
0.140042 0.009281 0.000010 0.206081 0.000010 0.000010 0.122598 0.521958 0.000010
0.438825 0.000010 0.076057 0.000010 0.000010 0.000010 0.105068 0.380000 0.000010
0.481346 0.000010 0.055319 0.000010 0.004350 0.000010 0.000010 0.382176 0.076768
0.270703 0.062402 0.000010 0.016996 0.051347 0.043344 0.160069 0.395120 0.000010
0.321384 0.000010 0.000010 0.000010 0.000010 0.000010 0.028350 0.650206 0.000010
0.254144 0.029524 0.024357 0.098566 0.000010 0.022887 0.161973 0.408529 0.000010
0.000010 0.000010 0.000010 0.192276 0.000010 0.051179 0.204687 0.551808 0.000010
0.253548 0.070488 0.193019 0.018208 0.000010 0.000010 0.006563 0.458144 0.000010
0.252644 0.000010 0.015160 0.029977 0.012343 0.000010 0.199959 0.489887 0.000010
0.000010 0.000010 0.152286 0.189171 0.000010 0.034422 0.111315 0.497282 0.015496
0.287177 0.077118 0.000010 0.059502 0.000010 0.000012 0.112652 0.463510 0.000010
0.227929 0.000010 0.068561 0.072929 0.000010 0.000010 0.180590 0.449952 0.000010
0.307381 0.000010 0.059095 0.000010 0.007869 0.062703 0.222751 0.325618 0.014563
0.239516 0.023813 0.000010 0.168016 0.001055 0.000010 0.074986 0.492584 0.000010
0.268284 0.000010 0.182124 0.002282 0.017244 0.000010 0.110814 0.419221 0.000010
0.208341 0.000010 0.000010 0.000010 0.000010 0.030295 0.201970 0.559344 0.000010
0.130400 0.000010 0.000010 0.202556 0.000010 0.000010 0.176480 0.490514 0.000010
0.325182 0.000010 0.033803 0.058365 0.012010 0.000010 0.118423 0.452188 0.000010
0.315020 0.000010 0.031510 0.096635 0.000010 0.033915 0.055003 0.461756 0.006141
0.289085 0.048548 0.000010 0.071318 0.000010 0.000010 0.228219 0.362789 0.000010
0.380403 0.200746 0.000010 0.059664 0.000010 0.002321 0.000010 0.349847 0.006990
0.215661 0.135716 0.072426 0.080413 0.000010 0.000010 0.068579 0.427175 0.000010
0.151117 0.083126 0.000010 0.075079 0.089922 0.000010 0.050954 0.549770 0.000010
0.142368 0.068528 0.000010 0.005547 0.000010 0.000010 0.071132 0.636558 0.075836
0.134044 0.003504 0.009511 0.148971 0.000010 0.000010 0.000010 0.629849 0.074090
0.383404 0.000010 0.000010 0.000010 0.072734 0.000010 0.112834 0.430977 0.000010
0.242795 0.032015 0.000010 0.020183 0.010260 0.021511 0.190882 0.468654 0.013691
0.200817 0.000010 0.153237 0.000010 0.017966 0.009164 0.093341 0.476475 0.048980
0.304679 0.048883 0.029426 0.042401 0.000010 0.000010 0.182244 0.392337 0.000010
0.276903 0.089181 0.030433 0.092273 0.000010 0.000010 0.070489 0.440693 0.000010
0.247149 0.181505 0.024116 0.225130 0.000010 0.053817 0.000010 0.268253 0.000010
0.224687 0.000933 0.000010 0.057295 0.000010 0.000010 0.216895 0.500150 0.000010
0.159883 0.000010 0.119117 0.000010 0.067752 0.122857 0.042412 0.487948 0.000010
0.072867 0.061519 0.077471 0.197548 0.070629 0.008353 0.087004 0.424598 0.000010
0.111505 0.077501 0.009276 0.161082 0.133869 0.000010 0.031131 0.475615 0.000010
0.159224 0.005823 0.082823 0.029182 0.057389 0.011566 0.053046 0.600936 0.000010
0.275895 0.016672 0.133384 0.072982 0.000010 0.000010 0.129966 0.340180 0.030901
0.210285 0.000010 0.151678 0.112421 0.051203 0.000010 0.072426 0.373436 0.028532
0.176537 0.095756 0.022472 0.000010 0.086195 0.000010 0.234090 0.384920 0.000010
0.073132 0.000010 0.142308 0.000010 0.263744 0.046627 0.000010 0.416957 0.057203
0.005981 0.166369 0.000010 0.225947 0.000010 0.000010 0.013780 0.587883 0.000010
0.262783 0.172499 0.000010 0.000010 0.085581 0.002926 0.049375 0.426805 0.000010
0.102094 0.000010 0.080317 0.324828 0.045116 0.000010 0.063170 0.384444 0.000010
0.001515 0.203255 0.000010 0.066661 0.000010 0.006560 0.239125 0.476102 0.006763
0.188364 0.000010 0.341654 0.020415 0.000010 0.033103 0.144722 0.271712 0.000010
0.301609 0.000010 0.056173 0.173578 0.000010 0.000010 0.186668 0.281931 0.000010
0.271213 0.051118 0.140750 0.078894 0.000010 0.000010 0.072939 0.385056 0.000010
0.402068 0.027059 0.000010 0.000010 0.081911 0.000010 0.043923 0.421434 0.023574
0.184534 0.018658 0.182761 0.057969 0.000010 0.000010 0.170827 0.373324 0.011908
0.159437 0.001315 0.031353 0.276160 0.000010 0.000010 0.257593 0.243655 0.030467
0.308756 0.080160 0.006875 0.131795 0.035450 0.000010 0.018196 0.418748 0.000010
0.252236 0.000010 0.042203 0.045972 0.080407 0.000010 0.091628 0.383550 0.103984
0.072305 0.065123 0.000010 0.039533 0.000010 0.000010 0.160166 0.578592 0.084251
0.227264 0.000010 0.000010 0.013816 0.000010 0.000010 0.204704 0.554166 0.000010
0.395216 0.037665 0.000010 0.000010 0.091074 0.000010 0.147365 0.328639 0.000010
0.162596 0.044095 0.140934 0.000012 0.000010 0.000010 0.058833 0.593501 0.000010
0.245421 0.000010 0.120920 0.180662 0.058523 0.008649 0.050490 0.290590 0.044735
0.545069 0.000015 0.037206 0.000010 0.118284 0.000010 0.048615 0.250782 0.000010
0.180950 0.000010 0.000010 0.152083 0.123947 0.000010 0.166365 0.376616 0.000010
0.156081 0.000010 0.000010 0.209347 0.052175 0.000010 0.178304 0.404053 0.000010
0.252057 0.079668 0.050728 0.093605 0.000010 0.000010 0.098253 0.425660 0.000010
0.208792 0.000010 0.096093 0.111258 0.000010 0.000010 0.136613 0.447203 0.000010
0.119886 0.000010 0.096247 0.228693 0.000010 0.000010 0.157487 0.311947 0.085710
0.195125 0.000010 0.000010 0.112214 0.007683 0.000010 0.319865 0.347240 0.017843
0.276974 0.000010 0.000010 0.081765 0.012037 0.000010 0.275809 0.353374 0.000010
0.530642 0.118786 0.054965 0.000010 0.000010 0.000010 0.029886 0.265682 0.000010
0.337467 0.000010 0.039400 0.014000 0.000010 0.000010 0.226156 0.382937 0.000010
0.000010 0.074985 0.013018 0.031656 0.000010 0.368030 0.000010 0.000010 0.512271
0.000010 0.000010 0.000010 0.000010 0.000010 0.433409 0.000010 0.026238 0.540293
0.000010 0.000010 0.000010 0.001608 0.000010 0.233100 0.076865 0.000010 0.688377
0.000010 0.000010 0.037448 0.000010 0.000010 0.405569 0.000010 0.012558 0.544374
0.008833 0.000010 0.042769 0.000010 0.000010 0.287636 0.032343 0.000010 0.628379
0.000010 0.000010 0.010070 0.018707 0.000010 0.363365 0.048089 0.004211 0.555528
0.000010 0.022310 0.023944 0.026802 0.013456 0.480455 0.000010 0.000010 0.433003
0.000010 0.000010 0.017077 0.000010 0.000010 0.290590 0.079366 0.000010 0.612917
0.000010 0.000010 0.000010 0.025499 0.000010 0.342348 0.000010 0.000010 0.632094
0.000010 0.000010 0.000010 0.087152 0.000010 0.359969 0.018925 0.000010 0.533903
0.000010 0.088115 0.000010 0.000010 0.000010 0.346817 0.020487 0.000010 0.544530
0.000010 0.000010 0.000862 0.006226 0.000010 0.348451 0.026510 0.043857 0.574065
0.000010 0.000010 0.000010 0.064945 0.000010 0.279955 0.000010 0.015293 0.639756
0.000010 0.000010 0.096447 0.021302 0.000010 0.416905 0.000010 0.000010 0.465296
0.000010 0.015255 0.000010 0.000010 0.000010 0.239129 0.000010 0.024671 0.720895
0.000010 0.000010 0.000010 0.000010 0.000010 0.312966 0.000010 0.006068 0.680906
0.000010 0.000010 0.000010 0.000010 0.000010 0.369779 0.000010 0.000010 0.630151
0.000010 0.000010 0.000010 0.067343 0.000010 0.437784 0.000010 0.000010 0.494813
0.040205 0.000010 0.000010 0.000010 0.000010 0.317293 0.000010 0.000010 0.642442
0.000010 0.029731 0.000010 0.000010 0.000010 0.274774 0.034904 0.027730 0.632821
0.000010 0.000010 0.000010 0.049611 0.000010 0.410250 0.000010 0.012898 0.527191
0.000010 0.000010 0.000010 0.000010 0.000010 0.263636 0.000010 0.000010 0.736294
0.000010 0.003390 0.015058 0.000010 0.000010 0.518153 0.036516 0.013929 0.412925
0.004113 0.000010 0.000010 0.000010 0.000010 0.369402 0.000010 0.000010 0.626425
0.000010 0.000010 0.000010 0.004451 0.000010 0.333529 0.030823 0.000010 0.631148
0.000010 0.000010 0.000010 0.000010 0.023993 0.497710 0.000010 0.000010 0.478237
0.000010 0.000010 0.023065 0.000010 0.032536 0.399757 0.013260 0.000010 0.531342
0.000010 0.025829 0.024843 0.000010 0.000010 0.403397 0.000010 0.000010 0.545880
0.000010 0.000010 0.132698 0.000010 0.842878 0.000010 0.024364 0.000010 0.000010
0.443273 0.000010 0.000010 0.483393 0.000010 0.000010 0.003283 0.067396 0.002615
0.421372 0.052084 0.000010 0.358458 0.000010 0.005338 0.000010 0.162709 0.000010
0.328590 0.000010 0.000010 0.370324 0.000010 0.000010 0.000010 0.258499 0.042537
0.217418 0.000010 0.027146 0.488567 0.037752 0.048285 0.042692 0.113284 0.024845
0.510645 0.051940 0.000010 0.074154 0.000010 0.000010 0.000010 0.363211 0.000010
0.107594 0.000010 0.120559 0.586751 0.000010 0.113285 0.000010 0.071771 0.000010
0.600554 0.016657 0.019372 0.136271 0.000010 0.000010 0.000010 0.227105 0.000010
0.277818 0.062861 0.000010 0.355657 0.000010 0.000470 0.149332 0.120638 0.033204
0.299478 0.000010 0.000010 0.448304 0.000010 0.000010 0.113051 0.139118 0.000010
0.237795 0.280023 0.000010 0.196773 0.000010 0.000010 0.000010 0.261769 0.023599
0.360318 0.069448 0.000010 0.251474 0.114187 0.000010 0.045659 0.158884 0.000010
0.410738 0.000010 0.000010 0.292321 0.068365 0.000010 0.000010 0.228526 0.000010
0.536347 0.000010 0.000010 0.381171 0.000010 0.000010 0.000010 0.082422 0.000010
0.189531 0.025134 0.000010 0.373121 0.000010 0.060353 0.000010 0.351821 0.000010
0.310132 0.070834 0.000010 0.395315 0.000010 0.000010 0.000010 0.167024 0.056655
0.234108 0.047933 0.000010 0.359361 0.000010 0.000010 0.000010 0.358547 0.000010
0.260899 0.000010 0.000010 0.191259 0.000010 0.035908 0.156911 0.343031 0.011960
0.414044 0.117279 0.029542 0.300770 0.000010 0.000010 0.000010 0.092755 0.045579
0.327903 0.000010 0.046298 0.293539 0.091240 0.000010 0.000010 0.188326 0.052664
0.325145 0.055845 0.145232 0.409559 0.053105 0.000010 0.000010 0.011084 0.000010
0.552110 0.144018 0.000010 0.297333 0.000010 0.000010 0.000010 0.000010 0.006490
0.351110 0.000010 0.000010 0.377407 0.000010 0.000010 0.079381 0.192053 0.000010
0.242747 0.080782 0.000010 0.516061 0.028525 0.000010 0.081446 0.050409 0.000010
0.149046 0.000010 0.000010 0.509783 0.000010 0.000010 0.031955 0.204702 0.104473
0.394259 0.004767 0.153281 0.351468 0.036459 0.059736 0.000010 0.000010 0.000010
0.548375 0.016350 0.000010 0.180418 0.047008 0.005751 0.000010 0.202069 0.000010
0.584488 0.000010 0.000010 0.074269 0.083032 0.005623 0.000010 0.252548 0.000010
0.524185 0.009838 0.000010 0.168330 0.000010 0.000010 0.129078 0.168529 0.000010
0.000010 0.000010 0.000010 0.000010 0.999920 0.000010 0.000010 0.000010 0.000010
0.000010 0.006843 0.000010 0.000010 0.952593 0.000010 0.040504 0.000010 0.000010
0.000010 0.079777 0.000010 0.000010 0.857312 0.000010 0.062851 0.000010 0.000010
0.000010 0.000010 0.000010 0.000010 0.999919 0.000011 0.000010 0.000010 0.000010
0.000010 0.000010 0.000010 0.043463 0.726197 0.000010 0.158679 0.071611 0.000010
0.000010 0.000010 0.000010 0.000010 0.824888 0.000010 0.133453 0.000010 0.041599
0.000010 0.000010 0.000010 0.000010 0.895583 0.000010 0.104347 0.000010 0.000010
0.000010 0.000010 0.000010 0.000010 0.942773 0.000118 0.026134 0.030925 0.000010
0.073015 0.000010 0.000010 0.059939 0.864271 0.000010 0.000010 0.000010 0.002725
0.000010 0.000010 0.000010 0.000010 0.892930 0.023812 0.057867 0.025342 0.000010
0.000010 0.000010 0.000010 0.000010 0.974288 0.000010 0.011495 0.000010 0.014158
0.000010 0.000010 0.000010 0.000010 0.998211 0.000010 0.000010 0.001719 0.000010
0.006236 0.000010 0.000010 0.083041 0.817763 0.000010 0.092910 0.000010 0.000010
0.000010 0.086614 0.000010 0.000010 0.913316 0.000010 0.000010 0.000010 0.000010
0.000010 0.008438 0.000010 0.000012 0.848752 0.000010 0.142749 0.000010 0.000010
0.000010 0.000010 0.000010 0.000010 0.949806 0.000010 0.050124 0.000010 0.000010
0.000010 0.000010 0.000010 0.058360 0.810304 0.000010 0.131277 0.000010 0.000010
0.596131 0.000010 0.000010 0.006012 0.044275 0.014026 0.082174 0.257352 0.000010
0.476350 0.000010 0.000010 0.000010 0.100900 0.000010 0.086716 0.335984 0.000010
0.648175 0.000010 0.180315 0.000010 0.000010 0.000010 0.029389 0.142071 0.000010
0.500824 0.000010 0.000010 0.000010 0.000010 0.000010 0.060945 0.415025 0.023156
0.584794 0.000010 0.120326 0.000010 0.124439 0.000010 0.025230 0.116001 0.029179
0.432682 0.000010 0.029177 0.127228 0.074068 0.020807 0.000010 0.316008 0.000010
0.510236 0.000010 0.000010 0.135209 0.000010 0.017756 0.000010 0.216212 0.120547
0.578275 0.000010 0.152378 0.000010 0.000010 0.000010 0.000010 0.253130 0.016167
0.424023 0.000010 0.000010 0.057346 0.000010 0.000010 0.098668 0.336041 0.083882
0.477902 0.000010 0.000010 0.000010 0.092240 0.001350 0.010988 0.340983 0.076506
0.461852 0.000010 0.000010 0.000010 0.052696 0.010954 0.020066 0.320263 0.134140
0.403031 0.000010 0.000010 0.000010 0.000010 0.057019 0.000010 0.461778 0.078122
0.500124 0.009626 0.000010 0.090426 0.000010 0.000010 0.000010 0.251929 0.147854
0.465847 0.000010 0.058605 0.099265 0.002843 0.000010 0.030128 0.343282 0.000010
0.770892 0.000010 0.000010 0.000010 0.000010 0.000010 0.030182 0.166761 0.032116
0.560987 0.000010 0.021583 0.046719 0.000010 0.095884 0.025741 0.247239 0.001828
0.385843 0.000010 0.000010 0.107043 0.000010 0.112549 0.074085 0.320440 0.000010
0.592709 0.000010 0.049876 0.092892 0.018051 0.031146 0.000010 0.215297 0.000010
0.403409 0.043041 0.000010 0.053030 0.042582 0.003936 0.000010 0.353168 0.100814
0.449855 0.000010 0.000010 0.000010 0.000010 0.115147 0.074965 0.298994 0.061000
0.668611 0.000010 0.000010 0.000010 0.000010 0.000010 0.002485 0.328844 0.000010
0.372388 0.000010 0.000010 0.000010 0.009717 0.000010 0.022755 0.500455 0.094645
0.648747 0.006619 0.000010 0.000010 0.095745 0.000010 0.000010 0.248840 0.000010
0.469058 0.000010 0.000010 0.229326 0.000010 0.000010 0.000919 0.300647 0.000010
0.269625 0.003678 0.124971 0.174851 0.005047 0.000010 0.000010 0.308009 0.113800
0.643120 0.000010 0.000010 0.073303 0.164052 0.000010 0.000010 0.119475 0.000010
0.373298 0.000010 0.038034 0.095384 0.000010 0.000010 0.131160 0.362084 0.000010
0.607335 0.000010 0.000010 0.000010 0.042709 0.000010 0.000010 0.349896 0.000010
0.614595 0.000010 0.000010 0.000010 0.081108 0.000010 0.003940 0.261373 0.038944
0.429240 0.049299 0.010595 0.000010 0.062449 0.000010 0.007702 0.440685 0.000010
0.451721 0.000010 0.000010 0.046416 0.105620 0.072068 0.000010 0.262786 0.061359
0.439721 0.000010 0.117560 0.000010 0.010579 0.057484 0.061928 0.301071 0.011637
0.497562 0.000010 0.013307 0.088235 0.026095 0.054214 0.122649 0.181346 0.016582
0.501115 0.073330 0.072006 0.011898 0.016259 0.039571 0.000788 0.245446 0.039586
0.408541 0.000010 0.021128 0.189130 0.000010 0.000010 0.005081 0.359284 0.016805
0.684586 0.000010 0.000010 0.000010 0.027777 0.000010 0.091142 0.196446 0.000010
0.645834 0.000010 0.000010 0.000010 0.000010 0.000010 0.007201 0.293327 0.053588
0.603020 0.000010 0.000010 0.000010 0.000010 0.000010 0.000010 0.364273 0.032646
0.698004 0.000010 0.020451 0.000010 0.141922 0.000010 0.000010 0.139573 0.000010
0.602068 0.000010 0.065515 0.000010 0.000010 0.098086 0.000010 0.227185 0.007105
0.315506 0.000010 0.067808 0.240167 0.000010 0.067900 0.050116 0.189739 0.068743
0.552109 0.000010 0.000010 0.000010 0.143807 0.068013 0.058108 0.172948 0.004984
0.576803 0.000010 0.068691 0.000010 0.000010 0.045162 0.000010 0.241326 0.067978
0.491381 0.000010 0.000010 0.000010 0.000010 0.098099 0.001373 0.409098 0.000010
0.500866 0.000010 0.000010 0.000010 0.000010 0.000010 0.138477 0.285610 0.074997
0.607772 0.065230 0.085385 0.000010 0.000010 0.000010 0.059098 0.182476 0.000010
0.547098 0.019068 0.000010 0.062841 0.029090 0.006560 0.004311 0.146374 0.184647
0.639712 0.007926 0.058211 0.000010 0.049692 0.000010 0.000010 0.205817 0.038612
0.410648 0.000010 0.026594 0.000010 0.047501 0.000010 0.000043 0.206532 0.308651
0.252665 0.000010 0.000010 0.094985 0.053709 0.000010 0.000010 0.170310 0.428291
0.479096 0.000010 0.064821 0.039861 0.000010 0.000010 0.107610 0.308572 0.000010
0.732335 0.000010 0.040223 0.000010 0.026109 0.026513 0.000010 0.174780 0.000010
0.602080 0.012106 0.086775 0.000010 0.000010 0.013590 0.000010 0.285408 0.000010
0.438105 0.000010 0.000010 0.076670 0.000010 0.007275 0.078563 0.382022 0.017335
0.422318 0.023432 0.022703 0.000010 0.020459 0.089690 0.005883 0.106022 0.309484
0.131560 0.000010 0.066405 0.024850 0.068205 0.068816 0.000010 0.000010 0.640134
0.507779 0.000010 0.129900 0.000010 0.044661 0.192092 0.000010 0.118316 0.007221
0.770410 0.000010 0.145422 0.065631 0.000010 0.000010 0.012984 0.005513 0.000010
0.670376 0.046644 0.000010 0.000012 0.000010 0.054909 0.064779 0.163250 0.000010
0.477431 0.000010 0.084975 0.000010 0.054385 0.039694 0.019155 0.164854 0.159485
0.387496 0.000010 0.061535 0.000010 0.066537 0.094626 0.000010 0.255751 0.134025
0.409608 0.006911 0.000010 0.061171 0.012779 0.048187 0.000010 0.191054 0.270269
0.466464 0.000010 0.072656 0.000010 0.000010 0.074695 0.000010 0.284885 0.101260
0.388769 0.000010 0.000010 0.102528 0.005668 0.091367 0.000010 0.192039 0.219599
0.461537 0.050643 0.076363 0.000010 0.000010 0.000010 0.000010 0.195496 0.215922
0.633784 0.000010 0.122772 0.007358 0.027681 0.000010 0.000010 0.191075 0.017300
0.577211 0.073251 0.000010 0.000010 0.000010 0.037482 0.000010 0.312006 0.000010
0.467906 0.010297 0.000010 0.053650 0.000010 0.000010 0.071290 0.282195 0.114632
0.624782 0.000010 0.000010 0.073011 0.000010 0.038418 0.000010 0.000010 0.263740
0.736827 0.000010 0.000010 0.031370 0.057727 0.012162 0.048191 0.109001 0.004702
0.552459 0.000010 0.006176 0.000010 0.024060 0.010726 0.000010 0.363788 0.042760
0.409596 0.105891 0.000010 0.133189 0.000010 0.000010 0.057359 0.077068 0.216866
0.651147 0.000010 0.051863 0.000010 0.018981 0.016124 0.000010 0.261846 0.000010
0.516755 0.119332 0.000010 0.084031 0.000010 0.000010 0.088418 0.046582 0.144853
0.546081 0.000010 0.000010 0.000010 0.000010 0.000010 0.050200 0.384974 0.018695
0.616902 0.000010 0.000010 0.000010 0.000010 0.008060 0.076067 0.136840 0.162091
0.678764 0.000010 0.000010 0.000010 0.033793 0.041734 0.000010 0.230024 0.015645
0.453893 0.000010 0.000010 0.078302 0.029929 0.000010 0.000010 0.296480 0.141355
0.640778 0.000010 0.000010 0.000010 0.028420 0.000010 0.037553 0.293199 0.000010
0.192306 0.000010 0.000010 0.072174 0.000010 0.081153 0.084495 0.450272 0.119570
0.745110 0.000010 0.000010 0.056734 0.066080 0.015944 0.000010 0.116091 0.000010
0.343515 0.013447 0.100802 0.000010 0.000010 0.120056 0.079473 0.246637 0.096051
0.523259 0.000010 0.066901 0.000010 0.014402 0.049771 0.000010 0.345628 0.000010
0.592377 0.000010 0.000010 0.006158 0.000010 0.048363 0.000010 0.339734 0.013328
0.683330 0.000010 0.000010 0.000010 0.000010 0.000010 0.081308 0.192652 0.042660
0.654679 0.011903 0.000010 0.002419 0.056424 0.000010 0.000010 0.259796 0.014748
0.423461 0.126989 0.081994 0.126354 0.034024 0.000010 0.000010 0.027097 0.180061
0.006699 0.000010 0.119992 0.000010 0.665879 0.052727 0.129582 0.000010 0.025091
0.000010 0.000010 0.000010 0.000010 0.837163 0.000010 0.162767 0.000010 0.000010
0.043323 0.000010 0.100204 0.000010 0.708130 0.000010 0.148293 0.000010 0.000010
0.066441 0.000010 0.000010 0.000010 0.786173 0.000010 0.147326 0.000010 0.000010
0.000010 0.012649 0.000010 0.000010 0.732247 0.000010 0.255044 0.000010 0.000010
0.010116 0.000012 0.000017 0.000010 0.930322 0.000010 0.046620 0.012883 0.000010
0.000010 0.000010 0.000010 0.000010 0.919671 0.000010 0.080259 0.000010 0.000010
0.479010 0.000010 0.000010 0.243857 0.132113 0.000010 0.063222 0.081757 0.000010
0.466157 0.000010 0.000010 0.267817 0.017061 0.000010 0.044912 0.133979 0.070044
0.490044 0.012166 0.000010 0.362568 0.000010 0.000010 0.000010 0.135171 0.000010
0.681614 0.000010 0.036096 0.071652 0.018065 0.065673 0.000010 0.126870 0.000010
0.338517 0.000010 0.000010 0.258654 0.000010 0.022345 0.209378 0.112124 0.058952
0.496022 0.000010 0.000010 0.202539 0.026411 0.000010 0.008861 0.235230 0.030906
0.697746 0.028865 0.000010 0.067721 0.067257 0.000010 0.036370 0.102012 0.000010
0.506209 0.026898 0.000010 0.270687 0.089408 0.000010 0.000010 0.045653 0.061114
0.394152 0.150097 0.000010 0.174916 0.125661 0.009455 0.000421 0.059265 0.086023
0.389552 0.003782 0.000010 0.478684 0.043769 0.000010 0.000010 0.084172 0.000010
0.542456 0.000010 0.013482 0.080820 0.044665 0.061560 0.000010 0.256987 0.000010
0.527455 0.128883 0.000010 0.000010 0.000010 0.004180 0.000010 0.339433 0.000010
0.439394 0.000010 0.000010 0.134698 0.000010 0.000010 0.028513 0.383725 0.013630
0.566011 0.006435 0.107311 0.000010 0.000010 0.000010 0.000010 0.320192 0.000010
0.581065 0.000010 0.038624 0.000010 0.000011 0.085901 0.000010 0.294359 0.000010
0.639044 0.000010 0.000010 0.000010 0.014278 0.005018 0.015086 0.258234 0.068310
0.673800 0.026359 0.021394 0.079390 0.069880 0.060142 0.000010 0.069015 0.000010
0.568567 0.053481 0.000010 0.000010 0.000010 0.036697 0.000010 0.337833 0.003382
0.561817 0.000010 0.000010 0.000010 0.088249 0.000010 0.046593 0.242461 0.060840
0.537248 0.000010 0.000010 0.067716 0.051336 0.033363 0.068835 0.128748 0.112735
0.406800 0.000010 0.080389 0.000010 0.000010 0.000010 0.077750 0.421802 0.013219
0.552506 0.070770 0.000010 0.068927 0.000010 0.000010 0.043730 0.264027 0.000010
0.375011 0.000010 0.000010 0.229725 0.000010 0.000010 0.226434 0.168779 0.000010
0.656196 0.034273 0.000010 0.066742 0.059416 0.000010 0.011865 0.171478 0.000010
0.552538 0.000010 0.079284 0.000010 0.032047 0.053432 0.000010 0.282659 0.000010
0.439925 0.000010 0.165977 0.047648 0.000010 0.076760 0.000223 0.094565 0.174883
0.681140 0.029849 0.066115 0.007087 0.000010 0.000043 0.000010 0.043808 0.171939
0.638284 0.000010 0.000010 0.000010 0.000010 0.000010 0.024532 0.329762 0.007372
0.319141 0.000010 0.000010 0.208685 0.000010 0.000010 0.000010 0.392897 0.079227
0.501200 0.000010 0.000010 0.000010 0.000010 0.010417 0.004617 0.465507 0.018219
0.562439 0.000010 0.000010 0.000010 0.000010 0.000010 0.033894 0.403607 0.000010
0.497119 0.000010 0.000010 0.295150 0.034586 0.120114 0.000010 0.047286 0.005715
0.523028 0.000010 0.000010 0.000010 0.039238 0.109177 0.000010 0.328507 0.000010
0.738435 0.000010 0.000010 0.000010 0.000010 0.000010 0.000010 0.256751 0.004753
0.532683 0.000010 0.106228 0.000010 0.092720 0.000010 0.040921 0.227408 0.000010
0.000010 0.734152 0.131351 0.114654 0.000010 0.019793 0.000010 0.000010 0.000010
0.057458 0.664926 0.067733 0.066658 0.033957 0.000010 0.000010 0.000010 0.109239
0.098644 0.757075 0.086376 0.000010 0.051419 0.000010 0.000010 0.006445 0.000010
0.019230 0.802969 0.090559 0.087193 0.000010 0.000010 0.000010 0.000010 0.000010
0.000010 0.014484 0.476110 0.000010 0.081787 0.012220 0.320696 0.094164 0.000518
0.113829 0.000010 0.622813 0.000010 0.026768 0.016728 0.155224 0.000010 0.064607
0.029310 0.000010 0.587520 0.000010 0.000010 0.072925 0.295755 0.000010 0.014450
0.000010 0.076273 0.477019 0.000010 0.000010 0.033605 0.400717 0.012346 0.000010
0.000010 0.000010 0.520848 0.004164 0.000010 0.000010 0.428905 0.046034 0.000010
0.000010 0.000010 0.473985 0.054191 0.043110 0.000010 0.428664 0.000010 0.000010
0.000010 0.019401 0.336196 0.037257 0.011623 0.020070 0.421601 0.153833 0.000010
0.179929 0.021035 0.290507 0.053281 0.002002 0.020566 0.386010 0.046660 0.000010
0.000010 0.027754 0.518005 0.000010 0.000010 0.051328 0.402863 0.000010 0.000010
0.023322 0.135873 0.420492 0.000011 0.000010 0.063844 0.288492 0.067946 0.000010
0.574809 0.000010 0.000010 0.087105 0.063343 0.000010 0.000010 0.274693 0.000010
0.581988 0.000010 0.004477 0.055710 0.000010 0.000010 0.012312 0.345474 0.000010
0.331161 0.000010 0.000010 0.065796 0.000010 0.000010 0.013758 0.284311 0.304934
0.466662 0.000010 0.000010 0.141226 0.000010 0.000010 0.109327 0.282735 0.000010
0.413979 0.013391 0.089917 0.051755 0.072785 0.015493 0.000010 0.142456 0.200215
0.383037 0.000010 0.101978 0.288848 0.049383 0.000010 0.000010 0.138557 0.038166
0.512289 0.000010 0.000010 0.160516 0.000010 0.000010 0.000010 0.315960 0.011184
0.576993 0.061870 0.000010 0.000010 0.000010 0.123569 0.012059 0.225469 0.000010
0.614785 0.000010 0.000010 0.000010 0.000010 0.000010 0.078637 0.171203 0.135324
0.533748 0.000010 0.000010 0.092876 0.000010 0.000010 0.043459 0.329868 0.000010
0.481545 0.000010 0.000010 0.072638 0.000010 0.000010 0.033504 0.256583 0.155690
0.613828 0.000010 0.000010 0.000010 0.000010 0.019678 0.016681 0.256191 0.093583
0.515965 0.000010 0.000010 0.000010 0.161742 0.019468 0.061218 0.172967 0.068610
0.368895 0.000010 0.000010 0.032203 0.000010 0.072614 0.000010 0.245383 0.280864
0.474536 0.000010 0.000010 0.000010 0.000010 0.000010 0.000010 0.396269 0.129135
0.593005 0.000010 0.036938 0.000010 0.000010 0.052126 0.009272 0.000010 0.308619
0.521781 0.090040 0.052400 0.000010 0.037930 0.000010 0.000010 0.218046 0.079774
0.646054 0.000010 0.000010 0.000010 0.073544 0.000010 0.000010 0.241126 0.039227
0.713448 0.000010 0.000010 0.038289 0.000010 0.000010 0.000010 0.090361 0.157853
0.513937 0.004881 0.003812 0.007249 0.000010 0.000010 0.094406 0.154672 0.221023
0.358111 0.032995 0.000010 0.266546 0.000010 0.075154 0.000010 0.232131 0.035032
0.000010 0.000010 0.628404 0.000010 0.000010 0.014647 0.345546 0.000010 0.011353
0.000010 0.000010 0.867058 0.007030 0.000010 0.000010 0.125852 0.000010 0.000010
0.002239 0.000010 0.667894 0.124598 0.000010 0.000010 0.205219 0.000010 0.000010
0.000010 0.000010 0.780819 0.029347 0.016864 0.000010 0.172919 0.000010 0.000010
0.000010 0.106043 0.540256 0.000010 0.000010 0.000010 0.353641 0.000010 0.000010
0.000010 0.000010 0.603104 0.004502 0.164849 0.063335 0.145908 0.018272 0.000010
0.000010 0.006667 0.680908 0.000010 0.026304 0.003962 0.282119 0.000010 0.000010
0.097647 0.000010 0.743552 0.000010 0.000010 0.000010 0.143752 0.000010 0.014999
0.000010 0.000010 0.744983 0.000010 0.000010 0.038128 0.216829 0.000010 0.000010
0.000010 0.017809 0.523840 0.000010 0.148434 0.010306 0.287150 0.000010 0.012430
0.000010 0.006519 0.537022 0.000010 0.087562 0.000010 0.340071 0.028786 0.000010
0.021379 0.104256 0.645092 0.010454 0.000010 0.000010 0.218779 0.000010 0.000010
0.012309 0.111236 0.496413 0.000010 0.135077 0.023007 0.221927 0.000010 0.000010
0.000010 0.000010 0.562230 0.000010 0.000010 0.000010 0.437700 0.000010 0.000010
0.015444 0.000010 0.649393 0.021479 0.000010 0.000010 0.239684 0.073960 0.000010
0.000010 0.000010 0.583686 0.002042 0.000010 0.020150 0.228882 0.165200 0.000010
0.048552 0.000010 0.688417 0.000010 0.112332 0.000010 0.150649 0.000010 0.000010
0.061211 0.034469 0.776956 0.008285 0.060579 0.000010 0.058470 0.000010 0.000010
0.000010 0.000010 0.627953 0.051239 0.089203 0.000010 0.231555 0.000010 0.000010
0.056037 0.011140 0.684318 0.005658 0.027713 0.000010 0.159227 0.055886 0.000010
0.065251 0.191000 0.503581 0.000010 0.000010 0.000010 0.240119 0.000010 0.000010
0.000010 0.017182 0.712728 0.000010 0.000010 0.000010 0.194400 0.075640 0.000010
0.000010 0.000010 0.741625 0.000010 0.000010 0.014227 0.195940 0.048158 0.000010
0.000010 0.013903 0.610079 0.000010 0.054209 0.000010 0.321760 0.000010 0.000010
0.000010 0.062095 0.690990 0.037474 0.117465 0.000010 0.083840 0.008106 0.000010
0.000010 0.035961 0.498453 0.000010 0.017126 0.003703 0.332045 0.112682 0.000010
0.000010 0.000010 0.533550 0.014784 0.101361 0.000010 0.337821 0.012444 0.000010
0.000010 0.007680 0.629588 0.000010 0.000691 0.000010 0.361991 0.000010 0.000010
0.012366 0.000010 0.559418 0.022476 0.075796 0.000010 0.329903 0.000010 0.000010
0.000010 0.027379 0.594762 0.000010 0.000010 0.000010 0.377799 0.000010 0.000010
0.012273 0.000010 0.682672 0.000010 0.000010 0.019819 0.272382 0.000010 0.012813
0.000010 0.000010 0.635106 0.001810 0.112502 0.000010 0.250533 0.000010 0.000010
0.000010 0.000010 0.432435 0.072817 0.000010 0.000010 0.446679 0.048020 0.000010
0.157476 0.047604 0.528762 0.000010 0.052480 0.000010 0.213638 0.000010 0.000010
0.000010 0.000010 0.788202 0.011683 0.000010 0.000010 0.173296 0.000010 0.026769
0.061551 0.000010 0.637565 0.000010 0.000010 0.000010 0.224075 0.049752 0.027019
0.000010 0.073229 0.472328 0.000010 0.000010 0.000010 0.454382 0.000010 0.000010
0.138776 0.010268 0.675741 0.000010 0.017994 0.018265 0.138926 0.000010 0.000010
0.041982 0.150724 0.451670 0.000010 0.000010 0.000010 0.313957 0.000010 0.041626
0.010309 0.000010 0.019013 0.067353 0.798446 0.000010 0.098817 0.000010 0.006032
0.000010 0.000010 0.080755 0.000010 0.878806 0.000010 0.040378 0.000010 0.000010
0.000010 0.018829 0.645942 0.035537 0.000010 0.000010 0.229690 0.069962 0.000010
0.000010 0.002310 0.770435 0.000221 0.000010 0.000010 0.180817 0.024128 0.022059
0.532914 0.091068 0.000010 0.069037 0.000010 0.000010 0.004551 0.302390 0.000010
0.317399 0.000010 0.000010 0.342873 0.000010 0.000010 0.029269 0.310410 0.000010
0.308843 0.000010 0.004782 0.354340 0.000010 0.000010 0.000010 0.269399 0.062596
0.315065 0.000010 0.000010 0.373626 0.000010 0.000467 0.044513 0.167706 0.098593
0.324896 0.027036 0.108328 0.351415 0.000010 0.000010 0.038879 0.149416 0.000010
0.259033 0.026409 0.003667 0.429061 0.000010 0.000010 0.064440 0.178738 0.038633
0.537611 0.018851 0.000010 0.309641 0.000010 0.000010 0.000010 0.133847 0.000010
0.324335 0.000010 0.000010 0.498112 0.051907 0.000010 0.000010 0.125596 0.000010
0.048083 0.000010 0.107695 0.621311 0.105103 0.000010 0.049378 0.064164 0.004246
0.288113 0.009288 0.000010 0.577348 0.016938 0.000010 0.003969 0.032255 0.072070
0.547915 0.000010 0.049142 0.191465 0.000010 0.000010 0.000010 0.211428 0.000010
0.393848 0.021600 0.000010 0.180555 0.043883 0.062954 0.064874 0.230409 0.001868
0.237085 0.067679 0.052652 0.444373 0.000010 0.036281 0.000010 0.161900 0.000010
0.052874 0.037281 0.512462 0.000010 0.000010 0.000010 0.397332 0.000010 0.000010
0.026963 0.023422 0.482973 0.000010 0.046744 0.017849 0.328933 0.073096 0.000010
0.000010 0.000010 0.785104 0.000010 0.000010 0.000010 0.214826 0.000010 0.000010
0.000010 0.000010 0.666159 0.000010 0.018390 0.000010 0.283102 0.032299 0.000010
0.000010 0.000010 0.603922 0.000010 0.024504 0.000010 0.363539 0.007986 0.000010
0.000955 0.000010 0.549118 0.000010 0.000010 0.000010 0.378959 0.070918 0.000010
0.000010 0.000010 0.732475 0.000010 0.007787 0.005761 0.243103 0.000010 0.010834
0.000010 0.000010 0.542387 0.000010 0.057758 0.000010 0.399795 0.000010 0.000010
0.011342 0.061727 0.487019 0.000010 0.090934 0.000010 0.332296 0.000010 0.016652
0.000010 0.137489 0.436827 0.000010 0.000010 0.000010 0.425624 0.000010 0.000010
0.000010 0.000010 0.681519 0.110400 0.000010 0.000010 0.208021 0.000010 0.000010
0.000010 0.000010 0.536192 0.142080 0.000010 0.000010 0.220085 0.101593 0.000010
