0.262239 0.020640 0.084490 0.000010 0.000010 0.000010 0.097200 0.535390 0.000010
0.263932 0.000010 0.066067 0.049968 0.000010 0.000010 0.000010 0.524687 0.095306
0.012840 0.041641 0.000010 0.139786 0.033054 0.074671 0.253958 0.444029 0.000010
0.375937 0.000010 0.000010 0.089790 0.000010 0.046801 0.077394 0.397327 0.012720
0.104333 0.000010 0.000010 0.048656 0.000010 0.000010 0.221450 0.625512 0.000010
0.050777 0.000010 0.081273 0.211604 0.002708 0.055841 0.072240 0.204495 0.321051
0.348908 0.000010 0.000010 0.074744 0.000010 0.000010 0.000010 0.323605 0.252693
0.510938 0.027447 0.010987 0.045323 0.000010 0.000010 0.041765 0.273873 0.089647
0.083922 0.236644 0.118556 0.065052 0.003466 0.000010 0.015596 0.476744 0.000010
0.325610 0.000010 0.000010 0.143966 0.000010 0.000010 0.058687 0.471686 0.000010
0.259716 0.119975 0.000010 0.142116 0.000010 0.072687 0.000010 0.405466 0.000010
0.236595 0.013234 0.017635 0.120739 0.000010 0.003787 0.188306 0.419685 0.000010
0.294414 0.029793 0.085065 0.086129 0.051249 0.000010 0.127905 0.325426 0.000010
0.457072 0.024858 0.018568 0.000010 0.085088 0.029002 0.000010 0.385381 0.000010
0.296111 0.054867 0.043640 0.005401 0.000010 0.062635 0.091422 0.445904 0.000010
0.314248 0.016682 0.072882 0.110853 0.000010 0.000010 0.000010 0.485294 0.000010
0.113552 0.008173 0.000010 0.000010 0.000010 0.009587 0.195096 0.673551 0.000010
0.164017 0.061255 0.000010 0.077945 0.000010 0.106902 0.118041 0.471810 0.000010
0.132980 0.000010 0.000010 0.107356 0.000010 0.000010 0.126209 0.549034 0.084381
0.000010 0.000010 0.026485 0.178428 0.043633 0.000010 0.229841 0.521573 0.000010
0.277279 0.059324 0.029726 0.000010 0.000010 0.009982 0.087047 0.534170 0.002453
0.203942 0.067052 0.098532 0.000010 0.000012 0.000010 0.007362 0.623070 0.000010
0.341045 0.000010 0.000010 0.047711 0.006285 0.000010 0.139803 0.297585 0.167541
0.266137 0.002798 0.000010 0.000010 0.067539 0.056830 0.022151 0.584516 0.000010
0.161641 0.053874 0.000010 0.007355 0.000010 0.111939 0.085691 0.579469 0.000010
0.402927 0.000010 0.000010 0.180604 0.000010 0.000010 0.036727 0.379692 0.000010
0.039487 0.000010 0.129550 0.000010 0.000010 0.000010 0.147945 0.665888 0.017090
0.403868 0.004110 0.000010 0.054996 0.000010 0.073061 0.058804 0.405130 0.000010
0.087517 0.000010 0.049984 0.153382 0.000010 0.003996 0.020094 0.578712 0.106295
0.260513 0.021720 0.247754 0.027572 0.037089 0.045819 0.033570 0.180910 0.145052
0.488574 0.000010 0.029736 0.124560 0.000010 0.000010 0.075771 0.238861 0.042468
0.469486 0.000010 0.000010 0.000010 0.000010 0.000010 0.000010 0.422390 0.108063
0.078819 0.000010 0.000010 0.169242 0.000010 0.002459 0.115098 0.634342 0.000010
0.317498 0.000010 0.154140 0.000010 0.000010 0.000010 0.112911 0.415401 0.000010
0.086220 0.000010 0.137165 0.095319 0.102529 0.000010 0.116054 0.462683 0.000010
0.166818 0.000011 0.015122 0.232178 0.000010 0.000010 0.135262 0.450579 0.000010
0.270829 0.045591 0.037374 0.090389 0.000010 0.000010 0.172213 0.376472 0.007112
0.154467 0.000010 0.131963 0.167367 0.000010 0.000010 0.177327 0.368836 0.000010
0.103402 0.000010 0.000010 0.205050 0.000010 0.000010 0.130792 0.504159 0.056558
0.369350 0.235278 0.000010 0.000010 0.000010 0.000010 0.147188 0.248134 0.000010
0.027727 0.000010 0.094878 0.208767 0.142607 0.096982 0.000010 0.429010 0.000010
0.260700 0.127189 0.076453 0.028754 0.019698 0.034548 0.013353 0.371651 0.067655
0.141203 0.000010 0.141083 0.131456 0.025220 0.000010 0.134650 0.426358 0.000010
0.333990 0.000010 0.000010 0.000010 0.000010 0.000010 0.108844 0.435343 0.121773
0.196213 0.000010 0.132261 0.000010 0.052579 0.000010 0.167521 0.428117 0.023280
0.000010 0.000010 0.000010 0.226225 0.000010 0.000010 0.261002 0.495510 0.017212
0.133587 0.000010 0.000010 0.068690 0.000010 0.000010 0.097339 0.545008 0.155335
0.317985 0.000010 0.163874 0.130313 0.000010 0.000010 0.000010 0.358667 0.029120
0.107375 0.134858 0.428205 0.015610 0.000010 0.036671 0.182752 0.094508 0.000010
0.249305 0.136682 0.325601 0.058283 0.000010 0.000010 0.025829 0.204271 0.000010
0.145196 0.000010 0.422110 0.197133 0.000010 0.000010 0.078315 0.157205 0.000010
0.000010 0.108660 0.506446 0.018316 0.034207 0.000010 0.242117 0.090224 0.000010
0.103988 0.011303 0.195637 0.083701 0.000011 0.000010 0.000010 0.605330 0.000010
0.110390 0.133088 0.180448 0.132350 0.018361 0.056105 0.000010 0.346021 0.023227
0.080380 0.000010 0.329126 0.357338 0.150427 0.000010 0.000010 0.082689 0.000010
0.199149 0.142860 0.209558 0.219206 0.000010 0.000010 0.051630 0.177566 0.000010
0.000010 0.000010 0.515442 0.028512 0.000010 0.000010 0.217957 0.141868 0.096182
0.174145 0.000010 0.257031 0.005068 0.000010 0.000010 0.130731 0.432985 0.000010
0.006899 0.000010 0.422209 0.092796 0.000010 0.000010 0.245573 0.171121 0.061371
0.087009 0.025950 0.633327 0.063345 0.095110 0.000010 0.089238 0.006001 0.000010
0.094111 0.091308 0.472352 0.000010 0.000010 0.003143 0.204095 0.006873 0.128097
0.192679 0.150323 0.167910 0.000010 0.000010 0.000010 0.000010 0.438554 0.050494
0.124223 0.000010 0.281937 0.125206 0.080971 0.023336 0.083912 0.235123 0.045281
0.000010 0.098680 0.373320 0.098410 0.069333 0.000010 0.089100 0.271128 0.000010
0.148454 0.107242 0.225273 0.108024 0.000010 0.000010 0.255845 0.155131 0.000010
0.321449 0.115623 0.121239 0.000010 0.000010 0.045913 0.190099 0.175418 0.030239
0.000010 0.139112 0.373214 0.147411 0.033767 0.046114 0.131495 0.128867 0.000010
0.000010 0.167357 0.297537 0.088052 0.000010 0.000010 0.128947 0.234382 0.083696
0.103962 0.000010 0.298880 0.262291 0.000010 0.000010 0.099979 0.205486 0.029372
0.019063 0.173741 0.000010 0.258879 0.028983 0.000010 0.109524 0.363500 0.046290
0.000010 0.000010 0.028615 0.000010 0.003822 0.000010 0.272456 0.319429 0.375638
0.277599 0.000010 0.066177 0.069391 0.000010 0.000010 0.057910 0.465399 0.063493
0.214174 0.000010 0.180534 0.146408 0.053091 0.010748 0.000010 0.395015 0.000010
0.266896 0.000010 0.042505 0.210854 0.000010 0.000010 0.139169 0.340536 0.000010
0.298189 0.088137 0.000010 0.000010 0.072602 0.134405 0.021788 0.384849 0.000010
0.027581 0.042150 0.000010 0.066997 0.000010 0.047327 0.142444 0.673471 0.000010
0.213431 0.000010 0.181467 0.016638 0.000010 0.041284 0.000010 0.547140 0.000010
0.246483 0.000010 0.000010 0.168062 0.019729 0.000010 0.012707 0.282229 0.270759
0.311067 0.013071 0.000010 0.090459 0.065625 0.071796 0.024195 0.404869 0.018908
0.381847 0.000010 0.059695 0.000010 0.011646 0.000010 0.021355 0.240137 0.285290
0.129992 0.229648 0.002593 0.054077 0.000457 0.022110 0.076278 0.484835 0.000010
0.311706 0.020715 0.046420 0.000010 0.000010 0.000010 0.000010 0.380662 0.240458
0.130518 0.000010 0.027179 0.000010 0.000010 0.000010 0.166280 0.499298 0.176685
0.258616 0.000010 0.020141 0.000010 0.000010 0.011386 0.152312 0.557504 0.000010
0.314119 0.066038 0.129894 0.017388 0.030130 0.047447 0.000010 0.374637 0.020336
0.100939 0.000010 0.038122 0.156037 0.000010 0.000010 0.157882 0.496391 0.050599
0.000010 0.000010 0.133593 0.063024 0.043720 0.118314 0.122155 0.412583 0.106591
0.244581 0.000010 0.071059 0.047059 0.000010 0.000010 0.114162 0.523099 0.000010
0.290957 0.036173 0.167083 0.000010 0.000010 0.115163 0.023036 0.308415 0.059152
0.219216 0.000010 0.099047 0.096798 0.000010 0.000010 0.117608 0.467291 0.000010
0.279691 0.000010 0.192168 0.089320 0.000010 0.000010 0.062697 0.340421 0.035673
0.261751 0.000010 0.000010 0.120666 0.025157 0.026371 0.067575 0.498449 0.000010
0.083109 0.000010 0.212166 0.099802 0.121032 0.000010 0.209295 0.205308 0.069268
0.461082 0.024026 0.000010 0.000010 0.000010 0.000010 0.156602 0.358240 0.000010
0.345999 0.068145 0.000010 0.077580 0.000010 0.034586 0.009620 0.464039 0.000010
0.064001 0.056581 0.030601 0.168484 0.029649 0.004636 0.199214 0.446825 0.000010
0.152924 0.000010 0.000010 0.000010 0.002781 0.000010 0.268582 0.575663 0.000010
0.016235 0.003045 0.008741 0.000010 0.011005 0.000010 0.269092 0.691852 0.000010
0.127808 0.097813 0.093447 0.093158 0.000010 0.023116 0.110434 0.435306 0.018909
0.145882 0.000010 0.000010 0.253186 0.000010 0.000010 0.111078 0.489804 0.000010
0.152926 0.107866 0.059695 0.050186 0.014838 0.014682 0.117867 0.180563 0.301376
0.102808 0.000010 0.041479 0.000010 0.000010 0.207812 0.068154 0.000010 0.579708
0.024485 0.092979 0.000010 0.237394 0.000010 0.236441 0.036939 0.154205 0.217537
0.159631 0.065237 0.000010 0.000010 0.001636 0.000010 0.164105 0.609352 0.000010
0.142178 0.000010 0.090948 0.302558 0.000010 0.006620 0.219707 0.237959 0.000010
0.241641 0.094083 0.000010 0.004538 0.000010 0.000010 0.101769 0.511861 0.046078
0.212511 0.081131 0.008075 0.050836 0.133951 0.065219 0.000010 0.448256 0.000010
0.091934 0.111637 0.000010 0.075270 0.155961 0.000010 0.122300 0.442867 0.000010
0.254867 0.000010 0.032009 0.019258 0.000010 0.000010 0.302389 0.391437 0.000010
0.026582 0.000010 0.036321 0.107813 0.000010 0.000010 0.201857 0.627387 0.000010
0.114740 0.000010 0.141780 0.000010 0.000010 0.000010 0.128377 0.615053 0.000010
0.113453 0.000010 0.000010 0.132150 0.039338 0.000010 0.246791 0.468227 0.000010
0.048282 0.083916 0.134233 0.180049 0.022902 0.000010 0.064591 0.435956 0.030060
0.174171 0.000010 0.000010 0.036703 0.076633 0.000010 0.200688 0.455749 0.056026
0.205684 0.051251 0.015486 0.141632 0.000010 0.000010 0.094084 0.491832 0.000010
0.154420 0.074948 0.168977 0.091095 0.056250 0.000010 0.043061 0.411229 0.000010
0.247884 0.000010 0.000010 0.171524 0.000010 0.000010 0.195842 0.384700 0.000010
0.000010 0.000010 0.000010 0.220455 0.113670 0.000010 0.215955 0.449869 0.000010
0.171913 0.038304 0.000010 0.097515 0.000010 0.000010 0.148014 0.544214 0.000010
0.296012 0.000010 0.000010 0.267941 0.000010 0.000010 0.039744 0.396253 0.000010
0.478354 0.000010 0.000010 0.000010 0.000010 0.008807 0.087577 0.298286 0.126936
0.181339 0.114793 0.000010 0.167302 0.000010 0.000010 0.141510 0.395015 0.000010
0.214595 0.118214 0.016811 0.239401 0.000010 0.000010 0.018506 0.302903 0.089550
0.038502 0.000010 0.070185 0.000010 0.000010 0.039512 0.191916 0.659845 0.000010
0.222007 0.144797 0.000243 0.000010 0.000010 0.000010 0.129411 0.466825 0.036687
0.203496 0.093239 0.120570 0.199475 0.000010 0.000010 0.000010 0.383179 0.000010
0.106970 0.000010 0.085364 0.000010 0.009571 0.035458 0.209163 0.553444 0.000010
0.202748 0.000010 0.000010 0.114587 0.000010 0.000010 0.197652 0.439474 0.045498
0.105450 0.000010 0.000010 0.317491 0.065990 0.000010 0.100867 0.410161 0.000010
0.135544 0.000010 0.018400 0.300125 0.000010 0.000010 0.089852 0.456040 0.000010
0.205134 0.000010 0.223225 0.021140 0.000010 0.043517 0.057650 0.449304 0.000010
0.152703 0.000010 0.020422 0.072259 0.000010 0.000010 0.255352 0.499224 0.000010
0.136182 0.000010 0.000010 0.000010 0.000010 0.042409 0.126684 0.694675 0.000010
0.302619 0.030031 0.083196 0.034519 0.000010 0.000010 0.000010 0.423462 0.126143
0.139588 0.000010 0.000010 0.119916 0.024768 0.000010 0.188995 0.526692 0.000010
0.218239 0.045950 0.184318 0.143246 0.000010 0.000010 0.000010 0.368732 0.039486
0.000010 0.019922 0.019863 0.223545 0.187595 0.011565 0.173189 0.364300 0.000010
0.173913 0.000010 0.236452 0.034418 0.097090 0.000010 0.079119 0.378979 0.000010
0.320117 0.015157 0.000010 0.000010 0.000010 0.000010 0.074065 0.558451 0.032170
0.083809 0.000010 0.000014 0.052192 0.000010 0.000010 0.331580 0.532365 0.000010
0.473774 0.000010 0.000010 0.099357 0.000010 0.000010 0.030164 0.338707 0.057957
0.276027 0.009435 0.042650 0.038325 0.000010 0.095696 0.000010 0.501965 0.035881
0.187421 0.019230 0.103051 0.079000 0.036191 0.118207 0.000010 0.456880 0.000010
0.336184 0.026757 0.113008 0.190570 0.000010 0.045437 0.011559 0.276466 0.000010
0.062906 0.030489 0.119570 0.089891 0.000010 0.032311 0.000010 0.619126 0.045687
0.323209 0.097886 0.109405 0.053672 0.000010 0.000010 0.050556 0.219942 0.145310
0.219713 0.000010 0.019723 0.130485 0.069249 0.049685 0.069975 0.441150 0.000010
0.191194 0.000010 0.000010 0.249811 0.040554 0.018917 0.000010 0.499484 0.000010
0.215489 0.000010 0.000010 0.161293 0.000010 0.000010 0.134125 0.456662 0.032391
0.136118 0.000010 0.000010 0.272609 0.005825 0.000010 0.065127 0.520281 0.000010
0.168098 0.000010 0.177462 0.197981 0.026058 0.000010 0.000010 0.392857 0.037514
0.303893 0.018350 0.084861 0.089777 0.000010 0.000010 0.151140 0.351948 0.000010
0.188881 0.046256 0.000010 0.047171 0.004374 0.043466 0.091216 0.563041 0.015587
0.257753 0.018580 0.005524 0.215685 0.000010 0.000010 0.108233 0.394194 0.000010
0.257619 0.015060 0.162586 0.026329 0.042586 0.000010 0.000010 0.495790 0.000010
0.242267 0.000010 0.267866 0.148988 0.000010 0.000010 0.096374 0.244465 0.000010
0.143557 0.007644 0.000010 0.304435 0.000010 0.000010 0.064341 0.479983 0.000010
0.185331 0.094724 0.000010 0.182560 0.000010 0.015808 0.000010 0.521538 0.000010
0.431382 0.060873 0.089199 0.103065 0.021812 0.010569 0.017710 0.265380 0.000010
0.076838 0.034720 0.064433 0.108131 0.002563 0.037944 0.109279 0.566081 0.000010
0.394907 0.000010 0.058258 0.133106 0.000010 0.022694 0.000010 0.390995 0.000010
0.363121 0.000010 0.191468 0.116462 0.000010 0.000010 0.015318 0.313590 0.000010
0.089476 0.055903 0.000010 0.109077 0.015895 0.000010 0.000010 0.729608 0.000010
0.055783 0.000010 0.297577 0.160179 0.000010 0.000010 0.098259 0.388161 0.000010
0.000010 0.063100 0.096267 0.141506 0.000010 0.000010 0.181502 0.517585 0.000010
0.226921 0.000010 0.000010 0.094503 0.040371 0.049530 0.192350 0.377417 0.018888
0.090814 0.141533 0.005961 0.000010 0.000010 0.000010 0.205664 0.555987 0.000010
0.073580 0.000010 0.115700 0.227216 0.024016 0.000010 0.000010 0.559449 0.000010
0.108556 0.094705 0.000010 0.201247 0.000010 0.000010 0.051640 0.523578 0.020243
0.311651 0.000010 0.140479 0.000010 0.000010 0.061079 0.067578 0.419173 0.000010
0.005809 0.000010 0.000010 0.131665 0.000010 0.000010 0.314469 0.548006 0.000010
0.147772 0.000010 0.309656 0.046189 0.000010 0.000010 0.078825 0.417364 0.000164
0.000010 0.000010 0.046605 0.125781 0.003319 0.006358 0.299923 0.517984 0.000010
0.157571 0.000010 0.142744 0.113883 0.000010 0.000010 0.103322 0.482440 0.000010
0.231562 0.004419 0.000010 0.000010 0.060371 0.107289 0.209467 0.386862 0.000010
0.082397 0.000010 0.249356 0.000010 0.000010 0.000010 0.135182 0.533014 0.000010
0.000010 0.000010 0.284895 0.114533 0.000010 0.060556 0.111619 0.428357 0.000010
0.267026 0.000010 0.192502 0.004415 0.028405 0.000010 0.033626 0.473995 0.000010
0.225257 0.000010 0.096176 0.064452 0.014094 0.000010 0.116876 0.483113 0.000010
0.329784 0.053758 0.129705 0.098322 0.006032 0.000010 0.018192 0.364187 0.000010
0.142211 0.000010 0.000010 0.183249 0.000010 0.000010 0.135876 0.492421 0.046202
0.000010 0.000010 0.082469 0.152228 0.183806 0.000010 0.000010 0.377592 0.203865
0.252326 0.000010 0.000010 0.154462 0.000010 0.002687 0.080807 0.486386 0.023302
0.032684 0.000010 0.130509 0.365644 0.012255 0.000010 0.068729 0.390148 0.000010
0.000010 0.099516 0.000010 0.269724 0.000010 0.000010 0.194629 0.436082 0.000010
0.299608 0.027996 0.064850 0.066151 0.053219 0.000010 0.041143 0.286141 0.160882
0.054891 0.000010 0.002094 0.309328 0.000010 0.002996 0.151117 0.479545 0.000010
0.000010 0.000010 0.018391 0.000010 0.005406 0.269599 0.044730 0.000010 0.661834
0.000010 0.030497 0.000010 0.000010 0.000010 0.330575 0.000010 0.000010 0.638868
0.000010 0.000010 0.000010 0.000010 0.000010 0.245197 0.062305 0.000010 0.692438
0.000010 0.000010 0.000010 0.000010 0.003130 0.419665 0.037177 0.000010 0.539978
0.041085 0.000010 0.000010 0.000010 0.000010 0.241054 0.000010 0.000010 0.717801
0.000010 0.000010 0.000010 0.031616 0.000010 0.170577 0.017732 0.000010 0.780024
0.000010 0.026066 0.000010 0.000010 0.000010 0.457410 0.052421 0.000010 0.464053
0.000010 0.000010 0.000010 0.000010 0.000010 0.289640 0.026662 0.000010 0.683639
0.000010 0.000010 0.000010 0.000010 0.071445 0.239566 0.000010 0.000010 0.688929
0.098236 0.000010 0.000010 0.000010 0.000010 0.105333 0.000261 0.000010 0.796119
0.000010 0.000010 0.000010 0.000010 0.000010 0.200240 0.017280 0.000010 0.782419
0.041743 0.000010 0.000010 0.000010 0.083667 0.216206 0.000010 0.006538 0.651805
0.007495 0.017014 0.000010 0.000010 0.000010 0.329378 0.048589 0.000010 0.597483
0.000010 0.008227 0.000010 0.000010 0.000010 0.364478 0.000010 0.000010 0.627235
0.030603 0.000010 0.000010 0.000010 0.000010 0.312909 0.015502 0.000010 0.640936
0.025819 0.000010 0.032222 0.000010 0.000010 0.301675 0.000010 0.000010 0.640234
0.023503 0.000010 0.000010 0.000010 0.000010 0.468105 0.000010 0.000010 0.508332
0.000010 0.032938 0.000010 0.029553 0.000010 0.358209 0.030533 0.000010 0.548728
0.000010 0.000010 0.000010 0.000010 0.000010 0.409929 0.008463 0.000010 0.581548
0.000010 0.000010 0.000010 0.000010 0.027754 0.354982 0.000010 0.000010 0.617204
0.000010 0.000010 0.000010 0.000010 0.079335 0.404767 0.000010 0.000010 0.515838
0.007218 0.000010 0.000011 0.000010 0.000010 0.263202 0.000010 0.000010 0.729519
0.000010 0.098865 0.000010 0.000010 0.000010 0.187418 0.000010 0.000010 0.713657
0.000010 0.000010 0.000010 0.000010 0.000010 0.301278 0.000010 0.000010 0.698652
0.000010 0.000010 0.000010 0.000010 0.000010 0.276511 0.000010 0.000010 0.723419
0.000010 0.010414 0.000010 0.000010 0.031057 0.497359 0.000010 0.000010 0.461120
0.000010 0.000010 0.000010 0.000010 0.000010 0.439651 0.000010 0.000010 0.560279
0.000010 0.000010 0.000010 0.000010 0.000010 0.281732 0.000010 0.000010 0.718198
0.000010 0.000010 0.039391 0.000010 0.681700 0.000010 0.206232 0.000010 0.072627
0.440707 0.054865 0.000010 0.270906 0.096118 0.066218 0.000010 0.071157 0.000010
0.429225 0.000010 0.000010 0.322603 0.000010 0.000010 0.004151 0.243970 0.000010
0.327380 0.078084 0.008507 0.413952 0.014700 0.000010 0.000010 0.157347 0.000010
0.174057 0.000010 0.045457 0.451666 0.000010 0.014395 0.061954 0.252441 0.000010
0.223117 0.000010 0.115624 0.328491 0.000010 0.033855 0.000010 0.275952 0.022932
0.457055 0.000010 0.000010 0.147330 0.082492 0.029517 0.048532 0.202810 0.032243
0.107129 0.091184 0.040356 0.430615 0.000010 0.000010 0.000010 0.330675 0.000010
0.366260 0.042058 0.000010 0.197276 0.020571 0.000010 0.000010 0.373796 0.000010
0.283233 0.000010 0.000010 0.456261 0.000010 0.000010 0.034962 0.225494 0.000010
0.426222 0.000010 0.000010 0.344671 0.000010 0.089648 0.000010 0.134283 0.005137
0.391057 0.054260 0.000010 0.215185 0.023642 0.000010 0.000010 0.315817 0.000010
0.350884 0.000010 0.014553 0.296808 0.000010 0.000010 0.000010 0.337706 0.000010
0.596887 0.000010 0.000010 0.161689 0.030374 0.000010 0.000010 0.211000 0.000010
0.385219 0.061419 0.000010 0.306917 0.000010 0.000010 0.008242 0.238163 0.000010
0.416924 0.000010 0.000010 0.333706 0.109344 0.000010 0.000010 0.139977 0.000010
0.163967 0.000010 0.000265 0.464158 0.000010 0.000010 0.000010 0.330899 0.040671
0.399371 0.000010 0.000010 0.363630 0.000010 0.000010 0.000010 0.236940 0.000010
0.192617 0.000010 0.102043 0.235788 0.000010 0.000010 0.012391 0.400988 0.056144
0.415102 0.000010 0.051488 0.210228 0.058527 0.096159 0.000010 0.136844 0.031633
0.413930 0.064545 0.068173 0.243519 0.000010 0.000010 0.026393 0.183411 0.000010
0.427487 0.062888 0.043734 0.169492 0.000010 0.000010 0.004868 0.280258 0.011254
0.274012 0.189302 0.000010 0.378852 0.025978 0.047738 0.000010 0.084088 0.000010
0.183804 0.000010 0.081950 0.335585 0.000010 0.000010 0.000010 0.322323 0.076298
0.228588 0.072947 0.096165 0.253832 0.000010 0.018748 0.000010 0.329690 0.000010
0.541906 0.000010 0.000010 0.284469 0.102358 0.000010 0.037300 0.033927 0.000010
0.462512 0.000010 0.000010 0.349856 0.104018 0.000010 0.011653 0.071920 0.000010
0.489605 0.000010 0.124868 0.246965 0.000010 0.000010 0.000010 0.108662 0.029861
0.398300 0.000010 0.051661 0.219655 0.061141 0.000010 0.100129 0.169085 0.000010
0.000010 0.000010 0.000010 0.015256 0.959398 0.000010 0.000010 0.025286 0.000010
0.000010 0.000010 0.000010 0.000010 0.999920 0.000010 0.000010 0.000010 0.000010
0.000010 0.000010 0.000010 0.000010 0.973656 0.000010 0.000010 0.026274 0.000010
0.000010 0.000010 0.000010 0.000010 0.999920 0.000010 0.000010 0.000010 0.000010
0.000010 0.022380 0.115629 0.048736 0.594662 0.000010 0.210697 0.000010 0.007866
0.000010 0.000010 0.000010 0.000010 0.930573 0.000010 0.036696 0.032671 0.000010
0.000010 0.000010 0.000010 0.000010 0.999920 0.000010 0.000010 0.000010 0.000010
0.000010 0.000010 0.000010 0.000010 0.999920 0.000010 0.000010 0.000010 0.000010
0.000010 0.000010 0.000010 0.000010 0.965227 0.000010 0.034703 0.000010 0.000010
0.000010 0.000010 0.000010 0.000010 0.982263 0.000010 0.017667 0.000010 0.000010
0.000010 0.000010 0.000010 0.000010 0.972954 0.000010 0.000010 0.000010 0.026976
0.000010 0.000010 0.000010 0.000010 0.999920 0.000010 0.000010 0.000010 0.000010
0.020204 0.000010 0.000010 0.000010 0.934902 0.000010 0.044833 0.000010 0.000010
0.000010 0.000010 0.000010 0.000010 0.977990 0.000010 0.021940 0.000010 0.000010
0.044177 0.000010 0.000010 0.000010 0.955753 0.000010 0.000010 0.000010 0.000010
0.000010 0.000010 0.000010 0.000010 0.966559 0.004950 0.028432 0.000010 0.000010
0.005844 0.000010 0.000317 0.000010 0.976202 0.000121 0.000010 0.017476 0.000010
0.541917 0.000010 0.000010 0.077688 0.000010 0.017809 0.000010 0.362087 0.000459
0.530938 0.078893 0.201603 0.000010 0.000017 0.000010 0.000010 0.188509 0.000010
0.653344 0.018388 0.051184 0.038337 0.000010 0.000010 0.000010 0.238707 0.000010
0.543122 0.009471 0.000010 0.102592 0.000010 0.065184 0.000010 0.279591 0.000010
0.555888 0.068596 0.000010 0.000010 0.000010 0.041870 0.000010 0.333596 0.000010
0.483015 0.000010 0.000010 0.125350 0.000010 0.000010 0.000010 0.391575 0.000010
0.541473 0.040355 0.000010 0.000010 0.067127 0.000010 0.000010 0.350995 0.000010
0.539122 0.092534 0.000012 0.069552 0.000010 0.096089 0.000010 0.202661 0.000010
0.409581 0.000010 0.198354 0.047124 0.000010 0.000010 0.000010 0.344891 0.000010
0.595834 0.000010 0.000010 0.017002 0.028416 0.000010 0.076137 0.193694 0.088887
0.510155 0.041709 0.000010 0.000010 0.000010 0.000010 0.031104 0.300672 0.116321
0.360750 0.000010 0.056365 0.183000 0.000010 0.000010 0.006518 0.263652 0.129683
0.771541 0.000010 0.000010 0.005341 0.000010 0.000010 0.014745 0.208323 0.000010
0.592601 0.000010 0.076023 0.052656 0.000010 0.020969 0.068507 0.188869 0.000355
0.541456 0.000010 0.000010 0.000010 0.000010 0.000010 0.009789 0.413496 0.035209
0.678278 0.119025 0.000010 0.000010 0.000010 0.000010 0.000010 0.162698 0.039949
0.535139 0.076990 0.000010 0.035316 0.000010 0.000010 0.000010 0.352504 0.000010
0.272151 0.054106 0.000010 0.228942 0.085767 0.015147 0.000010 0.343857 0.000010
0.412197 0.030426 0.000010 0.000010 0.000010 0.021058 0.000010 0.419317 0.116962
0.521426 0.000010 0.000010 0.191438 0.000010 0.049023 0.000010 0.238062 0.000010
0.507732 0.000010 0.000010 0.225823 0.000010 0.000010 0.059754 0.206641 0.000010
0.578884 0.030973 0.001390 0.009852 0.000010 0.000010 0.011199 0.351997 0.015684
0.575611 0.000010 0.046130 0.121476 0.000010 0.000010 0.000010 0.256733 0.000010
0.470414 0.065202 0.000010 0.000010 0.000010 0.022660 0.000010 0.371579 0.070105
0.479433 0.000010 0.000010 0.100901 0.000010 0.041759 0.064183 0.310293 0.003402
0.708667 0.000010 0.000010 0.000010 0.000010 0.030615 0.000010 0.260658 0.000010
0.437652 0.000010 0.000010 0.214762 0.115903 0.000010 0.000010 0.231634 0.000010
0.509461 0.000010 0.000010 0.000010 0.000010 0.044335 0.000010 0.360776 0.085377
0.471968 0.010264 0.000010 0.041741 0.000010 0.000010 0.120722 0.355265 0.000010
0.691993 0.024354 0.002820 0.000010 0.000010 0.037330 0.000010 0.240407 0.003067
0.390572 0.000010 0.000010 0.260215 0.000010 0.000010 0.048861 0.300301 0.000010
0.441089 0.000010 0.000010 0.000010 0.000010 0.015394 0.095776 0.438117 0.009583
0.437330 0.028238 0.000010 0.000010 0.000010 0.023959 0.000010 0.432254 0.078179
0.369061 0.000010 0.000010 0.191756 0.000010 0.033474 0.000010 0.295980 0.109689
0.840154 0.000010 0.000010 0.014908 0.000010 0.026484 0.000010 0.118404 0.000010
0.386797 0.077952 0.000010 0.000010 0.000010 0.000010 0.000010 0.535191 0.000010
0.442914 0.000010 0.202519 0.132845 0.000010 0.000010 0.000010 0.221671 0.000010
0.525988 0.010506 0.083044 0.063979 0.000010 0.000010 0.000010 0.316444 0.000010
0.719039 0.000010 0.000010 0.000010 0.000010 0.000010 0.000010 0.233086 0.047815
0.548319 0.159752 0.000010 0.000010 0.000010 0.007891 0.000010 0.283988 0.000010
0.393741 0.000010 0.000010 0.092815 0.000010 0.000010 0.000010 0.452327 0.061067
0.459199 0.012389 0.000010 0.209694 0.055259 0.061353 0.000010 0.133961 0.068125
0.659038 0.000010 0.019101 0.013288 0.000010 0.000010 0.000010 0.308523 0.000010
0.850493 0.000010 0.000010 0.000010 0.000010 0.036276 0.000010 0.034051 0.079130
0.611503 0.000010 0.000010 0.000010 0.050036 0.000010 0.043099 0.238518 0.056804
0.621425 0.000010 0.016169 0.000010 0.000010 0.000397 0.000010 0.210664 0.151306
0.410658 0.000010 0.000010 0.107032 0.000010 0.000010 0.000010 0.344759 0.137501
0.427128 0.000010 0.000010 0.000010 0.000010 0.034595 0.000010 0.382962 0.155264
0.491640 0.000010 0.016906 0.000010 0.054454 0.000010 0.000010 0.335695 0.101266
0.677728 0.000010 0.000010 0.031942 0.000010 0.018854 0.000010 0.271426 0.000010
0.632015 0.000010 0.000010 0.037840 0.000010 0.000010 0.000010 0.330085 0.000010
0.317086 0.000010 0.000010 0.000010 0.000010 0.020059 0.033429 0.337513 0.291872
0.582633 0.000010 0.000010 0.000010 0.066388 0.000010 0.060747 0.239327 0.050865
0.418778 0.000010 0.000010 0.082468 0.000010 0.111914 0.000010 0.141591 0.245209
0.374954 0.000010 0.000010 0.000010 0.036936 0.000010 0.066660 0.122524 0.398886
0.148174 0.000010 0.000010 0.000010 0.021649 0.100455 0.064025 0.000010 0.665657
0.318714 0.000010 0.000010 0.330443 0.000010 0.000010 0.021617 0.329055 0.000130
0.714277 0.000010 0.141451 0.000010 0.000010 0.000010 0.000010 0.144212 0.000010
0.652310 0.000010 0.000010 0.000010 0.000010 0.000010 0.000010 0.181945 0.165685
0.299147 0.000010 0.000010 0.161306 0.022528 0.000010 0.000010 0.335175 0.181803
0.577041 0.091188 0.000010 0.091549 0.000010 0.066584 0.000010 0.173598 0.000010
0.620234 0.050594 0.000010 0.000010 0.000010 0.000010 0.000010 0.292843 0.036279
0.292995 0.000010 0.000010 0.000010 0.000010 0.036784 0.065069 0.436581 0.168531
0.634706 0.000010 0.042431 0.000010 0.000010 0.013797 0.000010 0.235203 0.073823
0.514062 0.139994 0.000010 0.000010 0.000010 0.000010 0.047135 0.033653 0.265116
0.483531 0.113623 0.000010 0.000010 0.000010 0.000010 0.033560 0.100582 0.268664
0.537622 0.000010 0.000010 0.143738 0.000010 0.092723 0.035851 0.189111 0.000924
0.491207 0.064167 0.000010 0.000010 0.000010 0.000010 0.035155 0.292266 0.117165
0.603793 0.000010 0.000010 0.075893 0.000010 0.000010 0.000010 0.283288 0.036976
0.648127 0.000010 0.002597 0.000010 0.000010 0.000010 0.000010 0.224218 0.125008
0.636072 0.000010 0.000010 0.000010 0.019659 0.067225 0.000010 0.127179 0.149825
0.766754 0.000010 0.000010 0.000010 0.000010 0.019755 0.015583 0.197857 0.000010
0.386797 0.000010 0.000010 0.054592 0.007762 0.037372 0.116558 0.288669 0.108230
0.564877 0.012644 0.000010 0.000010 0.000010 0.000010 0.087643 0.205222 0.129573
0.384952 0.000011 0.040517 0.000010 0.000010 0.064410 0.000010 0.414378 0.095701
0.570087 0.088500 0.000010 0.053090 0.000010 0.131884 0.000010 0.128969 0.027440
0.401508 0.010978 0.083557 0.164617 0.012779 0.022299 0.019570 0.284683 0.000010
0.689030 0.120963 0.000010 0.000010 0.000010 0.000010 0.044961 0.144995 0.000010
0.550278 0.000010 0.010197 0.000010 0.000010 0.000010 0.000010 0.325994 0.113481
0.414457 0.000010 0.028764 0.000010 0.000010 0.000010 0.011847 0.391616 0.153276
0.504620 0.000010 0.000010 0.020581 0.000010 0.018971 0.000010 0.342503 0.113285
0.474934 0.017453 0.000010 0.000010 0.041617 0.071076 0.131154 0.174890 0.088856
0.540476 0.000010 0.000010 0.000010 0.000010 0.064054 0.000010 0.388055 0.007365
0.544907 0.000010 0.056442 0.000010 0.000010 0.074496 0.000010 0.324105 0.000010
0.692104 0.000010 0.023569 0.000010 0.000010 0.000010 0.101145 0.004967 0.178175
0.557728 0.000010 0.000010 0.111866 0.000010 0.035181 0.036551 0.205812 0.052832
0.361690 0.000010 0.016395 0.000010 0.073908 0.071337 0.108958 0.367682 0.000010
0.000010 0.000010 0.000010 0.000010 0.873094 0.000010 0.051228 0.000010 0.075618
0.090504 0.005989 0.000010 0.000010 0.798593 0.000010 0.104864 0.000010 0.000010
0.000010 0.016578 0.000010 0.000010 0.906506 0.066335 0.004474 0.000010 0.006067
0.000010 0.000010 0.074289 0.000010 0.768583 0.000010 0.157068 0.000010 0.000010
0.000010 0.000010 0.037917 0.000010 0.941488 0.000010 0.020535 0.000010 0.000010
0.000010 0.052291 0.000010 0.000010 0.869643 0.000010 0.078006 0.000010 0.000010
0.000010 0.049273 0.094603 0.000010 0.721964 0.000010 0.130879 0.000010 0.003241
0.436854 0.000010 0.092200 0.355090 0.000010 0.000010 0.061720 0.054096 0.000010
0.581316 0.000010 0.000010 0.035999 0.000010 0.000010 0.000010 0.382625 0.000010
0.341182 0.000010 0.013046 0.244021 0.003179 0.000010 0.000010 0.282510 0.116031
0.676687 0.000010 0.000010 0.269785 0.013440 0.040038 0.000010 0.000010 0.000010
0.507959 0.000010 0.000010 0.242701 0.034962 0.031129 0.000010 0.183208 0.000010
0.391791 0.000010 0.000010 0.370348 0.000010 0.063090 0.000010 0.174722 0.000010
0.566703 0.000010 0.075400 0.176593 0.050147 0.000010 0.036557 0.094569 0.000010
0.694431 0.000010 0.003244 0.186781 0.000010 0.000010 0.017765 0.000010 0.097739
0.562560 0.040447 0.000010 0.127288 0.000010 0.002386 0.027350 0.181370 0.058579
0.709923 0.000010 0.000010 0.091229 0.000010 0.000010 0.000010 0.122453 0.076345
0.605630 0.061214 0.063132 0.000010 0.000010 0.000010 0.000010 0.269973 0.000010
0.567152 0.000010 0.002526 0.091268 0.081331 0.160234 0.000010 0.097459 0.000010
0.463120 0.000010 0.000010 0.061717 0.000010 0.000010 0.043207 0.386107 0.045809
0.664315 0.037110 0.000010 0.000010 0.000010 0.000010 0.060925 0.237601 0.000010
0.436614 0.061328 0.000010 0.064565 0.063414 0.108319 0.000010 0.265730 0.000010
0.597222 0.000010 0.000010 0.000010 0.000010 0.086846 0.005003 0.276114 0.034774
0.350430 0.000012 0.000010 0.000010 0.012219 0.054498 0.089180 0.485843 0.007798
0.525865 0.000010 0.000010 0.000010 0.000010 0.049758 0.037052 0.205436 0.181849
0.461394 0.000010 0.000010 0.000010 0.000010 0.088809 0.000010 0.449737 0.000010
0.616057 0.043732 0.000010 0.043201 0.000010 0.000010 0.010800 0.192480 0.093700
0.560727 0.000010 0.029136 0.000010 0.000010 0.015157 0.000010 0.258743 0.136197
0.653943 0.000010 0.000010 0.000010 0.000010 0.000010 0.000010 0.345987 0.000010
0.490324 0.000010 0.000010 0.000010 0.000010 0.000010 0.000010 0.307192 0.202424
0.411941 0.066717 0.000010 0.096046 0.000010 0.056339 0.153963 0.144952 0.070022
0.517934 0.079391 0.000010 0.118881 0.000010 0.003824 0.012921 0.143885 0.123144
0.489525 0.000010 0.151774 0.000010 0.034659 0.000010 0.000010 0.205943 0.118059
0.528586 0.021604 0.000010 0.064190 0.027839 0.121707 0.000010 0.134209 0.101845
0.460669 0.011424 0.050484 0.000010 0.000010 0.137224 0.000010 0.340158 0.000010
0.552446 0.029251 0.056908 0.000010 0.000010 0.000010 0.000010 0.351914 0.009441
0.502700 0.000010 0.000010 0.171029 0.060674 0.000010 0.005818 0.209026 0.050724
0.627279 0.000010 0.000010 0.000010 0.021701 0.000010 0.000010 0.350960 0.000010
0.490134 0.000010 0.144678 0.132023 0.000010 0.013451 0.000010 0.216730 0.002954
0.519015 0.024040 0.002637 0.000010 0.000010 0.000010 0.047030 0.000010 0.407238
0.516709 0.000010 0.145426 0.000010 0.000010 0.049136 0.000010 0.212315 0.076375
0.545070 0.000011 0.034292 0.000010 0.015250 0.194708 0.000010 0.209259 0.001389
0.000010 0.975449 0.000010 0.000010 0.017883 0.006608 0.000010 0.000010 0.000010
0.000010 0.756265 0.107346 0.000010 0.033342 0.000010 0.000010 0.097899 0.005108
0.000010 0.917678 0.063016 0.000010 0.000010 0.019246 0.000010 0.000010 0.000010
0.000010 0.999920 0.000010 0.000010 0.000010 0.000010 0.000010 0.000010 0.000010
0.000010 0.000010 0.537208 0.000010 0.000010 0.000010 0.339630 0.123102 0.000010
0.000010 0.000010 0.605852 0.006173 0.047007 0.000010 0.340917 0.000010 0.000010
0.000010 0.035861 0.301903 0.000010 0.056020 0.000010 0.494393 0.111784 0.000010
0.000010 0.000010 0.479747 0.000010 0.077590 0.000010 0.342746 0.099867 0.000010
0.000010 0.000010 0.346875 0.000010 0.018534 0.000010 0.466303 0.163050 0.005198
0.039716 0.006729 0.417055 0.000010 0.053717 0.000010 0.374349 0.000010 0.108403
0.000010 0.000016 0.483822 0.000017 0.027539 0.000010 0.424658 0.022910 0.041017
0.000010 0.000010 0.476920 0.041696 0.081417 0.000010 0.244646 0.155280 0.000010
0.000010 0.000010 0.170067 0.085264 0.000010 0.016718 0.364806 0.363106 0.000010
0.000010 0.000010 0.576766 0.000010 0.006972 0.000010 0.379444 0.000010 0.036768
0.464505 0.000010 0.000010 0.000010 0.000010 0.000010 0.084205 0.414641 0.036599
0.532097 0.109752 0.076229 0.005975 0.000010 0.000010 0.051661 0.096399 0.127868
0.393474 0.002659 0.000010 0.063451 0.126556 0.096112 0.000010 0.301569 0.016158
0.327773 0.000010 0.000010 0.000010 0.000010 0.051326 0.016733 0.288653 0.315476
0.453363 0.000010 0.000010 0.263166 0.000010 0.021948 0.000010 0.208795 0.052688
0.363388 0.047391 0.000010 0.161572 0.000010 0.060126 0.012821 0.354672 0.000010
0.551091 0.071572 0.000010 0.062430 0.007617 0.103828 0.000010 0.203432 0.000010
0.543337 0.000010 0.000010 0.161483 0.000010 0.000010 0.017170 0.277960 0.000010
0.490871 0.035275 0.108021 0.000010 0.000010 0.000010 0.000010 0.227164 0.138630
0.653445 0.054895 0.000010 0.043653 0.000010 0.000010 0.000010 0.174376 0.073592
0.582926 0.092628 0.085831 0.176358 0.000010 0.000010 0.000010 0.062217 0.000010
0.449712 0.000010 0.000010 0.184947 0.102682 0.000010 0.000010 0.262609 0.000010
0.616523 0.063050 0.000010 0.042345 0.000010 0.000010 0.104575 0.115288 0.058189
0.468777 0.000010 0.000010 0.000010 0.000010 0.000010 0.000010 0.387240 0.143923
0.401186 0.000010 0.000010 0.000010 0.000010 0.000010 0.116521 0.219680 0.262563
0.472887 0.000010 0.135294 0.000010 0.000010 0.053441 0.000010 0.288132 0.050205
0.478483 0.076034 0.000010 0.221897 0.000010 0.010552 0.000010 0.170519 0.042485
0.487766 0.000010 0.000010 0.024793 0.000010 0.000010 0.000010 0.213167 0.274225
0.385086 0.000010 0.000010 0.216724 0.000010 0.033599 0.028201 0.221831 0.114529
0.748385 0.000010 0.000010 0.078637 0.000010 0.000010 0.000010 0.043750 0.129178
0.532754 0.000010 0.000010 0.000010 0.000010 0.059322 0.000010 0.380839 0.027035
0.000010 0.081581 0.704460 0.000015 0.000010 0.000010 0.193568 0.020335 0.000010
0.000010 0.171025 0.595305 0.000010 0.000010 0.000010 0.226274 0.007346 0.000010
0.000010 0.059044 0.590203 0.000010 0.000010 0.000010 0.350693 0.000010 0.000010
0.000010 0.000010 0.714470 0.000010 0.000010 0.000010 0.285460 0.000010 0.000010
0.000010 0.000010 0.807652 0.000010 0.000010 0.000010 0.167889 0.014475 0.009935
0.000010 0.195896 0.609698 0.000010 0.000010 0.000010 0.194346 0.000010 0.000010
0.000010 0.000010 0.854055 0.000010 0.000010 0.000010 0.093413 0.000010 0.052472
0.000010 0.235064 0.613522 0.000010 0.000010 0.000010 0.126705 0.000010 0.024659
0.000015 0.000010 0.684336 0.000010 0.000010 0.000010 0.315588 0.000010 0.000010
0.000010 0.066141 0.593652 0.000010 0.000010 0.000010 0.340148 0.000010 0.000010
0.000010 0.141955 0.463794 0.000010 0.000010 0.000010 0.248274 0.083059 0.062878
0.000010 0.089766 0.690032 0.000010 0.000010 0.000010 0.220142 0.000010 0.000010
0.000010 0.104280 0.475521 0.000010 0.000010 0.000010 0.420139 0.000010 0.000010
0.000010 0.032639 0.652885 0.000010 0.000010 0.000010 0.314416 0.000010 0.000010
0.000010 0.032583 0.659875 0.000010 0.000010 0.028534 0.278958 0.000010 0.000010
0.000010 0.000010 0.666016 0.028400 0.000010 0.000010 0.305524 0.000010 0.000010
0.000010 0.061586 0.569572 0.000010 0.000010 0.002585 0.336911 0.029306 0.000010
0.000010 0.000010 0.488903 0.200431 0.008164 0.000010 0.244290 0.058171 0.000010
0.000010 0.047582 0.552506 0.000010 0.050744 0.035391 0.313736 0.000010 0.000010
0.000010 0.076966 0.586646 0.000010 0.000010 0.000010 0.302811 0.024638 0.008899
0.000010 0.122740 0.577465 0.000010 0.000010 0.000010 0.299736 0.000010 0.000010
0.000010 0.171990 0.686646 0.000010 0.000010 0.000010 0.141303 0.000010 0.000010
0.000010 0.139885 0.358704 0.000010 0.000010 0.000010 0.437307 0.064054 0.000010
0.000010 0.012616 0.630204 0.115727 0.000010 0.000010 0.241403 0.000010 0.000010
0.067588 0.018332 0.446249 0.021504 0.167428 0.007992 0.270888 0.000010 0.000010
0.000010 0.056072 0.646633 0.028347 0.000010 0.023200 0.245709 0.000010 0.000010
0.000010 0.000010 0.631994 0.000010 0.037137 0.000010 0.330809 0.000010 0.000010
0.000010 0.000010 0.818302 0.000010 0.000010 0.000010 0.181628 0.000010 0.000010
0.000010 0.000010 0.626723 0.000010 0.055658 0.000010 0.317559 0.000010 0.000010
0.000010 0.099516 0.618113 0.000010 0.010440 0.000010 0.271880 0.000010 0.000010
0.000010 0.019585 0.661513 0.000010 0.013938 0.000010 0.304913 0.000010 0.000010
0.000010 0.000010 0.729863 0.000010 0.000010 0.000010 0.270067 0.000010 0.000010
0.000010 0.015292 0.705885 0.000010 0.030525 0.036114 0.208406 0.003748 0.000010
0.000010 0.000010 0.640987 0.079669 0.050141 0.000010 0.229153 0.000010 0.000010
0.000010 0.000010 0.610471 0.000010 0.000010 0.000010 0.389459 0.000010 0.000010
0.000010 0.080540 0.691214 0.000010 0.024459 0.000010 0.203737 0.000010 0.000010
0.000010 0.023444 0.474239 0.134052 0.042777 0.000010 0.325448 0.000010 0.000010
0.000010 0.000010 0.460892 0.000010 0.119458 0.000100 0.419500 0.000010 0.000010
0.000010 0.009367 0.583619 0.000010 0.020781 0.000010 0.386184 0.000010 0.000010
0.000010 0.078953 0.000010 0.000010 0.822127 0.000010 0.098860 0.000010 0.000010
0.000010 0.016524 0.000010 0.000010 0.923811 0.000010 0.059605 0.000010 0.000010
0.000010 0.000010 0.678769 0.019860 0.000010 0.000010 0.301311 0.000010 0.000010
0.065461 0.198627 0.417062 0.014967 0.002962 0.000010 0.286274 0.014627 0.000010
0.256506 0.000010 0.099563 0.359558 0.000010 0.000010 0.000010 0.284322 0.000010
0.268011 0.032094 0.031594 0.179364 0.044550 0.000010 0.115503 0.328864 0.000010
0.493315 0.008866 0.000010 0.202222 0.006682 0.069853 0.060877 0.158164 0.000010
0.327290 0.000010 0.121527 0.171526 0.000010 0.033401 0.024463 0.293022 0.028752
0.320657 0.000010 0.076159 0.252135 0.018439 0.002545 0.086795 0.243251 0.000010
0.254229 0.016704 0.043167 0.344606 0.000010 0.000010 0.000010 0.341253 0.000010
0.417465 0.000010 0.030238 0.278058 0.068283 0.000010 0.000010 0.164664 0.041262
0.290241 0.021008 0.024334 0.379338 0.000010 0.074060 0.000010 0.210988 0.000010
0.321500 0.000010 0.000010 0.417370 0.000010 0.028550 0.054529 0.178011 0.000010
0.276088 0.000010 0.000010 0.181569 0.000010 0.000010 0.043719 0.498574 0.000010
0.382979 0.018445 0.000010 0.500007 0.000010 0.000010 0.000010 0.098519 0.000010
0.176515 0.097385 0.000010 0.384635 0.035242 0.037808 0.000010 0.213953 0.054442
0.376869 0.053417 0.000010 0.170901 0.000010 0.004398 0.012702 0.359677 0.022016
0.000010 0.000010 0.442735 0.069974 0.000010 0.000010 0.487231 0.000010 0.000010
0.000010 0.125949 0.434446 0.000010 0.052532 0.014427 0.353680 0.018936 0.000010
0.000010 0.022109 0.596146 0.000010 0.000010 0.000010 0.381685 0.000010 0.000010
0.000010 0.183342 0.299015 0.170706 0.008231 0.000010 0.227590 0.111087 0.000010
0.000010 0.000010 0.600663 0.000010 0.090670 0.000010 0.308607 0.000010 0.000010
0.000010 0.000010 0.652832 0.000010 0.000010 0.000010 0.321584 0.000010 0.025524
0.000010 0.000010 0.588350 0.000010 0.000010 0.000010 0.411580 0.000010 0.000010
0.000010 0.084809 0.387556 0.022874 0.000010 0.000010 0.442566 0.062155 0.000010
0.000010 0.005402 0.607167 0.026713 0.000010 0.050154 0.310525 0.000010 0.000010
0.000010 0.000010 0.597205 0.000010 0.000010 0.035998 0.266266 0.100246 0.000245
0.000010 0.012498 0.546830 0.000010 0.000010 0.000010 0.339505 0.101117 0.000010
0.000010 0.000010 0.636386 0.037790 0.000010 0.000010 0.292417 0.000010 0.033357
