0.295425 0.042703 0.000010 0.000010 0.079982 0.000010 0.014973 0.417486 0.149402
0.367147 0.000010 0.104813 0.073962 0.000010 0.000010 0.000010 0.399713 0.054326
0.200666 0.090330 0.000010 0.000010 0.038928 0.000010 0.139358 0.530679 0.000010
0.432422 0.000010 0.000010 0.000010 0.000010 0.000010 0.000010 0.567508 0.000010
0.246971 0.000010 0.000010 0.033781 0.000010 0.000010 0.064194 0.655004 0.000010
0.046155 0.000010 0.000010 0.000010 0.000010 0.000010 0.104929 0.000010 0.848856
0.468229 0.000010 0.132244 0.013147 0.000010 0.021701 0.000010 0.364640 0.000010
0.260182 0.047003 0.000010 0.056073 0.000010 0.000010 0.029046 0.576311 0.031355
0.427531 0.030020 0.000010 0.028432 0.000010 0.000010 0.154545 0.339656 0.019785
0.312003 0.000010 0.000010 0.088845 0.051469 0.000010 0.000010 0.547634 0.000010
0.287809 0.122356 0.000010 0.062542 0.000010 0.000010 0.168368 0.358884 0.000010
0.186260 0.011693 0.004674 0.233029 0.104104 0.007257 0.017566 0.435408 0.000010
0.006158 0.000010 0.081973 0.130487 0.072910 0.031331 0.115496 0.495735 0.065901
0.316223 0.062271 0.093921 0.129660 0.071752 0.007530 0.009021 0.234198 0.075424
0.542621 0.001847 0.032331 0.000010 0.008600 0.000010 0.050597 0.363973 0.000010
0.479806 0.014828 0.000010 0.000010 0.054742 0.000010 0.000010 0.423721 0.026863
0.298864 0.000010 0.000010 0.001591 0.000010 0.016064 0.000010 0.586472 0.096969
0.214705 0.049322 0.000010 0.079435 0.000010 0.041253 0.066591 0.503198 0.045476
0.111790 0.062049 0.000010 0.000010 0.000010 0.108119 0.228429 0.404255 0.085328
0.593689 0.000010 0.000010 0.076726 0.000010 0.000010 0.004360 0.325175 0.000010
0.094976 0.000010 0.000010 0.405601 0.000010 0.008813 0.179207 0.233476 0.077897
0.339130 0.029635 0.000010 0.159082 0.033967 0.000010 0.051017 0.387140 0.000010
0.184337 0.000010 0.035331 0.142682 0.028107 0.000010 0.117939 0.397551 0.094033
0.446206 0.029354 0.000010 0.018081 0.145853 0.000010 0.000010 0.360466 0.000010
0.176327 0.000010 0.000010 0.182054 0.017950 0.062506 0.156306 0.348017 0.056819
0.298609 0.048667 0.032729 0.153902 0.000010 0.000010 0.063278 0.402786 0.000010
0.237895 0.000010 0.000010 0.090112 0.000010 0.000010 0.143430 0.528513 0.000010
0.185403 0.138659 0.005791 0.050584 0.000010 0.000010 0.000010 0.217524 0.402009
0.154392 0.000010 0.196519 0.087777 0.000010 0.030447 0.003058 0.455391 0.072396
0.226431 0.088528 0.084326 0.001760 0.024299 0.005045 0.086914 0.208153 0.274545
0.297811 0.000010 0.018130 0.170528 0.000010 0.054045 0.023909 0.406111 0.029446
0.301376 0.000010 0.000010 0.000010 0.001143 0.000010 0.097104 0.426023 0.174314
0.441891 0.000010 0.000010 0.009805 0.000010 0.000010 0.125476 0.422779 0.000010
0.340854 0.000010 0.136946 0.076659 0.000010 0.011783 0.103734 0.329994 0.000010
0.281713 0.032562 0.000010 0.064403 0.000010 0.000010 0.210974 0.410307 0.000010
0.469025 0.000010 0.067404 0.000010 0.000010 0.111088 0.010065 0.342378 0.000010
0.409093 0.043801 0.000010 0.117714 0.000010 0.097974 0.181289 0.092759 0.057352
0.230178 0.177920 0.040936 0.176964 0.000010 0.006857 0.025300 0.028006 0.313830
0.347012 0.008530 0.000010 0.013397 0.032151 0.024469 0.113977 0.302629 0.157827
0.478247 0.000010 0.000010 0.101890 0.000010 0.037015 0.016321 0.366487 0.000010
0.193701 0.000010 0.025039 0.265108 0.000010 0.000010 0.114092 0.402021 0.000010
0.573618 0.000010 0.000015 0.077184 0.000010 0.000010 0.108991 0.240153 0.000010
0.250852 0.056004 0.150599 0.104969 0.079266 0.000010 0.068550 0.289739 0.000010
0.008391 0.090880 0.118917 0.117223 0.000010 0.064199 0.072155 0.528215 0.000010
0.434956 0.000010 0.000010 0.101240 0.000010 0.000010 0.234023 0.229730 0.000010
0.212098 0.000010 0.000010 0.185461 0.132354 0.000010 0.110068 0.359980 0.000010
0.119227 0.000010 0.000010 0.031420 0.000010 0.000010 0.320215 0.529088 0.000010
0.272229 0.019759 0.180885 0.143634 0.025986 0.000010 0.085323 0.239130 0.033044
0.000010 0.006466 0.504027 0.145897 0.000010 0.086573 0.002696 0.254311 0.000010
0.128079 0.000010 0.435335 0.129153 0.019541 0.000010 0.047257 0.240606 0.000010
0.000010 0.022340 0.696838 0.000010 0.050143 0.000010 0.223316 0.007322 0.000010
0.025499 0.124055 0.379453 0.000010 0.000010 0.000010 0.201939 0.269014 0.000010
0.302408 0.013818 0.127483 0.224932 0.000010 0.000010 0.000010 0.291304 0.040025
0.093422 0.032517 0.463862 0.080369 0.000010 0.016516 0.051825 0.261469 0.000010
0.112189 0.053548 0.456654 0.140845 0.000010 0.000010 0.157855 0.000010 0.078879
0.189723 0.143089 0.209352 0.000010 0.000010 0.000010 0.076056 0.328608 0.053142
0.161420 0.138996 0.162437 0.072729 0.015970 0.000010 0.104319 0.344108 0.000010
0.333942 0.000010 0.354892 0.000010 0.000010 0.000010 0.138689 0.172427 0.000010
0.153802 0.000010 0.552881 0.000010 0.002596 0.000010 0.131759 0.158922 0.000010
0.106393 0.075510 0.141728 0.058477 0.094859 0.036371 0.099877 0.386775 0.000010
0.149619 0.057445 0.204303 0.000010 0.000010 0.000010 0.258245 0.330348 0.000010
0.370574 0.004038 0.481217 0.081687 0.000010 0.048415 0.000010 0.004394 0.009656
0.053756 0.034276 0.471714 0.119022 0.188624 0.000010 0.000010 0.132578 0.000010
0.070591 0.072047 0.460910 0.018445 0.000010 0.000010 0.110381 0.252866 0.014740
0.097640 0.144433 0.489049 0.000010 0.000010 0.000010 0.140468 0.128370 0.000010
0.067209 0.159120 0.510118 0.115800 0.000010 0.010813 0.018283 0.118637 0.000010
0.090860 0.091260 0.282417 0.185412 0.000010 0.017771 0.050730 0.281531 0.000010
0.191101 0.107174 0.295843 0.280121 0.000010 0.046400 0.000010 0.079331 0.000010
0.105467 0.090674 0.448817 0.000010 0.000010 0.000010 0.206073 0.127844 0.021095
0.254292 0.169318 0.026917 0.000010 0.087535 0.086369 0.065620 0.232505 0.077433
0.227126 0.000010 0.076962 0.000010 0.000010 0.075563 0.103945 0.064604 0.451769
0.424354 0.000010 0.000010 0.035937 0.098217 0.000010 0.077623 0.363830 0.000010
0.427604 0.000010 0.049064 0.124560 0.000010 0.000010 0.127122 0.235715 0.035905
0.370295 0.000010 0.066449 0.000010 0.000010 0.000010 0.002715 0.432864 0.127637
0.230509 0.000010 0.008013 0.074049 0.036442 0.084033 0.106594 0.460341 0.000010
0.088369 0.000010 0.000010 0.138008 0.058946 0.002344 0.000010 0.712294 0.000010
0.469059 0.000010 0.000010 0.028741 0.000010 0.000010 0.000010 0.502139 0.000010
0.250648 0.000010 0.015407 0.098734 0.026019 0.047787 0.001223 0.217919 0.342253
0.290442 0.059489 0.071851 0.088373 0.000010 0.000010 0.058352 0.313059 0.118414
0.451876 0.000010 0.000010 0.000010 0.072025 0.000010 0.008586 0.336395 0.131078
0.364168 0.006848 0.076324 0.000010 0.045151 0.000010 0.045037 0.284823 0.177629
0.284548 0.000010 0.000010 0.153657 0.019780 0.028803 0.117656 0.363254 0.032283
0.395671 0.015064 0.001602 0.160552 0.000010 0.000010 0.000010 0.348836 0.078246
0.525621 0.090001 0.078570 0.000010 0.000010 0.084945 0.067825 0.153008 0.000010
0.249004 0.008904 0.000010 0.228698 0.000010 0.000010 0.101528 0.293202 0.118634
0.079191 0.000010 0.000010 0.147633 0.039663 0.036842 0.344561 0.308900 0.043190
0.178708 0.000010 0.100827 0.000010 0.000010 0.000010 0.086481 0.220101 0.413842
0.100438 0.000010 0.000010 0.000010 0.122962 0.006384 0.000010 0.384689 0.385486
0.240142 0.000010 0.130109 0.000010 0.018814 0.052639 0.124714 0.355598 0.077964
0.354190 0.026581 0.072455 0.099442 0.000010 0.000010 0.000010 0.434741 0.012560
0.398497 0.000010 0.001252 0.000010 0.035939 0.083451 0.000010 0.350514 0.130317
0.358271 0.000010 0.016203 0.033420 0.124329 0.011770 0.000830 0.313973 0.141195
0.323024 0.014857 0.000010 0.079684 0.119930 0.000010 0.151081 0.275642 0.035762
0.151519 0.081955 0.011798 0.072258 0.000010 0.030806 0.000010 0.215776 0.435868
0.496721 0.000010 0.000010 0.000010 0.000010 0.000010 0.087736 0.253631 0.161861
0.139163 0.081055 0.000010 0.200443 0.000010 0.000010 0.142189 0.382713 0.054406
0.302785 0.074289 0.031550 0.124405 0.000010 0.000010 0.000010 0.433163 0.033778
0.290524 0.000010 0.131314 0.026167 0.000010 0.000010 0.142510 0.369098 0.040356
0.069005 0.000010 0.004167 0.242628 0.015506 0.000010 0.214851 0.452590 0.001232
0.186720 0.000010 0.000010 0.041146 0.055630 0.000010 0.131965 0.502299 0.082210
0.357562 0.055711 0.000010 0.104698 0.177137 0.000010 0.000010 0.248438 0.056425
0.396540 0.004829 0.046565 0.000010 0.018936 0.000010 0.069935 0.463165 0.000010
0.031705 0.036560 0.024749 0.025195 0.000010 0.051941 0.250812 0.386031 0.192996
0.191992 0.000010 0.000010 0.000010 0.000010 0.000010 0.230315 0.577633 0.000010
0.287862 0.019085 0.000010 0.278417 0.000010 0.069577 0.016229 0.324494 0.004316
0.335119 0.221551 0.000010 0.000010 0.082643 0.029672 0.085765 0.245220 0.000010
0.216582 0.000010 0.000010 0.099066 0.282109 0.000010 0.002868 0.399335 0.000010
0.126098 0.000010 0.000010 0.252027 0.000010 0.000010 0.316995 0.304829 0.000010
0.172927 0.000010 0.000010 0.185889 0.000010 0.000010 0.197421 0.443713 0.000010
0.076874 0.000010 0.048683 0.213778 0.000010 0.000010 0.199091 0.461535 0.000010
0.101152 0.110717 0.170409 0.020366 0.000010 0.018519 0.109834 0.468983 0.000010
0.277363 0.000010 0.031905 0.060588 0.000010 0.074328 0.079019 0.476766 0.000010
0.336232 0.032098 0.030326 0.147356 0.000010 0.000010 0.203927 0.250031 0.000010
0.215032 0.065032 0.095265 0.013582 0.020852 0.000010 0.270116 0.320102 0.000010
0.000010 0.000010 0.236132 0.302184 0.000010 0.000010 0.236204 0.225430 0.000010
0.080917 0.002444 0.080059 0.240864 0.004994 0.000010 0.133600 0.420180 0.036930
0.116898 0.031400 0.000010 0.023954 0.000010 0.057599 0.083786 0.653823 0.032520
0.023272 0.000010 0.056350 0.239975 0.244189 0.000010 0.008532 0.377876 0.049785
0.265620 0.063591 0.323745 0.000010 0.074339 0.000010 0.000010 0.272665 0.000010
0.114341 0.000010 0.105611 0.057572 0.184121 0.000010 0.071553 0.466772 0.000010
0.268935 0.000010 0.010263 0.215994 0.012772 0.000010 0.105801 0.343804 0.042412
0.090185 0.095124 0.083069 0.074546 0.000010 0.000010 0.041995 0.576094 0.038968
0.157136 0.000010 0.115806 0.000010 0.000010 0.034476 0.220536 0.453642 0.018375
0.217904 0.000010 0.018071 0.118181 0.000284 0.000010 0.195518 0.427238 0.022783
0.355712 0.000010 0.086572 0.046966 0.102937 0.000010 0.017946 0.389837 0.000010
0.630414 0.000010 0.000010 0.139742 0.006644 0.000010 0.079842 0.143318 0.000010
0.049611 0.000010 0.109982 0.114998 0.069619 0.000010 0.163565 0.492196 0.000010
0.219904 0.000010 0.000010 0.273995 0.128662 0.000010 0.000010 0.377389 0.000010
0.242405 0.109839 0.000010 0.148576 0.000010 0.000010 0.142647 0.297302 0.059200
0.256441 0.000010 0.000010 0.138940 0.117569 0.000010 0.052228 0.423248 0.011543
0.393081 0.000010 0.000010 0.000010 0.165946 0.000010 0.131674 0.309249 0.000010
0.331336 0.000010 0.000010 0.000010 0.140419 0.000010 0.039367 0.488828 0.000010
0.156179 0.029891 0.000010 0.000010 0.000010 0.000010 0.201126 0.612753 0.000010
0.453493 0.000010 0.000010 0.189678 0.019623 0.000010 0.036098 0.301068 0.000010
0.125472 0.016640 0.022495 0.431105 0.000010 0.028908 0.199937 0.175424 0.000010
0.267708 0.000010 0.000010 0.057227 0.065102 0.000010 0.222839 0.387084 0.000010
0.173915 0.093489 0.000010 0.226013 0.044946 0.019808 0.104839 0.336970 0.000010
0.338677 0.293723 0.000010 0.000010 0.000010 0.037261 0.005492 0.233461 0.091357
0.024685 0.114874 0.096850 0.275692 0.000010 0.032111 0.107109 0.348660 0.000010
0.503035 0.000010 0.018426 0.052163 0.029131 0.000010 0.046423 0.350791 0.000010
0.351272 0.000010 0.000010 0.112553 0.057339 0.000010 0.138915 0.339880 0.000010
0.262755 0.000010 0.000010 0.000010 0.125908 0.000010 0.192619 0.398534 0.020145
0.346399 0.058777 0.000010 0.000010 0.000010 0.000010 0.219006 0.316684 0.059094
0.551884 0.000092 0.000010 0.066278 0.000010 0.000010 0.000010 0.355363 0.026343
0.468019 0.111497 0.103798 0.137737 0.000010 0.000010 0.072088 0.091513 0.015328
0.000010 0.000010 0.000010 0.372428 0.049503 0.000010 0.138514 0.421665 0.017851
0.241041 0.022033 0.025357 0.182148 0.000010 0.000010 0.140900 0.301756 0.086745
0.233479 0.000317 0.000010 0.262150 0.000010 0.000010 0.230981 0.273034 0.000010
0.068157 0.042311 0.062943 0.282931 0.000010 0.126208 0.082196 0.335233 0.000010
0.089074 0.178958 0.000010 0.289392 0.000010 0.000010 0.015950 0.426585 0.000010
0.232800 0.176575 0.000010 0.286877 0.000010 0.038039 0.071840 0.189263 0.004587
0.153697 0.036193 0.001113 0.198548 0.095534 0.022275 0.159416 0.333214 0.000010
0.187836 0.000010 0.003695 0.137850 0.000010 0.014015 0.040643 0.599725 0.016215
0.094322 0.000010 0.090571 0.088610 0.000010 0.063222 0.117559 0.501938 0.043758
0.378196 0.002581 0.029345 0.127822 0.000010 0.022623 0.154332 0.285080 0.000010
0.275078 0.000010 0.000010 0.071173 0.178733 0.000010 0.050562 0.424415 0.000010
0.328756 0.014773 0.092047 0.111603 0.018771 0.031144 0.214954 0.187942 0.000010
0.265168 0.054044 0.000010 0.000010 0.000010 0.000010 0.223659 0.457079 0.000010
0.404970 0.078697 0.000010 0.223389 0.000010 0.000010 0.000010 0.277032 0.015872
0.345193 0.015549 0.091148 0.000010 0.000010 0.000010 0.000570 0.506744 0.040765
0.110579 0.000010 0.000010 0.135857 0.008052 0.007636 0.186167 0.551678 0.000010
0.336882 0.063763 0.000010 0.239736 0.000010 0.000010 0.042038 0.317541 0.000010
0.063011 0.000010 0.068673 0.026150 0.124544 0.077898 0.052050 0.451514 0.136150
0.285519 0.099648 0.128384 0.135880 0.034439 0.000010 0.067227 0.248884 0.000010
0.289988 0.005019 0.112332 0.080147 0.076767 0.000010 0.031167 0.404561 0.000010
0.009966 0.000010 0.000010 0.140209 0.127853 0.000010 0.222793 0.488364 0.010785
0.343902 0.000010 0.000010 0.172708 0.138623 0.000010 0.000010 0.303450 0.041276
0.116652 0.030763 0.000010 0.134171 0.056781 0.000010 0.097682 0.489599 0.074332
0.218756 0.143073 0.000010 0.000010 0.061453 0.000010 0.148827 0.345918 0.081944
0.393951 0.164058 0.012843 0.041353 0.000010 0.102814 0.000010 0.173933 0.111028
0.336137 0.000010 0.000010 0.195641 0.000010 0.000010 0.001794 0.466379 0.000010
0.035890 0.000010 0.295019 0.119064 0.111959 0.000010 0.134246 0.303792 0.000010
0.377862 0.000010 0.074752 0.060526 0.065291 0.000010 0.165821 0.214532 0.041196
0.122209 0.000010 0.031499 0.000010 0.000010 0.000010 0.302499 0.543743 0.000010
0.045133 0.074058 0.175177 0.054930 0.000010 0.102066 0.024591 0.477442 0.046594
0.096324 0.049379 0.171557 0.114275 0.000010 0.000010 0.095258 0.473177 0.000010
0.046939 0.061774 0.288110 0.179633 0.052771 0.000010 0.075745 0.264044 0.030972
0.148067 0.178991 0.000010 0.000103 0.028023 0.000010 0.019756 0.625030 0.000010
0.231699 0.000010 0.000010 0.137378 0.000010 0.110945 0.137236 0.316852 0.065859
0.241382 0.062951 0.000289 0.127541 0.000010 0.000010 0.230658 0.268185 0.068973
0.304346 0.000010 0.000010 0.035182 0.004315 0.000010 0.193881 0.448387 0.013859
0.315904 0.044277 0.143156 0.045033 0.000010 0.000010 0.047431 0.373569 0.030611
0.354568 0.000010 0.075541 0.167311 0.213152 0.066779 0.000010 0.122620 0.000010
0.209806 0.000010 0.120141 0.143411 0.000010 0.049212 0.156476 0.320924 0.000010
0.336195 0.000010 0.111420 0.000010 0.000010 0.000010 0.072729 0.479606 0.000010
0.240332 0.040404 0.000010 0.162335 0.108131 0.000010 0.017079 0.431690 0.000010
0.021531 0.000010 0.246235 0.315707 0.000010 0.011350 0.176497 0.228651 0.000010
0.000010 0.000010 0.057383 0.000010 0.000010 0.403179 0.000010 0.000010 0.539378
0.000010 0.000010 0.000010 0.002965 0.000010 0.363593 0.049806 0.000010 0.583586
0.000010 0.000010 0.000010 0.000010 0.000010 0.439640 0.008822 0.000010 0.551478
0.000010 0.000010 0.048754 0.000018 0.000010 0.322737 0.000010 0.000010 0.628441
0.000010 0.000010 0.000010 0.000010 0.000010 0.372397 0.000010 0.000010 0.627533
0.000010 0.000010 0.000010 0.000010 0.000010 0.345468 0.023005 0.000010 0.631467
0.000010 0.000010 0.000010 0.000010 0.000010 0.522957 0.059470 0.000010 0.417513
0.000010 0.000010 0.000010 0.000010 0.000010 0.463978 0.054223 0.000010 0.481739
0.000010 0.000010 0.052843 0.000010 0.000010 0.429463 0.000806 0.000010 0.516838
0.000010 0.000010 0.062817 0.000010 0.000010 0.297376 0.000010 0.000010 0.639746
0.000010 0.000010 0.000010 0.000010 0.000010 0.383067 0.000010 0.000010 0.616863
0.000010 0.000010 0.000010 0.000010 0.000010 0.260314 0.115114 0.000010 0.624512
0.000010 0.000010 0.067836 0.000010 0.000010 0.283588 0.000010 0.000010 0.648516
0.000010 0.000010 0.031995 0.000010 0.002209 0.418933 0.000010 0.009294 0.537528
0.000010 0.000010 0.000010 0.000010 0.028388 0.448306 0.048713 0.000010 0.474543
0.000010 0.000010 0.010180 0.000010 0.000010 0.246708 0.083133 0.000010 0.659929
0.000010 0.000010 0.000010 0.000010 0.000010 0.186445 0.065834 0.000010 0.747661
0.000010 0.000010 0.002299 0.000010 0.000010 0.381293 0.018064 0.038496 0.559808
0.011458 0.000010 0.000010 0.000010 0.000010 0.333609 0.053062 0.000010 0.601821
0.000010 0.000010 0.020251 0.000010 0.000010 0.202379 0.000010 0.000010 0.777311
0.000010 0.000010 0.000010 0.000010 0.000010 0.284082 0.088448 0.000010 0.627411
0.000010 0.025198 0.000010 0.000010 0.000010 0.327705 0.000010 0.000010 0.647038
0.000010 0.000010 0.000010 0.000010 0.000010 0.344341 0.000010 0.000010 0.655589
0.018896 0.000010 0.028646 0.000010 0.000010 0.319697 0.000010 0.000010 0.632711
0.037691 0.000010 0.000010 0.000010 0.000010 0.323350 0.027124 0.000010 0.611785
0.000010 0.000010 0.015503 0.000010 0.000010 0.484218 0.000010 0.000010 0.500219
0.000010 0.000010 0.000010 0.000010 0.000010 0.338425 0.083879 0.000010 0.577636
0.000010 0.000010 0.000010 0.000010 0.000010 0.236403 0.000010 0.000010 0.763527
0.000010 0.028792 0.000010 0.000010 0.785239 0.000010 0.135065 0.000010 0.050854
0.323922 0.035662 0.000010 0.439420 0.000010 0.000010 0.000010 0.191484 0.009471
0.509742 0.000010 0.000010 0.328238 0.051577 0.105787 0.000010 0.000010 0.004617
0.256474 0.000010 0.123700 0.217297 0.078068 0.004466 0.051641 0.268334 0.000010
0.534861 0.000010 0.000010 0.197305 0.014257 0.000010 0.000010 0.253528 0.000010
0.390395 0.000010 0.175953 0.339488 0.000010 0.000010 0.000010 0.094114 0.000010
0.507526 0.028805 0.000010 0.244052 0.011389 0.000010 0.000010 0.208189 0.000010
0.361304 0.000010 0.000010 0.410544 0.000010 0.046805 0.000010 0.105984 0.075322
0.413327 0.000010 0.000010 0.502196 0.064448 0.000010 0.019979 0.000010 0.000010
0.341562 0.000010 0.089484 0.364683 0.000010 0.036145 0.075361 0.092736 0.000010
0.413667 0.000010 0.071679 0.318319 0.000010 0.000010 0.042094 0.154201 0.000010
0.393443 0.000010 0.143962 0.182029 0.042149 0.000010 0.000010 0.150181 0.088205
0.608827 0.000010 0.000010 0.206670 0.000010 0.074882 0.000010 0.109571 0.000010
0.600943 0.000010 0.043339 0.161376 0.076314 0.000010 0.000010 0.117988 0.000010
0.396356 0.043703 0.053041 0.171401 0.000010 0.000010 0.083447 0.252023 0.000010
0.414746 0.053113 0.053170 0.148922 0.086821 0.006036 0.000010 0.232764 0.004417
0.411873 0.000010 0.000687 0.189288 0.039785 0.029771 0.000010 0.328566 0.000010
0.297440 0.024030 0.014142 0.534509 0.006308 0.013318 0.105578 0.004664 0.000010
0.446709 0.000010 0.000010 0.306429 0.000010 0.000010 0.000010 0.246802 0.000010
0.400613 0.024014 0.000010 0.369257 0.000010 0.000010 0.033852 0.172224 0.000010
0.494811 0.063793 0.000010 0.297323 0.000010 0.000010 0.000010 0.144023 0.000010
0.482979 0.103233 0.000010 0.312538 0.017407 0.000010 0.000010 0.083802 0.000010
0.402470 0.000010 0.033696 0.430814 0.020678 0.000010 0.000010 0.112301 0.000010
0.345983 0.000010 0.000010 0.370404 0.109780 0.000010 0.053874 0.119919 0.000010
0.431240 0.000010 0.000010 0.393637 0.030129 0.000010 0.057780 0.087174 0.000010
0.244953 0.000010 0.033257 0.514004 0.000010 0.025470 0.000010 0.182276 0.000010
0.603334 0.000010 0.038518 0.228548 0.058408 0.014849 0.056313 0.000010 0.000010
0.225390 0.000010 0.112955 0.358017 0.088290 0.000010 0.091671 0.123647 0.000010
0.327004 0.089555 0.000010 0.512427 0.000010 0.055510 0.015463 0.000010 0.000010
0.007506 0.000010 0.000010 0.000010 0.849711 0.012522 0.097536 0.000010 0.032687
0.000010 0.000010 0.000010 0.000812 0.957497 0.017611 0.024030 0.000010 0.000010
0.000010 0.000010 0.000010 0.000010 0.969264 0.000010 0.000010 0.000010 0.030666
0.000010 0.012250 0.000010 0.000010 0.934333 0.000010 0.015036 0.000010 0.038331
0.000010 0.003639 0.000010 0.000010 0.858681 0.000010 0.137620 0.000010 0.000010
0.000010 0.042611 0.000010 0.000010 0.890500 0.000010 0.000010 0.000010 0.066829
0.000010 0.105870 0.000010 0.000010 0.850007 0.000010 0.000010 0.000010 0.044063
0.000010 0.001326 0.000010 0.000010 0.813867 0.000010 0.168409 0.000010 0.016348
0.009264 0.000010 0.000010 0.000015 0.963505 0.000010 0.000010 0.027166 0.000010
0.000010 0.015616 0.000010 0.000010 0.952610 0.000014 0.000010 0.000010 0.031710
0.011211 0.000010 0.000010 0.015430 0.968478 0.000010 0.000010 0.004831 0.000010
0.000010 0.000010 0.000010 0.000010 0.944999 0.000010 0.000010 0.000010 0.054931
0.016385 0.000010 0.025904 0.019555 0.928232 0.000010 0.000010 0.009885 0.000010
0.000010 0.000010 0.000010 0.000010 0.973698 0.000010 0.000010 0.000010 0.026232
0.000010 0.000010 0.000012 0.000010 0.943040 0.000013 0.000010 0.000010 0.056884
0.005893 0.000010 0.000010 0.013706 0.860570 0.000010 0.005848 0.075136 0.038817
0.000010 0.000010 0.008412 0.000010 0.987034 0.000010 0.004494 0.000010 0.000010
0.722670 0.001792 0.012804 0.000010 0.000010 0.000010 0.102274 0.146422 0.014007
0.717516 0.000010 0.000010 0.058998 0.000010 0.000010 0.000010 0.223426 0.000010
0.354813 0.000010 0.009049 0.196638 0.000010 0.119002 0.140263 0.180205 0.000010
0.613024 0.088239 0.000010 0.036158 0.000010 0.000010 0.000010 0.247876 0.014663
0.602277 0.040548 0.011949 0.041708 0.000010 0.000010 0.109776 0.193712 0.000010
0.591776 0.000010 0.000010 0.018724 0.000010 0.000010 0.000010 0.389440 0.000010
0.458090 0.000010 0.000010 0.190844 0.024321 0.000010 0.059249 0.267456 0.000010
0.709405 0.000010 0.000010 0.000010 0.000010 0.000010 0.034684 0.255851 0.000010
0.825232 0.012972 0.000010 0.000010 0.004224 0.000010 0.091289 0.066243 0.000010
0.533001 0.000010 0.011044 0.137544 0.021071 0.000010 0.000010 0.229839 0.067471
0.580954 0.000010 0.014309 0.110131 0.000010 0.000010 0.042078 0.252488 0.000010
0.530982 0.000010 0.000010 0.172543 0.008385 0.004962 0.000010 0.283087 0.000010
0.459005 0.000278 0.000010 0.111517 0.149594 0.000010 0.031494 0.248081 0.000010
0.813893 0.006604 0.000010 0.000010 0.022166 0.000010 0.039996 0.117301 0.000010
0.544027 0.000010 0.233491 0.000010 0.000010 0.071733 0.000010 0.150700 0.000010
0.647299 0.042544 0.000010 0.191414 0.000941 0.021951 0.000010 0.095821 0.000010
0.297674 0.000010 0.102665 0.029137 0.091848 0.000010 0.000010 0.400143 0.078502
0.351321 0.000010 0.090625 0.000010 0.000010 0.000010 0.000010 0.477789 0.080215
0.539748 0.000010 0.000010 0.299620 0.000010 0.093890 0.000010 0.066692 0.000010
0.769987 0.000010 0.006684 0.180687 0.000010 0.041272 0.000010 0.000010 0.001331
0.485112 0.000010 0.000010 0.243483 0.011584 0.049748 0.131480 0.041362 0.037211
0.558834 0.160718 0.000010 0.000010 0.000010 0.000010 0.000010 0.240089 0.040309
0.476611 0.000010 0.000010 0.023035 0.095926 0.000010 0.087156 0.213118 0.104124
0.611449 0.007995 0.032446 0.046249 0.000010 0.000010 0.000010 0.234088 0.067744
0.595649 0.000010 0.000010 0.134403 0.000010 0.000010 0.068251 0.201647 0.000010
0.455471 0.002081 0.076687 0.123970 0.000010 0.000010 0.117582 0.224179 0.000010
0.699568 0.000010 0.149938 0.098449 0.000010 0.007543 0.000010 0.000010 0.044461
0.682608 0.000010 0.056065 0.000010 0.000010 0.000010 0.000010 0.224045 0.037231
0.684290 0.000010 0.009027 0.000010 0.035320 0.030976 0.018977 0.203576 0.017814
0.588188 0.000010 0.000010 0.139804 0.000010 0.000010 0.046973 0.224985 0.000010
0.723486 0.000010 0.000010 0.033514 0.000010 0.000010 0.000010 0.242940 0.000010
0.482777 0.048545 0.000010 0.084112 0.000010 0.000010 0.031797 0.225940 0.126800
0.593951 0.000010 0.000010 0.017888 0.060516 0.000010 0.000010 0.281845 0.045761
0.464472 0.009701 0.000010 0.132815 0.117879 0.000010 0.000010 0.153279 0.121825
0.520811 0.011660 0.000010 0.137337 0.017099 0.001556 0.000010 0.235356 0.076162
0.512617 0.026624 0.102289 0.039537 0.054233 0.000010 0.037520 0.227160 0.000010
0.466211 0.021678 0.084312 0.154626 0.063943 0.009847 0.000010 0.129893 0.069478
0.581499 0.000010 0.062304 0.069868 0.011880 0.000010 0.000903 0.273515 0.000010
0.590125 0.000010 0.059018 0.065944 0.000010 0.000010 0.057604 0.227268 0.000010
0.575675 0.000010 0.000010 0.058577 0.000010 0.000010 0.000010 0.329407 0.036292
0.412768 0.000010 0.000010 0.279775 0.000010 0.000010 0.116312 0.191096 0.000010
0.599957 0.000010 0.047039 0.029249 0.000010 0.000010 0.000010 0.323705 0.000010
0.389884 0.000010 0.000010 0.253473 0.031071 0.108424 0.161218 0.055901 0.000010
0.648784 0.000010 0.000010 0.000010 0.000010 0.071978 0.000010 0.124480 0.154709
0.606112 0.000010 0.058127 0.059879 0.000010 0.046741 0.000010 0.179556 0.049555
0.584324 0.000010 0.000010 0.000010 0.000010 0.000010 0.000010 0.359394 0.056222
0.509289 0.000010 0.000010 0.163694 0.000010 0.000010 0.000010 0.300508 0.026458
0.519293 0.000010 0.000012 0.000010 0.000010 0.204093 0.049896 0.103528 0.123148
0.738101 0.000010 0.000010 0.046716 0.000010 0.000010 0.000010 0.215123 0.000010
0.584270 0.092023 0.000010 0.186704 0.000010 0.000010 0.000010 0.000010 0.136953
0.725190 0.000010 0.000010 0.000010 0.000010 0.000010 0.000010 0.230884 0.043866
0.562021 0.000010 0.000010 0.000010 0.000010 0.030493 0.053455 0.240739 0.113252
0.728010 0.000010 0.024307 0.000010 0.000010 0.000010 0.052517 0.195115 0.000010
0.500787 0.000010 0.000010 0.197171 0.026862 0.037385 0.116970 0.088985 0.031820
0.537571 0.000010 0.000010 0.000010 0.000010 0.000010 0.000010 0.419192 0.043178
0.114720 0.000010 0.005247 0.073189 0.030634 0.113297 0.024943 0.000010 0.637950
0.677879 0.001435 0.000010 0.098427 0.017804 0.000010 0.000010 0.084600 0.119825
0.507615 0.055556 0.000010 0.157201 0.024460 0.000010 0.102569 0.000010 0.152569
0.628256 0.000010 0.000010 0.099336 0.003122 0.078911 0.011420 0.026260 0.152674
0.424430 0.000010 0.062230 0.200448 0.000010 0.017744 0.000010 0.181485 0.113633
0.474946 0.014902 0.000010 0.110761 0.063886 0.051775 0.036266 0.067257 0.180197
0.446161 0.000010 0.000010 0.114091 0.021335 0.137485 0.000010 0.150191 0.130707
0.782991 0.000010 0.000010 0.000010 0.017487 0.064435 0.042223 0.092824 0.000010
0.606231 0.000010 0.016912 0.193991 0.000010 0.000010 0.000010 0.045612 0.137214
0.505354 0.000010 0.000010 0.000010 0.022263 0.000010 0.000010 0.288385 0.183949
0.553823 0.000010 0.000010 0.114107 0.019682 0.088883 0.050280 0.046359 0.126846
0.517274 0.010942 0.000010 0.102574 0.125063 0.000010 0.006901 0.234333 0.002891
0.676795 0.000010 0.064912 0.000010 0.119772 0.000010 0.000010 0.138471 0.000010
0.464583 0.053791 0.040814 0.126025 0.000010 0.000010 0.034083 0.026864 0.253819
0.560055 0.000010 0.000010 0.124227 0.000010 0.002598 0.119659 0.193421 0.000010
0.446641 0.020834 0.011220 0.000010 0.000010 0.000010 0.085559 0.315261 0.120454
0.466083 0.050025 0.000010 0.179981 0.000010 0.118622 0.000010 0.185250 0.000010
0.513182 0.000010 0.000010 0.174682 0.000010 0.069799 0.000010 0.242288 0.000010
0.536349 0.000010 0.060043 0.112982 0.066557 0.000010 0.000010 0.160006 0.064034
0.374110 0.000010 0.000010 0.000010 0.000010 0.002667 0.013415 0.318498 0.291271
0.634043 0.000010 0.000010 0.000010 0.139759 0.000010 0.000010 0.226138 0.000010
0.608517 0.000010 0.000010 0.000010 0.000010 0.115537 0.041069 0.234826 0.000010
0.329079 0.048918 0.007699 0.242809 0.077431 0.006109 0.034242 0.188075 0.065639
0.620829 0.000010 0.000012 0.000010 0.000010 0.000010 0.000010 0.267615 0.111494
0.482844 0.000010 0.000010 0.233587 0.000010 0.049589 0.018094 0.166062 0.049794
0.721412 0.000010 0.000010 0.029360 0.000010 0.023006 0.000010 0.226172 0.000010
0.588814 0.000010 0.005849 0.038966 0.000010 0.000010 0.000010 0.167574 0.198757
0.493729 0.161384 0.000010 0.132635 0.000010 0.000010 0.036288 0.000010 0.175924
0.644220 0.054159 0.095198 0.137575 0.000010 0.000010 0.000010 0.068808 0.000010
0.777491 0.000010 0.000010 0.055566 0.000010 0.000010 0.000010 0.137466 0.029427
0.394661 0.142112 0.000010 0.000010 0.000010 0.154770 0.006028 0.180247 0.122152
0.534348 0.000010 0.000010 0.000010 0.024996 0.176658 0.000010 0.241406 0.022552
0.000010 0.000010 0.000010 0.000010 0.847661 0.000010 0.127876 0.000010 0.024403
0.000010 0.000010 0.000010 0.000010 0.766602 0.000010 0.204177 0.000010 0.029161
0.000010 0.000010 0.000010 0.000010 0.783099 0.000010 0.150993 0.045340 0.020518
0.000010 0.000010 0.054864 0.013643 0.753804 0.000010 0.105072 0.025961 0.046626
0.000016 0.000010 0.000010 0.000011 0.858816 0.000010 0.102215 0.000010 0.038902
0.000010 0.000010 0.000010 0.020454 0.791628 0.000010 0.164716 0.000010 0.023152
0.000010 0.000010 0.038459 0.000010 0.731856 0.000010 0.203544 0.000010 0.026091
0.475345 0.000010 0.000010 0.268242 0.000010 0.000010 0.000010 0.256353 0.000010
0.454774 0.000010 0.000010 0.421859 0.002778 0.000010 0.024048 0.096500 0.000010
0.697417 0.000010 0.000010 0.163282 0.027161 0.000010 0.112090 0.000010 0.000010
0.575068 0.000010 0.009450 0.148753 0.019505 0.000010 0.019217 0.227978 0.000010
0.486845 0.013178 0.000010 0.348189 0.000010 0.032739 0.000010 0.119009 0.000010
0.419037 0.047203 0.021024 0.283899 0.061994 0.000010 0.136797 0.030024 0.000010
0.753709 0.000010 0.000010 0.116419 0.010921 0.000010 0.000010 0.118902 0.000010
0.840701 0.000010 0.000010 0.003664 0.007670 0.000010 0.000010 0.147915 0.000010
0.456356 0.000010 0.000010 0.283342 0.000010 0.000010 0.058952 0.201300 0.000010
0.429123 0.008277 0.000010 0.316885 0.071334 0.000010 0.000010 0.150294 0.024057
0.584119 0.006550 0.000010 0.000010 0.046922 0.045175 0.012064 0.274389 0.030761
0.496441 0.000010 0.000010 0.138565 0.042408 0.021730 0.000010 0.271713 0.029112
0.505735 0.000010 0.000010 0.000010 0.000010 0.000010 0.007822 0.486383 0.000010
0.556033 0.000010 0.105255 0.065165 0.000010 0.000010 0.000010 0.273497 0.000010
0.702868 0.042182 0.000010 0.134727 0.048964 0.000010 0.000010 0.071220 0.000010
0.417199 0.000010 0.000010 0.161803 0.039614 0.224990 0.000010 0.152341 0.004023
0.548089 0.000010 0.108702 0.018657 0.000010 0.000010 0.000010 0.307098 0.017414
0.567863 0.084535 0.000010 0.100583 0.100510 0.000010 0.000010 0.108913 0.037566
0.591313 0.000010 0.079009 0.208633 0.003595 0.005162 0.000010 0.030844 0.081425
0.640053 0.038645 0.000010 0.012513 0.000010 0.077650 0.000010 0.197966 0.033143
0.364719 0.000010 0.071795 0.037883 0.000010 0.000010 0.000010 0.307827 0.217736
0.424020 0.000010 0.000010 0.056218 0.000010 0.196696 0.001150 0.321876 0.000010
0.548287 0.000010 0.000010 0.000010 0.000010 0.000010 0.004877 0.262102 0.184684
0.455143 0.014422 0.000010 0.171420 0.017558 0.000010 0.000010 0.321917 0.019510
0.630398 0.018033 0.000010 0.109122 0.026048 0.000010 0.000010 0.216358 0.000010
0.757552 0.000010 0.000010 0.000010 0.000010 0.042627 0.000010 0.133959 0.065811
0.336246 0.000010 0.062734 0.000010 0.067319 0.000010 0.000010 0.212158 0.321504
0.553019 0.000010 0.000010 0.000010 0.000010 0.111536 0.049732 0.285664 0.000010
0.803661 0.000010 0.013500 0.000010 0.000010 0.145342 0.005668 0.031788 0.000010
0.656819 0.000010 0.000010 0.031494 0.161342 0.000010 0.013809 0.136497 0.000010
0.558393 0.023611 0.015756 0.000010 0.000010 0.033289 0.000010 0.250622 0.118300
0.383749 0.063391 0.103810 0.029191 0.000010 0.049398 0.000010 0.094201 0.276241
0.608194 0.000010 0.006033 0.000010 0.037068 0.011829 0.000010 0.287623 0.049223
0.710870 0.000010 0.000010 0.012417 0.024781 0.151092 0.000010 0.100799 0.000010
0.742859 0.059781 0.000010 0.090279 0.000010 0.063101 0.005781 0.038169 0.000010
0.000010 0.878591 0.102309 0.000010 0.000010 0.019040 0.000010 0.000010 0.000010
0.028661 0.792206 0.168712 0.006936 0.000010 0.000010 0.003445 0.000010 0.000010
0.000010 0.748499 0.032443 0.000010 0.000010 0.000010 0.218999 0.000010 0.000010
0.000010 0.724520 0.275410 0.000010 0.000010 0.000010 0.000010 0.000010 0.000010
0.000010 0.045056 0.479055 0.020242 0.000010 0.000010 0.409663 0.000010 0.045943
0.000010 0.000010 0.488794 0.000010 0.082915 0.000010 0.428231 0.000010 0.000010
0.078465 0.000010 0.388753 0.000010 0.000010 0.000010 0.315255 0.217476 0.000010
0.000010 0.122666 0.538409 0.000010 0.127937 0.000010 0.109940 0.101007 0.000010
0.000010 0.000010 0.539339 0.000010 0.151804 0.000010 0.305739 0.003068 0.000010
0.049336 0.012976 0.439900 0.000010 0.091675 0.000010 0.388587 0.017495 0.000010
0.000010 0.044935 0.424948 0.000010 0.000010 0.060488 0.380152 0.089436 0.000010
0.000010 0.000010 0.632382 0.000010 0.000010 0.000010 0.367548 0.000010 0.000010
0.000010 0.000010 0.485985 0.000010 0.003267 0.066499 0.415774 0.000010 0.028435
0.022527 0.000010 0.406473 0.075344 0.081597 0.000010 0.282167 0.131863 0.000010
0.472169 0.093361 0.043750 0.000010 0.000010 0.001423 0.026884 0.148253 0.214139
0.448004 0.000010 0.000010 0.000010 0.000010 0.000010 0.000010 0.291698 0.260238
0.538833 0.112466 0.037968 0.000010 0.000010 0.139038 0.000010 0.113166 0.058499
0.568816 0.000010 0.000010 0.262291 0.000011 0.000010 0.002043 0.140570 0.026239
0.554051 0.000010 0.000010 0.000010 0.024725 0.010962 0.064890 0.260960 0.084381
0.594275 0.000010 0.067438 0.126298 0.000010 0.000010 0.036000 0.118782 0.057177
0.618357 0.000010 0.000010 0.000010 0.012766 0.000010 0.068041 0.273568 0.027230
0.664717 0.000010 0.000010 0.000010 0.000010 0.009390 0.066988 0.175960 0.082904
0.745369 0.026620 0.000010 0.000010 0.000010 0.110765 0.023460 0.093747 0.000010
0.544251 0.000010 0.000010 0.053488 0.039198 0.002660 0.000010 0.292876 0.067496
0.514171 0.000010 0.000010 0.124263 0.000010 0.000010 0.000010 0.287290 0.074226
0.352797 0.000010 0.000010 0.045979 0.000010 0.000010 0.000010 0.489923 0.111251
0.608667 0.000010 0.118549 0.000010 0.000010 0.145264 0.036690 0.079261 0.011540
0.444886 0.000010 0.029063 0.000010 0.067165 0.000010 0.000010 0.458836 0.000010
0.640745 0.012732 0.000010 0.000010 0.000010 0.017213 0.000010 0.329260 0.000010
0.621367 0.104644 0.014581 0.000010 0.000010 0.113197 0.026085 0.000010 0.120096
0.513548 0.000010 0.000010 0.130674 0.000010 0.000010 0.000010 0.249103 0.106625
0.495311 0.000010 0.000010 0.219705 0.000010 0.000010 0.000010 0.268439 0.016495
0.660945 0.000010 0.000010 0.117986 0.007227 0.063794 0.000010 0.150008 0.000010
0.618794 0.005293 0.051258 0.115683 0.000010 0.004412 0.114051 0.090488 0.000010
0.487920 0.000010 0.183247 0.000010 0.000010 0.000010 0.000010 0.235479 0.093304
0.022764 0.000010 0.567327 0.000010 0.000010 0.000010 0.409849 0.000010 0.000010
0.043335 0.000010 0.655341 0.000010 0.007579 0.000010 0.293695 0.000010 0.000010
0.000010 0.026313 0.697701 0.030657 0.000010 0.000010 0.245280 0.000010 0.000010
0.000010 0.072675 0.586813 0.000010 0.067358 0.072418 0.200697 0.000010 0.000010
0.006211 0.062794 0.568217 0.142745 0.000010 0.000010 0.219993 0.000010 0.000010
0.000010 0.035592 0.686045 0.000010 0.000010 0.000010 0.278303 0.000010 0.000010
0.000010 0.093121 0.502906 0.000010 0.073743 0.000010 0.187938 0.142252 0.000010
0.000010 0.039105 0.603811 0.005921 0.000010 0.000010 0.348010 0.000010 0.003113
0.000010 0.174480 0.683158 0.000010 0.000010 0.000010 0.142302 0.000010 0.000010
0.000010 0.193638 0.423177 0.000010 0.000010 0.000010 0.372917 0.010218 0.000010
0.068238 0.059432 0.432138 0.000010 0.000010 0.000010 0.407053 0.033099 0.000010
0.000010 0.000010 0.730648 0.000010 0.095064 0.000010 0.174228 0.000010 0.000010
0.000612 0.002885 0.674656 0.000010 0.000010 0.024367 0.297440 0.000010 0.000010
0.000010 0.000010 0.796446 0.000010 0.000010 0.000010 0.203484 0.000010 0.000010
0.000010 0.086002 0.489544 0.035661 0.000010 0.024307 0.272644 0.091812 0.000010
0.000010 0.000010 0.702398 0.000010 0.103181 0.000010 0.194361 0.000010 0.000010
0.000010 0.022091 0.590512 0.000010 0.143911 0.000010 0.243435 0.000010 0.000010
0.000010 0.000010 0.528545 0.001877 0.040516 0.000010 0.254153 0.174869 0.000010
0.000010 0.017449 0.717070 0.000010 0.001224 0.000010 0.250909 0.013308 0.000010
0.000010 0.172286 0.615738 0.000010 0.000010 0.000010 0.186523 0.025403 0.000010
0.000010 0.047786 0.720920 0.000010 0.000010 0.000010 0.231234 0.000010 0.000010
0.045881 0.300401 0.554451 0.000010 0.000010 0.008217 0.091010 0.000010 0.000010
0.000010 0.055842 0.532361 0.000010 0.000010 0.000012 0.287016 0.124729 0.000010
0.000010 0.000010 0.698286 0.000010 0.000010 0.000010 0.278325 0.023329 0.000010
0.000010 0.130578 0.410680 0.072692 0.000010 0.000010 0.386001 0.000010 0.000010
0.000010 0.017655 0.716655 0.000010 0.000010 0.000010 0.260397 0.005243 0.000010
0.000010 0.000010 0.441340 0.000010 0.111414 0.000010 0.447186 0.000010 0.000010
0.000010 0.009224 0.704823 0.012249 0.000010 0.000010 0.273653 0.000010 0.000010
0.000010 0.108166 0.575454 0.000010 0.000010 0.000010 0.293582 0.022748 0.000010
0.000010 0.000010 0.731629 0.000010 0.000010 0.000010 0.268301 0.000010 0.000010
0.028557 0.099980 0.700550 0.001337 0.000010 0.000010 0.169536 0.000010 0.000010
0.000010 0.035651 0.731671 0.000010 0.000010 0.000010 0.232618 0.000010 0.000010
0.000010 0.012282 0.377303 0.052337 0.168918 0.000010 0.389120 0.000010 0.000010
0.000010 0.035757 0.628099 0.000010 0.036536 0.000010 0.282899 0.016669 0.000010
0.000010 0.073070 0.516752 0.000010 0.081201 0.000010 0.328927 0.000010 0.000010
0.000010 0.089366 0.596034 0.000010 0.000010 0.000010 0.279833 0.034717 0.000010
0.000010 0.000010 0.671107 0.000010 0.000010 0.000010 0.328823 0.000010 0.000010
0.000010 0.095592 0.639722 0.000010 0.000010 0.000010 0.264626 0.000010 0.000010
0.000010 0.012285 0.700186 0.000010 0.035769 0.000010 0.251710 0.000010 0.000010
0.000010 0.000010 0.002099 0.000010 0.948297 0.000010 0.049544 0.000010 0.000010
0.000010 0.000010 0.100501 0.000010 0.719208 0.000010 0.180231 0.000010 0.000010
0.000010 0.000016 0.768845 0.000010 0.000010 0.000010 0.172716 0.058373 0.000010
0.000012 0.000010 0.809948 0.017352 0.000010 0.000348 0.172299 0.000010 0.000010
0.399749 0.000010 0.082413 0.380982 0.000010 0.000010 0.107048 0.029769 0.000010
0.201277 0.035049 0.000010 0.669716 0.005768 0.000010 0.000010 0.088151 0.000010
0.262755 0.000010 0.000010 0.508619 0.012944 0.032222 0.107166 0.067231 0.009044
0.368788 0.011622 0.000010 0.329264 0.000010 0.000010 0.059815 0.230471 0.000010
0.461122 0.000010 0.000010 0.304023 0.000010 0.000010 0.082376 0.152428 0.000010
0.448539 0.000010 0.007728 0.149512 0.136500 0.000010 0.000010 0.240127 0.017564
0.474282 0.051197 0.016885 0.297126 0.086443 0.000010 0.007463 0.066584 0.000010
0.583314 0.000010 0.000010 0.251702 0.040212 0.000010 0.000010 0.124722 0.000010
0.467236 0.000010 0.000010 0.289310 0.000010 0.000010 0.127963 0.115442 0.000010
0.353475 0.000010 0.000010 0.368553 0.000010 0.000010 0.000010 0.277911 0.000010
0.416807 0.222977 0.000010 0.360156 0.000010 0.000010 0.000010 0.000010 0.000010
0.457941 0.139030 0.000010 0.354513 0.000010 0.003027 0.000010 0.045448 0.000010
0.311053 0.118358 0.000010 0.454690 0.000010 0.000010 0.000010 0.115848 0.000010
0.000010 0.000010 0.690228 0.000010 0.000010 0.014651 0.254159 0.040912 0.000010
0.000013 0.000010 0.496066 0.000010 0.054212 0.000010 0.421686 0.000010 0.027983
0.001507 0.130989 0.613437 0.000010 0.000010 0.000010 0.254016 0.000010 0.000010
0.000010 0.176133 0.517188 0.000010 0.062641 0.000010 0.243989 0.000010 0.000010
0.000010 0.018729 0.579333 0.154673 0.000010 0.000010 0.247216 0.000010 0.000010
0.000010 0.025038 0.462180 0.000010 0.049780 0.000010 0.462952 0.000010 0.000010
0.000010 0.000010 0.540276 0.000010 0.000010 0.000010 0.435499 0.024165 0.000010
0.000010 0.000010 0.633037 0.073121 0.000010 0.000010 0.293781 0.000010 0.000010
0.000010 0.056010 0.669536 0.000010 0.000010 0.000010 0.274394 0.000010 0.000010
0.000010 0.000010 0.696597 0.028001 0.000010 0.010566 0.236574 0.002347 0.025885
0.000010 0.000010 0.697855 0.000010 0.007992 0.000010 0.294093 0.000010 0.000010
0.000010 0.073925 0.604088 0.000010 0.050994 0.000010 0.065281 0.159089 0.046594
