0.339374 0.000010 0.187647 0.000010 0.000010 0.000010 0.090855 0.351516 0.030568
0.383601 0.048182 0.010317 0.000010 0.000010 0.006823 0.000479 0.550567 0.000010
0.333241 0.110294 0.000010 0.000010 0.050863 0.000010 0.028334 0.477227 0.000010
0.429425 0.000010 0.187949 0.000010 0.000010 0.040341 0.000010 0.342235 0.000010
0.281541 0.000010 0.065688 0.061193 0.031615 0.000010 0.000010 0.559922 0.000010
0.143496 0.000010 0.094265 0.058873 0.000010 0.000010 0.135058 0.456817 0.111461
0.341107 0.000010 0.015293 0.000010 0.120202 0.000010 0.000010 0.465051 0.058308
0.424248 0.067155 0.011033 0.041227 0.000010 0.025041 0.052986 0.378290 0.000010
0.375143 0.118457 0.000010 0.000010 0.000010 0.000010 0.090162 0.416188 0.000010
0.377565 0.000010 0.000010 0.000010 0.000010 0.000010 0.143473 0.478902 0.000010
0.160608 0.000010 0.000010 0.124106 0.000010 0.000010 0.226816 0.488421 0.000010
0.191078 0.019117 0.000010 0.000010 0.000010 0.000010 0.139872 0.560202 0.089691
0.370286 0.000010 0.000010 0.000010 0.102686 0.000010 0.193154 0.333824 0.000010
0.489273 0.000010 0.000010 0.000010 0.000010 0.008063 0.082666 0.419949 0.000010
0.038724 0.000010 0.000010 0.093744 0.194299 0.000010 0.117656 0.530400 0.025147
0.254085 0.053494 0.203607 0.000010 0.004017 0.000010 0.000010 0.484756 0.000010
0.370241 0.000010 0.087402 0.000010 0.000010 0.000010 0.000010 0.413247 0.129060
0.290158 0.000010 0.000010 0.071375 0.000010 0.000010 0.000010 0.618034 0.020383
0.310460 0.000010 0.069467 0.123784 0.074626 0.000010 0.008575 0.413058 0.000010
0.143269 0.035901 0.000010 0.246302 0.026672 0.090040 0.081522 0.376274 0.000010
0.315730 0.000010 0.098905 0.000010 0.000010 0.000010 0.000010 0.585305 0.000010
0.184651 0.053077 0.000010 0.105270 0.098512 0.000010 0.000010 0.558449 0.000010
0.249995 0.000010 0.016704 0.074890 0.082847 0.000010 0.043895 0.531640 0.000010
0.322369 0.005215 0.048579 0.025858 0.000010 0.000010 0.051204 0.433560 0.113195
0.306825 0.004160 0.042654 0.078032 0.000010 0.000010 0.084700 0.483599 0.000010
0.105075 0.180336 0.000010 0.000010 0.073309 0.000010 0.126436 0.514804 0.000010
0.197807 0.037096 0.031578 0.074871 0.107527 0.026995 0.056290 0.410542 0.057294
0.077482 0.000010 0.000010 0.078489 0.000010 0.167305 0.062553 0.448063 0.166079
0.279525 0.000010 0.000010 0.184553 0.064487 0.000010 0.082028 0.385402 0.003976
0.158485 0.000010 0.006094 0.181569 0.000010 0.000010 0.120562 0.289610 0.243651
0.394982 0.000010 0.000010 0.026145 0.051330 0.000010 0.089020 0.361198 0.077296
0.191322 0.004110 0.000010 0.000010 0.000010 0.000010 0.206253 0.429138 0.169138
0.297624 0.000010 0.084593 0.000010 0.032042 0.000010 0.000010 0.550734 0.034968
0.028988 0.004865 0.128085 0.328353 0.089672 0.000010 0.008967 0.304629 0.106431
0.117757 0.047716 0.211228 0.030921 0.000010 0.076989 0.099010 0.416359 0.000010
0.368136 0.064192 0.003797 0.238244 0.021919 0.001832 0.000010 0.243242 0.058627
0.296119 0.051574 0.000010 0.040031 0.164279 0.000010 0.000010 0.447956 0.000010
0.318296 0.116513 0.014325 0.000010 0.019677 0.000010 0.056274 0.415030 0.059865
0.479040 0.000010 0.036378 0.039502 0.000010 0.000010 0.000010 0.445030 0.000010
0.325780 0.000010 0.111643 0.000010 0.000010 0.000010 0.132679 0.429848 0.000010
0.281648 0.000010 0.000010 0.045549 0.000010 0.000010 0.266474 0.406279 0.000010
0.435454 0.000010 0.000010 0.000010 0.000010 0.000010 0.049641 0.514845 0.000010
0.068916 0.000010 0.000010 0.125593 0.000010 0.000010 0.276928 0.528513 0.000010
0.149720 0.000010 0.019459 0.073220 0.344877 0.037671 0.099296 0.266653 0.009093
0.068849 0.164256 0.000316 0.000010 0.117958 0.000010 0.155298 0.435086 0.058215
0.318057 0.000010 0.000010 0.104536 0.000010 0.000010 0.128026 0.449331 0.000010
0.409763 0.000010 0.000010 0.193757 0.000010 0.028374 0.000010 0.347027 0.021039
0.136798 0.000010 0.000010 0.144916 0.000010 0.000010 0.075487 0.568006 0.074752
0.000010 0.200335 0.060958 0.364279 0.000010 0.000010 0.000010 0.374379 0.000010
0.332649 0.036611 0.174177 0.051382 0.000010 0.000010 0.000010 0.396371 0.008781
0.189956 0.103659 0.497820 0.000010 0.000010 0.000010 0.021242 0.187283 0.000010
0.031744 0.000010 0.663547 0.000010 0.156923 0.000010 0.058808 0.088938 0.000010
0.055717 0.001799 0.182338 0.240095 0.000010 0.000010 0.099518 0.420502 0.000010
0.000010 0.000010 0.072084 0.111339 0.155533 0.000010 0.246542 0.396456 0.018017
0.000010 0.000010 0.477528 0.066532 0.000010 0.000010 0.047747 0.301670 0.106483
0.000010 0.000010 0.376430 0.108008 0.000010 0.000010 0.000010 0.436226 0.079286
0.004869 0.000010 0.000010 0.287654 0.000010 0.000010 0.133264 0.531425 0.042747
0.291734 0.000010 0.344237 0.000010 0.021362 0.000010 0.000010 0.342617 0.000010
0.156641 0.022430 0.423158 0.106797 0.000010 0.000010 0.209006 0.022546 0.059402
0.102825 0.270950 0.260540 0.170630 0.101828 0.039746 0.000010 0.000010 0.053461
0.255124 0.214864 0.195652 0.000010 0.000010 0.000010 0.000010 0.301151 0.033169
0.000010 0.000010 0.130570 0.212978 0.000010 0.000010 0.236920 0.356377 0.063115
0.286991 0.043529 0.214444 0.109086 0.009736 0.000010 0.001316 0.297514 0.037374
0.473531 0.124742 0.124223 0.000010 0.022021 0.000010 0.150087 0.105365 0.000010
0.144346 0.000010 0.276397 0.000010 0.000010 0.000010 0.261169 0.318038 0.000010
0.288108 0.092517 0.427980 0.000010 0.000010 0.000010 0.048663 0.132708 0.009993
0.423384 0.106550 0.101038 0.008507 0.002148 0.022558 0.111195 0.224610 0.000010
0.394184 0.000560 0.100288 0.000010 0.086860 0.000010 0.000010 0.405553 0.012526
0.105602 0.150600 0.000010 0.000010 0.169539 0.000010 0.202206 0.372012 0.000010
0.000010 0.000010 0.305815 0.178228 0.000010 0.000010 0.164509 0.240520 0.110888
0.000010 0.052694 0.003194 0.000010 0.014085 0.154112 0.217206 0.392049 0.166640
0.126581 0.000010 0.000010 0.171759 0.025681 0.072948 0.028867 0.513401 0.060743
0.304171 0.000010 0.079102 0.000010 0.007822 0.000010 0.000010 0.553001 0.055864
0.225276 0.000010 0.000010 0.000010 0.110071 0.000010 0.000010 0.664593 0.000010
0.386145 0.000010 0.043802 0.023426 0.000010 0.000010 0.009227 0.509907 0.027464
0.300549 0.000010 0.000011 0.236613 0.000010 0.000010 0.000010 0.462777 0.000010
0.123711 0.000010 0.001395 0.092504 0.000010 0.000010 0.133283 0.602693 0.046384
0.250731 0.000010 0.124843 0.014245 0.000010 0.018142 0.065753 0.320539 0.205728
0.328484 0.043401 0.000010 0.000010 0.000010 0.000010 0.085899 0.542166 0.000010
0.496802 0.000010 0.000245 0.000010 0.141784 0.000010 0.000010 0.301990 0.059139
0.233751 0.000010 0.080948 0.142438 0.054810 0.000010 0.000010 0.488012 0.000010
0.345767 0.000010 0.021095 0.092814 0.000010 0.000010 0.067310 0.472974 0.000010
0.292899 0.000010 0.043709 0.226840 0.052723 0.000010 0.039117 0.344683 0.000010
0.321762 0.000010 0.000010 0.000010 0.000010 0.028365 0.017890 0.546257 0.085685
0.508310 0.000010 0.000010 0.000010 0.000010 0.000010 0.000010 0.491620 0.000010
0.225640 0.154083 0.000010 0.000010 0.077789 0.000010 0.007556 0.394115 0.140787
0.238265 0.025780 0.000010 0.000010 0.000010 0.000010 0.000010 0.522398 0.213507
0.333777 0.002741 0.000010 0.000010 0.226024 0.000010 0.010154 0.354772 0.072502
0.308602 0.000010 0.000010 0.025509 0.160690 0.039808 0.022583 0.337205 0.105584
0.412594 0.000010 0.000010 0.005620 0.000010 0.000010 0.032183 0.423964 0.125600
0.296074 0.000010 0.033176 0.126183 0.000010 0.000010 0.010442 0.534086 0.000010
0.397302 0.109479 0.000010 0.000010 0.000010 0.035532 0.008451 0.449197 0.000010
0.394518 0.054890 0.000010 0.000010 0.171718 0.000010 0.000010 0.185159 0.193675
0.391534 0.000010 0.000010 0.000010 0.107441 0.000010 0.004557 0.446277 0.050150
0.253131 0.019417 0.000010 0.033767 0.000010 0.000010 0.000010 0.613613 0.080032
0.112610 0.000010 0.000010 0.057997 0.000010 0.000010 0.130289 0.614611 0.084453
0.299340 0.064128 0.000010 0.115106 0.120042 0.000010 0.002241 0.399112 0.000010
0.147789 0.000010 0.000010 0.000010 0.000010 0.000010 0.340912 0.511240 0.000010
0.030371 0.000010 0.066088 0.002237 0.073900 0.000010 0.283204 0.450327 0.093854
0.285793 0.000010 0.000010 0.091739 0.125189 0.000010 0.086869 0.408227 0.002152
0.417529 0.106275 0.012903 0.000010 0.000010 0.012701 0.083802 0.352375 0.014396
0.114994 0.002061 0.000010 0.000010 0.012723 0.000010 0.105736 0.284293 0.480162
0.218017 0.000011 0.000010 0.121687 0.000010 0.000010 0.139564 0.435844 0.084847
0.255546 0.069266 0.000010 0.000010 0.012232 0.000010 0.133040 0.422535 0.107352
0.148436 0.000010 0.085720 0.094437 0.035168 0.000010 0.044376 0.591834 0.000010
0.471554 0.000010 0.000010 0.000010 0.000010 0.000010 0.179732 0.348654 0.000010
0.260903 0.000010 0.000010 0.000010 0.040443 0.000010 0.159910 0.538695 0.000010
0.513768 0.000010 0.000010 0.035727 0.000010 0.000010 0.186781 0.263674 0.000010
0.367858 0.085118 0.000010 0.000010 0.000010 0.000010 0.144365 0.402609 0.000010
0.282682 0.042066 0.000010 0.000010 0.000010 0.000010 0.368082 0.307120 0.000010
0.098714 0.204118 0.053900 0.174486 0.000010 0.000010 0.118678 0.347638 0.002446
0.210362 0.000010 0.000010 0.000010 0.045673 0.022115 0.035057 0.686752 0.000010
0.393316 0.221484 0.000010 0.000010 0.000010 0.000010 0.003764 0.381386 0.000010
0.438028 0.000010 0.000010 0.000010 0.000010 0.000010 0.000010 0.561902 0.000010
0.511850 0.157484 0.000010 0.000010 0.067889 0.029534 0.055478 0.177735 0.000010
0.449907 0.000010 0.000010 0.040551 0.000010 0.000010 0.018988 0.490504 0.000010
0.028214 0.057256 0.000010 0.163211 0.000010 0.005368 0.083631 0.560908 0.101392
0.205357 0.000010 0.075379 0.000010 0.064808 0.000010 0.193789 0.460141 0.000497
0.274051 0.000010 0.054887 0.000010 0.025046 0.000010 0.035243 0.610733 0.000010
0.000010 0.000010 0.083710 0.165223 0.000010 0.007950 0.237272 0.505803 0.000010
0.351992 0.204196 0.000010 0.209682 0.102155 0.000010 0.057212 0.074734 0.000010
0.235678 0.000010 0.000010 0.063690 0.000010 0.019028 0.231429 0.450135 0.000010
0.335389 0.000010 0.000010 0.082695 0.079134 0.000010 0.067080 0.435663 0.000010
0.271299 0.171324 0.000010 0.000010 0.113998 0.000010 0.000010 0.396138 0.047200
0.228768 0.042492 0.000010 0.000010 0.053504 0.000010 0.250188 0.388309 0.036709
0.424580 0.199688 0.000010 0.000010 0.000010 0.000010 0.121374 0.254308 0.000010
0.248097 0.082351 0.168427 0.281134 0.082155 0.053922 0.000010 0.083893 0.000010
0.010189 0.000010 0.127085 0.233150 0.114833 0.000010 0.134283 0.380430 0.000010
0.265554 0.000010 0.000010 0.113307 0.035925 0.000010 0.000010 0.550889 0.034285
0.000010 0.000010 0.103079 0.000010 0.000010 0.000010 0.260244 0.636618 0.000010
0.163752 0.000010 0.022863 0.000010 0.087605 0.013182 0.377750 0.334817 0.000010
0.166553 0.081732 0.031082 0.076939 0.000010 0.008952 0.095468 0.539254 0.000010
0.083215 0.065566 0.000010 0.108942 0.027526 0.000010 0.179562 0.535159 0.000010
0.272374 0.000010 0.070658 0.050762 0.035749 0.000010 0.000010 0.570416 0.000010
0.536943 0.027096 0.000010 0.000010 0.005888 0.000010 0.000010 0.430023 0.000010
0.000010 0.000010 0.195674 0.070774 0.097036 0.000010 0.349328 0.287148 0.000010
0.311038 0.000010 0.046402 0.000010 0.055790 0.000010 0.020965 0.565766 0.000010
0.430591 0.000010 0.000010 0.105343 0.005971 0.000010 0.000010 0.458045 0.000010
0.212349 0.055539 0.000010 0.081661 0.000010 0.000010 0.038820 0.535742 0.075860
0.301500 0.034559 0.076233 0.291157 0.000010 0.084197 0.000010 0.153042 0.059290
0.295198 0.058531 0.009298 0.087318 0.000010 0.000010 0.118115 0.405480 0.026040
0.387222 0.069765 0.030044 0.049454 0.000010 0.000010 0.000010 0.463476 0.000010
0.378666 0.000010 0.000010 0.025062 0.022225 0.000010 0.312368 0.261640 0.000010
0.255738 0.000010 0.000010 0.000010 0.000010 0.000010 0.152195 0.592006 0.000010
0.331886 0.000010 0.049088 0.000010 0.025159 0.036368 0.000010 0.502224 0.055245
0.397310 0.231579 0.000010 0.000010 0.000010 0.000010 0.000010 0.353905 0.017156
0.179077 0.028612 0.004664 0.156269 0.054115 0.026344 0.131552 0.404900 0.014468
0.298571 0.050235 0.000010 0.000010 0.101885 0.000010 0.087664 0.435428 0.026189
0.059850 0.000010 0.000010 0.070227 0.055263 0.000010 0.042721 0.771900 0.000010
0.070267 0.022362 0.000010 0.000011 0.000010 0.000010 0.147115 0.744441 0.015775
0.281077 0.055520 0.000010 0.000010 0.000010 0.000010 0.146383 0.516969 0.000010
0.044071 0.070874 0.000010 0.000010 0.022312 0.000010 0.264751 0.597952 0.000010
0.003042 0.000010 0.000010 0.197016 0.156864 0.016952 0.088283 0.477111 0.060711
0.273450 0.018744 0.151905 0.000010 0.000010 0.000010 0.006079 0.521752 0.028039
0.034001 0.205297 0.000010 0.508742 0.000010 0.000010 0.000010 0.251911 0.000010
0.150773 0.039043 0.004975 0.000010 0.000010 0.000326 0.000010 0.755729 0.049124
0.150963 0.000010 0.000010 0.217372 0.058795 0.000010 0.047231 0.512518 0.013091
0.036111 0.062750 0.000010 0.000010 0.000010 0.000010 0.214649 0.656170 0.030281
0.109931 0.000010 0.023813 0.092943 0.000010 0.000010 0.016104 0.757169 0.000010
0.162476 0.000010 0.001185 0.000010 0.000010 0.000010 0.212758 0.597703 0.025838
0.153950 0.073215 0.078492 0.000010 0.070532 0.000010 0.061074 0.465824 0.096893
0.191066 0.000010 0.115131 0.000010 0.000010 0.043433 0.101689 0.529459 0.019192
0.214327 0.000010 0.059652 0.168425 0.000010 0.000010 0.097192 0.397745 0.062629
0.199730 0.045920 0.000010 0.000010 0.000010 0.000010 0.364353 0.389946 0.000010
0.000010 0.000010 0.000010 0.280144 0.163586 0.000010 0.035789 0.463332 0.057109
0.151358 0.079707 0.086233 0.167796 0.000010 0.000010 0.000010 0.439853 0.075023
0.218789 0.085370 0.000010 0.080400 0.000010 0.000010 0.128559 0.486841 0.000010
0.585024 0.000010 0.115400 0.000010 0.007061 0.000010 0.088627 0.203848 0.000010
0.041799 0.062593 0.075869 0.114502 0.000010 0.075509 0.201855 0.427853 0.000010
0.343491 0.108247 0.186278 0.000010 0.000193 0.000010 0.000010 0.361751 0.000010
0.129286 0.000010 0.416428 0.082697 0.000010 0.000010 0.052305 0.289192 0.030061
0.299759 0.032587 0.080837 0.001501 0.000010 0.001915 0.139375 0.444006 0.000010
0.070767 0.000010 0.134476 0.000010 0.084803 0.046565 0.232182 0.431178 0.000010
0.108820 0.000010 0.051938 0.000010 0.000010 0.000010 0.228215 0.610978 0.000010
0.000010 0.000010 0.000010 0.000010 0.000010 0.000010 0.226850 0.640722 0.132368
0.000010 0.000010 0.084310 0.035301 0.000010 0.000010 0.280268 0.600071 0.000010
0.000010 0.000010 0.220956 0.132662 0.000010 0.000010 0.084584 0.527569 0.034189
0.096413 0.000010 0.306558 0.078668 0.045613 0.000010 0.052271 0.285477 0.134981
0.029361 0.152388 0.059601 0.103732 0.000010 0.040338 0.088119 0.468157 0.058293
0.192636 0.000010 0.073255 0.226058 0.000010 0.000010 0.136064 0.328703 0.043254
0.136597 0.073104 0.034079 0.000010 0.000010 0.009898 0.164602 0.531122 0.050579
0.321963 0.157686 0.000010 0.000010 0.206811 0.027940 0.042593 0.242977 0.000010
0.000010 0.000010 0.068180 0.174664 0.000010 0.000010 0.049483 0.578286 0.129346
0.000010 0.000010 0.000010 0.000010 0.007750 0.000010 0.139594 0.818298 0.034309
0.218903 0.056239 0.000010 0.000010 0.000010 0.027099 0.166360 0.531359 0.000010
0.149090 0.109791 0.075737 0.000010 0.213870 0.000010 0.150476 0.199301 0.101715
0.181535 0.000010 0.387486 0.000010 0.000010 0.000010 0.000010 0.430918 0.000010
0.000010 0.014523 0.000010 0.012155 0.000010 0.565983 0.000010 0.000010 0.407288
0.000010 0.000010 0.000010 0.000010 0.000010 0.619288 0.000010 0.000010 0.380642
0.052919 0.000010 0.020961 0.000010 0.000010 0.308757 0.000010 0.000010 0.617314
0.000010 0.000010 0.000319 0.057925 0.000010 0.398685 0.009539 0.000010 0.533492
0.000010 0.000010 0.000010 0.000010 0.000010 0.205155 0.000010 0.000010 0.794775
0.000010 0.000010 0.000010 0.000010 0.000010 0.439842 0.068166 0.000010 0.491932
0.000010 0.000010 0.000010 0.000010 0.074680 0.570901 0.000010 0.025295 0.329074
0.000010 0.000010 0.042507 0.000010 0.004853 0.304870 0.010224 0.000010 0.637506
0.000010 0.000010 0.000010 0.000010 0.000010 0.218717 0.000010 0.000010 0.781213
0.015944 0.000010 0.000010 0.000010 0.000010 0.211083 0.000010 0.000010 0.772912
0.000010 0.000010 0.000010 0.000010 0.000010 0.404327 0.046660 0.000010 0.548953
0.000010 0.000010 0.000010 0.000010 0.000010 0.306547 0.038720 0.000010 0.654673
0.045926 0.012868 0.000010 0.000010 0.000010 0.522552 0.000010 0.000010 0.418605
0.002249 0.000010 0.000010 0.000010 0.000010 0.493297 0.000010 0.000010 0.504394
0.000010 0.017770 0.000010 0.000010 0.000010 0.334816 0.000010 0.000010 0.647354
0.000010 0.000010 0.020212 0.000010 0.018427 0.226295 0.052216 0.000010 0.682810
0.000010 0.000010 0.020630 0.000010 0.000010 0.323484 0.017888 0.000010 0.637949
0.000010 0.008857 0.003219 0.000010 0.000010 0.447734 0.011854 0.000010 0.528295
0.000010 0.000010 0.046392 0.000010 0.000010 0.311741 0.000010 0.000010 0.641807
0.000010 0.000010 0.000010 0.000010 0.000010 0.265885 0.059472 0.000010 0.674582
0.000010 0.000010 0.000010 0.000010 0.000010 0.575396 0.031748 0.000010 0.392796
0.000010 0.000010 0.090670 0.000010 0.000010 0.238465 0.000010 0.000010 0.670806
0.000010 0.000010 0.000010 0.000010 0.000010 0.245494 0.059949 0.019797 0.674710
0.000010 0.000010 0.000010 0.000010 0.000010 0.362475 0.020064 0.000010 0.617401
0.000010 0.000010 0.004893 0.000010 0.000010 0.171957 0.000010 0.000010 0.823091
0.000010 0.035787 0.000010 0.000010 0.000010 0.622971 0.000010 0.000010 0.341182
0.000010 0.000010 0.063621 0.000010 0.000010 0.654728 0.000010 0.000010 0.281591
0.000010 0.003110 0.000010 0.071440 0.000010 0.424918 0.000010 0.000010 0.500483
0.000010 0.046109 0.000010 0.000010 0.656844 0.000010 0.245845 0.051151 0.000010
0.452391 0.000010 0.000010 0.196327 0.087498 0.000010 0.000010 0.263338 0.000406
0.307970 0.010540 0.043726 0.274981 0.152727 0.008475 0.000010 0.076575 0.124997
0.680051 0.000010 0.000010 0.092356 0.000010 0.000010 0.000010 0.227533 0.000010
0.508917 0.030601 0.000010 0.000010 0.000010 0.034753 0.089856 0.335832 0.000010
0.086695 0.000010 0.000010 0.501190 0.005517 0.000010 0.000010 0.406548 0.000010
0.538553 0.024541 0.000010 0.290632 0.041218 0.002347 0.000010 0.102679 0.000010
0.512684 0.011062 0.000010 0.032779 0.153018 0.020854 0.000010 0.234450 0.035133
0.356025 0.000010 0.000010 0.310961 0.097455 0.000010 0.113695 0.121825 0.000010
0.362000 0.058562 0.000010 0.175579 0.090060 0.000010 0.041977 0.271791 0.000010
0.301077 0.000010 0.000010 0.395529 0.142574 0.048491 0.000010 0.112290 0.000010
0.463003 0.127885 0.026940 0.346405 0.035727 0.000010 0.000010 0.000010 0.000010
0.528731 0.000010 0.000010 0.090250 0.000010 0.000010 0.059541 0.321429 0.000010
0.253282 0.000010 0.000010 0.303833 0.000010 0.000010 0.121026 0.321810 0.000010
0.360894 0.000010 0.000010 0.418198 0.000010 0.000010 0.000010 0.220848 0.000010
0.364247 0.000010 0.198865 0.241016 0.000010 0.000010 0.000010 0.195821 0.000010
0.484377 0.000010 0.144209 0.325542 0.000010 0.000010 0.000010 0.045822 0.000010
0.291988 0.000010 0.000010 0.353142 0.033395 0.000010 0.000010 0.321425 0.000010
0.347964 0.000010 0.000010 0.345494 0.000010 0.000010 0.000010 0.306483 0.000010
0.250649 0.000010 0.063785 0.531222 0.000010 0.000010 0.014730 0.139574 0.000010
0.304745 0.107255 0.000010 0.492437 0.027214 0.000010 0.001634 0.066685 0.000010
0.395396 0.000010 0.000010 0.295522 0.000010 0.000010 0.055877 0.253155 0.000010
0.427551 0.000010 0.094676 0.241058 0.000010 0.000010 0.002713 0.233963 0.000010
0.575383 0.000010 0.000010 0.112585 0.000010 0.000010 0.000010 0.311972 0.000010
0.283253 0.000010 0.062653 0.386811 0.104622 0.000010 0.000010 0.143115 0.019516
0.426162 0.000010 0.000010 0.275403 0.000010 0.000010 0.033867 0.264519 0.000010
0.378436 0.000010 0.008963 0.375209 0.062407 0.000010 0.000010 0.174945 0.000010
0.286836 0.019824 0.000010 0.405059 0.000010 0.000010 0.000010 0.264141 0.024100
0.270892 0.000010 0.000010 0.330494 0.016104 0.000010 0.000010 0.365780 0.016690
0.000010 0.000010 0.000010 0.000010 0.999920 0.000010 0.000010 0.000010 0.000010
0.000010 0.000010 0.000010 0.000010 0.987367 0.000010 0.000010 0.000010 0.012563
0.000010 0.000010 0.067458 0.000010 0.932472 0.000010 0.000010 0.000010 0.000010
0.000010 0.044287 0.000010 0.000010 0.919422 0.000010 0.036231 0.000010 0.000010
0.075400 0.000010 0.000010 0.000010 0.924530 0.000010 0.000010 0.000010 0.000010
0.000010 0.000010 0.048010 0.000018 0.900342 0.000010 0.033787 0.000010 0.017804
0.000010 0.000010 0.025303 0.000010 0.937417 0.021998 0.000010 0.015232 0.000010
0.000010 0.000010 0.000010 0.000010 0.999920 0.000010 0.000010 0.000010 0.000010
0.000010 0.000010 0.000010 0.000010 0.930324 0.000010 0.069606 0.000010 0.000010
0.000010 0.071673 0.000010 0.000010 0.928257 0.000010 0.000010 0.000010 0.000010
0.000010 0.040953 0.000010 0.000010 0.938522 0.004684 0.000010 0.008215 0.007585
0.000010 0.026577 0.000010 0.000010 0.914075 0.000010 0.059288 0.000010 0.000010
0.000013 0.000010 0.000010 0.000010 0.931774 0.002862 0.034303 0.000010 0.031009
0.000010 0.000010 0.055659 0.000010 0.889898 0.023919 0.000010 0.000010 0.030474
0.000010 0.000010 0.024894 0.097662 0.877384 0.000010 0.000010 0.000010 0.000010
0.000010 0.000010 0.000010 0.000010 0.944055 0.000010 0.055875 0.000010 0.000010
0.000010 0.038287 0.000010 0.022891 0.938762 0.000010 0.000010 0.000010 0.000010
0.628463 0.023074 0.000010 0.000010 0.051187 0.056007 0.000010 0.241228 0.000010
0.861259 0.000010 0.000010 0.000010 0.036599 0.000010 0.019205 0.035529 0.047368
0.526431 0.000010 0.000010 0.145254 0.146760 0.011762 0.000010 0.109046 0.060718
0.678804 0.000010 0.000010 0.000010 0.000010 0.000010 0.051750 0.269386 0.000010
0.589222 0.000010 0.000010 0.033722 0.000011 0.000010 0.000010 0.376995 0.000010
0.487587 0.000010 0.056964 0.190862 0.000010 0.000010 0.000010 0.264537 0.000010
0.359331 0.000010 0.000010 0.241602 0.034611 0.000010 0.000010 0.268285 0.096130
0.649864 0.000010 0.071237 0.030324 0.000010 0.119077 0.000010 0.118918 0.010550
0.501113 0.000010 0.046352 0.072532 0.072653 0.027556 0.000010 0.279764 0.000010
0.469066 0.000010 0.035556 0.155034 0.050682 0.000010 0.013168 0.265786 0.010687
0.068364 0.078611 0.000010 0.257044 0.000010 0.000010 0.001760 0.426481 0.167711
0.467346 0.000010 0.000010 0.055089 0.002762 0.000010 0.100946 0.373817 0.000010
0.351409 0.000010 0.000010 0.169706 0.000010 0.000010 0.095783 0.383052 0.000010
0.326727 0.000010 0.000010 0.066134 0.000010 0.000010 0.114909 0.492179 0.000010
0.516373 0.000010 0.097065 0.000010 0.000010 0.016755 0.000010 0.369757 0.000010
0.405955 0.000010 0.000010 0.000010 0.045520 0.000010 0.005223 0.300458 0.242804
0.643419 0.000010 0.000010 0.104652 0.000010 0.000010 0.000010 0.206894 0.044985
0.425830 0.000010 0.000010 0.000010 0.090502 0.000010 0.000010 0.483609 0.000010
0.539091 0.000010 0.000010 0.000010 0.099621 0.021092 0.000010 0.340145 0.000010
0.596060 0.000010 0.067266 0.000010 0.000010 0.000010 0.000010 0.336614 0.000010
0.443013 0.009624 0.000010 0.160111 0.000010 0.073204 0.000010 0.272729 0.041290
0.424955 0.000010 0.000010 0.195139 0.161371 0.000010 0.039191 0.179305 0.000010
0.502823 0.006966 0.000010 0.000010 0.052961 0.000010 0.069167 0.324074 0.043979
0.537850 0.000010 0.000010 0.000010 0.000010 0.000010 0.128428 0.333663 0.000010
0.663725 0.000010 0.000010 0.000010 0.000010 0.014859 0.065254 0.256112 0.000010
0.450471 0.054939 0.000010 0.066845 0.000010 0.019511 0.000010 0.368813 0.039391
0.694311 0.000010 0.000010 0.031152 0.000010 0.000010 0.000010 0.274477 0.000010
0.459765 0.000010 0.051300 0.149893 0.009836 0.000010 0.000010 0.329166 0.000010
0.461998 0.000010 0.049298 0.027252 0.000010 0.000010 0.005864 0.455549 0.000010
0.382780 0.000010 0.000010 0.037967 0.014351 0.000010 0.129246 0.435615 0.000010
0.309225 0.000010 0.000010 0.205411 0.010317 0.000010 0.000010 0.474997 0.000010
0.270586 0.000010 0.000010 0.108507 0.000010 0.000010 0.085961 0.531966 0.002939
0.656949 0.000010 0.020222 0.000010 0.000010 0.014856 0.000010 0.251501 0.056431
0.481320 0.000010 0.000010 0.106812 0.000010 0.000010 0.000010 0.411808 0.000010
0.526151 0.000010 0.000010 0.000010 0.238316 0.000010 0.000010 0.184538 0.050945
0.590085 0.023421 0.000010 0.000010 0.000010 0.000010 0.007429 0.379015 0.000010
0.590832 0.000010 0.030069 0.115540 0.000010 0.000010 0.000010 0.263509 0.000010
0.610401 0.000010 0.064705 0.000010 0.000010 0.000010 0.000010 0.324835 0.000010
0.413669 0.000010 0.188849 0.036041 0.000010 0.000010 0.021891 0.339061 0.000459
0.592919 0.000010 0.053604 0.000010 0.000010 0.000010 0.000010 0.260018 0.093409
0.685052 0.034126 0.054162 0.000010 0.022141 0.004389 0.014590 0.185520 0.000010
0.426790 0.000010 0.000010 0.005985 0.000010 0.000010 0.000010 0.477575 0.089600
0.613289 0.000010 0.000010 0.000010 0.114625 0.043519 0.000010 0.205766 0.022762
0.652450 0.000010 0.000010 0.000011 0.000010 0.000010 0.000010 0.347479 0.000010
0.573029 0.000010 0.000010 0.110282 0.000503 0.000010 0.000010 0.270374 0.045773
0.616335 0.000010 0.000010 0.011771 0.000010 0.062243 0.000010 0.309601 0.000010
0.683041 0.000010 0.034698 0.000010 0.000010 0.000010 0.063554 0.218656 0.000010
0.695404 0.000010 0.000010 0.000010 0.050798 0.000010 0.000010 0.253738 0.000010
0.489395 0.000010 0.000010 0.106586 0.000010 0.000010 0.000010 0.341407 0.062562
0.588995 0.000010 0.000010 0.000010 0.009935 0.000010 0.000010 0.218152 0.182868
0.450497 0.000010 0.000010 0.132135 0.000010 0.000010 0.000010 0.167438 0.249880
0.396117 0.000010 0.000010 0.246779 0.042501 0.000010 0.000010 0.213419 0.101144
0.596080 0.073493 0.002922 0.119800 0.000010 0.067783 0.000010 0.121858 0.018044
0.514467 0.104662 0.000010 0.000010 0.023369 0.070970 0.070334 0.211458 0.004720
0.724503 0.000010 0.000010 0.070701 0.000010 0.000010 0.000010 0.101235 0.103511
0.142499 0.000010 0.121640 0.033038 0.000010 0.000010 0.004618 0.000010 0.698165
0.664224 0.000010 0.000010 0.047807 0.000010 0.000010 0.000010 0.287908 0.000010
0.684491 0.000010 0.000010 0.015616 0.016437 0.000010 0.004666 0.278750 0.000010
0.468583 0.000010 0.000010 0.108883 0.000010 0.000010 0.000010 0.185365 0.237119
0.720889 0.000010 0.021566 0.087965 0.005198 0.000010 0.028238 0.128697 0.007426
0.346303 0.047644 0.000010 0.040045 0.000010 0.064221 0.000010 0.338193 0.163564
0.575767 0.000010 0.000010 0.090900 0.000010 0.016086 0.000010 0.274530 0.042676
0.581211 0.000010 0.000010 0.072606 0.000010 0.000132 0.000010 0.346002 0.000010
0.663823 0.000010 0.030143 0.000010 0.000010 0.000010 0.000010 0.305973 0.000010
0.482981 0.003564 0.150996 0.096265 0.000010 0.000010 0.000010 0.230050 0.036114
0.547343 0.000010 0.022038 0.086834 0.108976 0.000010 0.000010 0.234770 0.000010
0.414931 0.000010 0.000010 0.280093 0.037397 0.000010 0.050646 0.117779 0.099124
0.344476 0.000010 0.000010 0.000010 0.000010 0.000010 0.000010 0.330019 0.325445
0.366339 0.036654 0.000010 0.142031 0.025865 0.000010 0.001434 0.079703 0.347954
0.637978 0.000010 0.000010 0.023407 0.008145 0.000010 0.000010 0.330420 0.000010
0.334207 0.000010 0.000010 0.131857 0.000010 0.051592 0.000010 0.273869 0.208436
0.511372 0.000010 0.000010 0.000010 0.000010 0.015962 0.000010 0.326669 0.145947
0.630301 0.000010 0.159078 0.000010 0.000010 0.000010 0.000010 0.210561 0.000010
0.605018 0.057534 0.091942 0.000010 0.017009 0.038877 0.000010 0.177384 0.012217
0.474734 0.000010 0.000010 0.000010 0.000010 0.091015 0.001404 0.415168 0.017640
0.799974 0.000010 0.000010 0.000010 0.032381 0.000010 0.000010 0.167585 0.000010
0.563196 0.000010 0.004869 0.000010 0.052720 0.000010 0.000010 0.379165 0.000010
0.425262 0.000010 0.000010 0.357209 0.051120 0.000010 0.006723 0.159646 0.000010
0.480885 0.065084 0.034664 0.036692 0.000010 0.102300 0.000010 0.150427 0.129928
0.375153 0.000010 0.000010 0.112155 0.000010 0.000010 0.000010 0.140962 0.371680
0.471418 0.000010 0.000010 0.000010 0.130983 0.000010 0.000010 0.397539 0.000010
0.515127 0.000010 0.000010 0.306912 0.000010 0.000010 0.000010 0.069310 0.108600
0.754713 0.000880 0.059534 0.000010 0.000010 0.006315 0.000010 0.178517 0.000010
0.706214 0.000010 0.000010 0.012364 0.067166 0.000010 0.000010 0.214205 0.000010
0.666080 0.000010 0.000010 0.001407 0.000010 0.013423 0.116190 0.115512 0.087358
0.684752 0.000010 0.000010 0.044327 0.018657 0.000010 0.000010 0.252214 0.000010
0.590133 0.000010 0.000010 0.000010 0.000010 0.000010 0.000010 0.217498 0.192309
0.000010 0.000010 0.137798 0.000010 0.735154 0.000010 0.116490 0.010507 0.000010
0.000010 0.000010 0.000010 0.000010 0.768864 0.000010 0.163236 0.021050 0.046800
0.000010 0.000010 0.136359 0.000010 0.662958 0.026124 0.129418 0.045101 0.000010
0.000010 0.000015 0.129248 0.000010 0.644955 0.000010 0.225732 0.000010 0.000010
0.000010 0.076799 0.000010 0.000010 0.518708 0.000010 0.368971 0.035472 0.000010
0.000010 0.000010 0.123744 0.000010 0.773781 0.000011 0.000010 0.102414 0.000010
0.065678 0.134768 0.000010 0.000010 0.624047 0.000010 0.175456 0.000010 0.000010
0.606083 0.000010 0.000010 0.113122 0.000010 0.000010 0.000010 0.280734 0.000010
0.682013 0.000010 0.000010 0.108829 0.000010 0.000010 0.011765 0.166622 0.030731
0.603538 0.000010 0.030997 0.204455 0.140840 0.000010 0.000010 0.020130 0.000010
0.514545 0.000010 0.033933 0.301432 0.055281 0.000010 0.000010 0.094769 0.000010
0.511482 0.000010 0.000010 0.214255 0.000010 0.000010 0.084170 0.190043 0.000010
0.548996 0.000010 0.000010 0.183151 0.000010 0.000010 0.048486 0.155617 0.063710
0.719174 0.004853 0.000010 0.273632 0.000010 0.000010 0.002290 0.000010 0.000010
0.442016 0.000010 0.002122 0.163454 0.071279 0.041015 0.000912 0.279181 0.000010
0.474270 0.000010 0.000010 0.321860 0.000010 0.021165 0.112242 0.070420 0.000013
0.665119 0.000010 0.035752 0.128547 0.000010 0.000010 0.000010 0.170532 0.000010
0.267471 0.106892 0.054975 0.427026 0.000010 0.000010 0.000010 0.135602 0.008005
0.434089 0.000010 0.000010 0.164034 0.000010 0.154466 0.000010 0.108529 0.138841
0.547134 0.000010 0.112110 0.000010 0.016907 0.000010 0.000010 0.323799 0.000010
0.400792 0.000010 0.155419 0.000010 0.015305 0.000010 0.000010 0.401294 0.027149
0.472824 0.000010 0.000010 0.200012 0.000010 0.000010 0.000010 0.327104 0.000010
0.422513 0.000010 0.113764 0.000010 0.084617 0.063593 0.000010 0.315473 0.000010
0.481449 0.000010 0.000010 0.193105 0.000010 0.000010 0.014461 0.310935 0.000010
0.538662 0.000010 0.000010 0.147024 0.000010 0.000010 0.000010 0.314254 0.000010
0.595555 0.059697 0.033155 0.029026 0.000010 0.000010 0.000010 0.188215 0.094324
0.595050 0.000010 0.000011 0.102725 0.000010 0.012724 0.000010 0.289451 0.000010
0.704331 0.000010 0.014919 0.000010 0.000010 0.000010 0.000010 0.162496 0.118205
0.337750 0.000010 0.000010 0.281228 0.000010 0.033787 0.000010 0.345735 0.001461
0.472172 0.023149 0.000010 0.062467 0.000010 0.000010 0.000010 0.344314 0.097858
0.450917 0.000010 0.000010 0.158062 0.040407 0.006517 0.056943 0.287123 0.000010
0.527594 0.000010 0.000010 0.000010 0.018201 0.000010 0.000010 0.360281 0.093873
0.613164 0.000010 0.000010 0.191669 0.000010 0.000010 0.000010 0.195107 0.000010
0.451372 0.000010 0.000010 0.119597 0.000010 0.000010 0.000010 0.333108 0.095873
0.469549 0.068018 0.025747 0.010059 0.093718 0.113373 0.023943 0.195583 0.000010
0.387373 0.000010 0.000010 0.029515 0.000010 0.000010 0.201851 0.325582 0.055639
0.508250 0.010665 0.000010 0.043782 0.023959 0.000010 0.046378 0.261579 0.105368
0.471650 0.019554 0.000010 0.002261 0.023096 0.000010 0.000010 0.426202 0.057206
0.353039 0.000010 0.000010 0.221304 0.064716 0.037848 0.000010 0.120196 0.202868
0.355870 0.000498 0.001507 0.144559 0.058882 0.000010 0.000010 0.160813 0.277851
0.681929 0.000010 0.000010 0.000010 0.000010 0.000010 0.023687 0.294324 0.000010
0.561521 0.000010 0.060275 0.136682 0.000010 0.000010 0.000010 0.241472 0.000010
0.000010 0.970740 0.000010 0.000010 0.000010 0.000010 0.000010 0.000010 0.029190
0.015984 0.920253 0.000010 0.043405 0.000010 0.010323 0.009995 0.000010 0.000010
0.000010 0.934077 0.065853 0.000010 0.000010 0.000010 0.000010 0.000010 0.000010
0.000010 0.895333 0.041590 0.000010 0.000010 0.000010 0.000010 0.063017 0.000010
0.123622 0.000010 0.363048 0.000010 0.068815 0.000010 0.415566 0.028909 0.000010
0.000010 0.000010 0.668165 0.000010 0.000010 0.000010 0.327713 0.004061 0.000010
0.000010 0.000010 0.227318 0.021462 0.170642 0.000010 0.580529 0.000010 0.000010
0.000010 0.000010 0.541385 0.000010 0.000010 0.000010 0.458545 0.000010 0.000010
0.000010 0.129876 0.477975 0.057872 0.034029 0.000010 0.249893 0.000010 0.050325
0.000010 0.000010 0.445968 0.000010 0.112732 0.000010 0.381244 0.060005 0.000010
0.027267 0.147791 0.430493 0.109836 0.000010 0.000010 0.247709 0.000010 0.036875
0.055122 0.062471 0.543820 0.000010 0.000010 0.000010 0.338357 0.000010 0.000190
0.005282 0.000010 0.504751 0.100709 0.017081 0.000010 0.273286 0.098862 0.000010
0.002793 0.039288 0.434586 0.000010 0.000010 0.000010 0.444971 0.078321 0.000010
0.232752 0.000010 0.000010 0.300129 0.000010 0.000010 0.115985 0.351084 0.000010
0.388921 0.000010 0.000010 0.157553 0.000010 0.000010 0.110746 0.342731 0.000010
0.367605 0.000010 0.119497 0.143181 0.120091 0.105665 0.010632 0.133310 0.000010
0.510662 0.000010 0.000010 0.116407 0.000010 0.000010 0.120020 0.252861 0.000010
0.511346 0.000010 0.000010 0.195936 0.000010 0.000010 0.000010 0.288278 0.004390
0.469172 0.000010 0.000010 0.188134 0.000010 0.000010 0.000010 0.342634 0.000010
0.453282 0.048535 0.000010 0.000010 0.000010 0.030277 0.000010 0.448337 0.019530
0.515253 0.046276 0.000010 0.114074 0.003767 0.000010 0.078291 0.242308 0.000010
0.383139 0.000010 0.264212 0.090401 0.000010 0.064422 0.000010 0.178966 0.018829
0.450931 0.000010 0.000010 0.199841 0.000010 0.000010 0.000010 0.282643 0.066535
0.373208 0.000010 0.000010 0.176390 0.000010 0.000010 0.119808 0.330544 0.000010
0.603360 0.007866 0.000010 0.016917 0.108186 0.000010 0.000010 0.263630 0.000010
0.576251 0.000010 0.025505 0.005800 0.097042 0.000010 0.026797 0.265891 0.002694
0.705613 0.000010 0.000010 0.135373 0.092775 0.000010 0.000010 0.066190 0.000010
0.573706 0.013654 0.083201 0.156710 0.000917 0.000010 0.000010 0.000010 0.171782
0.468430 0.000010 0.000010 0.073714 0.001431 0.000010 0.057403 0.391727 0.007266
0.644305 0.022361 0.000010 0.082662 0.000010 0.000010 0.000010 0.250622 0.000010
0.327107 0.108878 0.000010 0.013074 0.000010 0.000010 0.000010 0.528321 0.022580
0.390767 0.015694 0.000010 0.000010 0.000010 0.072140 0.099738 0.219424 0.202207
0.605705 0.000010 0.109430 0.065852 0.000010 0.000010 0.018154 0.140207 0.060622
0.256160 0.000010 0.125401 0.128331 0.000010 0.072084 0.000010 0.312187 0.105806
0.000010 0.000010 0.590319 0.000010 0.055804 0.000015 0.353812 0.000010 0.000010
0.027847 0.000010 0.798679 0.000010 0.000010 0.000010 0.083178 0.090247 0.000010
0.000010 0.028665 0.464049 0.000010 0.052002 0.000010 0.330915 0.124330 0.000010
0.000010 0.042095 0.509426 0.031119 0.047482 0.010790 0.285797 0.016844 0.056438
0.000010 0.039537 0.542523 0.053051 0.000010 0.000010 0.364839 0.000010 0.000010
0.000010 0.000010 0.718465 0.000010 0.009158 0.057625 0.214701 0.000010 0.000010
0.000010 0.000010 0.711995 0.064589 0.000010 0.000010 0.169580 0.053786 0.000010
0.022478 0.111091 0.757206 0.055199 0.000010 0.053987 0.000010 0.000010 0.000010
0.092468 0.000010 0.752497 0.000724 0.000010 0.000010 0.104358 0.049912 0.000010
0.000010 0.000010 0.624530 0.008236 0.154993 0.000010 0.212191 0.000010 0.000010
0.067856 0.000010 0.655190 0.000010 0.098689 0.000010 0.178215 0.000010 0.000010
0.000010 0.000010 0.714751 0.000010 0.000010 0.076062 0.209126 0.000010 0.000010
0.000010 0.000010 0.622436 0.000010 0.048163 0.009302 0.289354 0.019185 0.011530
0.000010 0.000010 0.739861 0.000010 0.000010 0.000010 0.247596 0.000010 0.012482
0.000010 0.000010 0.646936 0.000010 0.102412 0.000010 0.250592 0.000010 0.000010
0.000010 0.000010 0.649266 0.000010 0.148840 0.000010 0.201835 0.000010 0.000010
0.000010 0.040766 0.564132 0.000010 0.053352 0.000010 0.341700 0.000010 0.000010
0.000010 0.020309 0.540541 0.096266 0.000010 0.000010 0.342834 0.000010 0.000010
0.000010 0.010413 0.715404 0.000010 0.000010 0.033015 0.241118 0.000010 0.000010
0.000010 0.109470 0.591383 0.009114 0.092914 0.000010 0.156579 0.040510 0.000010
0.036500 0.034577 0.579796 0.000010 0.000010 0.000010 0.250060 0.099027 0.000010
0.000010 0.000010 0.761430 0.029631 0.000010 0.000010 0.172439 0.006506 0.029955
0.053059 0.128874 0.480818 0.000010 0.068395 0.000010 0.268815 0.000010 0.000010
0.000010 0.154849 0.654917 0.000010 0.086987 0.000010 0.103197 0.000010 0.000010
0.000010 0.000010 0.702989 0.000010 0.000010 0.000010 0.296941 0.000010 0.000010
0.000010 0.000010 0.500486 0.048169 0.033126 0.000010 0.418169 0.000010 0.000010
0.000010 0.047495 0.791499 0.065075 0.015211 0.026219 0.054471 0.000010 0.000010
0.000010 0.000010 0.746031 0.000010 0.064751 0.050098 0.130925 0.008156 0.000010
0.000010 0.000010 0.722452 0.000010 0.000010 0.000010 0.277478 0.000010 0.000010
0.000010 0.000010 0.677617 0.017751 0.098261 0.000010 0.188696 0.017635 0.000010
0.065287 0.000010 0.752664 0.000010 0.000010 0.000010 0.181989 0.000010 0.000010
0.000010 0.013183 0.820946 0.000010 0.000010 0.000010 0.165810 0.000010 0.000010
0.000010 0.000010 0.484019 0.000010 0.074312 0.000010 0.341730 0.099890 0.000010
0.000010 0.064292 0.536225 0.000010 0.000010 0.000010 0.399423 0.000010 0.000010
0.000010 0.000010 0.596812 0.000010 0.000010 0.000010 0.384594 0.018534 0.000010
0.000010 0.013764 0.696712 0.000010 0.000010 0.000010 0.289464 0.000010 0.000010
0.000010 0.000010 0.636018 0.000010 0.000010 0.000010 0.300195 0.063727 0.000010
0.000010 0.000010 0.673125 0.038211 0.000010 0.011770 0.276844 0.000010 0.000010
0.076655 0.000010 0.501320 0.000010 0.000010 0.000010 0.421965 0.000010 0.000010
0.000010 0.010763 0.078603 0.000010 0.717941 0.000010 0.192644 0.000010 0.000010
0.000010 0.000010 0.290292 0.000010 0.709638 0.000010 0.000010 0.000010 0.000010
0.000010 0.000010 0.685197 0.000010 0.000010 0.009084 0.304510 0.001159 0.000010
0.000010 0.000010 0.538324 0.000010 0.000010 0.000010 0.330845 0.130772 0.000010
0.283299 0.000010 0.000010 0.559779 0.061923 0.000010 0.000010 0.000010 0.094949
0.381013 0.000010 0.028504 0.167546 0.000010 0.000010 0.071886 0.351011 0.000010
0.290970 0.000010 0.000010 0.234578 0.067597 0.000010 0.100592 0.306223 0.000010
0.408753 0.000010 0.082960 0.397032 0.000010 0.000010 0.000010 0.111205 0.000010
0.209583 0.000010 0.000010 0.564872 0.000010 0.000010 0.000010 0.225485 0.000010
0.000010 0.013215 0.000010 0.551738 0.025818 0.000010 0.133629 0.275560 0.000010
0.187042 0.066186 0.000010 0.414699 0.071895 0.000010 0.118494 0.141654 0.000010
0.420662 0.000010 0.000010 0.171862 0.000010 0.000010 0.026311 0.291527 0.089597
0.443212 0.000010 0.000010 0.298510 0.000010 0.000010 0.053617 0.173213 0.031408
0.344799 0.014493 0.000010 0.416984 0.000010 0.000010 0.000010 0.223675 0.000010
0.424130 0.000010 0.000010 0.261567 0.133239 0.000010 0.000010 0.181013 0.000010
0.526033 0.000010 0.000010 0.248094 0.000010 0.000010 0.082481 0.143343 0.000010
0.146372 0.000010 0.000011 0.600511 0.000010 0.000010 0.077280 0.175787 0.000010
0.000010 0.000010 0.625750 0.000010 0.045175 0.000010 0.278651 0.050375 0.000010
0.023816 0.000010 0.537302 0.000010 0.000010 0.000010 0.438821 0.000010 0.000010
0.046309 0.267795 0.454026 0.000010 0.044059 0.010529 0.177253 0.000010 0.000010
0.024463 0.000010 0.674688 0.000010 0.000010 0.000010 0.276237 0.024562 0.000010
0.064058 0.030308 0.425576 0.026899 0.218304 0.000010 0.234825 0.000010 0.000010
0.015419 0.000011 0.440416 0.000010 0.000010 0.000010 0.508296 0.000010 0.035818
0.000010 0.000010 0.659881 0.000010 0.000010 0.000010 0.340049 0.000010 0.000010
0.038489 0.071015 0.599449 0.000010 0.000010 0.000010 0.286958 0.004050 0.000010
0.000010 0.000010 0.572668 0.015840 0.111324 0.000010 0.267854 0.032274 0.000010
0.000010 0.000010 0.661207 0.000010 0.000010 0.000010 0.338723 0.000010 0.000010
0.000010 0.000010 0.815872 0.000010 0.099220 0.000010 0.084848 0.000010 0.000010
0.000010 0.025375 0.627278 0.038039 0.000010 0.000010 0.276143 0.033125 0.000010
