0.385525 0.000010 0.000010 0.037947 0.000010 0.110252 0.029660 0.436576 0.000010
0.280119 0.000010 0.081193 0.263571 0.000010 0.016006 0.000010 0.359072 0.000010
0.372755 0.000010 0.115126 0.000010 0.000010 0.000010 0.000010 0.430506 0.081563
0.107370 0.000010 0.097834 0.227503 0.000010 0.152243 0.002133 0.412888 0.000010
0.253271 0.000010 0.132696 0.133635 0.000010 0.000010 0.068605 0.411753 0.000010
0.439513 0.000010 0.000010 0.004166 0.029968 0.000010 0.000010 0.434314 0.091998
0.424715 0.022837 0.000010 0.000010 0.022207 0.049336 0.036150 0.444497 0.000238
0.350973 0.024338 0.116055 0.000010 0.000010 0.000010 0.000010 0.508583 0.000010
0.427148 0.000010 0.000010 0.000010 0.036817 0.103674 0.089149 0.343172 0.000010
0.087760 0.000010 0.000010 0.047266 0.122893 0.039211 0.000010 0.702830 0.000010
0.395147 0.000010 0.000010 0.000010 0.000010 0.034905 0.000010 0.569888 0.000010
0.225824 0.026711 0.044723 0.139756 0.000010 0.026182 0.149182 0.387604 0.000010
0.262820 0.000010 0.057053 0.048468 0.000010 0.000010 0.138236 0.493383 0.000010
0.391617 0.000010 0.159737 0.000010 0.000010 0.050244 0.000010 0.394006 0.004355
0.575487 0.000010 0.000010 0.000010 0.114351 0.047593 0.000010 0.262519 0.000010
0.538988 0.000010 0.098102 0.000010 0.075797 0.008277 0.000010 0.278795 0.000010
0.432208 0.000010 0.000010 0.000010 0.000010 0.000010 0.000010 0.393477 0.174255
0.165819 0.038365 0.047958 0.251683 0.000010 0.058221 0.035122 0.402812 0.000010
0.432577 0.102048 0.000010 0.029973 0.000010 0.000010 0.060324 0.339270 0.035778
0.210748 0.000010 0.188560 0.000015 0.000010 0.038838 0.045965 0.456732 0.059122
0.043466 0.161058 0.177400 0.159874 0.000010 0.000010 0.005285 0.452887 0.000010
0.197395 0.000010 0.159221 0.000010 0.000012 0.112527 0.009514 0.521301 0.000010
0.460066 0.000010 0.073910 0.000010 0.000010 0.000010 0.000010 0.465965 0.000010
0.054542 0.000010 0.111074 0.183000 0.000010 0.000010 0.141134 0.510209 0.000010
0.261849 0.035853 0.211663 0.004509 0.073336 0.019048 0.000010 0.393722 0.000010
0.240583 0.000010 0.000010 0.269545 0.000010 0.072130 0.000010 0.369345 0.048356
0.000014 0.000010 0.000076 0.095361 0.000010 0.062699 0.269553 0.460714 0.111563
0.275682 0.161222 0.000010 0.107358 0.000010 0.000010 0.076906 0.378793 0.000010
0.319056 0.113581 0.057562 0.075477 0.000010 0.029447 0.062741 0.342117 0.000010
0.446635 0.000010 0.000010 0.000010 0.024267 0.252743 0.000010 0.127001 0.149314
0.468886 0.000010 0.121787 0.110748 0.003557 0.015317 0.033068 0.221690 0.024936
0.250187 0.052065 0.032459 0.000010 0.000010 0.127899 0.255090 0.274492 0.007789
0.302086 0.000010 0.000010 0.211626 0.091034 0.000010 0.000010 0.395204 0.000010
0.235263 0.042839 0.000010 0.000010 0.159065 0.042526 0.108473 0.404953 0.006861
0.000010 0.000010 0.143858 0.137453 0.124423 0.063081 0.000010 0.531145 0.000010
0.114435 0.000011 0.000010 0.180067 0.000010 0.017013 0.327190 0.361254 0.000010
0.221990 0.106999 0.031828 0.210004 0.000010 0.000010 0.028911 0.400238 0.000010
0.110060 0.000010 0.102859 0.175325 0.059334 0.108446 0.190071 0.178607 0.075287
0.391118 0.000010 0.135335 0.000010 0.000010 0.000010 0.050044 0.398277 0.025186
0.358275 0.000010 0.127831 0.000010 0.000010 0.038873 0.000010 0.474971 0.000010
0.406801 0.000010 0.077414 0.000010 0.000010 0.003871 0.091890 0.419984 0.000010
0.266881 0.000010 0.000010 0.116100 0.000010 0.000010 0.110991 0.505979 0.000010
0.081142 0.000010 0.056124 0.316663 0.000010 0.070493 0.072078 0.403470 0.000010
0.228325 0.045311 0.023457 0.011800 0.000010 0.074124 0.164709 0.452254 0.000010
0.288055 0.000010 0.123010 0.000010 0.000017 0.000010 0.000010 0.351628 0.237250
0.209923 0.000010 0.000010 0.216695 0.221231 0.000010 0.058061 0.294051 0.000010
0.344858 0.000010 0.012343 0.000010 0.042737 0.000010 0.000010 0.600011 0.000010
0.232961 0.017943 0.000010 0.000010 0.000010 0.000010 0.052312 0.686500 0.010244
0.000010 0.095302 0.305014 0.224953 0.086584 0.096033 0.154245 0.037849 0.000010
0.114993 0.000010 0.276628 0.051918 0.000010 0.003335 0.135717 0.417379 0.000010
0.003162 0.022235 0.385274 0.337938 0.037600 0.000010 0.176331 0.037440 0.000010
0.208116 0.000010 0.109257 0.156911 0.000010 0.000010 0.143197 0.382479 0.000010
0.387047 0.000010 0.222718 0.000010 0.000011 0.012214 0.000010 0.369015 0.008965
0.000010 0.000010 0.610156 0.014873 0.088919 0.019715 0.076933 0.181607 0.007776
0.158156 0.006395 0.520726 0.000010 0.070493 0.040575 0.177946 0.025689 0.000010
0.202554 0.106200 0.393177 0.000017 0.000010 0.072758 0.064904 0.160371 0.000010
0.322988 0.000010 0.278381 0.035101 0.000010 0.000010 0.114893 0.248597 0.000010
0.359396 0.044158 0.016423 0.100737 0.000010 0.025027 0.117001 0.245668 0.091580
0.000010 0.000010 0.303398 0.321347 0.000010 0.159667 0.123460 0.092087 0.000010
0.170263 0.000016 0.299993 0.000010 0.027351 0.000010 0.190070 0.312277 0.000010
0.104086 0.050174 0.341591 0.139557 0.081306 0.001026 0.065951 0.216298 0.000010
0.025641 0.208573 0.491391 0.000010 0.039127 0.000010 0.157517 0.077721 0.000010
0.261848 0.035215 0.177098 0.050784 0.000010 0.000010 0.116378 0.358646 0.000010
0.234767 0.167677 0.220311 0.229002 0.000010 0.000010 0.000010 0.148203 0.000010
0.099573 0.067248 0.364051 0.259858 0.011163 0.000010 0.000010 0.198077 0.000010
0.216480 0.065928 0.309864 0.000010 0.000010 0.007781 0.116883 0.283033 0.000010
0.225429 0.106479 0.380108 0.000010 0.135328 0.000010 0.096412 0.056213 0.000010
0.252957 0.025890 0.304201 0.000010 0.028794 0.094242 0.000010 0.274540 0.019356
0.112598 0.000010 0.333910 0.196087 0.102130 0.008289 0.000010 0.246956 0.000010
0.456412 0.000010 0.327900 0.000603 0.000010 0.000010 0.027768 0.187277 0.000010
0.042196 0.000010 0.000010 0.000010 0.037402 0.187051 0.000010 0.169843 0.563469
0.125676 0.000010 0.000010 0.000010 0.000010 0.000010 0.168778 0.477557 0.227939
0.528160 0.000010 0.000010 0.000010 0.000010 0.094123 0.134179 0.243488 0.000010
0.302385 0.000010 0.054481 0.005433 0.000010 0.084077 0.056252 0.410004 0.087347
0.411905 0.092941 0.001577 0.132687 0.000010 0.000010 0.000010 0.360849 0.000010
0.257893 0.018165 0.000011 0.090653 0.153948 0.000010 0.000010 0.479301 0.000010
0.591300 0.000010 0.025823 0.164295 0.011391 0.038866 0.000010 0.168294 0.000010
0.182666 0.000010 0.029712 0.176856 0.083792 0.000010 0.097287 0.421787 0.007880
0.461486 0.000010 0.023310 0.019163 0.000010 0.000010 0.000010 0.495991 0.000010
0.044476 0.091497 0.063942 0.221120 0.000010 0.010555 0.000010 0.568380 0.000010
0.096863 0.118763 0.000015 0.000010 0.028968 0.000010 0.200207 0.481939 0.073224
0.427585 0.000010 0.016963 0.000010 0.000010 0.033433 0.000010 0.521970 0.000010
0.368597 0.000010 0.000010 0.026711 0.035763 0.000010 0.282061 0.286828 0.000010
0.405402 0.033646 0.000010 0.000010 0.000010 0.000010 0.093196 0.467706 0.000010
0.452585 0.000010 0.000010 0.000010 0.037373 0.000010 0.000010 0.509982 0.000010
0.139949 0.000010 0.146594 0.000010 0.084835 0.000010 0.176014 0.419319 0.033259
0.241746 0.079957 0.000010 0.000010 0.007875 0.031137 0.165828 0.353662 0.119776
0.453336 0.040504 0.000010 0.000010 0.000010 0.136628 0.000010 0.369482 0.000010
0.387076 0.000010 0.015294 0.083762 0.000010 0.000010 0.109798 0.404030 0.000010
0.380332 0.070657 0.016511 0.024849 0.000010 0.080655 0.000010 0.366624 0.060352
0.205023 0.000010 0.016855 0.083726 0.121598 0.115481 0.011293 0.403363 0.042652
0.536190 0.000010 0.023700 0.000010 0.000010 0.049753 0.000010 0.390306 0.000010
0.230446 0.000010 0.074977 0.000010 0.000010 0.124441 0.000010 0.570087 0.000010
0.401228 0.000010 0.000010 0.138783 0.085542 0.110716 0.008848 0.254853 0.000010
0.388684 0.000010 0.019323 0.111913 0.131252 0.000010 0.065700 0.283097 0.000010
0.491824 0.000010 0.012856 0.003226 0.239691 0.000010 0.000010 0.252364 0.000010
0.106919 0.205186 0.000010 0.000010 0.132357 0.041505 0.303691 0.210312 0.000010
0.164242 0.000010 0.000010 0.000010 0.000010 0.089323 0.266986 0.479399 0.000010
0.109150 0.070741 0.100129 0.081802 0.000010 0.002814 0.114385 0.402010 0.118961
0.415759 0.000010 0.000010 0.000010 0.017053 0.002569 0.000010 0.562320 0.002259
0.399647 0.000010 0.095265 0.033917 0.044808 0.093119 0.000010 0.333214 0.000010
0.000010 0.013946 0.047075 0.079837 0.050220 0.142699 0.019695 0.181749 0.464768
0.215639 0.098543 0.051564 0.212643 0.000010 0.000010 0.030204 0.391378 0.000010
0.074219 0.096871 0.000010 0.000010 0.020219 0.000010 0.135670 0.558670 0.114322
0.210747 0.002508 0.000010 0.083763 0.000010 0.000010 0.226038 0.476904 0.000010
0.320652 0.016492 0.077659 0.042548 0.000010 0.000010 0.013763 0.418866 0.110000
0.024279 0.000010 0.179873 0.000010 0.000010 0.002124 0.192506 0.595837 0.005351
0.350011 0.000010 0.011806 0.027859 0.000010 0.122813 0.205353 0.282127 0.000010
0.000010 0.000010 0.000010 0.334366 0.000010 0.036834 0.261011 0.367739 0.000010
0.134299 0.000010 0.000010 0.276855 0.000010 0.000010 0.309294 0.240075 0.039437
0.178238 0.117888 0.011476 0.000010 0.000010 0.024616 0.000010 0.542286 0.125466
0.012942 0.043692 0.000012 0.000010 0.000011 0.065650 0.274423 0.603251 0.000010
0.378842 0.000010 0.023072 0.146034 0.000010 0.002374 0.099426 0.350222 0.000010
0.136622 0.000010 0.008669 0.283361 0.000010 0.000010 0.067767 0.503541 0.000010
0.450124 0.143573 0.000010 0.030535 0.000010 0.000010 0.000010 0.344306 0.031421
0.300659 0.000010 0.030267 0.100902 0.000010 0.000010 0.142053 0.393840 0.032249
0.228974 0.106343 0.000010 0.003706 0.000010 0.053527 0.241708 0.365712 0.000010
0.201521 0.000010 0.000010 0.199981 0.000010 0.092773 0.000010 0.502334 0.003351
0.028729 0.155098 0.000010 0.091777 0.000016 0.076426 0.319169 0.328765 0.000010
0.241905 0.000010 0.109383 0.174654 0.000010 0.000010 0.027202 0.394103 0.052723
0.398200 0.058971 0.039099 0.060736 0.139595 0.000010 0.044756 0.258623 0.000010
0.248157 0.067315 0.057021 0.172749 0.000010 0.035569 0.103680 0.315487 0.000010
0.233380 0.000010 0.147375 0.000010 0.017004 0.000010 0.123315 0.456803 0.022093
0.222306 0.000010 0.037284 0.129983 0.000010 0.072268 0.141747 0.396382 0.000010
0.500805 0.148915 0.000010 0.000010 0.000010 0.000011 0.000010 0.329333 0.020896
0.365585 0.000010 0.000010 0.000010 0.000010 0.061370 0.030108 0.542887 0.000010
0.075778 0.000010 0.115510 0.191979 0.000010 0.008422 0.106264 0.502017 0.000010
0.135586 0.059332 0.141193 0.065450 0.000010 0.000010 0.182412 0.334690 0.081316
0.384441 0.176507 0.189075 0.076397 0.000010 0.015010 0.000010 0.158540 0.000010
0.000010 0.273134 0.000011 0.000010 0.000012 0.136323 0.230044 0.360447 0.000010
0.446562 0.000010 0.134178 0.000010 0.000010 0.000010 0.143648 0.275563 0.000010
0.153245 0.000010 0.000010 0.188113 0.000010 0.091264 0.126047 0.428442 0.012858
0.327832 0.000010 0.000010 0.140601 0.000010 0.000010 0.104002 0.427516 0.000010
0.104517 0.000010 0.108099 0.450242 0.000010 0.004726 0.054405 0.261454 0.016537
0.130138 0.149322 0.000010 0.331563 0.000010 0.112016 0.049726 0.227205 0.000010
0.000010 0.019351 0.000010 0.215059 0.000010 0.115071 0.059925 0.557515 0.033049
0.528022 0.000010 0.171548 0.000010 0.000010 0.000010 0.000010 0.300369 0.000010
0.309781 0.113369 0.002099 0.061273 0.000010 0.078070 0.000010 0.435378 0.000010
0.355051 0.000010 0.000010 0.126126 0.063311 0.000010 0.000010 0.455462 0.000010
0.421914 0.000010 0.000014 0.063305 0.000010 0.000010 0.176376 0.338351 0.000010
0.281801 0.000010 0.000010 0.192204 0.000010 0.095115 0.065472 0.323037 0.042341
0.070636 0.060708 0.122291 0.127761 0.075755 0.000010 0.216402 0.326427 0.000010
0.024834 0.012177 0.059256 0.411021 0.000010 0.000010 0.184344 0.308338 0.000010
0.159056 0.000010 0.193021 0.000010 0.000010 0.024099 0.000016 0.623768 0.000010
0.053229 0.135515 0.152581 0.026964 0.000010 0.000010 0.000010 0.631671 0.000010
0.000013 0.277381 0.000010 0.073413 0.083761 0.000010 0.114930 0.450473 0.000010
0.196568 0.000010 0.101218 0.000010 0.000010 0.080988 0.173139 0.448048 0.000010
0.221334 0.156354 0.000010 0.000010 0.084874 0.000010 0.051803 0.485596 0.000010
0.190303 0.144148 0.017037 0.000010 0.024368 0.052058 0.115301 0.456765 0.000010
0.112421 0.058117 0.071111 0.000010 0.140326 0.034536 0.144377 0.439092 0.000010
0.000010 0.138216 0.000010 0.207867 0.000010 0.071761 0.121440 0.460675 0.000010
0.266323 0.108262 0.035207 0.009758 0.000010 0.059681 0.000010 0.520738 0.000010
0.125364 0.036379 0.000010 0.153830 0.000010 0.059137 0.108667 0.516593 0.000010
0.364353 0.000010 0.105784 0.000010 0.037272 0.046420 0.000010 0.446131 0.000010
0.201886 0.113409 0.135909 0.014255 0.000010 0.091226 0.030602 0.412692 0.000010
0.000018 0.047389 0.362962 0.087051 0.100762 0.077980 0.000010 0.323817 0.000010
0.161058 0.000010 0.000010 0.123929 0.000010 0.038163 0.122389 0.554421 0.000010
0.102331 0.064038 0.040906 0.072216 0.000010 0.114282 0.000010 0.606196 0.000010
0.329159 0.021646 0.048072 0.000010 0.025940 0.000010 0.201033 0.374120 0.000010
0.014574 0.013068 0.130435 0.017280 0.065543 0.006005 0.171972 0.581113 0.000010
0.027424 0.022419 0.041944 0.087846 0.016365 0.000010 0.178915 0.625067 0.000010
0.095705 0.000010 0.028998 0.204384 0.000010 0.000010 0.231386 0.439487 0.000010
0.134513 0.000010 0.235153 0.000010 0.062956 0.028871 0.212333 0.326144 0.000010
0.413512 0.069655 0.101317 0.000010 0.000010 0.000010 0.000010 0.415466 0.000010
0.281684 0.000010 0.276406 0.048606 0.000010 0.000010 0.108246 0.285019 0.000010
0.545095 0.000010 0.000010 0.002344 0.000010 0.000010 0.084638 0.367873 0.000010
0.114398 0.000010 0.031415 0.195192 0.087904 0.068809 0.337642 0.163009 0.001621
0.071445 0.000011 0.282406 0.121203 0.144262 0.000010 0.000016 0.380638 0.000010
0.136256 0.000010 0.040705 0.146554 0.000010 0.000010 0.108928 0.555498 0.012030
0.168060 0.000010 0.126470 0.261318 0.000010 0.022033 0.129493 0.292595 0.000010
0.150487 0.004829 0.153488 0.134383 0.000010 0.011598 0.134924 0.410272 0.000010
0.249918 0.000010 0.142413 0.000010 0.023001 0.000010 0.248420 0.336208 0.000010
0.105404 0.000010 0.000010 0.080163 0.000010 0.000010 0.250686 0.563696 0.000010
0.034399 0.000010 0.138333 0.216806 0.251216 0.035739 0.070303 0.205368 0.047825
0.118849 0.000010 0.263212 0.039062 0.000010 0.000010 0.256505 0.322332 0.000010
0.128527 0.000010 0.281512 0.000010 0.000010 0.135868 0.056649 0.397404 0.000010
0.045245 0.000010 0.089561 0.208466 0.000010 0.000010 0.275866 0.312714 0.068118
0.080768 0.034500 0.062696 0.020934 0.000010 0.023111 0.222646 0.555324 0.000010
0.194427 0.000010 0.259959 0.124209 0.039915 0.034349 0.042701 0.304419 0.000010
0.194226 0.000010 0.085390 0.017711 0.000010 0.048358 0.190668 0.407858 0.055769
0.000010 0.029772 0.000010 0.133081 0.082291 0.046450 0.215001 0.493375 0.000010
0.139624 0.000010 0.000010 0.279403 0.000010 0.000010 0.195041 0.385883 0.000010
0.204375 0.000010 0.000010 0.159448 0.000010 0.086359 0.103324 0.410055 0.036409
0.093189 0.091138 0.214263 0.220496 0.009471 0.002876 0.040276 0.328280 0.000010
0.197087 0.022578 0.000010 0.151408 0.078722 0.000010 0.202472 0.347704 0.000010
0.470089 0.000010 0.084745 0.000010 0.000016 0.000010 0.037672 0.300285 0.107163
0.303426 0.047864 0.005133 0.000010 0.000010 0.092313 0.119982 0.431252 0.000010
0.000010 0.000010 0.000010 0.000010 0.000010 0.507294 0.000010 0.000010 0.492636
0.012908 0.000010 0.000010 0.000010 0.000010 0.406247 0.026680 0.000010 0.554115
0.000010 0.000010 0.000010 0.000010 0.000010 0.408302 0.000010 0.000010 0.591628
0.034872 0.000010 0.000010 0.000010 0.024525 0.354325 0.000010 0.000010 0.586229
0.029141 0.000010 0.000010 0.000010 0.000010 0.267898 0.017319 0.000010 0.685592
0.099048 0.000010 0.000010 0.000010 0.000010 0.370018 0.000011 0.000010 0.530872
0.000010 0.000010 0.000010 0.000010 0.000010 0.491376 0.000010 0.004822 0.503742
0.000010 0.000010 0.000010 0.000010 0.015207 0.321239 0.000010 0.000010 0.663495
0.000010 0.000010 0.000010 0.000010 0.000010 0.371015 0.000010 0.000010 0.628915
0.105513 0.000010 0.000010 0.000011 0.000010 0.339138 0.000010 0.000010 0.555288
0.006389 0.000010 0.000010 0.000010 0.000010 0.357114 0.056783 0.000010 0.579664
0.000010 0.000010 0.000010 0.000010 0.060274 0.270809 0.000010 0.000010 0.668857
0.000010 0.004039 0.000010 0.000010 0.164345 0.237321 0.000010 0.000010 0.594245
0.022233 0.000010 0.000010 0.000010 0.000010 0.647785 0.000010 0.000010 0.329922
0.012491 0.000010 0.000010 0.000010 0.000190 0.241394 0.026447 0.000010 0.719439
0.000010 0.000010 0.000010 0.000010 0.045985 0.555843 0.000010 0.000010 0.398112
0.000010 0.009804 0.000010 0.000010 0.000010 0.275207 0.016196 0.000010 0.698743
0.000010 0.000010 0.000010 0.023297 0.000010 0.440640 0.000010 0.000010 0.536003
0.000010 0.000010 0.000010 0.000010 0.017366 0.458319 0.000010 0.000010 0.524255
0.000010 0.000010 0.024447 0.000010 0.000010 0.293849 0.000010 0.000010 0.681645
0.000010 0.000010 0.000010 0.000010 0.000010 0.538240 0.000010 0.000010 0.461690
0.000010 0.000010 0.000011 0.000010 0.006920 0.331604 0.054114 0.000010 0.607310
0.047926 0.000010 0.000010 0.000010 0.000010 0.397351 0.000010 0.000010 0.554663
0.045821 0.003686 0.000010 0.000010 0.000010 0.515136 0.000010 0.044806 0.390511
0.000010 0.005443 0.000010 0.000010 0.032245 0.276436 0.000010 0.014736 0.671100
0.017225 0.000010 0.000010 0.008110 0.000010 0.392303 0.000010 0.000010 0.582312
0.080261 0.000010 0.000010 0.000010 0.001534 0.300444 0.009995 0.004325 0.603410
0.058788 0.003934 0.000010 0.000010 0.000010 0.275822 0.000010 0.000010 0.661406
0.000010 0.123127 0.187321 0.000010 0.485151 0.000010 0.204352 0.000010 0.000010
0.486968 0.107591 0.130179 0.000014 0.000010 0.000010 0.000010 0.226352 0.048867
0.267604 0.189131 0.000010 0.274386 0.000010 0.100328 0.000010 0.168512 0.000010
0.328826 0.000010 0.048248 0.140268 0.009815 0.000010 0.000010 0.472804 0.000010
0.422480 0.000010 0.055799 0.177013 0.000010 0.000010 0.083873 0.201380 0.059425
0.319326 0.000010 0.064630 0.260953 0.100173 0.017970 0.015165 0.221763 0.000010
0.513993 0.000010 0.002312 0.258608 0.000010 0.071890 0.000010 0.153157 0.000010
0.461989 0.167786 0.000010 0.083363 0.000010 0.000010 0.016473 0.270349 0.000010
0.483502 0.124771 0.003891 0.195602 0.000010 0.000010 0.000010 0.147473 0.044731
0.478180 0.000010 0.000010 0.235586 0.000010 0.000010 0.093019 0.184777 0.008398
0.330380 0.024222 0.000010 0.394952 0.000010 0.018388 0.048768 0.137931 0.045340
0.177245 0.000018 0.000010 0.393811 0.157884 0.000010 0.061789 0.200810 0.008423
0.566514 0.000010 0.027769 0.185469 0.000010 0.029671 0.000010 0.190537 0.000010
0.328368 0.100552 0.046728 0.325095 0.075280 0.002116 0.000010 0.121840 0.000010
0.466187 0.006243 0.018231 0.237277 0.044370 0.000010 0.037320 0.181205 0.009156
0.721502 0.000010 0.000010 0.000010 0.000010 0.126936 0.000010 0.151502 0.000010
0.356465 0.000010 0.095920 0.401891 0.000010 0.000010 0.003839 0.141844 0.000010
0.434191 0.072683 0.000493 0.332741 0.000010 0.000010 0.010199 0.149663 0.000010
0.345748 0.029719 0.155464 0.217089 0.000010 0.000010 0.000010 0.251940 0.000010
0.635960 0.000010 0.002730 0.071276 0.000010 0.050146 0.000010 0.239848 0.000010
0.459186 0.000010 0.000010 0.217639 0.034373 0.021746 0.073766 0.193260 0.000010
0.234806 0.000010 0.000010 0.274874 0.000010 0.041273 0.000010 0.448997 0.000010
0.302340 0.004689 0.006425 0.380304 0.000010 0.009678 0.000010 0.296534 0.000010
0.357735 0.000010 0.000010 0.208652 0.012514 0.062214 0.217333 0.141522 0.000010
0.432130 0.000010 0.135545 0.218512 0.000010 0.000010 0.000010 0.173504 0.040269
0.503306 0.053554 0.019692 0.214998 0.055653 0.000010 0.000010 0.116072 0.036704
0.578073 0.000010 0.080803 0.181566 0.000010 0.000010 0.000010 0.159508 0.000010
0.324893 0.208042 0.000010 0.148710 0.000010 0.000010 0.000010 0.318305 0.000010
0.396687 0.113012 0.000010 0.253038 0.000010 0.044163 0.081513 0.111557 0.000010
0.000010 0.000010 0.000010 0.000010 0.944027 0.025124 0.000010 0.030789 0.000010
0.000010 0.000010 0.000010 0.000010 0.999920 0.000010 0.000010 0.000010 0.000010
0.000010 0.000010 0.000010 0.000010 0.926794 0.041066 0.000010 0.019216 0.012874
0.000010 0.000010 0.000010 0.000010 0.954184 0.000010 0.000010 0.045746 0.000010
0.000019 0.000010 0.059804 0.000010 0.791199 0.000010 0.043322 0.105617 0.000010
0.000010 0.000010 0.000010 0.000012 0.797514 0.097347 0.000010 0.096869 0.008219
0.000010 0.000010 0.000010 0.000010 0.925359 0.035430 0.021287 0.013065 0.004818
0.000010 0.000010 0.000010 0.000010 0.962215 0.037715 0.000010 0.000010 0.000010
0.000010 0.089458 0.000010 0.000010 0.910472 0.000010 0.000010 0.000010 0.000010
0.000010 0.000010 0.000010 0.000010 0.983204 0.000010 0.000010 0.000010 0.016726
0.000010 0.000010 0.000010 0.000010 0.998206 0.001724 0.000010 0.000010 0.000010
0.000010 0.000010 0.000010 0.000010 0.999920 0.000010 0.000010 0.000010 0.000010
0.000013 0.000010 0.000010 0.000010 0.928618 0.000010 0.000010 0.000010 0.071309
0.000010 0.000010 0.000010 0.000010 0.951945 0.000010 0.000010 0.047985 0.000010
0.000010 0.000010 0.000010 0.000010 0.911222 0.054439 0.000010 0.000010 0.034279
0.006389 0.000010 0.109756 0.000010 0.835779 0.005170 0.000010 0.000010 0.042867
0.000010 0.000010 0.000010 0.000010 0.900760 0.045833 0.000010 0.053348 0.000010
0.640600 0.000010 0.028599 0.000010 0.000010 0.000010 0.000010 0.330741 0.000010
0.377354 0.000010 0.213173 0.253877 0.000017 0.000010 0.090082 0.051652 0.013826
0.535845 0.000010 0.101221 0.039506 0.057971 0.014642 0.000010 0.250785 0.000010
0.420430 0.000010 0.162166 0.180640 0.070067 0.063270 0.000010 0.103398 0.000010
0.251831 0.000010 0.000010 0.203756 0.000010 0.036694 0.165962 0.282496 0.059231
0.735578 0.000010 0.012947 0.014906 0.000010 0.000010 0.000010 0.236520 0.000010
0.666409 0.000010 0.000010 0.218414 0.000010 0.000010 0.022174 0.092953 0.000010
0.387546 0.000010 0.000012 0.000010 0.000010 0.000010 0.161139 0.366596 0.084668
0.543495 0.000010 0.065831 0.000010 0.000010 0.084163 0.000010 0.306461 0.000010
0.460691 0.000010 0.000907 0.059878 0.064441 0.063888 0.030045 0.320131 0.000010
0.309245 0.132046 0.000010 0.082088 0.000010 0.000010 0.069986 0.166467 0.240138
0.563905 0.000010 0.092727 0.023153 0.000010 0.000010 0.010215 0.309960 0.000010
0.519502 0.014975 0.045038 0.000010 0.031184 0.000010 0.177152 0.212118 0.000010
0.478433 0.034385 0.000010 0.000010 0.000010 0.034590 0.144846 0.231112 0.076604
0.582899 0.017107 0.096141 0.000010 0.000010 0.017069 0.000010 0.286745 0.000010
0.423716 0.000010 0.046367 0.018574 0.000010 0.003194 0.178910 0.169065 0.160155
0.423474 0.195560 0.078688 0.052183 0.134836 0.020421 0.000010 0.094817 0.000010
0.494828 0.000010 0.040294 0.000010 0.000010 0.064103 0.004326 0.396409 0.000010
0.641584 0.000010 0.000010 0.043396 0.000010 0.000010 0.144810 0.170161 0.000010
0.573943 0.000010 0.093240 0.001657 0.000010 0.000010 0.000010 0.331110 0.000010
0.358207 0.049679 0.036119 0.069578 0.142727 0.000010 0.032234 0.192538 0.118908
0.570729 0.090373 0.000010 0.054029 0.000010 0.087946 0.000010 0.180914 0.015979
0.510694 0.000010 0.044133 0.088023 0.000010 0.005879 0.071701 0.279539 0.000010
0.408209 0.010282 0.000010 0.000010 0.019709 0.000010 0.251445 0.196773 0.113553
0.458059 0.000010 0.113868 0.000010 0.000010 0.000010 0.120360 0.307662 0.000010
0.750303 0.000010 0.063581 0.029666 0.000010 0.000010 0.040518 0.115891 0.000010
0.574843 0.000010 0.000010 0.029105 0.058719 0.006023 0.000010 0.331269 0.000010
0.525498 0.000010 0.000010 0.123719 0.000010 0.019617 0.097393 0.233733 0.000010
0.361763 0.000010 0.119957 0.157453 0.120218 0.000408 0.090697 0.149485 0.000010
0.268385 0.023298 0.028742 0.078997 0.094464 0.053601 0.184428 0.268075 0.000010
0.507439 0.000010 0.151382 0.065502 0.000010 0.025700 0.095112 0.154835 0.000010
0.511396 0.000010 0.075546 0.114184 0.000010 0.000010 0.078187 0.136042 0.084614
0.465042 0.000010 0.060821 0.053475 0.000010 0.000010 0.166654 0.205781 0.048196
0.636579 0.135500 0.000010 0.000010 0.000010 0.000010 0.000010 0.227861 0.000010
0.653167 0.018278 0.000010 0.040918 0.018981 0.103129 0.000010 0.162257 0.003248
0.607767 0.000010 0.016406 0.000010 0.000010 0.015643 0.000010 0.360134 0.000010
0.285143 0.007718 0.055138 0.239563 0.000010 0.000010 0.123779 0.237839 0.050801
0.549529 0.000010 0.000011 0.227039 0.011180 0.000010 0.108518 0.103694 0.000010
0.354205 0.081916 0.001528 0.124302 0.025920 0.070725 0.023255 0.250652 0.067496
0.230870 0.137397 0.000010 0.152628 0.000010 0.047244 0.000010 0.431820 0.000010
0.672956 0.007858 0.000010 0.000010 0.000010 0.000010 0.000010 0.279192 0.039944
0.550552 0.000010 0.183235 0.100252 0.000010 0.000010 0.000010 0.165911 0.000010
0.729243 0.204939 0.009895 0.000010 0.000010 0.000010 0.000010 0.000510 0.055372
0.556517 0.081621 0.046071 0.035778 0.000010 0.000010 0.000010 0.279974 0.000010
0.438142 0.000010 0.059708 0.009788 0.000010 0.000010 0.092086 0.180688 0.219558
0.644378 0.079331 0.000010 0.072448 0.000010 0.000010 0.016408 0.187395 0.000010
0.582145 0.000010 0.048849 0.000010 0.000010 0.000010 0.000010 0.368946 0.000010
0.674529 0.000010 0.000010 0.000010 0.013993 0.000010 0.000010 0.311418 0.000010
0.446270 0.027382 0.000010 0.075765 0.000010 0.023748 0.055751 0.300146 0.070916
0.437149 0.000010 0.000010 0.000010 0.000010 0.124887 0.155988 0.185332 0.096605
0.764630 0.000010 0.000010 0.000010 0.000010 0.040061 0.118304 0.076955 0.000010
0.672140 0.000010 0.000010 0.000010 0.000010 0.000010 0.026995 0.268690 0.032125
0.711182 0.017936 0.000010 0.000010 0.000010 0.000010 0.000010 0.270822 0.000010
0.660401 0.089976 0.000010 0.000010 0.020881 0.037432 0.000010 0.191270 0.000010
0.455776 0.000013 0.060180 0.038733 0.055919 0.086922 0.000010 0.302438 0.000010
0.000010 0.000010 0.032907 0.000010 0.000010 0.000010 0.028360 0.082078 0.856605
0.626067 0.000010 0.000010 0.000010 0.000010 0.010181 0.000010 0.271904 0.091798
0.448030 0.000010 0.093159 0.200159 0.000010 0.000010 0.077658 0.107773 0.073190
0.572333 0.011759 0.033707 0.000010 0.000010 0.000010 0.008932 0.277369 0.095869
0.647156 0.035099 0.000010 0.064408 0.111204 0.000010 0.000010 0.053923 0.088180
0.648353 0.048517 0.116971 0.000010 0.006236 0.028673 0.002945 0.095439 0.052855
0.552679 0.005595 0.092964 0.087881 0.000010 0.000010 0.040937 0.219914 0.000010
0.521277 0.078429 0.000010 0.086452 0.075437 0.055919 0.000010 0.182455 0.000010
0.552275 0.027391 0.000011 0.000010 0.000010 0.000010 0.000010 0.221301 0.198982
0.639633 0.012099 0.000010 0.000010 0.000010 0.000010 0.000010 0.279308 0.068911
0.631072 0.049664 0.000010 0.089242 0.000010 0.000010 0.000010 0.225449 0.004533
0.586639 0.050469 0.034319 0.014963 0.000010 0.007172 0.179433 0.059365 0.067629
0.659352 0.000010 0.000010 0.000010 0.000010 0.000010 0.000010 0.179500 0.161088
0.579608 0.000010 0.000010 0.000010 0.000010 0.000010 0.095818 0.309573 0.014951
0.746139 0.000010 0.000010 0.000010 0.000010 0.000010 0.000010 0.240050 0.013751
0.654581 0.041422 0.000010 0.041871 0.000010 0.094605 0.000010 0.152943 0.014548
0.499311 0.000010 0.000010 0.052187 0.050011 0.000010 0.067193 0.331259 0.000010
0.639168 0.000010 0.040705 0.000010 0.000010 0.021587 0.000010 0.238829 0.059672
0.500602 0.000010 0.141839 0.000010 0.000010 0.042157 0.000010 0.194434 0.120928
0.646783 0.000010 0.018329 0.064924 0.000010 0.009704 0.000010 0.190091 0.070138
0.626733 0.000010 0.080650 0.000010 0.000010 0.048079 0.000010 0.244487 0.000010
0.618753 0.000010 0.084248 0.096957 0.000010 0.000010 0.040228 0.123089 0.036693
0.600465 0.083872 0.000010 0.049352 0.000010 0.000010 0.000010 0.177338 0.088933
0.499422 0.000010 0.000010 0.000010 0.147376 0.000010 0.000010 0.300919 0.052234
0.294158 0.000010 0.000010 0.188962 0.000010 0.000010 0.047960 0.181808 0.287072
0.594776 0.123795 0.000010 0.156088 0.000010 0.003792 0.000010 0.121510 0.000010
0.764667 0.037435 0.039934 0.000010 0.000010 0.044658 0.000010 0.113267 0.000010
0.672877 0.000010 0.000010 0.063722 0.000010 0.000010 0.000010 0.263341 0.000010
0.731690 0.016909 0.000010 0.065711 0.000010 0.000010 0.000010 0.156308 0.029342
0.582648 0.071637 0.000010 0.049096 0.000010 0.000010 0.030153 0.266425 0.000010
0.758143 0.000010 0.000010 0.000010 0.000010 0.000010 0.000010 0.241787 0.000010
0.640131 0.000010 0.000010 0.012759 0.061867 0.000010 0.029492 0.162103 0.093619
0.000010 0.000010 0.000010 0.104556 0.779050 0.000010 0.116335 0.000010 0.000010
0.113733 0.000010 0.026402 0.000010 0.709050 0.000010 0.150765 0.000010 0.000010
0.000010 0.068353 0.000010 0.000010 0.752941 0.000010 0.158781 0.000010 0.019874
0.000663 0.029795 0.168550 0.000010 0.686282 0.000010 0.114670 0.000010 0.000010
0.000010 0.000010 0.000010 0.000010 0.625970 0.000010 0.373960 0.000010 0.000010
0.031015 0.106541 0.159718 0.000968 0.673541 0.001628 0.026569 0.000010 0.000010
0.171746 0.000010 0.000010 0.000010 0.674577 0.000010 0.119766 0.000236 0.033636
0.428548 0.022500 0.000010 0.384586 0.000010 0.000010 0.071429 0.092897 0.000010
0.610081 0.000087 0.000010 0.000010 0.000010 0.000010 0.011784 0.377997 0.000010
0.676652 0.000010 0.000010 0.097665 0.121241 0.000010 0.008137 0.096266 0.000010
0.668126 0.000010 0.000010 0.195986 0.000010 0.000010 0.000010 0.135828 0.000010
0.268346 0.011647 0.000010 0.374091 0.092848 0.075330 0.071073 0.106645 0.000010
0.606224 0.000010 0.002208 0.238822 0.064277 0.007019 0.000010 0.081420 0.000010
0.588592 0.000010 0.000010 0.083370 0.121525 0.000010 0.000010 0.178657 0.027816
0.466429 0.000010 0.000010 0.447333 0.027124 0.000010 0.000010 0.057867 0.001208
0.450913 0.000010 0.000010 0.241536 0.000010 0.016742 0.000010 0.290759 0.000010
0.511125 0.000010 0.199363 0.165667 0.000010 0.056817 0.000010 0.066989 0.000010
0.677234 0.000010 0.000010 0.000010 0.000010 0.000010 0.000010 0.302726 0.019980
0.339009 0.000010 0.062883 0.130895 0.000010 0.000010 0.019043 0.448130 0.000010
0.775931 0.000010 0.006242 0.006252 0.000010 0.000010 0.089521 0.122014 0.000010
0.416596 0.000010 0.004736 0.000711 0.000010 0.044440 0.161991 0.233196 0.138309
0.506706 0.015726 0.044160 0.109478 0.000010 0.079871 0.000010 0.244030 0.000010
0.400536 0.000010 0.000010 0.000010 0.000010 0.049727 0.093618 0.300580 0.155499
0.627590 0.000012 0.066264 0.000011 0.000010 0.038890 0.154139 0.113074 0.000010
0.318791 0.000010 0.000010 0.379046 0.060204 0.025279 0.000010 0.216641 0.000010
0.461308 0.000010 0.000010 0.000979 0.000010 0.008033 0.082570 0.447070 0.000010
0.596878 0.000010 0.021804 0.174178 0.000010 0.000010 0.065988 0.000010 0.141112
0.299004 0.020619 0.000010 0.000010 0.000010 0.130819 0.041352 0.143883 0.364293
0.662957 0.000010 0.056696 0.049599 0.000010 0.042812 0.000010 0.162844 0.025062
0.579633 0.053563 0.000010 0.061848 0.070147 0.000010 0.000010 0.234770 0.000010
0.691611 0.000010 0.000010 0.028963 0.011906 0.000010 0.129956 0.137524 0.000010
0.563811 0.000010 0.000010 0.011405 0.000010 0.041421 0.000526 0.295300 0.087506
0.644163 0.000010 0.000010 0.000010 0.004502 0.000010 0.000010 0.241530 0.109755
0.871937 0.000010 0.000010 0.095995 0.000010 0.000010 0.001962 0.030056 0.000010
0.415689 0.000010 0.202879 0.106095 0.000010 0.000010 0.014719 0.105433 0.155155
0.470677 0.154618 0.000010 0.000010 0.000010 0.025651 0.000010 0.349003 0.000010
0.408071 0.057782 0.000010 0.013647 0.000010 0.151276 0.117815 0.251380 0.000010
0.651105 0.000010 0.000010 0.024973 0.000010 0.000010 0.000010 0.245878 0.077995
0.618785 0.000010 0.018492 0.106529 0.000010 0.000010 0.120149 0.136005 0.000010
0.534866 0.000010 0.000010 0.071738 0.000010 0.020508 0.000010 0.372838 0.000010
0.651339 0.008978 0.000010 0.000010 0.000011 0.000010 0.026288 0.155160 0.158194
0.574543 0.000011 0.015808 0.000010 0.000010 0.000010 0.170296 0.215386 0.023926
0.000010 0.995479 0.000010 0.004450 0.000010 0.000010 0.000010 0.000010 0.000010
0.000010 0.999920 0.000010 0.000010 0.000010 0.000010 0.000010 0.000010 0.000010
0.000010 0.927805 0.072125 0.000010 0.000010 0.000010 0.000010 0.000010 0.000010
0.000010 0.740921 0.193748 0.000010 0.000010 0.000010 0.063067 0.002215 0.000010
0.000010 0.037688 0.464138 0.090832 0.002875 0.000010 0.344708 0.059730 0.000010
0.000010 0.080197 0.626994 0.000010 0.000010 0.000010 0.292749 0.000010 0.000010
0.000010 0.051601 0.471565 0.000010 0.027551 0.052717 0.330810 0.065726 0.000010
0.000010 0.000010 0.652265 0.000013 0.000010 0.021069 0.326603 0.000010 0.000010
0.038452 0.014828 0.472233 0.000010 0.009835 0.000010 0.235746 0.228876 0.000010
0.012959 0.000010 0.600139 0.000010 0.000010 0.026044 0.313499 0.000010 0.047318
0.116181 0.000016 0.296398 0.000017 0.000010 0.000010 0.456854 0.130503 0.000010
0.018798 0.000010 0.714291 0.000010 0.000010 0.000010 0.190026 0.076835 0.000010
0.000010 0.000010 0.417692 0.033974 0.000010 0.000010 0.406453 0.059553 0.082288
0.000010 0.086035 0.322621 0.032242 0.016504 0.000010 0.326817 0.215751 0.000010
0.670779 0.058594 0.000010 0.031148 0.000010 0.101358 0.000010 0.088504 0.049586
0.398878 0.000010 0.042727 0.000010 0.000010 0.126337 0.108008 0.324009 0.000010
0.219305 0.000790 0.071370 0.167762 0.000010 0.115042 0.000010 0.237557 0.188154
0.307530 0.093612 0.000010 0.000010 0.002764 0.230319 0.061644 0.191091 0.113019
0.124080 0.039654 0.000010 0.299056 0.002702 0.212819 0.073973 0.188825 0.058880
0.735912 0.000010 0.000010 0.000011 0.002972 0.000010 0.010607 0.250459 0.000010
0.708633 0.000010 0.037146 0.079587 0.000010 0.025614 0.000010 0.148979 0.000010
0.607574 0.000010 0.061617 0.057361 0.000010 0.144038 0.000010 0.129369 0.000010
0.564275 0.017034 0.058928 0.028696 0.000010 0.000010 0.000010 0.101878 0.229159
0.569115 0.000010 0.000010 0.131637 0.000010 0.047322 0.029072 0.184891 0.037933
0.412288 0.059507 0.000010 0.136985 0.000010 0.018133 0.072387 0.276042 0.024637
0.550502 0.000010 0.000010 0.095271 0.037563 0.000010 0.275878 0.040746 0.000010
0.310362 0.000010 0.055045 0.027423 0.000010 0.148699 0.068229 0.340846 0.049377
0.537255 0.000010 0.000010 0.088065 0.000010 0.020910 0.222415 0.093555 0.037771
0.659502 0.000010 0.010692 0.004221 0.000010 0.105960 0.115240 0.000010 0.104355
0.394187 0.009507 0.000010 0.103563 0.177032 0.009208 0.037069 0.053068 0.216356
0.679087 0.000010 0.000010 0.000010 0.025835 0.000010 0.000010 0.191209 0.103819
0.492900 0.000012 0.043723 0.041404 0.062964 0.000010 0.000010 0.097556 0.261420
0.283374 0.000010 0.000010 0.026949 0.153158 0.000010 0.109660 0.232714 0.194115
0.197482 0.068349 0.058335 0.122692 0.000010 0.107898 0.000010 0.251154 0.194071
0.625472 0.000010 0.000010 0.000010 0.017928 0.002239 0.000010 0.263414 0.090907
0.000010 0.000010 0.766998 0.000010 0.000010 0.000010 0.232932 0.000010 0.000010
0.072749 0.000010 0.712582 0.021638 0.100137 0.024811 0.037788 0.000010 0.030274
0.018246 0.000010 0.728408 0.000010 0.000010 0.000010 0.118800 0.061979 0.072527
0.000010 0.021259 0.622391 0.000010 0.134229 0.078248 0.136330 0.000010 0.007514
0.027340 0.000010 0.670986 0.000010 0.269089 0.000010 0.032535 0.000010 0.000010
0.000010 0.000010 0.695674 0.025735 0.000010 0.000010 0.278531 0.000010 0.000010
0.000010 0.000010 0.672559 0.008478 0.123134 0.000010 0.195778 0.000010 0.000010
0.020340 0.000010 0.759798 0.023416 0.000010 0.000010 0.159258 0.037148 0.000010
0.000015 0.004520 0.619112 0.000010 0.024464 0.032044 0.198130 0.080456 0.041250
0.000010 0.000010 0.761354 0.000010 0.000010 0.000010 0.236406 0.000010 0.002180
0.000010 0.000010 0.722664 0.000010 0.000010 0.054779 0.222497 0.000010 0.000010
0.000010 0.077466 0.572790 0.000010 0.032820 0.000010 0.316873 0.000010 0.000010
0.000010 0.000010 0.756854 0.000010 0.000010 0.000010 0.243076 0.000010 0.000010
0.000010 0.091356 0.727844 0.000010 0.000010 0.000010 0.180741 0.000010 0.000010
0.036249 0.000010 0.687861 0.000010 0.055944 0.000010 0.168693 0.051211 0.000010
0.000010 0.000010 0.748311 0.000010 0.000010 0.019142 0.232487 0.000010 0.000010
0.000010 0.093373 0.610853 0.048814 0.008420 0.000010 0.226793 0.011717 0.000010
0.000010 0.039880 0.730816 0.000010 0.000010 0.000010 0.229244 0.000010 0.000010
0.000010 0.000010 0.625966 0.070557 0.122993 0.000010 0.180433 0.000010 0.000010
0.000010 0.000010 0.746676 0.000010 0.000010 0.032643 0.220620 0.000010 0.000010
0.000010 0.196003 0.517850 0.000010 0.043342 0.000010 0.203913 0.036573 0.002289
0.000010 0.000010 0.596378 0.000010 0.000010 0.000010 0.403552 0.000010 0.000010
0.000010 0.000010 0.698654 0.081157 0.009327 0.047322 0.163500 0.000010 0.000010
0.000010 0.000010 0.654742 0.000010 0.000010 0.000010 0.296895 0.040760 0.007553
0.000010 0.061654 0.783120 0.000010 0.000010 0.012583 0.142594 0.000010 0.000010
0.000010 0.000010 0.735366 0.000010 0.073939 0.022279 0.160328 0.000010 0.008049
0.000010 0.005911 0.543053 0.023088 0.000010 0.000010 0.374977 0.052931 0.000010
0.026400 0.171476 0.572910 0.000010 0.000011 0.000010 0.229163 0.000010 0.000010
0.086748 0.000010 0.605656 0.000010 0.000010 0.000010 0.307536 0.000010 0.000010
0.000010 0.013239 0.581365 0.000010 0.000010 0.000010 0.385700 0.019646 0.000010
0.000013 0.000010 0.502266 0.000014 0.000010 0.000010 0.458198 0.039469 0.000010
0.000010 0.226555 0.589263 0.000010 0.000010 0.000010 0.184122 0.000010 0.000010
0.000010 0.000010 0.671512 0.000010 0.000010 0.000010 0.328418 0.000010 0.000010
0.000010 0.000010 0.754239 0.000010 0.024333 0.000010 0.143239 0.000010 0.078139
0.028974 0.000012 0.704574 0.054908 0.000010 0.000010 0.211492 0.000010 0.000010
0.000010 0.000010 0.790035 0.036796 0.034371 0.004518 0.134240 0.000010 0.000010
0.016539 0.000010 0.560050 0.057080 0.000010 0.000010 0.366281 0.000010 0.000010
0.035239 0.059014 0.595594 0.000010 0.000010 0.000010 0.310102 0.000010 0.000010
0.000010 0.000010 0.533700 0.000010 0.000010 0.000010 0.441684 0.000010 0.024556
0.000010 0.000010 0.000010 0.000010 0.908924 0.007106 0.076329 0.000010 0.007590
0.000010 0.000010 0.000010 0.000010 0.901289 0.000010 0.098641 0.000010 0.000010
0.000010 0.000010 0.773100 0.000010 0.000010 0.000010 0.226830 0.000010 0.000010
0.042728 0.000010 0.735360 0.000010 0.000010 0.009824 0.197747 0.000010 0.014301
0.305257 0.085707 0.053683 0.226771 0.000012 0.048126 0.000012 0.280421 0.000010
0.295898 0.000010 0.123275 0.354080 0.012204 0.000010 0.066629 0.145898 0.001997
0.362234 0.018280 0.075241 0.338813 0.000010 0.000010 0.000010 0.205392 0.000010
0.205531 0.022720 0.026705 0.250785 0.000010 0.000010 0.063940 0.430289 0.000010
0.155998 0.000010 0.040529 0.378986 0.022414 0.011135 0.000010 0.371320 0.019599
0.269247 0.000010 0.075684 0.344618 0.094649 0.000010 0.068334 0.147438 0.000010
0.194264 0.028108 0.000010 0.291096 0.000010 0.030129 0.024577 0.431796 0.000010
0.516193 0.020917 0.029572 0.187926 0.000010 0.000010 0.000010 0.245353 0.000010
0.582967 0.000010 0.011185 0.148017 0.000010 0.000010 0.059340 0.198450 0.000010
0.518929 0.000010 0.000010 0.200170 0.072721 0.000010 0.000010 0.208130 0.000010
0.311501 0.000010 0.000010 0.302872 0.000010 0.000010 0.047204 0.316566 0.021816
0.346069 0.000011 0.045366 0.284212 0.153080 0.000010 0.102163 0.069078 0.000010
0.156858 0.109015 0.000011 0.395462 0.000010 0.000010 0.084679 0.253946 0.000010
0.000010 0.000010 0.638613 0.000010 0.030589 0.000010 0.330739 0.000010 0.000010
0.000010 0.000010 0.545792 0.010265 0.053839 0.000010 0.355291 0.000010 0.034773
0.000010 0.000010 0.812920 0.000010 0.000010 0.000010 0.187010 0.000010 0.000010
0.000010 0.000010 0.556502 0.000010 0.000010 0.000010 0.443428 0.000010 0.000010
0.000010 0.084583 0.729099 0.000010 0.000010 0.062819 0.123450 0.000010 0.000010
0.000010 0.000011 0.671077 0.000010 0.000010 0.000010 0.328852 0.000010 0.000010
0.000010 0.000010 0.778498 0.000010 0.022721 0.013455 0.185275 0.000010 0.000010
0.000010 0.000335 0.610778 0.057820 0.039563 0.000010 0.270506 0.000010 0.020968
0.000010 0.007202 0.645326 0.000010 0.000010 0.000010 0.347412 0.000010 0.000010
0.000010 0.000010 0.556426 0.000010 0.000010 0.000010 0.443504 0.000010 0.000010
0.000010 0.000010 0.549588 0.208431 0.000010 0.000010 0.241921 0.000010 0.000010
0.000010 0.000010 0.634436 0.000010 0.000010 0.000010 0.317177 0.046205 0.002133
