0.325163 0.000010 0.000010 0.028976 0.000010 0.000010 0.072297 0.573514 0.000010
0.314106 0.000010 0.000010 0.226680 0.075122 0.000010 0.000010 0.384043 0.000010
0.211568 0.000010 0.000010 0.058268 0.046083 0.033319 0.114381 0.536350 0.000010
0.459638 0.000010 0.051574 0.071054 0.000010 0.000010 0.000010 0.417684 0.000010
0.309379 0.032444 0.000010 0.106445 0.048375 0.091847 0.000010 0.350648 0.060842
0.212686 0.000010 0.000010 0.000010 0.021516 0.000010 0.000010 0.377621 0.388127
0.606338 0.000010 0.000010 0.000010 0.000010 0.051027 0.001105 0.341480 0.000010
0.180941 0.000010 0.057381 0.146963 0.139101 0.000010 0.000010 0.475574 0.000010
0.176322 0.000010 0.024552 0.000010 0.000010 0.099721 0.100341 0.599025 0.000010
0.296228 0.075056 0.122705 0.000010 0.000010 0.048682 0.114594 0.342705 0.000010
0.289408 0.000010 0.000010 0.000010 0.011580 0.057111 0.093326 0.548534 0.000010
0.188380 0.000010 0.080533 0.165300 0.000010 0.078736 0.037114 0.449908 0.000010
0.341459 0.000010 0.101731 0.130034 0.000010 0.000010 0.000010 0.426726 0.000010
0.214969 0.016730 0.125706 0.000010 0.182810 0.000010 0.018209 0.441546 0.000010
0.241686 0.069356 0.000010 0.000010 0.060731 0.000010 0.095273 0.532915 0.000010
0.463402 0.000010 0.131095 0.000010 0.000010 0.005089 0.024832 0.375542 0.000010
0.124380 0.016194 0.014193 0.333274 0.000010 0.059784 0.000010 0.452145 0.000010
0.114779 0.000010 0.000010 0.000010 0.064968 0.050012 0.106526 0.663676 0.000010
0.349932 0.000010 0.127972 0.000010 0.004732 0.034451 0.120623 0.362259 0.000010
0.400721 0.000010 0.000010 0.000010 0.092632 0.046207 0.000010 0.460390 0.000010
0.162701 0.115104 0.000010 0.086797 0.103559 0.000010 0.150979 0.380829 0.000010
0.168467 0.000010 0.060216 0.175638 0.000010 0.000010 0.021222 0.472811 0.101617
0.322264 0.000010 0.019973 0.117480 0.052168 0.000010 0.108042 0.318868 0.061185
0.259511 0.000010 0.000010 0.024593 0.066276 0.063498 0.131571 0.454521 0.000010
0.190017 0.000010 0.394834 0.015177 0.000010 0.083697 0.000010 0.316235 0.000010
0.425355 0.000010 0.076925 0.126975 0.055197 0.041958 0.000010 0.273559 0.000010
0.175242 0.000010 0.045101 0.106320 0.056541 0.000010 0.243926 0.372841 0.000010
0.268762 0.035332 0.072601 0.151064 0.000010 0.026814 0.051806 0.155261 0.238352
0.264472 0.000010 0.087669 0.179800 0.000010 0.000010 0.000010 0.468009 0.000010
0.043483 0.000010 0.022593 0.027398 0.000010 0.000010 0.136675 0.591562 0.178258
0.318806 0.056663 0.050509 0.006987 0.036229 0.000010 0.055254 0.475532 0.000010
0.293538 0.075263 0.066508 0.038131 0.000010 0.036473 0.000010 0.456547 0.033520
0.198199 0.107330 0.000010 0.000010 0.000010 0.000010 0.174316 0.520104 0.000010
0.266929 0.006725 0.118646 0.000010 0.108096 0.000010 0.104505 0.393138 0.001943
0.098413 0.000010 0.041055 0.000010 0.018831 0.041068 0.314333 0.464829 0.021450
0.574983 0.047324 0.000010 0.000010 0.000010 0.000010 0.000010 0.377633 0.000010
0.335689 0.000010 0.164136 0.061087 0.000010 0.000010 0.000010 0.439038 0.000010
0.283348 0.000010 0.099479 0.006091 0.005770 0.099167 0.108219 0.397906 0.000010
0.251214 0.000010 0.106660 0.000010 0.000010 0.017596 0.086020 0.538470 0.000010
0.262686 0.000010 0.000010 0.080948 0.000280 0.084675 0.000010 0.571370 0.000010
0.262861 0.084110 0.021452 0.000010 0.019743 0.000010 0.169924 0.408976 0.032913
0.178014 0.000010 0.016569 0.000010 0.000010 0.000010 0.147966 0.657401 0.000010
0.228176 0.100814 0.159650 0.111202 0.000010 0.000010 0.000010 0.400118 0.000010
0.486341 0.000010 0.000010 0.000010 0.000010 0.057848 0.020915 0.434846 0.000010
0.221422 0.000010 0.034088 0.013362 0.000010 0.000010 0.086682 0.552315 0.092101
0.269783 0.035586 0.000010 0.130843 0.000010 0.000010 0.096250 0.467498 0.000010
0.151566 0.058115 0.000010 0.007167 0.090177 0.000010 0.174429 0.518516 0.000010
0.319804 0.000010 0.000010 0.000010 0.000010 0.000010 0.219619 0.453885 0.006642
0.128559 0.083046 0.388466 0.000010 0.023730 0.000010 0.159158 0.217011 0.000010
0.214239 0.038686 0.300104 0.000010 0.000010 0.000010 0.210586 0.236346 0.000010
0.323888 0.127946 0.234637 0.000439 0.029482 0.000010 0.045049 0.238538 0.000010
0.000010 0.185460 0.253089 0.226336 0.030767 0.000010 0.081710 0.222608 0.000010
0.122864 0.061181 0.167738 0.077250 0.031754 0.055661 0.096230 0.351909 0.035413
0.084268 0.099943 0.413860 0.171708 0.000010 0.010756 0.128541 0.090905 0.000010
0.000010 0.096372 0.474060 0.000010 0.000010 0.068958 0.115202 0.245369 0.000010
0.203973 0.021401 0.242101 0.175609 0.035377 0.000010 0.101829 0.205421 0.014279
0.414071 0.119827 0.093271 0.000010 0.000010 0.049494 0.146423 0.176884 0.000010
0.401789 0.000010 0.326530 0.077274 0.000010 0.000010 0.000010 0.194357 0.000010
0.061395 0.007024 0.396954 0.246929 0.000010 0.000010 0.103477 0.110021 0.074180
0.079857 0.000010 0.411283 0.019266 0.148575 0.021994 0.088391 0.230614 0.000010
0.172109 0.029147 0.197433 0.000010 0.000010 0.000010 0.322803 0.278468 0.000010
0.338728 0.000010 0.331663 0.117751 0.000010 0.024481 0.131055 0.056292 0.000010
0.000010 0.027813 0.447403 0.032283 0.003835 0.000952 0.188877 0.298817 0.000010
0.138282 0.070563 0.432091 0.000010 0.020096 0.067753 0.109994 0.161201 0.000010
0.000010 0.000010 0.321828 0.170964 0.041805 0.016889 0.227478 0.221006 0.000010
0.278570 0.000010 0.244502 0.123128 0.000010 0.000010 0.100329 0.253431 0.000010
0.023154 0.158786 0.321399 0.088878 0.000010 0.014041 0.271492 0.122229 0.000010
0.106853 0.000010 0.478781 0.018807 0.000010 0.000010 0.191265 0.145441 0.058824
0.126350 0.000010 0.250390 0.070274 0.082154 0.000010 0.178218 0.210769 0.081824
0.252106 0.000010 0.346826 0.165875 0.005698 0.000010 0.000010 0.229454 0.000010
0.161506 0.000010 0.142894 0.000010 0.000010 0.015754 0.000010 0.010255 0.669551
0.226991 0.000010 0.000010 0.000010 0.000010 0.000010 0.125295 0.647654 0.000010
0.213229 0.000010 0.237448 0.087368 0.064939 0.045007 0.000010 0.351979 0.000010
0.282961 0.000010 0.058613 0.014587 0.125019 0.000010 0.124343 0.394447 0.000010
0.249192 0.000010 0.105593 0.162966 0.000010 0.000010 0.000010 0.467344 0.014865
0.190836 0.000010 0.130467 0.000010 0.000010 0.005258 0.190593 0.362156 0.120660
0.132652 0.000010 0.055971 0.000010 0.041375 0.000010 0.163294 0.550428 0.056249
0.119005 0.000010 0.064541 0.022616 0.172506 0.020153 0.000010 0.449192 0.151966
0.434059 0.000010 0.023965 0.000010 0.000010 0.000010 0.041307 0.500619 0.000010
0.223070 0.000010 0.028465 0.000010 0.108889 0.000010 0.016133 0.623403 0.000010
0.148985 0.032314 0.017374 0.104684 0.000010 0.041430 0.149256 0.495478 0.010469
0.299357 0.015484 0.000010 0.000010 0.000010 0.000010 0.067696 0.530344 0.087080
0.317051 0.023386 0.000763 0.117024 0.000010 0.000010 0.029415 0.454205 0.058136
0.338768 0.039293 0.009747 0.146490 0.009389 0.000010 0.000010 0.395493 0.060800
0.311243 0.000010 0.189645 0.000010 0.000010 0.045109 0.053353 0.400610 0.000010
0.142588 0.088199 0.000010 0.000010 0.000010 0.000010 0.201430 0.560536 0.007207
0.186218 0.000010 0.078437 0.210606 0.016181 0.000010 0.052214 0.456314 0.000010
0.319901 0.047516 0.000010 0.164642 0.000010 0.000010 0.124339 0.343562 0.000010
0.627609 0.000010 0.000010 0.000010 0.000010 0.014492 0.000010 0.357839 0.000010
0.374766 0.046524 0.000010 0.037485 0.000010 0.015779 0.022729 0.492850 0.009847
0.220845 0.000010 0.004869 0.033636 0.000010 0.011032 0.090541 0.639047 0.000010
0.158487 0.000010 0.000010 0.274646 0.000010 0.036877 0.000010 0.529940 0.000010
0.039233 0.075065 0.039650 0.154307 0.187133 0.000010 0.065692 0.438901 0.000010
0.198092 0.000010 0.039029 0.174656 0.000010 0.093061 0.000010 0.495122 0.000010
0.140290 0.007127 0.064159 0.183315 0.000010 0.000010 0.000010 0.286507 0.318572
0.185005 0.000010 0.000010 0.000010 0.087106 0.000010 0.028303 0.312290 0.387256
0.300341 0.000010 0.000010 0.105952 0.000010 0.059062 0.158422 0.376184 0.000010
0.425959 0.000010 0.052509 0.000010 0.000010 0.021460 0.137128 0.362904 0.000010
0.227700 0.124722 0.000010 0.000010 0.061461 0.000010 0.000010 0.586068 0.000010
0.116533 0.000010 0.103496 0.145113 0.090165 0.000010 0.000010 0.544653 0.000010
0.117017 0.000010 0.000010 0.000010 0.000010 0.018087 0.125004 0.334279 0.405572
0.045158 0.004044 0.000010 0.035301 0.000010 0.143945 0.000010 0.171185 0.600338
0.280339 0.000010 0.110821 0.000010 0.000949 0.000010 0.090797 0.517054 0.000010
0.325019 0.000010 0.000010 0.000010 0.000010 0.000010 0.183934 0.490988 0.000010
0.370313 0.000010 0.000010 0.077100 0.001525 0.000010 0.166797 0.384225 0.000010
0.247667 0.055186 0.000010 0.014132 0.154114 0.016307 0.082075 0.379417 0.051094
0.075875 0.000010 0.049638 0.091558 0.030932 0.130295 0.078648 0.543034 0.000010
0.283317 0.152379 0.000010 0.000010 0.070066 0.000010 0.059688 0.434511 0.000010
0.215749 0.113050 0.000010 0.064303 0.003596 0.000010 0.170321 0.432950 0.000010
0.000010 0.000010 0.060876 0.156947 0.088988 0.000010 0.188721 0.474068 0.030369
0.000010 0.089419 0.000010 0.123954 0.086784 0.078455 0.026725 0.583920 0.010722
0.347743 0.059053 0.000010 0.000010 0.000010 0.026241 0.104043 0.462881 0.000010
0.245346 0.000010 0.000010 0.028355 0.003451 0.053907 0.294224 0.374687 0.000010
0.209692 0.000010 0.081324 0.190805 0.045400 0.000010 0.041679 0.404129 0.026950
0.000010 0.115986 0.190563 0.000010 0.127644 0.000010 0.067941 0.497826 0.000010
0.149713 0.031472 0.019646 0.000010 0.000010 0.000010 0.189239 0.545149 0.064752
0.132507 0.019740 0.000010 0.000010 0.000010 0.000010 0.210351 0.637352 0.000010
0.347349 0.000010 0.073303 0.000010 0.144848 0.013866 0.079855 0.340750 0.000010
0.202537 0.000010 0.043691 0.039827 0.000010 0.055340 0.190767 0.467808 0.000010
0.168281 0.044129 0.053559 0.000010 0.024398 0.000010 0.155727 0.510127 0.043760
0.326020 0.011548 0.036667 0.159192 0.058898 0.000010 0.000010 0.403116 0.004539
0.328244 0.092217 0.067893 0.019886 0.000010 0.000010 0.000010 0.491720 0.000010
0.380606 0.096723 0.000010 0.000010 0.005656 0.000010 0.086368 0.430607 0.000010
0.176354 0.000010 0.121421 0.000010 0.000010 0.017003 0.170236 0.514947 0.000010
0.368946 0.000010 0.123543 0.000010 0.035618 0.016591 0.006709 0.448563 0.000010
0.127125 0.237993 0.012118 0.142152 0.021993 0.031774 0.000010 0.426825 0.000010
0.277804 0.000010 0.199432 0.000010 0.000010 0.000010 0.000010 0.522704 0.000010
0.325364 0.040503 0.005399 0.007834 0.000010 0.000010 0.000010 0.620860 0.000010
0.466139 0.000010 0.031903 0.011922 0.023716 0.000010 0.021225 0.392564 0.052511
0.351910 0.000010 0.000010 0.000010 0.142022 0.000010 0.175649 0.330369 0.000010
0.263390 0.013689 0.199298 0.000010 0.000010 0.000010 0.035315 0.460909 0.027369
0.055336 0.000010 0.000010 0.000010 0.000010 0.000010 0.247829 0.696776 0.000010
0.185188 0.019388 0.000010 0.111529 0.000010 0.000010 0.248555 0.435300 0.000010
0.398050 0.000010 0.085087 0.000010 0.000010 0.000010 0.000010 0.516803 0.000010
0.182549 0.000010 0.000010 0.000010 0.000010 0.097252 0.123355 0.596793 0.000010
0.225212 0.060225 0.056816 0.120893 0.007434 0.021403 0.063391 0.444617 0.000010
0.212074 0.000010 0.200906 0.138572 0.060851 0.000010 0.138375 0.249193 0.000010
0.561695 0.000010 0.108264 0.192685 0.000010 0.000010 0.000010 0.137306 0.000010
0.184795 0.041494 0.000010 0.129294 0.000010 0.058088 0.139581 0.446718 0.000010
0.000010 0.000010 0.000010 0.519586 0.000010 0.000010 0.050454 0.429901 0.000010
0.368481 0.000010 0.000010 0.017395 0.000010 0.070966 0.085800 0.418429 0.038899
0.200043 0.059622 0.000010 0.045993 0.000010 0.000010 0.165598 0.528704 0.000010
0.102917 0.000010 0.011894 0.243880 0.201191 0.000010 0.090639 0.349449 0.000010
0.178391 0.106583 0.000010 0.126867 0.000010 0.000010 0.136046 0.425909 0.026174
0.192782 0.000010 0.000010 0.140499 0.053805 0.000010 0.153515 0.459358 0.000010
0.202265 0.048778 0.048862 0.120434 0.007965 0.005506 0.053328 0.512852 0.000010
0.194586 0.036458 0.000010 0.076476 0.083502 0.053081 0.095149 0.381715 0.079023
0.225078 0.000010 0.070949 0.207455 0.007172 0.031020 0.000010 0.377978 0.080327
0.269481 0.000010 0.010388 0.144842 0.009910 0.056327 0.100147 0.408887 0.000010
0.240382 0.000010 0.058332 0.069357 0.000010 0.033352 0.000010 0.536513 0.062033
0.383948 0.024454 0.000010 0.034143 0.028598 0.059943 0.039207 0.429688 0.000010
0.257198 0.000010 0.008513 0.148299 0.094522 0.000010 0.067810 0.392512 0.031125
0.196297 0.000010 0.063120 0.104950 0.064737 0.000010 0.069145 0.501721 0.000010
0.216328 0.000010 0.000010 0.045071 0.104505 0.000010 0.068299 0.490490 0.075277
0.096076 0.000010 0.000010 0.254543 0.065178 0.000010 0.112154 0.418556 0.053463
0.093017 0.000010 0.049594 0.219096 0.058376 0.027140 0.000010 0.528883 0.023874
0.241253 0.000010 0.084567 0.000010 0.151011 0.000010 0.103304 0.419825 0.000010
0.224769 0.000010 0.000010 0.000010 0.071738 0.000010 0.081559 0.540873 0.081020
0.379731 0.016860 0.051091 0.036229 0.048310 0.071983 0.000010 0.395777 0.000010
0.071266 0.012492 0.077906 0.014230 0.000010 0.000010 0.205683 0.524591 0.093812
0.199542 0.000010 0.125594 0.380693 0.018727 0.058293 0.000010 0.188121 0.029010
0.167609 0.005680 0.000403 0.195370 0.041842 0.000010 0.000010 0.412579 0.176496
0.059141 0.030914 0.073896 0.047058 0.040626 0.000010 0.237638 0.510706 0.000010
0.026967 0.000010 0.278092 0.098171 0.000010 0.016690 0.102140 0.477911 0.000010
0.044962 0.214834 0.000010 0.042508 0.000010 0.104352 0.277186 0.316128 0.000010
0.106564 0.205733 0.029220 0.000010 0.000010 0.000010 0.104969 0.553474 0.000010
0.298539 0.011258 0.147992 0.085440 0.138067 0.022218 0.000642 0.295835 0.000010
0.031221 0.075797 0.146562 0.159406 0.049559 0.000010 0.113801 0.423635 0.000010
0.190352 0.138580 0.062947 0.015038 0.038338 0.000010 0.103825 0.450901 0.000010
0.455440 0.000010 0.126906 0.000010 0.031623 0.000010 0.058014 0.327976 0.000010
0.040817 0.034291 0.036557 0.318093 0.190172 0.038372 0.071270 0.270418 0.000010
0.000010 0.000010 0.046666 0.246186 0.138560 0.023584 0.188735 0.346374 0.009875
0.142297 0.046858 0.000010 0.000010 0.030716 0.000010 0.341546 0.376803 0.061750
0.263384 0.027868 0.000010 0.028133 0.136387 0.000010 0.036172 0.508025 0.000010
0.085117 0.097229 0.086369 0.000010 0.000010 0.020993 0.212989 0.497272 0.000010
0.119716 0.159173 0.024267 0.046058 0.000010 0.000010 0.073324 0.577432 0.000010
0.038502 0.157861 0.000010 0.000010 0.000010 0.000010 0.207350 0.596237 0.000010
0.370945 0.025830 0.212010 0.023425 0.135029 0.050970 0.000010 0.158853 0.022927
0.377302 0.000010 0.163834 0.036208 0.136242 0.000010 0.014178 0.272206 0.000010
0.149311 0.195636 0.047842 0.000010 0.000010 0.040296 0.037536 0.529350 0.000010
0.132439 0.055098 0.009366 0.056452 0.024274 0.078582 0.000010 0.643769 0.000010
0.206573 0.051651 0.000010 0.061654 0.156680 0.000010 0.132551 0.390861 0.000010
0.147659 0.028657 0.000010 0.139033 0.210326 0.000010 0.082829 0.391467 0.000010
0.187276 0.033988 0.189699 0.128850 0.252430 0.000010 0.003148 0.204589 0.000010
0.132343 0.022613 0.000010 0.266450 0.101348 0.000010 0.029834 0.447382 0.000010
0.120110 0.000010 0.000010 0.000010 0.081354 0.000010 0.213513 0.584973 0.000010
0.129686 0.079184 0.000010 0.099198 0.155797 0.000010 0.124534 0.411572 0.000010
0.000010 0.000010 0.000010 0.000010 0.000010 0.302910 0.000010 0.028834 0.668196
0.000010 0.000010 0.000010 0.000010 0.015869 0.301126 0.000010 0.026040 0.656915
0.000010 0.000010 0.041939 0.000010 0.000010 0.173466 0.000010 0.000010 0.784534
0.000010 0.000010 0.000010 0.000010 0.000010 0.392964 0.000010 0.000010 0.606966
0.000010 0.000010 0.000010 0.000010 0.000010 0.359009 0.000010 0.000010 0.640921
0.000010 0.000010 0.000010 0.000010 0.000010 0.394629 0.028896 0.002108 0.574317
0.000010 0.000010 0.000010 0.000010 0.023080 0.297438 0.000010 0.000010 0.679422
0.000010 0.000010 0.000010 0.000010 0.030778 0.341667 0.000010 0.000010 0.627495
0.000010 0.000010 0.000010 0.013099 0.000010 0.350777 0.000010 0.000010 0.636064
0.000010 0.000010 0.000010 0.000010 0.000010 0.292288 0.000010 0.000010 0.707642
0.000010 0.000010 0.000010 0.000010 0.000010 0.463543 0.000010 0.000010 0.536387
0.000010 0.000010 0.000010 0.000010 0.000010 0.410220 0.000633 0.000010 0.589087
0.000010 0.000010 0.000010 0.000010 0.000010 0.312448 0.000010 0.000010 0.687482
0.000010 0.000010 0.000010 0.000010 0.026906 0.298589 0.000010 0.000010 0.674445
0.000010 0.000010 0.000010 0.000010 0.000010 0.294417 0.018604 0.000010 0.686919
0.000010 0.000010 0.000010 0.000010 0.000010 0.352455 0.000010 0.000010 0.647475
0.000010 0.000010 0.000010 0.000010 0.000010 0.287257 0.056972 0.000010 0.655711
0.000010 0.000010 0.000010 0.000010 0.000010 0.353398 0.000010 0.044944 0.601598
0.000010 0.000010 0.000010 0.000010 0.000010 0.355437 0.000010 0.000010 0.644493
0.000010 0.000010 0.000010 0.000010 0.001835 0.409487 0.000010 0.011065 0.577562
0.035992 0.000010 0.000010 0.000010 0.002814 0.261228 0.010836 0.000010 0.689090
0.001332 0.000010 0.017713 0.000010 0.000010 0.268615 0.043665 0.000010 0.668634
0.000010 0.000010 0.000010 0.000010 0.000010 0.265977 0.000010 0.000010 0.733953
0.000010 0.035502 0.000010 0.000010 0.000010 0.408172 0.003323 0.000010 0.552953
0.009503 0.000010 0.000010 0.000010 0.000010 0.168620 0.000010 0.000010 0.821817
0.000010 0.000010 0.000010 0.000010 0.000010 0.516856 0.000010 0.026731 0.456352
0.000010 0.016575 0.000010 0.000010 0.000010 0.559807 0.000010 0.000010 0.423558
0.000010 0.000010 0.000010 0.000010 0.000010 0.207667 0.000010 0.000010 0.792263
0.000010 0.000010 0.000010 0.000010 0.858370 0.000010 0.141560 0.000010 0.000010
0.165818 0.000010 0.156961 0.418785 0.092268 0.014786 0.000010 0.134018 0.017343
0.511893 0.000010 0.000010 0.200773 0.000010 0.000010 0.088627 0.198656 0.000010
0.625864 0.000010 0.000010 0.159761 0.000010 0.000010 0.059440 0.154885 0.000010
0.358503 0.000010 0.000010 0.569264 0.000010 0.000010 0.000010 0.018399 0.053784
0.377214 0.000010 0.059136 0.318053 0.001464 0.045269 0.016866 0.181979 0.000010
0.352416 0.000010 0.025383 0.505803 0.000010 0.000010 0.000010 0.113886 0.002472
0.647714 0.000010 0.045504 0.037370 0.000010 0.013286 0.000010 0.214611 0.041486
0.408100 0.000010 0.258535 0.158266 0.000010 0.029088 0.000010 0.145970 0.000010
0.423483 0.000010 0.000010 0.343326 0.000010 0.000010 0.000010 0.208489 0.024652
0.465467 0.000010 0.000010 0.080012 0.000010 0.000010 0.000010 0.454461 0.000010
0.355711 0.000010 0.150357 0.214153 0.000010 0.000010 0.000010 0.279729 0.000010
0.584478 0.137239 0.000010 0.232074 0.045742 0.000010 0.000010 0.000427 0.000010
0.544503 0.000010 0.000010 0.140611 0.000010 0.000010 0.068214 0.246621 0.000010
0.553115 0.000010 0.000010 0.100302 0.085264 0.000010 0.000010 0.261270 0.000010
0.382150 0.000010 0.000010 0.262741 0.174544 0.000010 0.000010 0.157217 0.023308
0.504142 0.009503 0.000010 0.172123 0.103290 0.000010 0.051487 0.131696 0.027739
0.197510 0.000010 0.000010 0.370814 0.020160 0.000010 0.155926 0.247503 0.008057
0.502114 0.104865 0.000010 0.238833 0.011276 0.000010 0.136072 0.006810 0.000010
0.318354 0.035112 0.000010 0.223326 0.000010 0.000010 0.212149 0.211019 0.000010
0.600742 0.008020 0.000010 0.097791 0.000010 0.000010 0.000010 0.230406 0.063000
0.485323 0.000010 0.000010 0.413962 0.000010 0.000010 0.000010 0.100655 0.000010
0.325848 0.108268 0.000010 0.286114 0.000010 0.000010 0.001377 0.278353 0.000010
0.548486 0.038716 0.000010 0.268701 0.029075 0.000010 0.033952 0.081041 0.000010
0.151340 0.000010 0.206549 0.372544 0.000010 0.000010 0.000010 0.269517 0.000010
0.438170 0.000010 0.000010 0.248918 0.000010 0.014333 0.093902 0.204638 0.000010
0.481630 0.000010 0.028104 0.240662 0.011867 0.002381 0.151271 0.073814 0.010262
0.247174 0.000010 0.001624 0.606379 0.028363 0.000010 0.013697 0.089947 0.012795
0.599471 0.049260 0.000010 0.128712 0.000010 0.000010 0.000010 0.222507 0.000010
0.000010 0.000010 0.000010 0.000010 0.976320 0.012036 0.011584 0.000010 0.000010
0.000010 0.022554 0.000010 0.000010 0.903948 0.000010 0.037511 0.035938 0.000010
0.000010 0.000010 0.020130 0.027604 0.842086 0.000010 0.110130 0.000010 0.000010
0.000010 0.000010 0.000010 0.010957 0.961763 0.000010 0.027220 0.000010 0.000010
0.000010 0.000010 0.111330 0.000010 0.874127 0.000010 0.014483 0.000010 0.000010
0.036550 0.022369 0.000010 0.000010 0.941021 0.000010 0.000010 0.000010 0.000010
0.051961 0.011118 0.000010 0.000010 0.930765 0.000010 0.006106 0.000010 0.000010
0.000010 0.000010 0.000010 0.000010 0.905943 0.023447 0.008064 0.062495 0.000010
0.000010 0.000010 0.000010 0.000010 0.977478 0.000010 0.000010 0.000010 0.022452
0.022790 0.039599 0.000010 0.000010 0.917174 0.000010 0.000010 0.000010 0.020386
0.000010 0.000010 0.000010 0.000010 0.999920 0.000010 0.000010 0.000010 0.000010
0.000010 0.000010 0.000010 0.000010 0.974028 0.000010 0.000010 0.025902 0.000010
0.000010 0.021659 0.027999 0.000010 0.910568 0.000010 0.004019 0.000010 0.035716
0.000010 0.000010 0.000010 0.000010 0.866265 0.064032 0.069643 0.000010 0.000010
0.039139 0.012491 0.000010 0.000012 0.948308 0.000010 0.000010 0.000010 0.000010
0.000010 0.000010 0.000010 0.000010 0.991869 0.000010 0.000010 0.000010 0.008061
0.029419 0.000010 0.000010 0.026165 0.944355 0.000010 0.000010 0.000010 0.000010
0.591577 0.000010 0.000010 0.185370 0.176104 0.000010 0.000010 0.046899 0.000010
0.419033 0.142563 0.000010 0.111483 0.017581 0.026599 0.019808 0.262494 0.000429
0.480296 0.127507 0.014523 0.000010 0.075742 0.000010 0.014746 0.250010 0.037156
0.663445 0.000010 0.004093 0.138274 0.000010 0.000010 0.000010 0.166293 0.027856
0.341439 0.093515 0.000010 0.282805 0.000010 0.053806 0.000010 0.228394 0.000010
0.626071 0.000010 0.049640 0.000010 0.082102 0.000010 0.000010 0.242137 0.000010
0.704145 0.000010 0.023030 0.004422 0.000010 0.000010 0.000010 0.268353 0.000010
0.497101 0.017656 0.021649 0.103672 0.071327 0.000010 0.000010 0.278286 0.010289
0.475303 0.000010 0.000010 0.121327 0.031429 0.000010 0.028025 0.302161 0.041725
0.443242 0.000010 0.000010 0.063228 0.000010 0.000010 0.182433 0.264037 0.047021
0.763277 0.000010 0.000010 0.000010 0.000010 0.000010 0.000010 0.236653 0.000010
0.621461 0.000010 0.000010 0.101220 0.000010 0.000010 0.000010 0.266790 0.010479
0.460967 0.000010 0.010788 0.076566 0.000010 0.024064 0.156550 0.271035 0.000010
0.493619 0.000010 0.000010 0.000010 0.053323 0.000010 0.000010 0.452998 0.000010
0.476573 0.063764 0.000010 0.000010 0.000010 0.000010 0.000010 0.314248 0.145365
0.476658 0.000010 0.018433 0.124427 0.023017 0.000010 0.036563 0.300729 0.020153
0.711454 0.000010 0.000010 0.051080 0.000010 0.013799 0.036900 0.186728 0.000010
0.315571 0.047635 0.000010 0.124839 0.000010 0.000010 0.139227 0.372688 0.000010
0.496148 0.000010 0.135847 0.014064 0.022222 0.000010 0.000010 0.331679 0.000010
0.593009 0.016698 0.065325 0.113259 0.028318 0.000010 0.000010 0.183360 0.000010
0.536864 0.042115 0.145919 0.025525 0.074634 0.081999 0.000010 0.054734 0.038201
0.432353 0.141117 0.000010 0.000010 0.000010 0.000010 0.006166 0.420314 0.000010
0.573226 0.046074 0.109850 0.096429 0.000010 0.000010 0.019370 0.129774 0.025256
0.436600 0.056566 0.000010 0.000010 0.000010 0.016617 0.024016 0.466161 0.000010
0.657631 0.000010 0.029158 0.078885 0.000010 0.000010 0.000010 0.234277 0.000010
0.506758 0.022456 0.000010 0.000010 0.000010 0.000010 0.108586 0.359712 0.002447
0.602484 0.062475 0.000010 0.049023 0.000010 0.000010 0.000010 0.285968 0.000010
0.421024 0.000010 0.093263 0.095553 0.000010 0.000010 0.096874 0.293247 0.000010
0.444346 0.156708 0.000010 0.000010 0.000010 0.000010 0.135282 0.263614 0.000010
0.572880 0.046252 0.000010 0.089325 0.100439 0.000010 0.000010 0.191063 0.000010
0.738979 0.000010 0.000010 0.030198 0.000010 0.000010 0.005364 0.214512 0.010908
0.246914 0.000010 0.000010 0.120926 0.127872 0.000010 0.053547 0.450700 0.000010
0.392769 0.012730 0.078568 0.219451 0.000010 0.000010 0.111262 0.179885 0.005316
0.434661 0.000010 0.000010 0.117488 0.052562 0.000010 0.067334 0.292524 0.035401
0.626255 0.088209 0.001681 0.052621 0.000010 0.007775 0.000010 0.223431 0.000010
0.413500 0.000010 0.000010 0.044543 0.140097 0.000010 0.187841 0.213980 0.000010
0.596764 0.000010 0.083154 0.000010 0.000010 0.000010 0.032262 0.278828 0.008952
0.492787 0.000010 0.000870 0.000010 0.065539 0.000010 0.082132 0.358632 0.000010
0.421502 0.000010 0.019565 0.134739 0.000010 0.069228 0.000010 0.354926 0.000010
0.538630 0.000010 0.098565 0.077929 0.000010 0.000010 0.000010 0.284826 0.000010
0.398097 0.033075 0.000010 0.000010 0.000010 0.034746 0.066805 0.396569 0.070679
0.487149 0.110814 0.000010 0.126542 0.000010 0.000010 0.000010 0.275445 0.000010
0.496907 0.088622 0.062586 0.000010 0.062619 0.000010 0.000010 0.289226 0.000010
0.695886 0.000010 0.000010 0.000010 0.000010 0.000010 0.000010 0.228961 0.075093
0.559137 0.030235 0.000010 0.021569 0.000010 0.000010 0.006838 0.271522 0.110669
0.650730 0.104627 0.027523 0.000010 0.000010 0.012766 0.039452 0.164872 0.000010
0.603642 0.000010 0.143885 0.000010 0.013867 0.000010 0.116527 0.073354 0.048694
0.486788 0.000010 0.000010 0.092280 0.000010 0.000010 0.101636 0.319245 0.000010
0.670313 0.200406 0.000010 0.002278 0.000010 0.000010 0.062046 0.064916 0.000010
0.758954 0.000010 0.000010 0.000010 0.000010 0.070415 0.057301 0.113280 0.000010
0.441593 0.000010 0.122878 0.000010 0.000010 0.000010 0.068440 0.367039 0.000010
0.531116 0.000010 0.000010 0.046521 0.044575 0.068622 0.010522 0.298613 0.000010
0.713977 0.000010 0.000805 0.000010 0.026389 0.000010 0.000010 0.206666 0.052122
0.386672 0.000010 0.000010 0.000010 0.000010 0.068660 0.000010 0.403928 0.140690
0.533810 0.000010 0.000010 0.000010 0.063085 0.000010 0.000010 0.274467 0.128588
0.368365 0.000010 0.000010 0.000010 0.000010 0.057230 0.053483 0.000010 0.520871
0.623153 0.000010 0.000010 0.000010 0.000010 0.065325 0.000010 0.311462 0.000010
0.747594 0.018272 0.000010 0.000010 0.001300 0.000010 0.009106 0.223689 0.000010
0.663137 0.060720 0.093438 0.000010 0.000010 0.016353 0.056496 0.109826 0.000010
0.547245 0.000010 0.052614 0.042225 0.000010 0.052503 0.074124 0.231260 0.000010
0.279810 0.137880 0.031161 0.000010 0.000010 0.059599 0.172930 0.318590 0.000010
0.534112 0.000010 0.000010 0.000010 0.059848 0.000010 0.000010 0.379815 0.026176
0.688513 0.000010 0.024631 0.006896 0.000010 0.060356 0.000010 0.184398 0.035177
0.474286 0.053240 0.062856 0.102386 0.139135 0.000010 0.000010 0.168067 0.000010
0.539832 0.121678 0.000010 0.084150 0.000010 0.000010 0.003640 0.200075 0.050596
0.412481 0.092539 0.049917 0.130952 0.015741 0.000010 0.000010 0.298340 0.000010
0.428764 0.000010 0.000010 0.033593 0.000010 0.000765 0.173749 0.363089 0.000010
0.648674 0.000010 0.000010 0.041408 0.048245 0.000010 0.000010 0.219940 0.041693
0.457485 0.000010 0.049876 0.002653 0.073385 0.000010 0.000010 0.359755 0.056817
0.540278 0.000010 0.000010 0.162616 0.076761 0.040974 0.000010 0.179331 0.000010
0.483512 0.073940 0.002266 0.157639 0.000010 0.009980 0.000010 0.253928 0.018716
0.638318 0.000010 0.000010 0.029145 0.016966 0.000010 0.000010 0.201094 0.114438
0.562661 0.000010 0.000010 0.063608 0.000010 0.091072 0.115051 0.146848 0.020730
0.599807 0.000010 0.000010 0.000010 0.000010 0.000010 0.000010 0.109965 0.290168
0.624276 0.000010 0.080088 0.000010 0.000010 0.000010 0.022400 0.263625 0.009570
0.606793 0.000010 0.019971 0.079848 0.000010 0.000010 0.000010 0.241218 0.052131
0.850907 0.000010 0.000010 0.000010 0.000010 0.000010 0.000010 0.059266 0.089767
0.432373 0.080549 0.000010 0.000010 0.081179 0.000010 0.000010 0.292532 0.113327
0.324454 0.000010 0.000010 0.099998 0.000010 0.000010 0.000010 0.372129 0.203368
0.544945 0.000010 0.000010 0.000010 0.000010 0.000010 0.139416 0.214339 0.101249
0.398471 0.019065 0.097477 0.091573 0.000010 0.000010 0.054020 0.178424 0.160950
0.693489 0.114187 0.000010 0.000010 0.023194 0.033280 0.000010 0.135809 0.000010
0.472628 0.000010 0.000010 0.233636 0.000010 0.000010 0.000010 0.293676 0.000010
0.582287 0.006990 0.036253 0.128766 0.000010 0.000010 0.000010 0.163448 0.082225
0.475848 0.000010 0.000010 0.290217 0.000010 0.023220 0.025996 0.161582 0.023107
0.490994 0.000010 0.028464 0.218020 0.000010 0.004565 0.000010 0.202843 0.055085
0.629846 0.000010 0.000010 0.038654 0.005275 0.000010 0.032233 0.293952 0.000010
0.000010 0.000010 0.000010 0.000010 0.777177 0.000010 0.157019 0.000010 0.065744
0.000010 0.000010 0.000010 0.000010 0.815024 0.000010 0.121215 0.000010 0.063701
0.000010 0.030330 0.000010 0.000010 0.763979 0.039660 0.165980 0.000010 0.000010
0.000010 0.054129 0.000010 0.021058 0.924753 0.000010 0.000010 0.000010 0.000010
0.000010 0.012266 0.082021 0.000010 0.843819 0.000010 0.061845 0.000010 0.000010
0.000010 0.000010 0.000010 0.000010 0.999920 0.000010 0.000010 0.000010 0.000010
0.000010 0.030752 0.000010 0.042827 0.694930 0.024295 0.207156 0.000010 0.000010
0.581114 0.009979 0.048499 0.067589 0.211410 0.000010 0.000010 0.081378 0.000010
0.638413 0.000010 0.030473 0.229456 0.015828 0.000010 0.000010 0.085790 0.000010
0.507628 0.000010 0.008182 0.363296 0.035042 0.053375 0.017721 0.000010 0.014735
0.641467 0.032761 0.000010 0.214727 0.002058 0.000010 0.000010 0.108947 0.000010
0.602264 0.000010 0.023093 0.137930 0.002180 0.050071 0.002261 0.182181 0.000010
0.343893 0.000010 0.000010 0.420059 0.000010 0.000010 0.004385 0.231613 0.000010
0.421788 0.102195 0.000010 0.291944 0.067422 0.000010 0.108245 0.008377 0.000010
0.498636 0.035968 0.147664 0.057519 0.000010 0.020008 0.039313 0.200872 0.000010
0.817266 0.000010 0.000010 0.019802 0.000010 0.032973 0.000010 0.129908 0.000010
0.613920 0.000010 0.000010 0.174803 0.000010 0.000010 0.000010 0.200411 0.010817
0.488818 0.000010 0.000010 0.045100 0.000010 0.000010 0.014077 0.283358 0.168606
0.689648 0.081343 0.000010 0.000010 0.000010 0.056381 0.011494 0.161093 0.000010
0.216400 0.132847 0.000010 0.000010 0.021574 0.000010 0.011011 0.277306 0.340832
0.606537 0.000010 0.191122 0.000010 0.000010 0.000010 0.000010 0.202280 0.000010
0.659190 0.000010 0.000010 0.000010 0.000010 0.000010 0.000010 0.278476 0.062274
0.538004 0.000010 0.000010 0.000010 0.110548 0.037169 0.060597 0.157072 0.096581
0.381009 0.000010 0.043689 0.066484 0.083951 0.019046 0.105741 0.239685 0.060384
0.588936 0.000010 0.000010 0.045044 0.000010 0.000010 0.000010 0.108622 0.257347
0.495948 0.000010 0.043551 0.109590 0.124592 0.000010 0.021427 0.160005 0.044867
0.449428 0.000010 0.003768 0.066155 0.000010 0.000010 0.110963 0.320000 0.049656
0.724181 0.000010 0.000010 0.000010 0.036965 0.000010 0.000010 0.238794 0.000010
0.673384 0.000010 0.000010 0.013680 0.000010 0.000010 0.000010 0.226846 0.086040
0.604098 0.000010 0.000010 0.000010 0.167653 0.000010 0.000010 0.228189 0.000010
0.635906 0.000010 0.000010 0.000010 0.000010 0.000010 0.000010 0.298652 0.065382
0.389551 0.069719 0.017269 0.000010 0.000010 0.000010 0.030885 0.442609 0.049937
0.605193 0.000010 0.045091 0.073294 0.000010 0.000010 0.000010 0.186112 0.090270
0.489322 0.003725 0.000010 0.000010 0.000010 0.022763 0.000010 0.282565 0.201584
0.480724 0.000010 0.000010 0.185033 0.007511 0.000010 0.000010 0.326682 0.000010
0.560557 0.000010 0.000010 0.103023 0.000010 0.000010 0.000010 0.336360 0.000010
0.566289 0.000010 0.000010 0.165266 0.000010 0.000010 0.000010 0.120705 0.147689
0.427325 0.082363 0.000010 0.140563 0.000010 0.000010 0.033119 0.139007 0.177593
0.649187 0.000010 0.035951 0.128044 0.000010 0.022111 0.021870 0.142807 0.000010
0.682598 0.000010 0.068895 0.000010 0.000010 0.010314 0.070647 0.113367 0.054150
0.465873 0.000010 0.000010 0.199727 0.039352 0.000010 0.000010 0.294999 0.000010
0.539367 0.088547 0.068891 0.000010 0.000010 0.065456 0.099184 0.095256 0.043280
0.000010 0.822874 0.108662 0.000010 0.068405 0.000010 0.000010 0.000010 0.000010
0.000010 0.953068 0.000010 0.000010 0.046862 0.000010 0.000010 0.000010 0.000010
0.066858 0.781598 0.000010 0.000010 0.151484 0.000010 0.000010 0.000010 0.000010
0.000010 0.877406 0.000010 0.000010 0.122524 0.000010 0.000010 0.000010 0.000010
0.000010 0.013539 0.239349 0.000010 0.086532 0.015600 0.636165 0.008787 0.000010
0.000010 0.000010 0.567248 0.000010 0.000010 0.000010 0.432682 0.000010 0.000010
0.000010 0.000010 0.174099 0.000010 0.000010 0.000010 0.564011 0.261829 0.000010
0.000010 0.065622 0.492084 0.000010 0.113820 0.000010 0.293168 0.035267 0.000010
0.000010 0.000010 0.469345 0.000010 0.128467 0.000010 0.311189 0.090949 0.000010
0.000010 0.084627 0.447057 0.000010 0.101275 0.000010 0.342213 0.000010 0.024788
0.016989 0.092872 0.322191 0.000010 0.005538 0.078341 0.425167 0.058883 0.000010
0.000010 0.000010 0.605083 0.000010 0.056252 0.049164 0.283620 0.005840 0.000010
0.000010 0.000010 0.567748 0.000010 0.057226 0.000010 0.374966 0.000010 0.000010
0.091096 0.054392 0.327780 0.031232 0.000010 0.007047 0.470504 0.017929 0.000010
0.439680 0.045923 0.000010 0.175641 0.000010 0.033670 0.000010 0.225837 0.079220
0.518622 0.000010 0.000010 0.000010 0.000010 0.029645 0.172339 0.279344 0.000010
0.418691 0.000010 0.000010 0.089792 0.000010 0.037583 0.102329 0.346441 0.005134
0.467431 0.000010 0.000010 0.058172 0.000010 0.008593 0.098924 0.307515 0.059335
0.321080 0.123145 0.000010 0.069049 0.000010 0.000010 0.042775 0.338632 0.105288
0.577601 0.000010 0.000010 0.149463 0.000010 0.102234 0.000010 0.120233 0.050428
0.359075 0.051727 0.033978 0.000010 0.000010 0.000010 0.000010 0.174907 0.380273
0.583220 0.010169 0.000010 0.077611 0.008353 0.000010 0.076256 0.196097 0.048275
0.397600 0.016499 0.084992 0.115691 0.057015 0.000010 0.000010 0.328172 0.000010
0.585567 0.037863 0.000010 0.053885 0.000010 0.000010 0.091887 0.217544 0.013225
0.588966 0.061211 0.043498 0.017672 0.048539 0.025801 0.000010 0.172540 0.041762
0.413129 0.000010 0.168341 0.000010 0.050837 0.000010 0.168262 0.199392 0.000010
0.322524 0.000010 0.067850 0.135519 0.000010 0.000010 0.061246 0.291001 0.121830
0.547575 0.000010 0.071318 0.086797 0.053838 0.039535 0.066444 0.134473 0.000010
0.536726 0.048699 0.000010 0.124505 0.000010 0.000010 0.124678 0.165352 0.000010
0.362800 0.047372 0.000010 0.000010 0.174622 0.053722 0.060732 0.209096 0.091636
0.462354 0.000010 0.002427 0.182261 0.000010 0.000010 0.028481 0.290670 0.033776
0.405879 0.230702 0.000010 0.000010 0.000010 0.000010 0.000010 0.308917 0.054453
0.466811 0.041600 0.000010 0.000010 0.000010 0.000010 0.137753 0.316782 0.037013
0.693659 0.000010 0.069700 0.000010 0.000010 0.049837 0.000010 0.115691 0.071073
0.744514 0.000010 0.000010 0.000010 0.000010 0.000010 0.000010 0.180127 0.075298
0.048835 0.048260 0.617888 0.002600 0.073544 0.000010 0.208843 0.000010 0.000010
0.000010 0.000010 0.701580 0.000010 0.000010 0.000010 0.298350 0.000010 0.000010
0.004760 0.125621 0.662555 0.000010 0.000010 0.036256 0.147875 0.022904 0.000010
0.000010 0.079404 0.611222 0.000010 0.000010 0.000010 0.264232 0.045093 0.000010
0.025148 0.026767 0.575556 0.000010 0.100046 0.014285 0.258168 0.000010 0.000010
0.000010 0.000010 0.723468 0.000010 0.000010 0.000010 0.276462 0.000010 0.000010
0.000018 0.094944 0.708102 0.000010 0.000010 0.000010 0.196886 0.000010 0.000010
0.000010 0.155372 0.425567 0.015334 0.000010 0.000010 0.387585 0.000010 0.016102
0.000010 0.035118 0.709920 0.000010 0.000010 0.000010 0.254902 0.000010 0.000010
0.000010 0.021384 0.609155 0.048899 0.066634 0.000010 0.253888 0.000010 0.000010
0.134185 0.000010 0.627224 0.000010 0.000010 0.000010 0.169186 0.069355 0.000010
0.012229 0.000010 0.603529 0.139044 0.000010 0.048254 0.165216 0.031698 0.000010
0.000010 0.029992 0.740828 0.000010 0.000010 0.000010 0.202671 0.000010 0.026459
0.000010 0.000010 0.768115 0.000010 0.072959 0.000010 0.158865 0.000010 0.000010
0.000010 0.130767 0.594451 0.087738 0.001254 0.000010 0.185751 0.000010 0.000010
0.008147 0.090281 0.641731 0.000010 0.000010 0.000010 0.259792 0.000010 0.000010
0.000010 0.000010 0.717142 0.000010 0.098185 0.000010 0.159440 0.025182 0.000010
0.000010 0.046148 0.886827 0.000010 0.000010 0.000010 0.058545 0.008431 0.000010
0.000010 0.000010 0.751357 0.000010 0.000010 0.005268 0.241159 0.002166 0.000010
0.000010 0.143419 0.701822 0.000010 0.007448 0.000010 0.146903 0.000369 0.000010
0.000010 0.065235 0.690857 0.000010 0.032094 0.051960 0.094538 0.065286 0.000010
0.012455 0.132653 0.523799 0.000010 0.000010 0.000010 0.331043 0.000010 0.000010
0.000010 0.039728 0.704130 0.000010 0.000010 0.034882 0.182668 0.038552 0.000010
0.000010 0.060113 0.674871 0.000010 0.001738 0.000010 0.263227 0.000010 0.000010
0.000010 0.000010 0.733384 0.000602 0.000010 0.016485 0.249479 0.000010 0.000010
0.000010 0.038333 0.643301 0.000010 0.142535 0.000010 0.175780 0.000010 0.000010
0.000010 0.200186 0.428266 0.050008 0.048477 0.000010 0.273022 0.000010 0.000010
0.000010 0.000010 0.601933 0.000010 0.120381 0.000010 0.277627 0.000010 0.000010
0.000010 0.000010 0.713302 0.000010 0.000010 0.000010 0.286628 0.000010 0.000010
0.022725 0.086011 0.458019 0.016452 0.000010 0.000010 0.416753 0.000010 0.000010
0.000010 0.000010 0.688168 0.000010 0.000010 0.000010 0.311762 0.000010 0.000010
0.000010 0.000010 0.458935 0.020583 0.056105 0.000010 0.401733 0.062604 0.000010
0.000010 0.000010 0.467179 0.000010 0.040202 0.000010 0.419851 0.072719 0.000010
0.000010 0.002395 0.720667 0.000010 0.000010 0.011534 0.265354 0.000010 0.000010
0.000010 0.060273 0.382936 0.047561 0.022703 0.000010 0.435923 0.010691 0.039893
0.000010 0.000010 0.703102 0.000010 0.073572 0.000010 0.223266 0.000010 0.000010
0.000010 0.000010 0.650693 0.000010 0.000638 0.000010 0.330173 0.018446 0.000010
0.000010 0.000010 0.625700 0.000010 0.028810 0.000010 0.262871 0.082569 0.000010
0.000010 0.135409 0.565925 0.000010 0.025884 0.000010 0.272731 0.000010 0.000010
0.000010 0.000010 0.025227 0.036985 0.850008 0.000010 0.064644 0.023096 0.000010
0.070524 0.000010 0.000010 0.000066 0.920534 0.000010 0.008826 0.000010 0.000010
0.064010 0.037717 0.752441 0.000010 0.009413 0.000010 0.136379 0.000010 0.000010
0.000010 0.017134 0.632989 0.010950 0.000010 0.000010 0.302437 0.036450 0.000010
0.502674 0.032599 0.000010 0.199796 0.000010 0.000010 0.000010 0.184540 0.080352
0.314035 0.000010 0.122998 0.264531 0.000010 0.000010 0.000010 0.255767 0.042628
0.394908 0.026467 0.000010 0.400432 0.000010 0.022347 0.000010 0.155806 0.000010
0.257568 0.000010 0.000010 0.253083 0.156742 0.044946 0.000010 0.267465 0.020166
0.334399 0.014147 0.000010 0.322019 0.000010 0.061502 0.000010 0.267893 0.000010
0.274054 0.122481 0.000010 0.362293 0.000010 0.041435 0.023874 0.175833 0.000010
0.271372 0.000010 0.219869 0.410179 0.000010 0.013501 0.000010 0.085039 0.000010
0.362996 0.000010 0.140092 0.368776 0.052782 0.000010 0.000010 0.075314 0.000010
0.562756 0.000010 0.028593 0.341099 0.004718 0.000010 0.000010 0.039111 0.023692
0.443810 0.000010 0.031350 0.196301 0.000010 0.000010 0.000010 0.328489 0.000010
0.094096 0.000010 0.000010 0.261526 0.091419 0.044779 0.035944 0.404443 0.067773
0.502820 0.138077 0.000010 0.188858 0.000010 0.000010 0.023062 0.147143 0.000010
0.362383 0.000010 0.000010 0.383524 0.000010 0.000010 0.000010 0.254033 0.000010
0.000010 0.104357 0.553274 0.000010 0.000010 0.000010 0.342309 0.000010 0.000010
0.000010 0.000010 0.653972 0.099319 0.047038 0.000010 0.199621 0.000010 0.000010
0.000010 0.000010 0.480460 0.029731 0.015416 0.011217 0.433768 0.000010 0.029377
0.000010 0.023933 0.798969 0.002904 0.035727 0.000010 0.116310 0.000010 0.022126
0.000010 0.053738 0.580634 0.087745 0.072273 0.000010 0.205571 0.000010 0.000010
0.000010 0.017603 0.367266 0.000010 0.102582 0.056185 0.456323 0.000010 0.000010
0.060802 0.095767 0.488802 0.044539 0.077531 0.002961 0.229579 0.000010 0.000010
0.000010 0.183241 0.451977 0.000010 0.068241 0.000010 0.296491 0.000010 0.000010
0.000010 0.017968 0.734575 0.000010 0.000010 0.000010 0.242548 0.004859 0.000010
0.000010 0.085679 0.528459 0.000010 0.000010 0.000010 0.385802 0.000010 0.000010
0.000010 0.167059 0.565918 0.000010 0.006857 0.044751 0.215375 0.000010 0.000010
0.000010 0.026297 0.686533 0.014530 0.000010 0.023012 0.151849 0.097749 0.000010
