0.139550 0.041318 0.000416 0.197303 0.025421 0.062884 0.000010 0.450517 0.082580
0.368990 0.126632 0.000010 0.192570 0.000010 0.000010 0.000010 0.307759 0.004010
0.253568 0.045082 0.000010 0.139640 0.000010 0.000010 0.169249 0.369095 0.023336
0.386065 0.000010 0.000010 0.000010 0.000010 0.000010 0.177828 0.435808 0.000249
0.274035 0.056150 0.058529 0.049062 0.031039 0.000010 0.053892 0.477274 0.000010
0.162636 0.000010 0.004395 0.000010 0.001218 0.000010 0.000010 0.199201 0.632509
0.351102 0.021060 0.078230 0.032986 0.021543 0.000010 0.059881 0.435177 0.000010
0.258486 0.000010 0.000010 0.066695 0.052784 0.000010 0.047792 0.531937 0.042276
0.252280 0.041809 0.000010 0.126412 0.000010 0.000010 0.008142 0.545730 0.025597
0.285912 0.005306 0.072898 0.011217 0.000010 0.086252 0.025747 0.412713 0.099944
0.170510 0.073407 0.048518 0.202656 0.084773 0.000011 0.051468 0.368649 0.000010
0.144425 0.000010 0.000010 0.187244 0.101394 0.001522 0.063147 0.411765 0.090484
0.353777 0.000010 0.000010 0.122124 0.039970 0.063065 0.039199 0.381835 0.000010
0.268361 0.093604 0.000010 0.227152 0.007125 0.084853 0.011205 0.147079 0.160611
0.306763 0.078884 0.000010 0.000010 0.000010 0.000010 0.125468 0.488836 0.000010
0.519236 0.000011 0.000010 0.062086 0.039660 0.000010 0.061912 0.312659 0.004415
0.076030 0.019319 0.000010 0.238690 0.000010 0.000010 0.090690 0.501436 0.073806
0.265786 0.004204 0.000010 0.157427 0.000010 0.036341 0.111385 0.424826 0.000010
0.000010 0.000010 0.000010 0.036474 0.000010 0.000010 0.184065 0.692958 0.086453
0.237873 0.000010 0.000010 0.277976 0.000010 0.086230 0.050995 0.346887 0.000010
0.489205 0.000010 0.000010 0.100766 0.000010 0.074192 0.000010 0.335787 0.000010
0.098685 0.109785 0.000010 0.246129 0.000010 0.000010 0.112234 0.433127 0.000010
0.231856 0.166702 0.056001 0.023222 0.000010 0.000010 0.032641 0.455198 0.034358
0.335371 0.040798 0.000010 0.214842 0.000010 0.000010 0.000010 0.303571 0.105378
0.053828 0.074756 0.000010 0.245852 0.000015 0.028497 0.084848 0.512184 0.000010
0.116347 0.031264 0.000010 0.299301 0.165366 0.088528 0.071303 0.227870 0.000010
0.147848 0.000010 0.000012 0.200108 0.000010 0.003874 0.063248 0.584879 0.000010
0.202874 0.026056 0.000010 0.172314 0.064673 0.000010 0.059882 0.355543 0.118638
0.184565 0.058912 0.063960 0.000010 0.000010 0.000010 0.073595 0.618928 0.000010
0.390737 0.082584 0.042810 0.000010 0.000010 0.000010 0.037826 0.446003 0.000010
0.485508 0.000010 0.000010 0.000010 0.124165 0.000010 0.000010 0.386484 0.003794
0.382012 0.000010 0.112417 0.174820 0.007920 0.000010 0.000010 0.271096 0.051706
0.347979 0.000010 0.000015 0.067723 0.000010 0.000010 0.164703 0.419540 0.000010
0.090423 0.000010 0.000010 0.055651 0.032402 0.000010 0.169569 0.620895 0.031030
0.192591 0.000010 0.000010 0.150773 0.000010 0.000010 0.150318 0.506268 0.000010
0.384638 0.000010 0.000010 0.000010 0.000010 0.135491 0.000010 0.454623 0.025198
0.224463 0.000010 0.000010 0.122677 0.028820 0.000010 0.042525 0.581475 0.000010
0.023849 0.000010 0.083641 0.102987 0.068724 0.000010 0.076186 0.437707 0.206885
0.232632 0.000010 0.022012 0.000010 0.122466 0.070661 0.167257 0.253726 0.131227
0.226857 0.073367 0.000010 0.000010 0.000010 0.000010 0.166394 0.533332 0.000010
0.086792 0.117283 0.000010 0.293395 0.000010 0.000010 0.056701 0.383441 0.062358
0.264030 0.000010 0.249427 0.000010 0.000010 0.000010 0.000010 0.397271 0.089223
0.469471 0.125953 0.003889 0.071470 0.000010 0.000010 0.039023 0.290165 0.000010
0.151564 0.005783 0.000015 0.035926 0.000010 0.000010 0.177213 0.601896 0.027583
0.337896 0.077905 0.037778 0.000010 0.000010 0.000010 0.031036 0.450432 0.064923
0.163087 0.000010 0.000010 0.000010 0.006020 0.000010 0.171441 0.564169 0.095244
0.139671 0.000010 0.000010 0.000010 0.000010 0.000010 0.117720 0.701166 0.041392
0.186725 0.030824 0.000010 0.020417 0.000010 0.000010 0.113891 0.648104 0.000010
0.004220 0.073542 0.486678 0.169344 0.000010 0.002670 0.103530 0.153531 0.006476
0.172391 0.000010 0.383435 0.017579 0.000010 0.000010 0.000010 0.426544 0.000010
0.000010 0.000010 0.496465 0.041506 0.146995 0.000010 0.133125 0.181870 0.000010
0.304141 0.020704 0.000010 0.043392 0.000921 0.000010 0.138590 0.456062 0.036170
0.205602 0.098143 0.191848 0.140167 0.209215 0.000010 0.005127 0.011650 0.138237
0.037216 0.055960 0.266815 0.041291 0.000010 0.066181 0.331797 0.173895 0.026834
0.148173 0.000012 0.147063 0.154882 0.000010 0.000010 0.125684 0.348826 0.075340
0.130530 0.000010 0.311610 0.056613 0.000010 0.009186 0.150634 0.341397 0.000010
0.000010 0.000010 0.557197 0.095048 0.000010 0.000010 0.000010 0.347695 0.000010
0.140148 0.066728 0.046446 0.146945 0.034710 0.000010 0.120833 0.444171 0.000010
0.170835 0.211671 0.436848 0.000010 0.011898 0.003743 0.142542 0.022443 0.000010
0.000010 0.000010 0.736873 0.000010 0.000010 0.000010 0.253184 0.009884 0.000010
0.292542 0.108957 0.350978 0.058496 0.108191 0.000010 0.012017 0.000010 0.068800
0.223907 0.000010 0.294368 0.166104 0.041453 0.023485 0.000010 0.250654 0.000010
0.035027 0.156463 0.391813 0.163864 0.068623 0.000010 0.078473 0.000010 0.105718
0.000010 0.000010 0.639291 0.000010 0.000010 0.015309 0.182949 0.162401 0.000010
0.033049 0.015785 0.619866 0.000010 0.000010 0.005201 0.241109 0.084961 0.000010
0.279932 0.051469 0.240358 0.198828 0.058372 0.008266 0.117747 0.042034 0.002994
0.367191 0.000011 0.018281 0.233795 0.028682 0.010356 0.025333 0.316340 0.000010
0.016200 0.112506 0.552874 0.000010 0.031048 0.000167 0.020017 0.267168 0.000010
0.373512 0.000010 0.003400 0.160442 0.038157 0.141158 0.065568 0.217743 0.000010
0.128634 0.163828 0.124429 0.199709 0.000010 0.000010 0.000010 0.298733 0.084638
0.237891 0.041051 0.000010 0.091657 0.000010 0.038003 0.015807 0.562912 0.012659
0.332737 0.103271 0.010602 0.000010 0.000010 0.000010 0.096120 0.457231 0.000010
0.136365 0.092485 0.000010 0.125930 0.000010 0.120569 0.000010 0.392504 0.132116
0.392266 0.046405 0.000010 0.000010 0.000010 0.000010 0.000010 0.505462 0.055817
0.491383 0.000010 0.000010 0.000010 0.000010 0.000010 0.036920 0.471637 0.000010
0.301272 0.000010 0.000010 0.155428 0.103875 0.000010 0.065458 0.373927 0.000010
0.313839 0.000010 0.000010 0.064474 0.000010 0.000010 0.171617 0.391416 0.058614
0.109252 0.000010 0.000010 0.120695 0.000010 0.053517 0.006590 0.572580 0.137336
0.257211 0.029020 0.000010 0.101086 0.000010 0.000010 0.198714 0.413929 0.000010
0.154762 0.012099 0.000010 0.158731 0.097882 0.015705 0.040300 0.295109 0.225403
0.262606 0.000010 0.000010 0.018550 0.000010 0.025390 0.121483 0.571931 0.000010
0.312448 0.010950 0.000010 0.000010 0.002093 0.007304 0.114994 0.520643 0.031548
0.260312 0.076181 0.000010 0.040840 0.000010 0.021462 0.093247 0.464850 0.043088
0.000010 0.000825 0.009143 0.201653 0.011959 0.000010 0.149994 0.426448 0.199959
0.317611 0.000010 0.000010 0.120238 0.000010 0.000010 0.097135 0.464966 0.000010
0.051265 0.000010 0.000010 0.142417 0.025199 0.002098 0.202953 0.482993 0.093055
0.248722 0.000010 0.000010 0.123241 0.000010 0.000010 0.071739 0.477459 0.078800
0.399950 0.020332 0.011554 0.043588 0.000010 0.090457 0.127043 0.307055 0.000010
0.341122 0.000010 0.000010 0.000010 0.000010 0.000010 0.159674 0.495103 0.004051
0.297332 0.065038 0.000012 0.000010 0.000010 0.000010 0.108940 0.528637 0.000010
0.004111 0.052587 0.068258 0.170280 0.100270 0.094216 0.095589 0.368419 0.046270
0.388880 0.064773 0.000010 0.000010 0.000010 0.000010 0.053394 0.492904 0.000010
0.261462 0.000010 0.000010 0.185832 0.000010 0.000010 0.114614 0.438041 0.000010
0.429298 0.000010 0.107432 0.032490 0.022854 0.000010 0.127333 0.260755 0.019818
0.082137 0.000010 0.036504 0.113097 0.000010 0.000010 0.141803 0.626420 0.000010
0.326608 0.000010 0.000010 0.000010 0.037861 0.000010 0.034385 0.460273 0.140833
0.540932 0.000057 0.118962 0.036244 0.000010 0.000010 0.001113 0.302662 0.000010
0.056814 0.016862 0.123953 0.181267 0.027120 0.000010 0.233247 0.360718 0.000010
0.185143 0.123430 0.000010 0.000010 0.000010 0.082244 0.104913 0.504230 0.000010
0.000010 0.000010 0.127053 0.296149 0.000010 0.000010 0.078050 0.429963 0.068745
0.123666 0.000010 0.079472 0.028311 0.071340 0.031314 0.000010 0.050694 0.615182
0.147794 0.000010 0.018009 0.156244 0.040955 0.000010 0.137175 0.436285 0.063517
0.199301 0.103044 0.068786 0.000010 0.058580 0.000010 0.090655 0.444801 0.034812
0.315797 0.000010 0.000010 0.239364 0.000010 0.000010 0.079735 0.365053 0.000010
0.096407 0.000010 0.000010 0.302318 0.000010 0.054637 0.104261 0.442337 0.000010
0.051881 0.101593 0.008435 0.000010 0.036648 0.000010 0.362093 0.387413 0.051918
0.260631 0.117241 0.000010 0.015827 0.000010 0.004398 0.201194 0.400678 0.000010
0.113327 0.055791 0.015663 0.000010 0.000010 0.000010 0.202238 0.612941 0.000010
0.188243 0.000290 0.000010 0.034014 0.000010 0.020753 0.184906 0.571764 0.000010
0.119631 0.000010 0.000010 0.181655 0.000010 0.080370 0.183190 0.435115 0.000010
0.240401 0.000010 0.073571 0.000010 0.000010 0.074440 0.058247 0.553301 0.000010
0.031687 0.000010 0.000010 0.000010 0.073614 0.033584 0.282383 0.568075 0.010627
0.375292 0.000010 0.000010 0.030706 0.000010 0.000010 0.114091 0.381745 0.098126
0.000010 0.054710 0.000010 0.144061 0.000010 0.102026 0.187977 0.511187 0.000010
0.223986 0.000010 0.000010 0.014124 0.000010 0.000010 0.101286 0.560878 0.099686
0.188391 0.000010 0.000010 0.000010 0.000010 0.028085 0.166027 0.570973 0.046484
0.224203 0.000010 0.138042 0.113904 0.088396 0.000010 0.000010 0.435415 0.000010
0.160776 0.064603 0.000010 0.184733 0.000010 0.000010 0.146371 0.415601 0.027886
0.047128 0.000010 0.000010 0.087162 0.179209 0.011932 0.241157 0.433381 0.000010
0.245228 0.093314 0.000010 0.097123 0.051011 0.000010 0.024270 0.489024 0.000010
0.352419 0.000010 0.000341 0.229461 0.000010 0.000010 0.057438 0.351029 0.009282
0.265821 0.000010 0.000010 0.091696 0.075769 0.011579 0.057044 0.485629 0.012441
0.196876 0.000010 0.000010 0.334977 0.019789 0.035079 0.087981 0.325269 0.000010
0.319137 0.000010 0.000010 0.085381 0.000010 0.000010 0.054321 0.339409 0.201712
0.000010 0.166492 0.000010 0.167807 0.019673 0.013761 0.029510 0.602728 0.000010
0.066627 0.151274 0.098429 0.185261 0.019373 0.026627 0.000010 0.452389 0.000010
0.244327 0.000010 0.046672 0.131700 0.000010 0.065446 0.026499 0.485327 0.000010
0.142267 0.101347 0.000010 0.161369 0.000010 0.000010 0.026441 0.542673 0.025873
0.227595 0.000010 0.064216 0.098014 0.052307 0.003801 0.198209 0.331785 0.024062
0.000010 0.000010 0.000010 0.000010 0.146189 0.000010 0.274427 0.492138 0.087196
0.105076 0.000010 0.000010 0.024541 0.000010 0.064383 0.139740 0.524751 0.141479
0.315423 0.009333 0.002076 0.023745 0.065434 0.000010 0.170400 0.383987 0.029590
0.120706 0.000010 0.035880 0.181539 0.060525 0.045514 0.000010 0.555806 0.000010
0.019934 0.112804 0.081276 0.242135 0.000010 0.000010 0.021622 0.522199 0.000010
0.396232 0.049469 0.000010 0.007936 0.000010 0.000010 0.135876 0.410448 0.000010
0.079355 0.000010 0.000010 0.000010 0.000011 0.000010 0.235706 0.661678 0.023211
0.194959 0.069897 0.108562 0.000010 0.000010 0.062761 0.059188 0.502304 0.002309
0.231856 0.107008 0.000010 0.101727 0.000010 0.079027 0.020163 0.460189 0.000010
0.097880 0.000010 0.198725 0.085607 0.000010 0.076670 0.124592 0.416495 0.000010
0.000010 0.000253 0.016327 0.293600 0.000010 0.000010 0.277212 0.412568 0.000010
0.224251 0.000010 0.155293 0.289606 0.135353 0.021002 0.000010 0.174466 0.000010
0.287687 0.000010 0.019784 0.100942 0.000010 0.002997 0.177736 0.410825 0.000010
0.047294 0.029913 0.241074 0.229962 0.016139 0.000010 0.000010 0.435589 0.000010
0.129256 0.000010 0.000010 0.280425 0.000010 0.000010 0.183371 0.406897 0.000010
0.185516 0.000010 0.000010 0.165102 0.046658 0.028460 0.159051 0.415183 0.000010
0.023095 0.135082 0.122134 0.053123 0.019396 0.000011 0.102024 0.545127 0.000010
0.387773 0.024337 0.060864 0.000010 0.096641 0.011523 0.142220 0.209405 0.067226
0.181470 0.067493 0.000010 0.295528 0.006666 0.000010 0.088413 0.302330 0.058080
0.125863 0.020136 0.000012 0.185845 0.000012 0.000010 0.084244 0.583868 0.000010
0.060551 0.000010 0.000010 0.166264 0.000010 0.000010 0.203908 0.519541 0.049696
0.216334 0.000010 0.000010 0.327713 0.000010 0.097954 0.120990 0.236969 0.000010
0.362755 0.000010 0.000010 0.114954 0.169483 0.000010 0.025974 0.326794 0.000010
0.029582 0.025085 0.000010 0.220437 0.000010 0.034988 0.179871 0.510007 0.000010
0.088614 0.149797 0.000010 0.292267 0.073599 0.077376 0.000010 0.318317 0.000010
0.186062 0.134305 0.061085 0.247943 0.000010 0.000010 0.126454 0.244121 0.000010
0.142116 0.122178 0.063768 0.110048 0.067361 0.000010 0.072292 0.422217 0.000010
0.000010 0.000010 0.000010 0.277086 0.000010 0.000010 0.290619 0.432235 0.000010
0.067503 0.024476 0.000010 0.234738 0.063875 0.000010 0.168807 0.440570 0.000010
0.142002 0.008454 0.006755 0.054765 0.000010 0.069496 0.149989 0.568518 0.000010
0.186377 0.000010 0.000010 0.100134 0.000010 0.005099 0.120938 0.587412 0.000010
0.174484 0.103916 0.022096 0.271600 0.048614 0.043404 0.116248 0.219627 0.000010
0.000010 0.116881 0.000010 0.280846 0.000010 0.022527 0.148017 0.431689 0.000010
0.023364 0.000010 0.010154 0.148686 0.051322 0.000010 0.186880 0.520825 0.058748
0.174289 0.064378 0.035899 0.136480 0.000010 0.000010 0.143694 0.445230 0.000010
0.113198 0.229570 0.000010 0.134884 0.122269 0.037604 0.016879 0.345576 0.000010
0.274277 0.000010 0.080211 0.040946 0.109682 0.000010 0.101316 0.331533 0.062015
0.224731 0.003768 0.026229 0.001594 0.000012 0.019726 0.226082 0.497848 0.000010
0.000010 0.191340 0.116707 0.060716 0.000010 0.006983 0.124014 0.500210 0.000010
0.157463 0.000010 0.000010 0.166509 0.058021 0.000010 0.134547 0.483420 0.000010
0.137713 0.031868 0.096542 0.092995 0.087502 0.000010 0.066288 0.446494 0.040588
0.124795 0.113117 0.235589 0.000010 0.000010 0.103739 0.147945 0.274785 0.000010
0.271338 0.000010 0.078265 0.000010 0.021383 0.000010 0.208505 0.420470 0.000010
0.094810 0.000010 0.057890 0.000010 0.070806 0.000010 0.282953 0.493500 0.000010
0.047911 0.010755 0.000010 0.223128 0.000010 0.057053 0.110539 0.550583 0.000010
0.040244 0.006262 0.169915 0.032047 0.045218 0.000010 0.130905 0.457705 0.117695
0.182803 0.000010 0.003537 0.141008 0.177574 0.008237 0.190863 0.295957 0.000010
0.000010 0.046925 0.152738 0.192997 0.016974 0.000010 0.123150 0.459063 0.008133
0.051065 0.143181 0.116149 0.000010 0.000010 0.000010 0.215008 0.474558 0.000010
0.000010 0.061308 0.179990 0.159539 0.031055 0.000010 0.115962 0.452116 0.000010
0.290680 0.000010 0.035294 0.156756 0.000010 0.017747 0.000010 0.499483 0.000010
0.006572 0.109492 0.130719 0.289760 0.000013 0.000010 0.060665 0.402758 0.000010
0.078883 0.000010 0.236003 0.237134 0.071274 0.000010 0.092134 0.208401 0.076151
0.035871 0.000010 0.013807 0.148675 0.000154 0.000010 0.291268 0.510194 0.000010
0.158001 0.000010 0.145008 0.253303 0.060858 0.000010 0.165656 0.217143 0.000010
0.056785 0.014269 0.000010 0.118952 0.000010 0.000010 0.302613 0.491069 0.016282
0.015705 0.000010 0.130223 0.153907 0.042990 0.000010 0.065568 0.565614 0.025973
0.190703 0.000010 0.000010 0.111887 0.099705 0.000010 0.061466 0.476402 0.059806
0.000010 0.000010 0.000010 0.006551 0.000010 0.299645 0.000010 0.043387 0.650367
0.079227 0.028786 0.000010 0.000010 0.000010 0.566177 0.000010 0.000010 0.325759
0.000010 0.000010 0.055608 0.000010 0.000010 0.408075 0.000010 0.000010 0.536258
0.000010 0.000010 0.000014 0.000020 0.026594 0.416351 0.015569 0.000010 0.541424
0.000016 0.000010 0.000010 0.000010 0.000019 0.221842 0.000010 0.000010 0.778072
0.000010 0.000010 0.000020 0.000010 0.000010 0.374050 0.000010 0.000010 0.625871
0.012748 0.000010 0.000010 0.032431 0.004828 0.558622 0.006144 0.013494 0.371714
0.010478 0.000011 0.000010 0.029542 0.000010 0.243080 0.000010 0.000010 0.716850
0.000018 0.000010 0.000010 0.000010 0.000010 0.357465 0.004444 0.000010 0.638023
0.000010 0.000010 0.000010 0.000010 0.000010 0.360895 0.046847 0.000010 0.592198
0.000010 0.031170 0.000010 0.000010 0.000010 0.311460 0.000010 0.000010 0.657310
0.000010 0.000010 0.000010 0.042401 0.000010 0.372109 0.000010 0.000010 0.585430
0.027020 0.000010 0.000010 0.000010 0.000010 0.520143 0.000010 0.043571 0.409216
0.000010 0.000010 0.022892 0.044623 0.000010 0.518120 0.048380 0.000010 0.365945
0.000010 0.000010 0.000010 0.012219 0.000010 0.249952 0.013444 0.065119 0.659226
0.000010 0.000010 0.000010 0.025159 0.000010 0.457637 0.000010 0.000010 0.517144
0.000010 0.000010 0.000010 0.000010 0.000010 0.428522 0.013548 0.000010 0.557870
0.000010 0.000010 0.000010 0.005566 0.000010 0.673873 0.000010 0.082875 0.237636
0.000010 0.053960 0.000010 0.000010 0.000010 0.238083 0.000010 0.000010 0.707897
0.000010 0.000010 0.030403 0.000010 0.000010 0.264299 0.000010 0.000010 0.705238
0.000010 0.000010 0.091521 0.000010 0.000010 0.336303 0.000010 0.000010 0.572116
0.000010 0.000012 0.000010 0.000010 0.000010 0.325352 0.000010 0.000010 0.674576
0.000010 0.000010 0.104818 0.000010 0.000010 0.296651 0.000010 0.000010 0.598471
0.000010 0.000013 0.000010 0.000010 0.000010 0.368611 0.000010 0.000010 0.631317
0.000010 0.041156 0.000010 0.006707 0.000010 0.360563 0.040091 0.000010 0.551443
0.000010 0.000010 0.000010 0.000010 0.000010 0.591141 0.014982 0.000010 0.393818
0.000010 0.000010 0.052497 0.000010 0.000010 0.489915 0.000010 0.000010 0.457527
0.000010 0.000010 0.000010 0.000010 0.000010 0.265306 0.000010 0.000010 0.734624
0.000010 0.047146 0.185690 0.000010 0.562594 0.016791 0.187738 0.000010 0.000010
0.211426 0.008043 0.038828 0.532359 0.000010 0.000010 0.079005 0.130308 0.000010
0.302936 0.000010 0.000010 0.509909 0.013627 0.000010 0.000010 0.142035 0.031452
0.176992 0.000010 0.094817 0.404657 0.039152 0.000343 0.010872 0.273146 0.000010
0.330657 0.000010 0.118887 0.129865 0.020828 0.074791 0.000010 0.324943 0.000010
0.360047 0.028497 0.000010 0.448786 0.000010 0.000010 0.089350 0.073280 0.000010
0.553369 0.000010 0.000010 0.211712 0.000010 0.000010 0.010656 0.224213 0.000010
0.382733 0.000010 0.000010 0.405966 0.000010 0.008692 0.000010 0.198624 0.003945
0.343324 0.000010 0.000010 0.417101 0.138493 0.001887 0.000010 0.099154 0.000010
0.476268 0.148423 0.000010 0.168892 0.000010 0.000010 0.000010 0.206367 0.000010
0.430908 0.000010 0.000010 0.226970 0.056277 0.019040 0.074833 0.121453 0.070500
0.297426 0.000012 0.018610 0.330844 0.000010 0.020566 0.000010 0.332513 0.000010
0.164016 0.085027 0.000010 0.410208 0.084664 0.000010 0.019816 0.236239 0.000010
0.377170 0.055607 0.000010 0.329163 0.000010 0.000010 0.000010 0.194141 0.043880
0.483340 0.047400 0.000010 0.261703 0.000010 0.000010 0.051636 0.155881 0.000010
0.450841 0.029542 0.043585 0.421838 0.000010 0.000010 0.000010 0.054154 0.000010
0.408255 0.000010 0.000010 0.162913 0.000010 0.043791 0.130122 0.254880 0.000010
0.267802 0.000010 0.000010 0.422515 0.000010 0.042548 0.000010 0.267085 0.000010
0.453978 0.000010 0.000010 0.383742 0.122884 0.000010 0.039346 0.000010 0.000010
0.150192 0.003945 0.000010 0.478135 0.049671 0.033067 0.106941 0.178029 0.000010
0.244864 0.000010 0.000010 0.360235 0.048436 0.000010 0.014183 0.332242 0.000010
0.602923 0.085298 0.000010 0.056481 0.007987 0.000010 0.000010 0.178845 0.068437
0.417983 0.000010 0.000010 0.270723 0.025617 0.000010 0.002624 0.274118 0.008906
0.179503 0.000014 0.000010 0.368470 0.000010 0.000010 0.000010 0.402651 0.049321
0.477949 0.017352 0.060418 0.216448 0.048540 0.000010 0.000010 0.179264 0.000010
0.533916 0.000010 0.000010 0.132908 0.000010 0.000010 0.054877 0.278249 0.000010
0.339713 0.000010 0.000010 0.342915 0.073568 0.000010 0.016945 0.226820 0.000010
0.337220 0.000010 0.000010 0.330482 0.050807 0.001769 0.000010 0.279682 0.000010
0.181572 0.000010 0.000010 0.508194 0.067596 0.000010 0.000010 0.242588 0.000010
0.038057 0.000010 0.000010 0.000010 0.888788 0.000010 0.000010 0.000010 0.073095
0.009116 0.000010 0.000010 0.018663 0.951056 0.000010 0.021115 0.000010 0.000010
0.000010 0.000010 0.000010 0.000010 0.955636 0.019942 0.024362 0.000010 0.000010
0.002777 0.011901 0.000612 0.000010 0.900339 0.005566 0.078774 0.000010 0.000010
0.000010 0.048280 0.052479 0.014875 0.759017 0.000010 0.125310 0.000010 0.000010
0.000010 0.000010 0.000010 0.000010 0.838490 0.112937 0.048513 0.000010 0.000010
0.116178 0.000010 0.000010 0.000010 0.880934 0.002023 0.000010 0.000010 0.000816
0.000581 0.000010 0.000010 0.000010 0.859036 0.000010 0.050157 0.000010 0.090176
0.008796 0.000017 0.000010 0.000015 0.937255 0.000010 0.000010 0.053877 0.000010
0.000010 0.000010 0.000010 0.018140 0.976668 0.005132 0.000010 0.000010 0.000010
0.004457 0.000010 0.018865 0.000010 0.934000 0.000010 0.000010 0.000010 0.042628
0.000010 0.000010 0.000010 0.053362 0.930044 0.000010 0.007454 0.000010 0.009091
0.000010 0.000010 0.000010 0.000010 0.999920 0.000010 0.000010 0.000010 0.000010
0.052612 0.022284 0.000010 0.000010 0.925044 0.000010 0.000010 0.000010 0.000010
0.055264 0.000012 0.000010 0.000015 0.888057 0.000010 0.046199 0.000010 0.010424
0.037424 0.000010 0.000010 0.000010 0.900799 0.044797 0.016931 0.000010 0.000010
0.000010 0.000010 0.000010 0.000010 0.999920 0.000010 0.000010 0.000010 0.000010
0.281171 0.000010 0.000010 0.296309 0.000010 0.024894 0.000010 0.397576 0.000010
0.430020 0.000013 0.000010 0.003970 0.000010 0.150854 0.000011 0.415102 0.000010
0.601093 0.000010 0.000010 0.044977 0.000010 0.000010 0.057663 0.218619 0.077609
0.585611 0.130161 0.000010 0.058262 0.080789 0.000010 0.029856 0.115291 0.000010
0.377822 0.016468 0.043326 0.166816 0.018411 0.047951 0.000010 0.250058 0.079138
0.500779 0.067163 0.014146 0.097774 0.003386 0.122758 0.000010 0.193974 0.000010
0.567895 0.000010 0.000010 0.000010 0.081553 0.014872 0.042776 0.292864 0.000010
0.556327 0.033188 0.000010 0.170009 0.002046 0.000010 0.000010 0.238391 0.000010
0.413100 0.000010 0.000010 0.135416 0.022965 0.000010 0.000010 0.361155 0.067324
0.707174 0.000010 0.000010 0.099273 0.000010 0.044880 0.000010 0.145460 0.003174
0.394481 0.000010 0.000010 0.058499 0.032858 0.040198 0.000010 0.267555 0.206378
0.576547 0.000010 0.000010 0.073934 0.042392 0.015815 0.009846 0.260507 0.020938
0.507478 0.011945 0.000010 0.073641 0.006687 0.188809 0.000010 0.168260 0.043160
0.338896 0.034226 0.000010 0.177547 0.058780 0.000010 0.000010 0.267692 0.122829
0.405296 0.000010 0.000010 0.109261 0.059825 0.000010 0.069816 0.319708 0.036065
0.637157 0.000010 0.000010 0.072851 0.000010 0.000010 0.100840 0.189102 0.000010
0.577194 0.000010 0.000010 0.026718 0.089056 0.043275 0.072959 0.190768 0.000010
0.584620 0.073017 0.000010 0.056793 0.000010 0.045199 0.000010 0.196905 0.043437
0.441977 0.031754 0.000010 0.259988 0.033598 0.000010 0.081464 0.151189 0.000010
0.517889 0.010599 0.000010 0.121850 0.000010 0.071263 0.019525 0.258844 0.000010
0.417300 0.000010 0.000010 0.172958 0.000010 0.006819 0.000010 0.402873 0.000010
0.667974 0.040733 0.000010 0.000010 0.001013 0.028236 0.096383 0.165632 0.000010
0.442659 0.000010 0.000010 0.218191 0.000010 0.029405 0.000010 0.309694 0.000010
0.531328 0.021423 0.000010 0.020016 0.047203 0.085663 0.036800 0.229006 0.028552
0.405498 0.008917 0.000010 0.231228 0.000010 0.051766 0.085893 0.216668 0.000010
0.490993 0.000010 0.000010 0.162979 0.049204 0.104008 0.000010 0.192776 0.000010
0.543168 0.000013 0.000010 0.074895 0.000010 0.006960 0.000010 0.327996 0.046938
0.358852 0.023234 0.000010 0.074660 0.049862 0.075167 0.028967 0.351102 0.038145
0.576895 0.000010 0.000010 0.035704 0.056284 0.042557 0.000010 0.288519 0.000010
0.470787 0.007770 0.000010 0.090599 0.000010 0.015442 0.000010 0.404857 0.010516
0.684047 0.000010 0.000010 0.152169 0.000011 0.000010 0.000010 0.163723 0.000010
0.162394 0.000010 0.000010 0.278588 0.062779 0.028916 0.000010 0.328075 0.139218
0.513525 0.000010 0.000010 0.098740 0.000010 0.000010 0.016343 0.331145 0.040207
0.641730 0.000010 0.000010 0.011669 0.029431 0.000010 0.000010 0.317120 0.000010
0.396046 0.154234 0.028841 0.000010 0.071641 0.045306 0.106473 0.162960 0.034489
0.574978 0.001229 0.000010 0.080824 0.000010 0.000010 0.005282 0.279989 0.057667
0.550438 0.106174 0.000010 0.097078 0.007195 0.000010 0.000010 0.239076 0.000010
0.521489 0.000010 0.000010 0.061920 0.000010 0.020521 0.000010 0.394155 0.001875
0.584194 0.000010 0.031917 0.000010 0.000010 0.000010 0.000010 0.272090 0.111749
0.422776 0.000010 0.000010 0.162262 0.000010 0.000010 0.028373 0.386539 0.000010
0.458230 0.000010 0.109958 0.000010 0.000010 0.080407 0.000010 0.351354 0.000010
0.607065 0.000016 0.000010 0.155991 0.000010 0.015666 0.000010 0.221221 0.000010
0.597730 0.059882 0.122130 0.000010 0.005537 0.030632 0.000010 0.067594 0.116475
0.467014 0.016597 0.047776 0.000010 0.000010 0.049171 0.000010 0.277801 0.141612
0.476485 0.114882 0.059679 0.050198 0.010201 0.000010 0.023071 0.140811 0.124662
0.540544 0.000010 0.000010 0.000010 0.069193 0.116965 0.043142 0.106981 0.123145
0.640717 0.000010 0.048230 0.051121 0.000010 0.026921 0.000010 0.116011 0.116970
0.455920 0.000010 0.000012 0.198797 0.000010 0.105797 0.000010 0.136966 0.102478
0.477610 0.053751 0.000010 0.000010 0.000010 0.000010 0.025009 0.290963 0.152627
0.403696 0.035201 0.000010 0.046813 0.000010 0.079210 0.011823 0.421810 0.001427
0.467779 0.000010 0.000010 0.077077 0.000012 0.000010 0.000010 0.422442 0.032650
0.774798 0.000010 0.077663 0.000010 0.020018 0.106051 0.003908 0.000010 0.017533
0.434789 0.000010 0.000010 0.171476 0.000010 0.000010 0.000010 0.265311 0.128375
0.516917 0.000010 0.000010 0.024081 0.077867 0.031791 0.000010 0.336588 0.012725
0.323991 0.000010 0.057711 0.073519 0.000010 0.000010 0.027484 0.259583 0.257682
0.000010 0.028419 0.000010 0.000010 0.000010 0.259061 0.021983 0.012032 0.678464
0.459239 0.000013 0.000015 0.134509 0.000010 0.000010 0.108317 0.297878 0.000010
0.589095 0.000011 0.000010 0.045650 0.000010 0.000010 0.000010 0.239646 0.125558
0.651437 0.000010 0.000010 0.000010 0.006625 0.024509 0.000010 0.196408 0.120981
0.412712 0.000010 0.000010 0.261628 0.028915 0.036401 0.054463 0.130217 0.075644
0.440462 0.000010 0.000010 0.035196 0.044499 0.032458 0.006742 0.415038 0.025587
0.529991 0.000010 0.000010 0.101573 0.000010 0.000010 0.111192 0.257194 0.000010
0.336967 0.000010 0.000010 0.130796 0.000010 0.001890 0.000010 0.318693 0.211614
0.355653 0.000010 0.000010 0.121063 0.079257 0.063973 0.000010 0.369297 0.010727
0.569909 0.000010 0.020133 0.095493 0.104825 0.040841 0.000010 0.168768 0.000010
0.697477 0.000010 0.000013 0.000010 0.000010 0.000010 0.031048 0.122722 0.148700
0.482613 0.000010 0.000010 0.049219 0.007238 0.061630 0.000010 0.210408 0.188862
0.449895 0.038637 0.000010 0.000010 0.000010 0.089265 0.044521 0.377642 0.000010
0.500125 0.000010 0.083717 0.026190 0.000010 0.000010 0.000010 0.389918 0.000010
0.702844 0.000010 0.000010 0.000015 0.000010 0.000010 0.000010 0.266035 0.031056
0.511125 0.000010 0.000010 0.000010 0.000010 0.066362 0.012844 0.385118 0.024511
0.597145 0.000010 0.000010 0.000010 0.000010 0.097640 0.000010 0.305155 0.000010
0.448460 0.000010 0.000010 0.368372 0.017273 0.000010 0.000010 0.165845 0.000010
0.511565 0.000010 0.000010 0.010510 0.000010 0.039285 0.078266 0.360333 0.000010
0.474791 0.004386 0.000010 0.091986 0.000010 0.056370 0.001078 0.333326 0.038043
0.540035 0.107183 0.000010 0.130167 0.000010 0.000384 0.000010 0.199777 0.022424
0.691195 0.000010 0.000010 0.000010 0.007590 0.038096 0.000010 0.214841 0.048237
0.565838 0.000010 0.036876 0.000010 0.088481 0.000010 0.030022 0.228375 0.050378
0.396268 0.000010 0.000012 0.226883 0.022321 0.000010 0.000010 0.352558 0.001927
0.575935 0.045474 0.000010 0.065383 0.000010 0.013636 0.000010 0.124878 0.174663
0.383984 0.000010 0.000010 0.126286 0.000010 0.000010 0.156748 0.253715 0.079226
0.614847 0.000010 0.000010 0.000010 0.000010 0.115238 0.000010 0.240385 0.029480
0.526953 0.000010 0.011573 0.000010 0.000010 0.086746 0.000010 0.258040 0.116648
0.553341 0.090555 0.000010 0.000010 0.032093 0.155507 0.000015 0.168460 0.000010
0.533928 0.000010 0.006667 0.000010 0.000010 0.123995 0.000010 0.335360 0.000010
0.604671 0.000010 0.000010 0.018539 0.121104 0.135270 0.000010 0.120376 0.000010
0.582966 0.000010 0.017213 0.016318 0.000010 0.032016 0.000010 0.351447 0.000010
0.000010 0.000010 0.019060 0.000010 0.832176 0.000010 0.148704 0.000010 0.000010
0.000010 0.011221 0.000010 0.000010 0.805397 0.000010 0.176930 0.000010 0.006402
0.000010 0.000010 0.096565 0.000010 0.618949 0.000010 0.284426 0.000010 0.000010
0.000010 0.000010 0.000010 0.000010 0.824721 0.000010 0.175209 0.000010 0.000010
0.000016 0.000010 0.000010 0.000011 0.789242 0.000010 0.210681 0.000010 0.000010
0.000013 0.027924 0.134390 0.000010 0.554258 0.052957 0.230427 0.000010 0.000010
0.000010 0.000010 0.000010 0.011952 0.888651 0.000010 0.099336 0.000010 0.000010
0.660369 0.000010 0.000010 0.213176 0.000010 0.021374 0.061882 0.026856 0.016314
0.611568 0.000010 0.000010 0.305198 0.039255 0.000010 0.000010 0.043929 0.000010
0.539647 0.000010 0.000010 0.246926 0.150693 0.000010 0.028428 0.000010 0.034266
0.635778 0.000010 0.056367 0.156989 0.002891 0.000010 0.000010 0.147936 0.000010
0.449841 0.000010 0.000010 0.367982 0.000010 0.000010 0.000010 0.174510 0.007618
0.377185 0.000010 0.000010 0.277143 0.108684 0.000010 0.008258 0.203435 0.025265
0.486584 0.000010 0.077561 0.204913 0.000010 0.000010 0.000010 0.230892 0.000010
0.338807 0.021538 0.000010 0.461823 0.016385 0.000010 0.029662 0.019209 0.112556
0.450803 0.063515 0.000010 0.216690 0.000010 0.000010 0.051521 0.217431 0.000010
0.428712 0.106159 0.000010 0.215614 0.043880 0.000010 0.147302 0.058303 0.000010
0.485774 0.000010 0.000010 0.119463 0.025257 0.000010 0.054809 0.161014 0.153653
0.282047 0.000010 0.000010 0.132017 0.023151 0.067464 0.000010 0.435578 0.059713
0.697301 0.000010 0.004066 0.067604 0.000010 0.000010 0.000010 0.230979 0.000010
0.213213 0.000010 0.129601 0.134012 0.001720 0.009008 0.080050 0.152324 0.280062
0.307971 0.000010 0.000010 0.163126 0.051761 0.014908 0.000010 0.462194 0.000010
0.367497 0.000010 0.172047 0.014611 0.064648 0.006552 0.069717 0.304907 0.000010
0.394180 0.000010 0.000010 0.215754 0.024671 0.020274 0.103247 0.211918 0.029936
0.447311 0.083504 0.008283 0.193036 0.047101 0.000010 0.004377 0.216367 0.000010
0.467940 0.035131 0.016287 0.091911 0.000016 0.186741 0.000010 0.189358 0.012606
0.487536 0.000010 0.028027 0.000010 0.094376 0.000010 0.000010 0.194955 0.195065
0.457381 0.000010 0.000010 0.239114 0.000010 0.000010 0.000010 0.216849 0.086606
0.622670 0.000010 0.000010 0.006253 0.012769 0.000010 0.012956 0.187797 0.157525
0.499644 0.074316 0.000010 0.076293 0.000010 0.084732 0.000010 0.264976 0.000010
0.416799 0.000010 0.000010 0.000010 0.000011 0.073721 0.000010 0.509419 0.000010
0.518706 0.000010 0.000010 0.000010 0.043791 0.000010 0.118897 0.318556 0.000010
0.578413 0.024591 0.172204 0.000010 0.000010 0.032052 0.000010 0.192700 0.000010
0.561799 0.122020 0.002111 0.065020 0.016607 0.000010 0.017533 0.214890 0.000010
0.404713 0.000010 0.000010 0.161052 0.000010 0.000425 0.000010 0.433760 0.000010
0.572846 0.000010 0.000010 0.059260 0.000010 0.000010 0.047321 0.280734 0.039800
0.526427 0.076789 0.094814 0.225769 0.000010 0.000010 0.016772 0.059400 0.000010
0.719605 0.000010 0.000010 0.000010 0.000010 0.000010 0.081696 0.198639 0.000010
0.675071 0.000010 0.000010 0.125124 0.049052 0.000010 0.039151 0.111563 0.000010
0.419129 0.000010 0.105918 0.314464 0.000010 0.041470 0.000010 0.118979 0.000010
0.632283 0.000010 0.000010 0.100192 0.000010 0.022890 0.000010 0.069502 0.175094
0.587719 0.000010 0.000010 0.000010 0.000010 0.100643 0.000010 0.311578 0.000010
0.000010 0.893625 0.000010 0.000010 0.000010 0.000010 0.106305 0.000010 0.000010
0.185741 0.415413 0.059627 0.027464 0.003369 0.049159 0.058678 0.188222 0.012326
0.000010 0.897348 0.092688 0.000010 0.000010 0.009902 0.000011 0.000010 0.000010
0.000010 0.891042 0.000010 0.000010 0.016932 0.000010 0.091966 0.000010 0.000010
0.000010 0.000010 0.347029 0.000010 0.191788 0.000010 0.461124 0.000010 0.000010
0.000010 0.080265 0.472443 0.000010 0.000012 0.000010 0.386089 0.000010 0.061151
0.000010 0.042646 0.466311 0.000010 0.068789 0.003972 0.407028 0.000010 0.011224
0.066145 0.000010 0.497934 0.000010 0.000010 0.000010 0.345301 0.090571 0.000010
0.027880 0.024404 0.585794 0.000010 0.030874 0.015185 0.315833 0.000010 0.000010
0.000010 0.036777 0.354256 0.000010 0.073226 0.000010 0.455184 0.000010 0.080516
0.102308 0.000010 0.425299 0.000010 0.000010 0.036689 0.410653 0.025011 0.000010
0.027923 0.056831 0.437922 0.013364 0.000010 0.010249 0.453680 0.000010 0.000010
0.000010 0.000015 0.182309 0.000010 0.169202 0.032141 0.467869 0.148433 0.000010
0.000010 0.000010 0.395952 0.018544 0.086953 0.000010 0.377313 0.115758 0.005451
0.390259 0.091275 0.049713 0.000015 0.097176 0.134385 0.000010 0.237156 0.000010
0.613872 0.000010 0.000010 0.060464 0.070885 0.000010 0.092957 0.085150 0.076641
0.576268 0.000010 0.019144 0.000010 0.000010 0.042454 0.021356 0.332266 0.008481
0.538506 0.120812 0.000179 0.000010 0.000011 0.000010 0.000010 0.308433 0.032029
0.263665 0.000010 0.000010 0.455339 0.048058 0.007227 0.000010 0.225672 0.000010
0.374514 0.000010 0.010135 0.242407 0.024264 0.000010 0.000010 0.152130 0.196521
0.470082 0.017344 0.000010 0.244290 0.000010 0.000010 0.000010 0.267269 0.000975
0.411188 0.000010 0.000010 0.002351 0.000010 0.007351 0.137165 0.441905 0.000010
0.250864 0.005845 0.000010 0.125488 0.031720 0.046788 0.100818 0.011005 0.427463
0.427552 0.000010 0.067429 0.113387 0.018955 0.113840 0.000010 0.150300 0.108518
0.602163 0.000010 0.000010 0.074971 0.000010 0.015396 0.000010 0.301915 0.005514
0.719445 0.000010 0.117616 0.000010 0.000010 0.000010 0.000010 0.162879 0.000010
0.244983 0.060658 0.119553 0.035335 0.000010 0.000010 0.020648 0.202199 0.316604
0.664772 0.000010 0.000010 0.000010 0.000010 0.027243 0.051756 0.256179 0.000010
0.448091 0.000010 0.034621 0.066226 0.000010 0.044167 0.000010 0.406855 0.000010
0.414661 0.125420 0.000010 0.057330 0.016714 0.111366 0.000010 0.018465 0.256024
0.293805 0.000010 0.084051 0.002659 0.000010 0.028378 0.000010 0.288372 0.302705
0.391822 0.000010 0.000010 0.376237 0.019973 0.000010 0.000010 0.211919 0.000010
0.148422 0.033376 0.000010 0.335188 0.000010 0.089369 0.038688 0.223515 0.131422
0.601178 0.021130 0.000010 0.026136 0.000010 0.041318 0.046096 0.226745 0.037377
0.483684 0.000010 0.022205 0.180801 0.126132 0.036172 0.000010 0.150976 0.000010
0.000010 0.000018 0.800426 0.000010 0.000010 0.000010 0.199496 0.000010 0.000010
0.000010 0.099307 0.792282 0.000010 0.000019 0.000017 0.108333 0.000012 0.000010
0.000010 0.000010 0.678476 0.000010 0.007524 0.000010 0.313940 0.000010 0.000010
0.000010 0.000010 0.705108 0.000010 0.000010 0.000010 0.294822 0.000010 0.000010
0.012511 0.000010 0.631494 0.021750 0.000010 0.000010 0.334194 0.000010 0.000010
0.000010 0.035366 0.660959 0.000010 0.000010 0.000010 0.285732 0.000010 0.017893
0.000010 0.083931 0.721789 0.000010 0.000010 0.000010 0.194220 0.000010 0.000010
0.000010 0.000010 0.523876 0.000010 0.129296 0.000010 0.285998 0.000010 0.060780
0.000010 0.044778 0.605713 0.000010 0.113632 0.000010 0.235827 0.000010 0.000010
0.000010 0.000010 0.582794 0.000010 0.088382 0.000010 0.267370 0.000010 0.061404
0.000010 0.079125 0.630556 0.000014 0.000013 0.000010 0.215177 0.075085 0.000010
0.000010 0.032302 0.679748 0.000010 0.000013 0.000010 0.287887 0.000010 0.000010
0.000010 0.000010 0.700815 0.007974 0.000013 0.009733 0.281425 0.000010 0.000010
0.000010 0.018384 0.680586 0.000010 0.000010 0.030436 0.270544 0.000010 0.000010
0.000010 0.000010 0.597600 0.042539 0.000010 0.000010 0.359802 0.000010 0.000010
0.063720 0.000010 0.711521 0.000010 0.000010 0.000010 0.219607 0.000010 0.005102
0.000010 0.005480 0.564116 0.000010 0.159473 0.032335 0.134179 0.000010 0.104387
0.000010 0.139150 0.638169 0.000010 0.027864 0.000010 0.110338 0.055861 0.028587
0.000010 0.116022 0.599805 0.000010 0.048341 0.000012 0.235779 0.000010 0.000010
0.000010 0.083055 0.616113 0.000010 0.000010 0.000010 0.256865 0.043917 0.000010
0.000010 0.000010 0.702499 0.000010 0.000010 0.000010 0.237572 0.000010 0.059868
0.000010 0.104317 0.721230 0.000010 0.000010 0.000010 0.174394 0.000010 0.000010
0.000010 0.035922 0.593599 0.000010 0.000010 0.022407 0.348021 0.000010 0.000010
0.015443 0.206642 0.599230 0.000010 0.000010 0.000010 0.174310 0.000010 0.004336
0.000010 0.000010 0.878055 0.000010 0.000019 0.000010 0.121866 0.000010 0.000010
0.000010 0.002696 0.606376 0.000010 0.000010 0.000010 0.358169 0.000010 0.032709
0.000010 0.050722 0.667679 0.021006 0.000010 0.000010 0.208208 0.052346 0.000010
0.018792 0.001322 0.593364 0.000010 0.000010 0.000010 0.386473 0.000010 0.000010
0.000010 0.085843 0.554051 0.000010 0.000010 0.000010 0.360045 0.000010 0.000010
0.000010 0.074873 0.716765 0.000010 0.000013 0.000010 0.208299 0.000010 0.000010
0.000010 0.000010 0.545599 0.003099 0.098862 0.009564 0.342835 0.000010 0.000010
0.000010 0.014375 0.693849 0.000010 0.050057 0.000010 0.221338 0.000010 0.020340
0.000010 0.000010 0.660317 0.000010 0.000010 0.000010 0.339613 0.000010 0.000010
0.000010 0.000019 0.625020 0.000010 0.001161 0.002106 0.295317 0.000010 0.076347
0.000010 0.000010 0.580825 0.000010 0.042980 0.000010 0.376135 0.000010 0.000010
0.000010 0.000010 0.508942 0.000010 0.041418 0.000010 0.448706 0.000010 0.000884
0.000010 0.000010 0.675516 0.000010 0.000010 0.000010 0.324414 0.000010 0.000010
0.000010 0.040364 0.510168 0.000010 0.000010 0.000010 0.449408 0.000010 0.000010
0.000010 0.000010 0.699020 0.000010 0.000010 0.000010 0.300910 0.000010 0.000010
0.000010 0.000011 0.000010 0.000010 0.895711 0.000010 0.091688 0.012541 0.000010
0.000013 0.000010 0.031490 0.000010 0.881883 0.000010 0.086565 0.000010 0.000010
0.000010 0.000016 0.613294 0.000010 0.004815 0.000010 0.366885 0.000010 0.014949
0.000011 0.039386 0.602407 0.000010 0.000010 0.000010 0.336563 0.000010 0.021592
0.128145 0.000011 0.000010 0.352411 0.000010 0.000010 0.000010 0.473498 0.045895
0.045094 0.016579 0.000010 0.523999 0.000010 0.020366 0.105642 0.288290 0.000010
0.102885 0.000010 0.000010 0.525888 0.000010 0.000010 0.061368 0.309809 0.000010
0.305717 0.059084 0.000010 0.444110 0.000010 0.000010 0.000010 0.151600 0.039449
0.341879 0.013483 0.016667 0.423415 0.035908 0.060703 0.000010 0.107925 0.000010
0.113286 0.074498 0.000010 0.579427 0.000010 0.000010 0.054856 0.177893 0.000010
0.301478 0.000010 0.068728 0.357069 0.000010 0.003887 0.000010 0.268798 0.000010
0.478028 0.015960 0.000010 0.185255 0.000010 0.042646 0.000010 0.278070 0.000010
0.366235 0.000010 0.000010 0.248357 0.000010 0.000010 0.000010 0.385348 0.000010
0.388535 0.000010 0.000010 0.303537 0.084039 0.000010 0.000010 0.221167 0.002681
0.370111 0.000010 0.027096 0.346979 0.000010 0.000010 0.017827 0.237947 0.000010
0.390260 0.000010 0.000010 0.262730 0.000010 0.000010 0.033981 0.312979 0.000010
0.213234 0.000010 0.000010 0.505662 0.000010 0.032079 0.038427 0.210558 0.000010
0.000010 0.000010 0.586724 0.000010 0.096394 0.058328 0.210940 0.047574 0.000010
0.000013 0.025953 0.533818 0.000010 0.000010 0.000010 0.401930 0.000010 0.038245
0.000010 0.000015 0.566687 0.014027 0.028881 0.068285 0.322075 0.000010 0.000010
0.000010 0.060965 0.582098 0.000010 0.043264 0.000010 0.311977 0.001656 0.000010
0.000010 0.000010 0.670979 0.000010 0.000010 0.040989 0.225478 0.062504 0.000010
0.000010 0.000010 0.510071 0.001901 0.000010 0.000010 0.411466 0.000010 0.076512
0.000010 0.037992 0.568879 0.000010 0.000010 0.000010 0.393069 0.000010 0.000010
0.000010 0.000010 0.575514 0.000010 0.031738 0.000010 0.344909 0.000010 0.047789
0.000010 0.105379 0.482864 0.000010 0.059811 0.000010 0.351896 0.000010 0.000010
0.000010 0.000010 0.534649 0.000010 0.092172 0.000010 0.352530 0.020598 0.000010
0.000010 0.026307 0.645228 0.000010 0.009796 0.000010 0.318620 0.000010 0.000010
0.000010 0.037723 0.658941 0.000010 0.000010 0.000010 0.301390 0.000010 0.001896
