0.381519 0.000010 0.000010 0.000010 0.130543 0.000327 0.077793 0.389670 0.020118
0.003865 0.010008 0.000010 0.133968 0.086293 0.000010 0.119356 0.646481 0.000010
0.301358 0.231214 0.000010 0.000010 0.019605 0.000010 0.019277 0.428506 0.000010
0.136862 0.116418 0.086583 0.154980 0.072125 0.000010 0.128916 0.304096 0.000010
0.226096 0.000010 0.074960 0.000010 0.115097 0.000010 0.000010 0.583797 0.000010
0.458465 0.000010 0.000010 0.000010 0.000010 0.000010 0.007617 0.529996 0.003872
0.202893 0.126208 0.000010 0.124368 0.157071 0.017186 0.000010 0.344360 0.027895
0.055487 0.000010 0.000010 0.085755 0.000010 0.105662 0.100833 0.652223 0.000010
0.306540 0.000010 0.000010 0.134862 0.000010 0.000010 0.081360 0.477189 0.000010
0.143214 0.000010 0.000010 0.016461 0.137687 0.040895 0.037510 0.624203 0.000010
0.046972 0.000010 0.020029 0.143318 0.145731 0.042689 0.020852 0.580390 0.000010
0.133818 0.188564 0.088644 0.152884 0.000010 0.000010 0.062500 0.373560 0.000010
0.206926 0.043052 0.131657 0.229877 0.147268 0.072674 0.072616 0.095919 0.000010
0.304120 0.097529 0.036468 0.038708 0.120342 0.000010 0.144993 0.228381 0.029449
0.288356 0.241378 0.000010 0.056583 0.098070 0.000010 0.019958 0.295624 0.000010
0.255752 0.133647 0.132992 0.000010 0.055129 0.000010 0.000010 0.422440 0.000010
0.240689 0.103477 0.036602 0.176950 0.016012 0.000010 0.190263 0.235987 0.000010
0.182928 0.030622 0.000010 0.000010 0.024204 0.000010 0.100308 0.661899 0.000010
0.292908 0.037380 0.105332 0.000010 0.043976 0.000010 0.000010 0.520365 0.000010
0.429703 0.000010 0.000010 0.000010 0.000010 0.000010 0.097303 0.472934 0.000010
0.357644 0.083565 0.000010 0.042766 0.109217 0.000010 0.118266 0.288513 0.000010
0.303376 0.099818 0.000010 0.000010 0.023185 0.000010 0.013497 0.560084 0.000010
0.421307 0.000010 0.000014 0.000010 0.036369 0.120428 0.211278 0.192909 0.017674
0.405305 0.021727 0.000010 0.000010 0.160164 0.047683 0.025952 0.339138 0.000010
0.048295 0.000010 0.000010 0.219918 0.150560 0.000010 0.089382 0.491804 0.000010
0.176962 0.000010 0.059857 0.153714 0.000010 0.000010 0.016806 0.592621 0.000010
0.341444 0.000010 0.053577 0.000010 0.052762 0.000010 0.137123 0.415054 0.000010
0.000010 0.082514 0.140049 0.000010 0.000010 0.024106 0.188966 0.267612 0.296723
0.291316 0.037546 0.019815 0.172751 0.000010 0.000010 0.100618 0.377923 0.000010
0.262748 0.055908 0.000010 0.235355 0.000010 0.031144 0.000010 0.378096 0.036720
0.192367 0.010605 0.000010 0.018753 0.000010 0.034030 0.211313 0.532902 0.000010
0.472170 0.000010 0.000010 0.000010 0.050597 0.024912 0.012914 0.439367 0.000010
0.009181 0.019859 0.120934 0.090946 0.022045 0.063957 0.000010 0.673058 0.000010
0.387506 0.155075 0.000010 0.000010 0.058330 0.067364 0.005464 0.326231 0.000010
0.096589 0.000010 0.000010 0.017049 0.000010 0.000010 0.335251 0.551061 0.000010
0.288818 0.000010 0.000010 0.074817 0.149519 0.062583 0.022418 0.401816 0.000010
0.274155 0.000010 0.032368 0.000010 0.044705 0.005743 0.021996 0.621003 0.000010
0.045108 0.000010 0.000010 0.145561 0.000010 0.000010 0.203160 0.606120 0.000010
0.327318 0.061897 0.000010 0.000010 0.026105 0.017711 0.048346 0.518593 0.000010
0.406034 0.000010 0.000010 0.075841 0.061011 0.000010 0.032049 0.425025 0.000010
0.000010 0.000010 0.000010 0.164795 0.055789 0.013863 0.082930 0.650204 0.032388
0.070637 0.000010 0.052497 0.168228 0.041932 0.000010 0.156960 0.509715 0.000010
0.327980 0.054633 0.024667 0.068783 0.024397 0.000010 0.078024 0.401288 0.020218
0.108161 0.000010 0.054689 0.000010 0.000010 0.000010 0.086173 0.729629 0.021308
0.306258 0.000010 0.025187 0.118647 0.058936 0.000010 0.138614 0.352329 0.000010
0.252542 0.000010 0.015880 0.191869 0.000010 0.099060 0.095934 0.344685 0.000010
0.336007 0.000010 0.086494 0.000010 0.024538 0.000010 0.171483 0.381439 0.000010
0.266440 0.000010 0.017540 0.041304 0.051175 0.000010 0.227705 0.395806 0.000010
0.067578 0.112873 0.481496 0.211920 0.000010 0.000010 0.032961 0.093143 0.000010
0.000010 0.053071 0.426677 0.083113 0.000010 0.063061 0.353711 0.000687 0.019660
0.211884 0.030875 0.331494 0.000010 0.000010 0.000010 0.188080 0.237626 0.000010
0.015280 0.147203 0.228487 0.219596 0.046428 0.008117 0.045001 0.289877 0.000010
0.174274 0.000010 0.133295 0.266166 0.000010 0.000010 0.255256 0.170970 0.000010
0.195207 0.049303 0.270691 0.000010 0.081667 0.000010 0.173621 0.229481 0.000010
0.000010 0.005705 0.482759 0.124209 0.040714 0.020967 0.234896 0.085468 0.005272
0.003647 0.000010 0.544534 0.000010 0.000010 0.000010 0.129988 0.321780 0.000010
0.127858 0.009660 0.524495 0.000010 0.008087 0.001720 0.265714 0.062447 0.000010
0.273973 0.050559 0.367385 0.000010 0.000010 0.000010 0.285528 0.022515 0.000010
0.169901 0.000010 0.274011 0.125259 0.027805 0.000010 0.155525 0.247469 0.000010
0.194194 0.000010 0.371265 0.000010 0.089574 0.031167 0.108539 0.205231 0.000010
0.028958 0.317802 0.243901 0.000010 0.000010 0.000010 0.231680 0.177619 0.000010
0.376386 0.000010 0.092790 0.026693 0.084019 0.000010 0.132746 0.287335 0.000010
0.146468 0.000010 0.062573 0.063200 0.113450 0.035741 0.209458 0.369090 0.000010
0.287639 0.000010 0.288433 0.162479 0.145916 0.000010 0.054366 0.061138 0.000010
0.153301 0.000010 0.454692 0.087480 0.000010 0.000010 0.069867 0.234620 0.000010
0.198251 0.053010 0.419663 0.010128 0.000010 0.000010 0.171960 0.146957 0.000010
0.036305 0.032830 0.339492 0.133518 0.000010 0.000010 0.158199 0.299626 0.000010
0.075391 0.130288 0.477589 0.000010 0.060257 0.000010 0.010409 0.246036 0.000010
0.325059 0.000010 0.242544 0.000010 0.125882 0.000010 0.242830 0.063644 0.000010
0.222457 0.157846 0.100895 0.030561 0.051602 0.000010 0.221294 0.188304 0.027032
0.146649 0.048995 0.000502 0.000010 0.000013 0.008261 0.000010 0.210230 0.585330
0.273202 0.062380 0.000010 0.000010 0.000010 0.052761 0.000010 0.605241 0.006376
0.188713 0.000010 0.000010 0.116875 0.051569 0.003880 0.000010 0.638923 0.000010
0.260867 0.000010 0.019409 0.123434 0.001520 0.000010 0.228508 0.366233 0.000010
0.243009 0.000010 0.000010 0.000010 0.157338 0.057030 0.156028 0.384892 0.001673
0.106295 0.123684 0.000010 0.198931 0.072529 0.000010 0.000010 0.498522 0.000010
0.506403 0.000010 0.000010 0.000010 0.219605 0.004532 0.000010 0.269410 0.000010
0.183005 0.047496 0.072540 0.083011 0.137365 0.260893 0.000010 0.134463 0.081216
0.244989 0.000010 0.000010 0.163658 0.000010 0.000010 0.029862 0.238396 0.323055
0.081194 0.018395 0.026196 0.400016 0.000010 0.000012 0.065433 0.408735 0.000010
0.242112 0.025940 0.000010 0.105031 0.048876 0.000010 0.199632 0.378379 0.000010
0.422299 0.033584 0.000010 0.000010 0.000010 0.000010 0.182593 0.361475 0.000010
0.290256 0.165116 0.104631 0.003414 0.000010 0.000010 0.000010 0.436543 0.000010
0.412913 0.176790 0.000010 0.002810 0.000010 0.000010 0.000010 0.407436 0.000010
0.391971 0.000010 0.125064 0.034031 0.034111 0.000010 0.052981 0.361812 0.000010
0.163966 0.104030 0.000010 0.027463 0.000010 0.000010 0.087717 0.616784 0.000010
0.362825 0.000010 0.000010 0.071637 0.000010 0.000010 0.082958 0.482530 0.000010
0.401226 0.000017 0.143780 0.028456 0.029126 0.000010 0.000010 0.397365 0.000010
0.099946 0.000010 0.037135 0.297237 0.042883 0.000010 0.168392 0.354377 0.000010
0.384900 0.086379 0.284233 0.059072 0.057274 0.000010 0.000010 0.128112 0.000010
0.160046 0.094384 0.000010 0.071719 0.020350 0.000010 0.038899 0.614573 0.000010
0.275229 0.000010 0.209139 0.000010 0.014639 0.000010 0.073991 0.426962 0.000010
0.164610 0.000010 0.069246 0.000010 0.117595 0.000010 0.091634 0.556875 0.000010
0.086728 0.087599 0.000010 0.000010 0.000010 0.000010 0.022889 0.802733 0.000010
0.198832 0.000010 0.000094 0.005110 0.118766 0.105147 0.000010 0.572021 0.000010
0.000010 0.000010 0.026072 0.055137 0.000010 0.000010 0.241094 0.677647 0.000010
0.303325 0.000010 0.027600 0.111211 0.000010 0.000010 0.000010 0.557815 0.000010
0.149022 0.004719 0.000010 0.000010 0.086395 0.000010 0.212119 0.547704 0.000010
0.338285 0.000010 0.157002 0.120998 0.038647 0.000010 0.008203 0.336834 0.000010
0.336641 0.000010 0.000010 0.000010 0.038417 0.000010 0.186347 0.438545 0.000010
0.030959 0.060213 0.000010 0.142505 0.024499 0.175805 0.105428 0.121306 0.339275
0.068512 0.000010 0.000010 0.077433 0.038557 0.000010 0.102597 0.336306 0.376565
0.158697 0.053477 0.015502 0.000010 0.000194 0.037619 0.135005 0.498178 0.101319
0.342780 0.095743 0.002343 0.031725 0.140181 0.000010 0.060421 0.326787 0.000010
0.028091 0.000010 0.000010 0.117415 0.000010 0.000010 0.201988 0.638232 0.014235
0.000011 0.000010 0.040191 0.159153 0.189687 0.013683 0.127227 0.435540 0.034497
0.377582 0.000010 0.165365 0.000010 0.000010 0.000010 0.051872 0.405131 0.000010
0.293862 0.000010 0.000010 0.000010 0.000010 0.000010 0.224540 0.481538 0.000010
0.320355 0.010383 0.028954 0.029416 0.000010 0.000010 0.221963 0.354190 0.034719
0.007146 0.000010 0.010887 0.274243 0.000010 0.000010 0.383454 0.324230 0.000010
0.076444 0.163200 0.000010 0.082328 0.000010 0.000010 0.136212 0.529013 0.012773
0.174264 0.148138 0.000010 0.110876 0.000010 0.000010 0.172089 0.394592 0.000010
0.184524 0.056335 0.000010 0.000010 0.000010 0.000010 0.212196 0.432808 0.114097
0.069947 0.048335 0.014585 0.207221 0.000010 0.000010 0.087793 0.572090 0.000010
0.161876 0.125537 0.000010 0.000010 0.000010 0.049878 0.083615 0.579054 0.000010
0.241766 0.000010 0.000010 0.265239 0.000010 0.000010 0.217732 0.275213 0.000010
0.176103 0.181352 0.000010 0.000010 0.077962 0.000010 0.133983 0.430560 0.000010
0.185517 0.000010 0.000010 0.000010 0.058885 0.000010 0.228494 0.527054 0.000010
0.104904 0.000010 0.000010 0.150347 0.000010 0.051976 0.004254 0.675540 0.012949
0.180853 0.021131 0.046921 0.186185 0.035400 0.000010 0.067181 0.462310 0.000010
0.239969 0.150151 0.000010 0.000012 0.072055 0.013485 0.044237 0.480072 0.000010
0.247430 0.000010 0.105390 0.000010 0.000010 0.000010 0.042183 0.604947 0.000010
0.322205 0.000010 0.067118 0.000010 0.000010 0.000010 0.166084 0.444544 0.000010
0.218258 0.000011 0.083636 0.091778 0.066179 0.000010 0.102819 0.437298 0.000010
0.273803 0.117951 0.135390 0.054072 0.042383 0.000010 0.002822 0.373560 0.000010
0.085566 0.143169 0.000010 0.126552 0.034003 0.003293 0.000010 0.607388 0.000010
0.226702 0.030390 0.068797 0.000010 0.000010 0.019613 0.091345 0.563123 0.000010
0.200038 0.000010 0.000010 0.000010 0.000010 0.000010 0.157702 0.642201 0.000010
0.290895 0.126144 0.000010 0.287167 0.000010 0.000010 0.048142 0.247613 0.000010
0.035962 0.158640 0.000010 0.260158 0.005135 0.000010 0.144177 0.395899 0.000010
0.000011 0.000010 0.028767 0.342253 0.000010 0.000010 0.190504 0.387467 0.050968
0.205787 0.000010 0.000010 0.188905 0.000010 0.000010 0.215843 0.389415 0.000010
0.054267 0.000010 0.088222 0.201544 0.000010 0.000010 0.105042 0.550885 0.000010
0.218117 0.000010 0.039739 0.129893 0.029189 0.000010 0.068796 0.514235 0.000010
0.169642 0.103963 0.000010 0.203925 0.080310 0.040586 0.000010 0.401544 0.000010
0.040715 0.000010 0.048133 0.172734 0.008922 0.000010 0.087367 0.642098 0.000010
0.277149 0.000010 0.000010 0.000010 0.096349 0.035731 0.167511 0.423220 0.000010
0.275974 0.091032 0.034051 0.131916 0.000010 0.000010 0.000010 0.407404 0.059592
0.310201 0.000010 0.137068 0.127988 0.000010 0.056781 0.108321 0.259610 0.000010
0.410325 0.000011 0.152178 0.000010 0.000010 0.049066 0.048059 0.340331 0.000010
0.386209 0.000010 0.000010 0.000010 0.000010 0.000010 0.122580 0.491151 0.000010
0.237547 0.000010 0.000010 0.000010 0.000010 0.000010 0.231280 0.531113 0.000010
0.252366 0.000010 0.103613 0.000319 0.062851 0.000010 0.148708 0.432114 0.000010
0.009307 0.050901 0.000010 0.264890 0.000010 0.000010 0.000010 0.674852 0.000010
0.073259 0.000010 0.000010 0.164401 0.108896 0.000290 0.003859 0.649267 0.000010
0.143116 0.044306 0.144960 0.008353 0.031528 0.000010 0.390436 0.237280 0.000010
0.231202 0.000010 0.114788 0.041572 0.008663 0.000945 0.116921 0.485890 0.000010
0.139300 0.027048 0.000010 0.256218 0.082386 0.000010 0.000010 0.477968 0.017050
0.000010 0.000010 0.134485 0.191396 0.000010 0.013858 0.000010 0.660210 0.000010
0.471041 0.000010 0.000010 0.025861 0.000010 0.077466 0.000010 0.425582 0.000010
0.270863 0.141635 0.000010 0.051374 0.044494 0.000010 0.030412 0.461192 0.000010
0.091948 0.038665 0.111424 0.104262 0.072330 0.000010 0.000010 0.581342 0.000010
0.000010 0.115567 0.069876 0.257088 0.000010 0.000010 0.067519 0.489910 0.000010
0.110104 0.000010 0.066241 0.220901 0.027706 0.000010 0.188893 0.386125 0.000010
0.000011 0.073858 0.162460 0.414392 0.000010 0.139667 0.000010 0.209582 0.000010
0.046987 0.033290 0.008210 0.237785 0.020702 0.038547 0.071667 0.519423 0.023389
0.165689 0.000010 0.000010 0.209557 0.123937 0.000010 0.149855 0.350921 0.000010
0.191080 0.000010 0.135643 0.000010 0.076319 0.000010 0.127799 0.469118 0.000010
0.155004 0.024731 0.062069 0.067398 0.065306 0.000010 0.212073 0.413399 0.000010
0.061339 0.050612 0.144913 0.120919 0.000010 0.000010 0.025641 0.596546 0.000010
0.072927 0.251617 0.024888 0.000010 0.000010 0.000010 0.021817 0.628712 0.000010
0.000010 0.033267 0.231369 0.258173 0.000010 0.037544 0.000010 0.439608 0.000010
0.227066 0.000010 0.082980 0.046299 0.150865 0.000010 0.099856 0.392905 0.000010
0.235468 0.053037 0.092409 0.012213 0.000010 0.000010 0.151887 0.454956 0.000010
0.276412 0.211334 0.020719 0.013616 0.000010 0.000010 0.077351 0.400420 0.000129
0.260057 0.091396 0.162677 0.004310 0.100071 0.000010 0.120921 0.228776 0.031780
0.019734 0.000635 0.117658 0.267357 0.000010 0.049709 0.037465 0.507422 0.000010
0.262424 0.000010 0.127977 0.169434 0.050614 0.000010 0.050502 0.339018 0.000010
0.077020 0.000010 0.000010 0.106561 0.063404 0.000010 0.160283 0.592692 0.000010
0.037763 0.000010 0.016824 0.109723 0.000010 0.000010 0.366003 0.436289 0.033368
0.061049 0.037291 0.000010 0.150686 0.100439 0.000010 0.254291 0.396214 0.000010
0.060342 0.033997 0.214522 0.130144 0.000010 0.054834 0.212374 0.286034 0.007744
0.132578 0.041589 0.333508 0.000010 0.075293 0.000010 0.069329 0.347673 0.000010
0.402089 0.077915 0.030001 0.099606 0.082726 0.006366 0.000010 0.301276 0.000010
0.176396 0.058530 0.000010 0.213284 0.050721 0.000010 0.251048 0.249991 0.000010
0.070992 0.037910 0.121605 0.183289 0.000010 0.000010 0.037024 0.549150 0.000010
0.113360 0.000010 0.000010 0.009358 0.000010 0.000010 0.202570 0.649357 0.025314
0.076981 0.000010 0.000010 0.119068 0.027002 0.012715 0.042233 0.721971 0.000010
0.166458 0.144059 0.000010 0.000010 0.000010 0.000010 0.214979 0.474453 0.000010
0.036844 0.000010 0.059843 0.167630 0.031710 0.000010 0.321807 0.382135 0.000010
0.015294 0.000010 0.000010 0.117238 0.000010 0.047378 0.219036 0.601014 0.000010
0.173203 0.000010 0.006632 0.000010 0.000010 0.014407 0.355052 0.450666 0.000010
0.110891 0.090163 0.000010 0.091592 0.023627 0.130434 0.243989 0.309284 0.000010
0.000010 0.063607 0.126559 0.157718 0.015683 0.048545 0.115603 0.442418 0.029857
0.103875 0.030834 0.265461 0.011989 0.000010 0.000010 0.047280 0.529870 0.010671
0.218406 0.082051 0.092150 0.022442 0.000010 0.000010 0.073133 0.487132 0.024666
0.113149 0.131352 0.032552 0.014859 0.077327 0.000010 0.110229 0.520512 0.000010
0.000010 0.084620 0.000010 0.000010 0.000010 0.398693 0.011301 0.000010 0.505336
0.000010 0.000010 0.035868 0.000010 0.000010 0.358832 0.000010 0.000010 0.605240
0.000010 0.022543 0.000010 0.000010 0.008040 0.439685 0.000010 0.000010 0.529682
0.000010 0.000010 0.000010 0.037476 0.000010 0.304943 0.000010 0.000010 0.657520
0.025759 0.000010 0.000010 0.000010 0.000010 0.298380 0.000010 0.000010 0.675801
0.000010 0.000010 0.000010 0.072683 0.000010 0.326600 0.000010 0.000010 0.600657
0.000010 0.000010 0.000010 0.000010 0.027438 0.534641 0.000010 0.000010 0.437861
0.000010 0.000010 0.000010 0.000010 0.000010 0.295221 0.031782 0.000010 0.672937
0.000010 0.000010 0.000010 0.000010 0.000010 0.412917 0.045095 0.000010 0.541928
0.000010 0.000010 0.000010 0.000010 0.000016 0.222287 0.000010 0.032073 0.745573
0.000010 0.000010 0.000010 0.000010 0.000010 0.249225 0.000010 0.000010 0.750705
0.033978 0.000010 0.000010 0.062558 0.000010 0.543728 0.000010 0.012711 0.346984
0.000010 0.050622 0.000010 0.000010 0.000010 0.501336 0.002654 0.046771 0.398578
0.000010 0.000010 0.039715 0.000010 0.000010 0.520397 0.000010 0.000010 0.439828
0.000010 0.000010 0.000010 0.018632 0.000010 0.380470 0.125625 0.000010 0.475223
0.000010 0.052447 0.000010 0.041990 0.041980 0.241398 0.000010 0.054515 0.567639
0.000010 0.021886 0.000010 0.000010 0.000010 0.320011 0.003583 0.052901 0.601578
0.000010 0.000010 0.000010 0.000010 0.012761 0.589838 0.000010 0.000010 0.397341
0.000010 0.035891 0.000010 0.000010 0.000010 0.581712 0.000010 0.000010 0.382337
0.000010 0.016789 0.000010 0.000541 0.044658 0.397348 0.000010 0.020392 0.520242
0.000010 0.011399 0.000010 0.000010 0.000010 0.556033 0.003597 0.108748 0.320182
0.040075 0.000010 0.000010 0.000010 0.000010 0.413655 0.000010 0.007430 0.538791
0.000010 0.020104 0.000010 0.000010 0.010526 0.410380 0.026877 0.004600 0.527483
0.000010 0.029950 0.000010 0.001822 0.000010 0.519042 0.016947 0.025309 0.406900
0.000010 0.000010 0.000010 0.000010 0.026109 0.309543 0.000010 0.000010 0.664288
0.000010 0.017494 0.000010 0.006635 0.025279 0.554292 0.000010 0.057202 0.339068
0.000295 0.000010 0.000010 0.026507 0.000010 0.526040 0.000010 0.000010 0.447109
0.000010 0.000010 0.000010 0.000010 0.000010 0.456098 0.000010 0.000010 0.543832
0.056722 0.043100 0.000010 0.000010 0.900119 0.000010 0.000010 0.000010 0.000010
0.560226 0.045618 0.000010 0.296816 0.000010 0.029329 0.000010 0.058255 0.009726
0.656579 0.000010 0.000010 0.113627 0.033833 0.067014 0.000010 0.128907 0.000010
0.235716 0.023370 0.000010 0.443938 0.011529 0.000010 0.067242 0.100536 0.117650
0.641888 0.000010 0.000010 0.000013 0.076940 0.000010 0.000010 0.281108 0.000010
0.331468 0.000010 0.000010 0.514479 0.000010 0.000010 0.132465 0.021537 0.000010
0.335903 0.000010 0.000010 0.152405 0.168074 0.000010 0.000010 0.203262 0.140316
0.332335 0.000010 0.000010 0.350566 0.073942 0.033772 0.000010 0.209346 0.000010
0.405766 0.026574 0.055668 0.219481 0.167008 0.008166 0.000010 0.084257 0.033071
0.444418 0.088563 0.000010 0.440228 0.000010 0.000010 0.026741 0.000010 0.000010
0.577714 0.000010 0.000010 0.172564 0.000010 0.126498 0.015052 0.108133 0.000010
0.389937 0.000010 0.000010 0.277564 0.006492 0.076390 0.035257 0.160729 0.053609
0.246786 0.000010 0.000010 0.336795 0.123178 0.000010 0.000010 0.293191 0.000010
0.456834 0.000010 0.000010 0.276080 0.011990 0.044564 0.000010 0.185551 0.024952
0.526854 0.000010 0.016375 0.394162 0.000010 0.000010 0.000010 0.040114 0.022454
0.429874 0.000010 0.000010 0.346308 0.000010 0.000010 0.000010 0.182310 0.041458
0.124834 0.000010 0.000010 0.332408 0.057668 0.000010 0.000010 0.485039 0.000010
0.561566 0.039440 0.000010 0.149133 0.000010 0.000010 0.000010 0.249810 0.000010
0.515582 0.000010 0.051760 0.254717 0.000010 0.045552 0.098091 0.000010 0.034268
0.111386 0.000010 0.000010 0.477222 0.000010 0.000010 0.101325 0.303558 0.006468
0.432845 0.000010 0.000010 0.170715 0.216567 0.000010 0.000010 0.179823 0.000010
0.561230 0.000010 0.000010 0.242647 0.058542 0.000010 0.016762 0.120778 0.000010
0.625177 0.000010 0.015167 0.108674 0.000010 0.031733 0.084938 0.134281 0.000010
0.222722 0.092489 0.000010 0.403826 0.051982 0.000010 0.002151 0.226800 0.000010
0.293627 0.000010 0.052950 0.393131 0.000010 0.000010 0.066387 0.182250 0.011625
0.375176 0.000010 0.000010 0.264307 0.008877 0.000010 0.061799 0.242262 0.047549
0.506243 0.000010 0.006592 0.293554 0.000010 0.102183 0.000010 0.091387 0.000010
0.419106 0.000010 0.000010 0.262783 0.068790 0.000010 0.046971 0.202310 0.000010
0.425249 0.000010 0.000010 0.285737 0.000010 0.000010 0.000010 0.288954 0.000010
0.000010 0.000010 0.019672 0.000010 0.978745 0.000010 0.001524 0.000010 0.000010
0.000010 0.000010 0.028926 0.000010 0.971004 0.000010 0.000010 0.000010 0.000010
0.000010 0.000010 0.000010 0.000010 0.962880 0.000010 0.000010 0.019170 0.017890
0.000010 0.008433 0.096637 0.000010 0.871399 0.000010 0.000010 0.000010 0.023481
0.000010 0.056843 0.061491 0.000010 0.856969 0.000010 0.000010 0.024647 0.000010
0.000010 0.010195 0.108517 0.000010 0.866939 0.000010 0.000010 0.000010 0.014299
0.000010 0.000010 0.000010 0.000010 0.935314 0.000010 0.051860 0.000010 0.012766
0.000010 0.000010 0.065227 0.000010 0.934703 0.000010 0.000010 0.000010 0.000010
0.000010 0.004104 0.000010 0.000014 0.890345 0.000010 0.000010 0.105487 0.000010
0.000010 0.000010 0.000010 0.000010 0.929776 0.000014 0.000010 0.050917 0.019242
0.000010 0.000010 0.000010 0.000010 0.973911 0.000010 0.000010 0.003343 0.022686
0.000010 0.000010 0.030826 0.004851 0.915122 0.000010 0.000010 0.049151 0.000010
0.000010 0.086020 0.000010 0.000010 0.867072 0.000010 0.000010 0.000010 0.046848
0.000010 0.000010 0.012356 0.000010 0.905560 0.009030 0.000010 0.056491 0.016523
0.000010 0.043734 0.000012 0.000010 0.883110 0.000013 0.000010 0.073090 0.000010
0.000010 0.000010 0.000010 0.000010 0.972792 0.000010 0.000010 0.000010 0.027138
0.000010 0.000010 0.000010 0.000010 0.999920 0.000010 0.000010 0.000010 0.000010
0.610670 0.000010 0.000010 0.087598 0.063215 0.019869 0.004488 0.214131 0.000010
0.449915 0.000010 0.000010 0.081382 0.040402 0.000010 0.000010 0.428251 0.000010
0.485275 0.137549 0.006960 0.153309 0.134826 0.024873 0.000010 0.057188 0.000010
0.291879 0.000010 0.000010 0.286346 0.034624 0.000010 0.000010 0.387101 0.000010
0.480863 0.000010 0.000010 0.178420 0.085899 0.000010 0.000010 0.254768 0.000010
0.561057 0.000010 0.000010 0.000010 0.000010 0.000010 0.003229 0.435653 0.000010
0.781771 0.041023 0.000010 0.072136 0.019073 0.000010 0.000010 0.085958 0.000010
0.628921 0.033980 0.000010 0.000010 0.000010 0.000010 0.132502 0.200619 0.003938
0.600422 0.079383 0.000010 0.000010 0.000010 0.017544 0.000010 0.302600 0.000010
0.468522 0.000010 0.034839 0.000010 0.115414 0.000010 0.000010 0.302954 0.078231
0.552337 0.000010 0.150551 0.109345 0.000010 0.000010 0.000010 0.187717 0.000010
0.538497 0.043232 0.000010 0.204056 0.000010 0.056093 0.025795 0.132297 0.000010
0.324605 0.070075 0.000010 0.095591 0.000010 0.039817 0.000010 0.415984 0.053899
0.379456 0.000010 0.000010 0.041239 0.000010 0.064950 0.109586 0.338499 0.066240
0.427614 0.087802 0.056490 0.104734 0.019068 0.000010 0.000010 0.304263 0.000010
0.329888 0.000010 0.000010 0.248317 0.043743 0.000010 0.000010 0.276866 0.101146
0.480509 0.000010 0.084459 0.111244 0.000010 0.106139 0.000010 0.217609 0.000010
0.459008 0.000010 0.032591 0.246566 0.000010 0.036783 0.010986 0.214036 0.000010
0.410643 0.000010 0.031237 0.127957 0.061435 0.081862 0.031706 0.255141 0.000010
0.474038 0.000010 0.000010 0.174081 0.027773 0.073698 0.153161 0.081091 0.016138
0.607317 0.100222 0.044521 0.000010 0.000010 0.000010 0.000010 0.247890 0.000010
0.678566 0.083227 0.023505 0.000010 0.000010 0.123081 0.031266 0.060324 0.000010
0.513624 0.000010 0.136891 0.000010 0.069304 0.188384 0.016514 0.075253 0.000010
0.421308 0.000010 0.000010 0.175449 0.000010 0.005395 0.025501 0.372308 0.000010
0.434164 0.000010 0.092711 0.118561 0.000010 0.000010 0.000010 0.273120 0.081404
0.627342 0.046102 0.000010 0.000010 0.000010 0.000010 0.000010 0.326496 0.000010
0.425861 0.000010 0.018430 0.177170 0.194666 0.000010 0.067484 0.116360 0.000010
0.480464 0.013781 0.000010 0.119022 0.018299 0.000010 0.005641 0.362763 0.000010
0.507393 0.000010 0.000010 0.000010 0.012981 0.000010 0.000010 0.479565 0.000010
0.275811 0.023457 0.095671 0.086228 0.054477 0.194603 0.000010 0.264713 0.005030
0.678993 0.011863 0.080776 0.038280 0.027943 0.052715 0.015390 0.094030 0.000010
0.467784 0.000010 0.000010 0.200660 0.000010 0.000010 0.000010 0.331497 0.000010
0.620266 0.000010 0.040910 0.000010 0.019991 0.000010 0.000010 0.318783 0.000010
0.618415 0.000010 0.000010 0.168960 0.004102 0.000010 0.048162 0.143879 0.016452
0.665951 0.000010 0.000010 0.000010 0.057337 0.007940 0.069562 0.199169 0.000010
0.447865 0.000010 0.000010 0.099434 0.000010 0.000010 0.000010 0.427172 0.025479
0.588007 0.000010 0.000010 0.025190 0.000010 0.000010 0.000010 0.386743 0.000010
0.386019 0.017238 0.000010 0.000010 0.076961 0.000010 0.030857 0.488885 0.000010
0.546623 0.065148 0.086583 0.000010 0.025661 0.000010 0.034737 0.103672 0.137557
0.746246 0.086589 0.135394 0.000010 0.000010 0.000010 0.000010 0.031721 0.000010
0.534501 0.000010 0.000010 0.000010 0.107448 0.000010 0.000010 0.357991 0.000010
0.649112 0.000010 0.000010 0.127099 0.011030 0.000010 0.000010 0.212708 0.000010
0.594387 0.000010 0.051458 0.000010 0.000010 0.036576 0.000010 0.317529 0.000010
0.503438 0.000010 0.168234 0.000010 0.000010 0.000010 0.000010 0.274241 0.054037
0.782592 0.000010 0.000010 0.000010 0.000010 0.000010 0.000010 0.161099 0.056250
0.537847 0.000010 0.022605 0.000010 0.000010 0.005794 0.000010 0.395691 0.038023
0.766809 0.000010 0.000010 0.024890 0.000010 0.020404 0.000010 0.000010 0.187847
0.757097 0.000010 0.117983 0.000010 0.000010 0.000010 0.000010 0.124860 0.000010
0.589624 0.000010 0.000010 0.014654 0.000010 0.040129 0.000010 0.355544 0.000010
0.500300 0.093409 0.025442 0.000010 0.000010 0.000010 0.000010 0.192307 0.188502
0.484026 0.040354 0.000010 0.155867 0.078317 0.000010 0.047818 0.192841 0.000756
0.470973 0.000010 0.000010 0.098758 0.000010 0.030470 0.000010 0.399749 0.000010
0.748937 0.093174 0.000010 0.029323 0.000010 0.000010 0.000010 0.125787 0.002740
0.433123 0.134256 0.072880 0.000010 0.019131 0.124787 0.000010 0.000010 0.215792
0.814430 0.000010 0.000010 0.000010 0.088227 0.087756 0.000010 0.009538 0.000010
0.000010 0.000010 0.000010 0.067592 0.000010 0.057986 0.073712 0.000010 0.800660
0.628859 0.108154 0.000010 0.000010 0.000010 0.086723 0.000010 0.106704 0.069520
0.572531 0.000010 0.105182 0.066454 0.000010 0.094148 0.000010 0.161645 0.000010
0.682479 0.000010 0.033849 0.000010 0.000010 0.000010 0.000010 0.283612 0.000010
0.448094 0.020291 0.000010 0.232123 0.057189 0.000010 0.000010 0.000010 0.242263
0.539709 0.000010 0.000010 0.060543 0.041432 0.000010 0.007969 0.177061 0.173255
0.594793 0.000010 0.000010 0.000010 0.000010 0.000010 0.000010 0.347095 0.058051
0.800296 0.000010 0.007087 0.000010 0.000010 0.001475 0.000010 0.109869 0.081232
0.594658 0.000010 0.037251 0.000010 0.000010 0.000010 0.000010 0.173436 0.194606
0.591254 0.000010 0.014762 0.026157 0.003404 0.000010 0.048664 0.315728 0.000010
0.535421 0.000010 0.129710 0.000010 0.000010 0.027376 0.000010 0.279111 0.028342
0.601498 0.045840 0.000010 0.000010 0.000010 0.034260 0.000010 0.229817 0.088545
0.445515 0.000010 0.076133 0.110275 0.075278 0.015869 0.028117 0.121631 0.127173
0.467096 0.000010 0.119935 0.055968 0.000010 0.000010 0.000010 0.356952 0.000010
0.630335 0.004079 0.019358 0.000010 0.000010 0.000010 0.047166 0.299022 0.000010
0.175100 0.000010 0.028396 0.131950 0.000010 0.008936 0.030301 0.384360 0.240937
0.565532 0.062990 0.000010 0.129833 0.010142 0.040441 0.000010 0.057935 0.133106
0.686141 0.000010 0.041469 0.068696 0.000010 0.000010 0.071091 0.132563 0.000010
0.741401 0.064706 0.000010 0.000010 0.039779 0.055390 0.000010 0.008836 0.089858
0.330922 0.000010 0.191821 0.000011 0.000010 0.000010 0.000010 0.290655 0.186551
0.434531 0.184289 0.000010 0.000010 0.041853 0.071387 0.000010 0.207932 0.059978
0.470095 0.000010 0.072185 0.141682 0.000010 0.000010 0.000010 0.074338 0.241660
0.357826 0.000011 0.037078 0.204967 0.000010 0.060635 0.000010 0.199915 0.139547
0.692288 0.000010 0.003314 0.055320 0.054310 0.042565 0.071336 0.037736 0.043122
0.628156 0.000010 0.027176 0.000010 0.000010 0.116241 0.000010 0.180120 0.048267
0.345800 0.109536 0.000010 0.000010 0.000010 0.048384 0.025534 0.392078 0.078638
0.751232 0.059252 0.005439 0.030295 0.000010 0.017927 0.021564 0.114270 0.000010
0.705621 0.000010 0.000010 0.000010 0.044625 0.018044 0.000010 0.179378 0.052292
0.622187 0.123222 0.000010 0.000010 0.000010 0.000010 0.000010 0.012589 0.241951
0.335991 0.127617 0.055700 0.130691 0.000010 0.162575 0.000010 0.187395 0.000010
0.605460 0.000010 0.000010 0.000010 0.000010 0.022265 0.000010 0.372215 0.000010
0.475831 0.000010 0.000010 0.067606 0.000010 0.045881 0.058135 0.291973 0.060543
0.000010 0.000010 0.000010 0.000010 0.852295 0.000010 0.147635 0.000010 0.000010
0.052687 0.000010 0.000010 0.000010 0.895317 0.000010 0.051936 0.000010 0.000010
0.000010 0.000010 0.000010 0.000010 0.784826 0.000010 0.215104 0.000010 0.000010
0.000010 0.059193 0.000010 0.000010 0.715132 0.000010 0.204278 0.021347 0.000010
0.017263 0.000010 0.000010 0.000011 0.914219 0.000010 0.068457 0.000010 0.000010
0.000010 0.000010 0.000010 0.000010 0.940370 0.000010 0.033800 0.000010 0.025770
0.021027 0.000010 0.024197 0.000010 0.851950 0.000010 0.102776 0.000010 0.000010
0.587875 0.056019 0.000010 0.289180 0.000010 0.004203 0.027100 0.035592 0.000010
0.534535 0.000010 0.006070 0.168888 0.000010 0.000010 0.000010 0.280954 0.009514
0.673928 0.000010 0.012743 0.252094 0.000010 0.000010 0.049986 0.000010 0.011209
0.612389 0.000010 0.000010 0.077542 0.063180 0.000010 0.000010 0.240352 0.006497
0.801537 0.000010 0.098579 0.048668 0.042797 0.000010 0.000010 0.008379 0.000010
0.765434 0.033102 0.000010 0.000010 0.008386 0.012910 0.000010 0.168029 0.012109
0.653573 0.000010 0.000010 0.244174 0.046616 0.001904 0.037795 0.015909 0.000010
0.478837 0.000010 0.000010 0.066058 0.023847 0.000010 0.075270 0.309096 0.046863
0.632413 0.000010 0.000010 0.113317 0.000010 0.000010 0.005105 0.199369 0.049757
0.575938 0.001389 0.031018 0.185370 0.031556 0.026186 0.018908 0.072083 0.057551
0.450256 0.002015 0.000010 0.166208 0.019796 0.000010 0.000010 0.313632 0.048062
0.479241 0.000010 0.000010 0.000010 0.000010 0.018894 0.000010 0.471908 0.029907
0.645405 0.000010 0.000010 0.015158 0.051811 0.000010 0.000010 0.091457 0.196129
0.593543 0.000010 0.000010 0.096475 0.000010 0.032348 0.000010 0.253432 0.024163
0.507612 0.000010 0.009736 0.000010 0.039845 0.000010 0.059595 0.297922 0.085260
0.492019 0.143701 0.000011 0.000010 0.088002 0.027770 0.000010 0.239315 0.009163
0.549601 0.000010 0.000010 0.150309 0.000010 0.000010 0.000010 0.300029 0.000010
0.561882 0.000010 0.013665 0.000010 0.000010 0.051801 0.123414 0.249197 0.000010
0.606980 0.000010 0.000010 0.265845 0.000010 0.000010 0.000010 0.127115 0.000010
0.464351 0.000010 0.020559 0.121458 0.000010 0.097955 0.000010 0.150714 0.144934
0.535124 0.000010 0.000010 0.072174 0.035371 0.103397 0.000010 0.152575 0.101329
0.648324 0.000010 0.116803 0.000010 0.080158 0.000010 0.000010 0.154665 0.000010
0.357390 0.131854 0.000010 0.039457 0.000010 0.040087 0.000010 0.399059 0.032123
0.427533 0.095362 0.000010 0.109491 0.106746 0.000010 0.004159 0.256679 0.000010
0.379323 0.134027 0.019020 0.000010 0.033893 0.085522 0.014996 0.333199 0.000010
0.638350 0.000010 0.000010 0.000010 0.042160 0.000010 0.080076 0.229212 0.010163
0.621803 0.017929 0.056069 0.128051 0.141900 0.034218 0.000010 0.000010 0.000010
0.340757 0.000010 0.009352 0.000010 0.073910 0.000010 0.000010 0.567749 0.008191
0.446423 0.063239 0.000010 0.206062 0.008098 0.000010 0.002752 0.222846 0.050561
0.536634 0.000010 0.035361 0.141663 0.000010 0.000010 0.000010 0.225093 0.061208
0.678728 0.000010 0.038512 0.042870 0.047570 0.000010 0.000010 0.135378 0.056913
0.297335 0.099538 0.000010 0.201125 0.000010 0.133405 0.000010 0.265394 0.003172
0.626144 0.000010 0.000010 0.000010 0.167665 0.042882 0.017942 0.144883 0.000455
0.472144 0.059119 0.000010 0.000010 0.035999 0.000010 0.050740 0.381958 0.000010
0.559216 0.000010 0.210030 0.000010 0.000010 0.103625 0.004855 0.122234 0.000010
0.000010 0.868158 0.111350 0.000010 0.000010 0.000010 0.020432 0.000010 0.000010
0.182644 0.393339 0.035206 0.000010 0.006634 0.000013 0.000010 0.054335 0.327809
0.000010 0.757605 0.214504 0.000010 0.000010 0.000010 0.000010 0.000010 0.027830
0.000010 0.944986 0.049472 0.000010 0.000010 0.000010 0.005482 0.000010 0.000010
0.000010 0.000010 0.352354 0.000010 0.000010 0.030390 0.542412 0.074795 0.000010
0.000010 0.000010 0.702818 0.000010 0.057327 0.000010 0.239795 0.000010 0.000010
0.000010 0.000010 0.599446 0.076494 0.012123 0.000010 0.311887 0.000010 0.000010
0.000010 0.000010 0.609139 0.000010 0.014820 0.000010 0.375981 0.000010 0.000010
0.000010 0.000010 0.425512 0.000010 0.000010 0.000010 0.417372 0.144384 0.012682
0.000010 0.000010 0.777502 0.000010 0.000010 0.000010 0.222428 0.000010 0.000010
0.000010 0.000010 0.504688 0.000010 0.003334 0.000010 0.468656 0.023271 0.000010
0.024794 0.000010 0.489825 0.000010 0.088384 0.000010 0.346288 0.000010 0.050669
0.000010 0.000010 0.542975 0.000010 0.009780 0.128274 0.220760 0.098171 0.000010
0.000010 0.017065 0.431051 0.000010 0.012787 0.000010 0.373775 0.072036 0.093256
0.579808 0.000010 0.000010 0.000010 0.000010 0.000010 0.000010 0.420122 0.000010
0.651945 0.000010 0.000010 0.000010 0.000010 0.000010 0.003366 0.340307 0.004332
0.496719 0.000010 0.005358 0.114092 0.128332 0.006868 0.000010 0.248601 0.000010
0.594369 0.000010 0.000010 0.000010 0.130778 0.086378 0.003269 0.185165 0.000010
0.552173 0.000010 0.005849 0.000010 0.000010 0.000010 0.000010 0.355770 0.086157
0.348001 0.000010 0.000010 0.205891 0.000010 0.000010 0.004737 0.273020 0.168310
0.584711 0.000010 0.000010 0.016102 0.072053 0.000010 0.000729 0.326365 0.000010
0.502064 0.000010 0.000010 0.035765 0.090856 0.118269 0.018981 0.234035 0.000010
0.678357 0.000010 0.000010 0.000010 0.000010 0.044304 0.061118 0.179019 0.037161
0.472181 0.021553 0.048289 0.062754 0.062199 0.007631 0.000010 0.318178 0.007205
0.556543 0.000010 0.154622 0.014375 0.030634 0.000010 0.015802 0.226549 0.001455
0.631835 0.000010 0.000010 0.089111 0.000010 0.009624 0.093254 0.176136 0.000010
0.440645 0.000010 0.147194 0.089585 0.000010 0.018744 0.044511 0.246224 0.013077
0.646845 0.002440 0.000010 0.115413 0.016596 0.000010 0.048114 0.124450 0.046122
0.411945 0.046631 0.013760 0.095590 0.053045 0.000010 0.061906 0.306904 0.010210
0.590966 0.009343 0.000010 0.085188 0.000010 0.000010 0.000010 0.165132 0.149330
0.521903 0.000010 0.075658 0.000010 0.000010 0.000010 0.084868 0.254303 0.063228
0.309617 0.000010 0.042335 0.064412 0.049060 0.032819 0.039723 0.438749 0.023275
0.561555 0.000010 0.000010 0.182037 0.000010 0.000010 0.019622 0.236737 0.000010
0.616818 0.000010 0.111774 0.108158 0.012096 0.000010 0.000010 0.151113 0.000010
0.310492 0.058316 0.000010 0.222920 0.052467 0.032479 0.000010 0.323296 0.000010
0.000010 0.066467 0.567248 0.046538 0.001884 0.000015 0.317818 0.000010 0.000010
0.000010 0.089858 0.500522 0.000010 0.055320 0.048987 0.305274 0.000010 0.000010
0.032094 0.270958 0.324150 0.000010 0.000010 0.000010 0.195002 0.083862 0.093903
0.000010 0.130516 0.615160 0.000010 0.022108 0.000010 0.132404 0.000010 0.099771
0.000010 0.051866 0.615634 0.000010 0.000010 0.000010 0.324090 0.000010 0.008360
0.000010 0.041769 0.610859 0.000010 0.041686 0.000329 0.305317 0.000010 0.000010
0.030105 0.195969 0.497616 0.000010 0.000010 0.000010 0.276260 0.000010 0.000010
0.099225 0.000010 0.690132 0.000010 0.000010 0.000010 0.162502 0.048090 0.000010
0.000010 0.019459 0.560530 0.000010 0.000010 0.000010 0.317903 0.102058 0.000010
0.000010 0.000010 0.691124 0.000010 0.100322 0.000010 0.208493 0.000010 0.000010
0.000010 0.094863 0.614391 0.000010 0.000010 0.000010 0.290686 0.000010 0.000010
0.000010 0.000010 0.670756 0.000010 0.015539 0.000010 0.238199 0.075456 0.000010
0.000010 0.014104 0.724478 0.000010 0.025030 0.000010 0.236335 0.000013 0.000010
0.000010 0.029986 0.522078 0.000010 0.000010 0.000010 0.337692 0.110194 0.000010
0.000010 0.034202 0.525977 0.000010 0.000010 0.002556 0.296538 0.094555 0.046142
0.000010 0.131594 0.593695 0.000010 0.000010 0.002060 0.272601 0.000010 0.000010
0.000010 0.000010 0.677879 0.000010 0.050414 0.052432 0.204015 0.000010 0.015220
0.062553 0.092565 0.340441 0.040058 0.000010 0.031185 0.411473 0.021706 0.000010
0.046764 0.043530 0.619231 0.000010 0.000010 0.000010 0.238752 0.051684 0.000010
0.000835 0.026630 0.557753 0.000010 0.022184 0.037968 0.354600 0.000010 0.000010
0.033813 0.000010 0.702164 0.000010 0.000010 0.000010 0.248417 0.000010 0.015556
0.028474 0.000010 0.643613 0.000010 0.003411 0.000010 0.324452 0.000010 0.000010
0.000010 0.124734 0.745071 0.000010 0.000010 0.000010 0.102548 0.027597 0.000010
0.000010 0.086786 0.491096 0.000010 0.000010 0.000010 0.422058 0.000010 0.000010
0.000010 0.000010 0.512704 0.000010 0.000010 0.000010 0.429265 0.000010 0.057971
0.000010 0.187560 0.476998 0.000010 0.000010 0.016568 0.210660 0.108174 0.000010
0.000010 0.000010 0.695540 0.000010 0.000010 0.000010 0.304390 0.000010 0.000010
0.000010 0.000010 0.832164 0.000010 0.000010 0.000010 0.167766 0.000010 0.000010
0.000010 0.000010 0.612823 0.000010 0.059370 0.000010 0.327748 0.000010 0.000010
0.000010 0.000010 0.633407 0.000010 0.000010 0.000010 0.366523 0.000010 0.000010
0.000010 0.062165 0.584468 0.000010 0.071396 0.000010 0.281920 0.000010 0.000010
0.000010 0.071150 0.437176 0.009153 0.000010 0.019611 0.277130 0.185750 0.000010
0.000010 0.022443 0.569159 0.000010 0.038554 0.000010 0.369794 0.000010 0.000010
0.000010 0.000010 0.734429 0.000010 0.000010 0.000010 0.265501 0.000010 0.000010
0.000010 0.126043 0.556169 0.000010 0.059680 0.000010 0.258059 0.000010 0.000010
0.000010 0.074889 0.681619 0.000010 0.000010 0.000010 0.243432 0.000010 0.000010
0.000010 0.000010 0.660223 0.000010 0.000010 0.000010 0.328764 0.000010 0.010953
0.000010 0.000010 0.542562 0.000010 0.018608 0.000010 0.438770 0.000010 0.000010
0.000010 0.107320 0.530628 0.000010 0.000010 0.000010 0.361987 0.000016 0.000010
0.000010 0.041885 0.000010 0.000010 0.761307 0.000010 0.196748 0.000010 0.000010
0.000010 0.000010 0.000010 0.000010 0.814398 0.000010 0.185532 0.000010 0.000010
0.064671 0.000010 0.688783 0.000010 0.027558 0.000010 0.218938 0.000010 0.000010
0.000010 0.173316 0.519674 0.000010 0.000010 0.024400 0.243798 0.015323 0.023460
0.249242 0.000010 0.000010 0.410769 0.038748 0.000010 0.056622 0.244579 0.000010
0.318973 0.000010 0.042072 0.286454 0.000010 0.000010 0.034889 0.317572 0.000010
0.334226 0.048615 0.026534 0.391875 0.042071 0.000010 0.025877 0.130782 0.000010
0.639176 0.000010 0.000010 0.046602 0.011859 0.000010 0.125280 0.177043 0.000010
0.279147 0.000010 0.000010 0.345120 0.000010 0.000010 0.000010 0.375673 0.000010
0.311939 0.000010 0.133783 0.273211 0.020110 0.000010 0.020674 0.240253 0.000010
0.188668 0.000010 0.089091 0.286985 0.039825 0.000010 0.093027 0.302374 0.000010
0.495270 0.000010 0.000010 0.151919 0.074062 0.052279 0.082108 0.144333 0.000010
0.341880 0.000010 0.084979 0.431593 0.000010 0.000010 0.000010 0.098837 0.042671
0.143706 0.000010 0.044754 0.434051 0.074449 0.000010 0.000010 0.302999 0.000010
0.291907 0.000010 0.010301 0.315328 0.000010 0.000010 0.000010 0.316448 0.065977
0.397757 0.000010 0.010426 0.212567 0.000010 0.045018 0.000010 0.334191 0.000010
0.593115 0.065365 0.000010 0.095586 0.000010 0.000010 0.063010 0.182883 0.000010
0.000010 0.000010 0.617750 0.000010 0.000010 0.000010 0.382180 0.000010 0.000010
0.000010 0.000010 0.642875 0.000010 0.000010 0.000010 0.357055 0.000010 0.000010
0.000010 0.000010 0.593795 0.000010 0.006842 0.000010 0.371722 0.000010 0.027592
0.000010 0.003474 0.729767 0.000010 0.000010 0.000010 0.232001 0.034708 0.000010
0.000010 0.113542 0.545065 0.056259 0.000010 0.000010 0.236362 0.006537 0.042204
0.000010 0.000010 0.498172 0.000010 0.172666 0.000010 0.329102 0.000010 0.000010
0.021924 0.016962 0.526672 0.000010 0.000010 0.000010 0.434391 0.000010 0.000010
0.008631 0.000010 0.617260 0.000010 0.032226 0.073567 0.268275 0.000010 0.000010
0.000010 0.000010 0.750145 0.000010 0.000010 0.000010 0.239773 0.010022 0.000010
0.000010 0.000010 0.647513 0.000010 0.000010 0.000010 0.352417 0.000010 0.000010
0.000010 0.000010 0.659265 0.000010 0.002435 0.033112 0.305138 0.000010 0.000010
0.003255 0.081368 0.642604 0.000010 0.063809 0.000010 0.208924 0.000010 0.000010
