0.264873 0.064308 0.070731 0.063132 0.075419 0.056515 0.021398 0.383614 0.000010
0.374149 0.033794 0.152488 0.084960 0.000010 0.012637 0.028241 0.313711 0.000010
0.447967 0.087083 0.025865 0.000010 0.098171 0.000010 0.059482 0.240353 0.041059
0.261939 0.072638 0.000010 0.000010 0.000010 0.072037 0.193121 0.364521 0.035713
0.299665 0.026421 0.000010 0.086580 0.000010 0.000010 0.176424 0.410870 0.000010
0.334441 0.059248 0.000010 0.050847 0.090978 0.000010 0.085031 0.299052 0.080383
0.153404 0.007850 0.118845 0.000010 0.046006 0.000010 0.107727 0.566137 0.000010
0.480689 0.043552 0.000010 0.000010 0.000010 0.000010 0.195672 0.280036 0.000010
0.289194 0.000010 0.056282 0.127160 0.000010 0.000010 0.000010 0.527314 0.000010
0.363031 0.000010 0.000010 0.000010 0.000010 0.007694 0.028076 0.601148 0.000010
0.278714 0.103402 0.140605 0.000010 0.017347 0.000010 0.067708 0.387821 0.004383
0.377036 0.003098 0.000010 0.101473 0.000010 0.000010 0.124830 0.393523 0.000010
0.183834 0.126599 0.000010 0.000010 0.000010 0.026866 0.064323 0.598338 0.000010
0.327361 0.088662 0.008476 0.009380 0.000010 0.000010 0.161638 0.404453 0.000010
0.259569 0.091614 0.000010 0.152579 0.000010 0.049060 0.032657 0.379033 0.035468
0.226589 0.010663 0.081296 0.098331 0.000010 0.000010 0.063442 0.519649 0.000010
0.377062 0.000010 0.100168 0.000010 0.000010 0.032201 0.003508 0.487021 0.000010
0.197250 0.000010 0.023090 0.177530 0.000010 0.000010 0.209500 0.392590 0.000010
0.217353 0.027438 0.105894 0.000010 0.000010 0.097445 0.150400 0.391136 0.010313
0.180557 0.000010 0.164897 0.139973 0.029052 0.000010 0.067292 0.418199 0.000010
0.090089 0.103558 0.069869 0.063534 0.044476 0.035746 0.074707 0.518010 0.000010
0.190857 0.000010 0.042385 0.323263 0.000010 0.000010 0.056217 0.387237 0.000010
0.134893 0.133748 0.009502 0.143782 0.069173 0.074315 0.085760 0.348818 0.000010
0.173604 0.000010 0.000010 0.258534 0.000010 0.000010 0.115274 0.419355 0.033194
0.190512 0.085896 0.147024 0.091049 0.000010 0.000010 0.000010 0.374172 0.111317
0.234623 0.000010 0.000010 0.122466 0.000010 0.000010 0.126658 0.516204 0.000010
0.094680 0.000010 0.000010 0.012211 0.046429 0.062927 0.307605 0.476118 0.000010
0.315878 0.000010 0.000010 0.192952 0.000010 0.116762 0.116156 0.172130 0.086091
0.206233 0.000010 0.095890 0.141430 0.000010 0.021849 0.055056 0.479511 0.000010
0.167678 0.029558 0.000010 0.043920 0.000010 0.000010 0.111570 0.477535 0.169709
0.424930 0.037262 0.000010 0.022898 0.000010 0.000010 0.082848 0.432023 0.000010
0.289433 0.206992 0.000010 0.044725 0.000010 0.000010 0.041526 0.417283 0.000010
0.181644 0.039261 0.000010 0.360434 0.126579 0.052240 0.000010 0.227202 0.012620
0.092628 0.152630 0.019620 0.272669 0.000010 0.000010 0.138535 0.323889 0.000010
0.101144 0.000010 0.000010 0.089702 0.000013 0.000010 0.367629 0.441471 0.000010
0.583143 0.000010 0.015413 0.033625 0.000010 0.000010 0.091224 0.190132 0.086434
0.280286 0.001334 0.000010 0.000010 0.000010 0.000010 0.238993 0.459533 0.019814
0.119151 0.000010 0.020730 0.048098 0.000010 0.054679 0.072291 0.368474 0.316556
0.291553 0.085598 0.054276 0.141830 0.000010 0.000010 0.148583 0.278130 0.000010
0.537453 0.000010 0.045295 0.228569 0.000010 0.000010 0.000010 0.188633 0.000010
0.000010 0.027690 0.000010 0.093936 0.000010 0.081033 0.176529 0.620772 0.000010
0.323305 0.038221 0.000010 0.000010 0.000010 0.000010 0.140834 0.459485 0.038115
0.223372 0.000010 0.000010 0.107911 0.000010 0.000010 0.000010 0.668657 0.000010
0.272447 0.000010 0.117190 0.005975 0.000010 0.000010 0.040827 0.551873 0.011659
0.439832 0.000011 0.000010 0.018292 0.000010 0.000010 0.000010 0.508690 0.033135
0.369262 0.085037 0.000010 0.090376 0.000010 0.008745 0.090559 0.355990 0.000010
0.292775 0.000010 0.099801 0.170247 0.010385 0.000010 0.061548 0.365214 0.000010
0.237515 0.000010 0.000010 0.018410 0.000010 0.000010 0.323671 0.334920 0.085443
0.097353 0.000010 0.559272 0.127135 0.002299 0.000010 0.193520 0.020391 0.000010
0.299281 0.097613 0.281851 0.095893 0.000010 0.000010 0.001190 0.224142 0.000010
0.213383 0.105082 0.305645 0.163415 0.000010 0.000010 0.098228 0.114216 0.000010
0.301817 0.171512 0.219032 0.002433 0.000010 0.000010 0.097827 0.207349 0.000010
0.195090 0.188983 0.237937 0.083889 0.000010 0.000010 0.028249 0.265822 0.000010
0.328862 0.073812 0.201744 0.115501 0.061572 0.000010 0.115602 0.102888 0.000010
0.079467 0.000010 0.189725 0.000010 0.000010 0.089456 0.304253 0.337058 0.000010
0.350500 0.054482 0.330164 0.197761 0.000010 0.000010 0.004472 0.062591 0.000010
0.314264 0.000010 0.183524 0.033350 0.029364 0.000010 0.165481 0.273986 0.000010
0.184564 0.032205 0.420138 0.044568 0.000010 0.000010 0.052421 0.266074 0.000010
0.229824 0.000010 0.155282 0.000010 0.000010 0.000010 0.248976 0.365868 0.000010
0.074297 0.101659 0.438585 0.005644 0.000010 0.000010 0.187098 0.192687 0.000010
0.099556 0.059028 0.183654 0.172601 0.000010 0.024777 0.227502 0.128350 0.104522
0.035335 0.016492 0.466243 0.000013 0.000010 0.000010 0.187441 0.294446 0.000010
0.009468 0.000010 0.267024 0.193192 0.000010 0.000010 0.227093 0.303184 0.000010
0.051959 0.016354 0.452051 0.120114 0.000010 0.000010 0.227729 0.131763 0.000010
0.117576 0.000010 0.206616 0.032185 0.000010 0.022398 0.312515 0.308680 0.000010
0.360745 0.004896 0.235777 0.152059 0.000010 0.000010 0.005746 0.240748 0.000010
0.338864 0.091280 0.120530 0.179502 0.103749 0.000010 0.000010 0.166046 0.000010
0.171817 0.008378 0.267387 0.009386 0.000010 0.000010 0.241538 0.301463 0.000010
0.028563 0.128547 0.097737 0.097378 0.000010 0.000010 0.320678 0.327068 0.000010
0.436056 0.058384 0.154903 0.000010 0.000010 0.000010 0.113067 0.237551 0.000010
0.074452 0.000010 0.003351 0.020829 0.000010 0.087073 0.086714 0.228397 0.499163
0.419892 0.121984 0.000010 0.000010 0.066706 0.000010 0.038026 0.353353 0.000010
0.301846 0.010618 0.162421 0.155361 0.000010 0.000010 0.032745 0.336978 0.000010
0.389156 0.075154 0.007769 0.011241 0.052567 0.044785 0.185595 0.233723 0.000010
0.302314 0.000010 0.000010 0.037572 0.109999 0.000010 0.156108 0.378472 0.015506
0.455825 0.000010 0.036573 0.000010 0.000010 0.000010 0.015264 0.492288 0.000010
0.344678 0.000010 0.000010 0.000010 0.000010 0.000010 0.074512 0.551483 0.029277
0.235832 0.000010 0.035805 0.227561 0.000010 0.038108 0.000010 0.380785 0.081879
0.185648 0.048208 0.021743 0.000010 0.000010 0.023709 0.224615 0.496047 0.000010
0.383154 0.000010 0.000010 0.039252 0.000010 0.000010 0.000010 0.433762 0.143782
0.169201 0.055298 0.076951 0.087360 0.048369 0.000010 0.000010 0.562791 0.000010
0.324211 0.053821 0.000010 0.000010 0.000010 0.041144 0.037964 0.542820 0.000010
0.380529 0.099555 0.039251 0.000010 0.000010 0.000010 0.040751 0.439875 0.000010
0.363756 0.064258 0.015977 0.000010 0.056780 0.000010 0.104557 0.346502 0.048150
0.189776 0.070464 0.029999 0.153953 0.073977 0.000010 0.101102 0.380710 0.000010
0.147752 0.059221 0.000010 0.047970 0.056455 0.000010 0.168513 0.520059 0.000010
0.346415 0.092634 0.000010 0.129181 0.000010 0.018762 0.000010 0.337364 0.075613
0.040137 0.016974 0.000010 0.064233 0.151297 0.000010 0.253906 0.213677 0.259757
0.617786 0.077242 0.046075 0.092379 0.000010 0.074464 0.000010 0.092024 0.000010
0.439842 0.000014 0.000010 0.079455 0.013801 0.000010 0.000010 0.466848 0.000010
0.498271 0.000010 0.000010 0.038715 0.000010 0.099475 0.049548 0.224511 0.089450
0.472300 0.000010 0.000010 0.114118 0.000010 0.000010 0.000010 0.392477 0.021055
0.534389 0.009604 0.000010 0.002578 0.000010 0.008107 0.183249 0.262044 0.000010
0.055848 0.000010 0.000010 0.138535 0.000010 0.000010 0.245646 0.559921 0.000010
0.183865 0.000010 0.000010 0.051018 0.021985 0.107817 0.140168 0.417982 0.077144
0.116480 0.000010 0.000010 0.000010 0.000010 0.000010 0.277114 0.562401 0.043954
0.255448 0.166266 0.133403 0.000010 0.000010 0.000010 0.114839 0.330005 0.000010
0.056950 0.000010 0.000010 0.201419 0.000010 0.106683 0.164916 0.418450 0.051551
0.060438 0.110703 0.062386 0.010570 0.038756 0.000010 0.186537 0.458344 0.072255
0.094898 0.152070 0.000010 0.042963 0.000010 0.034221 0.183845 0.439242 0.052741
0.299166 0.026490 0.097484 0.000010 0.000010 0.057343 0.066778 0.452708 0.000010
0.110588 0.020778 0.002371 0.207620 0.000010 0.024732 0.318837 0.134127 0.180936
0.044128 0.000010 0.000010 0.099687 0.028477 0.083761 0.169035 0.474008 0.100884
0.371588 0.067133 0.038963 0.031306 0.000010 0.000010 0.000010 0.490970 0.000010
0.161924 0.069089 0.049203 0.033507 0.122073 0.011616 0.174125 0.378454 0.000010
0.087675 0.000010 0.000010 0.000010 0.000010 0.000010 0.208845 0.551868 0.151562
0.215376 0.000010 0.013264 0.097620 0.088023 0.088538 0.079691 0.417468 0.000010
0.204241 0.073916 0.000010 0.011548 0.000010 0.000010 0.110502 0.599753 0.000010
0.356569 0.115210 0.004963 0.021294 0.000010 0.000010 0.000010 0.443652 0.058282
0.234174 0.134623 0.000010 0.233555 0.000010 0.000010 0.007877 0.389731 0.000010
0.335281 0.030444 0.000010 0.000010 0.038826 0.030717 0.186587 0.350264 0.027862
0.231960 0.020122 0.020031 0.000010 0.000010 0.000010 0.127126 0.600721 0.000010
0.289849 0.000010 0.096188 0.000010 0.000010 0.000010 0.200137 0.413776 0.000010
0.186071 0.026398 0.172208 0.000010 0.011963 0.000010 0.000010 0.603321 0.000010
0.224894 0.029358 0.000010 0.119298 0.000010 0.000010 0.101230 0.484653 0.040537
0.099099 0.046073 0.021983 0.033488 0.000010 0.000010 0.180027 0.580617 0.038694
0.174040 0.000010 0.007884 0.218439 0.043506 0.000010 0.155259 0.382538 0.018314
0.067641 0.000010 0.110581 0.208059 0.064812 0.000010 0.168865 0.358948 0.021073
0.217828 0.000010 0.128692 0.111441 0.030345 0.000010 0.075732 0.435933 0.000010
0.194738 0.057394 0.000010 0.161908 0.000022 0.000010 0.132454 0.453453 0.000010
0.401071 0.018036 0.092565 0.100559 0.000010 0.074237 0.000010 0.304605 0.008907
0.335907 0.054575 0.000010 0.046091 0.000010 0.000010 0.121615 0.441773 0.000010
0.092142 0.127440 0.000010 0.253335 0.000010 0.000010 0.131100 0.395943 0.000010
0.066957 0.142888 0.000010 0.278380 0.020792 0.000010 0.037538 0.453416 0.000010
0.119580 0.144822 0.087705 0.180689 0.000010 0.000010 0.000010 0.430744 0.036430
0.118467 0.000010 0.185649 0.075220 0.000010 0.000010 0.223308 0.395274 0.002052
0.118257 0.000010 0.055496 0.250722 0.000010 0.000010 0.063736 0.511749 0.000010
0.266086 0.000010 0.000010 0.000010 0.000010 0.000010 0.127308 0.606545 0.000010
0.213141 0.169931 0.008258 0.057208 0.000010 0.000010 0.108775 0.339517 0.103151
0.000010 0.208931 0.110772 0.183300 0.088584 0.000010 0.033236 0.375146 0.000010
0.136060 0.084285 0.051971 0.068110 0.069157 0.016860 0.131296 0.442252 0.000010
0.114838 0.000010 0.030068 0.000010 0.088609 0.053128 0.278015 0.435311 0.000010
0.000010 0.000010 0.000010 0.325265 0.000010 0.000010 0.168041 0.506633 0.000010
0.264914 0.008378 0.171333 0.027232 0.000010 0.000010 0.070742 0.457370 0.000010
0.000010 0.000010 0.077287 0.359836 0.099661 0.000010 0.000010 0.463165 0.000010
0.121184 0.012480 0.000010 0.099530 0.000010 0.183273 0.122096 0.461407 0.000010
0.155303 0.008519 0.119358 0.139345 0.000010 0.000010 0.052286 0.525159 0.000010
0.093433 0.118701 0.056489 0.162975 0.041406 0.000010 0.055081 0.471895 0.000010
0.297138 0.090622 0.000010 0.142782 0.000010 0.000010 0.208601 0.260818 0.000010
0.039910 0.010398 0.202671 0.172576 0.021509 0.022606 0.203482 0.326839 0.000010
0.071845 0.143472 0.000010 0.235184 0.000010 0.000010 0.104685 0.356764 0.088021
0.255226 0.000010 0.000010 0.246791 0.092048 0.022784 0.000010 0.367247 0.015873
0.319646 0.002116 0.000010 0.000010 0.000010 0.047644 0.190946 0.394396 0.045221
0.212925 0.147764 0.000010 0.059740 0.000010 0.000010 0.104030 0.475501 0.000010
0.156337 0.026746 0.141635 0.000010 0.000010 0.000010 0.276023 0.399219 0.000010
0.270832 0.000010 0.031699 0.000010 0.000010 0.000010 0.088890 0.608530 0.000010
0.030909 0.022909 0.203356 0.309179 0.000010 0.000010 0.044460 0.389157 0.000010
0.000010 0.000010 0.057162 0.338986 0.000010 0.000010 0.075127 0.528675 0.000010
0.162825 0.000010 0.068238 0.060077 0.073475 0.000010 0.133887 0.501468 0.000010
0.000010 0.000010 0.118296 0.181852 0.000010 0.000010 0.071756 0.628046 0.000010
0.249043 0.010176 0.005679 0.142934 0.079411 0.000010 0.091083 0.421653 0.000010
0.305718 0.055516 0.091599 0.002892 0.000010 0.000010 0.067173 0.457951 0.019132
0.331556 0.201478 0.068389 0.010627 0.033832 0.000010 0.000010 0.354088 0.000010
0.093833 0.044113 0.000010 0.059517 0.079772 0.000010 0.153876 0.568859 0.000010
0.092248 0.060203 0.130473 0.267975 0.029324 0.000010 0.055386 0.364371 0.000010
0.269073 0.029906 0.127925 0.129732 0.076055 0.000010 0.000010 0.318829 0.048460
0.064119 0.031606 0.000010 0.187176 0.000010 0.000010 0.198389 0.518669 0.000010
0.207955 0.008432 0.020465 0.189563 0.031603 0.000010 0.149790 0.392172 0.000010
0.247928 0.057509 0.148231 0.000010 0.048459 0.010181 0.045240 0.386728 0.055716
0.158761 0.016717 0.000010 0.296875 0.000010 0.000010 0.113405 0.414202 0.000010
0.257614 0.000010 0.175378 0.026471 0.000010 0.000010 0.085616 0.454880 0.000010
0.124651 0.140419 0.000010 0.337602 0.024444 0.000010 0.019051 0.307118 0.046695
0.000010 0.064385 0.041829 0.155908 0.132184 0.025401 0.038628 0.541645 0.000010
0.049670 0.000010 0.115723 0.044546 0.149812 0.000010 0.240327 0.399891 0.000010
0.210248 0.040221 0.000010 0.206842 0.108442 0.000010 0.095376 0.338842 0.000010
0.118691 0.000010 0.145921 0.041891 0.000010 0.000010 0.161670 0.531786 0.000010
0.092881 0.000010 0.000010 0.040131 0.062188 0.037130 0.175265 0.592376 0.000010
0.000010 0.000010 0.163023 0.125880 0.028605 0.000010 0.140236 0.542216 0.000010
0.057686 0.048537 0.078893 0.160408 0.000010 0.000010 0.262688 0.391759 0.000010
0.363695 0.000010 0.000010 0.000010 0.000010 0.000511 0.153750 0.442168 0.039836
0.023161 0.000010 0.143617 0.198238 0.000010 0.000010 0.116049 0.518895 0.000010
0.280594 0.108652 0.026176 0.000010 0.175810 0.000010 0.072563 0.336175 0.000010
0.095730 0.035241 0.034240 0.000010 0.024733 0.000010 0.266112 0.543915 0.000010
0.213132 0.000010 0.102809 0.057808 0.000010 0.050158 0.122069 0.453995 0.000010
0.284489 0.027185 0.000010 0.000010 0.000010 0.000010 0.103616 0.584660 0.000010
0.198836 0.208356 0.015624 0.072413 0.009742 0.000010 0.233290 0.261719 0.000010
0.129469 0.019179 0.180856 0.040803 0.083106 0.000010 0.195798 0.350769 0.000010
0.105415 0.000010 0.000010 0.067807 0.002328 0.073376 0.192698 0.558346 0.000010
0.047212 0.028696 0.155916 0.225950 0.000010 0.000010 0.202316 0.339880 0.000010
0.131318 0.083206 0.100437 0.174279 0.000010 0.000010 0.180453 0.291763 0.038523
0.071167 0.031198 0.125680 0.229000 0.000010 0.000010 0.300295 0.176278 0.066363
0.101126 0.000010 0.074361 0.067619 0.000010 0.043746 0.260372 0.451056 0.001699
0.342472 0.092823 0.072967 0.041632 0.053617 0.000010 0.119792 0.276677 0.000010
0.072517 0.036157 0.052085 0.000010 0.000010 0.077502 0.236324 0.403760 0.121635
0.095210 0.011164 0.000010 0.149099 0.109132 0.000010 0.156904 0.478460 0.000010
0.000010 0.000010 0.064988 0.214165 0.158192 0.000010 0.179016 0.383599 0.000010
0.112504 0.056963 0.000010 0.156501 0.085227 0.008472 0.107156 0.473157 0.000010
0.000010 0.024302 0.107813 0.000010 0.000010 0.408918 0.000010 0.024842 0.434085
0.012736 0.071476 0.000010 0.000010 0.000010 0.278868 0.000010 0.009108 0.627772
0.054880 0.000010 0.002069 0.000010 0.000010 0.407611 0.000010 0.000010 0.535389
0.000010 0.000010 0.000010 0.000010 0.000010 0.441569 0.000010 0.000010 0.558361
0.000010 0.000010 0.037961 0.000010 0.000010 0.306798 0.000010 0.000010 0.655180
0.000010 0.000010 0.103323 0.000317 0.000010 0.153043 0.000010 0.000010 0.743268
0.000010 0.000010 0.067414 0.005240 0.000010 0.519434 0.000010 0.000010 0.407862
0.000010 0.000010 0.000010 0.000010 0.000010 0.334546 0.000010 0.000010 0.665384
0.000010 0.000010 0.000010 0.000010 0.000010 0.390915 0.008175 0.000010 0.600850
0.017202 0.000010 0.000010 0.013710 0.028328 0.293366 0.000010 0.000010 0.647354
0.045528 0.000010 0.000010 0.000010 0.000010 0.489869 0.000010 0.000010 0.464543
0.035904 0.000010 0.000010 0.047202 0.000010 0.092342 0.000010 0.049715 0.774797
0.000010 0.063454 0.066067 0.012518 0.000010 0.389108 0.000010 0.000010 0.468813
0.000010 0.000010 0.042895 0.000010 0.000010 0.303068 0.051137 0.000010 0.602849
0.021654 0.011285 0.000010 0.000010 0.000010 0.446305 0.000010 0.023002 0.497713
0.000010 0.000010 0.044042 0.000010 0.000010 0.413920 0.036518 0.000010 0.505469
0.000010 0.000010 0.013454 0.000010 0.000010 0.278811 0.000010 0.000010 0.707675
0.000010 0.000010 0.042196 0.000010 0.000010 0.379386 0.000010 0.000010 0.578358
0.000010 0.024753 0.034151 0.000010 0.000010 0.173282 0.000010 0.000010 0.767765
0.055519 0.000010 0.000010 0.000010 0.000010 0.299770 0.000010 0.000010 0.644651
0.000010 0.000010 0.034319 0.000010 0.000010 0.419250 0.044364 0.000010 0.502017
0.000010 0.000010 0.000010 0.000010 0.038927 0.348635 0.000010 0.049762 0.562626
0.059752 0.005892 0.022941 0.000010 0.000010 0.277755 0.000010 0.000010 0.633619
0.000010 0.000010 0.000010 0.035795 0.000010 0.328800 0.024947 0.000010 0.610409
0.000010 0.000010 0.011411 0.000010 0.000010 0.243228 0.000010 0.000010 0.745301
0.022949 0.030342 0.034777 0.000010 0.000010 0.318295 0.052935 0.000010 0.540672
0.000010 0.054529 0.111595 0.000010 0.000010 0.382383 0.000010 0.000010 0.451443
0.000010 0.077686 0.000010 0.000010 0.000010 0.318141 0.000010 0.000010 0.604113
0.000010 0.000010 0.083939 0.008603 0.668321 0.000010 0.239088 0.000010 0.000010
0.252288 0.000010 0.000010 0.566489 0.000010 0.000010 0.015038 0.166135 0.000010
0.426234 0.102511 0.016514 0.286719 0.000010 0.000010 0.013908 0.154084 0.000010
0.590016 0.000010 0.000010 0.235259 0.000010 0.027533 0.130237 0.007487 0.009437
0.374910 0.000010 0.000010 0.341699 0.022525 0.000010 0.008722 0.252104 0.000010
0.253459 0.029467 0.079087 0.466982 0.000010 0.000010 0.000010 0.170965 0.000010
0.459991 0.040088 0.000010 0.079357 0.000010 0.000010 0.180436 0.159339 0.080758
0.401371 0.063138 0.000010 0.386913 0.000010 0.000010 0.148528 0.000010 0.000010
0.102077 0.000010 0.000010 0.628985 0.000010 0.000010 0.000010 0.268878 0.000010
0.536416 0.102383 0.000010 0.343767 0.000010 0.000010 0.017383 0.000010 0.000010
0.425810 0.051879 0.000010 0.190140 0.000010 0.077632 0.203060 0.051449 0.000010
0.486987 0.000010 0.000010 0.362506 0.000010 0.000010 0.000010 0.150447 0.000010
0.355721 0.000010 0.000010 0.283819 0.000010 0.000010 0.172067 0.188343 0.000010
0.410796 0.055139 0.050125 0.431624 0.052276 0.000010 0.000010 0.000010 0.000010
0.500928 0.025603 0.000010 0.158420 0.000010 0.000010 0.003244 0.311765 0.000010
0.378984 0.024948 0.013041 0.364830 0.000010 0.000010 0.000010 0.214253 0.003914
0.393654 0.125885 0.000010 0.374623 0.002384 0.000010 0.101104 0.002320 0.000010
0.424674 0.132302 0.000010 0.225853 0.000011 0.000010 0.003811 0.213319 0.000010
0.534935 0.040337 0.000010 0.212698 0.000010 0.025810 0.000010 0.186180 0.000010
0.365798 0.000010 0.000010 0.370611 0.000010 0.000010 0.000010 0.191546 0.071995
0.451666 0.000010 0.052142 0.310833 0.052946 0.000010 0.009033 0.123351 0.000010
0.384140 0.012394 0.000010 0.318403 0.000010 0.017480 0.000010 0.217503 0.050050
0.243787 0.000010 0.000010 0.459015 0.001440 0.000010 0.000010 0.295708 0.000010
0.261469 0.119340 0.000010 0.459988 0.127014 0.000010 0.000010 0.032149 0.000010
0.410915 0.000010 0.000010 0.382043 0.000010 0.000010 0.008859 0.198133 0.000010
0.722843 0.016356 0.000010 0.087692 0.039994 0.000010 0.000010 0.133075 0.000010
0.410307 0.105865 0.000010 0.270587 0.000010 0.005049 0.000010 0.176269 0.031893
0.455642 0.107644 0.082569 0.133936 0.000010 0.000010 0.000010 0.220169 0.000010
0.395674 0.000010 0.018869 0.324715 0.017538 0.000010 0.059283 0.183891 0.000010
0.000010 0.003213 0.000010 0.009273 0.987454 0.000010 0.000010 0.000010 0.000010
0.000010 0.000010 0.014914 0.000010 0.947664 0.000010 0.037362 0.000010 0.000010
0.000010 0.030285 0.016841 0.052999 0.838208 0.000010 0.000010 0.061627 0.000010
0.000010 0.000010 0.000010 0.000010 0.960227 0.039703 0.000010 0.000010 0.000010
0.000010 0.000010 0.000010 0.000010 0.935300 0.000010 0.004582 0.000010 0.060059
0.000012 0.000010 0.000010 0.000010 0.999918 0.000010 0.000010 0.000010 0.000010
0.000010 0.022328 0.000010 0.000010 0.953711 0.000010 0.023901 0.000010 0.000010
0.000010 0.000010 0.000010 0.000010 0.999920 0.000010 0.000010 0.000010 0.000010
0.000010 0.004975 0.070757 0.000010 0.908294 0.000010 0.015924 0.000010 0.000010
0.000010 0.000010 0.000010 0.000010 0.999920 0.000010 0.000010 0.000010 0.000010
0.000010 0.000010 0.000010 0.000010 0.999920 0.000010 0.000010 0.000010 0.000010
0.000010 0.000010 0.000010 0.000010 0.999920 0.000010 0.000010 0.000010 0.000010
0.000010 0.000010 0.000010 0.037127 0.962802 0.000010 0.000010 0.000011 0.000010
0.000010 0.000010 0.000010 0.000010 0.999920 0.000010 0.000010 0.000010 0.000010
0.000010 0.000010 0.000010 0.000012 0.996523 0.000010 0.000010 0.000010 0.003406
0.000010 0.000010 0.046726 0.000010 0.904280 0.000010 0.048934 0.000010 0.000010
0.000010 0.000010 0.000010 0.000010 0.999920 0.000010 0.000010 0.000010 0.000010
0.550091 0.007895 0.053667 0.000010 0.000010 0.000010 0.000010 0.388296 0.000010
0.562910 0.000010 0.000010 0.123511 0.000010 0.000010 0.026413 0.287116 0.000010
0.523488 0.104717 0.000010 0.039736 0.000010 0.000010 0.000010 0.332009 0.000010
0.591505 0.000010 0.000010 0.000010 0.000010 0.000010 0.084651 0.323783 0.000010
0.544751 0.030064 0.000010 0.057594 0.000010 0.000010 0.157950 0.209600 0.000010
0.464455 0.000010 0.000010 0.083599 0.194060 0.050743 0.000010 0.207104 0.000010
0.629822 0.020911 0.078333 0.104708 0.000010 0.000010 0.014984 0.151212 0.000010
0.482728 0.000010 0.000010 0.151109 0.000010 0.038774 0.000010 0.327339 0.000010
0.630656 0.076793 0.000010 0.067494 0.000010 0.037964 0.000010 0.187052 0.000010
0.722228 0.000010 0.000010 0.000010 0.021910 0.057354 0.000010 0.194042 0.004425
0.529864 0.000010 0.000010 0.146993 0.000010 0.060817 0.024115 0.238172 0.000010
0.565452 0.000010 0.000010 0.000010 0.000010 0.000010 0.000010 0.434478 0.000010
0.496888 0.046143 0.000010 0.085160 0.000010 0.000010 0.065778 0.249229 0.056772
0.579092 0.098390 0.000010 0.015589 0.000010 0.000010 0.000010 0.306878 0.000010
0.518111 0.000010 0.000010 0.106377 0.000010 0.016638 0.000010 0.358824 0.000010
0.462356 0.000010 0.000010 0.147579 0.006442 0.030575 0.018890 0.246603 0.087535
0.345582 0.000010 0.000010 0.126254 0.000010 0.000010 0.000010 0.528104 0.000010
0.513016 0.000010 0.000010 0.134863 0.000010 0.003254 0.000010 0.348818 0.000010
0.541187 0.000010 0.000010 0.032379 0.000010 0.027215 0.000010 0.399170 0.000010
0.528751 0.000010 0.000010 0.000010 0.061585 0.000010 0.000010 0.409604 0.000010
0.633448 0.000010 0.012763 0.027254 0.008873 0.000010 0.068377 0.249256 0.000010
0.678469 0.139185 0.000010 0.088699 0.000010 0.000010 0.000010 0.093597 0.000010
0.346945 0.085715 0.000010 0.261457 0.000010 0.050814 0.000010 0.255028 0.000010
0.496785 0.000010 0.045706 0.000010 0.000010 0.015764 0.000010 0.419346 0.022359
0.484785 0.000010 0.000010 0.000010 0.000010 0.000010 0.104421 0.334493 0.076252
0.646095 0.000010 0.052526 0.068259 0.000010 0.089080 0.000010 0.144001 0.000010
0.405657 0.037878 0.000010 0.163390 0.000010 0.015644 0.061258 0.209058 0.107096
0.443959 0.000359 0.041564 0.004269 0.000010 0.007295 0.023583 0.269182 0.209780
0.390047 0.000010 0.000010 0.000010 0.000010 0.007673 0.000010 0.572936 0.029295
0.355535 0.000010 0.000010 0.000010 0.000010 0.000010 0.125466 0.504526 0.014423
0.567794 0.014976 0.000010 0.000010 0.000010 0.080289 0.000010 0.303048 0.033853
0.616840 0.000010 0.006617 0.000010 0.000010 0.084153 0.014613 0.277738 0.000010
0.469287 0.004978 0.000010 0.217127 0.042398 0.000010 0.000010 0.266169 0.000010
0.600722 0.038367 0.007514 0.000010 0.000010 0.000010 0.002771 0.350586 0.000010
0.538300 0.000010 0.000010 0.235048 0.000010 0.061571 0.000010 0.165031 0.000010
0.475379 0.000010 0.000010 0.235492 0.000010 0.000010 0.001698 0.287381 0.000010
0.478466 0.031721 0.000010 0.042425 0.046017 0.000010 0.024541 0.255810 0.120999
0.585338 0.047945 0.000010 0.148617 0.000010 0.000010 0.000010 0.169629 0.048431
0.494335 0.000010 0.000010 0.079219 0.031683 0.000010 0.044291 0.283953 0.066489
0.420132 0.043606 0.029315 0.130528 0.021166 0.028176 0.000010 0.327058 0.000010
0.398478 0.082571 0.000010 0.212996 0.020103 0.020923 0.009672 0.255238 0.000010
0.670954 0.000010 0.000010 0.000010 0.037974 0.000010 0.081653 0.209370 0.000010
0.718934 0.000010 0.000010 0.000010 0.000010 0.000010 0.050578 0.144726 0.085712
0.667050 0.000010 0.000010 0.000010 0.000010 0.000010 0.084178 0.107797 0.140925
0.460832 0.049074 0.049315 0.144298 0.000010 0.000010 0.083701 0.198151 0.014608
0.569860 0.000010 0.032258 0.158057 0.000010 0.000010 0.000010 0.138874 0.100910
0.329622 0.000010 0.084361 0.106208 0.032945 0.070795 0.000010 0.281494 0.094555
0.638051 0.081439 0.050593 0.000010 0.000010 0.013012 0.000010 0.166809 0.050066
0.673737 0.000010 0.000010 0.000010 0.014437 0.007038 0.059969 0.157229 0.087559
0.513374 0.000010 0.027208 0.000010 0.097239 0.020131 0.000010 0.234853 0.107166
0.582509 0.000010 0.000010 0.000010 0.000010 0.044264 0.023048 0.205968 0.144171
0.593006 0.000010 0.000010 0.087211 0.000010 0.111090 0.000010 0.176458 0.032195
0.512001 0.000010 0.003788 0.000010 0.000010 0.020709 0.183564 0.247108 0.032800
0.607737 0.000010 0.066498 0.091366 0.000010 0.051792 0.000010 0.135473 0.047104
0.394543 0.000010 0.104537 0.217220 0.000010 0.118178 0.000010 0.165482 0.000010
0.000010 0.000010 0.000011 0.000010 0.000010 0.030166 0.000010 0.000010 0.969764
0.329471 0.165455 0.000010 0.229130 0.003831 0.040010 0.000010 0.232074 0.000010
0.610868 0.000010 0.000010 0.037661 0.000010 0.147002 0.000010 0.204419 0.000010
0.495088 0.020593 0.037717 0.005244 0.000010 0.000010 0.012464 0.364286 0.064588
0.576700 0.020296 0.000010 0.000010 0.000010 0.041054 0.068898 0.248909 0.044114
0.499577 0.075448 0.024869 0.000010 0.000010 0.058706 0.044064 0.248521 0.048797
0.843260 0.000010 0.006931 0.000010 0.000010 0.001021 0.066832 0.000010 0.081916
0.246065 0.000010 0.036877 0.340242 0.000010 0.000010 0.035618 0.335091 0.006077
0.356978 0.098360 0.009447 0.097862 0.000010 0.000010 0.110236 0.212923 0.114174
0.828592 0.000010 0.000010 0.018804 0.009407 0.000010 0.004948 0.096160 0.042059
0.603211 0.000010 0.000010 0.000010 0.044779 0.000010 0.181274 0.170686 0.000010
0.482667 0.000010 0.277303 0.005538 0.000010 0.000010 0.000010 0.234441 0.000010
0.369317 0.085831 0.000010 0.152739 0.140164 0.000010 0.043235 0.000010 0.208683
0.304897 0.000010 0.000010 0.075233 0.000010 0.005045 0.051257 0.310138 0.253401
0.631288 0.060068 0.058641 0.123250 0.000010 0.000010 0.000010 0.088099 0.038624
0.637170 0.000010 0.000010 0.000010 0.000010 0.080736 0.000010 0.235497 0.046547
0.389567 0.000010 0.000010 0.172892 0.000010 0.000010 0.000010 0.395748 0.041743
0.712837 0.000010 0.000010 0.000010 0.000010 0.006627 0.001627 0.227224 0.051646
0.523480 0.000010 0.000010 0.127578 0.099152 0.008110 0.042888 0.198762 0.000010
0.582018 0.000010 0.000010 0.000010 0.000010 0.077282 0.125274 0.207390 0.007996
0.578014 0.035593 0.110411 0.000010 0.000010 0.001531 0.000010 0.197571 0.076849
0.539372 0.000010 0.000010 0.000010 0.000010 0.083305 0.109080 0.268193 0.000010
0.277460 0.000010 0.007875 0.000010 0.148837 0.000010 0.000010 0.427219 0.138569
0.390149 0.022992 0.151034 0.000010 0.070872 0.000010 0.111371 0.084225 0.169338
0.610549 0.081868 0.000010 0.007857 0.001680 0.000010 0.036159 0.076715 0.185152
0.228646 0.007343 0.000010 0.400472 0.025532 0.000010 0.000010 0.337967 0.000010
0.466407 0.000010 0.000010 0.000010 0.000010 0.048736 0.131926 0.300335 0.052556
0.488894 0.000010 0.000010 0.000010 0.032169 0.021392 0.074560 0.355359 0.027595
0.534169 0.082172 0.000010 0.172310 0.000010 0.089902 0.000010 0.000010 0.121407
0.541012 0.000010 0.033658 0.047298 0.000010 0.000010 0.115808 0.196423 0.065771
0.467979 0.000010 0.000010 0.072352 0.000010 0.000010 0.110103 0.182062 0.167463
0.390210 0.000010 0.208141 0.179105 0.000010 0.000010 0.000010 0.168688 0.053816
0.000010 0.133592 0.063682 0.000010 0.610816 0.011448 0.180423 0.000010 0.000010
0.000010 0.021994 0.033771 0.000014 0.756845 0.000010 0.187336 0.000010 0.000010
0.000010 0.000010 0.109339 0.000010 0.775783 0.005393 0.109435 0.000010 0.000010
0.008703 0.009839 0.000010 0.000010 0.863771 0.000010 0.117638 0.000010 0.000010
0.000010 0.011085 0.000010 0.000010 0.783151 0.000010 0.205703 0.000010 0.000010
0.000010 0.000011 0.074525 0.049868 0.597981 0.000010 0.249437 0.000010 0.028147
0.040392 0.003194 0.013093 0.000010 0.820851 0.000010 0.122431 0.000010 0.000010
0.368101 0.000010 0.140088 0.434172 0.004723 0.052877 0.000010 0.000010 0.000010
0.666015 0.000010 0.016971 0.276289 0.000010 0.000010 0.000010 0.040674 0.000010
0.472718 0.002910 0.079029 0.215816 0.075701 0.000010 0.000010 0.133617 0.020191
0.643354 0.000010 0.000010 0.000010 0.000010 0.000010 0.291738 0.064849 0.000010
0.393206 0.087327 0.000010 0.355393 0.049197 0.021180 0.088558 0.005118 0.000010
0.694131 0.000010 0.000010 0.170988 0.071616 0.000010 0.000572 0.062652 0.000010
0.619278 0.000010 0.000010 0.319739 0.000010 0.000010 0.000010 0.060747 0.000187
0.625999 0.000010 0.000010 0.048934 0.000010 0.028863 0.137270 0.158893 0.000010
0.512977 0.000010 0.005067 0.156834 0.107692 0.000010 0.150361 0.067039 0.000010
0.655305 0.052057 0.000010 0.153148 0.000010 0.000010 0.004524 0.134927 0.000010
0.412342 0.000010 0.000010 0.197368 0.032168 0.051719 0.027330 0.211314 0.067738
0.538610 0.000010 0.044255 0.093061 0.000010 0.000010 0.017129 0.131606 0.175310
0.676134 0.000010 0.009966 0.019665 0.000010 0.001471 0.000010 0.166163 0.126571
0.521931 0.023677 0.000010 0.067141 0.000010 0.000010 0.104462 0.282750 0.000010
0.552665 0.000010 0.000010 0.000010 0.087575 0.000010 0.000010 0.235073 0.124638
0.464309 0.038436 0.062835 0.196016 0.000010 0.027536 0.115797 0.095052 0.000010
0.437941 0.000010 0.016672 0.122538 0.079411 0.012930 0.119499 0.087842 0.123157
0.584887 0.000010 0.074524 0.000010 0.000010 0.022722 0.052471 0.265355 0.000010
0.539545 0.000010 0.000010 0.070907 0.000010 0.054597 0.169338 0.165573 0.000010
0.679133 0.000010 0.032311 0.000010 0.000010 0.000010 0.082237 0.206269 0.000010
0.479892 0.068339 0.083789 0.000010 0.000010 0.017368 0.000010 0.347492 0.003090
0.491553 0.000010 0.000010 0.061445 0.000010 0.096639 0.027447 0.322875 0.000010
0.565054 0.083825 0.000010 0.000010 0.000010 0.000010 0.049072 0.213454 0.088554
0.513617 0.051312 0.150522 0.047041 0.163487 0.043169 0.000010 0.024032 0.006810
0.671683 0.000010 0.000010 0.000010 0.031091 0.095726 0.050465 0.150995 0.000010
0.398310 0.000010 0.000010 0.150878 0.000010 0.080029 0.013166 0.357577 0.000010
0.352811 0.000010 0.000010 0.105298 0.045541 0.040378 0.008435 0.402224 0.045293
0.550724 0.000010 0.000010 0.243163 0.000010 0.035009 0.000010 0.171055 0.000010
0.429696 0.080686 0.004788 0.194729 0.000010 0.018286 0.000010 0.271784 0.000010
0.435613 0.000010 0.000010 0.000010 0.000010 0.041015 0.000010 0.320501 0.202821
0.475224 0.000010 0.006825 0.087320 0.000010 0.000010 0.000010 0.319929 0.110661
0.564292 0.000010 0.000010 0.011318 0.000010 0.000010 0.000010 0.380318 0.044021
0.545438 0.000010 0.018157 0.216643 0.000010 0.115017 0.078992 0.018370 0.007362
0.477105 0.080249 0.000010 0.061799 0.000010 0.072279 0.059326 0.206009 0.043212
0.447303 0.027307 0.024354 0.138981 0.000010 0.000010 0.027327 0.178209 0.156500
0.000010 0.839989 0.159941 0.000010 0.000010 0.000010 0.000010 0.000010 0.000010
0.000010 0.888420 0.094238 0.000010 0.000010 0.017279 0.000012 0.000010 0.000010
0.000010 0.782376 0.005814 0.000010 0.000010 0.000010 0.211750 0.000010 0.000010
0.000010 0.871515 0.097849 0.000010 0.011020 0.002757 0.000010 0.016819 0.000010
0.000010 0.000010 0.536631 0.000010 0.035489 0.000010 0.427820 0.000010 0.000010
0.068864 0.000010 0.530992 0.000010 0.000010 0.010970 0.317893 0.029618 0.041634
0.000010 0.006756 0.427134 0.063361 0.027580 0.000010 0.475128 0.000010 0.000010
0.000010 0.037722 0.558872 0.000010 0.000010 0.000010 0.365478 0.037878 0.000010
0.043434 0.055766 0.474334 0.000010 0.000010 0.020522 0.363930 0.000010 0.041984
0.000010 0.019175 0.371212 0.000010 0.000010 0.000010 0.554767 0.000010 0.054796
0.000010 0.000010 0.335338 0.018697 0.000010 0.000305 0.405601 0.133880 0.106149
0.000010 0.000010 0.439968 0.032853 0.000010 0.079678 0.403764 0.000010 0.043696
0.000010 0.000010 0.517435 0.000010 0.000010 0.000010 0.402450 0.000010 0.080055
0.000010 0.136269 0.564856 0.000010 0.151623 0.000010 0.147202 0.000010 0.000010
0.428615 0.000010 0.000010 0.000010 0.046684 0.100883 0.219942 0.190312 0.013534
0.413025 0.000010 0.000010 0.159091 0.000010 0.026650 0.135670 0.265524 0.000010
0.530719 0.000010 0.000010 0.081464 0.086722 0.050603 0.040762 0.015928 0.193782
0.345319 0.061654 0.230340 0.146082 0.043570 0.058275 0.000010 0.114740 0.000010
0.497664 0.000010 0.000010 0.000010 0.000010 0.019147 0.141555 0.341584 0.000010
0.680003 0.030360 0.000010 0.000010 0.000010 0.000010 0.000010 0.233730 0.055857
0.653214 0.034622 0.000010 0.053472 0.052785 0.012733 0.000010 0.193143 0.000010
0.342059 0.000010 0.054334 0.000010 0.012501 0.000010 0.000010 0.332667 0.258399
0.663460 0.000010 0.000010 0.030124 0.039281 0.009979 0.000010 0.257116 0.000010
0.312014 0.000010 0.000010 0.013610 0.000010 0.000010 0.240799 0.108196 0.325341
0.587040 0.000010 0.009861 0.192257 0.092932 0.004703 0.000010 0.113176 0.000010
0.734333 0.000010 0.000010 0.060655 0.000010 0.000010 0.000010 0.204952 0.000010
0.816103 0.000010 0.000010 0.000010 0.000010 0.000010 0.000010 0.183827 0.000010
0.420157 0.000010 0.000010 0.000010 0.000010 0.082118 0.106700 0.310788 0.080197
0.466825 0.000010 0.000010 0.018487 0.082641 0.085310 0.000010 0.230878 0.115830
0.567437 0.000010 0.066381 0.064423 0.000010 0.000010 0.000010 0.171580 0.130138
0.512524 0.051841 0.000010 0.135067 0.000010 0.035486 0.082839 0.180346 0.001876
0.354054 0.074629 0.025726 0.224059 0.000010 0.008958 0.003063 0.276570 0.032931
0.756634 0.000010 0.055935 0.000010 0.032538 0.000010 0.087797 0.067055 0.000010
0.574986 0.011574 0.000010 0.010560 0.000010 0.083581 0.051631 0.267638 0.000010
0.553666 0.114690 0.000010 0.000010 0.012688 0.000010 0.125293 0.193624 0.000010
0.000010 0.030119 0.734903 0.000010 0.000010 0.000558 0.234371 0.000010 0.000010
0.000010 0.087599 0.544388 0.000010 0.000010 0.000010 0.367953 0.000010 0.000010
0.000010 0.000010 0.731793 0.000010 0.000010 0.042135 0.209340 0.016683 0.000010
0.000010 0.112340 0.478493 0.000010 0.000010 0.044500 0.351956 0.000010 0.012671
0.101387 0.012571 0.614612 0.004967 0.000010 0.000010 0.266423 0.000010 0.000010
0.000010 0.071402 0.687058 0.000010 0.000010 0.014923 0.226568 0.000010 0.000010
0.000010 0.030182 0.645399 0.000010 0.000010 0.002518 0.321850 0.000010 0.000010
0.000010 0.067318 0.763360 0.000010 0.000010 0.000010 0.169263 0.000010 0.000010
0.000010 0.000010 0.732933 0.000010 0.000010 0.024857 0.242150 0.000010 0.000010
0.000010 0.000010 0.618312 0.000010 0.000010 0.000010 0.365585 0.000010 0.016043
0.000010 0.048609 0.615223 0.000010 0.000010 0.019771 0.316346 0.000010 0.000010
0.000010 0.000010 0.660128 0.000010 0.000010 0.000010 0.339802 0.000010 0.000010
0.000010 0.064654 0.681946 0.000010 0.000010 0.012346 0.234196 0.006817 0.000010
0.000010 0.100366 0.603855 0.006828 0.000010 0.045906 0.211979 0.025685 0.005362
0.000010 0.000010 0.733239 0.000010 0.000010 0.000010 0.266691 0.000010 0.000010
0.000010 0.000010 0.726939 0.000010 0.000010 0.028453 0.203315 0.000010 0.041243
0.011865 0.066776 0.669294 0.013478 0.000010 0.000010 0.238547 0.000010 0.000010
0.000010 0.000010 0.819514 0.000010 0.000010 0.000010 0.159793 0.020633 0.000010
0.000490 0.000010 0.760483 0.000010 0.000010 0.000010 0.238967 0.000010 0.000010
0.000010 0.083172 0.737061 0.000010 0.000010 0.000010 0.163435 0.000010 0.016282
0.000010 0.007531 0.658018 0.000010 0.000010 0.000010 0.334391 0.000010 0.000010
0.000010 0.036167 0.715166 0.000010 0.000010 0.000010 0.248607 0.000010 0.000010
0.000010 0.000010 0.685190 0.058484 0.000010 0.000010 0.256266 0.000010 0.000010
0.000010 0.026900 0.565313 0.000010 0.042672 0.033801 0.239696 0.091588 0.000010
0.000010 0.110694 0.616567 0.000011 0.000010 0.000010 0.215057 0.057631 0.000010
0.000010 0.014833 0.437040 0.000010 0.000010 0.042515 0.381962 0.123609 0.000010
0.000010 0.148124 0.531581 0.000010 0.000010 0.000010 0.320236 0.000010 0.000010
0.000010 0.000010 0.661607 0.000010 0.000010 0.000010 0.334622 0.000010 0.003712
0.000010 0.000010 0.713188 0.000010 0.000010 0.021830 0.264922 0.000010 0.000010
0.000010 0.000010 0.590312 0.000010 0.092265 0.028783 0.277061 0.002690 0.008860
0.027215 0.024430 0.385268 0.000010 0.002851 0.049423 0.510785 0.000010 0.000010
0.002748 0.000010 0.589562 0.000010 0.000010 0.000010 0.367569 0.040071 0.000010
0.044947 0.000010 0.607228 0.000010 0.000010 0.000010 0.347765 0.000010 0.000010
0.000010 0.000010 0.593800 0.000010 0.000010 0.000010 0.393711 0.000010 0.012429
0.043046 0.011478 0.690582 0.000010 0.000010 0.000010 0.254844 0.000010 0.000010
0.019621 0.022570 0.681443 0.000010 0.000010 0.024527 0.228899 0.022909 0.000010
0.190164 0.000010 0.557170 0.000010 0.033602 0.000010 0.219014 0.000010 0.000010
0.000010 0.000010 0.645012 0.091874 0.000010 0.008976 0.254088 0.000010 0.000010
0.000010 0.027768 0.632820 0.000010 0.000010 0.036410 0.221040 0.070893 0.011038
0.000010 0.000010 0.000010 0.000010 0.779660 0.000010 0.220270 0.000010 0.000010
0.000010 0.000010 0.000010 0.000010 0.771787 0.000010 0.228143 0.000010 0.000010
0.000010 0.000010 0.656002 0.000010 0.005639 0.000010 0.248416 0.000010 0.089893
0.000010 0.000010 0.761213 0.000010 0.000010 0.005674 0.233053 0.000010 0.000010
0.522528 0.139994 0.000010 0.318474 0.000010 0.018954 0.000010 0.000010 0.000010
0.328386 0.019509 0.000010 0.328582 0.034534 0.033363 0.039681 0.215924 0.000010
0.570211 0.000010 0.000010 0.337634 0.000010 0.000010 0.000010 0.092095 0.000010
0.150926 0.000010 0.010868 0.395649 0.000010 0.040659 0.000010 0.401857 0.000010
0.238572 0.052137 0.044997 0.410910 0.000010 0.000010 0.000010 0.253343 0.000010
0.522768 0.031202 0.003800 0.133368 0.009571 0.000010 0.005455 0.293816 0.000010
0.446436 0.058886 0.000010 0.240704 0.114603 0.087817 0.000010 0.027993 0.023540
0.421688 0.032772 0.034710 0.380351 0.000010 0.007774 0.000010 0.122675 0.000010
0.425718 0.000010 0.055483 0.338917 0.000010 0.000010 0.000010 0.179832 0.000010
0.110989 0.000010 0.000010 0.515405 0.037039 0.006732 0.000010 0.329795 0.000010
0.459953 0.000010 0.000010 0.339718 0.000010 0.016461 0.000010 0.155645 0.028183
0.304751 0.107418 0.000010 0.403286 0.000012 0.000011 0.000010 0.184492 0.000010
0.368263 0.026799 0.000010 0.440221 0.042184 0.000010 0.122493 0.000010 0.000010
0.000010 0.048821 0.578502 0.000010 0.012286 0.000010 0.360341 0.000010 0.000010
0.000010 0.000010 0.587826 0.000010 0.009165 0.001809 0.353187 0.047973 0.000010
0.000010 0.000010 0.591197 0.000010 0.000010 0.000010 0.391681 0.000010 0.017063
0.000010 0.000010 0.746889 0.000010 0.000010 0.000010 0.253041 0.000010 0.000010
0.000010 0.000010 0.549188 0.000010 0.028454 0.000010 0.381531 0.040776 0.000010
0.010984 0.000010 0.699615 0.000010 0.000010 0.000010 0.287007 0.000010 0.002344
0.000652 0.000010 0.591081 0.000010 0.000010 0.061682 0.346535 0.000010 0.000010
0.000010 0.000010 0.530347 0.000010 0.000010 0.000010 0.469583 0.000010 0.000010
0.000010 0.000198 0.540316 0.000010 0.000010 0.081119 0.378318 0.000010 0.000010
0.028537 0.000010 0.550521 0.000010 0.000010 0.000010 0.420882 0.000010 0.000010
0.000010 0.000010 0.755527 0.000010 0.000010 0.000010 0.244403 0.000010 0.000010
0.000010 0.000010 0.585524 0.000010 0.000010 0.009050 0.405366 0.000010 0.000010
