0.355055 0.000010 0.000010 0.156951 0.052906 0.052910 0.000010 0.382138 0.000010
0.343659 0.051266 0.000010 0.000010 0.000010 0.097180 0.000010 0.358335 0.149520
0.292290 0.000010 0.290118 0.000010 0.021561 0.008930 0.015469 0.330501 0.041111
0.251793 0.167944 0.000010 0.073755 0.000010 0.000010 0.189084 0.238851 0.078544
0.111665 0.076797 0.000010 0.000010 0.003726 0.020064 0.161119 0.498397 0.128212
0.101881 0.000010 0.004706 0.000010 0.000010 0.241758 0.163095 0.315679 0.172851
0.132167 0.074706 0.126760 0.108416 0.053507 0.000010 0.000010 0.321679 0.182745
0.403744 0.000010 0.000010 0.257567 0.000010 0.029449 0.000010 0.297361 0.011838
0.276686 0.000010 0.000010 0.000010 0.000010 0.012860 0.127183 0.583221 0.000010
0.258970 0.000010 0.000010 0.243661 0.054887 0.007261 0.000010 0.396848 0.038342
0.478302 0.000010 0.000010 0.000010 0.045343 0.019791 0.179506 0.186427 0.090602
0.451235 0.000010 0.000010 0.041763 0.000010 0.000010 0.020040 0.406407 0.080515
0.145687 0.238485 0.097826 0.152266 0.006329 0.026456 0.325545 0.007394 0.000010
0.066209 0.009916 0.107077 0.254168 0.000010 0.011816 0.032529 0.000010 0.518266
0.360667 0.038675 0.038459 0.141459 0.153910 0.041690 0.000010 0.225119 0.000010
0.309195 0.119618 0.029946 0.179506 0.000412 0.000010 0.000010 0.316694 0.044609
0.113342 0.050683 0.124987 0.153000 0.000010 0.029379 0.163059 0.365530 0.000010
0.311409 0.000010 0.000010 0.000010 0.068701 0.168779 0.038905 0.412166 0.000010
0.260036 0.012870 0.000010 0.011510 0.064228 0.000010 0.057491 0.531454 0.062391
0.154517 0.090610 0.101547 0.221034 0.000010 0.063044 0.060655 0.308573 0.000010
0.416928 0.020780 0.015244 0.164520 0.000010 0.000010 0.000010 0.347484 0.035013
0.268435 0.126343 0.027166 0.000010 0.112841 0.000010 0.000010 0.305706 0.159480
0.354627 0.231956 0.000010 0.000010 0.121266 0.000010 0.000010 0.287993 0.004117
0.085438 0.066904 0.000010 0.246521 0.000010 0.056232 0.056919 0.487955 0.000010
0.175478 0.283865 0.000010 0.129399 0.020071 0.022981 0.070209 0.297977 0.000010
0.240459 0.028313 0.000010 0.009988 0.000010 0.000010 0.207903 0.513297 0.000010
0.241869 0.168868 0.019370 0.023686 0.027158 0.048859 0.166816 0.283554 0.019820
0.133836 0.091810 0.000010 0.164883 0.000010 0.066894 0.077301 0.294449 0.170807
0.242619 0.000010 0.057576 0.024669 0.000010 0.047970 0.107643 0.519494 0.000010
0.428449 0.064580 0.000010 0.000010 0.113733 0.000010 0.178118 0.196401 0.018689
0.000010 0.079228 0.000010 0.132579 0.000872 0.000010 0.215038 0.519300 0.052953
0.391796 0.000010 0.079947 0.173794 0.021665 0.025258 0.000010 0.307511 0.000010
0.220119 0.029317 0.000010 0.203322 0.038770 0.000010 0.000010 0.508432 0.000010
0.114101 0.135268 0.181973 0.093116 0.032198 0.000010 0.059967 0.383356 0.000010
0.053085 0.073496 0.060371 0.044208 0.000010 0.019175 0.215426 0.522945 0.011285
0.261766 0.020035 0.000010 0.036060 0.000010 0.000010 0.118051 0.366869 0.197190
0.392974 0.000010 0.110886 0.000010 0.094598 0.071574 0.043545 0.254634 0.031769
0.073320 0.000010 0.000010 0.305836 0.003634 0.143122 0.158902 0.308746 0.006419
0.283609 0.042159 0.044611 0.000010 0.094155 0.016559 0.113265 0.063005 0.342627
0.355820 0.000010 0.000010 0.125097 0.000010 0.031889 0.000010 0.487143 0.000010
0.259279 0.103213 0.079714 0.000010 0.000010 0.000010 0.176627 0.381127 0.000010
0.737850 0.062932 0.000015 0.024300 0.000010 0.019160 0.000010 0.054432 0.101291
0.409162 0.060211 0.000010 0.108747 0.000010 0.000010 0.000010 0.369077 0.052764
0.290941 0.095658 0.098642 0.068652 0.040267 0.000010 0.012895 0.392925 0.000010
0.237001 0.078267 0.030743 0.219996 0.036241 0.049789 0.000010 0.347944 0.000010
0.289381 0.000010 0.000010 0.237233 0.000010 0.034599 0.059176 0.379570 0.000010
0.376300 0.000010 0.000010 0.065077 0.000010 0.024703 0.068146 0.465735 0.000010
0.524575 0.000010 0.000018 0.000010 0.000010 0.093921 0.000010 0.381437 0.000010
0.418856 0.099780 0.011225 0.083785 0.000010 0.027213 0.153969 0.205152 0.000010
0.467381 0.118853 0.159506 0.000010 0.000010 0.020443 0.219259 0.014528 0.000010
0.104092 0.215566 0.303417 0.092115 0.000010 0.000010 0.284770 0.000010 0.000010
0.070829 0.094329 0.410647 0.000010 0.002803 0.000010 0.214780 0.204994 0.001597
0.351040 0.196029 0.145903 0.067868 0.000010 0.079715 0.000010 0.159416 0.000010
0.148397 0.098483 0.286256 0.000020 0.244098 0.000010 0.140766 0.080703 0.001267
0.029143 0.120396 0.692399 0.032974 0.024552 0.000010 0.100506 0.000010 0.000010
0.110855 0.042125 0.263472 0.040742 0.212228 0.000010 0.315487 0.015072 0.000010
0.164052 0.028772 0.289375 0.001870 0.100194 0.026789 0.339770 0.049168 0.000010
0.023322 0.050750 0.385288 0.090857 0.000010 0.000010 0.183763 0.164303 0.101697
0.222429 0.101189 0.330508 0.169499 0.000010 0.001909 0.118863 0.055583 0.000010
0.058344 0.054382 0.262417 0.272387 0.000010 0.000010 0.070927 0.191180 0.090342
0.055716 0.180699 0.340047 0.134222 0.133192 0.012307 0.115223 0.028583 0.000010
0.231574 0.032734 0.336878 0.000010 0.130638 0.028641 0.154883 0.084631 0.000010
0.100371 0.000010 0.327490 0.119466 0.000010 0.000010 0.123103 0.329530 0.000010
0.144389 0.033536 0.159096 0.159263 0.000010 0.034077 0.162888 0.306730 0.000010
0.057484 0.000010 0.536660 0.261559 0.000010 0.000010 0.144247 0.000010 0.000010
0.134083 0.087779 0.374480 0.034315 0.067199 0.000010 0.000010 0.302114 0.000010
0.034318 0.205903 0.132000 0.212106 0.000010 0.000010 0.063262 0.124528 0.227864
0.119903 0.122521 0.574740 0.000010 0.035151 0.000010 0.147645 0.000010 0.000010
0.000010 0.217298 0.471802 0.000010 0.020144 0.000010 0.236601 0.054116 0.000010
0.386586 0.000010 0.108490 0.000010 0.000010 0.040507 0.011001 0.453377 0.000010
0.153996 0.058475 0.145807 0.052917 0.000013 0.080510 0.000010 0.291589 0.216682
0.530665 0.059351 0.000010 0.033466 0.000010 0.000010 0.000010 0.376469 0.000010
0.407724 0.000010 0.000010 0.000010 0.000010 0.000010 0.089987 0.502229 0.000010
0.229116 0.038361 0.084408 0.000010 0.000010 0.000010 0.218466 0.429608 0.000010
0.346602 0.054674 0.069498 0.000010 0.000010 0.039583 0.039927 0.449685 0.000010
0.212374 0.011721 0.000010 0.151541 0.028742 0.081863 0.000010 0.425859 0.087881
0.242108 0.096242 0.128560 0.043269 0.021794 0.000010 0.121550 0.346457 0.000010
0.284824 0.000010 0.000010 0.123132 0.000010 0.141258 0.000010 0.307789 0.142958
0.275820 0.167804 0.000010 0.115229 0.000010 0.146571 0.022250 0.204309 0.067996
0.000010 0.000010 0.000010 0.000010 0.005183 0.106286 0.200225 0.235550 0.452716
0.238324 0.047554 0.000010 0.000010 0.000010 0.105354 0.151376 0.457353 0.000010
0.295453 0.000010 0.000010 0.253993 0.038625 0.000010 0.000010 0.411879 0.000010
0.224756 0.190059 0.000010 0.224609 0.003250 0.006189 0.000010 0.196401 0.154718
0.227010 0.020739 0.021857 0.124507 0.000010 0.000010 0.000010 0.572666 0.033191
0.107484 0.141800 0.028923 0.179732 0.000010 0.000010 0.131731 0.410301 0.000010
0.000010 0.139330 0.000010 0.023123 0.062365 0.000010 0.179416 0.595725 0.000010
0.203352 0.175181 0.000010 0.162555 0.058923 0.114909 0.019279 0.247931 0.017860
0.265332 0.058152 0.000010 0.000010 0.000010 0.119559 0.077503 0.338789 0.140635
0.389723 0.117704 0.000010 0.069781 0.000010 0.000010 0.011019 0.351584 0.060158
0.108491 0.000010 0.057137 0.017313 0.161206 0.039911 0.236717 0.379205 0.000010
0.177490 0.093513 0.044501 0.218872 0.000010 0.000222 0.078558 0.386824 0.000010
0.191943 0.110654 0.205376 0.188470 0.000010 0.000010 0.000010 0.281029 0.022498
0.461001 0.053936 0.033210 0.000010 0.000010 0.042946 0.000010 0.376220 0.032656
0.058134 0.122745 0.000010 0.209479 0.000010 0.052524 0.092728 0.464360 0.000010
0.444374 0.000010 0.000010 0.000010 0.029819 0.000010 0.000010 0.467576 0.058181
0.167708 0.057170 0.048934 0.084173 0.070249 0.000010 0.166292 0.405455 0.000010
0.131917 0.066297 0.000010 0.185242 0.000010 0.039896 0.190483 0.386134 0.000010
0.000010 0.174262 0.000010 0.090464 0.072151 0.000010 0.263220 0.399863 0.000010
0.199262 0.000010 0.000010 0.000010 0.000010 0.061672 0.242736 0.496280 0.000010
0.372479 0.003609 0.000010 0.107391 0.000010 0.000010 0.000010 0.516472 0.000010
0.437276 0.031078 0.000010 0.000010 0.000010 0.000010 0.000010 0.491604 0.039992
0.137937 0.023965 0.000010 0.000010 0.000010 0.134871 0.055144 0.070337 0.577715
0.450140 0.042807 0.000010 0.000010 0.043443 0.054390 0.000010 0.364122 0.045069
0.271729 0.155870 0.000010 0.072799 0.000010 0.000010 0.000010 0.356543 0.143019
0.089816 0.000010 0.186482 0.052086 0.000010 0.007511 0.276760 0.387315 0.000010
0.323022 0.023552 0.000010 0.000010 0.017756 0.016477 0.325086 0.294077 0.000010
0.110036 0.020257 0.026165 0.044062 0.000291 0.051609 0.158249 0.535980 0.053351
0.377546 0.000010 0.013388 0.281235 0.000010 0.053554 0.000010 0.251404 0.022843
0.428440 0.000010 0.000010 0.052990 0.000010 0.029042 0.046515 0.442972 0.000010
0.187517 0.078314 0.000010 0.231261 0.027961 0.000010 0.166707 0.308211 0.000010
0.000010 0.067814 0.166863 0.133462 0.000010 0.001414 0.265370 0.355348 0.009710
0.332233 0.021549 0.000010 0.117198 0.000010 0.000010 0.091836 0.437144 0.000010
0.294515 0.037090 0.000010 0.000010 0.000010 0.000010 0.153042 0.443026 0.072287
0.627236 0.020967 0.000010 0.000010 0.000010 0.000010 0.000010 0.222560 0.129187
0.238725 0.087386 0.000010 0.000010 0.102476 0.000010 0.170483 0.400890 0.000010
0.324261 0.045278 0.000010 0.085940 0.000010 0.084077 0.033683 0.426731 0.000010
0.170483 0.086861 0.000010 0.024573 0.000010 0.111552 0.218735 0.387767 0.000010
0.116714 0.042385 0.000010 0.000010 0.000154 0.000010 0.215615 0.625092 0.000010
0.236462 0.077145 0.000010 0.178996 0.000010 0.000010 0.172585 0.334772 0.000010
0.515924 0.148173 0.000010 0.201042 0.134810 0.000010 0.000010 0.000010 0.000010
0.000010 0.063594 0.231017 0.294399 0.000010 0.000010 0.159364 0.251587 0.000010
0.285245 0.025400 0.000010 0.092144 0.000010 0.000010 0.034987 0.562183 0.000010
0.165658 0.063394 0.019714 0.063034 0.015359 0.014581 0.339207 0.280322 0.038730
0.302708 0.043533 0.000010 0.238983 0.083284 0.000010 0.000010 0.331453 0.000010
0.142793 0.024425 0.000010 0.262593 0.027916 0.000010 0.000010 0.542233 0.000010
0.313719 0.066109 0.000010 0.001965 0.000010 0.013243 0.102288 0.502646 0.000010
0.000010 0.060271 0.164097 0.248764 0.000010 0.000010 0.000010 0.526818 0.000010
0.340070 0.079826 0.000010 0.204158 0.000010 0.000010 0.019089 0.232123 0.124704
0.500985 0.105502 0.000010 0.118999 0.000010 0.000010 0.053221 0.221254 0.000010
0.212943 0.000010 0.000010 0.252502 0.000010 0.058834 0.000010 0.475672 0.000010
0.072035 0.104047 0.083445 0.000017 0.068708 0.000010 0.260986 0.410742 0.000010
0.134196 0.030418 0.048284 0.095106 0.000010 0.106482 0.264756 0.320737 0.000010
0.287151 0.177229 0.111751 0.033416 0.000018 0.000010 0.000010 0.390405 0.000010
0.382778 0.178493 0.000010 0.041293 0.000010 0.000010 0.106770 0.290627 0.000010
0.195937 0.102799 0.001264 0.000010 0.000010 0.056571 0.284400 0.358999 0.000010
0.112323 0.000010 0.000010 0.211451 0.000010 0.000010 0.206389 0.469787 0.000010
0.347673 0.000010 0.095111 0.000010 0.040083 0.017084 0.000010 0.500009 0.000010
0.459741 0.000010 0.000010 0.016783 0.000012 0.038685 0.055764 0.428985 0.000010
0.352896 0.107546 0.000010 0.050432 0.021570 0.000010 0.000018 0.467508 0.000010
0.030815 0.210259 0.000010 0.054923 0.069291 0.000010 0.049601 0.585081 0.000010
0.310035 0.098039 0.035006 0.143771 0.133265 0.008071 0.000010 0.271793 0.000010
0.382334 0.107002 0.000010 0.068806 0.078592 0.000010 0.000010 0.335350 0.027886
0.144864 0.000010 0.060872 0.085521 0.000010 0.000010 0.258944 0.449758 0.000010
0.000010 0.053967 0.030494 0.332661 0.000010 0.014917 0.065812 0.387979 0.114150
0.068816 0.037162 0.052293 0.447030 0.000010 0.069417 0.000010 0.325252 0.000010
0.141570 0.029383 0.006789 0.209808 0.000015 0.034549 0.114674 0.463203 0.000010
0.118410 0.024976 0.000010 0.203692 0.000010 0.000010 0.195882 0.330086 0.126925
0.194707 0.010197 0.094467 0.000010 0.110831 0.000010 0.073785 0.515982 0.000010
0.175444 0.138984 0.052071 0.315684 0.000010 0.000010 0.000010 0.317777 0.000010
0.178020 0.000010 0.305909 0.014946 0.000010 0.069357 0.124728 0.307011 0.000010
0.067456 0.045562 0.000010 0.185191 0.000010 0.000010 0.143431 0.558320 0.000010
0.217221 0.024647 0.021953 0.250381 0.000010 0.091317 0.000010 0.394451 0.000010
0.000010 0.019724 0.109172 0.230367 0.000010 0.000010 0.025489 0.615207 0.000010
0.257367 0.000010 0.075597 0.126495 0.000010 0.058795 0.081784 0.399931 0.000010
0.324513 0.017695 0.127090 0.000010 0.000010 0.079313 0.155476 0.295884 0.000010
0.284360 0.028766 0.095437 0.123746 0.049107 0.000010 0.000010 0.398271 0.020293
0.306748 0.076227 0.089482 0.106393 0.000010 0.000010 0.012444 0.408675 0.000010
0.126977 0.045763 0.000010 0.318173 0.107394 0.071227 0.050014 0.280432 0.000010
0.151032 0.051564 0.087107 0.000010 0.000010 0.065930 0.241352 0.402985 0.000010
0.022405 0.025447 0.104297 0.214250 0.000010 0.000010 0.197435 0.436136 0.000010
0.058942 0.020945 0.179719 0.152937 0.000010 0.015230 0.000010 0.572197 0.000010
0.162646 0.186443 0.064271 0.291812 0.000010 0.000010 0.000010 0.294788 0.000010
0.014210 0.000010 0.022619 0.195403 0.000010 0.005367 0.351666 0.274396 0.136320
0.082082 0.100008 0.053931 0.079355 0.000010 0.072753 0.253728 0.358123 0.000010
0.115525 0.152426 0.037348 0.054298 0.020095 0.000010 0.123760 0.496527 0.000010
0.070393 0.059179 0.041137 0.198552 0.000010 0.000010 0.130536 0.500173 0.000010
0.259739 0.050848 0.000010 0.150485 0.016911 0.000010 0.179374 0.342613 0.000010
0.000010 0.234152 0.015476 0.358612 0.000010 0.000010 0.004111 0.302307 0.085312
0.207222 0.000010 0.132628 0.195605 0.018465 0.000010 0.013721 0.432328 0.000010
0.199660 0.074485 0.000010 0.151660 0.088496 0.000010 0.000010 0.485658 0.000010
0.160726 0.037877 0.284532 0.181087 0.100626 0.000010 0.109584 0.125548 0.000010
0.435697 0.067390 0.172816 0.047807 0.007214 0.000010 0.026182 0.242874 0.000010
0.140299 0.059956 0.000010 0.218200 0.066991 0.039366 0.128283 0.346885 0.000010
0.000010 0.074637 0.140178 0.170433 0.071242 0.017772 0.030158 0.495559 0.000010
0.044285 0.192492 0.000010 0.050039 0.000010 0.017857 0.097561 0.597736 0.000010
0.255724 0.160323 0.010360 0.048166 0.028128 0.000010 0.049235 0.347917 0.100137
0.172893 0.212473 0.140967 0.164062 0.000010 0.000010 0.076703 0.232872 0.000010
0.075552 0.290205 0.046750 0.207171 0.064038 0.048594 0.044724 0.222956 0.000010
0.186489 0.103055 0.040009 0.098691 0.000010 0.000010 0.157562 0.414164 0.000010
0.260668 0.017339 0.000010 0.232022 0.080249 0.000010 0.000010 0.409681 0.000010
0.106358 0.092685 0.000010 0.132549 0.000010 0.123798 0.184494 0.360086 0.000010
0.146138 0.053922 0.180455 0.095850 0.000010 0.000010 0.083604 0.440001 0.000010
0.334507 0.007762 0.042308 0.112404 0.000010 0.040861 0.122905 0.325459 0.013784
0.206153 0.139750 0.003654 0.060510 0.000010 0.000010 0.206208 0.383695 0.000010
0.124963 0.000010 0.190583 0.000010 0.000010 0.064970 0.300375 0.319069 0.000010
0.257208 0.143541 0.110531 0.107692 0.000010 0.000010 0.031705 0.332958 0.016345
0.022361 0.018421 0.000010 0.213578 0.084962 0.000010 0.346360 0.314288 0.000010
0.000010 0.014837 0.000010 0.000010 0.000010 0.386031 0.000010 0.000010 0.599072
0.000010 0.054590 0.000011 0.006878 0.015334 0.382594 0.000010 0.000010 0.540563
0.000010 0.000010 0.000010 0.000010 0.012084 0.461457 0.000010 0.012493 0.513915
0.000010 0.050857 0.000010 0.000018 0.000010 0.429113 0.011044 0.000010 0.508928
0.000010 0.045361 0.000010 0.000010 0.000010 0.299843 0.000010 0.000010 0.654735
0.000010 0.045975 0.000010 0.000010 0.000010 0.253801 0.000010 0.000010 0.700163
0.004046 0.031023 0.000010 0.000010 0.053260 0.545478 0.016661 0.000010 0.349503
0.000010 0.070634 0.031493 0.000010 0.054902 0.265946 0.000010 0.000010 0.576984
0.000010 0.003177 0.000010 0.034380 0.000010 0.420098 0.000010 0.000010 0.542295
0.000010 0.000010 0.000010 0.000010 0.000016 0.127186 0.000010 0.093496 0.779252
0.000010 0.034406 0.000010 0.000010 0.000010 0.475616 0.000010 0.000010 0.489918
0.014101 0.000010 0.054034 0.000010 0.000010 0.493602 0.000010 0.022285 0.415937
0.000010 0.028068 0.000010 0.000010 0.000010 0.531986 0.000010 0.031456 0.408440
0.000010 0.045929 0.000010 0.000010 0.000010 0.278589 0.000010 0.090706 0.584725
0.000010 0.023354 0.000010 0.000010 0.000010 0.375654 0.023545 0.000010 0.577397
0.029406 0.024343 0.023766 0.000010 0.000013 0.358040 0.000010 0.015576 0.548835
0.000010 0.044410 0.004958 0.000010 0.000010 0.337690 0.000010 0.102986 0.509915
0.000010 0.026714 0.000010 0.000010 0.000010 0.310636 0.000010 0.000010 0.662590
0.000010 0.000010 0.000010 0.033844 0.000010 0.260363 0.000010 0.000010 0.705732
0.000010 0.013249 0.000771 0.000010 0.025276 0.242934 0.000010 0.000010 0.717730
0.000010 0.021779 0.000010 0.000010 0.007846 0.463342 0.000010 0.000010 0.506982
0.000010 0.000010 0.000010 0.000010 0.015953 0.215179 0.000010 0.000010 0.768808
0.000010 0.000010 0.016600 0.000010 0.043221 0.297273 0.000010 0.000010 0.642856
0.000010 0.001886 0.025704 0.000910 0.000010 0.542088 0.000010 0.000010 0.429372
0.000010 0.031733 0.000010 0.000010 0.000010 0.222276 0.000010 0.084263 0.661678
0.000010 0.051454 0.000010 0.000010 0.000010 0.290433 0.000010 0.000010 0.658052
0.000010 0.058387 0.000010 0.000010 0.000010 0.346265 0.000010 0.000010 0.595288
0.000010 0.020262 0.000010 0.000010 0.044016 0.241463 0.000010 0.000010 0.694210
0.006236 0.000010 0.043048 0.000010 0.792779 0.000010 0.157888 0.000010 0.000010
0.289539 0.000010 0.185497 0.371174 0.000010 0.116595 0.037154 0.000010 0.000010
0.228755 0.147371 0.000010 0.466474 0.038456 0.011742 0.000010 0.054306 0.052876
0.412385 0.223952 0.000010 0.268721 0.013589 0.000010 0.000010 0.063560 0.017764
0.280167 0.056052 0.263996 0.397072 0.000010 0.000010 0.002672 0.000010 0.000010
0.376393 0.151530 0.000010 0.209021 0.069208 0.000010 0.000010 0.193808 0.000010
0.066870 0.091407 0.000010 0.253155 0.060656 0.025009 0.287871 0.215013 0.000010
0.448591 0.000010 0.000010 0.231739 0.000010 0.016150 0.000010 0.303470 0.000010
0.417758 0.099928 0.042670 0.439594 0.000010 0.000010 0.000010 0.000010 0.000010
0.286566 0.104106 0.097631 0.384171 0.044910 0.029364 0.000010 0.053231 0.000010
0.548149 0.026897 0.000010 0.000010 0.011772 0.042964 0.000010 0.261304 0.108884
0.146360 0.000010 0.000010 0.326932 0.000010 0.000010 0.000010 0.474989 0.051669
0.334068 0.100960 0.022359 0.413237 0.000010 0.030942 0.080683 0.000010 0.017731
0.498799 0.111668 0.000010 0.210041 0.000010 0.000010 0.057229 0.122223 0.000010
0.216699 0.020747 0.000010 0.413979 0.000010 0.000010 0.000010 0.348525 0.000010
0.527781 0.086811 0.000010 0.206716 0.000010 0.017301 0.000010 0.027714 0.133647
0.173338 0.062051 0.000010 0.384435 0.101458 0.000010 0.000010 0.187482 0.091205
0.268753 0.081227 0.045559 0.328222 0.000010 0.000010 0.194733 0.081475 0.000010
0.330547 0.020835 0.000010 0.257368 0.000010 0.000010 0.090159 0.301050 0.000010
0.252152 0.045664 0.000010 0.386828 0.000010 0.000010 0.196344 0.118972 0.000010
0.287826 0.001465 0.027994 0.325358 0.006553 0.000010 0.000010 0.255287 0.095496
0.260862 0.053158 0.078086 0.360969 0.000010 0.000014 0.000010 0.152690 0.094200
0.662956 0.014421 0.000010 0.159520 0.000010 0.000010 0.000010 0.163053 0.000010
0.323466 0.000010 0.000010 0.256064 0.000010 0.000010 0.050314 0.260706 0.109411
0.158413 0.000010 0.127256 0.488480 0.008588 0.035483 0.000010 0.181750 0.000010
0.288032 0.264669 0.000010 0.205826 0.000010 0.000010 0.000010 0.100292 0.141141
0.228864 0.000010 0.000010 0.427895 0.000010 0.000010 0.018008 0.325184 0.000010
0.385118 0.000010 0.000010 0.157413 0.152414 0.000010 0.000010 0.305004 0.000010
0.333521 0.000010 0.000010 0.348726 0.045348 0.025428 0.000010 0.246937 0.000010
0.000010 0.017075 0.000010 0.000010 0.948312 0.000010 0.000010 0.000010 0.034553
0.000010 0.041861 0.000010 0.000010 0.940761 0.005086 0.000010 0.000010 0.012241
0.000010 0.000010 0.000010 0.000010 0.999920 0.000010 0.000010 0.000010 0.000010
0.000010 0.028468 0.000010 0.000010 0.971462 0.000010 0.000010 0.000010 0.000010
0.000010 0.049830 0.000010 0.000010 0.905674 0.000010 0.011343 0.033103 0.000010
0.000010 0.012197 0.105365 0.000010 0.858811 0.000010 0.023576 0.000010 0.000010
0.000010 0.000010 0.000010 0.000010 0.966649 0.006910 0.023907 0.000010 0.002484
0.000010 0.009983 0.000010 0.000010 0.918969 0.000010 0.000010 0.000010 0.070987
0.000010 0.061091 0.000010 0.000014 0.926442 0.000010 0.000010 0.000010 0.012402
0.000010 0.024372 0.000010 0.000010 0.975553 0.000014 0.000010 0.000010 0.000010
0.000010 0.000010 0.000010 0.000010 0.925643 0.000010 0.004375 0.058630 0.011302
0.000010 0.005641 0.000010 0.000010 0.912434 0.000010 0.000010 0.081865 0.000010
0.000010 0.025814 0.000010 0.000010 0.969504 0.004622 0.000010 0.000010 0.000010
0.000010 0.036962 0.000010 0.000010 0.926371 0.000010 0.000010 0.000010 0.036606
0.000010 0.018520 0.000012 0.000010 0.947136 0.000013 0.000010 0.034278 0.000010
0.000010 0.037093 0.000010 0.000010 0.940922 0.016087 0.000010 0.000010 0.005848
0.000010 0.044648 0.000010 0.000010 0.942836 0.000010 0.012456 0.000010 0.000010
0.620373 0.023934 0.000010 0.019894 0.130418 0.000010 0.000010 0.117362 0.087989
0.577267 0.010486 0.000010 0.080272 0.000010 0.016609 0.000010 0.201633 0.113703
0.577209 0.000010 0.027627 0.197259 0.000010 0.000010 0.000010 0.197856 0.000010
0.618806 0.000010 0.029452 0.248009 0.000010 0.024162 0.000010 0.068240 0.011301
0.453789 0.000010 0.000010 0.166942 0.000010 0.000010 0.000010 0.379209 0.000010
0.462144 0.120942 0.000010 0.000010 0.101299 0.007136 0.056410 0.252040 0.000010
0.750970 0.000010 0.057776 0.000010 0.000010 0.028108 0.000010 0.163096 0.000010
0.512405 0.231791 0.000010 0.000010 0.000010 0.026213 0.000010 0.229542 0.000010
0.277080 0.116039 0.046712 0.044223 0.118030 0.087619 0.000010 0.310279 0.000010
0.527025 0.046794 0.000010 0.142265 0.000010 0.053007 0.000010 0.230868 0.000010
0.549120 0.000010 0.000010 0.032307 0.041769 0.000010 0.000010 0.277198 0.099567
0.581552 0.000010 0.000010 0.000010 0.000010 0.000010 0.000010 0.418378 0.000010
0.662740 0.109769 0.000010 0.004221 0.030320 0.012025 0.000010 0.180896 0.000010
0.566358 0.000010 0.011164 0.000010 0.052264 0.000010 0.000010 0.370164 0.000010
0.472663 0.000012 0.025216 0.000010 0.000010 0.072391 0.000010 0.429678 0.000010
0.455852 0.036109 0.017461 0.088264 0.000010 0.113681 0.000010 0.288602 0.000010
0.533841 0.035173 0.000010 0.000010 0.128812 0.013429 0.000010 0.202410 0.086305
0.635790 0.000010 0.042480 0.000010 0.164066 0.043238 0.000010 0.114386 0.000010
0.557163 0.000010 0.000010 0.141556 0.000010 0.000010 0.000010 0.301221 0.000010
0.671214 0.023988 0.076459 0.000010 0.000010 0.000010 0.000010 0.228290 0.000010
0.595801 0.067676 0.000010 0.025996 0.035702 0.000010 0.000010 0.236039 0.038756
0.676909 0.006896 0.000010 0.000010 0.000010 0.000010 0.010415 0.305731 0.000010
0.588783 0.000010 0.000010 0.000010 0.000010 0.000010 0.000010 0.365189 0.045968
0.631575 0.000010 0.000010 0.000010 0.000010 0.000010 0.000010 0.324193 0.044171
0.697395 0.000010 0.245687 0.034029 0.000010 0.000010 0.004695 0.018154 0.000010
0.364757 0.000010 0.011703 0.159764 0.104361 0.023642 0.009665 0.259242 0.066856
0.388163 0.100863 0.000010 0.092829 0.040744 0.010338 0.058552 0.308492 0.000010
0.679088 0.095625 0.000010 0.171107 0.000010 0.034335 0.000010 0.009638 0.010177
0.628004 0.000010 0.094358 0.129223 0.000010 0.000010 0.094697 0.000010 0.053679
0.675149 0.000010 0.022485 0.000010 0.033091 0.054675 0.000010 0.214560 0.000010
0.405594 0.078133 0.211584 0.000010 0.037237 0.010713 0.000010 0.256710 0.000010
0.626426 0.000010 0.005372 0.000010 0.062514 0.064019 0.074501 0.167137 0.000010
0.600224 0.039363 0.000010 0.000010 0.000010 0.043228 0.000010 0.317135 0.000010
0.535886 0.000010 0.000010 0.166941 0.057378 0.040203 0.000010 0.199552 0.000010
0.353739 0.000010 0.000010 0.065158 0.000010 0.000010 0.000010 0.394796 0.186257
0.491974 0.037192 0.000010 0.009156 0.000010 0.000010 0.000010 0.461628 0.000010
0.236548 0.000010 0.083618 0.212967 0.166578 0.000010 0.000010 0.173055 0.127204
0.762766 0.000010 0.000010 0.000010 0.000010 0.022341 0.000010 0.214834 0.000010
0.492285 0.017914 0.000010 0.000010 0.033637 0.053216 0.000010 0.402908 0.000010
0.427919 0.008239 0.000010 0.128797 0.074419 0.004945 0.000010 0.293737 0.061924
0.591381 0.000010 0.000010 0.000010 0.000010 0.000010 0.000010 0.357040 0.051519
0.309633 0.072234 0.000010 0.171393 0.111538 0.109543 0.082805 0.142834 0.000010
0.603158 0.000010 0.119121 0.000010 0.000010 0.053703 0.000010 0.075448 0.148529
0.546121 0.000010 0.000010 0.000010 0.000010 0.007237 0.000010 0.187326 0.259266
0.620806 0.057239 0.000010 0.043252 0.065054 0.012866 0.000010 0.043909 0.156854
0.445823 0.035084 0.000010 0.101107 0.000010 0.038280 0.000010 0.338645 0.041032
0.562113 0.093476 0.000010 0.000010 0.000010 0.025549 0.000010 0.199879 0.118944
0.744586 0.053925 0.076658 0.000010 0.000010 0.000010 0.000010 0.086694 0.038096
0.625367 0.087276 0.006574 0.019985 0.068141 0.000010 0.001286 0.089516 0.101845
0.499247 0.004836 0.000010 0.079351 0.000010 0.056550 0.131277 0.151525 0.077194
0.432919 0.040361 0.046408 0.000010 0.000010 0.157251 0.000010 0.286224 0.036807
0.600632 0.038840 0.000010 0.000010 0.000010 0.000010 0.103870 0.256609 0.000010
0.741920 0.059147 0.000010 0.000010 0.000010 0.033713 0.000010 0.165169 0.000010
0.443241 0.000010 0.000010 0.000010 0.149343 0.000010 0.043539 0.149999 0.213838
0.381596 0.000010 0.105945 0.000010 0.000010 0.047919 0.014414 0.274218 0.175878
0.000010 0.020741 0.000010 0.042923 0.009359 0.122116 0.035953 0.047099 0.721789
0.521486 0.000010 0.000010 0.036199 0.000010 0.000010 0.000010 0.243036 0.199229
0.515945 0.000010 0.000010 0.010615 0.073543 0.024325 0.139247 0.119316 0.116990
0.376300 0.000010 0.000010 0.084283 0.000010 0.068139 0.000010 0.096539 0.374699
0.490950 0.000010 0.000010 0.000010 0.031454 0.004296 0.000010 0.418925 0.054335
0.667435 0.024443 0.000010 0.000010 0.000010 0.071890 0.000010 0.236181 0.000010
0.692975 0.046570 0.000010 0.076761 0.000010 0.039117 0.038071 0.046912 0.059573
0.425632 0.051826 0.016702 0.090342 0.000010 0.039029 0.000010 0.157949 0.218499
0.509336 0.000010 0.000010 0.121977 0.114709 0.000010 0.000010 0.253929 0.000010
0.419248 0.019025 0.000010 0.000010 0.000010 0.042595 0.020608 0.170079 0.328415
0.333520 0.000010 0.013195 0.000010 0.010198 0.000010 0.000010 0.230235 0.412812
0.456026 0.072907 0.000010 0.034922 0.000010 0.000010 0.072901 0.065292 0.297922
0.503993 0.100956 0.015452 0.055653 0.000010 0.001323 0.000010 0.180893 0.141709
0.449537 0.112965 0.033661 0.151006 0.111399 0.014716 0.000010 0.012088 0.114617
0.571312 0.044303 0.000010 0.000010 0.000010 0.000010 0.038943 0.236739 0.108662
0.462134 0.042751 0.000010 0.000010 0.000010 0.000010 0.000010 0.157505 0.337560
0.370383 0.000010 0.068734 0.116875 0.000010 0.000010 0.000010 0.443958 0.000010
0.581943 0.021546 0.034958 0.082695 0.000010 0.001263 0.003746 0.233945 0.039895
0.520312 0.031984 0.090622 0.147325 0.067662 0.011921 0.000010 0.130153 0.000010
0.676458 0.000010 0.000010 0.122393 0.000010 0.103897 0.000010 0.097201 0.000010
0.658323 0.000010 0.000010 0.028902 0.000010 0.000010 0.000010 0.218471 0.094254
0.500357 0.045137 0.000010 0.000010 0.000010 0.055853 0.138464 0.260149 0.000010
0.418612 0.000011 0.016230 0.104731 0.000010 0.000010 0.021019 0.220512 0.218864
0.542193 0.051743 0.120357 0.000010 0.012920 0.124150 0.001354 0.145387 0.001885
0.763606 0.061477 0.013840 0.015731 0.000010 0.018720 0.000010 0.126596 0.000010
0.517775 0.040905 0.000010 0.000010 0.081147 0.000010 0.000010 0.360123 0.000010
0.476883 0.000010 0.000010 0.000010 0.037660 0.000010 0.034536 0.162432 0.288449
0.788063 0.000010 0.000010 0.000010 0.000012 0.049049 0.000010 0.162084 0.000752
0.572028 0.056127 0.000010 0.000010 0.000010 0.000010 0.100716 0.271079 0.000010
0.375109 0.000010 0.112202 0.185584 0.000010 0.044798 0.000010 0.149357 0.132920
0.318311 0.068209 0.000010 0.000010 0.015756 0.014569 0.063601 0.038702 0.480832
0.334873 0.216201 0.000010 0.009890 0.052347 0.081835 0.059789 0.245046 0.000010
0.000010 0.035328 0.189520 0.000010 0.765564 0.000010 0.009538 0.000010 0.000010
0.000010 0.050308 0.000010 0.000010 0.811334 0.000010 0.138298 0.000010 0.000010
0.000010 0.063067 0.000010 0.011580 0.858821 0.000010 0.000010 0.066481 0.000010
0.000010 0.041787 0.000010 0.000010 0.783311 0.000010 0.174842 0.000010 0.000010
0.000016 0.000010 0.000010 0.000011 0.837910 0.000010 0.162014 0.000010 0.000010
0.000010 0.000010 0.097706 0.000010 0.813811 0.015707 0.072727 0.000010 0.000010
0.000010 0.047212 0.000010 0.000010 0.890734 0.000010 0.061994 0.000010 0.000010
0.550577 0.000010 0.047136 0.062606 0.000010 0.000010 0.077932 0.261709 0.000010
0.689607 0.077431 0.000010 0.000010 0.000010 0.000010 0.000845 0.224076 0.008000
0.219789 0.016916 0.000010 0.367983 0.000010 0.106252 0.038236 0.250794 0.000010
0.611644 0.000010 0.030440 0.231376 0.000010 0.000010 0.000010 0.126489 0.000010
0.684225 0.010964 0.000010 0.192374 0.000010 0.005066 0.059006 0.048335 0.000010
0.609479 0.043294 0.000010 0.155738 0.000010 0.000010 0.000010 0.166766 0.024682
0.726005 0.062928 0.020907 0.179178 0.000010 0.000010 0.000010 0.010943 0.000010
0.595384 0.136915 0.000010 0.129754 0.000010 0.000010 0.000010 0.136366 0.001541
0.485674 0.071325 0.000010 0.215979 0.052402 0.000010 0.000010 0.174580 0.000010
0.686314 0.075023 0.000010 0.149714 0.000010 0.039645 0.049264 0.000010 0.000010
0.433898 0.000010 0.029428 0.000010 0.020583 0.039199 0.115852 0.357027 0.003993
0.405740 0.116728 0.000010 0.079889 0.000010 0.082980 0.000019 0.314613 0.000010
0.362547 0.000010 0.000010 0.136903 0.250729 0.020379 0.000010 0.229402 0.000010
0.405076 0.000010 0.000010 0.206279 0.000691 0.076769 0.050092 0.228480 0.032593
0.351772 0.000208 0.000010 0.000010 0.000010 0.150917 0.193440 0.303623 0.000010
0.476889 0.000012 0.000010 0.061559 0.000010 0.000010 0.000010 0.271196 0.190304
0.526430 0.118366 0.000010 0.047544 0.004900 0.000010 0.042632 0.260098 0.000010
0.496003 0.000010 0.000010 0.153967 0.100538 0.000010 0.000010 0.210108 0.039344
0.682730 0.000010 0.000010 0.000010 0.000010 0.000010 0.000010 0.264096 0.053113
0.771187 0.020250 0.074128 0.000010 0.000010 0.004304 0.000010 0.116364 0.013737
0.549462 0.047513 0.000010 0.000010 0.000010 0.056463 0.000010 0.346512 0.000010
0.615999 0.000010 0.000010 0.000010 0.000010 0.034345 0.062187 0.287420 0.000010
0.560392 0.040163 0.013296 0.202208 0.000010 0.000010 0.069279 0.114632 0.000010
0.113019 0.086157 0.022499 0.000010 0.000010 0.066909 0.225306 0.486079 0.000010
0.524765 0.000010 0.031712 0.000010 0.000010 0.026656 0.000010 0.313963 0.102864
0.572254 0.026627 0.037981 0.000010 0.035210 0.015337 0.030894 0.281677 0.000010
0.415717 0.106909 0.032024 0.042322 0.000010 0.102223 0.020866 0.236376 0.043552
0.708028 0.000010 0.000010 0.000010 0.000010 0.000010 0.000010 0.279322 0.012590
0.581676 0.000010 0.000010 0.000010 0.000010 0.000010 0.157516 0.221289 0.039469
0.658656 0.000010 0.000010 0.094134 0.045264 0.048318 0.000010 0.123223 0.030375
0.604149 0.068408 0.000010 0.000010 0.028485 0.000010 0.000010 0.233728 0.065190
0.581741 0.048585 0.000010 0.000010 0.045735 0.037421 0.073287 0.213201 0.000010
0.629543 0.055934 0.000010 0.000010 0.000010 0.048724 0.000010 0.265749 0.000010
0.406427 0.000010 0.087928 0.000010 0.000010 0.092639 0.000010 0.346652 0.066314
0.330335 0.072704 0.000010 0.020878 0.006520 0.057628 0.000010 0.278473 0.233442
0.000010 0.822028 0.010675 0.057686 0.000010 0.000010 0.000010 0.109561 0.000010
0.000010 0.813503 0.131702 0.000010 0.000010 0.000010 0.054736 0.000010 0.000010
0.009247 0.955649 0.035044 0.000010 0.000010 0.000010 0.000010 0.000010 0.000010
0.000010 0.910265 0.089665 0.000010 0.000010 0.000010 0.000010 0.000010 0.000010
0.168792 0.000010 0.504623 0.000010 0.008574 0.019762 0.254892 0.043326 0.000010
0.000010 0.075372 0.600145 0.032837 0.000010 0.000010 0.291596 0.000010 0.000010
0.134405 0.031220 0.461487 0.091699 0.000010 0.000010 0.265872 0.000010 0.015287
0.070386 0.100089 0.235322 0.142413 0.022981 0.067685 0.319170 0.041942 0.000010
0.000010 0.138551 0.570753 0.000010 0.000010 0.018565 0.234192 0.032792 0.005116
0.000010 0.000010 0.568192 0.020145 0.096907 0.000010 0.314705 0.000010 0.000010
0.000010 0.137939 0.321042 0.000010 0.102794 0.000010 0.430084 0.008101 0.000010
0.000010 0.075992 0.580230 0.000010 0.074096 0.000010 0.269632 0.000010 0.000010
0.000010 0.094820 0.375698 0.115982 0.032002 0.104054 0.277415 0.000010 0.000010
0.000010 0.045723 0.502490 0.000010 0.000010 0.000010 0.432310 0.000010 0.019427
0.364811 0.000010 0.000010 0.257926 0.032896 0.018481 0.074632 0.000010 0.251224
0.451998 0.000010 0.000010 0.123363 0.011081 0.050289 0.115366 0.247873 0.000010
0.375924 0.000775 0.000010 0.115394 0.000010 0.000010 0.059758 0.401544 0.046575
0.579639 0.000010 0.000010 0.000010 0.000010 0.000010 0.000010 0.232164 0.188138
0.559335 0.022987 0.055102 0.000010 0.000010 0.000010 0.000010 0.362526 0.000010
0.482411 0.025192 0.000010 0.000010 0.000010 0.000010 0.000010 0.319331 0.173016
0.376999 0.072626 0.054873 0.091633 0.000010 0.000010 0.016168 0.069793 0.317887
0.530663 0.000010 0.000010 0.092051 0.000010 0.000010 0.124604 0.243955 0.008687
0.387463 0.051105 0.028020 0.215623 0.008864 0.112023 0.028354 0.161108 0.007439
0.565042 0.000010 0.000010 0.000010 0.000010 0.075973 0.118562 0.191200 0.049183
0.511905 0.075762 0.000010 0.195680 0.000010 0.038946 0.079507 0.098170 0.000010
0.467094 0.031228 0.000010 0.016328 0.156736 0.118093 0.029601 0.123590 0.057319
0.553240 0.016767 0.000010 0.117081 0.000010 0.055370 0.048472 0.209040 0.000010
0.400391 0.078603 0.000010 0.074938 0.029615 0.000010 0.000010 0.390313 0.026109
0.527698 0.000010 0.000010 0.000010 0.000010 0.091398 0.000010 0.380843 0.000010
0.586293 0.000010 0.000010 0.000010 0.000010 0.000010 0.091078 0.322569 0.000010
0.683880 0.169135 0.022878 0.026671 0.000010 0.023879 0.000010 0.066984 0.006553
0.543854 0.039632 0.000010 0.055390 0.021875 0.000762 0.103905 0.160501 0.074070
0.501319 0.000010 0.000010 0.130876 0.012281 0.000010 0.000010 0.355473 0.000010
0.471409 0.000010 0.164501 0.259668 0.000010 0.104373 0.000010 0.000010 0.000010
0.524239 0.000010 0.201110 0.000010 0.000010 0.050326 0.000010 0.224275 0.000010
0.000010 0.140702 0.447531 0.000010 0.052308 0.000015 0.300716 0.058697 0.000010
0.000010 0.124238 0.620621 0.000010 0.000010 0.000010 0.255082 0.000010 0.000010
0.000010 0.102532 0.580007 0.000010 0.000010 0.000010 0.317401 0.000010 0.000010
0.000010 0.059876 0.555472 0.000010 0.000010 0.000010 0.321982 0.062620 0.000010
0.000010 0.058767 0.727211 0.000010 0.000010 0.000010 0.213961 0.000010 0.000010
0.000010 0.053218 0.689943 0.000010 0.000010 0.000010 0.229587 0.027202 0.000010
0.000010 0.076220 0.596567 0.000010 0.000010 0.000010 0.327153 0.000010 0.000010
0.000012 0.054031 0.636317 0.194635 0.000010 0.000010 0.114964 0.000010 0.000010
0.079578 0.053941 0.710706 0.000010 0.012892 0.000010 0.142840 0.000012 0.000010
0.000010 0.083330 0.509512 0.011626 0.130998 0.000010 0.264494 0.000010 0.000010
0.000010 0.063869 0.641869 0.000010 0.000010 0.000010 0.179581 0.114631 0.000010
0.045755 0.218147 0.497059 0.130964 0.032610 0.000010 0.000010 0.075435 0.000010
0.066983 0.000010 0.615737 0.000010 0.109595 0.000010 0.207632 0.000013 0.000010
0.000010 0.058419 0.657822 0.000010 0.000010 0.000010 0.175722 0.107987 0.000010
0.000010 0.061828 0.749750 0.000010 0.001345 0.000010 0.187027 0.000010 0.000010
0.000010 0.064526 0.565811 0.000010 0.000010 0.000010 0.366297 0.003317 0.000010
0.000010 0.219659 0.496735 0.000010 0.000010 0.002791 0.185450 0.052497 0.042839
0.095498 0.039050 0.633872 0.000010 0.000010 0.000010 0.231529 0.000010 0.000010
0.000010 0.131177 0.663267 0.012213 0.007997 0.000010 0.109838 0.000010 0.075478
0.000010 0.088624 0.697291 0.000010 0.013916 0.000010 0.173662 0.000010 0.026467
0.000010 0.040795 0.673513 0.000010 0.000010 0.000010 0.285632 0.000010 0.000010
0.000010 0.093299 0.644412 0.000010 0.000010 0.030656 0.231583 0.000010 0.000010
0.000010 0.207053 0.456252 0.030474 0.000010 0.000010 0.306169 0.000010 0.000010
0.000010 0.093891 0.729699 0.000010 0.084263 0.000010 0.032536 0.059571 0.000010
0.000010 0.133602 0.717231 0.000010 0.056520 0.000010 0.092597 0.000010 0.000010
0.041809 0.032963 0.634142 0.000010 0.014115 0.000010 0.276930 0.000010 0.000010
0.064688 0.158053 0.723592 0.000010 0.000010 0.000010 0.053617 0.000010 0.000010
0.000010 0.048422 0.682655 0.000010 0.052298 0.020188 0.179181 0.017227 0.000010
0.000010 0.057004 0.545242 0.000010 0.000010 0.019984 0.377720 0.000010 0.000010
0.000010 0.043559 0.666571 0.000010 0.000010 0.000010 0.289810 0.000010 0.000010
0.002134 0.058011 0.544047 0.000010 0.000010 0.000010 0.395758 0.000010 0.000010
0.000010 0.077937 0.595589 0.000010 0.000010 0.000010 0.280121 0.046303 0.000010
0.000010 0.112842 0.542889 0.031636 0.000010 0.000010 0.284057 0.028535 0.000010
0.000010 0.041816 0.510140 0.000010 0.133568 0.000010 0.314426 0.000010 0.000010
0.000010 0.019417 0.544597 0.000010 0.074776 0.000010 0.337823 0.000010 0.023347
0.000010 0.024843 0.785266 0.000010 0.005439 0.000010 0.184402 0.000010 0.000010
0.000010 0.032818 0.850724 0.000010 0.008250 0.020688 0.087480 0.000010 0.000010
0.000010 0.047254 0.662877 0.000010 0.000010 0.000010 0.289809 0.000010 0.000010
0.000010 0.108625 0.610215 0.000010 0.000010 0.000010 0.281094 0.000016 0.000010
0.000010 0.053474 0.014244 0.000010 0.720775 0.000010 0.124882 0.086585 0.000010
0.000010 0.034155 0.000010 0.000010 0.832613 0.000010 0.133173 0.000010 0.000010
0.000010 0.118059 0.742716 0.000010 0.047966 0.000010 0.066724 0.024496 0.000010
0.000010 0.180242 0.481829 0.000010 0.048167 0.000010 0.289712 0.000010 0.000010
0.194642 0.034172 0.000010 0.326818 0.019435 0.059648 0.000010 0.316403 0.048862
0.118262 0.000010 0.015838 0.533863 0.000010 0.054034 0.127121 0.122977 0.027886
0.154601 0.013640 0.000010 0.567113 0.018434 0.046822 0.000010 0.199360 0.000010
0.174880 0.004969 0.000010 0.556063 0.000010 0.000010 0.000010 0.102274 0.161773
0.139304 0.000010 0.126174 0.427994 0.000010 0.000010 0.118619 0.187869 0.000010
0.224376 0.000010 0.000010 0.396419 0.000010 0.043162 0.000010 0.309060 0.026943
0.220810 0.064310 0.000010 0.517112 0.000010 0.018824 0.000010 0.155935 0.022979
0.188970 0.000010 0.000010 0.452408 0.038288 0.000010 0.000010 0.320285 0.000010
0.343898 0.000010 0.000010 0.366487 0.000010 0.009811 0.077811 0.201953 0.000010
0.363661 0.026912 0.100058 0.327874 0.000010 0.000010 0.021047 0.160418 0.000010
0.169680 0.071957 0.065799 0.166636 0.091578 0.021921 0.040528 0.371891 0.000010
0.243541 0.088098 0.000010 0.549271 0.000010 0.000010 0.032246 0.052544 0.034269
0.309145 0.000010 0.000010 0.356898 0.005872 0.057056 0.000010 0.270988 0.000010
0.000010 0.060313 0.776326 0.000010 0.000010 0.000010 0.163301 0.000010 0.000010
0.000010 0.024190 0.651895 0.055348 0.032397 0.000010 0.236130 0.000010 0.000010
0.000010 0.104036 0.560811 0.000010 0.000010 0.000010 0.335094 0.000010 0.000010
0.000010 0.028431 0.671687 0.002998 0.000010 0.009677 0.287166 0.000010 0.000010
0.011825 0.109897 0.651607 0.000010 0.000010 0.000010 0.226621 0.000010 0.000010
0.007260 0.058271 0.431853 0.000010 0.000010 0.000010 0.406309 0.015999 0.080278
0.016012 0.021897 0.616548 0.000010 0.089169 0.000010 0.256333 0.000010 0.000010
0.000010 0.052849 0.728054 0.000010 0.000010 0.003914 0.215132 0.000010 0.000010
0.000010 0.069662 0.550443 0.000010 0.000010 0.000010 0.379835 0.000010 0.000010
0.000010 0.000010 0.363915 0.002328 0.000010 0.000010 0.633696 0.000010 0.000010
0.073338 0.031257 0.340075 0.000010 0.033392 0.000010 0.501699 0.020209 0.000010
0.000010 0.039819 0.744582 0.000010 0.000010 0.000010 0.208856 0.006692 0.000010
