0.637030 0.000010 0.121174 0.000010 0.000010 0.000010 0.000010 0.241736 0.000010
0.137108 0.040185 0.000010 0.229353 0.000010 0.000010 0.031862 0.444805 0.116657
0.303582 0.000010 0.075051 0.000010 0.033364 0.000010 0.000010 0.476342 0.111621
0.221364 0.243887 0.009724 0.009014 0.000010 0.000010 0.066096 0.449885 0.000010
0.187624 0.083078 0.002451 0.000010 0.025332 0.000010 0.091437 0.610048 0.000010
0.029970 0.000010 0.251382 0.217729 0.065853 0.000010 0.020806 0.414230 0.000010
0.176990 0.000010 0.064722 0.175894 0.000010 0.000010 0.113730 0.468624 0.000010
0.297142 0.010588 0.050280 0.148369 0.028262 0.000010 0.038930 0.426409 0.000010
0.115553 0.000010 0.117050 0.000048 0.064528 0.000010 0.014357 0.688433 0.000010
0.302292 0.000010 0.000010 0.000010 0.112360 0.000010 0.000010 0.585288 0.000010
0.564019 0.000010 0.000010 0.024749 0.000010 0.000010 0.075514 0.335668 0.000010
0.201622 0.000010 0.000010 0.000010 0.012487 0.000010 0.208021 0.577819 0.000010
0.259874 0.025936 0.000010 0.200309 0.115936 0.000010 0.000010 0.332805 0.065109
0.260715 0.048575 0.000010 0.077977 0.116740 0.052765 0.000010 0.357887 0.085320
0.264633 0.000010 0.000010 0.041901 0.000010 0.000010 0.172196 0.521220 0.000010
0.133643 0.119345 0.000010 0.000010 0.068335 0.000010 0.101999 0.576637 0.000010
0.175633 0.000010 0.040536 0.132594 0.044005 0.000010 0.086689 0.520513 0.000010
0.318465 0.017365 0.000010 0.075704 0.000010 0.031169 0.170933 0.386333 0.000010
0.265425 0.000010 0.000010 0.177800 0.017363 0.000010 0.136559 0.402812 0.000010
0.397724 0.000010 0.000010 0.000010 0.008626 0.000010 0.037537 0.556064 0.000010
0.291002 0.045635 0.027632 0.000010 0.000010 0.000010 0.088042 0.483912 0.063747
0.219807 0.000010 0.000010 0.178106 0.198523 0.000010 0.004327 0.369667 0.029541
0.171377 0.101556 0.000010 0.000010 0.000010 0.023618 0.243048 0.302287 0.158084
0.412905 0.000010 0.000010 0.000010 0.118164 0.004192 0.000010 0.447037 0.017663
0.027253 0.024270 0.190412 0.436533 0.029011 0.000010 0.018596 0.043607 0.230309
0.116549 0.000010 0.295717 0.195881 0.000010 0.000010 0.000010 0.323696 0.068117
0.133898 0.049393 0.000010 0.000010 0.082534 0.000010 0.279890 0.454246 0.000010
0.374095 0.057312 0.000010 0.066949 0.048637 0.000010 0.000404 0.398154 0.054428
0.038067 0.000010 0.140798 0.249367 0.000010 0.000010 0.240155 0.141521 0.190063
0.007541 0.000010 0.000010 0.000010 0.024246 0.005793 0.184389 0.543283 0.234718
0.231039 0.035062 0.000010 0.032740 0.102143 0.000010 0.153976 0.445010 0.000010
0.480544 0.033770 0.156792 0.000010 0.000010 0.000010 0.016543 0.312311 0.000010
0.000010 0.102646 0.000010 0.229967 0.056010 0.009191 0.066178 0.535978 0.000010
0.363361 0.056704 0.000010 0.117942 0.025325 0.000010 0.006559 0.430079 0.000010
0.271331 0.000010 0.000010 0.011554 0.033196 0.000010 0.262771 0.298712 0.122405
0.088021 0.000010 0.141074 0.000010 0.013450 0.022890 0.039502 0.569207 0.125836
0.401944 0.000010 0.035962 0.159649 0.003968 0.000010 0.180538 0.217910 0.000010
0.140098 0.010499 0.136803 0.064179 0.033767 0.048265 0.082778 0.352841 0.130768
0.285700 0.214484 0.000010 0.140473 0.036942 0.000010 0.000010 0.322361 0.000010
0.307527 0.027013 0.242375 0.126628 0.000010 0.000010 0.025763 0.270664 0.000010
0.347245 0.012525 0.007578 0.009931 0.000010 0.000010 0.137518 0.485174 0.000010
0.325011 0.102922 0.000010 0.000010 0.000010 0.000010 0.000010 0.572007 0.000010
0.337209 0.000010 0.021748 0.000010 0.000010 0.000010 0.111598 0.529395 0.000010
0.093035 0.067274 0.000010 0.175377 0.034442 0.000010 0.049022 0.571424 0.009405
0.335550 0.145098 0.167602 0.000010 0.000010 0.033930 0.021586 0.296204 0.000010
0.271441 0.000010 0.026975 0.108608 0.010473 0.000010 0.006819 0.575654 0.000010
0.144215 0.054575 0.000010 0.109891 0.112738 0.000010 0.171248 0.407303 0.000010
0.284018 0.013312 0.024508 0.000010 0.036523 0.044971 0.286093 0.310553 0.000010
0.299457 0.185021 0.092151 0.038279 0.000010 0.000010 0.122208 0.262853 0.000010
0.196339 0.082801 0.145379 0.000010 0.000010 0.000010 0.365379 0.210063 0.000010
0.269044 0.000010 0.265137 0.000010 0.068827 0.000010 0.219647 0.177305 0.000010
0.103856 0.000010 0.237351 0.113014 0.102619 0.000010 0.109777 0.333353 0.000010
0.058172 0.082830 0.399219 0.036326 0.003282 0.064146 0.224322 0.131695 0.000010
0.060469 0.000010 0.531138 0.085371 0.009099 0.019365 0.097829 0.184689 0.012030
0.175510 0.093021 0.000010 0.315478 0.127701 0.000010 0.030288 0.257973 0.000010
0.085484 0.000010 0.178806 0.000010 0.199626 0.045713 0.309166 0.181175 0.000010
0.148145 0.123850 0.097000 0.262828 0.000010 0.000010 0.138836 0.229312 0.000010
0.000010 0.112574 0.270892 0.186827 0.032772 0.000010 0.131954 0.264951 0.000010
0.207420 0.000010 0.080063 0.070235 0.000010 0.000010 0.247923 0.376574 0.017754
0.000010 0.029951 0.449173 0.000010 0.000010 0.000010 0.243975 0.276851 0.000010
0.279395 0.000010 0.288504 0.000010 0.000010 0.000010 0.073580 0.358471 0.000010
0.027800 0.065648 0.224749 0.100449 0.058771 0.042394 0.294777 0.185401 0.000010
0.000010 0.002797 0.736325 0.019167 0.000010 0.000010 0.140385 0.101286 0.000010
0.243349 0.000010 0.184773 0.000010 0.070385 0.000010 0.236177 0.265276 0.000010
0.120981 0.162110 0.192699 0.131663 0.015456 0.054371 0.000010 0.253859 0.068852
0.185331 0.000010 0.226967 0.066597 0.015727 0.071481 0.238372 0.195504 0.000010
0.359066 0.149335 0.064812 0.083269 0.072087 0.000010 0.032989 0.238421 0.000010
0.207950 0.045352 0.482603 0.000010 0.000010 0.000010 0.117795 0.128811 0.017460
0.043818 0.030385 0.313388 0.193308 0.000010 0.000010 0.248399 0.164939 0.005742
0.308461 0.183618 0.121990 0.173106 0.000010 0.000010 0.063370 0.149425 0.000010
0.106191 0.000010 0.000010 0.000010 0.039604 0.000010 0.099003 0.000010 0.755153
0.222299 0.017780 0.013331 0.124782 0.188080 0.000010 0.000010 0.433698 0.000010
0.283864 0.000010 0.034201 0.155912 0.087797 0.037226 0.000010 0.323541 0.077438
0.230085 0.000010 0.000010 0.000010 0.000010 0.000010 0.354396 0.415459 0.000010
0.359545 0.000010 0.171819 0.000010 0.015868 0.028390 0.126842 0.297505 0.000010
0.156687 0.146071 0.000010 0.244652 0.020617 0.000010 0.067479 0.364465 0.000010
0.042112 0.189561 0.008609 0.111623 0.026400 0.009123 0.051910 0.560652 0.000010
0.385584 0.000010 0.065214 0.069042 0.126548 0.000010 0.000010 0.353571 0.000010
0.113442 0.073163 0.108691 0.270264 0.000010 0.000010 0.021106 0.395246 0.018067
0.415096 0.000010 0.000010 0.000010 0.015125 0.012498 0.258829 0.298411 0.000010
0.197826 0.109287 0.000010 0.055572 0.119838 0.015075 0.052473 0.449909 0.000010
0.254680 0.171806 0.000010 0.017528 0.000010 0.000010 0.275205 0.280741 0.000010
0.264965 0.000010 0.053412 0.237911 0.007136 0.000010 0.000010 0.357286 0.079260
0.328980 0.000010 0.000010 0.000010 0.000010 0.000010 0.007536 0.663425 0.000010
0.000010 0.079813 0.000010 0.117044 0.095380 0.000010 0.118396 0.589327 0.000010
0.227303 0.000010 0.372553 0.000010 0.000010 0.021800 0.000010 0.301043 0.077262
0.400356 0.053649 0.002628 0.000010 0.141156 0.039103 0.000010 0.128824 0.234262
0.124036 0.049555 0.000010 0.000010 0.011014 0.000010 0.162987 0.562438 0.089940
0.389984 0.000010 0.034969 0.000010 0.000010 0.000010 0.011435 0.447176 0.116396
0.334769 0.000010 0.040077 0.000010 0.109960 0.000010 0.104116 0.411039 0.000010
0.330900 0.007029 0.000010 0.000010 0.028585 0.006048 0.117346 0.493367 0.016704
0.188980 0.000010 0.203874 0.313283 0.000010 0.000010 0.000010 0.293813 0.000010
0.419738 0.000010 0.053412 0.000010 0.091442 0.000010 0.183173 0.252195 0.000010
0.141039 0.000010 0.043204 0.203490 0.017334 0.000010 0.161857 0.433045 0.000010
0.199308 0.000010 0.000010 0.089181 0.000010 0.145415 0.000010 0.334583 0.231472
0.220727 0.000010 0.006253 0.225431 0.066247 0.074417 0.197552 0.209353 0.000010
0.077930 0.000010 0.036304 0.283399 0.009279 0.000010 0.409025 0.184033 0.000010
0.180247 0.000010 0.169033 0.000010 0.000010 0.000010 0.216028 0.418110 0.016543
0.138243 0.080008 0.000010 0.239522 0.063207 0.000010 0.139893 0.339097 0.000010
0.030081 0.243796 0.000010 0.029397 0.000010 0.000010 0.000010 0.696677 0.000010
0.000010 0.000010 0.000010 0.121606 0.000010 0.000010 0.317183 0.150043 0.411118
0.275237 0.021344 0.000010 0.000010 0.118268 0.000010 0.000010 0.309107 0.276004
0.221548 0.092109 0.000010 0.092901 0.033919 0.000010 0.081573 0.439151 0.038779
0.050051 0.040688 0.131720 0.108806 0.012187 0.057638 0.295880 0.303019 0.000010
0.311021 0.000010 0.108342 0.045509 0.036668 0.000010 0.235941 0.262490 0.000010
0.159383 0.018552 0.000010 0.000010 0.068903 0.000010 0.088951 0.664172 0.000010
0.130780 0.000010 0.000010 0.000010 0.000010 0.013604 0.365217 0.490349 0.000010
0.316226 0.083086 0.000010 0.051437 0.000010 0.000010 0.141975 0.407235 0.000010
0.376827 0.147146 0.000010 0.032687 0.048350 0.000010 0.000010 0.394950 0.000010
0.326719 0.078241 0.000010 0.059745 0.038312 0.000010 0.087223 0.409730 0.000010
0.087902 0.000010 0.002893 0.176477 0.078007 0.000010 0.170060 0.484631 0.000010
0.194196 0.000010 0.000010 0.239440 0.000010 0.000010 0.076594 0.448954 0.040776
0.097197 0.019610 0.165561 0.039514 0.076221 0.000010 0.155951 0.445925 0.000010
0.312919 0.003868 0.095923 0.095720 0.000010 0.045581 0.089135 0.356835 0.000010
0.201648 0.000010 0.023735 0.000010 0.000010 0.086511 0.101060 0.587006 0.000010
0.232741 0.000010 0.000010 0.000010 0.000010 0.056357 0.159795 0.551057 0.000010
0.273510 0.085874 0.000010 0.107990 0.059609 0.032409 0.121609 0.318977 0.000010
0.120662 0.000010 0.000010 0.046727 0.000010 0.089635 0.314009 0.428928 0.000010
0.000010 0.000010 0.017846 0.000010 0.000010 0.000010 0.261302 0.587975 0.132828
0.125347 0.000010 0.219184 0.108701 0.000010 0.022790 0.186491 0.300861 0.036607
0.276364 0.000010 0.000010 0.000010 0.115805 0.000010 0.175314 0.432468 0.000010
0.308927 0.011080 0.047827 0.170254 0.003550 0.000010 0.138665 0.244417 0.075271
0.244944 0.036555 0.000010 0.000010 0.000010 0.000010 0.132131 0.554518 0.031812
0.149701 0.037773 0.000010 0.135263 0.000010 0.000010 0.136644 0.475728 0.064862
0.116433 0.000010 0.000010 0.052847 0.074921 0.058481 0.148762 0.493692 0.054844
0.297872 0.128811 0.000010 0.316157 0.000010 0.000010 0.000010 0.239824 0.017296
0.000010 0.000010 0.069078 0.165788 0.055207 0.000010 0.186028 0.523859 0.000010
0.000010 0.018298 0.000010 0.000010 0.000010 0.000010 0.380577 0.556722 0.044353
0.250316 0.000010 0.000010 0.036767 0.113849 0.015372 0.127602 0.456064 0.000010
0.054444 0.000010 0.497429 0.044167 0.000010 0.000010 0.208566 0.195355 0.000010
0.122774 0.057933 0.142566 0.000010 0.014114 0.000010 0.024096 0.531911 0.106586
0.000010 0.024827 0.000010 0.116888 0.152413 0.004485 0.178681 0.487618 0.035069
0.163732 0.125725 0.000010 0.000010 0.071207 0.000010 0.209506 0.364227 0.065573
0.179536 0.000010 0.041618 0.051636 0.000010 0.029350 0.203382 0.478357 0.016100
0.014734 0.000010 0.000010 0.345862 0.005090 0.000010 0.313336 0.314520 0.006428
0.000010 0.170828 0.058855 0.000010 0.000010 0.000010 0.000010 0.762782 0.007485
0.078793 0.000010 0.037738 0.000010 0.000010 0.000010 0.364008 0.519411 0.000010
0.175180 0.104962 0.206004 0.013703 0.011768 0.000010 0.047498 0.415782 0.025093
0.264088 0.000010 0.026598 0.000010 0.037629 0.000010 0.122558 0.477665 0.071431
0.000010 0.000010 0.009702 0.190396 0.000010 0.000010 0.192000 0.463685 0.144177
0.181866 0.063713 0.000010 0.199479 0.000010 0.000010 0.000010 0.554892 0.000010
0.031554 0.000010 0.144455 0.000010 0.151099 0.000010 0.146227 0.526625 0.000010
0.269566 0.012553 0.044438 0.281148 0.042739 0.000010 0.007976 0.341559 0.000010
0.499542 0.034107 0.009593 0.091667 0.000010 0.009161 0.000010 0.355899 0.000010
0.516233 0.000010 0.000010 0.000010 0.091515 0.000010 0.000010 0.392192 0.000010
0.212664 0.087227 0.037894 0.255920 0.045616 0.000010 0.008742 0.336216 0.015712
0.148995 0.000010 0.000010 0.144533 0.000010 0.000010 0.199627 0.506795 0.000010
0.275315 0.060666 0.000010 0.287505 0.000010 0.000010 0.097619 0.278856 0.000010
0.428416 0.053102 0.000010 0.198612 0.000010 0.012478 0.160413 0.146948 0.000010
0.414061 0.048270 0.011273 0.109885 0.000010 0.020658 0.000010 0.386691 0.009141
0.421494 0.176849 0.199762 0.000010 0.000010 0.000010 0.037811 0.164044 0.000010
0.249308 0.000010 0.126396 0.296895 0.090981 0.008229 0.000010 0.228161 0.000010
0.152087 0.000010 0.025037 0.053899 0.000010 0.000010 0.249221 0.519716 0.000010
0.161775 0.133345 0.000010 0.030410 0.000010 0.000010 0.176499 0.497931 0.000010
0.408332 0.064244 0.000010 0.167335 0.000010 0.062958 0.077719 0.192933 0.026460
0.155620 0.039476 0.036180 0.269571 0.078967 0.000010 0.050753 0.323118 0.046306
0.292075 0.000010 0.038977 0.071851 0.047082 0.000010 0.193576 0.356410 0.000010
0.276924 0.092768 0.000010 0.198742 0.000010 0.000010 0.162313 0.269214 0.000010
0.423312 0.013767 0.031054 0.000010 0.100494 0.000010 0.040027 0.242934 0.148392
0.384357 0.000010 0.000010 0.133051 0.000010 0.000010 0.130592 0.351950 0.000010
0.395176 0.000010 0.000010 0.065745 0.103608 0.000010 0.052206 0.383225 0.000010
0.430269 0.000010 0.000010 0.000010 0.000010 0.000010 0.158986 0.410685 0.000010
0.000010 0.000010 0.066589 0.045874 0.006120 0.016136 0.188584 0.606726 0.069952
0.068412 0.130109 0.007547 0.124152 0.000010 0.000161 0.090200 0.502745 0.076665
0.425224 0.000010 0.196061 0.000010 0.014989 0.002553 0.022303 0.290421 0.048429
0.200226 0.040529 0.080664 0.080027 0.000010 0.000010 0.193904 0.404620 0.000010
0.148071 0.093196 0.247540 0.000010 0.000010 0.000010 0.036553 0.474599 0.000010
0.253158 0.000010 0.000010 0.029509 0.046968 0.000010 0.048316 0.622009 0.000010
0.000010 0.000010 0.014012 0.152770 0.156908 0.000010 0.273084 0.403186 0.000010
0.049676 0.090610 0.139499 0.020088 0.198066 0.000010 0.013186 0.381390 0.107474
0.063286 0.061794 0.107895 0.193154 0.116904 0.000010 0.178586 0.278359 0.000010
0.198229 0.000010 0.018468 0.000010 0.047562 0.000010 0.120178 0.510009 0.105523
0.265027 0.000010 0.154027 0.000010 0.111931 0.000010 0.020184 0.448791 0.000010
0.211443 0.094643 0.000010 0.220457 0.000010 0.000010 0.082255 0.374668 0.016503
0.117205 0.023268 0.149788 0.094709 0.057406 0.000010 0.259150 0.298453 0.000010
0.126976 0.001025 0.423053 0.000010 0.091161 0.000010 0.000010 0.357746 0.000010
0.191545 0.000010 0.225841 0.302656 0.024734 0.005553 0.031409 0.218242 0.000010
0.184980 0.012976 0.142880 0.006019 0.000010 0.042395 0.236901 0.328222 0.045618
0.188518 0.164268 0.000010 0.279357 0.059611 0.000010 0.186535 0.121682 0.000010
0.000010 0.000010 0.247978 0.000010 0.064222 0.000010 0.097632 0.522938 0.067189
0.000010 0.048226 0.337280 0.164726 0.014176 0.000010 0.064789 0.367358 0.003424
0.000010 0.060664 0.048410 0.047827 0.000010 0.092215 0.269325 0.481529 0.000010
0.227719 0.000010 0.237511 0.000010 0.083409 0.020113 0.000010 0.431209 0.000010
0.004967 0.000010 0.000017 0.283034 0.061115 0.055603 0.110087 0.485157 0.000010
0.217029 0.063549 0.014351 0.000010 0.051770 0.000010 0.092773 0.530572 0.029936
0.217747 0.098275 0.115958 0.141982 0.000010 0.000010 0.000010 0.323658 0.102349
0.269797 0.038909 0.000010 0.165784 0.014265 0.005720 0.047080 0.458424 0.000010
0.000010 0.031902 0.000010 0.000010 0.000010 0.417541 0.000010 0.000010 0.550497
0.000010 0.022086 0.000010 0.000010 0.000010 0.327076 0.000010 0.000010 0.650778
0.000010 0.000010 0.000010 0.000010 0.000010 0.206178 0.000010 0.000010 0.793752
0.000010 0.000010 0.000010 0.000010 0.000010 0.315994 0.000010 0.000010 0.683936
0.000010 0.029290 0.000010 0.000010 0.000010 0.204037 0.000010 0.000010 0.766613
0.011413 0.000010 0.000010 0.000010 0.000010 0.283081 0.000010 0.000010 0.705446
0.000010 0.000010 0.000010 0.000010 0.000010 0.463447 0.000010 0.000010 0.536483
0.000010 0.000010 0.000010 0.000010 0.000010 0.000010 0.000010 0.000010 0.999920
0.000010 0.000010 0.000010 0.000010 0.000010 0.297158 0.000010 0.000010 0.702772
0.000010 0.000010 0.000010 0.102439 0.000010 0.279468 0.000010 0.000010 0.618033
0.000010 0.000010 0.000010 0.000010 0.000010 0.304548 0.008922 0.053219 0.633261
0.001246 0.000010 0.000010 0.076584 0.000010 0.439428 0.000010 0.000010 0.482692
0.000010 0.053393 0.000010 0.000010 0.000010 0.337718 0.000010 0.014102 0.594737
0.000010 0.034746 0.014002 0.005138 0.000010 0.350198 0.000010 0.000010 0.595876
0.000010 0.000010 0.000010 0.000010 0.020001 0.543948 0.000010 0.000010 0.435991
0.000010 0.000010 0.000010 0.035772 0.000010 0.311761 0.000010 0.000010 0.652407
0.000010 0.000010 0.000010 0.000010 0.000010 0.393343 0.000010 0.000010 0.606587
0.064124 0.011820 0.000010 0.000010 0.000010 0.124845 0.000010 0.031229 0.767942
0.000010 0.024483 0.000010 0.000010 0.000010 0.355124 0.000010 0.000010 0.620333
0.022087 0.000010 0.000010 0.031412 0.000010 0.364497 0.000010 0.000010 0.581954
0.000010 0.000010 0.001635 0.000010 0.000010 0.496254 0.000010 0.000010 0.502051
0.000010 0.000010 0.000010 0.000010 0.000010 0.222529 0.000010 0.000010 0.777401
0.000015 0.031851 0.000010 0.000010 0.000010 0.384127 0.000010 0.000010 0.583957
0.000010 0.000010 0.000010 0.000010 0.000010 0.560728 0.065999 0.000010 0.373214
0.000010 0.017669 0.062175 0.000010 0.000010 0.229608 0.000010 0.000010 0.690498
0.000010 0.000010 0.000010 0.000010 0.000010 0.419384 0.000010 0.000010 0.580546
0.000010 0.002963 0.000010 0.044915 0.000010 0.401314 0.000010 0.000010 0.550758
0.000010 0.000010 0.000010 0.000010 0.000010 0.319839 0.000010 0.000010 0.680091
0.000010 0.000010 0.000010 0.000010 0.827596 0.000010 0.167356 0.000010 0.004988
0.701506 0.135315 0.021825 0.048058 0.000010 0.021882 0.000010 0.071385 0.000010
0.465916 0.035735 0.000010 0.173856 0.067895 0.000010 0.063459 0.193109 0.000010
0.533213 0.000010 0.024223 0.367902 0.000010 0.000010 0.000010 0.074612 0.000010
0.486257 0.042411 0.178915 0.190009 0.000010 0.011183 0.000010 0.089211 0.001994
0.407428 0.000010 0.000010 0.122108 0.008507 0.112081 0.016066 0.331898 0.001893
0.415597 0.000010 0.051988 0.333831 0.040087 0.000010 0.000010 0.158457 0.000010
0.479610 0.040786 0.000010 0.340709 0.036319 0.000010 0.000010 0.076047 0.026499
0.335843 0.000010 0.000010 0.186339 0.082000 0.000010 0.000010 0.395769 0.000010
0.406700 0.097769 0.013762 0.254091 0.000010 0.000010 0.000010 0.152862 0.074787
0.436955 0.073267 0.000010 0.248441 0.026639 0.000010 0.000010 0.214659 0.000010
0.388874 0.053169 0.000010 0.385490 0.000010 0.000010 0.000010 0.172417 0.000010
0.544833 0.024540 0.000010 0.415410 0.000010 0.000010 0.000010 0.015168 0.000010
0.317917 0.000010 0.000010 0.377639 0.087886 0.013239 0.042016 0.161273 0.000010
0.495286 0.148363 0.000010 0.317767 0.000010 0.000010 0.000010 0.038534 0.000010
0.281150 0.030779 0.000010 0.291239 0.098062 0.000010 0.000010 0.298731 0.000010
0.570168 0.000010 0.000010 0.314138 0.041525 0.000010 0.000010 0.074119 0.000010
0.536575 0.049719 0.036190 0.158782 0.038270 0.051360 0.098877 0.030216 0.000010
0.473760 0.000010 0.095786 0.340512 0.000010 0.010967 0.000010 0.030975 0.047971
0.432256 0.138467 0.000010 0.257101 0.000010 0.000010 0.000010 0.164679 0.007457
0.230012 0.000010 0.101368 0.234533 0.093593 0.000010 0.000010 0.335419 0.005045
0.705614 0.055319 0.000010 0.229709 0.000010 0.009308 0.000010 0.000010 0.000010
0.404927 0.011216 0.073585 0.310300 0.048839 0.000010 0.089343 0.052058 0.009722
0.398459 0.000010 0.000010 0.406160 0.000010 0.043706 0.000010 0.151626 0.000010
0.519925 0.045720 0.086576 0.205416 0.030593 0.000010 0.090383 0.021368 0.000010
0.378695 0.000010 0.000010 0.353739 0.000010 0.000010 0.057902 0.148307 0.061317
0.594598 0.000010 0.000010 0.145986 0.000010 0.000010 0.132328 0.127038 0.000010
0.444480 0.014928 0.000010 0.009805 0.125373 0.000930 0.000010 0.404454 0.000010
0.065235 0.000010 0.018774 0.479020 0.137895 0.033937 0.000010 0.261831 0.003288
0.000010 0.000010 0.000010 0.000010 0.976648 0.000010 0.000010 0.000010 0.023282
0.000010 0.000010 0.000010 0.000010 0.999920 0.000010 0.000010 0.000010 0.000010
0.000010 0.000010 0.000010 0.017160 0.870783 0.000010 0.111996 0.000010 0.000010
0.000010 0.000010 0.000010 0.000010 0.945064 0.000010 0.054866 0.000010 0.000010
0.023553 0.047283 0.128036 0.000010 0.763131 0.000010 0.037957 0.000010 0.000010
0.021805 0.020347 0.000010 0.000010 0.892439 0.002271 0.048906 0.014202 0.000010
0.000010 0.000010 0.000010 0.000010 0.963070 0.000010 0.000010 0.036860 0.000010
0.030580 0.000010 0.000010 0.000010 0.967194 0.000010 0.002167 0.000010 0.000010
0.000010 0.000011 0.000017 0.000010 0.872864 0.053214 0.017230 0.000010 0.056634
0.000010 0.000010 0.020895 0.000010 0.971969 0.000010 0.000010 0.000010 0.007076
0.000010 0.000010 0.000010 0.000010 0.999920 0.000010 0.000010 0.000010 0.000010
0.000010 0.034030 0.000010 0.000010 0.961506 0.004404 0.000010 0.000010 0.000010
0.000010 0.000010 0.000010 0.000010 0.953547 0.000010 0.026882 0.019511 0.000010
0.000010 0.082147 0.000010 0.000010 0.844858 0.060753 0.012192 0.000010 0.000010
0.000010 0.000010 0.000010 0.000010 0.900608 0.036702 0.000010 0.000010 0.062630
0.000010 0.000010 0.000010 0.000010 0.970451 0.000010 0.000010 0.000010 0.029479
0.023947 0.000010 0.000010 0.000010 0.975983 0.000010 0.000010 0.000010 0.000010
0.671876 0.000010 0.042311 0.082936 0.000010 0.004707 0.000010 0.198130 0.000010
0.810301 0.009535 0.000010 0.053387 0.000010 0.000010 0.040857 0.085880 0.000010
0.396454 0.000010 0.076819 0.043158 0.104972 0.000010 0.000010 0.378557 0.000010
0.786457 0.000010 0.000010 0.010684 0.000010 0.000010 0.072966 0.102175 0.027678
0.520446 0.000010 0.128755 0.045252 0.000010 0.000010 0.027477 0.278030 0.000010
0.629897 0.026931 0.000010 0.104530 0.000010 0.063308 0.033065 0.138221 0.004027
0.549302 0.045493 0.000010 0.000010 0.000010 0.000010 0.055801 0.349354 0.000010
0.689319 0.058463 0.000010 0.151041 0.000010 0.000010 0.000010 0.000010 0.101126
0.471776 0.016559 0.130621 0.088896 0.000010 0.047536 0.000010 0.244581 0.000010
0.668171 0.000010 0.032939 0.000010 0.000010 0.000010 0.145935 0.152905 0.000010
0.776668 0.021623 0.000010 0.192637 0.000010 0.000010 0.000405 0.008627 0.000010
0.793891 0.109010 0.000010 0.000010 0.050394 0.000010 0.000010 0.046655 0.000010
0.486109 0.019844 0.000010 0.000010 0.000010 0.012623 0.096056 0.295352 0.089987
0.592361 0.043706 0.028224 0.097896 0.000010 0.000010 0.000010 0.237773 0.000010
0.268013 0.000010 0.116990 0.170753 0.125917 0.000010 0.193507 0.124789 0.000010
0.726336 0.000010 0.000010 0.166164 0.000010 0.000010 0.000010 0.107440 0.000010
0.560573 0.058645 0.000010 0.000010 0.043851 0.118981 0.094005 0.123915 0.000010
0.723261 0.000010 0.000010 0.026228 0.000010 0.000010 0.016452 0.234009 0.000010
0.531846 0.000010 0.000010 0.019094 0.000010 0.000010 0.080519 0.327709 0.040791
0.597196 0.000011 0.000010 0.000010 0.000010 0.012623 0.000010 0.390119 0.000010
0.620780 0.000010 0.000010 0.156681 0.000010 0.000010 0.000010 0.222478 0.000010
0.558443 0.048454 0.000010 0.000010 0.020214 0.017376 0.000010 0.355473 0.000010
0.414931 0.066207 0.016356 0.174128 0.095421 0.082753 0.000010 0.108858 0.041336
0.616079 0.035326 0.000010 0.010310 0.014324 0.010061 0.008000 0.305880 0.000010
0.274208 0.000010 0.171893 0.086257 0.000010 0.022171 0.211868 0.197352 0.036231
0.570050 0.005030 0.029231 0.146471 0.000010 0.000010 0.000010 0.249179 0.000010
0.518352 0.054994 0.068242 0.187788 0.006662 0.026692 0.000010 0.062611 0.074649
0.388132 0.000010 0.166444 0.192688 0.000010 0.000010 0.110024 0.024194 0.118487
0.795699 0.000010 0.000010 0.050057 0.000010 0.000010 0.000010 0.154184 0.000010
0.585217 0.115941 0.000010 0.062390 0.000010 0.046855 0.000010 0.189557 0.000010
0.663659 0.000010 0.000010 0.082015 0.000010 0.000010 0.000010 0.254266 0.000010
0.445222 0.000010 0.195029 0.244534 0.000010 0.000010 0.046572 0.068601 0.000010
0.666269 0.000010 0.008357 0.017659 0.000010 0.000010 0.146766 0.160909 0.000010
0.143865 0.000010 0.211459 0.221067 0.037619 0.000010 0.000010 0.123458 0.262503
0.610911 0.000010 0.000010 0.185244 0.019165 0.000010 0.000010 0.184630 0.000010
0.578013 0.000010 0.000010 0.160437 0.064962 0.053341 0.000010 0.143206 0.000010
0.410202 0.017962 0.078853 0.157838 0.112878 0.000010 0.000010 0.222238 0.000010
0.695659 0.052903 0.000010 0.007097 0.000010 0.000010 0.048134 0.196167 0.000010
0.670836 0.000010 0.000010 0.000010 0.000010 0.000010 0.000010 0.329094 0.000010
0.620831 0.022713 0.000010 0.004408 0.052624 0.038734 0.000010 0.260660 0.000010
0.735466 0.000010 0.059153 0.099728 0.000010 0.000010 0.000010 0.105603 0.000010
0.623125 0.000010 0.000010 0.161881 0.000010 0.000010 0.000010 0.214934 0.000010
0.726160 0.000010 0.000010 0.000010 0.000010 0.000010 0.000010 0.268057 0.005722
0.679875 0.041888 0.002710 0.147851 0.000010 0.000010 0.000010 0.044269 0.083376
0.306842 0.030539 0.000010 0.085518 0.066830 0.058347 0.000010 0.257670 0.194234
0.423892 0.000010 0.047795 0.000010 0.000010 0.000010 0.000010 0.245152 0.283111
0.650891 0.175783 0.000975 0.000010 0.000010 0.000010 0.000010 0.160290 0.012021
0.704148 0.000010 0.000010 0.090011 0.014928 0.135746 0.000010 0.048433 0.006704
0.448646 0.030002 0.000010 0.077033 0.122636 0.000010 0.000010 0.265767 0.055886
0.554407 0.000010 0.000010 0.000010 0.000010 0.000010 0.073487 0.210815 0.161241
0.405015 0.084235 0.000010 0.000010 0.000010 0.032751 0.064769 0.350558 0.062642
0.589127 0.000010 0.090548 0.015559 0.000010 0.025073 0.189631 0.090031 0.000010
0.639891 0.000010 0.000010 0.014604 0.184728 0.000010 0.000010 0.160727 0.000010
0.574119 0.102825 0.000010 0.000010 0.044664 0.006912 0.054942 0.143217 0.073301
0.402910 0.000010 0.000010 0.135413 0.000010 0.079300 0.041393 0.340944 0.000010
0.278504 0.017758 0.007204 0.001821 0.000010 0.175466 0.000010 0.000010 0.519216
0.454149 0.014382 0.054875 0.203996 0.038723 0.000010 0.000010 0.215852 0.018002
0.807761 0.000010 0.000010 0.000010 0.000010 0.000010 0.008055 0.184125 0.000010
0.616976 0.000010 0.000010 0.000010 0.000010 0.012284 0.000010 0.370680 0.000010
0.544802 0.000010 0.151483 0.000010 0.000010 0.000010 0.083085 0.220580 0.000010
0.599141 0.006253 0.000010 0.000010 0.000010 0.000010 0.097819 0.296737 0.000010
0.488801 0.000667 0.000010 0.170362 0.058057 0.000010 0.000010 0.192577 0.089507
0.878733 0.121197 0.000010 0.000010 0.000010 0.000010 0.000010 0.000010 0.000010
0.389438 0.000010 0.000010 0.242838 0.042124 0.004692 0.000010 0.279380 0.041498
0.563542 0.000010 0.158873 0.000010 0.000010 0.000010 0.000010 0.277525 0.000010
0.716580 0.000010 0.026960 0.082352 0.000010 0.000010 0.000010 0.174058 0.000010
0.685119 0.000010 0.000010 0.045926 0.008640 0.104111 0.000010 0.156164 0.000010
0.367821 0.000010 0.000010 0.000010 0.000010 0.015446 0.028498 0.341824 0.246372
0.638404 0.037823 0.000010 0.000789 0.026287 0.000010 0.000010 0.296657 0.000010
0.670373 0.030308 0.000010 0.027286 0.207995 0.021978 0.000010 0.042031 0.000010
0.641335 0.000010 0.000010 0.000010 0.000010 0.000010 0.029931 0.328673 0.000010
0.484316 0.000010 0.000010 0.045284 0.000010 0.010426 0.000010 0.182171 0.277763
0.613306 0.156724 0.000010 0.000010 0.013469 0.000010 0.051371 0.165090 0.000010
0.264035 0.065980 0.000010 0.084856 0.000010 0.062317 0.000010 0.351951 0.170832
0.701160 0.037679 0.037200 0.000010 0.000010 0.000010 0.000010 0.223911 0.000010
0.471320 0.000010 0.083930 0.000010 0.181550 0.000010 0.000010 0.021418 0.241741
0.497804 0.000010 0.000010 0.143437 0.000010 0.002453 0.000010 0.187413 0.168853
0.406109 0.000010 0.119381 0.068618 0.058312 0.000010 0.000010 0.266722 0.080829
0.505913 0.000010 0.198323 0.096348 0.037185 0.077670 0.000010 0.053015 0.031525
0.467413 0.033995 0.000010 0.137198 0.000010 0.077873 0.000010 0.142286 0.141205
0.592046 0.138758 0.000010 0.152766 0.000010 0.000010 0.000010 0.116380 0.000010
0.674614 0.000010 0.000010 0.075800 0.006942 0.000010 0.000010 0.127359 0.115245
0.476461 0.000010 0.020744 0.129292 0.028336 0.000010 0.121851 0.223287 0.000010
0.542672 0.000010 0.000010 0.000010 0.071545 0.064204 0.000010 0.288365 0.033174
0.551034 0.000010 0.172316 0.034261 0.000010 0.011983 0.000010 0.230366 0.000010
0.532077 0.038522 0.000010 0.000010 0.004633 0.000010 0.105160 0.319569 0.000010
0.564953 0.017933 0.000010 0.000010 0.016785 0.000010 0.008850 0.202359 0.189090
0.000010 0.000010 0.026182 0.000010 0.867913 0.000010 0.105845 0.000010 0.000010
0.000010 0.000010 0.000010 0.000010 0.682824 0.000010 0.225680 0.000010 0.091436
0.000010 0.000010 0.084313 0.023611 0.787303 0.000010 0.104722 0.000010 0.000010
0.000010 0.000010 0.235824 0.000010 0.652602 0.000010 0.103576 0.007947 0.000010
0.000010 0.000010 0.000010 0.000010 0.727641 0.000010 0.272289 0.000010 0.000010
0.000010 0.000010 0.000010 0.000010 0.930221 0.000010 0.050246 0.000010 0.019473
0.000010 0.005847 0.058679 0.035493 0.703687 0.000010 0.130494 0.065770 0.000010
0.638997 0.105479 0.000010 0.064150 0.000010 0.000010 0.120020 0.071314 0.000010
0.521979 0.147379 0.000010 0.218744 0.050253 0.004412 0.000010 0.057203 0.000010
0.675150 0.000010 0.000010 0.093088 0.129020 0.000010 0.000010 0.102693 0.000010
0.480321 0.000010 0.000010 0.313854 0.000010 0.018145 0.025139 0.000010 0.162501
0.598244 0.000010 0.088594 0.100165 0.000010 0.013525 0.000010 0.199432 0.000010
0.663876 0.000010 0.000010 0.000010 0.063532 0.000010 0.000010 0.098920 0.173622
0.847406 0.000010 0.000010 0.003665 0.104331 0.000010 0.000010 0.035488 0.009070
0.656828 0.000010 0.005399 0.173167 0.000010 0.000010 0.004800 0.107372 0.052404
0.670541 0.020144 0.004389 0.000010 0.000010 0.000010 0.000010 0.209575 0.095311
0.608498 0.000010 0.000010 0.153236 0.075125 0.086938 0.000010 0.000010 0.076163
0.712589 0.075416 0.000010 0.030644 0.032987 0.111828 0.000010 0.036507 0.000010
0.534985 0.000010 0.003626 0.298774 0.000010 0.000010 0.000010 0.130777 0.031798
0.415461 0.133502 0.118954 0.000010 0.077526 0.043608 0.000010 0.210919 0.000010
0.744597 0.000010 0.000010 0.053576 0.000010 0.000010 0.000010 0.201767 0.000010
0.716784 0.000010 0.028801 0.025091 0.068482 0.000010 0.069357 0.065200 0.026267
0.616454 0.000010 0.000010 0.000010 0.000010 0.000010 0.020055 0.363431 0.000010
0.413586 0.024339 0.000010 0.000010 0.000010 0.000010 0.224735 0.337289 0.000010
0.456056 0.122054 0.065994 0.000010 0.000010 0.000010 0.020818 0.193055 0.141993
0.489936 0.000010 0.000010 0.000010 0.077078 0.027440 0.000010 0.405495 0.000010
0.563909 0.000010 0.084390 0.191190 0.021613 0.000010 0.007623 0.121945 0.009310
0.339517 0.000010 0.083835 0.075281 0.039762 0.000010 0.000010 0.412868 0.048706
0.650643 0.079748 0.000010 0.000010 0.000010 0.090252 0.042430 0.116046 0.020850
0.365703 0.000010 0.000010 0.189092 0.000010 0.064263 0.000010 0.380892 0.000010
0.664604 0.000010 0.059139 0.000010 0.143317 0.000010 0.050640 0.030466 0.051805
0.608937 0.025203 0.157152 0.000010 0.010372 0.037419 0.000010 0.160886 0.000010
0.550511 0.077354 0.021051 0.004364 0.000010 0.092142 0.107406 0.147152 0.000010
0.195030 0.000010 0.000010 0.000010 0.038993 0.000010 0.000010 0.205100 0.560826
0.634767 0.000010 0.096498 0.000010 0.000010 0.000010 0.231884 0.036801 0.000010
0.660263 0.000010 0.097419 0.103222 0.000010 0.000010 0.000010 0.139046 0.000010
0.487662 0.000010 0.219723 0.084642 0.000010 0.000010 0.002682 0.166539 0.038722
0.662297 0.000010 0.000010 0.121105 0.000010 0.022695 0.000010 0.135218 0.058645
0.506414 0.065062 0.000010 0.000010 0.132437 0.000010 0.000010 0.250878 0.045169
0.715549 0.000010 0.000010 0.045790 0.000010 0.020654 0.000010 0.217702 0.000266
0.530910 0.051190 0.000010 0.000010 0.000010 0.018856 0.000010 0.285854 0.113150
0.464918 0.060523 0.007639 0.088276 0.000010 0.000010 0.000010 0.378603 0.000010
0.000010 0.874902 0.086458 0.000010 0.000010 0.000010 0.038580 0.000010 0.000010
0.000010 0.886120 0.000010 0.000010 0.000010 0.000010 0.056943 0.056877 0.000010
0.000010 0.984128 0.000010 0.015802 0.000010 0.000010 0.000010 0.000010 0.000010
0.000010 0.970861 0.000010 0.004922 0.000010 0.000010 0.024157 0.000010 0.000010
0.000010 0.000010 0.374837 0.108649 0.036429 0.032235 0.447810 0.000010 0.000010
0.000010 0.000010 0.536314 0.000010 0.137172 0.000010 0.326454 0.000010 0.000010
0.000010 0.000010 0.437315 0.000010 0.000010 0.041775 0.520850 0.000010 0.000010
0.028778 0.018938 0.441281 0.000010 0.000010 0.038227 0.472735 0.000010 0.000010
0.000010 0.000010 0.517073 0.000010 0.019133 0.001540 0.375644 0.086570 0.000010
0.044310 0.000010 0.464675 0.000010 0.140128 0.000010 0.348603 0.000010 0.002244
0.037639 0.067994 0.392861 0.000010 0.086668 0.000010 0.299210 0.115599 0.000010
0.081255 0.000010 0.460772 0.000010 0.000010 0.052867 0.405055 0.000010 0.000010
0.000010 0.028341 0.368631 0.000010 0.000010 0.000010 0.602968 0.000010 0.000010
0.000010 0.000010 0.606309 0.000010 0.000010 0.000010 0.393621 0.000010 0.000010
0.686208 0.000010 0.120959 0.000010 0.000010 0.174496 0.000010 0.018287 0.000010
0.392054 0.000010 0.003837 0.000010 0.000010 0.000010 0.254649 0.349410 0.000010
0.641899 0.114482 0.000010 0.077173 0.120882 0.000010 0.000010 0.045524 0.000010
0.587706 0.039714 0.085617 0.000010 0.052860 0.152478 0.000010 0.081595 0.000010
0.479662 0.037291 0.000995 0.000010 0.067043 0.000010 0.000010 0.350952 0.064027
0.238836 0.004359 0.000010 0.059551 0.104124 0.094179 0.070927 0.252812 0.175202
0.402923 0.009115 0.199377 0.063342 0.000010 0.057758 0.000010 0.175035 0.092431
0.444646 0.117510 0.280988 0.016594 0.000010 0.000010 0.000010 0.039279 0.100952
0.466320 0.000010 0.000010 0.000010 0.050590 0.000010 0.000010 0.313248 0.169792
0.695275 0.023587 0.000010 0.000010 0.000010 0.000010 0.084958 0.196129 0.000010
0.469024 0.027610 0.000010 0.000010 0.002283 0.060523 0.070786 0.369745 0.000010
0.243942 0.000010 0.161132 0.375054 0.017390 0.000010 0.000010 0.202443 0.000010
0.657642 0.000010 0.000010 0.037211 0.000010 0.000010 0.000010 0.305087 0.000010
0.528846 0.163369 0.016661 0.000010 0.038206 0.000010 0.000010 0.252878 0.000010
0.584340 0.000010 0.000010 0.000010 0.090036 0.000010 0.023328 0.302246 0.000010
0.483997 0.002694 0.000010 0.128860 0.089854 0.000010 0.000010 0.222628 0.071937
0.571641 0.088673 0.000010 0.000010 0.000010 0.126195 0.000010 0.213441 0.000010
0.492696 0.000010 0.000010 0.330325 0.000010 0.000010 0.000010 0.104158 0.072772
0.675287 0.000010 0.000010 0.119018 0.104885 0.000010 0.000010 0.026984 0.073786
0.400143 0.000010 0.072059 0.176223 0.045235 0.023805 0.000010 0.125080 0.157434
0.000010 0.001900 0.501494 0.233854 0.000010 0.000010 0.000010 0.191065 0.071647
0.000010 0.000010 0.659717 0.010005 0.077729 0.000010 0.058296 0.194212 0.000010
0.000010 0.062191 0.622651 0.000010 0.000944 0.000010 0.314164 0.000010 0.000010
0.000010 0.015203 0.590241 0.000010 0.000010 0.000010 0.394496 0.000010 0.000010
0.000010 0.071378 0.602518 0.000010 0.000010 0.020581 0.256218 0.049265 0.000010
0.000010 0.052701 0.425606 0.049123 0.001950 0.023854 0.237053 0.035150 0.174552
0.000010 0.000010 0.455830 0.000010 0.000010 0.000010 0.490542 0.053568 0.000010
0.000010 0.094330 0.467734 0.000010 0.125744 0.000010 0.312142 0.000010 0.000010
0.000010 0.000010 0.567633 0.000010 0.084361 0.009003 0.299596 0.039367 0.000010
0.000010 0.000010 0.643312 0.000010 0.190637 0.000010 0.163257 0.000010 0.002745
0.000010 0.000010 0.840806 0.004702 0.000010 0.000010 0.075083 0.000010 0.079359
0.000010 0.000010 0.789842 0.000010 0.002354 0.000010 0.207744 0.000010 0.000010
0.000010 0.000010 0.572101 0.000010 0.071759 0.000010 0.356080 0.000010 0.000010
0.000010 0.000010 0.581165 0.000010 0.074631 0.014456 0.329699 0.000010 0.000010
0.000010 0.000010 0.613199 0.000010 0.147332 0.000010 0.239409 0.000010 0.000010
0.000010 0.000010 0.631305 0.000010 0.025882 0.000010 0.342753 0.000010 0.000010
0.081499 0.027165 0.607239 0.000010 0.000010 0.000010 0.284046 0.000010 0.000010
0.000010 0.022267 0.676008 0.000010 0.145600 0.000010 0.127910 0.000010 0.028176
0.000010 0.034295 0.440836 0.000010 0.100354 0.000010 0.424466 0.000010 0.000010
0.000010 0.028016 0.677385 0.000010 0.011273 0.000010 0.283277 0.000010 0.000010
0.000010 0.003645 0.497679 0.000010 0.037650 0.000010 0.460976 0.000010 0.000010
0.062919 0.037755 0.536257 0.000010 0.000010 0.000010 0.299477 0.063551 0.000010
0.000722 0.007575 0.531037 0.000010 0.129727 0.000010 0.311008 0.019901 0.000010
0.000010 0.035634 0.590435 0.000010 0.000010 0.000010 0.279889 0.093991 0.000010
0.000010 0.036571 0.557428 0.014215 0.142339 0.000010 0.207341 0.000010 0.042076
0.000010 0.000010 0.502089 0.050988 0.011582 0.000010 0.435290 0.000010 0.000010
0.000010 0.021357 0.812565 0.000010 0.028948 0.000010 0.137079 0.000010 0.000010
0.000010 0.000010 0.761487 0.000010 0.000010 0.000010 0.238443 0.000010 0.000010
0.000010 0.000010 0.622901 0.000010 0.000010 0.000010 0.377029 0.000010 0.000010
0.000010 0.006504 0.583970 0.009280 0.064994 0.000010 0.335212 0.000010 0.000010
0.000010 0.122734 0.562147 0.000010 0.002070 0.000010 0.310468 0.002541 0.000010
0.028853 0.000010 0.644285 0.000010 0.018238 0.000010 0.302524 0.006059 0.000010
0.000010 0.000010 0.619108 0.000010 0.000010 0.000010 0.370745 0.000010 0.010087
0.000010 0.025061 0.491236 0.000010 0.026697 0.000010 0.456955 0.000010 0.000010
0.000010 0.000010 0.533642 0.063699 0.000010 0.000010 0.397866 0.004743 0.000010
0.000010 0.000010 0.459000 0.000010 0.188564 0.000010 0.352375 0.000010 0.000010
0.000010 0.000010 0.601413 0.000010 0.000010 0.020400 0.378127 0.000010 0.000010
0.000010 0.000010 0.621250 0.000010 0.000010 0.000010 0.378680 0.000010 0.000010
0.000010 0.000010 0.646338 0.000010 0.000010 0.006286 0.347316 0.000010 0.000010
0.038458 0.002382 0.601235 0.000010 0.066710 0.000010 0.291175 0.000010 0.000010
0.000010 0.000010 0.000010 0.034629 0.906412 0.000010 0.006417 0.045525 0.006977
0.000010 0.000010 0.000010 0.000010 0.962702 0.000010 0.037228 0.000010 0.000010
0.000010 0.034096 0.561325 0.000010 0.000010 0.000010 0.404519 0.000010 0.000010
0.000010 0.000010 0.354700 0.000010 0.035646 0.000010 0.558952 0.050653 0.000010
0.501472 0.058568 0.000010 0.232878 0.000010 0.000010 0.000010 0.184460 0.022582
0.086637 0.000010 0.013231 0.656141 0.030780 0.031564 0.000010 0.181618 0.000010
0.496787 0.093642 0.000010 0.270646 0.000010 0.000010 0.000010 0.138875 0.000010
0.288663 0.000010 0.000010 0.320957 0.000010 0.000010 0.000010 0.310228 0.080102
0.420335 0.000010 0.000010 0.385581 0.077202 0.029267 0.000010 0.087575 0.000010
0.385702 0.000010 0.000010 0.378518 0.000010 0.003946 0.069403 0.162390 0.000010
0.394157 0.089357 0.000010 0.237966 0.023523 0.000010 0.000010 0.254956 0.000010
0.425566 0.035290 0.000010 0.486594 0.000010 0.001555 0.000010 0.046576 0.004389
0.436803 0.120231 0.000010 0.143507 0.000010 0.000010 0.097659 0.201760 0.000010
0.303042 0.191823 0.000010 0.252552 0.000010 0.000010 0.069816 0.132519 0.050218
0.303885 0.000010 0.000010 0.418387 0.145870 0.085336 0.046482 0.000010 0.000010
0.323940 0.030013 0.031256 0.399701 0.013230 0.000010 0.000010 0.201831 0.000010
0.246782 0.000010 0.000010 0.594909 0.000010 0.000010 0.000010 0.158249 0.000010
0.000010 0.053155 0.530216 0.000010 0.000010 0.000010 0.343833 0.072746 0.000010
0.000010 0.000010 0.498246 0.067451 0.000010 0.000010 0.434244 0.000010 0.000010
0.000010 0.073964 0.670747 0.000010 0.010647 0.000010 0.233854 0.010749 0.000010
0.000010 0.053221 0.542057 0.000010 0.000010 0.095655 0.309016 0.000010 0.000010
0.000010 0.000010 0.655620 0.000010 0.000010 0.000010 0.310573 0.000010 0.033747
0.000010 0.037582 0.304566 0.016812 0.180927 0.000010 0.450016 0.010067 0.000010
0.000010 0.020321 0.595148 0.000010 0.177296 0.000010 0.207185 0.000010 0.000010
0.000010 0.000010 0.593263 0.000010 0.000010 0.010177 0.396500 0.000010 0.000010
0.000010 0.000010 0.493442 0.000010 0.211343 0.000010 0.283588 0.011578 0.000010
0.000010 0.000010 0.642205 0.000010 0.072074 0.033444 0.252227 0.000010 0.000010
0.000010 0.028654 0.727467 0.000010 0.000010 0.000010 0.237748 0.000010 0.006082
0.000010 0.000010 0.579623 0.018989 0.132100 0.000010 0.141172 0.080790 0.047295
