0.115971 0.049501 0.000010 0.256386 0.000010 0.031537 0.166382 0.331780 0.048422
0.457769 0.036058 0.066437 0.040793 0.000010 0.024136 0.000010 0.302667 0.072120
0.180277 0.012523 0.000010 0.011765 0.055156 0.000010 0.124365 0.613648 0.002245
0.238734 0.000010 0.000010 0.000010 0.070462 0.000010 0.187791 0.502964 0.000010
0.279440 0.000010 0.000010 0.151446 0.032917 0.000010 0.158768 0.377388 0.000010
0.092575 0.039865 0.000010 0.167772 0.040886 0.000010 0.000010 0.066937 0.591935
0.497461 0.000010 0.046832 0.000010 0.018697 0.000010 0.134713 0.302258 0.000010
0.387931 0.000010 0.083835 0.000010 0.000010 0.000010 0.059610 0.455690 0.012894
0.036776 0.000010 0.321405 0.153101 0.089609 0.000010 0.157295 0.164744 0.077050
0.181013 0.105605 0.018227 0.107060 0.000010 0.000010 0.089170 0.390389 0.108516
0.450482 0.000010 0.000010 0.000010 0.024391 0.023701 0.000010 0.473988 0.027399
0.396461 0.000010 0.000010 0.014897 0.166940 0.000010 0.081319 0.318394 0.021960
0.460694 0.000010 0.000010 0.000010 0.000017 0.000010 0.158669 0.380570 0.000010
0.260628 0.094993 0.051031 0.063411 0.042361 0.000010 0.000010 0.054076 0.433480
0.339229 0.000010 0.115161 0.172773 0.047383 0.000010 0.059933 0.265491 0.000010
0.336094 0.065453 0.000010 0.118949 0.036445 0.000010 0.000010 0.443019 0.000010
0.519428 0.000010 0.031688 0.008401 0.000010 0.000010 0.000010 0.424208 0.016234
0.259087 0.000010 0.060709 0.110325 0.029754 0.000010 0.155818 0.384277 0.000010
0.167665 0.000010 0.000010 0.195201 0.000010 0.031594 0.129488 0.476012 0.000010
0.112964 0.000010 0.057359 0.132140 0.000010 0.000010 0.041972 0.647618 0.007916
0.466206 0.000010 0.000010 0.137862 0.000010 0.000010 0.000010 0.395873 0.000010
0.468716 0.000012 0.199291 0.000010 0.048755 0.000010 0.000010 0.283185 0.000010
0.279580 0.000010 0.000010 0.000010 0.000010 0.000010 0.091624 0.628736 0.000010
0.562179 0.068955 0.063842 0.000010 0.086942 0.000010 0.008715 0.209337 0.000010
0.461536 0.006035 0.000010 0.000010 0.000010 0.000010 0.125618 0.341793 0.064978
0.378753 0.000010 0.000010 0.193364 0.133927 0.000010 0.000010 0.293906 0.000010
0.442605 0.049903 0.000010 0.062803 0.000010 0.000010 0.000010 0.444638 0.000010
0.384929 0.048631 0.000010 0.038355 0.044107 0.000010 0.049084 0.173706 0.261168
0.178913 0.000010 0.000010 0.064663 0.076658 0.086131 0.229703 0.363902 0.000010
0.086019 0.000010 0.000010 0.057903 0.000010 0.002012 0.091161 0.495602 0.267274
0.505382 0.057143 0.000010 0.158947 0.000010 0.000010 0.000010 0.278478 0.000010
0.257040 0.000010 0.024371 0.198898 0.012308 0.000010 0.000010 0.507343 0.000010
0.104562 0.150360 0.000010 0.203075 0.030372 0.027372 0.008642 0.402519 0.073087
0.396214 0.000010 0.152867 0.000010 0.175602 0.062463 0.000010 0.212814 0.000010
0.226843 0.000010 0.177891 0.000010 0.084328 0.000010 0.140795 0.370103 0.000010
0.301845 0.099562 0.022444 0.014367 0.250939 0.000010 0.008276 0.302547 0.000010
0.357364 0.000010 0.000010 0.167875 0.000010 0.000010 0.064236 0.271516 0.138969
0.365951 0.048869 0.009629 0.006822 0.000010 0.044993 0.000010 0.406544 0.117172
0.185747 0.092606 0.043065 0.120944 0.013947 0.000010 0.050861 0.433126 0.059694
0.387528 0.000010 0.000010 0.071736 0.011329 0.092803 0.027137 0.352224 0.057222
0.098616 0.047072 0.126015 0.316844 0.000010 0.000010 0.013713 0.397710 0.000010
0.120041 0.172589 0.019816 0.109097 0.000010 0.000010 0.035374 0.543053 0.000010
0.223218 0.013724 0.000010 0.330252 0.000010 0.048608 0.062547 0.290426 0.031205
0.221252 0.000010 0.000010 0.032866 0.000010 0.000010 0.134813 0.563683 0.047345
0.428898 0.000014 0.041271 0.000010 0.007222 0.000010 0.126549 0.383184 0.012843
0.356149 0.000010 0.077029 0.000010 0.066396 0.000010 0.082628 0.417758 0.000010
0.363028 0.000010 0.043193 0.185398 0.084498 0.000010 0.000010 0.323843 0.000010
0.203869 0.000010 0.000010 0.000014 0.000010 0.000010 0.020664 0.500158 0.275254
0.315310 0.000010 0.214489 0.169934 0.170103 0.040574 0.069419 0.020150 0.000010
0.223299 0.037584 0.207574 0.177499 0.000010 0.050042 0.000010 0.303971 0.000010
0.208944 0.000010 0.138643 0.084188 0.101104 0.000010 0.000010 0.467081 0.000010
0.000010 0.035189 0.549634 0.183435 0.133728 0.000010 0.016484 0.081500 0.000010
0.000013 0.061067 0.557471 0.000010 0.030207 0.057105 0.197148 0.096969 0.000010
0.000010 0.000010 0.395495 0.113746 0.036272 0.000010 0.262392 0.102306 0.089759
0.297174 0.082104 0.164026 0.105136 0.010321 0.090358 0.154732 0.096138 0.000010
0.101195 0.036738 0.249315 0.144706 0.090768 0.000010 0.106268 0.224472 0.046527
0.239327 0.100528 0.265724 0.000010 0.000010 0.003358 0.252762 0.138271 0.000010
0.005506 0.098395 0.275388 0.312528 0.000010 0.000010 0.044963 0.263190 0.000010
0.141716 0.000010 0.398179 0.062900 0.000010 0.026232 0.204819 0.166125 0.000010
0.167245 0.102372 0.493177 0.090484 0.000010 0.000010 0.040240 0.106451 0.000010
0.155204 0.000011 0.212904 0.093699 0.086829 0.000010 0.153968 0.270120 0.027253
0.390019 0.004058 0.240107 0.086893 0.000180 0.000010 0.053045 0.225677 0.000010
0.263344 0.117987 0.000010 0.075069 0.157070 0.032695 0.000010 0.353804 0.000010
0.161728 0.133318 0.204614 0.135558 0.000012 0.000010 0.089081 0.275669 0.000010
0.000012 0.109000 0.395746 0.115726 0.000010 0.000010 0.174383 0.205101 0.000010
0.000013 0.168196 0.448941 0.063425 0.000010 0.000010 0.058236 0.217208 0.043962
0.296409 0.000010 0.097786 0.075341 0.071703 0.000010 0.151233 0.240023 0.067486
0.314444 0.000010 0.184860 0.435355 0.000010 0.000010 0.055315 0.009986 0.000010
0.185873 0.042629 0.237675 0.000010 0.146502 0.019844 0.131833 0.235623 0.000010
0.044941 0.000010 0.180677 0.397570 0.066339 0.000010 0.000010 0.277368 0.033074
0.014229 0.000010 0.000010 0.110438 0.000010 0.131869 0.000010 0.000010 0.743414
0.442555 0.000010 0.065979 0.000010 0.000010 0.000010 0.135462 0.321912 0.034051
0.538848 0.082203 0.045923 0.000010 0.000010 0.010089 0.000010 0.322897 0.000010
0.423996 0.000010 0.116512 0.000010 0.000012 0.000010 0.067903 0.375592 0.015954
0.139182 0.000011 0.000010 0.161706 0.000010 0.000010 0.254309 0.435482 0.009281
0.462401 0.000010 0.000010 0.029923 0.151434 0.000010 0.078605 0.277598 0.000010
0.434838 0.000010 0.000010 0.000010 0.005968 0.000010 0.179673 0.379472 0.000010
0.086909 0.144106 0.022598 0.021367 0.000010 0.115705 0.000010 0.405852 0.203443
0.481409 0.000010 0.000010 0.303790 0.000010 0.000010 0.000010 0.197652 0.017100
0.298403 0.011482 0.023668 0.143955 0.000010 0.083847 0.083391 0.355235 0.000010
0.187082 0.000010 0.000010 0.000010 0.029882 0.102602 0.145438 0.313300 0.221666
0.331898 0.070845 0.000010 0.041318 0.000010 0.006826 0.175000 0.374083 0.000010
0.570987 0.030024 0.048183 0.000010 0.000010 0.000010 0.000010 0.350755 0.000010
0.225309 0.000010 0.000010 0.170854 0.000010 0.000010 0.047997 0.555790 0.000010
0.127283 0.000010 0.030014 0.226493 0.000010 0.035540 0.000010 0.314751 0.265889
0.356956 0.000010 0.000010 0.000010 0.000010 0.000010 0.118429 0.421291 0.103274
0.071569 0.000010 0.000010 0.000010 0.000010 0.000010 0.121014 0.494673 0.312694
0.066643 0.000010 0.000010 0.217778 0.000010 0.000010 0.025257 0.452277 0.238005
0.515611 0.077996 0.000010 0.010971 0.000010 0.000010 0.000010 0.249514 0.145868
0.637977 0.058735 0.095576 0.001391 0.000010 0.000010 0.000010 0.206280 0.000010
0.300807 0.000010 0.000010 0.093046 0.000010 0.000010 0.087901 0.518197 0.000010
0.246345 0.017739 0.137055 0.136718 0.084570 0.000010 0.000010 0.302402 0.075151
0.504714 0.000010 0.000010 0.134581 0.000010 0.125934 0.003329 0.231402 0.000010
0.261613 0.000010 0.000010 0.177183 0.000010 0.055460 0.012845 0.492859 0.000010
0.287916 0.000010 0.016188 0.201925 0.000010 0.000010 0.059636 0.434294 0.000010
0.098751 0.000010 0.085750 0.236916 0.000010 0.030737 0.226355 0.321461 0.000010
0.130179 0.000010 0.000010 0.000010 0.027546 0.000010 0.176264 0.640886 0.025085
0.383831 0.000010 0.000010 0.046432 0.079541 0.000010 0.000010 0.490146 0.000010
0.409312 0.000010 0.100554 0.000020 0.000010 0.002154 0.025509 0.462420 0.000010
0.301283 0.000015 0.000010 0.150498 0.005881 0.049527 0.000010 0.403457 0.089319
0.197586 0.000010 0.110793 0.000010 0.000010 0.046922 0.153345 0.491315 0.000010
0.126370 0.013558 0.008021 0.000010 0.000010 0.111955 0.111185 0.485435 0.143456
0.392620 0.000010 0.000010 0.058512 0.017358 0.000010 0.068155 0.425857 0.037468
0.051312 0.028317 0.000010 0.000010 0.000010 0.000010 0.267483 0.568325 0.084523
0.314877 0.066271 0.000010 0.106827 0.000010 0.000010 0.231281 0.280704 0.000010
0.165403 0.113731 0.000010 0.119622 0.061609 0.000010 0.072111 0.467494 0.000010
0.157862 0.000010 0.000010 0.159554 0.040084 0.003729 0.080386 0.558356 0.000010
0.228324 0.000010 0.017281 0.000010 0.039219 0.000010 0.194192 0.520944 0.000010
0.180693 0.006569 0.000010 0.113284 0.045046 0.000010 0.128202 0.526175 0.000010
0.278605 0.000010 0.004002 0.047685 0.065859 0.000010 0.065709 0.488656 0.049465
0.276227 0.033417 0.000010 0.057474 0.000010 0.000010 0.105821 0.527021 0.000010
0.142477 0.000010 0.089924 0.185175 0.000010 0.000010 0.047185 0.479806 0.055403
0.100686 0.111044 0.169034 0.062309 0.000010 0.000010 0.133767 0.423130 0.000010
0.266934 0.000010 0.035758 0.145994 0.000010 0.000010 0.230470 0.320805 0.000010
0.313891 0.000010 0.059262 0.203663 0.000010 0.068716 0.000010 0.332823 0.021614
0.336905 0.028162 0.000010 0.003445 0.000010 0.000010 0.226135 0.405312 0.000010
0.097708 0.000010 0.116011 0.000010 0.019479 0.000010 0.329111 0.437651 0.000010
0.357326 0.000010 0.103335 0.000010 0.035202 0.000010 0.066375 0.437721 0.000010
0.239948 0.040256 0.025803 0.157725 0.000010 0.009483 0.248739 0.170484 0.107553
0.250257 0.037816 0.000010 0.233867 0.000010 0.000010 0.064181 0.413839 0.000010
0.031614 0.011101 0.000010 0.209574 0.065352 0.000010 0.173128 0.509201 0.000010
0.000010 0.000010 0.208536 0.382098 0.000015 0.000010 0.076707 0.332605 0.000010
0.396425 0.000010 0.000010 0.087743 0.081353 0.000010 0.077217 0.357222 0.000010
0.354086 0.031537 0.079382 0.000010 0.129620 0.000010 0.121523 0.283821 0.000010
0.287924 0.007891 0.000010 0.077063 0.101322 0.000013 0.000010 0.525757 0.000010
0.256690 0.039946 0.037749 0.055060 0.000010 0.117122 0.032199 0.461214 0.000010
0.293066 0.000010 0.043753 0.177802 0.179612 0.000010 0.057022 0.248714 0.000010
0.028148 0.000010 0.084034 0.350503 0.081913 0.000010 0.063663 0.391710 0.000010
0.287350 0.105205 0.000010 0.028947 0.000010 0.000010 0.153705 0.424753 0.000010
0.011933 0.053756 0.106794 0.075562 0.000010 0.000010 0.264330 0.487595 0.000010
0.000010 0.000010 0.052157 0.169462 0.127900 0.023589 0.313399 0.313463 0.000010
0.219666 0.000010 0.000010 0.003795 0.000010 0.017547 0.212707 0.546244 0.000010
0.312018 0.023767 0.000010 0.164122 0.053414 0.000010 0.043979 0.402671 0.000010
0.344993 0.001458 0.030063 0.198002 0.130412 0.001758 0.000010 0.293294 0.000010
0.155109 0.000010 0.009299 0.216538 0.074078 0.091577 0.144629 0.301731 0.007030
0.235578 0.058307 0.000010 0.000010 0.016660 0.027420 0.139186 0.509428 0.013400
0.107260 0.000010 0.145432 0.017024 0.013344 0.000010 0.102889 0.614020 0.000010
0.000010 0.012241 0.000010 0.119853 0.050375 0.000010 0.154605 0.662887 0.000010
0.189004 0.000010 0.038680 0.244314 0.312588 0.000010 0.078847 0.136537 0.000010
0.264420 0.000010 0.039613 0.179460 0.114727 0.010426 0.095727 0.227328 0.068289
0.064711 0.000010 0.070990 0.241803 0.129117 0.077258 0.223333 0.192768 0.000010
0.062583 0.015064 0.000010 0.270716 0.013768 0.097821 0.000010 0.540017 0.000010
0.132525 0.040569 0.050788 0.150783 0.051384 0.026279 0.074954 0.436337 0.036382
0.266595 0.092291 0.000010 0.085896 0.036599 0.000010 0.187081 0.331509 0.000010
0.167984 0.000010 0.000010 0.206345 0.000010 0.000010 0.137301 0.401956 0.086373
0.233032 0.016657 0.031697 0.006428 0.000010 0.157905 0.216379 0.237782 0.100110
0.000010 0.000010 0.016857 0.196354 0.070354 0.000010 0.256262 0.436393 0.023750
0.242036 0.000010 0.081889 0.204491 0.000010 0.023775 0.010957 0.417592 0.019240
0.258122 0.000010 0.000010 0.188803 0.000010 0.000010 0.207702 0.335796 0.009537
0.342454 0.009306 0.000010 0.041958 0.076570 0.000010 0.078950 0.386011 0.064730
0.011791 0.054451 0.000010 0.251141 0.073905 0.000010 0.034546 0.574137 0.000010
0.433602 0.020608 0.028036 0.130880 0.081793 0.000010 0.078924 0.226137 0.000010
0.007499 0.000010 0.000010 0.229688 0.000010 0.000010 0.248519 0.514243 0.000010
0.058769 0.065565 0.000010 0.158406 0.060517 0.000010 0.189785 0.466927 0.000010
0.159431 0.069601 0.000010 0.000010 0.076829 0.000010 0.259409 0.434690 0.000010
0.252690 0.154872 0.026150 0.049834 0.000010 0.000010 0.061491 0.386796 0.068147
0.243191 0.043664 0.000010 0.109422 0.000010 0.107543 0.183515 0.312634 0.000010
0.274859 0.000010 0.000010 0.026998 0.065568 0.000010 0.112170 0.520364 0.000010
0.260219 0.069090 0.102288 0.111044 0.000010 0.000010 0.131951 0.325378 0.000010
0.111632 0.036425 0.091201 0.061492 0.031102 0.081855 0.084239 0.502045 0.000010
0.041220 0.000010 0.187280 0.330324 0.000010 0.000010 0.165276 0.275859 0.000010
0.020037 0.000010 0.133683 0.000010 0.000014 0.029416 0.202642 0.614178 0.000010
0.167256 0.000010 0.097613 0.025851 0.026345 0.000010 0.223560 0.408917 0.050438
0.118385 0.000010 0.096767 0.176110 0.179862 0.064754 0.102448 0.261655 0.000010
0.228118 0.000010 0.246313 0.021124 0.030986 0.000010 0.065684 0.407745 0.000010
0.000010 0.000010 0.090021 0.000010 0.142570 0.030240 0.131820 0.463464 0.141854
0.471764 0.000010 0.000947 0.098640 0.000010 0.000010 0.137191 0.291418 0.000010
0.124010 0.005914 0.261120 0.167522 0.000010 0.000010 0.084680 0.356725 0.000010
0.160912 0.180390 0.026971 0.000010 0.000010 0.000010 0.233665 0.398023 0.000010
0.218400 0.105047 0.035646 0.000010 0.000010 0.096092 0.093077 0.451707 0.000010
0.318813 0.038405 0.032085 0.015483 0.003138 0.019348 0.165075 0.377269 0.030381
0.000010 0.000010 0.143900 0.033116 0.000010 0.000010 0.008292 0.814642 0.000010
0.039016 0.118626 0.000010 0.117418 0.000010 0.015149 0.219709 0.490051 0.000010
0.084776 0.000010 0.136039 0.132471 0.000010 0.059761 0.132947 0.453976 0.000010
0.258069 0.000010 0.179815 0.022304 0.051089 0.000010 0.024100 0.464594 0.000010
0.311155 0.114136 0.189108 0.017341 0.000010 0.000010 0.021888 0.346343 0.000010
0.091701 0.111020 0.121538 0.116474 0.000010 0.013709 0.192117 0.353421 0.000010
0.137165 0.000015 0.324592 0.064508 0.000010 0.029156 0.073156 0.371389 0.000010
0.022931 0.000010 0.265941 0.356042 0.000010 0.000010 0.000010 0.355036 0.000010
0.112696 0.000010 0.107431 0.093309 0.000010 0.138688 0.170979 0.376867 0.000010
0.207354 0.013105 0.265094 0.000010 0.000010 0.000010 0.166935 0.347472 0.000010
0.028112 0.000010 0.000010 0.077463 0.000010 0.000010 0.305369 0.566154 0.022863
0.108685 0.069493 0.042225 0.000010 0.205454 0.000010 0.154298 0.419815 0.000010
0.000010 0.000010 0.000010 0.049246 0.027123 0.042286 0.351391 0.469309 0.060615
0.218831 0.064577 0.139431 0.151138 0.000010 0.000010 0.087927 0.338066 0.000010
0.262296 0.044851 0.181671 0.020274 0.003306 0.000010 0.097591 0.389991 0.000010
0.142564 0.104485 0.266003 0.000010 0.127819 0.000010 0.165715 0.193385 0.000010
0.000010 0.068180 0.000010 0.000010 0.005161 0.503529 0.000010 0.018507 0.404582
0.000010 0.000010 0.026868 0.000010 0.006053 0.495884 0.024514 0.069671 0.376980
0.000010 0.000972 0.018683 0.011283 0.000010 0.475878 0.046170 0.000010 0.446984
0.000010 0.007994 0.005290 0.000010 0.084421 0.418359 0.000010 0.000010 0.483895
0.000010 0.042677 0.000010 0.000010 0.057298 0.167742 0.000010 0.000010 0.732233
0.027380 0.000010 0.000010 0.019842 0.000010 0.525186 0.000010 0.114253 0.313299
0.000010 0.000010 0.000010 0.000010 0.047127 0.423212 0.000010 0.001318 0.528292
0.002152 0.000010 0.000010 0.083017 0.000010 0.244427 0.000010 0.025020 0.645344
0.005821 0.000010 0.000010 0.000010 0.000010 0.401062 0.000010 0.000010 0.593057
0.000010 0.000010 0.000010 0.000010 0.000010 0.510237 0.000010 0.061320 0.428384
0.070452 0.000010 0.000010 0.000010 0.009547 0.243064 0.000010 0.000010 0.676887
0.000010 0.000010 0.000010 0.000010 0.000010 0.269251 0.000010 0.073034 0.657655
0.017600 0.000010 0.000010 0.000010 0.041438 0.446849 0.000010 0.000010 0.494064
0.000010 0.000010 0.000010 0.000010 0.039110 0.170142 0.000010 0.069945 0.720753
0.000010 0.000010 0.000010 0.000010 0.032866 0.201550 0.000010 0.052583 0.712951
0.000010 0.000010 0.000010 0.000010 0.105660 0.355667 0.000010 0.086024 0.452599
0.000010 0.000010 0.000010 0.000010 0.064930 0.416004 0.000010 0.000010 0.519005
0.000010 0.000010 0.000010 0.000010 0.000010 0.371811 0.000010 0.025776 0.602353
0.011636 0.020392 0.000010 0.010618 0.036791 0.318842 0.000010 0.000010 0.601692
0.039804 0.021824 0.000010 0.022457 0.000010 0.322996 0.000010 0.032473 0.560415
0.000010 0.000010 0.003722 0.000010 0.125837 0.384894 0.000010 0.062183 0.423323
0.006660 0.025186 0.004495 0.000010 0.000010 0.348526 0.000010 0.013043 0.602060
0.000010 0.022333 0.000010 0.000010 0.001369 0.320356 0.000010 0.120597 0.535304
0.000010 0.000010 0.000010 0.000010 0.000010 0.595949 0.000010 0.000010 0.403981
0.159488 0.000010 0.000010 0.004277 0.000010 0.430699 0.000010 0.067452 0.338044
0.000010 0.000010 0.000010 0.000010 0.000010 0.521944 0.000010 0.042550 0.435446
0.000010 0.000010 0.000010 0.000010 0.129461 0.433844 0.000010 0.000010 0.436635
0.000010 0.000011 0.011674 0.000010 0.127240 0.417128 0.000010 0.000010 0.443906
0.000010 0.000010 0.120582 0.000010 0.692838 0.000010 0.186520 0.000010 0.000010
0.482074 0.000010 0.151409 0.237927 0.000010 0.020722 0.000657 0.107181 0.000010
0.637971 0.071948 0.000010 0.234464 0.055568 0.000010 0.000010 0.000010 0.000010
0.042106 0.038875 0.123321 0.519393 0.067527 0.000010 0.000010 0.151817 0.056940
0.433261 0.061476 0.000010 0.503106 0.002107 0.000010 0.000010 0.000010 0.000010
0.302754 0.036511 0.000010 0.316648 0.000010 0.000010 0.046805 0.276255 0.020996
0.360587 0.000010 0.045005 0.350468 0.080652 0.000010 0.040010 0.123248 0.000010
0.274364 0.000010 0.078305 0.495807 0.000010 0.010968 0.000010 0.140516 0.000010
0.472379 0.000010 0.046101 0.235639 0.011608 0.000010 0.000010 0.234235 0.000010
0.526501 0.000010 0.029941 0.024530 0.017262 0.003077 0.169845 0.226884 0.001951
0.436117 0.065472 0.005936 0.293962 0.000010 0.000010 0.000010 0.198473 0.000010
0.414232 0.000010 0.122611 0.129597 0.000010 0.013118 0.000010 0.271989 0.048423
0.296477 0.000010 0.000010 0.499001 0.000010 0.000010 0.000010 0.187531 0.016940
0.167852 0.013177 0.037707 0.458510 0.057363 0.000010 0.000010 0.238738 0.026633
0.379911 0.132743 0.085185 0.289653 0.011716 0.000010 0.000010 0.100762 0.000010
0.457048 0.000010 0.000010 0.293720 0.000010 0.000010 0.066557 0.182625 0.000010
0.459301 0.077906 0.095171 0.175164 0.007038 0.000010 0.023081 0.162318 0.000010
0.258464 0.000010 0.000010 0.383309 0.069436 0.000010 0.000010 0.288742 0.000010
0.350189 0.133529 0.082871 0.287445 0.000010 0.029035 0.000010 0.082423 0.034488
0.075527 0.048056 0.000010 0.467226 0.000010 0.000010 0.146442 0.171308 0.091411
0.539287 0.000010 0.007284 0.320247 0.000010 0.022973 0.033282 0.076898 0.000010
0.643227 0.000010 0.000010 0.170967 0.000010 0.000010 0.000010 0.185745 0.000010
0.271492 0.000010 0.068541 0.403996 0.097078 0.000010 0.017389 0.141472 0.000010
0.464255 0.000010 0.019584 0.442202 0.052990 0.020928 0.000010 0.000010 0.000010
0.481835 0.000010 0.021974 0.302202 0.000010 0.020992 0.104835 0.045054 0.023088
0.583881 0.111535 0.000010 0.094049 0.058525 0.000010 0.000010 0.151971 0.000010
0.089840 0.000010 0.166268 0.465680 0.043103 0.000010 0.019760 0.215319 0.000010
0.224308 0.000010 0.025467 0.464476 0.075082 0.081642 0.029724 0.051807 0.047483
0.347991 0.028218 0.000010 0.251566 0.000010 0.000010 0.097377 0.244114 0.030705
0.000010 0.000010 0.000010 0.000010 0.970002 0.000010 0.029928 0.000010 0.000010
0.000010 0.000010 0.002847 0.013909 0.983184 0.000010 0.000010 0.000010 0.000010
0.000010 0.000010 0.000010 0.000010 0.999920 0.000010 0.000010 0.000010 0.000010
0.000010 0.000010 0.060833 0.000010 0.840135 0.000010 0.098972 0.000010 0.000010
0.000010 0.043175 0.000010 0.000010 0.764034 0.000010 0.192731 0.000010 0.000010
0.000010 0.000010 0.000010 0.000010 0.979061 0.020869 0.000010 0.000010 0.000010
0.000010 0.000010 0.000010 0.000010 0.999920 0.000010 0.000010 0.000010 0.000010
0.000010 0.000010 0.000010 0.000010 0.999920 0.000010 0.000010 0.000010 0.000010
0.000010 0.000010 0.000010 0.016751 0.932087 0.051102 0.000010 0.000010 0.000010
0.000010 0.097537 0.000010 0.000010 0.902393 0.000010 0.000010 0.000010 0.000010
0.000010 0.000010 0.000010 0.015136 0.905571 0.000010 0.000010 0.079233 0.000010
0.000010 0.000010 0.000010 0.023058 0.930094 0.000010 0.046788 0.000010 0.000010
0.000010 0.000010 0.000010 0.000010 0.965290 0.030296 0.000010 0.004353 0.000010
0.000010 0.000010 0.000010 0.050883 0.886027 0.000010 0.034612 0.028428 0.000010
0.000010 0.000010 0.000010 0.029110 0.905850 0.000010 0.000010 0.064980 0.000010
0.000010 0.000010 0.000010 0.000010 0.987590 0.012340 0.000010 0.000010 0.000010
0.000010 0.000010 0.000010 0.000010 0.915621 0.000010 0.000010 0.084309 0.000010
0.437081 0.000010 0.013263 0.029652 0.000010 0.000010 0.047316 0.414926 0.057733
0.545195 0.000010 0.052126 0.200166 0.000010 0.000010 0.000010 0.202462 0.000010
0.542243 0.000010 0.020290 0.036950 0.072066 0.092308 0.000010 0.195657 0.040467
0.562627 0.000010 0.000010 0.068281 0.147978 0.000010 0.000010 0.201859 0.019216
0.675356 0.005042 0.000010 0.042671 0.031214 0.000010 0.000010 0.186631 0.059056
0.579838 0.059857 0.038257 0.000010 0.022911 0.000010 0.052285 0.246821 0.000010
0.390720 0.009435 0.000010 0.070084 0.079049 0.000010 0.000010 0.450672 0.000010
0.477603 0.123054 0.027916 0.162415 0.000010 0.000010 0.095168 0.048207 0.065617
0.494805 0.000010 0.084377 0.007291 0.052973 0.010964 0.040812 0.117989 0.190779
0.541497 0.000010 0.140780 0.000010 0.027412 0.000010 0.000010 0.271811 0.018461
0.576900 0.000010 0.039462 0.125730 0.000010 0.000010 0.001178 0.246657 0.010044
0.403231 0.000010 0.115667 0.090316 0.000010 0.000010 0.000010 0.254900 0.135846
0.514169 0.026801 0.147702 0.170284 0.000010 0.030472 0.000010 0.006832 0.103720
0.575003 0.033760 0.003247 0.000010 0.000010 0.000010 0.000010 0.387939 0.000010
0.611059 0.143190 0.000010 0.039255 0.087518 0.000010 0.019751 0.099197 0.000010
0.389765 0.000010 0.035477 0.120037 0.000010 0.094776 0.018903 0.292415 0.048607
0.512666 0.014081 0.000010 0.137896 0.038630 0.000010 0.000010 0.296687 0.000010
0.754182 0.000010 0.000010 0.000010 0.000010 0.003514 0.000010 0.242244 0.000010
0.437342 0.000010 0.000010 0.177166 0.000010 0.019799 0.000010 0.358410 0.007242
0.566423 0.033641 0.000010 0.241910 0.074091 0.000010 0.000010 0.029497 0.054408
0.655081 0.000010 0.000010 0.000010 0.000010 0.000010 0.000010 0.243405 0.101454
0.589667 0.000010 0.011505 0.124268 0.000010 0.014254 0.000010 0.260266 0.000010
0.447456 0.091530 0.000010 0.005154 0.000010 0.072595 0.000010 0.383225 0.000010
0.354550 0.000010 0.000010 0.204266 0.150955 0.090915 0.033338 0.159617 0.006338
0.748723 0.000010 0.000010 0.000014 0.000010 0.000010 0.000010 0.251203 0.000010
0.560975 0.000010 0.015312 0.164804 0.000010 0.079631 0.000010 0.143408 0.035841
0.527373 0.000010 0.000010 0.115255 0.066012 0.026424 0.001854 0.263052 0.000010
0.509590 0.000010 0.100791 0.121508 0.000010 0.000010 0.000010 0.268061 0.000010
0.626468 0.013144 0.000010 0.180459 0.037342 0.000010 0.000010 0.142547 0.000010
0.768761 0.000010 0.072094 0.000010 0.000010 0.060989 0.000010 0.098106 0.000010
0.231457 0.000010 0.000010 0.000010 0.066476 0.000010 0.000010 0.517589 0.184428
0.536739 0.000010 0.074591 0.000010 0.000010 0.032286 0.076601 0.245797 0.033955
0.725276 0.000010 0.000010 0.000010 0.044323 0.014865 0.068584 0.079646 0.067274
0.568595 0.000010 0.113882 0.202410 0.000010 0.000010 0.097195 0.000253 0.017635
0.375723 0.158694 0.000010 0.131326 0.000010 0.000010 0.000010 0.226854 0.107363
0.413745 0.000010 0.132346 0.273911 0.000010 0.000010 0.013751 0.109926 0.056290
0.536223 0.000010 0.000010 0.085643 0.027006 0.000010 0.000010 0.351079 0.000010
0.529383 0.019948 0.031706 0.128914 0.000010 0.038018 0.000010 0.252000 0.000010
0.641974 0.000010 0.000010 0.005691 0.000010 0.052185 0.000010 0.300100 0.000010
0.512817 0.000010 0.000010 0.234797 0.000010 0.000010 0.000010 0.252326 0.000010
0.734244 0.000010 0.000010 0.034219 0.000010 0.000010 0.000010 0.231477 0.000010
0.735076 0.008769 0.107614 0.000010 0.004647 0.000010 0.000010 0.107869 0.035994
0.670997 0.000010 0.000010 0.000010 0.000010 0.040395 0.000010 0.288548 0.000010
0.674967 0.108311 0.000010 0.000010 0.000010 0.000010 0.000010 0.145390 0.071282
0.365836 0.000010 0.000010 0.189102 0.000010 0.000010 0.144509 0.300503 0.000010
0.730167 0.046984 0.000010 0.000010 0.000010 0.000010 0.000010 0.170629 0.052170
0.249350 0.045515 0.023872 0.412939 0.118394 0.000010 0.000010 0.149900 0.000010
0.533503 0.000010 0.022759 0.000010 0.101942 0.007428 0.001618 0.212485 0.120246
0.481704 0.000010 0.000010 0.000010 0.000010 0.116292 0.000010 0.401944 0.000010
0.259869 0.037771 0.000010 0.203297 0.056588 0.046402 0.000010 0.300159 0.095894
0.428123 0.028024 0.000010 0.000010 0.000010 0.000010 0.085430 0.166016 0.292366
0.576356 0.000010 0.048438 0.000010 0.064761 0.042462 0.000010 0.267943 0.000010
0.637793 0.034939 0.000010 0.041482 0.000010 0.015930 0.000010 0.269817 0.000010
0.549464 0.000010 0.101856 0.041484 0.000010 0.038340 0.003126 0.233124 0.032587
0.626473 0.000010 0.000010 0.006313 0.000010 0.065194 0.000010 0.284548 0.017433
0.000010 0.000010 0.000010 0.089551 0.000010 0.145409 0.000010 0.023152 0.741838
0.286308 0.000010 0.029967 0.079982 0.062153 0.128238 0.000010 0.000010 0.413321
0.535801 0.275219 0.102179 0.021420 0.006639 0.042416 0.000010 0.016307 0.000010
0.303334 0.000010 0.000010 0.002087 0.000010 0.000010 0.048411 0.291410 0.354718
0.480139 0.000010 0.090178 0.011683 0.000010 0.046711 0.023474 0.261398 0.086397
0.720757 0.000010 0.000010 0.000010 0.000010 0.000010 0.000010 0.219447 0.059736
0.749463 0.000012 0.000010 0.000010 0.089585 0.026313 0.000010 0.134587 0.000010
0.306051 0.000010 0.000010 0.008504 0.000010 0.000010 0.114170 0.262548 0.308687
0.545585 0.000010 0.000010 0.000010 0.016291 0.000010 0.000010 0.231889 0.206185
0.507650 0.094898 0.000010 0.123032 0.000010 0.161882 0.016466 0.096041 0.000010
0.755958 0.000010 0.000010 0.136777 0.000010 0.027900 0.000010 0.079315 0.000010
0.324538 0.000010 0.000010 0.161691 0.000010 0.048420 0.025604 0.240949 0.198768
0.498734 0.000010 0.163145 0.000010 0.000010 0.000010 0.000010 0.277994 0.060077
0.662058 0.000010 0.028402 0.044019 0.060828 0.000010 0.000010 0.051702 0.152962
0.537465 0.000010 0.000010 0.007643 0.029371 0.133326 0.000010 0.292155 0.000010
0.410014 0.023544 0.160625 0.092438 0.000010 0.085280 0.000010 0.228069 0.000010
0.469910 0.000010 0.095495 0.000011 0.000010 0.089333 0.000010 0.238827 0.106394
0.605872 0.000010 0.073937 0.028855 0.000010 0.000010 0.046785 0.244511 0.000010
0.469132 0.000010 0.000010 0.000010 0.000010 0.000010 0.000010 0.349365 0.181443
0.619540 0.000010 0.000010 0.000010 0.000010 0.038907 0.000010 0.279280 0.062222
0.595181 0.018199 0.068403 0.000010 0.041186 0.000010 0.000010 0.209267 0.067734
0.519193 0.000010 0.000010 0.158762 0.008980 0.137919 0.000010 0.175105 0.000010
0.693057 0.000010 0.039629 0.000016 0.116501 0.000010 0.000010 0.057877 0.092890
0.555836 0.000010 0.068781 0.000010 0.000010 0.030484 0.000010 0.272101 0.072758
0.746607 0.063868 0.030980 0.012785 0.000010 0.065477 0.000010 0.000010 0.080254
0.589494 0.113971 0.016408 0.000019 0.000010 0.024598 0.040145 0.215346 0.000010
0.462048 0.005580 0.000010 0.000010 0.000010 0.121044 0.000010 0.411278 0.000010
0.710346 0.000010 0.072642 0.000010 0.000010 0.000010 0.092019 0.124943 0.000010
0.736136 0.000010 0.000010 0.000010 0.000010 0.000010 0.000010 0.263794 0.000010
0.537683 0.029022 0.159398 0.000010 0.000010 0.000010 0.049399 0.106385 0.118083
0.773854 0.000010 0.000010 0.000010 0.000010 0.032931 0.000010 0.091988 0.101177
0.230120 0.000010 0.061723 0.277716 0.000010 0.031985 0.020845 0.312296 0.065295
0.000010 0.030313 0.016016 0.000010 0.705699 0.000010 0.247921 0.000010 0.000010
0.000010 0.056584 0.000010 0.000010 0.918033 0.021836 0.003497 0.000010 0.000010
0.000010 0.071610 0.015320 0.000010 0.755353 0.037880 0.119797 0.000010 0.000010
0.000010 0.070719 0.000010 0.000010 0.900671 0.005215 0.000010 0.023345 0.000010
0.000010 0.006214 0.070216 0.031809 0.810422 0.000010 0.081299 0.000010 0.000010
0.000010 0.000012 0.048401 0.000010 0.865534 0.000010 0.086002 0.000010 0.000010
0.000010 0.014877 0.101328 0.032853 0.831526 0.019376 0.000010 0.000010 0.000010
0.522056 0.000010 0.000010 0.309706 0.000010 0.048414 0.000010 0.119774 0.000010
0.566803 0.000010 0.013652 0.257252 0.000010 0.000010 0.000010 0.162242 0.000010
0.604695 0.105009 0.011432 0.222404 0.000010 0.000010 0.000010 0.047389 0.009042
0.550743 0.000010 0.000010 0.315106 0.030601 0.029692 0.004175 0.069653 0.000010
0.592336 0.000010 0.099384 0.189933 0.000010 0.015588 0.000010 0.078562 0.024167
0.449375 0.000010 0.000010 0.250093 0.120657 0.047217 0.008766 0.097721 0.026151
0.361264 0.000010 0.000010 0.214613 0.000010 0.000010 0.000010 0.265472 0.158601
0.596240 0.000010 0.000010 0.135924 0.000010 0.000010 0.019056 0.248731 0.000010
0.421943 0.000010 0.000010 0.385739 0.008177 0.037959 0.000010 0.146142 0.000010
0.460572 0.000010 0.070182 0.406667 0.000010 0.000010 0.022130 0.040409 0.000010
0.445248 0.008732 0.000010 0.206518 0.067212 0.018866 0.000010 0.169137 0.084268
0.563058 0.020829 0.000894 0.025631 0.000010 0.000010 0.000010 0.299360 0.090198
0.682302 0.092616 0.000010 0.000010 0.000010 0.000010 0.000010 0.093520 0.131512
0.575276 0.038712 0.000010 0.000010 0.000010 0.016524 0.131095 0.238353 0.000010
0.547565 0.012892 0.082798 0.000010 0.000011 0.000010 0.055463 0.301241 0.000010
0.699229 0.104428 0.000010 0.000010 0.000010 0.000010 0.000010 0.196283 0.000010
0.448437 0.000010 0.000010 0.000010 0.077030 0.000010 0.000010 0.462591 0.011892
0.459116 0.093484 0.000010 0.104970 0.051394 0.000010 0.000010 0.290996 0.000010
0.530045 0.000010 0.043794 0.101771 0.071306 0.099204 0.000010 0.153849 0.000010
0.423798 0.000010 0.000010 0.103828 0.105757 0.000010 0.000156 0.242064 0.124366
0.576764 0.014819 0.000010 0.010140 0.034604 0.000010 0.000010 0.363633 0.000010
0.379969 0.000010 0.164314 0.188527 0.067150 0.174871 0.000010 0.019040 0.006109
0.462239 0.000010 0.000010 0.000013 0.053890 0.000010 0.120488 0.286456 0.076883
0.607212 0.000010 0.000010 0.173322 0.048519 0.000010 0.037034 0.122963 0.010919
0.494799 0.001465 0.000010 0.063040 0.106291 0.000010 0.009549 0.324826 0.000010
0.509728 0.000010 0.028601 0.211154 0.000010 0.000010 0.000010 0.213325 0.037151
0.355496 0.000010 0.000010 0.268437 0.115746 0.011614 0.000010 0.053980 0.194696
0.475631 0.085472 0.000010 0.000010 0.108833 0.000010 0.000010 0.330014 0.000010
0.420423 0.000010 0.006871 0.200997 0.000010 0.000010 0.031972 0.255824 0.083884
0.280618 0.000010 0.000014 0.085093 0.000010 0.060300 0.058323 0.399297 0.116336
0.579705 0.090817 0.057054 0.133112 0.000010 0.000010 0.000010 0.003519 0.135763
0.710300 0.000010 0.000010 0.037255 0.000010 0.006049 0.000010 0.246347 0.000010
0.778568 0.000010 0.000010 0.000010 0.000010 0.033426 0.000010 0.045787 0.142169
0.568193 0.000010 0.000010 0.120615 0.000010 0.026688 0.000010 0.192722 0.091742
0.510481 0.000010 0.000010 0.038555 0.000010 0.106674 0.000010 0.337815 0.006435
0.145798 0.828208 0.000010 0.025934 0.000010 0.000010 0.000010 0.000010 0.000010
0.058540 0.834301 0.012823 0.094285 0.000010 0.000010 0.000010 0.000010 0.000010
0.063001 0.791716 0.000010 0.037839 0.002144 0.000010 0.105259 0.000010 0.000010
0.000010 0.779445 0.000010 0.220485 0.000010 0.000010 0.000010 0.000010 0.000010
0.000010 0.080633 0.410615 0.000010 0.059575 0.000010 0.429559 0.019578 0.000010
0.000010 0.036497 0.617058 0.000010 0.000010 0.000010 0.327635 0.018760 0.000010
0.040550 0.000010 0.329218 0.000010 0.000010 0.008469 0.560548 0.000010 0.061174
0.001069 0.177824 0.225415 0.000010 0.131851 0.000010 0.292263 0.171548 0.000010
0.043999 0.000010 0.459410 0.000010 0.000418 0.069827 0.316978 0.091836 0.017512
0.131574 0.091816 0.466516 0.000010 0.000011 0.059561 0.228700 0.000010 0.021802
0.000010 0.000010 0.326433 0.000010 0.056952 0.000010 0.382875 0.233690 0.000010
0.103694 0.059482 0.522516 0.000010 0.000010 0.023373 0.286245 0.004660 0.000010
0.000010 0.143346 0.343754 0.000010 0.062478 0.000010 0.395087 0.055294 0.000010
0.105950 0.106312 0.152199 0.000011 0.082627 0.019616 0.429621 0.103654 0.000010
0.531525 0.065273 0.041470 0.000010 0.082792 0.072220 0.001349 0.205351 0.000010
0.514424 0.000010 0.000010 0.064678 0.000010 0.000010 0.189440 0.150653 0.080764
0.394447 0.071965 0.000010 0.127944 0.000010 0.105183 0.014783 0.213284 0.072374
0.693277 0.000010 0.000010 0.150297 0.000010 0.000010 0.000010 0.156366 0.000010
0.664574 0.039189 0.000010 0.000010 0.096930 0.063135 0.000010 0.117085 0.019057
0.545166 0.000010 0.073490 0.138552 0.000010 0.000010 0.000010 0.242742 0.000010
0.506510 0.000010 0.061464 0.041644 0.000010 0.032784 0.033687 0.068690 0.255202
0.831542 0.000010 0.000010 0.001653 0.000010 0.000010 0.000010 0.125027 0.041729
0.739525 0.133386 0.000010 0.000010 0.000010 0.000010 0.006877 0.000010 0.120161
0.532226 0.000010 0.049745 0.000010 0.026113 0.000010 0.000010 0.171473 0.220404
0.571575 0.093251 0.014872 0.000010 0.000010 0.012366 0.000010 0.178778 0.129128
0.712639 0.000010 0.000010 0.000563 0.000010 0.000010 0.000010 0.286738 0.000010
0.658501 0.089862 0.000010 0.116357 0.050628 0.000010 0.020021 0.064601 0.000010
0.744503 0.019500 0.000010 0.126842 0.073388 0.000010 0.000010 0.000010 0.035726
0.434418 0.043165 0.000010 0.130579 0.037101 0.006025 0.000010 0.345079 0.003614
0.514331 0.000010 0.000010 0.011406 0.036862 0.000010 0.000010 0.000010 0.437350
0.600930 0.000010 0.013885 0.000010 0.047634 0.000010 0.000010 0.337501 0.000010
0.873527 0.001078 0.000010 0.000010 0.051331 0.029772 0.000010 0.000010 0.044251
0.521778 0.000010 0.000010 0.000010 0.030779 0.000010 0.000010 0.447384 0.000010
0.342898 0.000010 0.000010 0.053203 0.024899 0.033654 0.000010 0.229307 0.316009
0.362179 0.000010 0.105823 0.081041 0.000010 0.000010 0.087541 0.363375 0.000010
0.000010 0.000010 0.621029 0.044791 0.000266 0.000010 0.302353 0.000010 0.031521
0.000010 0.000010 0.662197 0.000010 0.058236 0.000010 0.279506 0.000010 0.000010
0.000010 0.000010 0.711184 0.033075 0.000010 0.000010 0.255682 0.000010 0.000010
0.000010 0.097312 0.734727 0.000010 0.077686 0.000010 0.090225 0.000010 0.000010
0.038090 0.000011 0.679359 0.000010 0.041700 0.000010 0.240801 0.000010 0.000010
0.000010 0.000010 0.633376 0.000010 0.000010 0.000010 0.258663 0.000010 0.107901
0.047464 0.000010 0.652972 0.000010 0.000010 0.000010 0.299504 0.000010 0.000010
0.000010 0.000010 0.663704 0.000010 0.105148 0.030247 0.187162 0.013699 0.000010
0.000010 0.021852 0.622709 0.053322 0.000010 0.019629 0.228776 0.053682 0.000010
0.027941 0.093810 0.600970 0.000010 0.000010 0.000010 0.277229 0.000010 0.000010
0.000010 0.000010 0.769606 0.000010 0.000010 0.000010 0.193069 0.037265 0.000010
0.000010 0.024423 0.674888 0.000010 0.000010 0.016400 0.110582 0.048527 0.125150
0.000010 0.150258 0.588690 0.000010 0.063554 0.000010 0.197447 0.000010 0.000010
0.000010 0.092986 0.461390 0.000010 0.000010 0.000010 0.445565 0.000010 0.000010
0.000010 0.049554 0.729312 0.000010 0.000010 0.000010 0.221074 0.000010 0.000010
0.000010 0.000010 0.593861 0.000010 0.117916 0.000010 0.135301 0.152873 0.000010
0.000010 0.216540 0.539649 0.113983 0.000010 0.000018 0.074817 0.054963 0.000010
0.000010 0.075448 0.525847 0.010383 0.000010 0.065974 0.322308 0.000010 0.000010
0.000010 0.000010 0.745438 0.000010 0.000010 0.000010 0.254492 0.000010 0.000010
0.000010 0.000010 0.526761 0.000010 0.000010 0.000010 0.332285 0.140894 0.000010
0.000010 0.032163 0.671877 0.000010 0.110432 0.000010 0.185478 0.000010 0.000010
0.000010 0.000010 0.702540 0.003466 0.000010 0.000010 0.240112 0.053832 0.000010
0.107126 0.025930 0.558732 0.000010 0.000010 0.033327 0.274845 0.000010 0.000010
0.000010 0.013478 0.635823 0.000010 0.071326 0.000010 0.262704 0.016629 0.000010
0.000010 0.000010 0.675640 0.000010 0.000010 0.000010 0.291535 0.032765 0.000010
0.000010 0.000010 0.593838 0.000010 0.077191 0.021677 0.264269 0.018687 0.024309
0.003319 0.025768 0.366824 0.053655 0.091755 0.029202 0.429457 0.000010 0.000010
0.000010 0.000010 0.726318 0.000010 0.000010 0.000010 0.273612 0.000010 0.000010
0.000010 0.000010 0.557829 0.043717 0.111176 0.000010 0.287228 0.000010 0.000010
0.000010 0.046162 0.620125 0.000010 0.000010 0.053537 0.280127 0.000010 0.000010
0.000010 0.000010 0.531704 0.000010 0.117360 0.000010 0.350876 0.000010 0.000010
0.000010 0.069291 0.614927 0.000010 0.017738 0.000010 0.297995 0.000010 0.000010
0.022085 0.000010 0.492062 0.071996 0.067333 0.000010 0.322736 0.000010 0.023758
0.000010 0.039591 0.524192 0.000010 0.000010 0.000010 0.436156 0.000010 0.000010
0.000010 0.056138 0.579507 0.028036 0.000010 0.000010 0.336270 0.000010 0.000010
0.094127 0.009309 0.511113 0.000010 0.095451 0.000010 0.289960 0.000010 0.000010
0.000010 0.000010 0.754029 0.000010 0.000010 0.000010 0.245901 0.000010 0.000010
0.000010 0.000010 0.541071 0.000010 0.054434 0.000010 0.404435 0.000010 0.000010
0.000010 0.053728 0.668302 0.000010 0.030958 0.000010 0.246962 0.000010 0.000010
0.000010 0.090364 0.000010 0.000010 0.796593 0.000010 0.072246 0.040747 0.000010
0.000010 0.000010 0.099917 0.000010 0.787403 0.000010 0.096936 0.015693 0.000010
0.000010 0.000010 0.741858 0.015799 0.010945 0.065918 0.165440 0.000010 0.000010
0.000010 0.000505 0.675296 0.000010 0.020924 0.012223 0.291011 0.000010 0.000010
0.248362 0.000010 0.110532 0.228178 0.000010 0.083822 0.000010 0.318945 0.010131
0.150772 0.000010 0.006767 0.430458 0.126401 0.000010 0.000010 0.255128 0.030444
0.218273 0.000010 0.113677 0.196381 0.000010 0.000010 0.104504 0.292516 0.074617
0.084695 0.168903 0.000010 0.423886 0.028567 0.010761 0.000010 0.279384 0.003784
0.022043 0.000010 0.015824 0.441589 0.000010 0.088924 0.001696 0.309972 0.119931
0.252915 0.012875 0.000010 0.356347 0.000010 0.000010 0.000010 0.259203 0.118620
0.517888 0.000010 0.000010 0.230314 0.000010 0.000010 0.000010 0.178953 0.072795
0.309880 0.137705 0.049315 0.454746 0.011672 0.000010 0.000010 0.036651 0.000010
0.362480 0.000010 0.007211 0.258901 0.029164 0.071213 0.092703 0.133327 0.044991
0.350514 0.024094 0.000010 0.303683 0.000010 0.000010 0.008517 0.233997 0.079166
0.188250 0.000010 0.060020 0.438272 0.000010 0.000010 0.052171 0.183925 0.077333
0.385605 0.000010 0.087976 0.394531 0.000010 0.000010 0.000010 0.131838 0.000010
0.402129 0.000010 0.000010 0.395444 0.000010 0.000010 0.024967 0.177410 0.000010
0.000010 0.000010 0.828811 0.000010 0.010110 0.001681 0.159348 0.000010 0.000010
0.055184 0.195438 0.498732 0.000010 0.000010 0.000010 0.250597 0.000010 0.000010
0.003812 0.000010 0.597043 0.000010 0.112758 0.000010 0.278503 0.000010 0.007844
0.000010 0.047611 0.617128 0.000010 0.027802 0.016890 0.255505 0.035035 0.000010
0.000010 0.000010 0.734693 0.000010 0.000010 0.000010 0.265237 0.000010 0.000010
0.000010 0.122505 0.603187 0.000010 0.028161 0.000010 0.246098 0.000010 0.000010
0.000010 0.005895 0.625146 0.000010 0.000010 0.008623 0.357464 0.002831 0.000010
0.000010 0.000010 0.766731 0.000010 0.007133 0.000010 0.226076 0.000010 0.000010
0.000010 0.000010 0.758703 0.000010 0.129310 0.000010 0.111927 0.000010 0.000010
0.000010 0.000010 0.501464 0.000010 0.076236 0.000010 0.422240 0.000010 0.000010
0.000010 0.027279 0.628015 0.050825 0.123103 0.000010 0.160558 0.010189 0.000010
0.000010 0.089422 0.358786 0.000010 0.096859 0.034371 0.321952 0.098580 0.000010
