0.403397 0.000010 0.004491 0.000010 0.000010 0.000010 0.000010 0.560819 0.031242
0.504008 0.000010 0.069546 0.000010 0.012544 0.000010 0.059275 0.354587 0.000010
0.216316 0.000010 0.000010 0.000010 0.000010 0.057196 0.000010 0.726428 0.000010
0.365236 0.000702 0.000010 0.201933 0.000010 0.000010 0.059440 0.372649 0.000010
0.393948 0.000010 0.000010 0.000010 0.048890 0.000010 0.107065 0.423217 0.026840
0.227827 0.038849 0.000010 0.012129 0.166671 0.170824 0.019770 0.062729 0.301190
0.355035 0.000010 0.103214 0.003093 0.123797 0.000010 0.000010 0.414821 0.000010
0.483189 0.057737 0.000010 0.004966 0.023721 0.000010 0.160451 0.269906 0.000010
0.210057 0.084763 0.002797 0.148304 0.025738 0.000010 0.204572 0.323749 0.000010
0.126549 0.000010 0.000010 0.213967 0.111548 0.000010 0.169420 0.378476 0.000010
0.322256 0.192538 0.051633 0.000010 0.000010 0.000010 0.047007 0.386527 0.000010
0.423897 0.083085 0.000010 0.000010 0.063064 0.000218 0.038551 0.391155 0.000010
0.348394 0.000010 0.144963 0.040731 0.000010 0.000010 0.002020 0.463853 0.000010
0.143515 0.000010 0.001665 0.194019 0.002831 0.174394 0.156278 0.000010 0.327278
0.313116 0.001700 0.087079 0.000010 0.009816 0.022517 0.126206 0.431820 0.007736
0.274220 0.073737 0.000010 0.000010 0.000818 0.000010 0.048902 0.526050 0.076243
0.212021 0.000010 0.000010 0.090054 0.000010 0.000010 0.000010 0.697865 0.000010
0.350744 0.117356 0.000010 0.115399 0.000010 0.000010 0.008648 0.407814 0.000010
0.203017 0.000010 0.115441 0.000010 0.014055 0.131818 0.146094 0.389545 0.000010
0.204958 0.000010 0.131487 0.013205 0.000010 0.000010 0.159347 0.490963 0.000010
0.427500 0.000010 0.056291 0.143603 0.000010 0.000010 0.004069 0.322815 0.045692
0.438614 0.083443 0.033603 0.000010 0.000010 0.010422 0.000010 0.385272 0.048617
0.195050 0.023161 0.014447 0.072804 0.152057 0.106004 0.021279 0.386369 0.028830
0.212296 0.057381 0.000010 0.295918 0.000010 0.002873 0.042981 0.320381 0.068149
0.135101 0.000010 0.083165 0.146289 0.000010 0.026822 0.171589 0.437004 0.000010
0.299248 0.000010 0.000010 0.157270 0.000010 0.000010 0.055887 0.464571 0.022984
0.216476 0.000010 0.131098 0.035771 0.086214 0.000010 0.005270 0.525143 0.000010
0.329896 0.098925 0.071393 0.000010 0.000010 0.075886 0.000010 0.362203 0.061666
0.182053 0.000010 0.000010 0.194086 0.005669 0.000010 0.100115 0.518036 0.000010
0.546882 0.000010 0.000010 0.021803 0.000010 0.000010 0.106348 0.301225 0.023702
0.395395 0.000010 0.000010 0.000010 0.000010 0.003450 0.176207 0.366415 0.058493
0.360540 0.000010 0.000010 0.078726 0.041149 0.064476 0.058456 0.396622 0.000010
0.313888 0.069118 0.000010 0.059841 0.012403 0.000010 0.000010 0.463857 0.080863
0.390320 0.017973 0.000010 0.042239 0.006313 0.073331 0.057871 0.411933 0.000010
0.145284 0.000010 0.053440 0.072713 0.013483 0.038625 0.124266 0.532967 0.019211
0.287180 0.045875 0.000010 0.102450 0.006196 0.026019 0.045386 0.486874 0.000010
0.334561 0.000010 0.053695 0.272998 0.000010 0.000010 0.000010 0.338696 0.000010
0.411847 0.085402 0.000010 0.000010 0.000010 0.015170 0.000010 0.487531 0.000010
0.295897 0.238337 0.003225 0.078784 0.051627 0.000010 0.029364 0.262251 0.040506
0.236925 0.022361 0.062983 0.240049 0.109007 0.000010 0.001908 0.269410 0.057346
0.369839 0.018653 0.172463 0.111761 0.000010 0.000010 0.000010 0.327244 0.000010
0.290455 0.000010 0.000010 0.203634 0.063260 0.000010 0.000010 0.442602 0.000010
0.261295 0.000010 0.000010 0.070318 0.000010 0.054540 0.050808 0.562998 0.000010
0.251923 0.140358 0.035360 0.000010 0.020897 0.082983 0.088634 0.379825 0.000010
0.042564 0.010096 0.039953 0.001445 0.000010 0.069428 0.211641 0.624853 0.000010
0.347150 0.000010 0.000010 0.000010 0.050238 0.000010 0.107583 0.494980 0.000010
0.206566 0.000010 0.000010 0.184146 0.082396 0.109635 0.108432 0.308795 0.000010
0.287809 0.024135 0.087973 0.048375 0.060832 0.000010 0.000010 0.394311 0.096546
0.198655 0.123395 0.119304 0.156907 0.000010 0.000010 0.116277 0.285432 0.000010
0.000010 0.000010 0.176463 0.199522 0.121966 0.000010 0.053305 0.448703 0.000010
0.062502 0.000010 0.146226 0.044615 0.113682 0.000010 0.268375 0.364571 0.000010
0.105824 0.133427 0.489354 0.084717 0.000010 0.012200 0.046288 0.083577 0.044604
0.164974 0.091977 0.195014 0.000010 0.064237 0.000010 0.136560 0.347208 0.000010
0.137431 0.113031 0.244031 0.021840 0.092222 0.006033 0.094268 0.291133 0.000010
0.028191 0.000010 0.122823 0.152436 0.027621 0.105691 0.161512 0.401706 0.000010
0.102259 0.000010 0.356189 0.000010 0.000010 0.045317 0.261554 0.234641 0.000010
0.000010 0.000010 0.336968 0.211721 0.057353 0.000010 0.165812 0.133097 0.095020
0.284179 0.000010 0.190105 0.000010 0.078183 0.000010 0.169675 0.277817 0.000010
0.000010 0.000010 0.261518 0.240723 0.105219 0.000010 0.237010 0.155489 0.000010
0.015855 0.122626 0.233239 0.000010 0.000010 0.000010 0.362848 0.265392 0.000010
0.153069 0.082901 0.434259 0.000010 0.000010 0.000010 0.256876 0.072855 0.000010
0.092510 0.021624 0.243149 0.171377 0.137552 0.072117 0.051743 0.209918 0.000010
0.096123 0.075832 0.292644 0.016299 0.000010 0.000010 0.271010 0.248062 0.000010
0.193724 0.104161 0.226760 0.169321 0.000010 0.000010 0.000010 0.305995 0.000010
0.058179 0.048519 0.476055 0.017751 0.000010 0.006853 0.087548 0.305075 0.000010
0.107653 0.000010 0.490781 0.111446 0.000010 0.012502 0.111112 0.166477 0.000010
0.100728 0.000010 0.239650 0.063105 0.133170 0.000010 0.023331 0.439987 0.000010
0.117902 0.052562 0.515037 0.000010 0.026332 0.000010 0.046750 0.241386 0.000010
0.055884 0.000010 0.434809 0.234928 0.000010 0.000010 0.074251 0.171218 0.028880
0.290654 0.000010 0.343588 0.105888 0.000010 0.000010 0.000010 0.208595 0.051236
0.373529 0.030881 0.078816 0.000010 0.000010 0.082484 0.011670 0.155936 0.266664
0.342651 0.098431 0.056778 0.123329 0.000010 0.000010 0.103416 0.275365 0.000010
0.376067 0.100591 0.000010 0.000010 0.031932 0.000010 0.039618 0.451751 0.000010
0.099485 0.000010 0.000010 0.172559 0.001784 0.005667 0.155957 0.564518 0.000010
0.346627 0.000010 0.000010 0.000010 0.018941 0.075025 0.044130 0.515236 0.000010
0.335749 0.036128 0.022692 0.000010 0.057188 0.000010 0.000010 0.548203 0.000010
0.374638 0.032592 0.070515 0.198155 0.011779 0.000010 0.000010 0.312291 0.000010
0.212638 0.123579 0.000010 0.000010 0.044372 0.013816 0.000010 0.588501 0.017063
0.334213 0.000010 0.083752 0.005869 0.072493 0.012599 0.119258 0.303372 0.068434
0.264396 0.000010 0.000010 0.072645 0.000010 0.020066 0.198759 0.429810 0.014294
0.144016 0.000010 0.000010 0.000010 0.000010 0.046601 0.199289 0.610044 0.000010
0.185099 0.156145 0.000010 0.174840 0.049506 0.018449 0.049051 0.366890 0.000010
0.211185 0.000010 0.126103 0.100154 0.000010 0.060820 0.147325 0.354382 0.000010
0.333099 0.031322 0.000010 0.156423 0.118786 0.005807 0.019411 0.289595 0.045548
0.176200 0.000010 0.009963 0.257750 0.000010 0.000010 0.036831 0.471695 0.047531
0.169678 0.079575 0.000010 0.163707 0.000010 0.000010 0.140860 0.407395 0.038753
0.173039 0.071841 0.033030 0.001530 0.000010 0.036961 0.074806 0.388316 0.220468
0.435755 0.062340 0.014160 0.079597 0.000010 0.000010 0.000010 0.385169 0.022949
0.417991 0.000010 0.000010 0.000010 0.049327 0.000010 0.182801 0.349832 0.000010
0.406691 0.131827 0.000010 0.000010 0.000010 0.000010 0.000010 0.426155 0.035277
0.110021 0.099832 0.018513 0.131740 0.000010 0.043770 0.163418 0.372336 0.060361
0.281596 0.007644 0.029969 0.000010 0.000010 0.058536 0.017100 0.555383 0.049753
0.358805 0.000010 0.000010 0.083053 0.000010 0.060785 0.109567 0.387750 0.000010
0.291183 0.000010 0.116297 0.157657 0.024990 0.003466 0.000010 0.402502 0.003885
0.166565 0.000010 0.000010 0.128119 0.015542 0.007234 0.038050 0.644460 0.000010
0.095254 0.016210 0.000010 0.060332 0.000010 0.000010 0.150093 0.676332 0.001749
0.115222 0.000010 0.177187 0.054577 0.010838 0.000010 0.146293 0.495853 0.000010
0.129923 0.083287 0.018159 0.117725 0.000010 0.000010 0.245571 0.405305 0.000010
0.000010 0.158877 0.000010 0.008888 0.000010 0.000010 0.225286 0.606261 0.000648
0.337606 0.000010 0.000010 0.068903 0.000010 0.000010 0.106112 0.487329 0.000010
0.119640 0.098085 0.000010 0.000010 0.036887 0.004195 0.163339 0.556576 0.021260
0.048471 0.035164 0.000010 0.043245 0.000010 0.044472 0.066511 0.383184 0.378932
0.279336 0.051571 0.000010 0.035578 0.000010 0.000010 0.161578 0.471897 0.000010
0.315732 0.000010 0.000010 0.011867 0.058913 0.040315 0.095413 0.477731 0.000010
0.000010 0.082026 0.000010 0.217537 0.237699 0.029803 0.138172 0.294734 0.000010
0.344096 0.000010 0.000010 0.000010 0.000010 0.000010 0.208599 0.447245 0.000010
0.407841 0.048355 0.000010 0.000010 0.000010 0.000010 0.044152 0.460878 0.038734
0.192557 0.017573 0.000010 0.000010 0.000010 0.000010 0.323395 0.466424 0.000010
0.236170 0.016903 0.042008 0.050032 0.000010 0.021778 0.213094 0.419995 0.000010
0.084009 0.000010 0.000010 0.195475 0.000010 0.000010 0.265205 0.455260 0.000010
0.254557 0.000010 0.115177 0.137319 0.000010 0.011022 0.098422 0.383473 0.000010
0.215802 0.000010 0.000010 0.170888 0.000010 0.001648 0.148412 0.415930 0.047290
0.201201 0.000010 0.001545 0.000010 0.117862 0.000010 0.201961 0.433409 0.043992
0.284300 0.086710 0.017588 0.176975 0.000010 0.034525 0.014621 0.380227 0.005043
0.141602 0.000010 0.244601 0.149925 0.000010 0.000010 0.060904 0.320165 0.082773
0.304714 0.014684 0.000010 0.036999 0.086361 0.000010 0.146416 0.410796 0.000010
0.358873 0.000010 0.093507 0.028624 0.018512 0.000010 0.130046 0.370408 0.000010
0.000010 0.006068 0.000010 0.000010 0.216333 0.077593 0.022324 0.677642 0.000010
0.254925 0.000010 0.000010 0.088086 0.020421 0.000010 0.193004 0.443524 0.000010
0.176993 0.000010 0.028679 0.101535 0.000010 0.035934 0.175906 0.480923 0.000010
0.000010 0.000010 0.000010 0.235493 0.000010 0.116873 0.247617 0.399967 0.000010
0.138795 0.000010 0.000010 0.163296 0.099641 0.000010 0.030654 0.506026 0.061558
0.284104 0.002915 0.115449 0.091138 0.000010 0.000010 0.124610 0.381753 0.000010
0.268930 0.130108 0.000010 0.000010 0.012780 0.000010 0.196797 0.391345 0.000010
0.000010 0.111033 0.027418 0.149310 0.000010 0.000010 0.173514 0.538685 0.000010
0.290982 0.000010 0.006904 0.217214 0.000010 0.007256 0.104229 0.325581 0.047815
0.408784 0.074454 0.160012 0.000010 0.000010 0.000010 0.000010 0.356700 0.000010
0.094640 0.108896 0.000010 0.183183 0.000010 0.000010 0.200638 0.377184 0.035429
0.425047 0.000010 0.132601 0.000010 0.000010 0.000010 0.000010 0.332610 0.109692
0.341188 0.000010 0.133348 0.032521 0.029963 0.000010 0.072709 0.390241 0.000010
0.267753 0.000010 0.000010 0.215588 0.000010 0.009056 0.168565 0.287505 0.051503
0.225639 0.000010 0.042759 0.000010 0.100422 0.039849 0.011223 0.580078 0.000010
0.447563 0.000010 0.036119 0.192859 0.087258 0.000010 0.020751 0.215421 0.000010
0.054232 0.003323 0.022834 0.254970 0.041288 0.050826 0.000010 0.572507 0.000010
0.199826 0.000010 0.067475 0.143636 0.120717 0.000010 0.160096 0.308220 0.000010
0.206226 0.000010 0.000010 0.141167 0.002147 0.018248 0.139216 0.492966 0.000010
0.011816 0.011140 0.156619 0.244843 0.000010 0.000010 0.102160 0.431268 0.042134
0.212174 0.069230 0.026107 0.091613 0.000010 0.125993 0.083270 0.391593 0.000010
0.267910 0.000010 0.035016 0.020769 0.010481 0.080078 0.071497 0.514229 0.000010
0.230069 0.000010 0.013554 0.000010 0.051103 0.000010 0.208581 0.487444 0.009219
0.124378 0.095503 0.000010 0.082176 0.028152 0.000010 0.183063 0.486697 0.000010
0.227982 0.127196 0.000010 0.000010 0.049897 0.005629 0.043865 0.545401 0.000010
0.119097 0.012185 0.080854 0.139653 0.000010 0.000010 0.157360 0.490821 0.000010
0.067879 0.199011 0.000010 0.090486 0.000010 0.000010 0.150579 0.492005 0.000010
0.262844 0.006723 0.070687 0.000010 0.130437 0.000010 0.000010 0.529268 0.000010
0.102707 0.071618 0.028895 0.129347 0.000010 0.000010 0.095280 0.556840 0.015293
0.159449 0.231254 0.052513 0.000010 0.000010 0.000010 0.106831 0.357311 0.092613
0.151842 0.003684 0.006919 0.006440 0.103761 0.000010 0.054505 0.638295 0.034546
0.032347 0.092532 0.101085 0.188626 0.000010 0.013797 0.000010 0.405547 0.166045
0.093122 0.000010 0.018787 0.142603 0.070523 0.000010 0.010544 0.664391 0.000010
0.046345 0.024190 0.000010 0.105499 0.148621 0.000010 0.149744 0.525571 0.000010
0.265595 0.067973 0.000010 0.000010 0.126197 0.000010 0.000010 0.540185 0.000010
0.286973 0.124170 0.000010 0.000010 0.000010 0.000010 0.000010 0.588797 0.000010
0.033075 0.023050 0.238770 0.156297 0.065189 0.000010 0.000010 0.450140 0.033459
0.028212 0.087293 0.000010 0.000010 0.168221 0.000010 0.100126 0.480587 0.135533
0.078444 0.076290 0.041305 0.000010 0.030163 0.060544 0.098831 0.612293 0.002121
0.340723 0.202554 0.018513 0.000010 0.000010 0.000010 0.074061 0.364110 0.000010
0.242724 0.000010 0.000010 0.037978 0.081076 0.000010 0.065009 0.573174 0.000010
0.299655 0.084650 0.118531 0.000010 0.026080 0.000010 0.018630 0.452423 0.000010
0.247465 0.128247 0.000010 0.260440 0.053796 0.000010 0.052474 0.257547 0.000010
0.245075 0.081913 0.000010 0.167169 0.056386 0.036998 0.053282 0.359157 0.000010
0.082595 0.000010 0.109717 0.153832 0.000010 0.000010 0.175573 0.478243 0.000010
0.335900 0.000010 0.004888 0.000010 0.191321 0.026554 0.185968 0.154308 0.101041
0.185014 0.000010 0.000010 0.192945 0.000010 0.059160 0.243972 0.317074 0.001805
0.048003 0.000010 0.104259 0.154897 0.000010 0.029273 0.204232 0.459306 0.000010
0.240336 0.014265 0.068183 0.054066 0.000010 0.000010 0.113208 0.451166 0.058757
0.277423 0.000010 0.010265 0.000010 0.024566 0.000010 0.172863 0.514842 0.000010
0.000010 0.000010 0.124266 0.117270 0.056554 0.000010 0.237335 0.464534 0.000010
0.192830 0.001889 0.000010 0.000010 0.000010 0.000010 0.245017 0.560213 0.000010
0.150368 0.130116 0.000010 0.137526 0.000010 0.000010 0.025127 0.551002 0.005830
0.077238 0.000010 0.145531 0.045450 0.163574 0.000010 0.183648 0.384530 0.000010
0.210344 0.000010 0.109213 0.324450 0.107901 0.000010 0.174674 0.073388 0.000010
0.347608 0.009483 0.078816 0.014215 0.085912 0.009462 0.010109 0.444385 0.000010
0.000010 0.023626 0.162527 0.214015 0.000010 0.000889 0.053399 0.545515 0.000010
0.297659 0.023217 0.000010 0.129903 0.143167 0.047612 0.066369 0.231447 0.060616
0.206784 0.081981 0.164228 0.048815 0.000010 0.000010 0.117996 0.380165 0.000010
0.161478 0.000010 0.115851 0.000010 0.057448 0.016534 0.099994 0.454586 0.094089
0.263846 0.030684 0.000010 0.076053 0.027182 0.012359 0.104218 0.480009 0.005639
0.299863 0.000010 0.142311 0.000553 0.125802 0.000010 0.022818 0.408622 0.000010
0.000010 0.000010 0.000010 0.109411 0.181351 0.000010 0.195491 0.457611 0.056096
0.112680 0.000010 0.000010 0.139931 0.000010 0.007496 0.225992 0.464472 0.049399
0.040046 0.087103 0.051211 0.172018 0.000010 0.050011 0.251623 0.324402 0.023576
0.394040 0.000010 0.098356 0.034680 0.000010 0.000010 0.154395 0.318490 0.000010
0.253663 0.000010 0.000010 0.023278 0.033120 0.000010 0.136998 0.552902 0.000010
0.047115 0.000010 0.096675 0.152590 0.000010 0.000010 0.245107 0.458472 0.000010
0.281135 0.006416 0.116014 0.000010 0.086250 0.000010 0.097193 0.412962 0.000010
0.000010 0.000010 0.000010 0.290214 0.000010 0.066329 0.208802 0.434605 0.000010
0.000010 0.000010 0.000010 0.000010 0.000010 0.512907 0.000010 0.017120 0.469913
0.000010 0.000010 0.000010 0.000010 0.000010 0.482876 0.000010 0.000010 0.517054
0.000010 0.005681 0.000010 0.000010 0.029032 0.412384 0.007078 0.000010 0.545785
0.032026 0.000010 0.000010 0.000010 0.000010 0.316571 0.000010 0.000010 0.651342
0.000010 0.000010 0.000010 0.000010 0.000010 0.378233 0.000010 0.032128 0.589579
0.000010 0.000010 0.002260 0.000010 0.000010 0.360382 0.000337 0.018851 0.618130
0.000010 0.009451 0.000010 0.000010 0.000010 0.400696 0.000010 0.000010 0.589793
0.000010 0.036736 0.000010 0.000010 0.000010 0.309474 0.000010 0.000010 0.653730
0.000010 0.054176 0.000010 0.000010 0.000010 0.361817 0.000010 0.000010 0.583946
0.000010 0.000010 0.000010 0.000010 0.000010 0.245156 0.029005 0.000010 0.725779
0.000010 0.000010 0.000010 0.043312 0.000010 0.365188 0.000010 0.000010 0.591439
0.000010 0.000010 0.000010 0.000010 0.000010 0.411695 0.000010 0.000010 0.588235
0.000010 0.042674 0.000010 0.000010 0.000010 0.412197 0.000010 0.006977 0.538103
0.000010 0.000010 0.000010 0.000010 0.013930 0.265815 0.000010 0.000010 0.720196
0.039178 0.000010 0.000010 0.000010 0.000010 0.298389 0.000010 0.000010 0.662373
0.000010 0.000010 0.000010 0.028291 0.000010 0.494303 0.000010 0.016573 0.460783
0.000010 0.000010 0.000010 0.000010 0.000010 0.379825 0.000010 0.054662 0.565452
0.000010 0.000010 0.000010 0.000010 0.000010 0.557897 0.000010 0.000010 0.442033
0.000010 0.025925 0.000010 0.000010 0.000010 0.299478 0.000010 0.011741 0.662806
0.000010 0.000010 0.000010 0.037467 0.000010 0.136030 0.000010 0.000010 0.826443
0.000010 0.000010 0.000010 0.000010 0.000010 0.538691 0.000010 0.000010 0.461239
0.000010 0.000010 0.000011 0.049934 0.000010 0.411578 0.000010 0.000010 0.538427
0.000010 0.082644 0.000010 0.000010 0.000010 0.265481 0.010259 0.000010 0.641566
0.000010 0.000010 0.031215 0.000010 0.000010 0.558400 0.000010 0.000010 0.410326
0.000010 0.000010 0.000010 0.000010 0.000010 0.398021 0.000010 0.027146 0.574773
0.000010 0.000010 0.000010 0.000010 0.000010 0.484348 0.000010 0.000010 0.515582
0.000010 0.000010 0.000010 0.013786 0.003030 0.526579 0.000010 0.000010 0.456555
0.000010 0.000010 0.003331 0.000010 0.000010 0.302275 0.000010 0.006580 0.687764
0.000010 0.047700 0.090082 0.000010 0.697638 0.000010 0.164530 0.000010 0.000010
0.087976 0.000010 0.074196 0.575836 0.000010 0.000010 0.069439 0.192512 0.000010
0.486705 0.000010 0.000010 0.166797 0.174687 0.038557 0.088540 0.044683 0.000010
0.466525 0.095905 0.000010 0.421986 0.000010 0.000010 0.015534 0.000010 0.000010
0.485210 0.100086 0.038814 0.251422 0.000010 0.000010 0.000010 0.124428 0.000010
0.196570 0.084769 0.000010 0.466404 0.046215 0.043417 0.000010 0.162594 0.000010
0.344413 0.000010 0.000010 0.262355 0.000010 0.000010 0.000010 0.393172 0.000010
0.243563 0.059710 0.079069 0.262161 0.058088 0.000010 0.053318 0.233387 0.010693
0.310018 0.029974 0.000010 0.196240 0.035316 0.042212 0.048425 0.337794 0.000010
0.358126 0.094617 0.000010 0.302195 0.000010 0.062189 0.000010 0.140780 0.042063
0.435504 0.019887 0.000010 0.186411 0.089324 0.000010 0.000010 0.260343 0.008501
0.399227 0.119088 0.097206 0.266979 0.000010 0.000010 0.000010 0.117459 0.000010
0.291873 0.078037 0.000010 0.270214 0.015182 0.000010 0.052651 0.263723 0.028300
0.105740 0.009231 0.039891 0.539195 0.001237 0.000010 0.000010 0.219587 0.085097
0.601585 0.000010 0.000010 0.128125 0.078607 0.000010 0.118573 0.073070 0.000010
0.610197 0.000010 0.000010 0.229950 0.129281 0.000010 0.000010 0.030521 0.000010
0.084945 0.013531 0.023301 0.538252 0.000010 0.000010 0.044177 0.223584 0.072191
0.311490 0.000010 0.080265 0.222418 0.035977 0.000010 0.000010 0.349811 0.000010
0.063931 0.000010 0.135356 0.505941 0.022065 0.000010 0.000010 0.254977 0.017701
0.239729 0.021612 0.000010 0.331055 0.071801 0.000010 0.110410 0.225363 0.000010
0.463232 0.000010 0.000010 0.329828 0.000010 0.070877 0.000010 0.105856 0.030167
0.355972 0.000010 0.000010 0.206901 0.004695 0.000010 0.060914 0.371478 0.000010
0.366529 0.172884 0.000010 0.201373 0.000010 0.000010 0.046711 0.212463 0.000010
0.191240 0.000010 0.167668 0.354865 0.113327 0.070261 0.000010 0.069825 0.032794
0.299439 0.000010 0.000499 0.599443 0.040761 0.000010 0.000010 0.059818 0.000010
0.413860 0.089168 0.049784 0.392240 0.006157 0.000010 0.040048 0.008723 0.000010
0.315402 0.000010 0.152422 0.408877 0.000010 0.034693 0.088565 0.000010 0.000010
0.322697 0.000010 0.000010 0.352445 0.000010 0.000010 0.000010 0.292229 0.032578
0.149643 0.000010 0.005753 0.471299 0.000010 0.000010 0.034701 0.338065 0.000509
0.001107 0.009000 0.000010 0.000010 0.967784 0.000010 0.022059 0.000010 0.000010
0.030683 0.000010 0.000010 0.000010 0.969247 0.000010 0.000010 0.000010 0.000010
0.000010 0.000010 0.028697 0.000010 0.930873 0.000010 0.029521 0.010859 0.000010
0.033795 0.000010 0.000010 0.000010 0.956474 0.009667 0.000010 0.000014 0.000010
0.000010 0.217801 0.000010 0.073642 0.674027 0.000010 0.019217 0.015272 0.000010
0.000010 0.000010 0.000010 0.000010 0.974276 0.000010 0.000010 0.025654 0.000010
0.000010 0.000010 0.000010 0.000010 0.969874 0.000010 0.017930 0.012136 0.000010
0.000010 0.000010 0.000010 0.000010 0.999920 0.000010 0.000010 0.000010 0.000010
0.000010 0.000010 0.000010 0.000010 0.961821 0.038109 0.000010 0.000010 0.000010
0.000010 0.000010 0.000010 0.000010 0.969163 0.000010 0.000010 0.000010 0.030767
0.000010 0.000010 0.000010 0.000010 0.966767 0.000010 0.033163 0.000010 0.000010
0.000010 0.000010 0.000010 0.000010 0.955420 0.005091 0.039428 0.000010 0.000010
0.000010 0.000010 0.000010 0.000010 0.999920 0.000010 0.000010 0.000010 0.000010
0.000010 0.000010 0.000010 0.000010 0.936650 0.014003 0.028151 0.021145 0.000010
0.000010 0.000010 0.000010 0.000010 0.999920 0.000010 0.000010 0.000010 0.000010
0.000010 0.000010 0.000010 0.000010 0.999920 0.000010 0.000010 0.000010 0.000010
0.000010 0.000010 0.000010 0.000010 0.929249 0.023600 0.047091 0.000010 0.000010
0.534465 0.077202 0.000010 0.051640 0.000010 0.000010 0.000489 0.336164 0.000010
0.594568 0.036560 0.003112 0.057503 0.000017 0.000010 0.000010 0.182908 0.125312
0.519391 0.000010 0.000010 0.000010 0.000010 0.000010 0.155357 0.325192 0.000010
0.516062 0.000010 0.000010 0.115621 0.000010 0.000010 0.055492 0.267353 0.045432
0.379970 0.000010 0.047338 0.059749 0.000010 0.000010 0.077772 0.354030 0.081110
0.564768 0.000010 0.000010 0.108151 0.056082 0.000010 0.000010 0.252639 0.018320
0.345674 0.000010 0.000010 0.104748 0.040700 0.046747 0.000010 0.395754 0.066346
0.407702 0.000010 0.000012 0.049694 0.000010 0.062931 0.170297 0.114011 0.195333
0.509297 0.045349 0.036239 0.083006 0.000010 0.000010 0.093572 0.232507 0.000010
0.484620 0.000010 0.039731 0.225310 0.000010 0.000649 0.000010 0.249650 0.000010
0.415214 0.074574 0.000010 0.124032 0.000010 0.000010 0.000010 0.386129 0.000010
0.298697 0.000010 0.011675 0.202037 0.000010 0.000010 0.129126 0.213594 0.144841
0.549777 0.000010 0.011596 0.117542 0.000010 0.000010 0.095876 0.225170 0.000010
0.312418 0.000010 0.000010 0.097318 0.000010 0.000010 0.000010 0.590204 0.000010
0.487882 0.000010 0.000010 0.000010 0.063514 0.000010 0.000010 0.448544 0.000010
0.509227 0.000010 0.071592 0.113553 0.000010 0.000010 0.000010 0.305577 0.000010
0.594324 0.000010 0.000010 0.000010 0.000010 0.000010 0.000010 0.405606 0.000010
0.594577 0.038084 0.000010 0.000010 0.111650 0.000010 0.018294 0.173727 0.063638
0.384468 0.000010 0.000010 0.147626 0.000010 0.000010 0.127366 0.315821 0.024679
0.374420 0.075794 0.045546 0.014229 0.000010 0.011762 0.000010 0.338813 0.139416
0.412562 0.128893 0.000010 0.057184 0.057409 0.000010 0.000010 0.320317 0.023604
0.638096 0.000010 0.006359 0.051157 0.117077 0.023985 0.000010 0.163297 0.000010
0.633122 0.085250 0.002539 0.000010 0.000010 0.000010 0.080299 0.198749 0.000010
0.442426 0.001176 0.140152 0.074042 0.000010 0.000010 0.050477 0.291698 0.000010
0.517990 0.000010 0.000010 0.074834 0.000010 0.018811 0.000010 0.372997 0.015328
0.290258 0.008696 0.019013 0.184020 0.016552 0.000010 0.075039 0.406402 0.000010
0.564891 0.000010 0.023813 0.165560 0.000010 0.000010 0.002648 0.243047 0.000010
0.582825 0.000010 0.000010 0.012330 0.058597 0.081357 0.000010 0.264851 0.000010
0.474634 0.000010 0.040737 0.100179 0.000010 0.000010 0.099658 0.284752 0.000010
0.363716 0.033146 0.000010 0.023423 0.000010 0.000010 0.037045 0.291142 0.251498
0.368578 0.053413 0.183966 0.144806 0.000010 0.000010 0.000010 0.249198 0.000010
0.590484 0.026847 0.000010 0.105900 0.011393 0.000010 0.000010 0.265336 0.000010
0.471433 0.000010 0.006557 0.000010 0.117262 0.135249 0.000010 0.218395 0.051073
0.449625 0.032492 0.211905 0.000010 0.121942 0.106058 0.000010 0.077949 0.000010
0.578423 0.108443 0.001938 0.000010 0.000010 0.000010 0.003160 0.307996 0.000010
0.657549 0.000010 0.000010 0.081178 0.000010 0.000010 0.110144 0.151080 0.000010
0.688202 0.000010 0.000010 0.000010 0.096383 0.000010 0.056207 0.149260 0.009908
0.306299 0.000010 0.000010 0.341324 0.000010 0.000010 0.000010 0.352317 0.000010
0.509993 0.023142 0.000010 0.147352 0.000010 0.000010 0.063529 0.255944 0.000010
0.460254 0.000010 0.000010 0.071460 0.045631 0.000010 0.000010 0.319126 0.103489
0.323221 0.000010 0.042398 0.117736 0.017332 0.000010 0.090756 0.408527 0.000010
0.327676 0.000010 0.000010 0.104939 0.000010 0.000010 0.062831 0.504505 0.000010
0.618656 0.000010 0.000010 0.000010 0.067870 0.000010 0.000010 0.151207 0.162217
0.631093 0.034774 0.115733 0.000010 0.000010 0.000010 0.000010 0.125841 0.092519
0.578274 0.016368 0.028509 0.055113 0.000010 0.000010 0.000010 0.112688 0.209018
0.627940 0.000010 0.073228 0.000010 0.002234 0.000010 0.018590 0.078626 0.199352
0.532299 0.013235 0.000010 0.000010 0.120114 0.118934 0.000010 0.136780 0.078608
0.623144 0.044255 0.000010 0.236223 0.000010 0.038379 0.000010 0.034042 0.023926
0.667601 0.000010 0.000010 0.021367 0.021444 0.004931 0.000010 0.202639 0.081988
0.572113 0.000010 0.068987 0.146076 0.000010 0.026355 0.002823 0.183617 0.000010
0.341518 0.121355 0.000010 0.071218 0.020901 0.021508 0.000010 0.307989 0.115491
0.409462 0.000010 0.189648 0.000010 0.054679 0.000010 0.000010 0.186241 0.159930
0.664111 0.093239 0.055506 0.000010 0.032501 0.000010 0.000502 0.154033 0.000089
0.544147 0.121628 0.000010 0.000010 0.000010 0.004767 0.001542 0.258577 0.069309
0.656213 0.000010 0.000010 0.033183 0.017768 0.000010 0.000010 0.186791 0.106006
0.152888 0.016966 0.000010 0.000010 0.000010 0.000010 0.018458 0.033459 0.778188
0.701999 0.000010 0.000010 0.000010 0.059758 0.080906 0.000010 0.079640 0.077657
0.632730 0.000010 0.037870 0.108348 0.000010 0.000010 0.000010 0.113175 0.107836
0.345517 0.163857 0.000010 0.109143 0.007859 0.060444 0.000010 0.099361 0.213799
0.429510 0.016578 0.000010 0.032313 0.000010 0.105533 0.000010 0.416026 0.000010
0.357086 0.071694 0.000010 0.065086 0.000010 0.078833 0.091535 0.335735 0.000010
0.482846 0.184823 0.000010 0.067970 0.018703 0.025264 0.053509 0.166864 0.000010
0.405770 0.133203 0.000010 0.186412 0.000010 0.002033 0.000010 0.106824 0.165729
0.653129 0.000010 0.000010 0.000010 0.000010 0.008497 0.039121 0.299202 0.000010
0.607754 0.000010 0.150692 0.000010 0.021853 0.034557 0.060354 0.000010 0.124761
0.706221 0.000010 0.000010 0.045255 0.000010 0.065107 0.069232 0.114145 0.000010
0.370173 0.037171 0.000010 0.000010 0.000010 0.080365 0.000010 0.375825 0.136425
0.640806 0.059644 0.013972 0.000010 0.011393 0.000010 0.000010 0.274145 0.000010
0.593224 0.000010 0.000010 0.000010 0.063754 0.059377 0.031699 0.174837 0.077078
0.427717 0.011755 0.011655 0.073604 0.000010 0.000010 0.061111 0.236832 0.177307
0.618080 0.000010 0.000010 0.000010 0.000010 0.040488 0.000010 0.320991 0.020391
0.453702 0.000010 0.000010 0.101060 0.000010 0.000010 0.013842 0.431346 0.000010
0.462977 0.074043 0.000010 0.000010 0.000010 0.019428 0.088340 0.198404 0.156777
0.442017 0.000010 0.000010 0.004350 0.015156 0.063031 0.000010 0.358096 0.117320
0.493534 0.108021 0.000010 0.000010 0.026109 0.000010 0.000010 0.205338 0.166958
0.655619 0.000010 0.136094 0.000010 0.000010 0.084786 0.000010 0.028993 0.094467
0.451595 0.006311 0.130583 0.041266 0.090696 0.034284 0.000010 0.043897 0.201358
0.673916 0.000010 0.052349 0.019888 0.000010 0.000010 0.000010 0.149299 0.104507
0.519712 0.017633 0.140538 0.000010 0.032666 0.000010 0.000010 0.233416 0.056004
0.342481 0.055613 0.000010 0.093484 0.000010 0.027057 0.011425 0.209225 0.260695
0.600367 0.051197 0.000010 0.000010 0.040538 0.000010 0.090475 0.028897 0.188496
0.665979 0.000010 0.089263 0.000010 0.063844 0.000010 0.000010 0.180863 0.000010
0.479768 0.000010 0.198656 0.058348 0.069590 0.000010 0.000010 0.117698 0.075910
0.741981 0.078278 0.000010 0.036470 0.109145 0.000010 0.000010 0.034086 0.000010
0.424057 0.000010 0.052470 0.035372 0.000010 0.104483 0.086495 0.166496 0.130608
0.670308 0.007012 0.032263 0.000010 0.000010 0.000010 0.000010 0.290367 0.000010
0.474570 0.024987 0.000010 0.116803 0.088714 0.000010 0.000010 0.277162 0.017733
0.000010 0.000010 0.000010 0.000010 0.835093 0.020309 0.144538 0.000010 0.000010
0.000010 0.000010 0.076949 0.000010 0.846319 0.000010 0.063868 0.000010 0.012815
0.000010 0.000010 0.013755 0.000010 0.951568 0.000010 0.034617 0.000010 0.000010
0.000010 0.069272 0.004479 0.000010 0.647224 0.000010 0.278975 0.000010 0.000010
0.000010 0.000010 0.000010 0.000010 0.824482 0.000010 0.175448 0.000010 0.000010
0.031085 0.000010 0.000010 0.020928 0.831595 0.000010 0.107945 0.008407 0.000010
0.000010 0.017450 0.059587 0.000010 0.838009 0.028986 0.050917 0.005022 0.000010
0.478425 0.178873 0.000010 0.267351 0.005303 0.000010 0.041618 0.028400 0.000010
0.490546 0.044230 0.017223 0.374009 0.000010 0.000010 0.001298 0.072664 0.000010
0.645592 0.000010 0.000010 0.064992 0.000010 0.030478 0.087779 0.171118 0.000010
0.498517 0.033407 0.163738 0.096518 0.000010 0.000010 0.041559 0.166230 0.000010
0.041699 0.025500 0.053764 0.508650 0.064425 0.059207 0.043485 0.190496 0.012774
0.143548 0.092461 0.016189 0.493330 0.014771 0.000010 0.083507 0.156174 0.000010
0.648936 0.000010 0.018067 0.096092 0.080508 0.000010 0.105473 0.050894 0.000010
0.519463 0.000010 0.148897 0.202062 0.000010 0.000010 0.012060 0.117479 0.000010
0.476192 0.000010 0.000010 0.325542 0.000010 0.015905 0.072529 0.109792 0.000010
0.502710 0.000010 0.039812 0.206624 0.160185 0.000010 0.000010 0.090628 0.000010
0.512834 0.029165 0.051942 0.000010 0.000010 0.022189 0.000010 0.348540 0.035299
0.503983 0.047251 0.000010 0.000010 0.000010 0.076235 0.000010 0.312916 0.059575
0.266497 0.000010 0.000010 0.000010 0.010278 0.088226 0.000010 0.389661 0.245298
0.570369 0.000010 0.000010 0.139083 0.000010 0.000010 0.051733 0.213858 0.024917
0.504507 0.080083 0.000010 0.012133 0.000010 0.074229 0.037921 0.233525 0.057583
0.543695 0.000010 0.013312 0.159098 0.000010 0.078910 0.000010 0.113693 0.091261
0.439020 0.000012 0.015851 0.000010 0.003032 0.000010 0.075336 0.392256 0.074472
0.606594 0.000010 0.000010 0.000010 0.000010 0.000010 0.132652 0.215354 0.045350
0.563233 0.018846 0.016230 0.000010 0.000010 0.000010 0.042766 0.203855 0.155039
0.601591 0.000010 0.000010 0.000010 0.000010 0.000010 0.116255 0.236675 0.045429
0.384363 0.105821 0.034491 0.026421 0.000010 0.036408 0.056586 0.355889 0.000010
0.516100 0.025385 0.052212 0.052169 0.000010 0.000010 0.000010 0.302267 0.051837
0.430376 0.000010 0.200379 0.000010 0.000010 0.000010 0.000010 0.327197 0.041998
0.495667 0.000010 0.080199 0.057145 0.000010 0.000010 0.030364 0.259423 0.077172
0.368188 0.000010 0.006353 0.184172 0.000010 0.014277 0.000010 0.403086 0.023893
0.444094 0.000010 0.000010 0.000010 0.040793 0.000010 0.132002 0.383061 0.000010
0.472829 0.000010 0.009660 0.219852 0.035544 0.000010 0.000010 0.107784 0.154301
0.536617 0.031638 0.000010 0.000010 0.000010 0.000010 0.000010 0.311499 0.120196
0.354699 0.000010 0.000010 0.000010 0.000010 0.030068 0.171920 0.358796 0.084478
0.422919 0.000010 0.000010 0.056188 0.062119 0.000010 0.093782 0.352724 0.012238
0.523211 0.016404 0.018279 0.000010 0.000010 0.076012 0.000010 0.366055 0.000010
0.355238 0.098365 0.000010 0.080157 0.000010 0.129794 0.000010 0.336405 0.000010
0.496732 0.000010 0.005488 0.138679 0.000010 0.000010 0.091157 0.267904 0.000010
0.592943 0.053525 0.000010 0.000010 0.000010 0.000010 0.021463 0.287132 0.044898
0.575870 0.000011 0.005634 0.025892 0.048053 0.000010 0.156875 0.187646 0.000010
0.000010 0.738540 0.193108 0.000010 0.000010 0.000010 0.036370 0.031932 0.000010
0.000010 0.705498 0.098471 0.084401 0.000010 0.000010 0.108864 0.002726 0.000010
0.009295 0.897258 0.000010 0.054816 0.022065 0.000010 0.000010 0.016527 0.000010
0.000010 0.857330 0.104282 0.000010 0.000010 0.000010 0.017502 0.020835 0.000010
0.114479 0.000010 0.414990 0.013075 0.000010 0.000010 0.457407 0.000010 0.000010
0.000010 0.000010 0.440214 0.000010 0.037522 0.000010 0.436919 0.000010 0.085295
0.000010 0.000010 0.380153 0.052337 0.088184 0.011792 0.419615 0.047890 0.000010
0.000010 0.000010 0.730515 0.065664 0.078019 0.000010 0.125752 0.000010 0.000010
0.000010 0.000010 0.449715 0.065254 0.043835 0.000010 0.357552 0.083603 0.000010
0.000010 0.000010 0.408632 0.000010 0.000010 0.000010 0.328929 0.262379 0.000010
0.065454 0.037295 0.285221 0.000017 0.057803 0.000010 0.548352 0.005837 0.000010
0.070280 0.064757 0.428005 0.000010 0.115974 0.020670 0.300284 0.000010 0.000010
0.008571 0.138117 0.420546 0.000010 0.000010 0.000010 0.347498 0.070913 0.014324
0.000010 0.000010 0.296133 0.000010 0.212593 0.000010 0.316188 0.175035 0.000010
0.470953 0.037656 0.008904 0.093225 0.000010 0.043841 0.000010 0.263931 0.081470
0.633145 0.043763 0.000010 0.001359 0.000010 0.000010 0.021159 0.236073 0.064471
0.447626 0.000010 0.000010 0.013298 0.118112 0.049657 0.000010 0.312132 0.059146
0.531782 0.002141 0.000010 0.026371 0.004428 0.000010 0.029647 0.313728 0.091884
0.684180 0.000010 0.018471 0.000010 0.008346 0.013538 0.000010 0.275426 0.000010
0.574929 0.098083 0.000010 0.000010 0.084167 0.000010 0.000010 0.198913 0.043868
0.336409 0.027186 0.045104 0.000010 0.000010 0.000010 0.092162 0.460063 0.039046
0.485994 0.018846 0.000010 0.020011 0.113725 0.000010 0.091647 0.269747 0.000010
0.493179 0.046311 0.000010 0.000010 0.000010 0.000493 0.000010 0.408858 0.051119
0.514928 0.000010 0.000010 0.043376 0.000010 0.000010 0.061367 0.380280 0.000010
0.479740 0.100421 0.017822 0.000010 0.000010 0.000010 0.000010 0.322788 0.079189
0.574780 0.020089 0.082654 0.035542 0.001790 0.006546 0.000805 0.149887 0.127907
0.412778 0.000010 0.000010 0.000010 0.000010 0.041147 0.036717 0.436098 0.073220
0.412069 0.000010 0.000010 0.022797 0.051831 0.044749 0.172782 0.272648 0.023104
0.485052 0.014807 0.000010 0.000010 0.000010 0.000010 0.000010 0.410250 0.089841
0.393765 0.000010 0.055705 0.120073 0.042902 0.105621 0.000010 0.175299 0.106614
0.342102 0.040669 0.000010 0.036299 0.000010 0.020551 0.000010 0.399697 0.160652
0.731859 0.061110 0.000010 0.000010 0.039941 0.011829 0.058957 0.096274 0.000010
0.493692 0.015830 0.000010 0.119453 0.110316 0.000010 0.000010 0.190496 0.070183
0.390461 0.000010 0.093386 0.000010 0.000010 0.065790 0.000010 0.424473 0.025851
0.328840 0.000010 0.132532 0.124637 0.000010 0.046793 0.039406 0.327762 0.000010
0.000010 0.090628 0.648724 0.000015 0.000010 0.000010 0.221019 0.039574 0.000010
0.014118 0.000010 0.742615 0.000010 0.000010 0.000010 0.237969 0.005248 0.000010
0.000010 0.002187 0.628294 0.000010 0.000010 0.000010 0.369459 0.000010 0.000010
0.000010 0.011665 0.717592 0.013805 0.029310 0.000010 0.227587 0.000010 0.000010
0.000010 0.000010 0.484750 0.095006 0.089253 0.000010 0.311347 0.019604 0.000010
0.000010 0.000010 0.558192 0.000010 0.090492 0.015475 0.269055 0.065372 0.001385
0.000010 0.000010 0.701612 0.010622 0.019374 0.000010 0.268342 0.000010 0.000010
0.050049 0.000010 0.610065 0.000010 0.185478 0.000010 0.154358 0.000010 0.000010
0.000015 0.105054 0.797718 0.000010 0.031406 0.000010 0.056879 0.000010 0.008897
0.000010 0.000010 0.661002 0.000010 0.003308 0.020630 0.287149 0.027871 0.000010
0.000010 0.049934 0.639418 0.000010 0.025119 0.015669 0.269820 0.000010 0.000010
0.000010 0.000010 0.656743 0.040738 0.000010 0.007335 0.290333 0.004811 0.000010
0.000010 0.204080 0.534973 0.085790 0.097737 0.000010 0.077381 0.000010 0.000010
0.000010 0.000010 0.836807 0.000010 0.000010 0.000010 0.163123 0.000010 0.000010
0.000010 0.056150 0.598414 0.042572 0.000010 0.016625 0.239897 0.046313 0.000010
0.000010 0.129193 0.555723 0.000010 0.000010 0.000010 0.274668 0.000010 0.040366
0.011446 0.025484 0.639338 0.000010 0.000010 0.000010 0.320196 0.003496 0.000010
0.000010 0.010435 0.718224 0.000010 0.022560 0.000010 0.245746 0.002995 0.000010
0.000010 0.041229 0.687055 0.000010 0.068429 0.097396 0.105851 0.000010 0.000010
0.000010 0.000010 0.629433 0.000010 0.000010 0.043213 0.249322 0.077982 0.000010
0.000010 0.000010 0.788430 0.000010 0.024842 0.000010 0.098294 0.088385 0.000010
0.000010 0.000010 0.762448 0.000010 0.051780 0.000010 0.144208 0.000010 0.041515
0.000010 0.002408 0.604232 0.061931 0.101815 0.017720 0.211865 0.000010 0.000010
0.000010 0.000010 0.608754 0.000010 0.000010 0.000010 0.391176 0.000010 0.000010
0.000010 0.000010 0.533593 0.000010 0.098070 0.000010 0.283606 0.084682 0.000010
0.000010 0.000010 0.631237 0.000010 0.000010 0.000010 0.356933 0.011770 0.000010
0.000010 0.000010 0.501726 0.000010 0.121926 0.018685 0.352565 0.005058 0.000010
0.000010 0.000010 0.709791 0.000010 0.000010 0.000010 0.290139 0.000010 0.000010
0.000010 0.092910 0.438210 0.000010 0.064052 0.011990 0.392798 0.000010 0.000010
0.000010 0.054886 0.666198 0.000010 0.000010 0.032321 0.239701 0.006854 0.000010
0.000010 0.058646 0.552511 0.000010 0.000010 0.000010 0.388783 0.000010 0.000010
0.000010 0.000010 0.687776 0.000010 0.028626 0.000010 0.283539 0.000010 0.000010
0.000010 0.050704 0.505493 0.016927 0.000010 0.000010 0.392941 0.000010 0.033895
0.000010 0.000010 0.512090 0.000010 0.127322 0.000010 0.285035 0.059661 0.015852
0.000010 0.000010 0.424250 0.000010 0.057085 0.000010 0.368412 0.130355 0.019858
0.000010 0.000010 0.622886 0.053613 0.000010 0.025844 0.297607 0.000010 0.000010
0.000010 0.032312 0.517143 0.095318 0.004861 0.012109 0.338227 0.000010 0.000010
0.000010 0.104577 0.493485 0.030846 0.112142 0.000010 0.258910 0.000010 0.000010
0.000010 0.009730 0.590551 0.030334 0.000010 0.000010 0.368368 0.000010 0.000978
0.000010 0.015358 0.000010 0.000010 0.763754 0.000010 0.220828 0.000010 0.000010
0.000010 0.000010 0.000010 0.000010 0.960704 0.000010 0.039226 0.000010 0.000010
0.000010 0.000010 0.794957 0.000010 0.000010 0.000010 0.166512 0.038471 0.000010
0.029006 0.094530 0.587139 0.007192 0.010364 0.000010 0.271740 0.000010 0.000010
0.245656 0.036856 0.145646 0.341660 0.000010 0.016564 0.076578 0.132155 0.004875
0.242967 0.000010 0.093972 0.331058 0.089692 0.000010 0.071283 0.166624 0.004384
0.076772 0.164749 0.000010 0.247813 0.000010 0.071049 0.080313 0.359274 0.000010
0.319408 0.058602 0.000010 0.114306 0.113428 0.000010 0.024915 0.302189 0.067131
0.129182 0.000010 0.115754 0.587511 0.014627 0.043125 0.000010 0.109770 0.000010
0.273084 0.030299 0.045811 0.328468 0.042025 0.000010 0.079438 0.200855 0.000010
0.220952 0.093237 0.000010 0.319455 0.062808 0.000010 0.025642 0.277876 0.000010
0.636522 0.033349 0.000010 0.121671 0.000010 0.000010 0.049920 0.158498 0.000010
0.419429 0.028028 0.109452 0.394699 0.000010 0.000010 0.000010 0.048352 0.000010
0.213882 0.065485 0.000010 0.330347 0.051771 0.000010 0.000010 0.338475 0.000010
0.258171 0.016993 0.000010 0.445049 0.057697 0.000010 0.118338 0.103722 0.000010
0.319811 0.000010 0.105974 0.380176 0.000010 0.000010 0.000010 0.193989 0.000010
0.190289 0.124988 0.042867 0.344260 0.000010 0.042992 0.115572 0.139012 0.000010
0.000010 0.000649 0.607188 0.000010 0.085831 0.000010 0.254125 0.004437 0.047741
0.000010 0.000010 0.612431 0.000010 0.000010 0.000010 0.387499 0.000010 0.000010
0.000010 0.000010 0.666095 0.000010 0.037258 0.000010 0.291142 0.000010 0.005455
0.008745 0.089224 0.627560 0.000010 0.000010 0.000010 0.274421 0.000010 0.000010
0.000010 0.099406 0.623691 0.000010 0.000010 0.000010 0.276843 0.000010 0.000010
0.000010 0.000010 0.509171 0.000010 0.147626 0.000010 0.343144 0.000010 0.000010
0.000010 0.151062 0.632213 0.000010 0.000010 0.000010 0.216665 0.000010 0.000010
0.000010 0.000010 0.598088 0.000010 0.000010 0.025218 0.376634 0.000010 0.000010
0.000010 0.000010 0.593983 0.000010 0.000010 0.000010 0.405947 0.000010 0.000010
0.022322 0.091411 0.552278 0.000010 0.044961 0.013351 0.275646 0.000010 0.000010
0.000010 0.000010 0.717085 0.000010 0.000010 0.000010 0.282845 0.000010 0.000010
0.000010 0.000010 0.763138 0.000010 0.068321 0.022602 0.145889 0.000010 0.000010
