0.356253 0.005177 0.037535 0.027723 0.000010 0.028873 0.179930 0.364050 0.000449
0.543763 0.008377 0.000010 0.000010 0.033883 0.000010 0.122133 0.291804 0.000010
0.352686 0.116183 0.000010 0.010190 0.000010 0.000010 0.050755 0.470146 0.000010
0.362824 0.000011 0.000010 0.000010 0.000010 0.021961 0.168491 0.446673 0.000010
0.131592 0.138003 0.012855 0.000010 0.000010 0.045877 0.128119 0.543523 0.000010
0.250675 0.000010 0.000010 0.049616 0.106378 0.079173 0.049516 0.292917 0.171704
0.152475 0.000010 0.000010 0.000010 0.000010 0.101503 0.065455 0.680517 0.000010
0.343927 0.000010 0.000010 0.000010 0.000010 0.000010 0.046888 0.557519 0.051615
0.267276 0.016076 0.000010 0.013471 0.217834 0.048450 0.210006 0.226866 0.000010
0.062021 0.000010 0.000010 0.236095 0.000010 0.000010 0.196640 0.427391 0.077813
0.241291 0.000010 0.023381 0.054827 0.018112 0.003215 0.181454 0.474041 0.003670
0.165517 0.030374 0.000010 0.368129 0.000010 0.000010 0.062208 0.373731 0.000010
0.189934 0.000010 0.010151 0.078343 0.000010 0.000010 0.134925 0.586608 0.000010
0.315155 0.000010 0.152711 0.157725 0.000010 0.010937 0.094892 0.231508 0.037051
0.205538 0.148329 0.020580 0.079230 0.000010 0.064194 0.095487 0.386622 0.000010
0.016196 0.000010 0.075190 0.252592 0.000010 0.000010 0.046361 0.561197 0.048434
0.414184 0.000010 0.000010 0.000010 0.000010 0.017185 0.129787 0.419492 0.019313
0.305335 0.082679 0.000010 0.125804 0.148001 0.000010 0.030066 0.308085 0.000010
0.000010 0.086883 0.000010 0.072161 0.000010 0.000010 0.190138 0.650768 0.000010
0.422811 0.000010 0.000010 0.000011 0.000010 0.000010 0.000010 0.577119 0.000010
0.448827 0.000010 0.000010 0.057358 0.000010 0.000010 0.045980 0.381013 0.066782
0.365555 0.000010 0.095155 0.027178 0.041764 0.034935 0.000010 0.351441 0.083952
0.681521 0.000010 0.031044 0.000010 0.000010 0.030470 0.015255 0.241670 0.000010
0.336702 0.046622 0.103811 0.084056 0.009714 0.000010 0.059151 0.340106 0.019829
0.091839 0.000010 0.061930 0.045294 0.270924 0.000010 0.185206 0.344777 0.000010
0.345764 0.000010 0.000010 0.087981 0.000010 0.000010 0.067236 0.424832 0.074146
0.170298 0.000010 0.032547 0.051636 0.045604 0.084339 0.000010 0.604469 0.011088
0.383477 0.023343 0.000010 0.000010 0.000010 0.000010 0.135320 0.420773 0.037048
0.594869 0.070747 0.000010 0.021599 0.039057 0.000010 0.000010 0.273687 0.000010
0.282876 0.000010 0.000010 0.221747 0.040206 0.000010 0.061305 0.123646 0.270191
0.199799 0.000010 0.135130 0.027241 0.000010 0.102928 0.000010 0.534862 0.000010
0.241163 0.067240 0.000010 0.000010 0.096816 0.000010 0.000010 0.570342 0.024398
0.402977 0.064324 0.000010 0.036127 0.000010 0.017208 0.032096 0.435882 0.011367
0.414036 0.000010 0.000010 0.000010 0.020777 0.000010 0.218229 0.346909 0.000010
0.092555 0.000010 0.000010 0.062686 0.057102 0.000010 0.299537 0.488080 0.000010
0.526268 0.000010 0.054592 0.000010 0.000010 0.069379 0.000010 0.349711 0.000010
0.325196 0.013943 0.000010 0.000010 0.000010 0.000010 0.081838 0.578973 0.000010
0.129002 0.000010 0.022278 0.255962 0.011902 0.199622 0.028317 0.108677 0.244230
0.227793 0.176147 0.053411 0.222012 0.000010 0.000010 0.000010 0.320598 0.000010
0.243981 0.000010 0.000010 0.048922 0.067945 0.000010 0.118649 0.478825 0.041647
0.217890 0.000010 0.257148 0.326935 0.000010 0.029959 0.009082 0.158956 0.000010
0.514003 0.094727 0.000010 0.000010 0.000010 0.000010 0.000010 0.381951 0.009268
0.685766 0.000010 0.008129 0.000010 0.000010 0.000010 0.000010 0.193346 0.112710
0.196290 0.000010 0.042895 0.094760 0.131591 0.048410 0.054490 0.431544 0.000010
0.234375 0.010049 0.000010 0.051630 0.000010 0.024780 0.152541 0.526596 0.000010
0.239265 0.000010 0.111010 0.194719 0.000010 0.000010 0.016998 0.437968 0.000010
0.274682 0.000010 0.000010 0.081547 0.000010 0.000010 0.257054 0.339794 0.046884
0.219683 0.000010 0.000010 0.130305 0.000010 0.000010 0.129392 0.520570 0.000010
0.000010 0.000010 0.514272 0.000010 0.000010 0.023755 0.364284 0.097640 0.000010
0.319002 0.000010 0.147961 0.220370 0.027177 0.061168 0.000010 0.224292 0.000010
0.000010 0.142627 0.479598 0.000010 0.000010 0.032217 0.214870 0.018374 0.112284
0.073069 0.164334 0.186812 0.000010 0.045049 0.048539 0.106718 0.374840 0.000630
0.021232 0.298525 0.188292 0.000010 0.000010 0.000010 0.126412 0.365499 0.000010
0.250236 0.100916 0.000010 0.000010 0.072418 0.000010 0.201204 0.375185 0.000010
0.126140 0.000010 0.419522 0.065014 0.101747 0.004394 0.069872 0.213289 0.000010
0.091847 0.000010 0.452276 0.000010 0.000010 0.000010 0.334822 0.099215 0.021800
0.285577 0.171354 0.000010 0.000010 0.143169 0.000010 0.269555 0.130305 0.000010
0.016497 0.000010 0.118623 0.398717 0.000010 0.000010 0.131359 0.311858 0.022916
0.112654 0.108689 0.456035 0.043225 0.120331 0.097065 0.056728 0.002395 0.002877
0.048715 0.139367 0.200507 0.155402 0.000010 0.011984 0.050909 0.364511 0.028597
0.239544 0.068697 0.256410 0.306701 0.099227 0.016242 0.003146 0.010023 0.000010
0.239565 0.000010 0.389411 0.000010 0.079188 0.035193 0.058769 0.197844 0.000010
0.010457 0.262472 0.016909 0.166625 0.000010 0.062173 0.091133 0.370802 0.019418
0.060172 0.000010 0.649773 0.000010 0.049873 0.000010 0.127712 0.112430 0.000010
0.101824 0.114265 0.202775 0.000010 0.000010 0.000010 0.133264 0.447832 0.000010
0.209306 0.246945 0.448399 0.070339 0.000010 0.000010 0.000010 0.024971 0.000010
0.002001 0.149049 0.062451 0.117935 0.051628 0.061136 0.299121 0.256668 0.000010
0.235070 0.117416 0.068437 0.001683 0.136894 0.078795 0.195628 0.166066 0.000010
0.152258 0.027858 0.402509 0.000010 0.024051 0.150881 0.050908 0.191515 0.000010
0.225233 0.019507 0.509763 0.012782 0.000010 0.027124 0.083236 0.122334 0.000010
0.146715 0.011974 0.000010 0.084584 0.000010 0.049095 0.030765 0.415244 0.261602
0.375728 0.039457 0.000010 0.000010 0.000010 0.102881 0.091221 0.390672 0.000010
0.375386 0.091698 0.000010 0.000010 0.000010 0.000010 0.032489 0.500378 0.000010
0.324294 0.006124 0.000010 0.121189 0.000010 0.055458 0.020838 0.464074 0.008003
0.371985 0.049630 0.000010 0.000010 0.091417 0.000010 0.099557 0.387371 0.000010
0.414919 0.000010 0.000010 0.129758 0.000010 0.000010 0.063555 0.391717 0.000010
0.381739 0.000010 0.000010 0.228866 0.115280 0.000010 0.083620 0.190456 0.000010
0.302314 0.000010 0.053847 0.061379 0.000010 0.041046 0.000010 0.541375 0.000010
0.494453 0.000010 0.012299 0.000010 0.000010 0.000010 0.000010 0.430310 0.062889
0.587537 0.000010 0.159438 0.000010 0.000010 0.024657 0.032918 0.195409 0.000010
0.242769 0.000010 0.000010 0.007633 0.185663 0.002439 0.156503 0.404963 0.000010
0.543259 0.000010 0.000010 0.027312 0.000010 0.002412 0.055081 0.294855 0.077050
0.265021 0.000010 0.000010 0.223811 0.000010 0.000010 0.266827 0.244291 0.000010
0.366183 0.013557 0.015217 0.154771 0.043105 0.000010 0.055688 0.351458 0.000010
0.316805 0.064403 0.015812 0.112464 0.000010 0.000010 0.041133 0.403235 0.046129
0.096527 0.088097 0.104641 0.215609 0.000010 0.000010 0.127933 0.360826 0.006346
0.207677 0.025466 0.000010 0.000010 0.000010 0.087413 0.000010 0.390475 0.288929
0.273414 0.059956 0.000010 0.344029 0.000049 0.000010 0.010084 0.312436 0.000010
0.349474 0.000010 0.053418 0.094322 0.028594 0.000010 0.000010 0.469365 0.004797
0.251281 0.088833 0.000010 0.097779 0.031207 0.000010 0.000010 0.530860 0.000010
0.469237 0.023071 0.000010 0.000010 0.000010 0.000010 0.149136 0.358505 0.000010
0.432388 0.034141 0.000010 0.203946 0.000010 0.000010 0.075396 0.254090 0.000010
0.227817 0.002017 0.031878 0.242929 0.001553 0.000010 0.000010 0.493775 0.000010
0.414487 0.000010 0.006680 0.000010 0.000010 0.016103 0.128631 0.434059 0.000010
0.501378 0.063510 0.000010 0.045369 0.163163 0.000010 0.000010 0.226540 0.000010
0.314148 0.000010 0.000665 0.009574 0.095011 0.000010 0.163947 0.334635 0.082001
0.378726 0.000010 0.029361 0.000010 0.119995 0.003209 0.126473 0.229559 0.112658
0.374934 0.000010 0.000010 0.000010 0.024322 0.000010 0.108537 0.492157 0.000010
0.290234 0.000010 0.000010 0.000010 0.000010 0.000010 0.107504 0.602201 0.000010
0.310174 0.000010 0.129684 0.000010 0.000010 0.000010 0.105004 0.455089 0.000010
0.251159 0.000010 0.071209 0.000010 0.000010 0.000010 0.071816 0.605766 0.000010
0.000010 0.005896 0.000010 0.109693 0.000010 0.143994 0.000010 0.000010 0.740367
0.246934 0.000010 0.153786 0.000010 0.030514 0.000010 0.041696 0.325472 0.201567
0.368745 0.000010 0.000010 0.006949 0.045972 0.000010 0.172206 0.406087 0.000010
0.396456 0.000010 0.000010 0.000010 0.000010 0.000010 0.060611 0.542873 0.000010
0.005832 0.004785 0.000010 0.326194 0.000010 0.072055 0.000010 0.591094 0.000010
0.386128 0.000010 0.000010 0.055628 0.021756 0.053053 0.061122 0.422282 0.000010
0.317487 0.105182 0.038767 0.000010 0.000010 0.000010 0.058291 0.480234 0.000010
0.036486 0.035664 0.000010 0.000010 0.130161 0.000010 0.099338 0.658017 0.040305
0.000010 0.000010 0.000010 0.156066 0.025434 0.047620 0.214607 0.494686 0.061557
0.105159 0.000011 0.000010 0.036162 0.039862 0.000010 0.307823 0.510953 0.000010
0.101139 0.000010 0.000010 0.223485 0.173020 0.000010 0.204931 0.297384 0.000010
0.550097 0.173806 0.020832 0.049992 0.082417 0.056474 0.000010 0.066362 0.000010
0.450473 0.022900 0.015677 0.081332 0.007519 0.000010 0.000010 0.422069 0.000010
0.260796 0.000010 0.000010 0.000010 0.089987 0.068188 0.095048 0.485941 0.000010
0.073323 0.000010 0.000010 0.290232 0.000010 0.000010 0.170675 0.465720 0.000010
0.206144 0.000010 0.000010 0.048981 0.000010 0.000010 0.335307 0.333655 0.075873
0.256005 0.000010 0.073861 0.000010 0.000010 0.000010 0.093276 0.576808 0.000010
0.232115 0.098127 0.032568 0.000010 0.043363 0.000010 0.071722 0.487099 0.034986
0.471311 0.000010 0.000010 0.148654 0.000010 0.060372 0.123791 0.195831 0.000010
0.201987 0.076114 0.000010 0.150246 0.000010 0.002826 0.092832 0.475965 0.000010
0.374981 0.166214 0.106012 0.033506 0.000010 0.000010 0.000010 0.319248 0.000010
0.203615 0.000010 0.000010 0.185423 0.000010 0.000010 0.204933 0.405979 0.000010
0.126226 0.187240 0.106331 0.243536 0.000010 0.000010 0.095863 0.240774 0.000010
0.216695 0.000010 0.000010 0.000010 0.022250 0.000010 0.175692 0.585313 0.000010
0.297732 0.000010 0.000010 0.096010 0.022536 0.037237 0.189706 0.356750 0.000010
0.061937 0.038160 0.020625 0.072727 0.053609 0.052474 0.343278 0.357181 0.000010
0.423677 0.000010 0.031347 0.103776 0.006066 0.000010 0.128273 0.306832 0.000010
0.077737 0.000010 0.000010 0.000010 0.000010 0.071078 0.214256 0.636879 0.000010
0.192184 0.000010 0.088484 0.072231 0.000010 0.011205 0.096216 0.539650 0.000010
0.347330 0.020377 0.184980 0.000784 0.000010 0.000010 0.058233 0.388266 0.000010
0.347233 0.102781 0.055891 0.000010 0.000010 0.000010 0.126151 0.367905 0.000010
0.392909 0.000010 0.133697 0.017652 0.049559 0.000010 0.000010 0.406144 0.000010
0.192443 0.074321 0.045703 0.015251 0.000010 0.000010 0.061190 0.469267 0.141805
0.434618 0.211165 0.000010 0.000010 0.000010 0.000010 0.000010 0.354157 0.000010
0.061620 0.000010 0.000010 0.364175 0.018200 0.000010 0.015463 0.400959 0.139552
0.552396 0.000010 0.000010 0.000010 0.000010 0.000010 0.127300 0.300697 0.019556
0.304073 0.022527 0.119436 0.000010 0.020276 0.000010 0.101999 0.431660 0.000010
0.436953 0.016773 0.166190 0.001846 0.000010 0.026585 0.059742 0.291892 0.000010
0.048947 0.073981 0.000010 0.249204 0.000010 0.016668 0.190572 0.420598 0.000010
0.270575 0.000010 0.038947 0.000010 0.091333 0.000010 0.036455 0.562650 0.000010
0.168412 0.003655 0.022116 0.210525 0.174617 0.020113 0.069725 0.274650 0.056187
0.379404 0.208571 0.013722 0.029114 0.152199 0.000010 0.009058 0.207911 0.000010
0.037227 0.047493 0.000010 0.174334 0.184886 0.000010 0.062039 0.493990 0.000010
0.019903 0.030398 0.029662 0.161795 0.057319 0.000010 0.199525 0.485283 0.016104
0.000010 0.067358 0.036997 0.175808 0.103263 0.000010 0.054426 0.528620 0.033507
0.146364 0.013946 0.043870 0.236347 0.027075 0.000010 0.227211 0.305168 0.000010
0.104847 0.127524 0.000010 0.138788 0.000010 0.000010 0.219529 0.385191 0.024092
0.413194 0.098667 0.013714 0.038218 0.022188 0.000010 0.216385 0.197616 0.000010
0.095860 0.044453 0.000010 0.168188 0.000010 0.000010 0.155911 0.535547 0.000010
0.243332 0.046651 0.000010 0.055541 0.000010 0.000010 0.154547 0.499889 0.000010
0.239241 0.078314 0.045950 0.078806 0.088997 0.000010 0.056554 0.412118 0.000010
0.279789 0.004957 0.000010 0.108781 0.000010 0.000010 0.030304 0.556321 0.019817
0.169173 0.000010 0.064628 0.209051 0.072038 0.000010 0.131210 0.353870 0.000010
0.248889 0.026085 0.000010 0.236255 0.000010 0.037209 0.052906 0.398627 0.000010
0.041275 0.015182 0.000010 0.407429 0.164158 0.000010 0.000010 0.371917 0.000010
0.160400 0.112893 0.000010 0.000010 0.000010 0.039843 0.019749 0.618134 0.048951
0.373065 0.062487 0.000010 0.178421 0.094821 0.000010 0.042923 0.248253 0.000010
0.286536 0.072752 0.000010 0.048392 0.019774 0.000010 0.103101 0.469415 0.000010
0.234083 0.049755 0.000010 0.093294 0.000016 0.000010 0.143726 0.463008 0.016098
0.287549 0.000010 0.000010 0.000010 0.000010 0.000010 0.254597 0.457794 0.000010
0.064717 0.035990 0.202312 0.171475 0.002815 0.000010 0.003177 0.519494 0.000010
0.269969 0.000010 0.000010 0.050952 0.000010 0.055562 0.166909 0.437115 0.019464
0.165609 0.000010 0.089290 0.083884 0.053773 0.000010 0.070236 0.496011 0.041177
0.000337 0.203808 0.179073 0.137949 0.013187 0.000010 0.088700 0.311785 0.065150
0.211407 0.215548 0.001623 0.068625 0.129112 0.000010 0.059125 0.314541 0.000010
0.093678 0.025761 0.024241 0.102696 0.112580 0.037669 0.184684 0.418681 0.000010
0.000010 0.000010 0.203347 0.239690 0.131572 0.012037 0.019127 0.394197 0.000010
0.052952 0.112350 0.117314 0.249375 0.000010 0.000010 0.094362 0.373616 0.000010
0.000010 0.133877 0.040281 0.274235 0.108730 0.000010 0.013880 0.428966 0.000010
0.154637 0.000010 0.000010 0.309295 0.000010 0.088022 0.158525 0.289482 0.000010
0.542741 0.014958 0.000010 0.000010 0.000010 0.000010 0.064601 0.377649 0.000010
0.000010 0.000010 0.000010 0.000010 0.000010 0.000010 0.476434 0.523496 0.000010
0.045788 0.064482 0.202241 0.430233 0.013871 0.000010 0.000010 0.243354 0.000010
0.032398 0.193402 0.130755 0.083199 0.049694 0.000010 0.130720 0.379813 0.000010
0.021826 0.000010 0.140230 0.244753 0.000010 0.000010 0.094751 0.498400 0.000010
0.209019 0.000025 0.036061 0.287215 0.011506 0.000010 0.000010 0.354320 0.101834
0.431319 0.000010 0.088454 0.000010 0.000010 0.000010 0.000010 0.480167 0.000010
0.294211 0.019985 0.147199 0.000010 0.000010 0.000010 0.091726 0.446839 0.000010
0.194915 0.000010 0.000010 0.052347 0.055369 0.000010 0.094104 0.579510 0.023726
0.375824 0.169845 0.000010 0.031616 0.000010 0.000010 0.111122 0.308915 0.002648
0.172297 0.000010 0.009053 0.112473 0.000010 0.000010 0.142703 0.549570 0.013875
0.320220 0.021828 0.299567 0.146855 0.000010 0.000010 0.031637 0.169027 0.010846
0.159984 0.000135 0.000010 0.300007 0.010632 0.000010 0.220506 0.308706 0.000010
0.141031 0.058028 0.140754 0.090208 0.000010 0.000010 0.328385 0.241563 0.000010
0.318726 0.000010 0.000010 0.000010 0.109103 0.065463 0.023880 0.456618 0.026179
0.181586 0.000010 0.224555 0.003220 0.029036 0.000010 0.289982 0.271591 0.000010
0.002231 0.000010 0.000010 0.000010 0.000010 0.325236 0.000010 0.000010 0.672473
0.000010 0.000010 0.035642 0.000010 0.000010 0.408172 0.000010 0.000010 0.556125
0.000010 0.000010 0.000010 0.000010 0.000010 0.397848 0.000010 0.000010 0.602082
0.021245 0.000010 0.000010 0.000010 0.000010 0.162763 0.000010 0.000010 0.815932
0.005179 0.000012 0.000010 0.000010 0.001558 0.378418 0.000010 0.000010 0.614793
0.057214 0.000010 0.000010 0.000010 0.000010 0.376824 0.000010 0.000010 0.565901
0.000010 0.000010 0.021681 0.000010 0.000010 0.422269 0.000010 0.000010 0.555990
0.000010 0.000010 0.000010 0.000010 0.021534 0.383353 0.000010 0.000010 0.595052
0.000010 0.034892 0.000010 0.009716 0.000010 0.313925 0.000010 0.000010 0.641417
0.000010 0.069540 0.000010 0.000010 0.000010 0.404326 0.000010 0.000010 0.526073
0.000010 0.000010 0.000010 0.000010 0.032275 0.232696 0.000010 0.000010 0.734969
0.000010 0.000010 0.015235 0.000010 0.000010 0.450965 0.000010 0.000010 0.533741
0.000010 0.089774 0.008967 0.000010 0.000010 0.333710 0.000010 0.000010 0.567499
0.000010 0.000010 0.000010 0.000010 0.039539 0.433899 0.000010 0.000010 0.526502
0.000010 0.000010 0.037718 0.000010 0.000010 0.400816 0.000010 0.000010 0.561406
0.014195 0.000010 0.016620 0.000010 0.000010 0.277265 0.000446 0.000010 0.691434
0.000010 0.005334 0.017764 0.000010 0.000010 0.291107 0.000010 0.000010 0.685746
0.000010 0.013872 0.000010 0.000010 0.016952 0.303756 0.000010 0.000010 0.665371
0.000010 0.000010 0.000010 0.000010 0.000010 0.360517 0.000010 0.000010 0.639413
0.000010 0.016316 0.020305 0.055243 0.000010 0.448495 0.000010 0.000010 0.459602
0.000010 0.000010 0.018328 0.000010 0.000010 0.190255 0.000010 0.000010 0.791357
0.032336 0.000010 0.000010 0.000010 0.000010 0.262904 0.025601 0.000010 0.679108
0.022489 0.044575 0.000010 0.000010 0.045219 0.391790 0.000010 0.000010 0.495887
0.000010 0.000011 0.036840 0.000010 0.031984 0.366223 0.000010 0.000010 0.564902
0.000010 0.000010 0.000011 0.000010 0.000010 0.201252 0.014654 0.000010 0.784033
0.034333 0.000010 0.000010 0.000010 0.002257 0.213113 0.003627 0.000010 0.746631
0.000010 0.021525 0.000010 0.000010 0.000010 0.504507 0.000010 0.000010 0.473908
0.000010 0.100702 0.004841 0.027878 0.008163 0.294981 0.000010 0.000010 0.563406
0.000010 0.054876 0.037472 0.000010 0.794100 0.000010 0.113502 0.000010 0.000010
0.458320 0.068817 0.000010 0.325153 0.000010 0.000010 0.000010 0.147660 0.000010
0.570552 0.033351 0.000011 0.269411 0.002411 0.017334 0.000010 0.106911 0.000010
0.187822 0.014575 0.000010 0.468504 0.000010 0.020348 0.000010 0.190152 0.118569
0.248005 0.213402 0.000010 0.261751 0.000010 0.000010 0.016259 0.260544 0.000010
0.529205 0.000010 0.000010 0.271876 0.025965 0.000010 0.000010 0.100090 0.072823
0.145020 0.084775 0.053674 0.516933 0.000010 0.000010 0.006219 0.193349 0.000010
0.385927 0.000010 0.000010 0.469926 0.000010 0.000010 0.006203 0.137894 0.000010
0.169452 0.000010 0.000010 0.296151 0.000010 0.076247 0.019315 0.438794 0.000010
0.384870 0.000010 0.010233 0.410557 0.043145 0.000010 0.102950 0.048215 0.000010
0.398472 0.000010 0.000010 0.360691 0.000010 0.000010 0.020007 0.220780 0.000010
0.183779 0.000010 0.000010 0.382269 0.000010 0.018634 0.000010 0.415267 0.000010
0.249834 0.000010 0.000010 0.489612 0.000010 0.000010 0.000010 0.245035 0.015469
0.549395 0.061328 0.030408 0.312045 0.006994 0.000010 0.019157 0.020652 0.000010
0.530565 0.000012 0.000010 0.221615 0.000010 0.032220 0.010303 0.189359 0.015906
0.503819 0.174645 0.000010 0.003105 0.000010 0.000010 0.084097 0.234293 0.000010
0.299847 0.022681 0.085720 0.578140 0.000010 0.013572 0.000010 0.000010 0.000010
0.493759 0.000010 0.000010 0.097449 0.000010 0.000010 0.000010 0.408733 0.000010
0.572068 0.000010 0.000010 0.021247 0.000010 0.000010 0.002930 0.403705 0.000010
0.607749 0.136388 0.000010 0.130957 0.000010 0.000010 0.000010 0.124855 0.000010
0.223323 0.023250 0.000010 0.629768 0.000010 0.000010 0.000010 0.123609 0.000010
0.454293 0.107903 0.000010 0.218296 0.046195 0.000010 0.000010 0.173273 0.000010
0.477265 0.000010 0.000010 0.166945 0.000010 0.000010 0.063986 0.291754 0.000010
0.364292 0.021531 0.042375 0.263868 0.011696 0.000010 0.000010 0.296209 0.000010
0.378606 0.114602 0.000010 0.327302 0.000010 0.000010 0.000010 0.179440 0.000010
0.231226 0.079441 0.000010 0.353141 0.000010 0.000671 0.007475 0.328015 0.000010
0.386026 0.000010 0.000010 0.367417 0.007237 0.000010 0.031584 0.207696 0.000010
0.368752 0.073522 0.000010 0.278907 0.000010 0.000010 0.034590 0.208771 0.035428
0.454037 0.002586 0.042784 0.123965 0.000010 0.000010 0.029300 0.320476 0.026832
0.000010 0.000010 0.000010 0.000010 0.945475 0.000010 0.001505 0.052960 0.000010
0.000010 0.000010 0.028902 0.000010 0.906811 0.064227 0.000010 0.000010 0.000010
0.000010 0.000010 0.192850 0.000010 0.790115 0.000010 0.000010 0.016975 0.000010
0.000010 0.000010 0.109943 0.000010 0.839092 0.000010 0.050905 0.000010 0.000010
0.000010 0.000010 0.000010 0.000010 0.893386 0.000010 0.054779 0.051775 0.000010
0.000010 0.000010 0.000010 0.000010 0.993675 0.000010 0.000010 0.006255 0.000010
0.000010 0.000010 0.000010 0.000010 0.910272 0.000010 0.055338 0.034329 0.000010
0.009548 0.000010 0.000010 0.000010 0.891503 0.074451 0.024447 0.000010 0.000010
0.000010 0.018375 0.000010 0.000010 0.821583 0.000010 0.159982 0.000010 0.000010
0.000010 0.000010 0.000010 0.000010 0.991386 0.000010 0.000010 0.008544 0.000010
0.000010 0.000010 0.000010 0.000010 0.877289 0.015375 0.053009 0.054277 0.000010
0.000913 0.000010 0.000010 0.000010 0.916472 0.000010 0.054732 0.027833 0.000010
0.000010 0.059691 0.000010 0.000010 0.882208 0.000010 0.058041 0.000010 0.000010
0.000010 0.004649 0.000010 0.000010 0.995281 0.000010 0.000010 0.000010 0.000010
0.000010 0.016800 0.018099 0.000010 0.965041 0.000010 0.000010 0.000010 0.000010
0.000010 0.000010 0.000010 0.000010 0.897920 0.000010 0.000010 0.102010 0.000010
0.000010 0.000584 0.000010 0.000010 0.999346 0.000010 0.000010 0.000010 0.000010
0.513402 0.045834 0.000010 0.014883 0.000010 0.000010 0.024498 0.401343 0.000010
0.683645 0.000010 0.000010 0.011318 0.000010 0.000010 0.117466 0.153208 0.034323
0.512931 0.020825 0.018473 0.051256 0.000010 0.000010 0.026088 0.370397 0.000010
0.382003 0.000010 0.000010 0.164181 0.000010 0.000010 0.084738 0.369028 0.000010
0.799381 0.000010 0.019216 0.049383 0.000010 0.051793 0.080187 0.000010 0.000010
0.460265 0.064850 0.000010 0.155431 0.014150 0.000011 0.000010 0.235945 0.069327
0.619276 0.000010 0.000010 0.001782 0.000010 0.031468 0.035719 0.289421 0.022305
0.408636 0.000010 0.000010 0.160036 0.000010 0.000010 0.108265 0.323013 0.000010
0.638197 0.000010 0.000010 0.000010 0.000010 0.000010 0.126386 0.225650 0.009716
0.473195 0.000010 0.005394 0.000010 0.000010 0.000010 0.095288 0.417483 0.008600
0.506095 0.000010 0.000010 0.084144 0.008546 0.000010 0.084108 0.317068 0.000010
0.392207 0.000010 0.043837 0.055495 0.000010 0.000010 0.000010 0.508411 0.000010
0.394763 0.067409 0.000010 0.104178 0.129048 0.000010 0.000010 0.304563 0.000010
0.757576 0.000010 0.000010 0.000010 0.027436 0.023230 0.036938 0.111571 0.043220
0.443713 0.000010 0.095816 0.186526 0.000010 0.000010 0.073852 0.159466 0.040596
0.599485 0.000010 0.000010 0.102105 0.000010 0.000010 0.000010 0.298349 0.000010
0.544800 0.000010 0.000010 0.000010 0.000010 0.009412 0.095936 0.349802 0.000010
0.737567 0.000010 0.000010 0.000010 0.000010 0.000010 0.081113 0.176569 0.004701
0.804923 0.000010 0.000010 0.007888 0.000010 0.021095 0.000010 0.166043 0.000010
0.491603 0.000010 0.000010 0.138254 0.000010 0.000010 0.050011 0.320082 0.000010
0.597603 0.000010 0.027237 0.000398 0.000010 0.000010 0.087858 0.195640 0.091234
0.720417 0.031951 0.000010 0.025139 0.013009 0.000010 0.000010 0.130179 0.079275
0.433824 0.000010 0.013319 0.145109 0.063540 0.089649 0.000010 0.243610 0.010929
0.779864 0.026607 0.000010 0.000010 0.000010 0.000010 0.163547 0.029932 0.000010
0.410915 0.000010 0.000010 0.135570 0.000010 0.000010 0.017735 0.435729 0.000010
0.745645 0.001012 0.000010 0.000010 0.000010 0.000010 0.025435 0.153480 0.074388
0.536289 0.050145 0.000010 0.000010 0.000010 0.000010 0.000010 0.413506 0.000010
0.713957 0.028304 0.029390 0.000010 0.000010 0.000010 0.000010 0.225349 0.002961
0.619122 0.000010 0.000010 0.000010 0.000010 0.000010 0.029536 0.351282 0.000010
0.496453 0.000010 0.035594 0.092467 0.000010 0.000010 0.000010 0.375435 0.000010
0.746107 0.000010 0.033885 0.000010 0.000010 0.000010 0.028065 0.126980 0.064923
0.552488 0.000010 0.000010 0.000010 0.044250 0.038639 0.074229 0.290354 0.000010
0.468039 0.072446 0.000010 0.116253 0.000010 0.000010 0.042167 0.274499 0.026566
0.624944 0.032012 0.000010 0.156670 0.117259 0.000842 0.000010 0.068242 0.000010
0.633428 0.131520 0.000010 0.000010 0.000010 0.000010 0.000010 0.234992 0.000010
0.426455 0.000010 0.000010 0.236939 0.000010 0.030169 0.000010 0.306387 0.000010
0.749166 0.000010 0.000010 0.062486 0.000010 0.037344 0.036593 0.070217 0.044164
0.522404 0.000010 0.077507 0.132133 0.000010 0.009355 0.013973 0.244599 0.000010
0.440537 0.003321 0.000010 0.238242 0.000010 0.000010 0.000010 0.165374 0.152485
0.457220 0.022875 0.000010 0.000010 0.000010 0.000010 0.094675 0.425180 0.000010
0.516005 0.000010 0.129254 0.078491 0.000010 0.000010 0.000010 0.276199 0.000010
0.715748 0.000010 0.000010 0.012845 0.000010 0.000010 0.099515 0.171843 0.000010
0.551065 0.000010 0.000010 0.043281 0.000010 0.000010 0.000010 0.383616 0.021987
0.376283 0.000010 0.000010 0.109815 0.000010 0.066428 0.080206 0.070002 0.297236
0.422160 0.060049 0.007450 0.015037 0.000010 0.047302 0.039908 0.401445 0.006640
0.526849 0.082209 0.000010 0.000010 0.000010 0.000015 0.000010 0.360769 0.030119
0.392790 0.000010 0.000010 0.162591 0.000010 0.017028 0.000010 0.268535 0.159017
0.774706 0.062975 0.000010 0.000010 0.000010 0.006027 0.000010 0.083220 0.073033
0.487601 0.136277 0.000010 0.045102 0.030546 0.000010 0.013089 0.219920 0.067445
0.470770 0.000010 0.000010 0.000010 0.000010 0.000010 0.038113 0.399924 0.091143
0.338541 0.068208 0.000010 0.149447 0.000010 0.001033 0.062234 0.380508 0.000010
0.642935 0.000010 0.000010 0.000010 0.000010 0.000010 0.029756 0.284041 0.043218
0.714527 0.000010 0.000010 0.000010 0.000010 0.046534 0.038314 0.163883 0.036701
0.443100 0.099127 0.022714 0.000010 0.000010 0.000010 0.069040 0.365979 0.000010
0.488053 0.000010 0.096828 0.000010 0.000010 0.000010 0.010263 0.239638 0.165178
0.196174 0.002593 0.000010 0.080985 0.000010 0.000010 0.000010 0.022495 0.697713
0.650848 0.005755 0.000010 0.105877 0.000010 0.000010 0.000010 0.237470 0.000010
0.598677 0.000010 0.000010 0.000010 0.000010 0.020714 0.017209 0.347764 0.015595
0.508455 0.033272 0.000010 0.233146 0.000010 0.060111 0.000010 0.164976 0.000010
0.533130 0.000010 0.000010 0.065723 0.000010 0.000010 0.019358 0.349108 0.032641
0.482939 0.000010 0.000010 0.087138 0.004860 0.019867 0.049714 0.355453 0.000010
0.346319 0.000010 0.069193 0.000010 0.000010 0.000010 0.022827 0.301549 0.260072
0.375920 0.000010 0.000010 0.077972 0.046743 0.000010 0.000010 0.398438 0.100888
0.233103 0.004072 0.000010 0.150274 0.000010 0.171309 0.065051 0.376162 0.000010
0.643905 0.000010 0.011053 0.000010 0.000010 0.029386 0.000010 0.297255 0.018361
0.513296 0.096027 0.089260 0.000010 0.000010 0.000010 0.000010 0.247078 0.054299
0.558339 0.071156 0.000010 0.000010 0.000010 0.000010 0.000010 0.229093 0.141362
0.520651 0.000012 0.000010 0.000010 0.000010 0.000010 0.024856 0.278349 0.176092
0.489263 0.000010 0.000010 0.000010 0.000010 0.000010 0.000010 0.420075 0.090602
0.496788 0.021014 0.000010 0.112450 0.000010 0.000010 0.160622 0.209086 0.000010
0.646792 0.000010 0.000010 0.000010 0.000010 0.000010 0.000010 0.303363 0.049785
0.673103 0.000010 0.018333 0.000010 0.000010 0.135251 0.000010 0.149875 0.023397
0.514790 0.005317 0.000010 0.193664 0.000010 0.075505 0.038089 0.172605 0.000010
0.454726 0.000010 0.000010 0.000010 0.000010 0.000010 0.029850 0.114634 0.400740
0.528555 0.000010 0.000010 0.000011 0.000010 0.019626 0.014711 0.355957 0.081110
0.569117 0.027164 0.000010 0.000010 0.000010 0.000010 0.000010 0.275738 0.127930
0.561194 0.000010 0.000010 0.031847 0.000010 0.000010 0.011396 0.324606 0.070917
0.731892 0.000010 0.000010 0.000010 0.000010 0.000010 0.000010 0.250204 0.017844
0.752668 0.000010 0.000010 0.000010 0.000010 0.000010 0.013499 0.174649 0.059134
0.192966 0.000010 0.000010 0.004167 0.000010 0.158982 0.000010 0.130451 0.513392
0.440821 0.000010 0.000010 0.029090 0.000010 0.000010 0.032273 0.363777 0.133998
0.481091 0.000010 0.000010 0.008286 0.106834 0.000010 0.051037 0.343170 0.009551
0.555267 0.000010 0.000010 0.018923 0.000010 0.000010 0.000010 0.425749 0.000010
0.584616 0.000010 0.000010 0.000010 0.000010 0.000010 0.170579 0.222685 0.022069
0.734902 0.039862 0.000010 0.000010 0.000010 0.000010 0.048987 0.176199 0.000010
0.491751 0.000010 0.000010 0.000010 0.000010 0.000010 0.000010 0.503805 0.004384
0.504483 0.000010 0.011511 0.094025 0.000010 0.000010 0.000010 0.389932 0.000010
0.000010 0.000010 0.000010 0.000010 0.956641 0.000010 0.043289 0.000010 0.000010
0.000010 0.019770 0.002012 0.000010 0.780662 0.000010 0.149436 0.048080 0.000010
0.000010 0.000010 0.134177 0.000010 0.722902 0.000010 0.142861 0.000010 0.000010
0.000010 0.042845 0.000010 0.000010 0.957085 0.000010 0.000010 0.000010 0.000010
0.019808 0.000010 0.001758 0.000010 0.827649 0.000010 0.065422 0.085322 0.000010
0.000010 0.023440 0.000010 0.000010 0.874013 0.000010 0.102486 0.000010 0.000010
0.000010 0.000010 0.118006 0.029884 0.745921 0.000010 0.106139 0.000010 0.000010
0.483429 0.000010 0.000010 0.164577 0.000010 0.000010 0.037033 0.314911 0.000010
0.397306 0.000010 0.000010 0.397233 0.000010 0.041372 0.015434 0.148614 0.000010
0.515191 0.000010 0.000010 0.179737 0.000010 0.000010 0.089322 0.215700 0.000010
0.559942 0.000010 0.099093 0.124635 0.000010 0.000010 0.000010 0.216279 0.000010
0.565134 0.000010 0.000010 0.172937 0.000010 0.051982 0.000010 0.209897 0.000010
0.533409 0.035798 0.000010 0.000010 0.002354 0.000010 0.000010 0.395918 0.032481
0.785886 0.000010 0.000010 0.076334 0.000010 0.061019 0.013459 0.063262 0.000010
0.516368 0.000010 0.032341 0.103355 0.000010 0.000010 0.042101 0.278840 0.026966
0.528764 0.000010 0.120807 0.145295 0.000010 0.000010 0.000010 0.189487 0.015606
0.321484 0.000010 0.000010 0.371455 0.000010 0.000010 0.040621 0.266390 0.000010
0.523599 0.026372 0.000010 0.156073 0.000010 0.025610 0.000010 0.264450 0.003865
0.422478 0.000010 0.017348 0.000010 0.000196 0.000010 0.000010 0.419431 0.140508
0.349659 0.102923 0.000010 0.124021 0.000010 0.000010 0.049904 0.373453 0.000010
0.246321 0.017413 0.000010 0.230276 0.000010 0.000010 0.091460 0.414490 0.000010
0.629645 0.033665 0.000010 0.091266 0.031065 0.013845 0.000010 0.000010 0.200483
0.531465 0.042314 0.000010 0.000010 0.032044 0.019437 0.000010 0.374700 0.000010
0.709641 0.022098 0.000010 0.000010 0.000010 0.045861 0.022724 0.199636 0.000010
0.327952 0.072393 0.000010 0.096800 0.101675 0.000010 0.000010 0.299219 0.101932
0.521321 0.000010 0.000010 0.066728 0.016243 0.000010 0.000010 0.199052 0.196616
0.679297 0.000010 0.000010 0.013007 0.010913 0.062704 0.000010 0.218558 0.015491
0.448929 0.062822 0.018978 0.000010 0.000010 0.036549 0.011917 0.420776 0.000010
0.586236 0.000010 0.000010 0.000010 0.012792 0.000010 0.037858 0.363064 0.000010
0.286888 0.043625 0.000010 0.304657 0.000010 0.000010 0.000010 0.308404 0.056386
0.553843 0.059956 0.000010 0.000010 0.011222 0.097980 0.000010 0.204820 0.072150
0.541162 0.000010 0.047159 0.000010 0.000010 0.000010 0.000010 0.411618 0.000010
0.763371 0.000010 0.000010 0.049708 0.000010 0.000010 0.000010 0.108859 0.078011
0.203895 0.032632 0.030343 0.013091 0.000010 0.138207 0.066891 0.238619 0.276312
0.437541 0.000010 0.000010 0.000010 0.050744 0.045197 0.000010 0.349804 0.116674
0.630817 0.000010 0.017149 0.000010 0.000010 0.013543 0.000010 0.338441 0.000010
0.401672 0.000010 0.000010 0.000010 0.000010 0.000010 0.001674 0.586980 0.009625
0.802233 0.000010 0.000010 0.000010 0.000010 0.000010 0.000010 0.122537 0.075170
0.572170 0.000010 0.000010 0.000010 0.022306 0.147885 0.082681 0.002348 0.172580
0.202446 0.089822 0.000010 0.168473 0.000010 0.122806 0.124672 0.291750 0.000010
0.559307 0.000010 0.095281 0.023496 0.036494 0.000010 0.095886 0.149165 0.040350
0.273253 0.054692 0.000010 0.073349 0.103642 0.045990 0.004423 0.444632 0.000010
0.000010 0.999920 0.000010 0.000010 0.000010 0.000010 0.000010 0.000010 0.000010
0.000010 0.778830 0.166313 0.000010 0.054796 0.000010 0.000010 0.000010 0.000010
0.000010 0.947870 0.000010 0.052060 0.000010 0.000010 0.000010 0.000010 0.000010
0.080333 0.819287 0.000010 0.000010 0.100320 0.000010 0.000010 0.000010 0.000010
0.000010 0.004203 0.346366 0.000010 0.000010 0.014298 0.516912 0.095665 0.022525
0.026954 0.137205 0.532432 0.000010 0.000010 0.000010 0.303359 0.000010 0.000010
0.079507 0.000010 0.568916 0.000010 0.000010 0.000010 0.294155 0.057372 0.000010
0.031460 0.000010 0.434824 0.000010 0.000010 0.023477 0.505114 0.005085 0.000010
0.000010 0.107783 0.505540 0.000010 0.000010 0.055729 0.330898 0.000010 0.000010
0.000010 0.076611 0.519519 0.058589 0.000010 0.000010 0.325785 0.000010 0.019455
0.000010 0.000010 0.592447 0.000010 0.000010 0.019988 0.312149 0.075366 0.000010
0.000010 0.000010 0.482914 0.000010 0.091400 0.000010 0.346654 0.000010 0.078981
0.000010 0.000010 0.346350 0.032851 0.039249 0.022340 0.559170 0.000010 0.000010
0.000010 0.000010 0.345293 0.046037 0.181509 0.031417 0.336426 0.059288 0.000010
0.782945 0.004054 0.000010 0.026557 0.000010 0.018898 0.007063 0.122927 0.037536
0.331588 0.006303 0.054828 0.246991 0.000010 0.000010 0.049065 0.117387 0.193817
0.644747 0.000010 0.000010 0.146771 0.000010 0.000010 0.163080 0.035795 0.009566
0.743209 0.010386 0.027393 0.000010 0.000010 0.018466 0.000010 0.147920 0.052596
0.310947 0.051616 0.043087 0.000010 0.010068 0.000010 0.000010 0.584241 0.000010
0.752080 0.000010 0.000010 0.000010 0.000010 0.043505 0.000010 0.204355 0.000010
0.682411 0.020417 0.000010 0.095629 0.000010 0.000010 0.063609 0.137894 0.000010
0.601125 0.000010 0.000010 0.000010 0.000010 0.000010 0.070812 0.289161 0.038852
0.493720 0.000010 0.064186 0.075584 0.000010 0.000010 0.071769 0.267105 0.027606
0.462729 0.000010 0.000010 0.105854 0.000010 0.000010 0.129868 0.301499 0.000010
0.598639 0.000010 0.000010 0.034008 0.000010 0.006975 0.012657 0.312259 0.035432
0.449328 0.054800 0.000010 0.160046 0.000010 0.126020 0.000010 0.209766 0.000010
0.516900 0.004289 0.000010 0.162973 0.000010 0.021753 0.000010 0.284670 0.009386
0.591884 0.000010 0.000010 0.000010 0.000010 0.029786 0.000010 0.196282 0.181998
0.622974 0.125370 0.000010 0.086611 0.000010 0.000010 0.000010 0.004578 0.160428
0.218977 0.000010 0.121851 0.198005 0.000010 0.000010 0.008956 0.167271 0.284910
0.652334 0.000010 0.014198 0.166567 0.000010 0.044525 0.018214 0.104131 0.000010
0.499478 0.000352 0.000010 0.123422 0.000010 0.000010 0.111834 0.264875 0.000010
0.546077 0.124729 0.000010 0.129521 0.000010 0.004074 0.000010 0.019930 0.175639
0.711565 0.000010 0.000010 0.011277 0.014800 0.000010 0.060075 0.072518 0.129735
0.583865 0.000010 0.000010 0.089510 0.000010 0.070600 0.000010 0.146828 0.109156
0.000010 0.109073 0.750717 0.006861 0.000010 0.000010 0.133300 0.000010 0.000010
0.000010 0.186271 0.526257 0.000010 0.100867 0.000010 0.186555 0.000010 0.000010
0.000010 0.000010 0.771666 0.000010 0.000010 0.033109 0.195165 0.000010 0.000010
0.000010 0.000010 0.712416 0.000010 0.000010 0.000010 0.287514 0.000010 0.000010
0.000010 0.124104 0.618959 0.000010 0.034020 0.000010 0.173689 0.000010 0.049187
0.000010 0.000010 0.671241 0.000010 0.040118 0.000010 0.288581 0.000010 0.000010
0.000010 0.022312 0.672255 0.000010 0.000010 0.000010 0.305373 0.000010 0.000010
0.000010 0.000010 0.669317 0.000010 0.000010 0.107801 0.217773 0.000010 0.005059
0.000010 0.000010 0.572440 0.041154 0.000010 0.000010 0.386346 0.000010 0.000010
0.000010 0.176083 0.493598 0.000010 0.081448 0.000010 0.223328 0.000010 0.025503
0.010036 0.089984 0.693454 0.000010 0.000010 0.034773 0.171713 0.000010 0.000010
0.000010 0.000010 0.688604 0.000010 0.046695 0.000010 0.129594 0.090702 0.044366
0.000010 0.000010 0.694605 0.000010 0.087178 0.024667 0.193500 0.000010 0.000010
0.000010 0.040859 0.625915 0.000010 0.000010 0.000010 0.307835 0.009660 0.015691
0.000010 0.026412 0.643029 0.000010 0.060398 0.000010 0.244209 0.025912 0.000010
0.020306 0.036022 0.635580 0.069539 0.000010 0.000010 0.238512 0.000010 0.000010
0.000010 0.000010 0.652374 0.000010 0.032530 0.000010 0.315036 0.000010 0.000010
0.000010 0.000010 0.611019 0.027549 0.045668 0.000010 0.258891 0.000010 0.056832
0.023906 0.000010 0.651585 0.000387 0.000010 0.005763 0.318320 0.000010 0.000010
0.024272 0.000010 0.622710 0.000010 0.036311 0.016646 0.300020 0.000010 0.000010
0.000010 0.067751 0.595977 0.000010 0.007222 0.000010 0.241649 0.087361 0.000010
0.000010 0.000010 0.663721 0.000010 0.000010 0.021585 0.286080 0.000010 0.028564
0.000010 0.000010 0.640290 0.000010 0.103631 0.000010 0.256019 0.000010 0.000010
0.000010 0.000010 0.589205 0.000010 0.000010 0.000010 0.335836 0.074899 0.000010
0.003988 0.000010 0.837171 0.016677 0.000010 0.001013 0.141110 0.000010 0.000010
0.000010 0.000010 0.669439 0.070874 0.095234 0.000010 0.164402 0.000010 0.000010
0.000010 0.010178 0.515786 0.000010 0.240267 0.000010 0.175911 0.000010 0.057818
0.000010 0.000010 0.792133 0.000010 0.000010 0.000010 0.207797 0.000010 0.000010
0.000010 0.041099 0.388968 0.000010 0.229353 0.000010 0.340531 0.000010 0.000010
0.001768 0.000010 0.360543 0.092179 0.146483 0.000010 0.385269 0.013728 0.000010
0.000010 0.028036 0.617209 0.000010 0.003413 0.001648 0.349653 0.000010 0.000010
0.000010 0.088378 0.477625 0.000010 0.000010 0.000010 0.433937 0.000010 0.000010
0.000010 0.000010 0.644181 0.012348 0.013381 0.011605 0.318445 0.000010 0.000010
0.000010 0.041213 0.475300 0.092550 0.000010 0.000010 0.390887 0.000010 0.000010
0.000010 0.002784 0.624775 0.000010 0.000010 0.000010 0.372381 0.000010 0.000010
0.000010 0.000010 0.840653 0.000010 0.000010 0.000010 0.159277 0.000010 0.000010
0.000010 0.040039 0.589521 0.000010 0.000010 0.018516 0.351874 0.000010 0.000010
0.017069 0.000010 0.672422 0.000010 0.000010 0.000010 0.310450 0.000010 0.000010
0.000010 0.057017 0.557723 0.007676 0.031702 0.000010 0.345841 0.000010 0.000010
0.000010 0.000010 0.000010 0.003980 0.940228 0.000010 0.055733 0.000010 0.000010
0.000010 0.031595 0.000010 0.000010 0.968335 0.000010 0.000010 0.000010 0.000010
0.000010 0.000010 0.733348 0.000010 0.000010 0.000010 0.260546 0.006047 0.000010
0.000010 0.133778 0.628630 0.000010 0.000010 0.000010 0.237532 0.000010 0.000010
0.561024 0.038385 0.000010 0.121813 0.000010 0.049791 0.000010 0.218460 0.010498
0.373678 0.000010 0.000010 0.249588 0.000010 0.000010 0.042931 0.333752 0.000010
0.431352 0.005910 0.086150 0.201874 0.034338 0.004978 0.032288 0.203101 0.000010
0.349429 0.108613 0.000010 0.304396 0.000010 0.019193 0.000010 0.218328 0.000010
0.281231 0.000010 0.021173 0.345910 0.006296 0.006370 0.004640 0.280097 0.054273
0.274203 0.008659 0.000010 0.370165 0.000010 0.000010 0.030655 0.316278 0.000010
0.151893 0.000010 0.018204 0.369272 0.000010 0.000010 0.000010 0.460580 0.000010
0.532787 0.000010 0.052330 0.159682 0.000010 0.000010 0.000010 0.255151 0.000010
0.487566 0.028162 0.000010 0.087714 0.066552 0.000010 0.000010 0.329967 0.000010
0.398224 0.000010 0.000010 0.280830 0.143858 0.000010 0.029085 0.147963 0.000010
0.362290 0.000010 0.000010 0.248655 0.041020 0.000010 0.000010 0.232038 0.115957
0.262115 0.166646 0.000010 0.312793 0.000010 0.000010 0.000010 0.258396 0.000010
0.479843 0.000010 0.000010 0.261048 0.000010 0.000010 0.000010 0.259049 0.000010
0.000010 0.000010 0.679514 0.000010 0.000010 0.000010 0.269304 0.000010 0.051122
0.000010 0.054825 0.581590 0.000010 0.000010 0.000010 0.363125 0.000410 0.000010
0.000010 0.071783 0.586112 0.003150 0.036815 0.000010 0.302099 0.000010 0.000010
0.029071 0.000010 0.668312 0.000010 0.009366 0.000010 0.293201 0.000010 0.000010
0.000010 0.000010 0.718551 0.000010 0.000010 0.000010 0.281379 0.000010 0.000010
0.000010 0.053143 0.546459 0.035126 0.000010 0.000010 0.365223 0.000010 0.000010
0.000010 0.000010 0.487137 0.000010 0.030862 0.000010 0.481941 0.000010 0.000010
0.000010 0.000010 0.885317 0.000010 0.000010 0.014925 0.099698 0.000010 0.000010
0.017695 0.011936 0.775880 0.000010 0.000010 0.000010 0.194440 0.000010 0.000010
0.000010 0.098736 0.589111 0.000010 0.000010 0.000010 0.312094 0.000010 0.000010
0.000010 0.000010 0.690636 0.000010 0.000010 0.018638 0.290666 0.000010 0.000010
0.041783 0.069947 0.888210 0.000010 0.000010 0.000010 0.000010 0.000010 0.000010
