0.393121 0.000010 0.000012 0.000010 0.000010 0.000010 0.119676 0.487141 0.000010
0.027243 0.047865 0.072697 0.184773 0.000010 0.000010 0.130066 0.520814 0.016522
0.088391 0.000010 0.000010 0.134145 0.008947 0.000010 0.120408 0.570280 0.077798
0.291378 0.000010 0.000010 0.271419 0.000010 0.000010 0.065111 0.372042 0.000010
0.322490 0.018301 0.022407 0.000011 0.000010 0.000010 0.080351 0.518369 0.038050
0.288359 0.000010 0.000010 0.223822 0.059248 0.020005 0.163657 0.191961 0.052928
0.406976 0.000010 0.000010 0.000010 0.000010 0.024146 0.000010 0.568817 0.000010
0.039994 0.000010 0.013478 0.261950 0.000010 0.056824 0.000010 0.449203 0.178522
0.256405 0.110543 0.044595 0.067227 0.000010 0.085926 0.044274 0.355469 0.035550
0.434846 0.000010 0.033786 0.148048 0.000010 0.000010 0.000010 0.383270 0.000010
0.098400 0.037127 0.000010 0.190804 0.000010 0.000010 0.142676 0.481145 0.049819
0.406003 0.031619 0.000010 0.065227 0.073753 0.000010 0.079823 0.333311 0.010244
0.317668 0.007043 0.033280 0.018110 0.038355 0.077723 0.157570 0.350241 0.000010
0.259163 0.094944 0.036754 0.246323 0.042194 0.091793 0.106583 0.046032 0.076214
0.367401 0.000010 0.064456 0.099708 0.000010 0.000010 0.102949 0.365446 0.000010
0.470551 0.000010 0.000010 0.176779 0.000010 0.000010 0.000010 0.352610 0.000010
0.345822 0.000010 0.020574 0.000011 0.020719 0.000010 0.183831 0.358834 0.070189
0.262280 0.132195 0.059557 0.062784 0.000010 0.000010 0.020204 0.442898 0.020063
0.400299 0.000010 0.000010 0.000010 0.028355 0.000010 0.025599 0.545698 0.000010
0.234579 0.000010 0.000010 0.109908 0.000010 0.000010 0.092995 0.562468 0.000010
0.131957 0.143250 0.000010 0.000010 0.000010 0.000010 0.151095 0.526611 0.047046
0.207389 0.017425 0.000010 0.118849 0.000010 0.000010 0.161220 0.495077 0.000010
0.109541 0.006467 0.000010 0.227845 0.011919 0.002752 0.000010 0.356820 0.284636
0.341455 0.031178 0.000010 0.044997 0.000010 0.000010 0.085450 0.496880 0.000010
0.063631 0.000010 0.000010 0.246541 0.000010 0.000010 0.188329 0.501449 0.000010
0.537758 0.000010 0.006057 0.116385 0.049178 0.000010 0.017367 0.273224 0.000010
0.240130 0.000010 0.000010 0.000019 0.140810 0.000010 0.291867 0.327134 0.000010
0.234488 0.000010 0.000010 0.159311 0.000010 0.000010 0.204503 0.401648 0.000010
0.306353 0.013484 0.047533 0.087175 0.000010 0.000010 0.045216 0.500210 0.000010
0.171711 0.000014 0.053545 0.000010 0.040785 0.000010 0.162083 0.413013 0.158829
0.279606 0.000010 0.000010 0.000010 0.096617 0.000010 0.138488 0.477574 0.007675
0.607845 0.000010 0.000010 0.000010 0.000010 0.000010 0.009044 0.383051 0.000010
0.619577 0.099056 0.053064 0.000010 0.000010 0.000010 0.000010 0.228253 0.000010
0.278852 0.000010 0.000010 0.000010 0.000010 0.000010 0.069039 0.652049 0.000010
0.255052 0.141544 0.000011 0.132724 0.098249 0.000010 0.017869 0.305777 0.048764
0.263016 0.000010 0.035111 0.000010 0.145882 0.000010 0.000010 0.555940 0.000010
0.416856 0.035807 0.058176 0.080259 0.021619 0.010801 0.033143 0.343330 0.000010
0.108306 0.025946 0.000010 0.133919 0.111832 0.000010 0.050923 0.366977 0.202077
0.273429 0.000010 0.000010 0.165735 0.000010 0.036138 0.067213 0.389103 0.068352
0.103922 0.000010 0.039304 0.000010 0.000010 0.000010 0.088059 0.768665 0.000010
0.230118 0.000010 0.000010 0.076010 0.000010 0.012223 0.085008 0.507753 0.088859
0.292899 0.139806 0.000010 0.000010 0.000010 0.000010 0.004726 0.440560 0.121970
0.458358 0.137858 0.000010 0.000010 0.000010 0.000010 0.000010 0.390718 0.013015
0.159887 0.147940 0.015563 0.217455 0.035280 0.000010 0.093704 0.330150 0.000010
0.251898 0.000010 0.000010 0.240374 0.000011 0.111176 0.021915 0.374596 0.000010
0.274333 0.000010 0.000010 0.110214 0.131014 0.006287 0.120791 0.264390 0.092952
0.363674 0.049637 0.000010 0.029986 0.144875 0.025500 0.057566 0.328742 0.000010
0.091213 0.000010 0.364943 0.000010 0.000010 0.000010 0.268784 0.275010 0.000010
0.318759 0.000010 0.133341 0.069749 0.072215 0.000010 0.000010 0.386663 0.019243
0.130133 0.031188 0.523817 0.023508 0.000010 0.000010 0.117314 0.174009 0.000010
0.255988 0.125638 0.261315 0.125900 0.000010 0.000010 0.040697 0.190432 0.000010
0.497911 0.073765 0.087433 0.000010 0.000010 0.000010 0.000010 0.311170 0.029680
0.243228 0.052902 0.188891 0.000010 0.074423 0.000010 0.118812 0.282767 0.038958
0.440699 0.202680 0.259821 0.000010 0.000010 0.000010 0.053306 0.043453 0.000010
0.144826 0.065879 0.185839 0.217261 0.000013 0.000010 0.144441 0.241722 0.000010
0.134921 0.095970 0.389731 0.104506 0.000010 0.077094 0.084826 0.112932 0.000010
0.294557 0.103342 0.067535 0.015943 0.117912 0.000010 0.041315 0.316669 0.042718
0.185264 0.137749 0.261570 0.010069 0.058711 0.000010 0.003658 0.342224 0.000746
0.042997 0.000018 0.223050 0.233995 0.133653 0.000012 0.088326 0.277939 0.000010
0.146215 0.172753 0.248427 0.103192 0.000010 0.000010 0.135528 0.193855 0.000010
0.115526 0.160712 0.213811 0.126256 0.097048 0.000010 0.101357 0.185269 0.000010
0.060772 0.000010 0.415306 0.000010 0.162907 0.000010 0.266039 0.000010 0.094936
0.206785 0.000011 0.208172 0.152496 0.000010 0.000010 0.079321 0.353185 0.000010
0.198550 0.051944 0.465498 0.103113 0.000010 0.000010 0.146192 0.027343 0.007340
0.450860 0.020846 0.205541 0.000014 0.108457 0.000010 0.032439 0.138983 0.042849
0.155836 0.095083 0.321668 0.000010 0.169941 0.000010 0.086897 0.124573 0.045983
0.252661 0.202318 0.015271 0.066481 0.102997 0.000010 0.000010 0.330195 0.030057
0.287009 0.000013 0.219818 0.099305 0.000010 0.000014 0.086274 0.307547 0.000010
0.049972 0.122994 0.245001 0.287453 0.000010 0.013442 0.144177 0.136941 0.000010
0.319460 0.038343 0.000010 0.119481 0.013349 0.000010 0.268350 0.240987 0.000010
0.176876 0.074171 0.000010 0.045183 0.000010 0.000010 0.000010 0.087450 0.616280
0.406726 0.000010 0.000010 0.000010 0.000010 0.000010 0.117805 0.475409 0.000010
0.200185 0.010112 0.000010 0.318154 0.065716 0.000010 0.018727 0.387076 0.000010
0.328967 0.000010 0.000010 0.152079 0.014902 0.000010 0.050320 0.453692 0.000010
0.396885 0.083003 0.021339 0.185737 0.000010 0.000010 0.070241 0.242766 0.000010
0.220034 0.000010 0.041516 0.000010 0.000010 0.000010 0.072437 0.665963 0.000010
0.376361 0.000010 0.000010 0.136706 0.000010 0.000010 0.000010 0.438531 0.048353
0.350883 0.132715 0.000010 0.027189 0.043898 0.079235 0.010603 0.352828 0.002640
0.321940 0.000010 0.000010 0.000010 0.023654 0.001419 0.073712 0.579235 0.000010
0.287044 0.000010 0.000010 0.271767 0.000010 0.000010 0.034574 0.406565 0.000010
0.402686 0.108830 0.057952 0.000010 0.000010 0.000010 0.000010 0.424632 0.005861
0.277885 0.035300 0.093967 0.225116 0.000010 0.000010 0.079675 0.288026 0.000010
0.262428 0.000010 0.090199 0.071087 0.000010 0.000010 0.072563 0.499894 0.003799
0.353463 0.000014 0.053936 0.012578 0.000010 0.000010 0.121533 0.458446 0.000010
0.182311 0.141962 0.000955 0.042295 0.000010 0.036053 0.122177 0.474228 0.000010
0.172336 0.228007 0.023248 0.000010 0.114364 0.000010 0.032959 0.370474 0.058592
0.190170 0.000010 0.000010 0.000010 0.000010 0.007565 0.124462 0.571625 0.106138
0.302701 0.007289 0.000010 0.138330 0.000010 0.015652 0.134458 0.369126 0.032423
0.499475 0.000010 0.000010 0.036876 0.048933 0.000010 0.158847 0.255829 0.000010
0.279493 0.058461 0.129543 0.109548 0.000010 0.000010 0.074216 0.348709 0.000010
0.290423 0.107440 0.000010 0.098024 0.054218 0.000010 0.069026 0.380840 0.000010
0.269275 0.000010 0.000010 0.140295 0.000010 0.000010 0.054076 0.536304 0.000010
0.463615 0.052125 0.033401 0.015797 0.033352 0.069451 0.000010 0.319340 0.012910
0.230977 0.000010 0.000010 0.295604 0.089407 0.000010 0.000010 0.332839 0.051133
0.504994 0.000010 0.000010 0.000010 0.000010 0.000010 0.000010 0.494936 0.000010
0.254101 0.000010 0.000010 0.000010 0.000010 0.000010 0.073256 0.672582 0.000010
0.000010 0.000010 0.082968 0.012382 0.066604 0.000010 0.261214 0.576793 0.000010
0.357205 0.057030 0.000010 0.078271 0.000010 0.000010 0.199780 0.307674 0.000010
0.147473 0.000010 0.052681 0.034802 0.000010 0.000010 0.094917 0.670087 0.000010
0.289543 0.088042 0.000010 0.191739 0.000010 0.000010 0.000010 0.430625 0.000010
0.128410 0.000010 0.171794 0.193620 0.015220 0.068009 0.113404 0.309523 0.000010
0.059480 0.109622 0.000010 0.222576 0.014495 0.027666 0.166385 0.362801 0.036964
0.131249 0.100882 0.030763 0.121431 0.078300 0.013369 0.000010 0.486370 0.037625
0.000010 0.081628 0.000010 0.082795 0.000010 0.044950 0.318060 0.472526 0.000010
0.203091 0.000010 0.000010 0.003342 0.039080 0.000010 0.232739 0.521708 0.000010
0.177272 0.000010 0.000010 0.000010 0.000010 0.000010 0.236721 0.585947 0.000010
0.390453 0.000010 0.000010 0.000010 0.133921 0.000010 0.099501 0.376075 0.000010
0.161818 0.000010 0.032655 0.139080 0.114825 0.000010 0.052381 0.499211 0.000010
0.495619 0.000010 0.000010 0.000010 0.086865 0.006092 0.000010 0.384059 0.027325
0.275089 0.000010 0.056230 0.051060 0.038250 0.000010 0.000010 0.579332 0.000010
0.286507 0.000010 0.036696 0.000010 0.000010 0.000010 0.167388 0.509359 0.000010
0.190792 0.056250 0.000010 0.012795 0.000010 0.009341 0.123913 0.546098 0.060791
0.328774 0.000010 0.021049 0.027235 0.000010 0.000010 0.159863 0.463039 0.000010
0.165872 0.132623 0.000010 0.047878 0.096328 0.054699 0.000010 0.502569 0.000010
0.229116 0.000010 0.000010 0.000010 0.000010 0.000010 0.336153 0.434671 0.000010
0.309802 0.000010 0.000011 0.000010 0.000010 0.000010 0.354904 0.335233 0.000010
0.264703 0.000010 0.223044 0.000010 0.097026 0.000010 0.121457 0.293730 0.000010
0.422556 0.000010 0.127192 0.010202 0.065278 0.000010 0.052327 0.322415 0.000010
0.213578 0.000010 0.017962 0.205804 0.000010 0.000010 0.000010 0.562606 0.000010
0.327082 0.000010 0.075766 0.062351 0.000010 0.016885 0.142809 0.375078 0.000010
0.136738 0.216043 0.150214 0.179871 0.000010 0.000010 0.048818 0.223398 0.044899
0.280917 0.000010 0.110697 0.059227 0.137635 0.000010 0.049424 0.362070 0.000010
0.031329 0.000010 0.000010 0.318996 0.009074 0.000010 0.169502 0.467362 0.003707
0.287675 0.000010 0.105959 0.000010 0.000010 0.000010 0.156686 0.449630 0.000010
0.393809 0.000010 0.000010 0.152060 0.000010 0.000010 0.033126 0.420955 0.000010
0.437289 0.021337 0.000010 0.000010 0.042699 0.005425 0.062903 0.406229 0.024099
0.415509 0.031119 0.000010 0.111021 0.000010 0.000010 0.074545 0.340199 0.027578
0.301194 0.000010 0.000010 0.000010 0.042333 0.000010 0.226769 0.429654 0.000010
0.216068 0.000010 0.000010 0.052267 0.000010 0.000010 0.106888 0.624727 0.000010
0.374929 0.119576 0.000010 0.000020 0.000010 0.064007 0.019090 0.422349 0.000010
0.132065 0.066756 0.000010 0.000010 0.064347 0.000010 0.313871 0.362584 0.060348
0.134182 0.034695 0.000010 0.106535 0.000010 0.000010 0.283915 0.440633 0.000010
0.308338 0.000010 0.000010 0.021573 0.041044 0.000010 0.102128 0.526876 0.000010
0.176342 0.088558 0.000010 0.000010 0.188490 0.000010 0.082780 0.463790 0.000010
0.439082 0.015543 0.062252 0.000010 0.000010 0.000010 0.000010 0.483073 0.000010
0.329418 0.030226 0.000010 0.000010 0.000010 0.000010 0.110377 0.529930 0.000010
0.000010 0.112145 0.000010 0.243936 0.124496 0.000010 0.088510 0.430873 0.000010
0.434184 0.118115 0.015052 0.000010 0.000010 0.000010 0.000010 0.432599 0.000010
0.358927 0.110041 0.000010 0.092805 0.000010 0.000010 0.037911 0.400276 0.000010
0.333942 0.224011 0.000010 0.140234 0.000010 0.000010 0.024413 0.277361 0.000010
0.540311 0.145874 0.000010 0.000012 0.000010 0.030222 0.000013 0.283537 0.000010
0.423701 0.004230 0.000010 0.155526 0.000010 0.000010 0.197509 0.218994 0.000010
0.228714 0.016690 0.000010 0.175039 0.000010 0.000010 0.079300 0.500217 0.000010
0.456639 0.000010 0.049866 0.074400 0.047796 0.026212 0.000010 0.345057 0.000010
0.210125 0.000010 0.028250 0.052302 0.000010 0.000010 0.127455 0.581828 0.000010
0.131366 0.000010 0.177652 0.032967 0.054228 0.000010 0.094597 0.509160 0.000010
0.474509 0.000010 0.077740 0.073472 0.091041 0.006723 0.000010 0.276485 0.000010
0.428917 0.066199 0.000010 0.015689 0.149068 0.000010 0.021843 0.318254 0.000010
0.537362 0.000010 0.000010 0.020663 0.015784 0.000010 0.113587 0.312564 0.000010
0.293062 0.034060 0.032791 0.000010 0.211426 0.000010 0.072720 0.355911 0.000010
0.400563 0.049681 0.134710 0.000010 0.001812 0.000010 0.076702 0.336502 0.000010
0.375248 0.100019 0.079036 0.148286 0.000010 0.000010 0.090816 0.206565 0.000010
0.051294 0.183757 0.047620 0.196049 0.000010 0.000010 0.044251 0.476999 0.000010
0.261027 0.112917 0.036662 0.000010 0.000010 0.027815 0.186809 0.374739 0.000010
0.420153 0.080806 0.027428 0.183978 0.000010 0.004779 0.004002 0.278834 0.000010
0.307980 0.000010 0.049293 0.057825 0.000010 0.027684 0.064394 0.492794 0.000010
0.225932 0.158630 0.037707 0.000010 0.025444 0.017078 0.145816 0.389374 0.000010
0.308654 0.019193 0.052458 0.081742 0.089280 0.000010 0.033274 0.415380 0.000010
0.582033 0.000010 0.071653 0.064509 0.000010 0.000010 0.042693 0.239072 0.000010
0.245193 0.000010 0.062817 0.227126 0.121561 0.046224 0.000010 0.297050 0.000010
0.483865 0.000010 0.130230 0.087760 0.000010 0.000010 0.069714 0.228392 0.000010
0.442814 0.000010 0.000010 0.099241 0.058670 0.000010 0.101583 0.297652 0.000010
0.000010 0.061587 0.023827 0.273708 0.000010 0.000010 0.257967 0.382872 0.000010
0.006538 0.000010 0.003660 0.121946 0.000010 0.000010 0.353224 0.514592 0.000010
0.277649 0.021924 0.076045 0.000010 0.000010 0.000010 0.095402 0.510505 0.018446
0.244345 0.061924 0.013407 0.103394 0.000010 0.000010 0.220413 0.356487 0.000010
0.094703 0.119135 0.129996 0.205496 0.000010 0.000010 0.112687 0.337952 0.000010
0.512647 0.000010 0.000010 0.083734 0.036529 0.003854 0.064589 0.298617 0.000010
0.279097 0.000010 0.023157 0.000010 0.000010 0.000010 0.287922 0.409774 0.000010
0.327497 0.000010 0.053702 0.000016 0.000010 0.007237 0.048017 0.563501 0.000010
0.176645 0.190101 0.000013 0.073615 0.038233 0.000010 0.199921 0.321452 0.000010
0.053902 0.187479 0.157673 0.106541 0.082964 0.008832 0.163737 0.238863 0.000010
0.364933 0.040280 0.000015 0.022239 0.039655 0.000010 0.000013 0.532845 0.000010
0.073351 0.153322 0.011703 0.000010 0.000010 0.000010 0.104824 0.596438 0.060332
0.174219 0.001112 0.148301 0.086621 0.004116 0.005411 0.170817 0.395125 0.014279
0.114831 0.000010 0.087017 0.033034 0.000010 0.000010 0.276576 0.488503 0.000010
0.188334 0.000010 0.048664 0.000010 0.000010 0.000010 0.052238 0.624244 0.086480
0.150011 0.121778 0.208013 0.000010 0.000010 0.000010 0.126128 0.330075 0.063966
0.385174 0.031939 0.147415 0.032245 0.000010 0.000010 0.173413 0.221728 0.008065
0.249221 0.000010 0.078079 0.075189 0.000010 0.015555 0.108757 0.473169 0.000010
0.171787 0.206252 0.038855 0.071025 0.157949 0.000010 0.092748 0.232993 0.028381
0.177007 0.136830 0.000010 0.074439 0.084751 0.000010 0.065480 0.414440 0.047033
0.241480 0.038412 0.000010 0.270142 0.004857 0.000010 0.073910 0.368032 0.003147
0.310814 0.101724 0.000010 0.053055 0.000010 0.000010 0.187682 0.346686 0.000010
0.175159 0.190195 0.040573 0.056614 0.065004 0.000010 0.221527 0.250908 0.000010
0.214542 0.130218 0.000015 0.000010 0.008270 0.000010 0.137241 0.509683 0.000010
0.196147 0.000014 0.000010 0.000014 0.000012 0.000010 0.282702 0.521081 0.000010
0.000010 0.000010 0.037033 0.000010 0.106235 0.591344 0.022650 0.000010 0.242698
0.000010 0.000010 0.000010 0.000010 0.108874 0.450859 0.000010 0.000010 0.440207
0.000010 0.000010 0.051364 0.004187 0.016979 0.219195 0.000010 0.000010 0.708236
0.000010 0.000010 0.000010 0.000010 0.000839 0.329778 0.053063 0.000010 0.616271
0.000010 0.000010 0.000010 0.000010 0.000010 0.392799 0.044551 0.000010 0.562590
0.000010 0.022099 0.000010 0.000010 0.041036 0.206300 0.000010 0.000010 0.730516
0.000010 0.000010 0.000010 0.000010 0.000010 0.580018 0.064807 0.000010 0.355115
0.000010 0.035346 0.011175 0.000010 0.000010 0.287125 0.000010 0.000010 0.666305
0.000010 0.000010 0.000010 0.000010 0.000010 0.119348 0.000010 0.000010 0.880582
0.023904 0.000010 0.000010 0.000010 0.000010 0.119318 0.000010 0.000010 0.856718
0.000010 0.000010 0.029116 0.025796 0.000010 0.401522 0.000010 0.000010 0.543515
0.000010 0.000010 0.075731 0.000010 0.000010 0.426476 0.012411 0.000010 0.485331
0.000010 0.000010 0.000010 0.000010 0.087950 0.446572 0.052834 0.000010 0.412595
0.000010 0.035856 0.038346 0.000010 0.181147 0.297351 0.000010 0.000010 0.447261
0.000010 0.000010 0.000010 0.000010 0.053347 0.445296 0.025698 0.000010 0.475609
0.000010 0.000010 0.000010 0.000010 0.056449 0.297735 0.000010 0.000010 0.645757
0.000010 0.011979 0.000010 0.000010 0.073578 0.343255 0.000010 0.000010 0.571138
0.000010 0.000010 0.000010 0.000010 0.027770 0.404371 0.000010 0.013964 0.553845
0.017388 0.000010 0.000010 0.005404 0.000010 0.353393 0.000010 0.000010 0.623766
0.000010 0.000010 0.007392 0.000010 0.039656 0.250317 0.000010 0.033167 0.669428
0.000010 0.004258 0.118171 0.000010 0.016829 0.565711 0.006932 0.000010 0.288068
0.035694 0.000010 0.000010 0.000010 0.000010 0.343484 0.000010 0.000010 0.620762
0.000010 0.000010 0.000010 0.000010 0.000010 0.157029 0.000010 0.015064 0.827847
0.000010 0.000010 0.013730 0.000010 0.012259 0.566788 0.082516 0.001446 0.323230
0.000010 0.000010 0.003801 0.000010 0.000010 0.318669 0.000010 0.000010 0.677470
0.000010 0.000010 0.000010 0.000010 0.146205 0.499824 0.000010 0.000010 0.353912
0.000010 0.000010 0.000010 0.000010 0.000010 0.399118 0.089221 0.000010 0.511601
0.000010 0.016843 0.000010 0.000010 0.000010 0.443825 0.000010 0.000010 0.539272
0.000010 0.000010 0.060027 0.019041 0.818197 0.000010 0.102685 0.000010 0.000010
0.762997 0.000010 0.000010 0.086157 0.006917 0.000010 0.042126 0.101763 0.000010
0.647262 0.000010 0.020637 0.111118 0.000010 0.028590 0.084038 0.108326 0.000010
0.269698 0.063609 0.000010 0.571753 0.000010 0.000010 0.000010 0.094889 0.000010
0.437756 0.044909 0.000010 0.499331 0.000010 0.017954 0.000010 0.000010 0.000010
0.319731 0.122026 0.000010 0.456626 0.032125 0.000010 0.069452 0.000010 0.000010
0.385550 0.126786 0.000010 0.281980 0.051841 0.000010 0.000010 0.153803 0.000010
0.540877 0.000010 0.000010 0.245432 0.000010 0.000010 0.000010 0.207271 0.006370
0.408971 0.000011 0.000010 0.507166 0.010178 0.000010 0.000010 0.073634 0.000010
0.468834 0.116787 0.000010 0.414319 0.000010 0.000010 0.000010 0.000010 0.000010
0.474852 0.000010 0.102284 0.141368 0.000010 0.000010 0.048628 0.232829 0.000010
0.226035 0.096535 0.000010 0.222631 0.000010 0.009202 0.000010 0.445558 0.000010
0.529989 0.036965 0.000010 0.115819 0.108142 0.000010 0.000010 0.209045 0.000010
0.464136 0.000010 0.052467 0.299052 0.000010 0.000010 0.000010 0.184295 0.000010
0.431665 0.000010 0.000010 0.430652 0.000010 0.000010 0.000010 0.137624 0.000010
0.347318 0.031468 0.000010 0.470666 0.000010 0.000010 0.000010 0.150497 0.000010
0.652982 0.068103 0.000010 0.220694 0.000010 0.000010 0.000010 0.058171 0.000010
0.370989 0.000010 0.000010 0.318764 0.000011 0.000010 0.090164 0.220032 0.000010
0.453889 0.043548 0.000010 0.314575 0.000010 0.000010 0.022005 0.165943 0.000010
0.500741 0.000010 0.000010 0.107230 0.000010 0.000010 0.065028 0.326951 0.000010
0.229424 0.149270 0.047242 0.289002 0.024129 0.026993 0.000010 0.203805 0.030125
0.530043 0.000010 0.000010 0.207866 0.000010 0.000010 0.003765 0.258277 0.000010
0.287054 0.000010 0.000010 0.336126 0.000010 0.000010 0.001837 0.374933 0.000010
0.216448 0.000010 0.000010 0.513426 0.000010 0.000010 0.000010 0.184757 0.085318
0.460176 0.074314 0.026267 0.323170 0.001940 0.000010 0.095677 0.018436 0.000010
0.309027 0.132218 0.008141 0.512962 0.000010 0.000010 0.000010 0.021017 0.016605
0.331576 0.030323 0.000010 0.593583 0.000014 0.000010 0.000010 0.005729 0.038744
0.403688 0.011655 0.041454 0.216068 0.000010 0.050467 0.000010 0.197281 0.079367
0.345118 0.000010 0.000010 0.552722 0.000010 0.000010 0.000010 0.088320 0.013790
0.000010 0.030852 0.000010 0.029782 0.927248 0.012067 0.000010 0.000010 0.000010
0.000010 0.000010 0.000010 0.001736 0.891562 0.075448 0.031203 0.000010 0.000010
0.000010 0.000010 0.000010 0.019030 0.973489 0.000010 0.000010 0.007421 0.000010
0.013161 0.005831 0.000010 0.022682 0.933676 0.000010 0.000010 0.000010 0.024610
0.050052 0.080650 0.092583 0.000010 0.720641 0.000010 0.056034 0.000010 0.000010
0.032929 0.000010 0.000010 0.000010 0.925769 0.041242 0.000010 0.000010 0.000010
0.000010 0.000010 0.000010 0.000010 0.978421 0.000010 0.000010 0.021509 0.000010
0.028172 0.000010 0.000010 0.001296 0.937471 0.000010 0.000010 0.000010 0.033010
0.000010 0.000010 0.000010 0.000010 0.982372 0.000010 0.017558 0.000010 0.000010
0.000010 0.007774 0.000010 0.041807 0.947721 0.002649 0.000010 0.000010 0.000010
0.000010 0.000010 0.000010 0.024324 0.975606 0.000010 0.000010 0.000010 0.000010
0.000010 0.000010 0.095906 0.023084 0.880950 0.000010 0.000010 0.000010 0.000010
0.000010 0.000010 0.000010 0.043295 0.866987 0.064479 0.025188 0.000011 0.000010
0.015677 0.026239 0.000010 0.013254 0.882351 0.035333 0.005769 0.000010 0.021357
0.012690 0.000010 0.000010 0.000012 0.987238 0.000010 0.000010 0.000010 0.000010
0.019205 0.000010 0.000010 0.000010 0.928760 0.000010 0.000010 0.000010 0.051975
0.052266 0.020491 0.000010 0.000010 0.910245 0.016947 0.000010 0.000010 0.000010
0.309453 0.004793 0.000010 0.000010 0.000010 0.029145 0.147572 0.289795 0.219212
0.404057 0.000010 0.076895 0.078909 0.000010 0.000010 0.088239 0.301043 0.050827
0.793849 0.000010 0.000010 0.008546 0.000010 0.000010 0.073007 0.124548 0.000010
0.374969 0.000010 0.000010 0.041551 0.000010 0.007919 0.117988 0.316148 0.141396
0.494059 0.000010 0.055918 0.192488 0.000010 0.000010 0.000010 0.257485 0.000010
0.518253 0.006612 0.031146 0.145451 0.000010 0.000010 0.000010 0.223066 0.075442
0.686745 0.008916 0.000010 0.007827 0.000010 0.026240 0.000010 0.244807 0.025434
0.584987 0.000010 0.000010 0.115746 0.000010 0.000010 0.000010 0.299207 0.000010
0.666228 0.000010 0.000010 0.004509 0.045721 0.000010 0.000010 0.283491 0.000010
0.574752 0.015008 0.000010 0.104148 0.000010 0.008659 0.040650 0.136217 0.120547
0.619326 0.000010 0.049668 0.000012 0.113873 0.000010 0.000010 0.217081 0.000010
0.573492 0.000010 0.000010 0.218980 0.000010 0.000010 0.017794 0.189685 0.000010
0.702709 0.058577 0.009253 0.000010 0.000010 0.012082 0.000010 0.217338 0.000010
0.441453 0.000010 0.000010 0.156572 0.000010 0.000010 0.002086 0.399839 0.000010
0.399976 0.038764 0.000010 0.076425 0.000010 0.000010 0.129978 0.335629 0.019197
0.534444 0.005026 0.000010 0.003098 0.066898 0.000010 0.000010 0.390494 0.000010
0.470348 0.000010 0.000010 0.174295 0.065166 0.000010 0.000010 0.290140 0.000010
0.443700 0.045257 0.135206 0.000010 0.000010 0.125855 0.000010 0.249941 0.000010
0.701073 0.114303 0.000010 0.000010 0.041785 0.000010 0.000010 0.142788 0.000010
0.615729 0.082310 0.000010 0.174099 0.000010 0.000010 0.000010 0.113749 0.014074
0.332716 0.000010 0.000010 0.279606 0.000010 0.000010 0.000010 0.387618 0.000010
0.532831 0.148961 0.000010 0.000010 0.000010 0.000010 0.030504 0.287653 0.000010
0.596361 0.000010 0.000010 0.000010 0.000010 0.000010 0.000010 0.403569 0.000010
0.544743 0.015003 0.025947 0.000010 0.030986 0.033017 0.000010 0.350274 0.000010
0.526527 0.011282 0.233645 0.000010 0.000010 0.000010 0.000010 0.211690 0.016815
0.612469 0.000010 0.000010 0.020721 0.000010 0.000010 0.014617 0.207754 0.144399
0.497031 0.000010 0.033018 0.059108 0.000010 0.000010 0.055849 0.354952 0.000010
0.434337 0.177950 0.000010 0.289441 0.000010 0.000010 0.000010 0.098222 0.000010
0.736488 0.114236 0.000010 0.000010 0.000010 0.008107 0.000010 0.141118 0.000010
0.850776 0.000010 0.138820 0.000013 0.010341 0.000010 0.000010 0.000010 0.000010
0.512460 0.000010 0.060149 0.000010 0.009609 0.042735 0.000010 0.375008 0.000010
0.535382 0.000010 0.018081 0.184402 0.000010 0.000010 0.000010 0.262084 0.000010
0.560753 0.000010 0.000010 0.094112 0.000010 0.042836 0.029279 0.272979 0.000010
0.452914 0.000010 0.000010 0.090425 0.140289 0.009101 0.047056 0.260184 0.000010
0.627586 0.041888 0.000010 0.000010 0.009397 0.024096 0.000010 0.280742 0.016261
0.599294 0.000010 0.000010 0.091628 0.055078 0.000010 0.000010 0.253950 0.000010
0.689989 0.175289 0.000010 0.001945 0.000010 0.032662 0.003576 0.096511 0.000010
0.401853 0.000010 0.000010 0.190447 0.020671 0.000010 0.130006 0.256983 0.000010
0.590185 0.000010 0.000482 0.123434 0.028270 0.000010 0.000010 0.257589 0.000010
0.522529 0.000010 0.000010 0.045264 0.061135 0.000010 0.073097 0.297936 0.000010
0.429912 0.000010 0.000010 0.087179 0.000010 0.000010 0.000010 0.443820 0.039038
0.490330 0.000010 0.000010 0.000010 0.000010 0.067181 0.000010 0.441885 0.000555
0.560607 0.000010 0.062236 0.000010 0.000010 0.000010 0.000010 0.255377 0.121729
0.606072 0.000010 0.000010 0.000010 0.053913 0.000010 0.001817 0.180912 0.157246
0.266056 0.000010 0.000010 0.000010 0.000010 0.000010 0.129198 0.309142 0.295553
0.696881 0.000010 0.000010 0.000010 0.022400 0.000010 0.000010 0.245163 0.035506
0.414505 0.045553 0.000010 0.019553 0.050691 0.000010 0.161062 0.051271 0.257345
0.561005 0.066359 0.002167 0.000010 0.000010 0.000010 0.021810 0.147157 0.201472
0.696788 0.000010 0.080212 0.018640 0.000010 0.004889 0.126182 0.014403 0.058865
0.525235 0.000010 0.000010 0.046921 0.086164 0.000010 0.119051 0.121207 0.101392
0.632576 0.058431 0.000010 0.014632 0.154401 0.000010 0.000010 0.139920 0.000010
0.537609 0.037661 0.071866 0.000010 0.002185 0.000010 0.104149 0.246500 0.000010
0.735070 0.000010 0.000010 0.000010 0.000010 0.015603 0.010577 0.203659 0.035051
0.496358 0.124821 0.007661 0.017781 0.016531 0.000010 0.000010 0.066709 0.270120
0.663561 0.000010 0.000010 0.022619 0.000010 0.085598 0.074525 0.153658 0.000010
0.077500 0.000010 0.000011 0.000010 0.000010 0.114485 0.000010 0.103438 0.704526
0.433097 0.000010 0.047303 0.084741 0.000010 0.000010 0.027552 0.246334 0.160944
0.442574 0.000010 0.000010 0.040818 0.101718 0.000010 0.000010 0.329800 0.085049
0.666922 0.002217 0.000010 0.052385 0.000010 0.000010 0.000010 0.278427 0.000010
0.292869 0.000010 0.000010 0.262344 0.062410 0.047525 0.103632 0.177244 0.053956
0.599081 0.122221 0.000010 0.058509 0.112914 0.000010 0.009130 0.098115 0.000010
0.425091 0.000010 0.027922 0.000010 0.000010 0.000010 0.025509 0.350141 0.171297
0.758697 0.000010 0.000010 0.000010 0.057839 0.007072 0.142419 0.012811 0.021131
0.415932 0.160133 0.000010 0.000010 0.077276 0.000010 0.000010 0.209322 0.137298
0.743972 0.000010 0.000010 0.000010 0.100386 0.000010 0.000010 0.102551 0.053041
0.525781 0.000010 0.085700 0.054192 0.030658 0.067188 0.000010 0.186625 0.049836
0.565106 0.000010 0.029846 0.000010 0.026748 0.000010 0.079401 0.298859 0.000010
0.572319 0.035142 0.011599 0.070147 0.000010 0.000011 0.000010 0.226777 0.083985
0.730356 0.000010 0.000010 0.000010 0.010480 0.000010 0.000010 0.259104 0.000010
0.601072 0.000010 0.018210 0.030441 0.120521 0.023836 0.000010 0.165697 0.040203
0.425021 0.000010 0.000010 0.201625 0.000010 0.000010 0.072204 0.301100 0.000010
0.500296 0.152287 0.000010 0.024259 0.056941 0.000010 0.005069 0.150877 0.110251
0.241072 0.000010 0.005706 0.104326 0.038985 0.002238 0.000010 0.291644 0.316009
0.550627 0.106448 0.000010 0.041530 0.000010 0.037913 0.000450 0.263002 0.000010
0.866879 0.000010 0.005566 0.022625 0.013458 0.024785 0.066657 0.000010 0.000010
0.532665 0.000010 0.000010 0.139182 0.000010 0.088725 0.125872 0.000010 0.113516
0.519512 0.020620 0.000010 0.000010 0.090635 0.000010 0.004351 0.203569 0.161284
0.398206 0.000010 0.000010 0.000010 0.000010 0.000010 0.009931 0.251225 0.340588
0.667459 0.056900 0.000010 0.049348 0.000010 0.064370 0.000010 0.151999 0.009895
0.435432 0.000010 0.000010 0.000010 0.000010 0.059251 0.048857 0.100662 0.355758
0.282816 0.000010 0.000010 0.064267 0.036711 0.106298 0.028324 0.384329 0.097235
0.632791 0.000010 0.000010 0.146265 0.000010 0.000010 0.000010 0.092940 0.127954
0.569770 0.000010 0.030006 0.000010 0.000010 0.000013 0.000010 0.400160 0.000010
0.330185 0.159734 0.005508 0.000010 0.050944 0.063500 0.000010 0.370459 0.019651
0.493352 0.117322 0.000010 0.000010 0.000010 0.000010 0.000010 0.150190 0.239086
0.769205 0.000010 0.026233 0.000010 0.022754 0.000010 0.131054 0.050713 0.000010
0.411650 0.045183 0.000010 0.079260 0.000010 0.000010 0.000010 0.342112 0.121754
0.082832 0.004793 0.000010 0.000010 0.830609 0.029559 0.052167 0.000010 0.000010
0.038147 0.129852 0.000010 0.000014 0.658761 0.000010 0.173187 0.000010 0.000010
0.039057 0.000010 0.096653 0.000010 0.687775 0.000010 0.176466 0.000010 0.000010
0.000010 0.000010 0.025041 0.000010 0.654374 0.000010 0.320525 0.000010 0.000010
0.013940 0.000010 0.000010 0.000010 0.922928 0.000010 0.063072 0.000010 0.000010
0.000010 0.000011 0.102200 0.000010 0.679483 0.000010 0.218255 0.000010 0.000010
0.000010 0.123383 0.023017 0.000010 0.660308 0.000010 0.193242 0.000010 0.000010
0.353277 0.084200 0.000010 0.250444 0.000010 0.000010 0.029434 0.255012 0.027603
0.593271 0.000010 0.000010 0.154094 0.000010 0.000010 0.006402 0.246183 0.000010
0.525703 0.074612 0.000010 0.108756 0.093890 0.000010 0.000011 0.196998 0.000010
0.531270 0.076662 0.037906 0.214105 0.021436 0.000010 0.007886 0.110715 0.000010
0.630678 0.070113 0.000010 0.155812 0.000012 0.000010 0.009451 0.133903 0.000010
0.561929 0.000010 0.000010 0.278210 0.000010 0.000010 0.063352 0.096459 0.000010
0.589580 0.000010 0.000010 0.386087 0.000010 0.000010 0.000010 0.024273 0.000010
0.313067 0.009922 0.000010 0.533392 0.000010 0.000010 0.000010 0.143569 0.000010
0.690428 0.000010 0.033285 0.091970 0.000010 0.000010 0.000010 0.165978 0.018298
0.486029 0.000010 0.014025 0.248701 0.023148 0.000010 0.046370 0.181698 0.000010
0.598164 0.028789 0.000010 0.000010 0.000010 0.000010 0.000010 0.261314 0.111683
0.620453 0.000010 0.052790 0.162945 0.000010 0.000010 0.021915 0.032494 0.109374
0.623041 0.138105 0.000010 0.000010 0.000010 0.009075 0.000838 0.228901 0.000010
0.451587 0.000010 0.047102 0.076186 0.000010 0.000010 0.000010 0.205902 0.219183
0.316372 0.073999 0.000010 0.021395 0.000010 0.061352 0.005170 0.450432 0.071258
0.425954 0.127157 0.000010 0.173945 0.000010 0.028168 0.000010 0.244736 0.000010
0.498936 0.000010 0.000010 0.208428 0.000010 0.000010 0.029493 0.263093 0.000010
0.468859 0.000010 0.000010 0.075969 0.000010 0.000010 0.000010 0.374903 0.080219
0.667658 0.000010 0.000010 0.000010 0.000010 0.000010 0.020345 0.269416 0.042532
0.616701 0.192320 0.000010 0.000010 0.000010 0.084740 0.000010 0.050386 0.055813
0.693172 0.043035 0.000010 0.087023 0.105632 0.000010 0.000010 0.059178 0.011930
0.689357 0.000010 0.000010 0.024181 0.030408 0.000010 0.000010 0.156415 0.099599
0.474421 0.000010 0.000010 0.000010 0.127255 0.008704 0.000010 0.214994 0.174586
0.654619 0.033066 0.000010 0.135613 0.000010 0.022273 0.040478 0.113921 0.000010
0.723156 0.007061 0.000010 0.101691 0.000010 0.000010 0.095211 0.072840 0.000010
0.603338 0.175828 0.000010 0.128588 0.027678 0.064528 0.000010 0.000010 0.000010
0.526820 0.000010 0.000010 0.046191 0.009485 0.000010 0.017482 0.268461 0.131529
0.466105 0.000010 0.017818 0.038254 0.000010 0.000010 0.016984 0.304958 0.155851
0.585786 0.000010 0.000010 0.069321 0.000010 0.000010 0.000010 0.074446 0.270397
0.574981 0.000010 0.000010 0.136386 0.012985 0.002712 0.000010 0.200664 0.072243
0.517931 0.000010 0.007969 0.284115 0.000010 0.000010 0.110057 0.079889 0.000010
0.612737 0.000010 0.062160 0.128535 0.000010 0.000010 0.000010 0.196517 0.000010
0.526365 0.023669 0.013778 0.159248 0.000010 0.000010 0.000010 0.241418 0.035492
0.278117 0.031140 0.000010 0.208853 0.181387 0.000010 0.000010 0.014764 0.285710
0.627386 0.033413 0.010365 0.116489 0.000010 0.000010 0.000010 0.079052 0.133265
0.000010 0.964303 0.035627 0.000010 0.000010 0.000010 0.000010 0.000010 0.000010
0.000010 0.694204 0.000010 0.018474 0.000010 0.164006 0.000010 0.000010 0.123267
0.000010 0.908997 0.090933 0.000010 0.000010 0.000010 0.000010 0.000010 0.000010
0.000010 0.858644 0.000010 0.092434 0.000010 0.000010 0.000010 0.048863 0.000010
0.142980 0.127816 0.264751 0.073766 0.037091 0.000010 0.312785 0.022202 0.018599
0.000010 0.000010 0.661077 0.071123 0.127221 0.000010 0.140530 0.000010 0.000010
0.008931 0.008288 0.448530 0.042434 0.133227 0.000937 0.337930 0.019713 0.000010
0.170604 0.000010 0.439525 0.000010 0.011030 0.000010 0.378790 0.000010 0.000010
0.000010 0.035458 0.357162 0.055984 0.000010 0.000010 0.297097 0.254258 0.000010
0.000010 0.000010 0.529639 0.146105 0.112658 0.019351 0.126929 0.065288 0.000010
0.000010 0.058080 0.478551 0.054952 0.052815 0.000010 0.347128 0.000010 0.008443
0.000010 0.165059 0.408722 0.000010 0.002072 0.028225 0.395882 0.000010 0.000010
0.078300 0.000010 0.333518 0.000010 0.048473 0.000010 0.489808 0.000010 0.049861
0.014490 0.000010 0.476610 0.053415 0.000524 0.117790 0.337141 0.000010 0.000010
0.515598 0.000010 0.000010 0.000010 0.069501 0.079683 0.000010 0.313450 0.021728
0.455809 0.003010 0.000010 0.053198 0.000010 0.000010 0.000010 0.339587 0.148356
0.515459 0.029797 0.000010 0.000010 0.000010 0.000010 0.097456 0.275797 0.081450
0.488965 0.000010 0.000010 0.000010 0.000010 0.000010 0.203232 0.307743 0.000010
0.663225 0.122628 0.000010 0.166946 0.035894 0.000010 0.000010 0.000010 0.011268
0.592679 0.000010 0.000010 0.000010 0.139323 0.000010 0.000010 0.107191 0.160758
0.631063 0.000010 0.000010 0.065381 0.000010 0.115433 0.030868 0.157216 0.000010
0.561380 0.014978 0.000010 0.006658 0.000010 0.021153 0.081882 0.313920 0.000010
0.577690 0.000010 0.151237 0.000010 0.000010 0.088508 0.022687 0.083281 0.076566
0.662197 0.107776 0.000010 0.033527 0.000010 0.042113 0.010068 0.062447 0.081854
0.487192 0.072455 0.000010 0.000010 0.000010 0.057588 0.032158 0.195426 0.155149
0.406243 0.007244 0.000010 0.095308 0.162451 0.000010 0.000010 0.154942 0.173782
0.394210 0.022954 0.035356 0.199574 0.000010 0.000010 0.000010 0.308918 0.038958
0.642434 0.000010 0.004449 0.124440 0.000010 0.087045 0.000010 0.121895 0.019708
0.410574 0.023389 0.000010 0.015198 0.127835 0.004935 0.031801 0.345537 0.040721
0.436406 0.025825 0.000010 0.000010 0.000010 0.000010 0.205388 0.332331 0.000010
0.601090 0.000010 0.000010 0.000010 0.015336 0.049844 0.000010 0.177646 0.156043
0.503491 0.000010 0.069614 0.122853 0.000010 0.000010 0.000010 0.265161 0.038841
0.630399 0.000010 0.073365 0.195206 0.000010 0.001742 0.000010 0.099247 0.000010
0.488479 0.072846 0.000010 0.104103 0.032587 0.106847 0.001189 0.012296 0.181644
0.631611 0.036557 0.000010 0.051252 0.046510 0.000010 0.000010 0.234029 0.000010
0.000010 0.000010 0.665082 0.000010 0.000010 0.025162 0.279485 0.005257 0.024974
0.000010 0.000010 0.681178 0.000010 0.000010 0.006968 0.294821 0.016984 0.000010
0.000010 0.000010 0.722040 0.083392 0.000010 0.026352 0.159064 0.009112 0.000010
0.000010 0.043149 0.699621 0.054113 0.003182 0.000010 0.199896 0.000010 0.000010
0.000010 0.049326 0.787031 0.117337 0.000010 0.000010 0.030207 0.016059 0.000010
0.000010 0.069889 0.532884 0.000010 0.000010 0.000010 0.357060 0.040117 0.000010
0.000010 0.000010 0.615060 0.028968 0.028748 0.053603 0.252231 0.000010 0.021358
0.000010 0.046925 0.573894 0.044568 0.000010 0.000010 0.247933 0.086640 0.000010
0.000010 0.000010 0.529497 0.075960 0.000010 0.000010 0.336212 0.058279 0.000010
0.000010 0.000010 0.614175 0.079098 0.000010 0.000010 0.306667 0.000010 0.000010
0.000010 0.004057 0.590795 0.000010 0.048802 0.042579 0.313727 0.000010 0.000010
0.000010 0.115257 0.599272 0.000010 0.000010 0.000010 0.285412 0.000010 0.000010
0.049152 0.000010 0.675843 0.000010 0.000010 0.000010 0.226828 0.048128 0.000010
0.000010 0.000010 0.568440 0.000010 0.035226 0.000010 0.396274 0.000010 0.000010
0.000010 0.000010 0.604273 0.000018 0.003844 0.000010 0.353088 0.000010 0.038737
0.046791 0.106558 0.586292 0.020218 0.000010 0.000010 0.240101 0.000010 0.000010
0.020446 0.059299 0.719545 0.000010 0.000010 0.046914 0.153755 0.000010 0.000010
0.000010 0.195401 0.361030 0.000010 0.000010 0.000010 0.443509 0.000010 0.000010
0.000010 0.000011 0.643843 0.219508 0.000010 0.000010 0.136587 0.000011 0.000010
0.006661 0.079002 0.618724 0.000010 0.000010 0.000010 0.295563 0.000010 0.000010
0.036646 0.000010 0.664245 0.000010 0.000010 0.000010 0.270241 0.000010 0.028818
0.000010 0.100721 0.712707 0.000010 0.000010 0.000010 0.186512 0.000010 0.000010
0.000010 0.000010 0.863992 0.000010 0.017129 0.000010 0.118818 0.000010 0.000010
0.041652 0.026002 0.500133 0.000010 0.000010 0.000010 0.425049 0.007124 0.000010
0.000010 0.138007 0.580625 0.000011 0.016020 0.030109 0.235198 0.000010 0.000010
0.000010 0.164356 0.590676 0.000016 0.000010 0.000010 0.244903 0.000010 0.000010
0.000010 0.102007 0.605249 0.000010 0.025326 0.000010 0.267368 0.000010 0.000010
0.000010 0.099043 0.608310 0.000010 0.000010 0.000010 0.199375 0.093222 0.000010
0.000010 0.091669 0.601096 0.000010 0.000010 0.000011 0.307175 0.000010 0.000010
0.079813 0.000010 0.630768 0.000010 0.000010 0.022474 0.257437 0.000010 0.009468
0.000010 0.123588 0.662297 0.006388 0.000010 0.000010 0.201258 0.006429 0.000010
0.014372 0.010256 0.685438 0.000010 0.002308 0.000010 0.287586 0.000010 0.000010
0.000010 0.090299 0.600419 0.000010 0.070534 0.000010 0.238698 0.000010 0.000010
0.000010 0.037356 0.664225 0.000010 0.000010 0.000010 0.274269 0.024100 0.000010
0.023939 0.000010 0.615301 0.051630 0.030460 0.000010 0.278630 0.000010 0.000010
0.000010 0.117767 0.592034 0.000010 0.000010 0.000010 0.123721 0.166428 0.000010
0.024658 0.000010 0.633670 0.000010 0.172818 0.000010 0.168804 0.000010 0.000010
0.000010 0.054151 0.540087 0.000010 0.000010 0.000010 0.405702 0.000010 0.000010
0.000010 0.044089 0.600897 0.000010 0.000010 0.000010 0.354954 0.000010 0.000010
0.048511 0.000011 0.224236 0.000010 0.662009 0.000010 0.065194 0.000010 0.000010
0.000010 0.007704 0.000010 0.000010 0.936329 0.055908 0.000010 0.000010 0.000010
0.000010 0.104842 0.605238 0.000010 0.000010 0.018074 0.170214 0.101592 0.000010
0.000010 0.094659 0.541093 0.067921 0.000010 0.000010 0.180524 0.104864 0.010908
0.200417 0.088969 0.000010 0.459616 0.028089 0.000010 0.000010 0.175860 0.047019
0.102616 0.000010 0.000010 0.535950 0.000010 0.000010 0.000010 0.361374 0.000010
0.405600 0.019235 0.053875 0.278577 0.072410 0.000010 0.061512 0.108771 0.000010
0.572962 0.025540 0.000010 0.257576 0.000010 0.000010 0.000010 0.143872 0.000010
0.389531 0.000010 0.000010 0.237027 0.090738 0.000010 0.000010 0.282654 0.000010
0.418680 0.000010 0.000010 0.252202 0.039409 0.000010 0.049179 0.240491 0.000010
0.411484 0.000010 0.000010 0.382720 0.011686 0.000010 0.106481 0.046611 0.040988
0.397096 0.000010 0.000010 0.348277 0.000010 0.000010 0.000010 0.254567 0.000010
0.198765 0.001954 0.065995 0.404945 0.030466 0.000010 0.000010 0.207718 0.090137
0.179291 0.133516 0.003860 0.510671 0.000010 0.000010 0.045540 0.127091 0.000010
0.155183 0.021944 0.000010 0.461594 0.125554 0.000010 0.000012 0.235683 0.000010
0.058947 0.000015 0.000010 0.794766 0.046776 0.000010 0.009680 0.089787 0.000010
0.281836 0.050955 0.000010 0.413055 0.000010 0.000010 0.000010 0.254104 0.000010
0.000010 0.038694 0.636557 0.010955 0.000010 0.012832 0.261477 0.039456 0.000010
0.000010 0.000010 0.621965 0.000010 0.000010 0.000010 0.358146 0.019829 0.000010
0.000010 0.000010 0.649561 0.000010 0.000010 0.039138 0.311241 0.000010 0.000010
0.038065 0.117071 0.600710 0.000010 0.015844 0.000010 0.228271 0.000010 0.000010
0.000010 0.005208 0.659180 0.018507 0.000010 0.000010 0.302212 0.000010 0.014853
0.000010 0.110168 0.508775 0.000010 0.000010 0.000010 0.380997 0.000010 0.000010
0.000010 0.017276 0.638418 0.000010 0.000010 0.000010 0.344247 0.000010 0.000010
0.000010 0.144119 0.507907 0.000010 0.000010 0.022489 0.325435 0.000010 0.000010
0.000010 0.000010 0.496946 0.000010 0.000010 0.000010 0.454578 0.048416 0.000010
0.000010 0.114507 0.610681 0.000010 0.000010 0.000010 0.274751 0.000010 0.000010
0.000010 0.037304 0.657851 0.000010 0.000010 0.000010 0.304786 0.000010 0.000010
0.000010 0.057713 0.627048 0.000010 0.000010 0.000010 0.315179 0.000010 0.000010
