0.540665 0.000010 0.000010 0.000010 0.000010 0.000010 0.037380 0.421894 0.000010
0.139753 0.112330 0.000010 0.127224 0.076999 0.000010 0.083086 0.460577 0.000010
0.511378 0.000010 0.000010 0.000010 0.049051 0.000010 0.008887 0.430634 0.000010
0.283096 0.000010 0.006048 0.082540 0.000010 0.005738 0.136004 0.327616 0.158939
0.286608 0.041020 0.002616 0.063338 0.055450 0.011894 0.143070 0.387451 0.008551
0.227873 0.000010 0.000010 0.000010 0.036912 0.031623 0.088227 0.242780 0.372556
0.166174 0.000010 0.000010 0.087045 0.068776 0.028317 0.207320 0.439994 0.002353
0.000010 0.000010 0.000010 0.187819 0.145558 0.000010 0.047828 0.543732 0.075023
0.353344 0.000010 0.000010 0.239037 0.000010 0.000010 0.057585 0.349983 0.000010
0.000010 0.000010 0.017922 0.150379 0.000010 0.057831 0.264171 0.509657 0.000010
0.218934 0.111671 0.000010 0.037116 0.137516 0.045192 0.089616 0.336506 0.023440
0.485844 0.011890 0.000010 0.005043 0.082531 0.000010 0.051094 0.363569 0.000010
0.332100 0.000010 0.000010 0.104962 0.000010 0.020329 0.045330 0.483574 0.013675
0.465722 0.000010 0.000010 0.000010 0.067307 0.166312 0.000010 0.177072 0.123547
0.353250 0.000010 0.000010 0.000010 0.000010 0.000010 0.002884 0.643805 0.000010
0.040993 0.000010 0.000010 0.122017 0.073428 0.000010 0.094213 0.669309 0.000010
0.144985 0.000010 0.000010 0.000010 0.000011 0.000010 0.000010 0.813382 0.041573
0.075593 0.000010 0.086258 0.000010 0.052979 0.000010 0.000010 0.670503 0.114626
0.219877 0.000010 0.000010 0.010245 0.047466 0.000010 0.000010 0.532156 0.190216
0.290343 0.000010 0.000010 0.017520 0.000010 0.000010 0.213742 0.478344 0.000010
0.209221 0.162064 0.000010 0.000010 0.047914 0.000010 0.066276 0.444796 0.069700
0.290949 0.000010 0.000010 0.000010 0.000010 0.000010 0.264108 0.381907 0.062986
0.059803 0.000010 0.000010 0.000010 0.000010 0.048315 0.342872 0.466230 0.082739
0.097510 0.000010 0.041894 0.311177 0.018107 0.000010 0.000010 0.531273 0.000010
0.318292 0.000010 0.000010 0.128116 0.000010 0.000010 0.000010 0.522280 0.031261
0.240111 0.000010 0.000010 0.000010 0.017570 0.000010 0.171222 0.480921 0.090136
0.214379 0.168585 0.000010 0.055272 0.003372 0.000010 0.163520 0.357688 0.037165
0.084545 0.000010 0.000010 0.048851 0.000010 0.082577 0.074512 0.552872 0.156613
0.420607 0.050024 0.000010 0.000010 0.119126 0.000010 0.000010 0.410193 0.000010
0.209338 0.002676 0.074306 0.074748 0.165127 0.000010 0.000010 0.369505 0.104280
0.459156 0.000010 0.000010 0.011311 0.025199 0.000010 0.151046 0.353249 0.000010
0.415433 0.086056 0.000010 0.000010 0.000010 0.053990 0.147224 0.285238 0.012030
0.210445 0.000010 0.024689 0.154702 0.000010 0.036124 0.082236 0.444490 0.047293
0.407686 0.010246 0.000010 0.000014 0.000010 0.000010 0.087771 0.494243 0.000010
0.016283 0.064607 0.102803 0.000010 0.000010 0.000010 0.043809 0.565505 0.206964
0.455794 0.028673 0.061583 0.000010 0.000010 0.000010 0.000010 0.453900 0.000010
0.361086 0.000010 0.000010 0.069836 0.126221 0.000010 0.044157 0.398660 0.000010
0.328816 0.000010 0.000010 0.000010 0.000010 0.000010 0.219699 0.451424 0.000010
0.000010 0.000010 0.097464 0.016340 0.013197 0.000010 0.223748 0.649211 0.000010
0.360256 0.000010 0.020090 0.000010 0.004941 0.000010 0.071973 0.501277 0.041432
0.362165 0.000010 0.000010 0.196586 0.041136 0.000010 0.035781 0.364292 0.000010
0.432100 0.025537 0.000010 0.160243 0.000010 0.000010 0.299627 0.082453 0.000010
0.192868 0.009989 0.000010 0.131588 0.049679 0.000010 0.021326 0.594519 0.000010
0.116070 0.124331 0.000010 0.223561 0.000010 0.022224 0.000010 0.513773 0.000010
0.482948 0.000010 0.000010 0.076079 0.000010 0.000010 0.000010 0.440913 0.000010
0.285937 0.000010 0.131424 0.000010 0.000010 0.011028 0.000010 0.571562 0.000010
0.225112 0.000010 0.000010 0.133518 0.034040 0.000010 0.154780 0.424964 0.027556
0.260331 0.000010 0.092997 0.139297 0.000010 0.000010 0.020096 0.487239 0.000010
0.062097 0.000010 0.476249 0.174487 0.024221 0.000010 0.032495 0.230420 0.000010
0.325874 0.000010 0.186251 0.196260 0.000010 0.037924 0.031507 0.222154 0.000010
0.089565 0.000010 0.345964 0.081646 0.098652 0.095037 0.239020 0.050097 0.000010
0.169225 0.219784 0.173822 0.000010 0.004651 0.000010 0.248412 0.184076 0.000010
0.073897 0.000012 0.304760 0.147809 0.112437 0.000010 0.008540 0.352526 0.000010
0.000010 0.000010 0.096026 0.045149 0.000010 0.141208 0.233809 0.483768 0.000010
0.004833 0.278423 0.030146 0.231773 0.050755 0.047915 0.000010 0.288408 0.067737
0.101762 0.000010 0.142521 0.223316 0.000010 0.000010 0.090039 0.297932 0.144400
0.093415 0.000010 0.589910 0.000010 0.000010 0.000010 0.134675 0.051172 0.130788
0.174991 0.129768 0.214360 0.107163 0.000010 0.095109 0.122148 0.156441 0.000010
0.230467 0.032072 0.355497 0.000012 0.020947 0.000010 0.215157 0.145827 0.000010
0.119425 0.054546 0.224875 0.048622 0.000010 0.108555 0.162749 0.265451 0.015766
0.037380 0.150079 0.281317 0.117336 0.008727 0.000010 0.161661 0.037753 0.205736
0.182624 0.000010 0.255849 0.210060 0.002414 0.000010 0.024522 0.320543 0.003968
0.446439 0.002522 0.013622 0.000010 0.032987 0.000010 0.126262 0.378138 0.000010
0.130644 0.000010 0.392079 0.000010 0.000010 0.000010 0.294029 0.140421 0.042786
0.006357 0.000010 0.391604 0.013837 0.031497 0.000010 0.195609 0.361066 0.000010
0.143838 0.004374 0.397844 0.281953 0.000010 0.000010 0.000010 0.171951 0.000010
0.300906 0.135422 0.187156 0.019550 0.069736 0.000010 0.049584 0.203597 0.034039
0.302814 0.000010 0.447671 0.000012 0.000010 0.003052 0.022962 0.223459 0.000010
0.485114 0.121258 0.076921 0.032590 0.000010 0.000010 0.104235 0.179850 0.000010
0.185360 0.000010 0.348758 0.048908 0.000010 0.000010 0.063834 0.353101 0.000010
0.229058 0.000010 0.000010 0.136156 0.000010 0.092559 0.004011 0.245829 0.292357
0.255747 0.000010 0.116705 0.000010 0.084660 0.000010 0.000010 0.455186 0.087661
0.443567 0.152072 0.000010 0.001438 0.000010 0.000010 0.000011 0.402872 0.000010
0.406165 0.000010 0.000010 0.000010 0.049298 0.000010 0.152159 0.392328 0.000010
0.420400 0.000010 0.060660 0.051970 0.004590 0.000010 0.004579 0.351744 0.106036
0.370018 0.005902 0.000010 0.000010 0.240571 0.000010 0.000010 0.383459 0.000010
0.233286 0.000010 0.000010 0.000010 0.000010 0.000010 0.085861 0.580819 0.099983
0.061279 0.000010 0.000010 0.188412 0.000010 0.072616 0.000010 0.677643 0.000010
0.260845 0.054050 0.000010 0.142528 0.000010 0.000010 0.152810 0.349943 0.039794
0.370781 0.000010 0.000010 0.000010 0.000010 0.000010 0.000010 0.629149 0.000010
0.000010 0.174573 0.000010 0.032596 0.000010 0.071298 0.206594 0.514899 0.000010
0.168355 0.042421 0.000010 0.168809 0.000010 0.012247 0.000010 0.607833 0.000305
0.441667 0.063166 0.062533 0.130516 0.000010 0.000010 0.017596 0.284492 0.000010
0.536818 0.000010 0.000010 0.061904 0.000010 0.000010 0.124675 0.276553 0.000010
0.116556 0.139379 0.080342 0.000010 0.020672 0.000010 0.028091 0.513154 0.101786
0.267801 0.000010 0.000010 0.000012 0.000010 0.000010 0.197050 0.433334 0.101763
0.237463 0.028457 0.000010 0.000010 0.000010 0.000010 0.057562 0.190263 0.486215
0.248683 0.144457 0.000010 0.000010 0.000010 0.008704 0.000010 0.322600 0.275517
0.111694 0.029412 0.000010 0.014281 0.015833 0.003602 0.000010 0.350201 0.474958
0.169749 0.000010 0.000010 0.000010 0.000010 0.000010 0.227100 0.603091 0.000010
0.593923 0.000010 0.000010 0.005437 0.003106 0.000010 0.000010 0.302926 0.094568
0.387094 0.129187 0.000010 0.000010 0.009479 0.057655 0.000010 0.416545 0.000010
0.306635 0.000010 0.000010 0.000010 0.000010 0.003155 0.263052 0.427109 0.000010
0.208987 0.092493 0.000010 0.002369 0.000010 0.001050 0.209144 0.485927 0.000010
0.530273 0.017058 0.050610 0.000010 0.028706 0.000010 0.020802 0.342272 0.010259
0.275015 0.025734 0.000010 0.038643 0.000010 0.000010 0.175451 0.475924 0.009203
0.406954 0.061220 0.102673 0.077021 0.000010 0.015695 0.030921 0.305496 0.000010
0.114881 0.119068 0.000010 0.000010 0.000010 0.042599 0.269525 0.411245 0.042653
0.089139 0.000010 0.021036 0.024400 0.000010 0.000010 0.215094 0.540957 0.109345
0.298987 0.000010 0.000010 0.081520 0.000010 0.090328 0.000010 0.524131 0.004994
0.229808 0.070537 0.000010 0.184277 0.012811 0.000010 0.109577 0.392960 0.000010
0.076737 0.049260 0.003528 0.000010 0.000010 0.127638 0.000010 0.086154 0.656653
0.127346 0.087842 0.142037 0.087584 0.000010 0.000010 0.000010 0.551741 0.003420
0.034996 0.200303 0.104839 0.131226 0.033912 0.040477 0.000010 0.393798 0.060440
0.317447 0.000010 0.168990 0.035608 0.000010 0.000010 0.070947 0.406968 0.000010
0.265104 0.037623 0.000010 0.135344 0.043566 0.000316 0.219092 0.280507 0.018438
0.221817 0.010689 0.078337 0.007647 0.096212 0.000010 0.139118 0.446161 0.000010
0.210423 0.094098 0.000010 0.000010 0.000010 0.052741 0.000010 0.633403 0.009294
0.188914 0.030354 0.000010 0.075257 0.050326 0.126520 0.087971 0.440639 0.000010
0.209759 0.033303 0.000010 0.000010 0.000010 0.000010 0.217767 0.486981 0.052149
0.088789 0.043948 0.000010 0.000010 0.054907 0.000010 0.199047 0.530538 0.082741
0.352191 0.000010 0.000010 0.000010 0.125722 0.092540 0.124586 0.304921 0.000010
0.198920 0.203537 0.000010 0.046530 0.000010 0.000010 0.036553 0.514421 0.000010
0.202050 0.028626 0.000010 0.172599 0.000010 0.066541 0.000010 0.530144 0.000010
0.188101 0.000010 0.044826 0.261489 0.008796 0.004171 0.050516 0.423072 0.019020
0.182721 0.000010 0.000010 0.094937 0.064884 0.000010 0.128097 0.529321 0.000010
0.095158 0.000010 0.000010 0.086412 0.018038 0.019681 0.245319 0.535362 0.000010
0.249205 0.000010 0.000010 0.056052 0.000010 0.000010 0.211825 0.482868 0.000010
0.254019 0.125665 0.000010 0.052030 0.000010 0.027944 0.216866 0.323445 0.000010
0.427789 0.000010 0.000010 0.139813 0.046997 0.000010 0.007229 0.317708 0.060434
0.216264 0.005411 0.327902 0.000010 0.000010 0.000010 0.000010 0.412378 0.038005
0.197357 0.015164 0.020421 0.034704 0.068410 0.000010 0.143500 0.515466 0.004969
0.559453 0.057932 0.000010 0.000010 0.000053 0.000010 0.073788 0.308733 0.000010
0.104395 0.238007 0.000010 0.155700 0.000010 0.000010 0.027813 0.372910 0.101145
0.252197 0.000010 0.135413 0.000010 0.068185 0.000010 0.049790 0.453104 0.041282
0.219231 0.000010 0.076512 0.000010 0.000010 0.000010 0.186192 0.518015 0.000010
0.450518 0.000010 0.000011 0.080523 0.058433 0.000010 0.000011 0.410474 0.000010
0.307765 0.008600 0.128981 0.041931 0.000010 0.104055 0.065768 0.342880 0.000010
0.074308 0.000010 0.000010 0.093785 0.032093 0.007202 0.180811 0.545804 0.065976
0.225860 0.000010 0.000010 0.000011 0.000010 0.009230 0.071590 0.524513 0.168766
0.104932 0.024405 0.029253 0.116218 0.004155 0.011239 0.146188 0.542018 0.021592
0.316707 0.047338 0.000010 0.124015 0.011807 0.004709 0.006748 0.488656 0.000010
0.251805 0.000010 0.000010 0.064359 0.000010 0.054391 0.000010 0.539926 0.089479
0.131424 0.000010 0.000010 0.000010 0.000010 0.000010 0.053872 0.590779 0.223875
0.131471 0.000010 0.108182 0.000011 0.000010 0.000010 0.184838 0.575458 0.000010
0.455860 0.000010 0.000010 0.120825 0.000010 0.000010 0.031321 0.391944 0.000010
0.326941 0.000010 0.140576 0.000010 0.000010 0.069535 0.066084 0.396824 0.000010
0.043208 0.000010 0.120956 0.000010 0.140501 0.000010 0.027580 0.667714 0.000010
0.254393 0.000010 0.014336 0.124054 0.004359 0.017641 0.226356 0.358841 0.000010
0.298316 0.000010 0.011073 0.093354 0.069457 0.002072 0.137523 0.370385 0.017810
0.247429 0.000010 0.000010 0.046369 0.000010 0.000010 0.252092 0.388382 0.065688
0.411549 0.082158 0.033718 0.000011 0.000010 0.000010 0.044503 0.428030 0.000010
0.247722 0.000010 0.000010 0.035087 0.000011 0.000010 0.216154 0.360473 0.140524
0.064223 0.000283 0.039754 0.330162 0.000010 0.000010 0.077147 0.488401 0.000010
0.042201 0.005023 0.000010 0.154327 0.122374 0.000010 0.000010 0.597985 0.078060
0.000014 0.000010 0.000010 0.209445 0.029972 0.000010 0.082031 0.612788 0.065720
0.209280 0.104586 0.000010 0.047759 0.087314 0.032111 0.000010 0.428456 0.090474
0.148185 0.000010 0.174001 0.224137 0.000010 0.000010 0.000010 0.383505 0.070132
0.062583 0.000010 0.050363 0.089015 0.157754 0.000010 0.170366 0.460721 0.009179
0.195247 0.034180 0.000010 0.193330 0.000010 0.049007 0.000010 0.420024 0.108182
0.236922 0.133121 0.012629 0.139083 0.073082 0.000010 0.090858 0.314285 0.000010
0.140883 0.115743 0.000010 0.000010 0.000010 0.088956 0.067197 0.587181 0.000010
0.141735 0.062328 0.000010 0.149108 0.000010 0.000010 0.000010 0.537968 0.108821
0.000010 0.074282 0.075379 0.172477 0.000010 0.097716 0.191124 0.383498 0.005504
0.111426 0.000010 0.000010 0.000010 0.000010 0.005036 0.131879 0.751609 0.000010
0.095256 0.000010 0.000010 0.150838 0.000010 0.000010 0.087795 0.666062 0.000010
0.045454 0.000010 0.001809 0.233359 0.102311 0.000010 0.000010 0.607811 0.009225
0.123255 0.056275 0.061917 0.328311 0.000010 0.066477 0.000010 0.363734 0.000010
0.438420 0.000010 0.002851 0.119821 0.011277 0.000010 0.035349 0.392252 0.000010
0.229648 0.000010 0.090464 0.104937 0.000010 0.000010 0.006324 0.568588 0.000010
0.087379 0.000010 0.000010 0.039803 0.000010 0.000010 0.173651 0.699117 0.000010
0.224307 0.000010 0.045156 0.293505 0.000010 0.000010 0.000010 0.436982 0.000010
0.053480 0.000010 0.180784 0.000010 0.000010 0.000010 0.318331 0.447356 0.000010
0.187605 0.137967 0.084499 0.000010 0.000010 0.003007 0.119074 0.434720 0.033107
0.110083 0.000010 0.084800 0.192247 0.010836 0.153973 0.000010 0.428219 0.019820
0.290625 0.000010 0.000010 0.000013 0.000010 0.000010 0.231022 0.478291 0.000010
0.342435 0.116186 0.082346 0.057938 0.000010 0.021660 0.153145 0.196402 0.029878
0.030777 0.000010 0.191084 0.015220 0.000010 0.000010 0.172860 0.461583 0.128444
0.213272 0.179815 0.180433 0.116539 0.000010 0.012089 0.001616 0.296215 0.000010
0.285454 0.011862 0.022016 0.017787 0.000010 0.000010 0.200642 0.462208 0.000010
0.087886 0.092073 0.042808 0.116553 0.000010 0.000010 0.000010 0.660640 0.000010
0.081687 0.000010 0.219286 0.000010 0.041411 0.011502 0.129277 0.486785 0.030033
0.296758 0.015741 0.153248 0.162506 0.079972 0.026787 0.030126 0.230776 0.004087
0.429899 0.192643 0.000010 0.000016 0.000010 0.024180 0.045669 0.307563 0.000010
0.187660 0.000010 0.099782 0.021548 0.000010 0.000010 0.140475 0.548875 0.001631
0.285727 0.000010 0.049423 0.234665 0.029010 0.000010 0.038332 0.362813 0.000010
0.242308 0.000010 0.110234 0.000010 0.043855 0.000010 0.117291 0.486271 0.000010
0.103134 0.032678 0.441458 0.000010 0.000010 0.000010 0.192565 0.219368 0.010766
0.221568 0.037357 0.086785 0.000017 0.000010 0.000010 0.020091 0.634152 0.000010
0.150865 0.000012 0.000010 0.000010 0.161351 0.080071 0.201954 0.405717 0.000010
0.264013 0.024416 0.072439 0.043536 0.000010 0.000010 0.123247 0.472320 0.000010
0.165054 0.102169 0.093474 0.015761 0.000010 0.030635 0.174608 0.418280 0.000010
0.371014 0.000010 0.000010 0.266954 0.000010 0.000010 0.089997 0.271985 0.000010
0.016198 0.097010 0.038386 0.054446 0.000010 0.000010 0.199809 0.547648 0.046483
0.115596 0.000010 0.071289 0.048842 0.000010 0.000010 0.248835 0.515399 0.000010
0.128277 0.119049 0.000010 0.009171 0.000010 0.000010 0.060499 0.565528 0.117446
0.174932 0.000010 0.183404 0.000010 0.000010 0.000010 0.160855 0.480759 0.000010
0.012921 0.000010 0.000010 0.079083 0.000010 0.555034 0.000010 0.000010 0.352912
0.000010 0.000010 0.000010 0.044816 0.000010 0.480709 0.000010 0.000010 0.474415
0.000010 0.000010 0.000010 0.038506 0.000010 0.242482 0.000010 0.000010 0.718952
0.000010 0.000010 0.022670 0.000010 0.000010 0.371607 0.000010 0.000010 0.605663
0.000010 0.000010 0.000010 0.024021 0.012272 0.353916 0.000010 0.000010 0.609741
0.000010 0.000010 0.000010 0.000010 0.000010 0.342634 0.000010 0.000010 0.657296
0.000010 0.077547 0.018741 0.001531 0.018320 0.348830 0.000010 0.023577 0.511434
0.000010 0.000010 0.000010 0.000010 0.141491 0.229719 0.000010 0.000010 0.628730
0.037686 0.000010 0.000010 0.006442 0.126593 0.135240 0.000010 0.000010 0.694000
0.000010 0.033329 0.000010 0.000010 0.048550 0.434800 0.000010 0.000010 0.483270
0.000010 0.000010 0.000010 0.031054 0.029084 0.240415 0.000010 0.000010 0.699397
0.000010 0.020337 0.003312 0.041123 0.000010 0.420934 0.000010 0.000010 0.514254
0.000010 0.024678 0.000010 0.000010 0.000010 0.463954 0.000010 0.000010 0.511308
0.000010 0.000010 0.000010 0.034179 0.000010 0.585324 0.000010 0.000010 0.380437
0.000010 0.002770 0.000010 0.010451 0.000010 0.546785 0.000010 0.000010 0.439944
0.042349 0.026463 0.000010 0.000010 0.000010 0.504307 0.000010 0.000010 0.426831
0.000010 0.000010 0.000010 0.049255 0.000010 0.160140 0.000010 0.000010 0.790545
0.000010 0.000010 0.042573 0.000010 0.000010 0.523473 0.000010 0.000010 0.433894
0.000010 0.008887 0.000010 0.071588 0.000010 0.288570 0.000010 0.000010 0.630904
0.036319 0.000010 0.000010 0.001950 0.000010 0.423449 0.000010 0.000010 0.538232
0.000010 0.000010 0.000010 0.000010 0.000010 0.600960 0.000010 0.000010 0.398970
0.000010 0.000010 0.000010 0.046547 0.021104 0.406520 0.000010 0.000010 0.525779
0.013200 0.000010 0.000010 0.018759 0.012991 0.485925 0.000010 0.000010 0.469085
0.000010 0.000010 0.000010 0.018009 0.000010 0.481165 0.000010 0.000010 0.500766
0.000010 0.023147 0.000010 0.000010 0.003961 0.549881 0.000010 0.000010 0.422960
0.048750 0.000010 0.000010 0.000010 0.000010 0.566883 0.000010 0.000010 0.384307
0.000010 0.018416 0.000010 0.109336 0.000010 0.445787 0.000010 0.000010 0.426411
0.000010 0.000010 0.000010 0.000010 0.000010 0.329450 0.000010 0.000010 0.670480
0.000010 0.000010 0.141293 0.000010 0.725586 0.000010 0.133061 0.000010 0.000010
0.486888 0.041408 0.000010 0.448653 0.000010 0.000010 0.023000 0.000010 0.000010
0.313534 0.015305 0.000010 0.416161 0.000010 0.000010 0.060752 0.194208 0.000010
0.343583 0.020388 0.101055 0.226359 0.000727 0.000010 0.000010 0.171255 0.136613
0.286846 0.000010 0.000010 0.292154 0.001274 0.000010 0.107515 0.283924 0.028256
0.498473 0.000010 0.000010 0.295704 0.000010 0.000010 0.032159 0.159986 0.013637
0.424846 0.014268 0.000010 0.499058 0.000010 0.000010 0.015664 0.046124 0.000010
0.675542 0.056335 0.018875 0.140473 0.000010 0.000010 0.000010 0.108735 0.000010
0.216239 0.000010 0.000010 0.435675 0.000011 0.000010 0.000010 0.348026 0.000010
0.386123 0.024655 0.004382 0.164066 0.000010 0.041951 0.136438 0.242365 0.000010
0.477115 0.000010 0.000010 0.345132 0.005553 0.000010 0.048300 0.123859 0.000010
0.657063 0.168445 0.000010 0.095857 0.045107 0.000010 0.033488 0.000010 0.000010
0.543464 0.161669 0.000010 0.242175 0.022867 0.000010 0.029785 0.000010 0.000010
0.219691 0.000010 0.085797 0.491536 0.000010 0.000010 0.000010 0.202926 0.000010
0.752045 0.247882 0.000010 0.000013 0.000010 0.000010 0.000010 0.000010 0.000010
0.133492 0.000010 0.066060 0.247508 0.165488 0.037808 0.077648 0.271976 0.000010
0.499276 0.013710 0.017467 0.178039 0.000010 0.014419 0.046940 0.230130 0.000010
0.460976 0.036871 0.000010 0.230936 0.000010 0.000010 0.027316 0.220407 0.023463
0.206306 0.017832 0.111387 0.344572 0.000010 0.000010 0.070932 0.248941 0.000010
0.457444 0.000010 0.000010 0.375514 0.081717 0.000010 0.000010 0.085275 0.000010
0.581781 0.016150 0.000010 0.177407 0.017500 0.035628 0.000010 0.171505 0.000010
0.280214 0.000010 0.026102 0.384820 0.042320 0.016806 0.193918 0.055801 0.000010
0.387790 0.000010 0.018534 0.230060 0.000010 0.000010 0.067948 0.295627 0.000010
0.410731 0.002359 0.130450 0.452719 0.000010 0.000010 0.000010 0.003702 0.000010
0.333101 0.000010 0.000010 0.369272 0.059621 0.069111 0.000010 0.168855 0.000010
0.734656 0.000010 0.000010 0.015314 0.068822 0.000010 0.077714 0.068694 0.034770
0.477241 0.000010 0.000010 0.270511 0.100219 0.000010 0.000010 0.151980 0.000010
0.289674 0.000010 0.119377 0.337835 0.000010 0.007799 0.000010 0.245274 0.000010
0.345272 0.054893 0.000011 0.153012 0.000010 0.000010 0.117050 0.329732 0.000010
0.000010 0.000010 0.000010 0.000010 0.990355 0.000010 0.009575 0.000010 0.000010
0.000010 0.000010 0.000010 0.000010 0.999920 0.000010 0.000010 0.000010 0.000010
0.000010 0.000010 0.000010 0.000010 0.999920 0.000010 0.000010 0.000010 0.000010
0.000010 0.000010 0.000010 0.000010 0.951277 0.000010 0.000010 0.048653 0.000010
0.009477 0.000010 0.136728 0.033504 0.653545 0.000010 0.066054 0.004968 0.095704
0.000010 0.000010 0.000010 0.000010 0.999920 0.000010 0.000010 0.000010 0.000010
0.000010 0.000010 0.000010 0.000010 0.936635 0.000010 0.000010 0.063295 0.000010
0.000010 0.015414 0.000010 0.010572 0.973954 0.000010 0.000010 0.000010 0.000010
0.000010 0.005390 0.085216 0.000010 0.906460 0.000010 0.000010 0.002884 0.000010
0.000010 0.000010 0.082760 0.000010 0.917170 0.000010 0.000010 0.000010 0.000010
0.000010 0.000010 0.000010 0.000010 0.999920 0.000010 0.000010 0.000010 0.000010
0.000010 0.000010 0.000010 0.000010 0.987461 0.000010 0.000010 0.000010 0.012469
0.000010 0.022798 0.000010 0.000010 0.967965 0.000010 0.009176 0.000010 0.000010
0.000010 0.000010 0.000010 0.000010 0.999920 0.000010 0.000010 0.000010 0.000010
0.000010 0.000010 0.000010 0.000012 0.924056 0.000010 0.000010 0.071885 0.003997
0.000010 0.000010 0.018465 0.000010 0.944548 0.000010 0.034258 0.002679 0.000010
0.000010 0.000010 0.061019 0.000010 0.938911 0.000010 0.000010 0.000010 0.000010
0.515490 0.014011 0.000010 0.063688 0.057017 0.011582 0.000010 0.157331 0.180861
0.421416 0.000010 0.000010 0.000010 0.000010 0.000010 0.000010 0.578514 0.000010
0.489830 0.000010 0.026237 0.039807 0.040400 0.000010 0.097566 0.306130 0.000010
0.637172 0.071707 0.000010 0.000010 0.038641 0.000010 0.000010 0.213884 0.038557
0.792462 0.000010 0.016595 0.000010 0.000010 0.000010 0.000010 0.102740 0.088153
0.587336 0.000010 0.018193 0.000010 0.013712 0.069394 0.038981 0.182422 0.089943
0.612261 0.076486 0.000010 0.087359 0.000010 0.039455 0.000010 0.184399 0.000010
0.740336 0.090521 0.045838 0.030353 0.000010 0.034740 0.000010 0.037618 0.020575
0.496456 0.000010 0.000010 0.055518 0.000010 0.045138 0.081131 0.314415 0.007311
0.693858 0.014889 0.000010 0.137160 0.000010 0.000010 0.049086 0.104968 0.000010
0.543616 0.000010 0.040798 0.000010 0.000010 0.000010 0.086809 0.287485 0.041252
0.476891 0.000010 0.058955 0.000010 0.011927 0.020115 0.001452 0.368987 0.061653
0.631178 0.000010 0.077719 0.077440 0.000010 0.000010 0.000010 0.213613 0.000010
0.497122 0.005496 0.153768 0.110369 0.000010 0.000010 0.016256 0.216959 0.000010
0.535956 0.000010 0.052319 0.002635 0.052590 0.000010 0.000010 0.149424 0.207045
0.418126 0.000010 0.051755 0.070605 0.000010 0.068590 0.000010 0.390882 0.000010
0.736364 0.051422 0.000010 0.000010 0.000010 0.000010 0.013687 0.151131 0.047356
0.490516 0.080191 0.052763 0.046371 0.022142 0.061170 0.000010 0.149678 0.097159
0.562584 0.000010 0.000010 0.000010 0.035090 0.000010 0.066693 0.335582 0.000010
0.678213 0.015014 0.000010 0.045039 0.000010 0.077776 0.041654 0.142275 0.000010
0.356179 0.000010 0.131373 0.140292 0.049535 0.000010 0.000010 0.254270 0.068321
0.527788 0.002030 0.021907 0.123305 0.119070 0.000010 0.000010 0.137430 0.068451
0.517549 0.000010 0.000010 0.045330 0.000010 0.000010 0.000010 0.373947 0.063124
0.457873 0.000010 0.000010 0.000010 0.000010 0.000010 0.071559 0.409748 0.060770
0.449372 0.000010 0.000010 0.236562 0.000010 0.201899 0.000010 0.112118 0.000010
0.615794 0.061240 0.000010 0.002345 0.000010 0.000010 0.000010 0.320571 0.000010
0.190925 0.000010 0.097092 0.217624 0.000010 0.000010 0.000010 0.417282 0.077037
0.783243 0.011812 0.000010 0.024100 0.034390 0.000010 0.050740 0.095686 0.000010
0.301715 0.036640 0.037680 0.216125 0.000010 0.000010 0.176740 0.217701 0.013379
0.536839 0.045349 0.000010 0.189958 0.050172 0.055974 0.000010 0.121677 0.000010
0.666048 0.000010 0.000010 0.000010 0.000010 0.000010 0.007223 0.326670 0.000010
0.619399 0.000010 0.000010 0.000010 0.000011 0.000010 0.038289 0.342252 0.000010
0.636050 0.153980 0.037336 0.000010 0.018387 0.023292 0.000010 0.085278 0.045656
0.198406 0.000010 0.086579 0.283668 0.125247 0.000010 0.000010 0.141317 0.164752
0.612685 0.000010 0.000010 0.000010 0.000010 0.063152 0.000010 0.317856 0.006257
0.609245 0.000010 0.000010 0.000010 0.000010 0.019503 0.000010 0.371192 0.000010
0.571786 0.015882 0.000010 0.008518 0.073974 0.000010 0.000010 0.211594 0.118216
0.712659 0.000010 0.075677 0.000010 0.000806 0.000010 0.000010 0.210808 0.000010
0.568084 0.071788 0.000010 0.000010 0.000010 0.051190 0.071200 0.130864 0.106843
0.638164 0.000010 0.000010 0.000010 0.045813 0.023393 0.032463 0.260127 0.000010
0.425225 0.000010 0.000010 0.000010 0.000010 0.036797 0.070640 0.463735 0.003564
0.583158 0.000010 0.000010 0.000010 0.094398 0.000010 0.010601 0.228134 0.083669
0.641463 0.000010 0.000010 0.000010 0.102825 0.057318 0.000010 0.195436 0.002918
0.752939 0.000010 0.016552 0.000010 0.027749 0.000010 0.000010 0.202709 0.000010
0.683984 0.062013 0.000010 0.000010 0.149445 0.070941 0.033500 0.000010 0.000088
0.764567 0.003957 0.000010 0.000010 0.000010 0.000010 0.012074 0.219351 0.000010
0.227821 0.000010 0.000010 0.162237 0.000010 0.040576 0.009946 0.271487 0.287903
0.653032 0.033098 0.000010 0.000010 0.052328 0.093203 0.000010 0.168299 0.000010
0.377552 0.000010 0.000010 0.000010 0.000010 0.123543 0.008287 0.341660 0.148917
0.704135 0.044707 0.000010 0.000010 0.000010 0.087529 0.107142 0.000010 0.056447
0.527958 0.000010 0.000010 0.175088 0.008108 0.000010 0.000010 0.276260 0.012546
0.727984 0.043436 0.000010 0.000010 0.000010 0.069182 0.000010 0.159348 0.000010
0.643451 0.070407 0.000010 0.000010 0.000010 0.057706 0.000010 0.228387 0.000010
0.598293 0.000010 0.000010 0.000010 0.114651 0.017996 0.068465 0.200554 0.000010
0.483843 0.000010 0.000010 0.077853 0.024935 0.000010 0.138541 0.191818 0.082981
0.057788 0.022661 0.000010 0.052850 0.000010 0.046403 0.000010 0.010035 0.810233
0.430539 0.000010 0.000010 0.000010 0.000010 0.000010 0.057730 0.283151 0.228531
0.453125 0.000010 0.047622 0.000010 0.074105 0.000010 0.126160 0.298948 0.000010
0.438376 0.054176 0.105318 0.102243 0.000010 0.078154 0.000010 0.155893 0.065820
0.587388 0.000010 0.000010 0.000010 0.095291 0.000010 0.000010 0.306979 0.010292
0.525472 0.000010 0.000010 0.000010 0.119765 0.000010 0.000010 0.283523 0.071190
0.407263 0.000010 0.113838 0.000010 0.000010 0.060046 0.023945 0.019716 0.375162
0.697013 0.000010 0.000010 0.000010 0.175044 0.000010 0.000010 0.127883 0.000010
0.683011 0.000010 0.002980 0.113020 0.000010 0.000010 0.078865 0.122085 0.000010
0.530414 0.000010 0.000010 0.000010 0.000010 0.089368 0.016158 0.286030 0.077989
0.531266 0.000010 0.000010 0.100943 0.000010 0.143501 0.000010 0.053627 0.170623
0.647064 0.003584 0.000010 0.153341 0.000010 0.050154 0.097577 0.048249 0.000010
0.621125 0.000010 0.000010 0.000010 0.000010 0.000010 0.113680 0.265135 0.000010
0.539804 0.000010 0.000010 0.000010 0.084495 0.045298 0.068908 0.261455 0.000010
0.745417 0.000010 0.000010 0.000010 0.046004 0.000010 0.000010 0.208519 0.000010
0.556357 0.016494 0.036638 0.092362 0.018333 0.000010 0.105081 0.172112 0.002614
0.708574 0.000010 0.000010 0.086947 0.000010 0.030619 0.000010 0.150449 0.023371
0.582448 0.000010 0.052786 0.000010 0.000010 0.000010 0.071889 0.281412 0.011425
0.598464 0.000010 0.000010 0.000010 0.036158 0.075238 0.140588 0.128892 0.020631
0.474460 0.000010 0.000010 0.167976 0.000010 0.000010 0.124024 0.233490 0.000010
0.640174 0.002740 0.000010 0.083341 0.156101 0.000010 0.000010 0.035872 0.081742
0.669318 0.000010 0.000010 0.000010 0.035311 0.000010 0.000010 0.295312 0.000010
0.749306 0.000010 0.000010 0.098886 0.000010 0.000010 0.038542 0.113216 0.000010
0.549402 0.000010 0.000010 0.109324 0.045956 0.000010 0.097714 0.129990 0.067584
0.478629 0.000010 0.008139 0.168073 0.103851 0.115242 0.027533 0.000010 0.098512
0.800073 0.037491 0.000010 0.000010 0.041881 0.002969 0.000010 0.117546 0.000010
0.707929 0.071034 0.000010 0.000010 0.084794 0.055628 0.000010 0.023855 0.056730
0.520647 0.000010 0.000010 0.088957 0.083475 0.064469 0.000010 0.242412 0.000010
0.704538 0.000010 0.000010 0.000010 0.004367 0.000010 0.000010 0.291034 0.000010
0.535931 0.000010 0.000010 0.000010 0.000010 0.000010 0.000010 0.367760 0.096249
0.697826 0.027602 0.000010 0.001663 0.001618 0.068981 0.000010 0.202281 0.000010
0.629450 0.020272 0.077520 0.069233 0.000010 0.000010 0.000010 0.000010 0.203485
0.009738 0.000010 0.000010 0.000010 0.747511 0.007481 0.235220 0.000010 0.000010
0.000010 0.000012 0.000010 0.000010 0.659461 0.000010 0.340467 0.000010 0.000010
0.000010 0.000010 0.000010 0.000010 0.920105 0.000010 0.062893 0.000010 0.016942
0.000010 0.000010 0.000010 0.000010 0.920299 0.000010 0.079631 0.000010 0.000010
0.000010 0.000010 0.000010 0.000010 0.806248 0.000010 0.193682 0.000010 0.000010
0.000010 0.000010 0.101442 0.000010 0.847622 0.000010 0.050876 0.000010 0.000010
0.044663 0.000010 0.031945 0.018801 0.636412 0.000010 0.268139 0.000010 0.000010
0.392407 0.041086 0.051260 0.515196 0.000010 0.000010 0.000010 0.000010 0.000010
0.543886 0.000010 0.000010 0.116999 0.014299 0.040859 0.000010 0.250237 0.033691
0.512411 0.066452 0.000010 0.223718 0.000010 0.074801 0.000010 0.122578 0.000010
0.369702 0.000010 0.000010 0.240919 0.150746 0.000010 0.000010 0.238583 0.000010
0.570824 0.068732 0.000010 0.273232 0.062007 0.000010 0.005288 0.000010 0.019887
0.675843 0.000010 0.000010 0.121696 0.099265 0.061692 0.041462 0.000012 0.000010
0.584685 0.000010 0.000010 0.091747 0.000010 0.000010 0.000010 0.316641 0.006876
0.763904 0.000010 0.000010 0.000010 0.000010 0.000010 0.121792 0.114244 0.000010
0.372720 0.000010 0.062179 0.260770 0.000010 0.000010 0.103622 0.006365 0.194314
0.498620 0.000010 0.125056 0.046658 0.088700 0.000010 0.000010 0.240257 0.000678
0.610256 0.000011 0.098907 0.000010 0.080311 0.105976 0.000010 0.100803 0.003717
0.572571 0.005358 0.000010 0.041515 0.000010 0.003529 0.000010 0.376986 0.000010
0.642219 0.000010 0.000010 0.000010 0.000010 0.000010 0.063271 0.261069 0.033391
0.702146 0.100724 0.000010 0.117991 0.000010 0.000010 0.000010 0.079090 0.000010
0.705623 0.000010 0.000010 0.000010 0.004853 0.008874 0.000010 0.249460 0.031150
0.561885 0.000010 0.040405 0.149123 0.000010 0.028581 0.159949 0.060027 0.000010
0.544667 0.000010 0.000010 0.032143 0.000010 0.090646 0.000010 0.332494 0.000010
0.501968 0.054406 0.000010 0.059368 0.000010 0.000010 0.131579 0.252638 0.000010
0.573688 0.069198 0.020951 0.040442 0.000010 0.000010 0.003035 0.275511 0.017155
0.617051 0.000010 0.000010 0.071777 0.000010 0.111778 0.000010 0.124571 0.074783
0.796083 0.000010 0.000010 0.000010 0.000010 0.000010 0.000010 0.203847 0.000010
0.567941 0.000010 0.000010 0.264580 0.000010 0.000010 0.000010 0.167419 0.000010
0.697237 0.000010 0.000010 0.047106 0.092962 0.000010 0.000010 0.160178 0.002477
0.491255 0.000010 0.000010 0.000010 0.037239 0.000010 0.143069 0.198333 0.130063
0.548558 0.000010 0.050691 0.191102 0.000010 0.000010 0.000010 0.153141 0.056467
0.594685 0.011187 0.000010 0.000010 0.163213 0.000010 0.000010 0.230865 0.000010
0.361471 0.095486 0.103447 0.000010 0.000010 0.063588 0.067871 0.096217 0.211901
0.545999 0.000010 0.000010 0.155537 0.000010 0.029564 0.000010 0.118794 0.150065
0.683647 0.000010 0.000010 0.000010 0.023932 0.000010 0.000010 0.106965 0.185406
0.514972 0.007769 0.000010 0.059305 0.053599 0.000010 0.009094 0.139613 0.215629
0.372660 0.000010 0.000010 0.087709 0.062654 0.000010 0.086654 0.390283 0.000010
0.426911 0.011910 0.000010 0.000010 0.155468 0.000010 0.000010 0.294811 0.110860
0.472443 0.081020 0.019165 0.093768 0.003515 0.014473 0.040078 0.268233 0.007306
0.840803 0.000010 0.000010 0.027863 0.010172 0.000010 0.063443 0.006327 0.051362
0.651456 0.026849 0.012079 0.000010 0.000010 0.000010 0.123601 0.185975 0.000010
0.000010 0.809792 0.000010 0.072655 0.021856 0.000010 0.055114 0.040544 0.000010
0.000010 0.926998 0.000010 0.009092 0.018190 0.000010 0.045670 0.000010 0.000010
0.000010 0.911365 0.000010 0.000010 0.088565 0.000010 0.000010 0.000010 0.000010
0.000010 0.799308 0.054469 0.013531 0.000010 0.000010 0.067454 0.065198 0.000010
0.117374 0.000010 0.343827 0.049786 0.000010 0.024409 0.464564 0.000010 0.000010
0.020653 0.066399 0.551555 0.038861 0.000010 0.000010 0.322493 0.000010 0.000010
0.143128 0.110017 0.273503 0.042168 0.030166 0.031763 0.369236 0.000010 0.000010
0.030787 0.000010 0.223296 0.000010 0.044541 0.000010 0.530750 0.118580 0.052016
0.178801 0.057047 0.277140 0.000011 0.000010 0.000010 0.227320 0.136402 0.123259
0.069191 0.183361 0.541552 0.027090 0.000010 0.000010 0.178535 0.000010 0.000242
0.218247 0.167368 0.294151 0.000010 0.000010 0.000010 0.279460 0.040734 0.000010
0.000010 0.095058 0.429510 0.036564 0.000010 0.000010 0.438817 0.000010 0.000010
0.000010 0.000010 0.538672 0.000010 0.000010 0.000010 0.347989 0.096786 0.016502
0.087188 0.087128 0.288041 0.000010 0.000010 0.060862 0.417212 0.059538 0.000010
0.437321 0.000010 0.000010 0.164928 0.084422 0.152838 0.000010 0.160451 0.000010
0.632872 0.000010 0.000010 0.000010 0.000010 0.098990 0.000010 0.254514 0.013574
0.579134 0.024085 0.110536 0.000010 0.008968 0.000010 0.000010 0.042014 0.235233
0.606311 0.000010 0.000010 0.000010 0.000010 0.000010 0.000010 0.267069 0.126560
0.407771 0.000010 0.107386 0.000010 0.000010 0.000010 0.040414 0.256465 0.187923
0.570105 0.017354 0.000010 0.342212 0.000010 0.027610 0.042680 0.000010 0.000010
0.484791 0.000010 0.048578 0.073250 0.020921 0.057465 0.003234 0.061761 0.249988
0.736228 0.079153 0.000010 0.117538 0.045982 0.021059 0.000010 0.000010 0.000010
0.636863 0.000012 0.013952 0.058786 0.000010 0.037092 0.067411 0.010135 0.175740
0.498771 0.000010 0.000010 0.060916 0.000010 0.070045 0.000010 0.370218 0.000010
0.558129 0.000010 0.000010 0.220004 0.040511 0.000010 0.000010 0.108427 0.072890
0.450648 0.000010 0.000010 0.157467 0.000010 0.000010 0.000010 0.391824 0.000010
0.486106 0.056387 0.000950 0.245567 0.094251 0.000010 0.012061 0.104659 0.000010
0.471314 0.000010 0.000010 0.000010 0.000010 0.057072 0.103942 0.150798 0.216835
0.622541 0.000010 0.057431 0.000010 0.000010 0.000010 0.011943 0.222400 0.085645
0.653550 0.046463 0.000010 0.029128 0.000010 0.059814 0.109818 0.010053 0.091154
0.722287 0.000010 0.000010 0.000010 0.000010 0.000010 0.000010 0.121816 0.155837
0.571997 0.000010 0.000010 0.000010 0.000010 0.055229 0.091035 0.257073 0.024627
0.613063 0.081919 0.000010 0.000010 0.035097 0.027577 0.000010 0.189939 0.052375
0.820055 0.000010 0.000010 0.000010 0.000010 0.000010 0.030386 0.041459 0.108049
0.573656 0.000010 0.000010 0.000010 0.014609 0.000010 0.000010 0.216046 0.195639
0.000010 0.195171 0.439652 0.000010 0.000010 0.102597 0.262531 0.000010 0.000010
0.000010 0.000010 0.799305 0.065076 0.000010 0.000010 0.135559 0.000010 0.000010
0.000010 0.069617 0.514957 0.000010 0.000010 0.000010 0.415366 0.000010 0.000010
0.000010 0.117368 0.479997 0.000010 0.000010 0.005200 0.302451 0.013382 0.081572
0.000010 0.000010 0.581321 0.000010 0.000010 0.000010 0.404055 0.014564 0.000010
0.000010 0.068935 0.489085 0.000010 0.051923 0.000010 0.364855 0.000010 0.025162
0.010739 0.000010 0.661679 0.022652 0.000010 0.000010 0.304880 0.000010 0.000010
0.046879 0.059960 0.481591 0.000010 0.000010 0.009982 0.293387 0.000010 0.108171
0.000010 0.142636 0.398401 0.000010 0.000010 0.000010 0.409822 0.049091 0.000010
0.035668 0.000410 0.601558 0.088019 0.001689 0.000010 0.232183 0.040454 0.000010
0.000010 0.038664 0.730248 0.000010 0.065515 0.000010 0.165524 0.000010 0.000010
0.000010 0.000010 0.684167 0.100848 0.000010 0.000010 0.149081 0.000010 0.065853
0.000010 0.012885 0.788809 0.030565 0.000010 0.073400 0.094301 0.000010 0.000010
0.000010 0.000010 0.697653 0.000010 0.000010 0.000010 0.273955 0.028332 0.000010
0.000010 0.026955 0.452361 0.065745 0.069988 0.013595 0.303008 0.068327 0.000010
0.000010 0.000010 0.527421 0.000010 0.000010 0.011185 0.374876 0.080725 0.005752
0.056392 0.106466 0.531425 0.000010 0.000010 0.000010 0.247662 0.058014 0.000010
0.000010 0.000010 0.549474 0.031361 0.000010 0.000010 0.419105 0.000010 0.000010
0.000010 0.000010 0.762426 0.000010 0.000010 0.000010 0.220173 0.000010 0.017342
0.000010 0.085348 0.586089 0.005048 0.029068 0.030295 0.264122 0.000010 0.000010
0.000010 0.014882 0.662040 0.000010 0.006292 0.034532 0.209247 0.013837 0.059148
0.000010 0.015321 0.527149 0.024470 0.046420 0.000010 0.386600 0.000010 0.000010
0.000010 0.037084 0.694407 0.000010 0.000010 0.000010 0.268449 0.000010 0.000010
0.000010 0.063663 0.670909 0.000010 0.000010 0.000010 0.242294 0.000010 0.023084
0.000010 0.000010 0.591155 0.000010 0.000010 0.000010 0.380042 0.028743 0.000010
0.000010 0.000010 0.587241 0.000010 0.103239 0.000010 0.309461 0.000010 0.000010
0.000010 0.000010 0.647202 0.000010 0.000010 0.000010 0.352728 0.000010 0.000010
0.000010 0.056333 0.588003 0.002071 0.005686 0.000010 0.347867 0.000010 0.000010
0.000010 0.101210 0.546321 0.000010 0.020933 0.000010 0.331485 0.000010 0.000010
0.000010 0.198902 0.550978 0.000010 0.000010 0.006794 0.168182 0.075104 0.000010
0.000010 0.089052 0.481688 0.001012 0.000010 0.006617 0.411595 0.000010 0.010007
0.000010 0.145330 0.537600 0.000010 0.000010 0.000010 0.293984 0.000010 0.023037
0.000010 0.000010 0.428859 0.000010 0.000010 0.000010 0.497875 0.073206 0.000010
0.000010 0.060670 0.585230 0.000010 0.049285 0.000010 0.304765 0.000010 0.000010
0.000010 0.141529 0.672701 0.000010 0.000010 0.000010 0.179956 0.000010 0.005764
0.000010 0.084325 0.520151 0.000010 0.000010 0.000010 0.353028 0.000010 0.042446
0.021020 0.000010 0.713371 0.000010 0.000010 0.015365 0.234065 0.016140 0.000010
0.010323 0.023744 0.594820 0.000010 0.000010 0.000010 0.290687 0.080386 0.000010
0.015698 0.000010 0.489546 0.000010 0.036476 0.000010 0.456278 0.001962 0.000010
0.000010 0.000010 0.000010 0.100659 0.835746 0.000010 0.063534 0.000010 0.000010
0.000010 0.000010 0.000010 0.000010 0.956408 0.017836 0.000010 0.000010 0.025697
0.000010 0.112726 0.563457 0.000010 0.000010 0.000010 0.323757 0.000010 0.000010
0.002913 0.000011 0.512815 0.000010 0.000010 0.000010 0.342182 0.047973 0.094077
0.103853 0.000010 0.000010 0.365199 0.212677 0.000010 0.000010 0.298212 0.020020
0.505783 0.000010 0.000010 0.329741 0.017043 0.000010 0.000010 0.147382 0.000010
0.240280 0.000010 0.148888 0.258902 0.000010 0.048478 0.000010 0.303413 0.000010
0.107733 0.000010 0.174358 0.516516 0.000010 0.000010 0.000010 0.175126 0.026227
0.634159 0.000010 0.000010 0.213397 0.000010 0.023528 0.000010 0.128865 0.000010
0.586025 0.000010 0.000010 0.118359 0.000010 0.048428 0.000010 0.247138 0.000010
0.230324 0.037580 0.000010 0.386578 0.000010 0.040758 0.000010 0.304720 0.000010
0.243260 0.000010 0.000010 0.449312 0.079333 0.000010 0.000010 0.228045 0.000010
0.488827 0.041709 0.000010 0.122989 0.067688 0.000010 0.124933 0.146720 0.007114
0.241452 0.000010 0.037072 0.277680 0.065495 0.000010 0.103957 0.263323 0.011001
0.328627 0.008099 0.000010 0.155510 0.000010 0.000010 0.221027 0.226405 0.060302
0.378921 0.000010 0.000010 0.166095 0.016553 0.000010 0.087282 0.351109 0.000010
0.592562 0.000010 0.000010 0.188068 0.000010 0.000010 0.078913 0.118606 0.021810
0.000010 0.000010 0.609899 0.000010 0.000010 0.000010 0.369139 0.000010 0.020903
0.110829 0.000010 0.457195 0.000010 0.053135 0.000010 0.378790 0.000010 0.000010
0.000010 0.108456 0.565134 0.046419 0.076451 0.000010 0.188044 0.000010 0.015466
0.000010 0.000010 0.566859 0.037817 0.000010 0.000010 0.395264 0.000010 0.000010
0.028925 0.000010 0.683585 0.000010 0.000010 0.000010 0.247590 0.013965 0.025894
0.000010 0.145922 0.626931 0.000010 0.000010 0.000010 0.227087 0.000010 0.000010
0.000010 0.059282 0.654173 0.000010 0.000010 0.000010 0.286484 0.000010 0.000010
0.000010 0.000010 0.512431 0.000010 0.059204 0.000010 0.428305 0.000010 0.000010
0.067236 0.091594 0.598893 0.000010 0.000010 0.000010 0.203898 0.038339 0.000010
0.000010 0.000010 0.585311 0.000010 0.000010 0.000010 0.414619 0.000010 0.000010
0.000010 0.000010 0.608793 0.000010 0.000010 0.000010 0.391137 0.000010 0.000010
0.065311 0.000010 0.635475 0.053590 0.028321 0.000010 0.193191 0.000010 0.024083
