0.111829 0.000010 0.083160 0.103972 0.022629 0.000010 0.145254 0.533127 0.000010
0.352703 0.052239 0.000010 0.038174 0.000010 0.000010 0.151301 0.267697 0.137856
0.382273 0.000010 0.000010 0.000010 0.040063 0.105684 0.100727 0.371214 0.000010
0.451777 0.000010 0.000010 0.000010 0.000010 0.000010 0.096329 0.451834 0.000010
0.002504 0.000010 0.028510 0.102541 0.088722 0.013332 0.222855 0.541517 0.000010
0.000010 0.000010 0.073545 0.249512 0.000010 0.000010 0.104034 0.388653 0.184216
0.314636 0.000010 0.000010 0.000010 0.100757 0.000010 0.169578 0.414980 0.000010
0.123277 0.000010 0.000010 0.214025 0.000010 0.029370 0.092102 0.541186 0.000010
0.476816 0.000010 0.092035 0.015673 0.048283 0.081252 0.000010 0.263805 0.022117
0.313666 0.002909 0.000010 0.058456 0.000010 0.032321 0.179884 0.391951 0.020793
0.232362 0.078895 0.179003 0.000010 0.000010 0.000010 0.079828 0.429871 0.000010
0.261281 0.000010 0.000010 0.123996 0.123151 0.000010 0.038112 0.434464 0.018964
0.119980 0.000010 0.084254 0.126772 0.000010 0.000010 0.106024 0.562930 0.000010
0.313761 0.000010 0.000010 0.000010 0.047827 0.005435 0.169072 0.463866 0.000010
0.227433 0.000010 0.047521 0.070071 0.000010 0.000010 0.011469 0.474404 0.169073
0.312572 0.050152 0.000010 0.000010 0.151986 0.013279 0.143343 0.328637 0.000010
0.323222 0.015577 0.060574 0.100150 0.005323 0.000010 0.098669 0.353687 0.042788
0.192865 0.092892 0.000010 0.000010 0.079859 0.018151 0.230365 0.385837 0.000010
0.477664 0.000010 0.067698 0.000010 0.000010 0.000010 0.020887 0.425468 0.008242
0.218186 0.070141 0.000010 0.037020 0.000010 0.000010 0.000010 0.588096 0.086517
0.115437 0.000010 0.037802 0.228448 0.090700 0.025869 0.139849 0.361874 0.000010
0.157210 0.000010 0.000010 0.000010 0.043243 0.036740 0.120616 0.436860 0.205301
0.233467 0.000010 0.000010 0.000010 0.147406 0.023417 0.069633 0.503108 0.022938
0.367629 0.000010 0.000010 0.000010 0.013377 0.067262 0.000010 0.551682 0.000010
0.204720 0.000010 0.000010 0.075931 0.000010 0.000010 0.085568 0.628844 0.004898
0.283423 0.073971 0.000010 0.078468 0.114105 0.000010 0.000010 0.438605 0.011397
0.353035 0.028454 0.000010 0.050235 0.081646 0.000010 0.218104 0.268496 0.000010
0.151810 0.079837 0.133716 0.011804 0.045091 0.055419 0.073829 0.303154 0.145340
0.342893 0.044076 0.000010 0.040457 0.000010 0.000010 0.129347 0.443186 0.000010
0.166961 0.000010 0.000010 0.155379 0.048447 0.000010 0.000010 0.344066 0.285106
0.187271 0.000010 0.009237 0.276633 0.000010 0.000010 0.168328 0.310237 0.048264
0.016416 0.000010 0.009399 0.221316 0.000010 0.007813 0.113666 0.631360 0.000010
0.235069 0.000010 0.154664 0.072453 0.000010 0.000010 0.134092 0.403682 0.000010
0.402802 0.000010 0.127106 0.006204 0.053181 0.000010 0.070332 0.340346 0.000010
0.000010 0.000010 0.000010 0.054954 0.000010 0.032678 0.309396 0.602922 0.000010
0.088023 0.000010 0.000010 0.149396 0.000010 0.000010 0.231294 0.531238 0.000010
0.362048 0.000010 0.087605 0.028360 0.000010 0.000010 0.000010 0.521937 0.000010
0.342884 0.000010 0.013187 0.000010 0.000010 0.075193 0.054785 0.513911 0.000010
0.124059 0.000010 0.000010 0.402448 0.000010 0.034340 0.240468 0.198645 0.000010
0.006143 0.022760 0.061581 0.161559 0.000010 0.000010 0.208974 0.465335 0.073628
0.190177 0.134002 0.039765 0.259344 0.000010 0.011282 0.000010 0.365400 0.000010
0.383653 0.090575 0.000010 0.000010 0.000010 0.066834 0.000010 0.458888 0.000010
0.303245 0.087028 0.043142 0.018569 0.014526 0.000010 0.000010 0.490780 0.042691
0.253098 0.000010 0.000010 0.148703 0.000010 0.001210 0.182244 0.325483 0.089232
0.222813 0.052678 0.040227 0.063430 0.146614 0.064732 0.000010 0.409486 0.000010
0.071199 0.000010 0.022966 0.156165 0.029236 0.000010 0.182959 0.537445 0.000010
0.000010 0.148386 0.042038 0.127336 0.000010 0.000010 0.057921 0.624279 0.000010
0.305632 0.000010 0.000010 0.031150 0.000010 0.000010 0.091987 0.571181 0.000010
0.000010 0.061873 0.366513 0.025765 0.000010 0.023943 0.113418 0.408201 0.000266
0.232913 0.000010 0.382823 0.112419 0.090066 0.000010 0.131387 0.050362 0.000010
0.000010 0.019968 0.324398 0.051733 0.110354 0.000010 0.248236 0.245281 0.000010
0.194145 0.000010 0.294325 0.108972 0.009283 0.000010 0.104652 0.262747 0.025856
0.048369 0.161597 0.237782 0.079634 0.028055 0.000010 0.068143 0.376400 0.000010
0.351657 0.102096 0.178322 0.054650 0.134604 0.018395 0.014774 0.145491 0.000010
0.294050 0.022926 0.245876 0.000010 0.000010 0.000010 0.154177 0.280015 0.002926
0.040268 0.000010 0.249493 0.182151 0.124690 0.000010 0.056710 0.346658 0.000010
0.179220 0.078066 0.429191 0.000010 0.000010 0.000010 0.107007 0.206476 0.000010
0.312448 0.000010 0.245111 0.000010 0.061166 0.031565 0.059230 0.231386 0.059074
0.072494 0.065976 0.364199 0.047443 0.000010 0.040501 0.262053 0.147315 0.000010
0.137184 0.080968 0.351419 0.082605 0.000010 0.000010 0.080177 0.267617 0.000010
0.189962 0.055570 0.578196 0.000010 0.000010 0.026730 0.000010 0.149502 0.000010
0.087518 0.136150 0.298391 0.076047 0.016382 0.000010 0.131594 0.237235 0.016673
0.016908 0.029882 0.162535 0.123034 0.057462 0.000010 0.305651 0.238907 0.065611
0.000010 0.000010 0.421159 0.011019 0.044024 0.000010 0.165137 0.358620 0.000010
0.000010 0.058352 0.234083 0.205635 0.000010 0.000010 0.285910 0.215980 0.000010
0.008923 0.000010 0.490032 0.139526 0.000010 0.000010 0.127608 0.233870 0.000010
0.255962 0.000010 0.252435 0.000010 0.067396 0.000010 0.128581 0.295587 0.000010
0.312386 0.127659 0.142221 0.176218 0.000010 0.010419 0.110375 0.120704 0.000010
0.047760 0.045493 0.489820 0.046051 0.004110 0.000010 0.366736 0.000010 0.000010
0.290904 0.042375 0.145900 0.148932 0.039108 0.000010 0.067019 0.221811 0.043941
0.107422 0.000010 0.000010 0.118387 0.139576 0.120130 0.024108 0.132413 0.357944
0.432926 0.000010 0.000010 0.000010 0.000010 0.000010 0.000010 0.567004 0.000010
0.310336 0.028002 0.000010 0.136028 0.000010 0.000010 0.000010 0.432771 0.092824
0.413298 0.000010 0.071172 0.000010 0.000010 0.000010 0.127966 0.352567 0.034957
0.332554 0.045412 0.000010 0.043134 0.000010 0.000010 0.119164 0.459697 0.000010
0.087692 0.000010 0.000010 0.000010 0.159468 0.000010 0.158977 0.593814 0.000010
0.108920 0.146228 0.000010 0.252585 0.000010 0.000010 0.093109 0.325863 0.073265
0.256119 0.000010 0.064034 0.098493 0.000010 0.000010 0.180421 0.324390 0.076513
0.437721 0.032535 0.097598 0.244937 0.000010 0.047423 0.000010 0.105723 0.034043
0.169104 0.000010 0.183877 0.201112 0.000010 0.000145 0.012831 0.432901 0.000010
0.204403 0.027507 0.000010 0.051145 0.000010 0.000010 0.086427 0.574977 0.055510
0.105492 0.000010 0.023322 0.019486 0.000010 0.000010 0.134084 0.717054 0.000533
0.300636 0.219862 0.038524 0.038191 0.000010 0.031518 0.008307 0.362942 0.000010
0.394968 0.122886 0.000010 0.000010 0.017137 0.063715 0.120288 0.280976 0.000010
0.316734 0.000010 0.000010 0.079669 0.000010 0.006777 0.135695 0.312009 0.149086
0.237998 0.069476 0.006078 0.011756 0.067348 0.035986 0.095239 0.440397 0.035721
0.116672 0.033704 0.000010 0.000010 0.000010 0.023785 0.108985 0.485075 0.231749
0.488774 0.001166 0.042966 0.000010 0.001258 0.000010 0.000010 0.465796 0.000010
0.263945 0.000862 0.000010 0.087463 0.077604 0.090733 0.000010 0.276772 0.202600
0.180598 0.086195 0.101445 0.384308 0.000010 0.000010 0.007636 0.239787 0.000010
0.319616 0.000010 0.000010 0.342039 0.150636 0.069607 0.017910 0.000010 0.100163
0.197525 0.037711 0.046621 0.218825 0.000010 0.003270 0.045791 0.450237 0.000010
0.291951 0.000010 0.000010 0.041821 0.000010 0.000010 0.234723 0.371517 0.059947
0.046568 0.000010 0.013746 0.371533 0.034813 0.000010 0.073876 0.459434 0.000010
0.197933 0.028147 0.000010 0.163445 0.000010 0.069396 0.138424 0.302149 0.100487
0.115479 0.000010 0.139025 0.158608 0.000010 0.000010 0.008108 0.578440 0.000309
0.096085 0.070978 0.000010 0.000010 0.000010 0.000010 0.284982 0.547905 0.000010
0.156334 0.090394 0.000010 0.000010 0.000010 0.000010 0.248140 0.505082 0.000010
0.000010 0.000010 0.000010 0.110503 0.000010 0.000010 0.274560 0.614877 0.000010
0.271400 0.000010 0.000010 0.000010 0.058576 0.000010 0.265610 0.401432 0.002942
0.163270 0.105597 0.000010 0.068527 0.000010 0.000010 0.081896 0.222655 0.358025
0.000010 0.131045 0.000010 0.000010 0.144657 0.000010 0.000010 0.147865 0.576383
0.157216 0.000010 0.075102 0.011740 0.000010 0.022207 0.099569 0.607310 0.026836
0.060224 0.000010 0.000010 0.107630 0.000010 0.000010 0.369521 0.462576 0.000010
0.241756 0.145703 0.000010 0.145929 0.000010 0.000010 0.000010 0.466563 0.000010
0.048471 0.066724 0.000010 0.135081 0.000010 0.000010 0.318251 0.431432 0.000010
0.250810 0.033613 0.000010 0.123061 0.004301 0.059055 0.036885 0.413904 0.078361
0.131722 0.000010 0.096820 0.257304 0.116567 0.000010 0.071564 0.325993 0.000010
0.346865 0.061251 0.000010 0.024219 0.025396 0.000010 0.207753 0.334486 0.000010
0.218586 0.117424 0.000010 0.099836 0.000010 0.000010 0.150736 0.413378 0.000010
0.280556 0.006536 0.029354 0.115107 0.083199 0.000010 0.000010 0.485218 0.000010
0.000010 0.032984 0.116091 0.165634 0.000010 0.000010 0.200825 0.457677 0.026760
0.241780 0.075940 0.114188 0.149321 0.111829 0.000010 0.000010 0.306912 0.000010
0.122859 0.000010 0.000010 0.164639 0.156583 0.021198 0.071033 0.463659 0.000010
0.000010 0.191334 0.000010 0.035916 0.000010 0.033911 0.326493 0.373436 0.038881
0.089255 0.000010 0.000010 0.208632 0.000010 0.000010 0.179254 0.522808 0.000010
0.078946 0.036928 0.000010 0.164052 0.008810 0.000010 0.231273 0.479962 0.000010
0.230869 0.017533 0.000010 0.055574 0.000010 0.000010 0.214972 0.481012 0.000010
0.251086 0.000010 0.017631 0.000010 0.000010 0.015880 0.000010 0.681421 0.033942
0.227600 0.035588 0.010599 0.058250 0.000010 0.133093 0.152338 0.382511 0.000010
0.019663 0.110116 0.093742 0.032137 0.000010 0.000010 0.136394 0.607918 0.000010
0.000010 0.000010 0.000010 0.190477 0.000010 0.071375 0.175635 0.562463 0.000010
0.221344 0.163340 0.000010 0.000010 0.000010 0.000010 0.074100 0.541165 0.000010
0.000010 0.000010 0.000010 0.145288 0.044587 0.035324 0.236311 0.538451 0.000010
0.026178 0.070575 0.026175 0.007341 0.000010 0.062651 0.139525 0.667535 0.000010
0.068455 0.009035 0.000010 0.134483 0.041600 0.056374 0.266196 0.423836 0.000010
0.057443 0.058627 0.000010 0.109561 0.124069 0.015283 0.130060 0.413962 0.090985
0.366394 0.039701 0.000010 0.027443 0.000010 0.000010 0.189204 0.348187 0.029042
0.109943 0.000010 0.000010 0.144957 0.049132 0.000010 0.200424 0.459323 0.036190
0.232749 0.008646 0.000010 0.000011 0.000010 0.000010 0.117592 0.589918 0.051053
0.000010 0.000010 0.000010 0.000010 0.124090 0.031511 0.286819 0.557530 0.000010
0.002774 0.000053 0.019755 0.212412 0.022788 0.031178 0.099330 0.610280 0.001429
0.219140 0.041426 0.000010 0.000010 0.000010 0.096410 0.119522 0.523462 0.000010
0.202544 0.110340 0.061458 0.055486 0.015406 0.000010 0.151166 0.321967 0.081624
0.202074 0.037602 0.094370 0.152390 0.000010 0.000010 0.178606 0.334928 0.000010
0.000010 0.000010 0.000010 0.151108 0.082092 0.000010 0.261873 0.504877 0.000010
0.026266 0.000010 0.126743 0.157837 0.046378 0.032459 0.053798 0.556500 0.000010
0.178092 0.000010 0.000010 0.107206 0.000010 0.013211 0.061305 0.640147 0.000010
0.357612 0.000010 0.003331 0.000010 0.086982 0.004876 0.111383 0.435785 0.000010
0.000010 0.000010 0.136432 0.000010 0.096395 0.000010 0.256716 0.510407 0.000010
0.213612 0.050402 0.027510 0.030024 0.000010 0.000010 0.180199 0.498224 0.000010
0.281429 0.166965 0.044509 0.064760 0.092427 0.010888 0.103923 0.235087 0.000010
0.244552 0.000010 0.001795 0.000010 0.153111 0.000010 0.161100 0.439402 0.000010
0.433595 0.038964 0.000010 0.000010 0.000010 0.057681 0.000010 0.469710 0.000010
0.417147 0.008532 0.000010 0.000010 0.000010 0.099759 0.038251 0.432306 0.003975
0.176568 0.012408 0.197210 0.000010 0.000010 0.000010 0.128250 0.485524 0.000010
0.369452 0.000010 0.074187 0.000010 0.000010 0.000010 0.157967 0.394610 0.003743
0.243510 0.070439 0.000010 0.306941 0.034230 0.000010 0.109971 0.209378 0.025512
0.112348 0.065552 0.000010 0.142766 0.000010 0.136632 0.192224 0.350448 0.000010
0.205739 0.000010 0.000010 0.028665 0.000010 0.000010 0.152015 0.613532 0.000010
0.317616 0.049954 0.000010 0.058343 0.022421 0.057198 0.163409 0.331039 0.000010
0.063500 0.012670 0.012549 0.186365 0.000010 0.000010 0.219306 0.471103 0.034487
0.230543 0.000010 0.000010 0.029868 0.064274 0.059168 0.079625 0.536493 0.000010
0.292660 0.000010 0.019885 0.136273 0.000010 0.048007 0.077399 0.425746 0.000010
0.212321 0.000010 0.146464 0.069496 0.000010 0.000010 0.192526 0.379153 0.000010
0.181737 0.000010 0.025220 0.000010 0.000010 0.089291 0.171802 0.531911 0.000010
0.381227 0.062609 0.000010 0.000010 0.000010 0.019195 0.211875 0.325054 0.000010
0.266458 0.046780 0.000010 0.155322 0.000010 0.000010 0.076317 0.455083 0.000010
0.170347 0.057555 0.025302 0.000010 0.137137 0.038892 0.059543 0.511205 0.000010
0.000010 0.194737 0.000010 0.078454 0.000010 0.000010 0.125562 0.601197 0.000010
0.000010 0.080226 0.000010 0.266232 0.000010 0.015999 0.087286 0.550217 0.000010
0.415080 0.000010 0.000010 0.183177 0.048924 0.022202 0.000010 0.330577 0.000010
0.000010 0.000010 0.122384 0.076412 0.060620 0.000010 0.181993 0.549612 0.008948
0.147606 0.036093 0.131711 0.000010 0.068374 0.000010 0.000010 0.616175 0.000010
0.175794 0.038532 0.000010 0.000010 0.088788 0.087715 0.137047 0.472094 0.000010
0.020419 0.000010 0.088551 0.185266 0.000010 0.057483 0.141641 0.489411 0.017209
0.046429 0.002001 0.060583 0.099703 0.000010 0.020779 0.069860 0.700625 0.000010
0.094714 0.023476 0.321351 0.000010 0.000010 0.007549 0.184954 0.367926 0.000010
0.005612 0.332864 0.015245 0.142382 0.000010 0.004753 0.108004 0.391120 0.000010
0.265582 0.049092 0.104876 0.048920 0.005534 0.000010 0.274351 0.251623 0.000010
0.040462 0.073772 0.039543 0.094703 0.085352 0.004580 0.229445 0.432133 0.000010
0.159343 0.001433 0.000010 0.000010 0.074583 0.000010 0.183829 0.479130 0.101652
0.215804 0.032750 0.138330 0.056939 0.000010 0.000010 0.010691 0.545457 0.000010
0.248013 0.082341 0.052638 0.210333 0.000010 0.000010 0.034467 0.372179 0.000010
0.199791 0.019685 0.081851 0.000010 0.117996 0.000010 0.064741 0.515905 0.000010
0.072408 0.108512 0.207974 0.000010 0.000010 0.000010 0.147657 0.463409 0.000010
0.113680 0.062184 0.125093 0.094804 0.022257 0.000010 0.063176 0.518786 0.000010
0.230734 0.000162 0.143631 0.000010 0.000010 0.000010 0.055976 0.569456 0.000010
0.000010 0.000010 0.045724 0.170088 0.064165 0.000010 0.389793 0.330189 0.000010
0.154382 0.157618 0.006826 0.144206 0.092024 0.000010 0.131489 0.313436 0.000010
0.310147 0.141823 0.055215 0.154349 0.011306 0.053108 0.205370 0.068447 0.000235
0.244233 0.070955 0.000010 0.113705 0.000010 0.055479 0.174697 0.273826 0.067086
0.032457 0.143118 0.063144 0.211621 0.100807 0.027771 0.026745 0.394327 0.000010
0.146989 0.136357 0.072583 0.090018 0.055499 0.000010 0.139402 0.359132 0.000010
0.099477 0.000010 0.209374 0.208963 0.114450 0.000010 0.000010 0.367696 0.000010
0.163390 0.017853 0.134348 0.052594 0.159262 0.000010 0.072305 0.400227 0.000010
0.053367 0.144618 0.082670 0.171991 0.000010 0.080914 0.027759 0.438662 0.000010
0.009573 0.004145 0.000010 0.034456 0.001380 0.505112 0.025902 0.000010 0.419410
0.000010 0.034619 0.045162 0.000010 0.000010 0.459554 0.000010 0.022073 0.438552
0.000010 0.037168 0.022959 0.000010 0.000010 0.403647 0.000010 0.037285 0.498902
0.000010 0.000010 0.000010 0.004407 0.000010 0.372806 0.000010 0.035888 0.586850
0.000010 0.000010 0.000010 0.046806 0.000010 0.413266 0.026582 0.030828 0.482478
0.000010 0.000010 0.000010 0.000010 0.000010 0.243373 0.000010 0.040464 0.716102
0.000010 0.000010 0.034732 0.000010 0.000010 0.370547 0.000010 0.000010 0.594661
0.000010 0.001650 0.000010 0.000010 0.000010 0.461356 0.000010 0.050195 0.486749
0.000010 0.000010 0.000010 0.000010 0.000010 0.505891 0.000010 0.000010 0.494038
0.057332 0.000010 0.000010 0.000010 0.000010 0.435879 0.000010 0.000010 0.506729
0.000010 0.005052 0.000010 0.000010 0.000010 0.239428 0.000010 0.009417 0.746053
0.022288 0.000010 0.000010 0.003876 0.040808 0.363431 0.000010 0.034795 0.534771
0.000010 0.039310 0.035550 0.000010 0.000010 0.501885 0.000010 0.000010 0.423205
0.000010 0.018713 0.000010 0.000010 0.000010 0.280955 0.083332 0.000010 0.616950
0.000010 0.000010 0.000010 0.000010 0.023965 0.363622 0.000010 0.038514 0.573849
0.000010 0.124050 0.000010 0.000010 0.000010 0.433673 0.000010 0.000010 0.442217
0.000010 0.000010 0.000010 0.000010 0.000010 0.320324 0.000010 0.000010 0.679606
0.000010 0.000010 0.000010 0.000010 0.101429 0.240386 0.000010 0.000010 0.658125
0.000010 0.021441 0.000010 0.000010 0.000010 0.385137 0.000010 0.000010 0.593362
0.000010 0.000010 0.000010 0.000010 0.001546 0.450164 0.000010 0.059997 0.488243
0.005548 0.000010 0.000010 0.000010 0.015356 0.703027 0.052167 0.056447 0.167424
0.000010 0.000010 0.025403 0.000010 0.000010 0.410980 0.000010 0.000010 0.563557
0.000010 0.000010 0.000010 0.000010 0.027364 0.454224 0.000010 0.000010 0.518352
0.000010 0.000010 0.060227 0.000010 0.000010 0.526661 0.000010 0.000010 0.413052
0.000010 0.022399 0.000010 0.001296 0.000010 0.297020 0.000010 0.058970 0.620275
0.000010 0.029954 0.019482 0.000010 0.000010 0.304575 0.000010 0.000010 0.645939
0.000010 0.000010 0.014285 0.000010 0.078604 0.469424 0.000010 0.000024 0.437623
0.014025 0.000010 0.000010 0.026658 0.000010 0.353919 0.000010 0.006739 0.598618
0.000010 0.000010 0.000010 0.000010 0.618640 0.000010 0.381290 0.000010 0.000010
0.238005 0.089111 0.000010 0.188992 0.064364 0.000010 0.009939 0.409560 0.000010
0.256554 0.006142 0.188327 0.301236 0.000010 0.037258 0.000010 0.200064 0.010400
0.512681 0.000010 0.034530 0.320300 0.061573 0.000010 0.070876 0.000010 0.000010
0.406599 0.000010 0.000010 0.411563 0.000010 0.000010 0.054972 0.126816 0.000010
0.554349 0.062435 0.000010 0.133527 0.000010 0.061398 0.031034 0.157228 0.000010
0.363537 0.000010 0.012789 0.326074 0.115194 0.000010 0.071737 0.072810 0.037839
0.346810 0.000010 0.000010 0.316712 0.000010 0.000010 0.056900 0.234767 0.044772
0.321540 0.196099 0.000010 0.230846 0.023384 0.185601 0.000010 0.038382 0.004128
0.092842 0.000010 0.131303 0.431632 0.015146 0.000010 0.000010 0.329038 0.000010
0.430931 0.000010 0.004871 0.292721 0.054394 0.031239 0.001892 0.183931 0.000010
0.329113 0.000010 0.055154 0.264882 0.000010 0.000010 0.096360 0.254451 0.000010
0.302757 0.000010 0.000447 0.266784 0.000010 0.000010 0.090818 0.327365 0.011799
0.122622 0.114333 0.000010 0.252284 0.000010 0.000010 0.016847 0.484805 0.009079
0.374423 0.108502 0.000010 0.199563 0.000010 0.000010 0.000010 0.301302 0.016170
0.366238 0.000010 0.000010 0.134420 0.000010 0.000010 0.113115 0.386176 0.000010
0.292850 0.040182 0.000010 0.343658 0.015380 0.000010 0.000010 0.307890 0.000010
0.232860 0.116996 0.044797 0.387104 0.000010 0.031889 0.000010 0.186325 0.000010
0.135622 0.052305 0.078508 0.403826 0.083180 0.000010 0.034097 0.212442 0.000010
0.495338 0.000010 0.000010 0.284001 0.000010 0.000010 0.000010 0.220601 0.000010
0.388560 0.000010 0.071625 0.286737 0.024248 0.000010 0.050626 0.178174 0.000010
0.325620 0.066313 0.000010 0.443212 0.029430 0.000010 0.000010 0.135385 0.000010
0.457677 0.184702 0.012832 0.220615 0.000010 0.026690 0.000010 0.097453 0.000010
0.332317 0.015552 0.000010 0.375623 0.000010 0.000010 0.000010 0.276459 0.000010
0.144207 0.024417 0.000212 0.390131 0.000010 0.000010 0.127129 0.253984 0.059899
0.350600 0.000010 0.031777 0.287041 0.000010 0.000010 0.014496 0.311048 0.005008
0.333540 0.000010 0.000010 0.240705 0.044458 0.000010 0.072440 0.268097 0.040730
0.388878 0.000010 0.000010 0.337603 0.000010 0.034899 0.000010 0.173059 0.065522
0.377661 0.000010 0.000011 0.301535 0.000010 0.000010 0.000010 0.253128 0.067625
0.000010 0.000010 0.000010 0.000010 0.969631 0.030299 0.000010 0.000010 0.000010
0.000010 0.043845 0.000010 0.000010 0.940461 0.000010 0.015634 0.000010 0.000010
0.000010 0.000010 0.000010 0.000010 0.999920 0.000010 0.000010 0.000010 0.000010
0.000010 0.000010 0.000010 0.000010 0.999920 0.000010 0.000010 0.000010 0.000010
0.000010 0.021557 0.046841 0.030646 0.764884 0.000010 0.136033 0.000010 0.000010
0.000010 0.000010 0.003794 0.000010 0.973144 0.000858 0.022154 0.000010 0.000010
0.000010 0.000010 0.000010 0.000010 0.982393 0.017537 0.000010 0.000010 0.000010
0.000010 0.000010 0.000010 0.000010 0.985956 0.000010 0.013974 0.000010 0.000010
0.000010 0.017761 0.000010 0.000010 0.982169 0.000010 0.000010 0.000010 0.000010
0.000010 0.000010 0.033609 0.000010 0.955794 0.010537 0.000010 0.000010 0.000010
0.000010 0.000010 0.000010 0.000010 0.961675 0.000010 0.038255 0.000010 0.000010
0.000010 0.005430 0.000010 0.018740 0.975770 0.000010 0.000010 0.000010 0.000010
0.000010 0.070238 0.000010 0.000010 0.929692 0.000010 0.000010 0.000010 0.000010
0.000010 0.023487 0.000010 0.000010 0.957198 0.000010 0.019255 0.000010 0.000010
0.000010 0.000010 0.000010 0.000012 0.999918 0.000010 0.000010 0.000010 0.000010
0.000010 0.000010 0.000010 0.000010 0.999920 0.000010 0.000010 0.000010 0.000010
0.000010 0.000010 0.000010 0.000010 0.999920 0.000010 0.000010 0.000010 0.000010
0.513097 0.071854 0.007405 0.000010 0.000010 0.000010 0.046980 0.360624 0.000010
0.603178 0.134918 0.000010 0.000010 0.000010 0.047501 0.000010 0.214354 0.000010
0.292802 0.031116 0.000010 0.000010 0.000010 0.090142 0.250651 0.333265 0.001994
0.576752 0.000010 0.005054 0.000010 0.015234 0.000010 0.000010 0.402910 0.000010
0.629113 0.000039 0.116786 0.044173 0.000010 0.000010 0.000010 0.209849 0.000010
0.638244 0.087094 0.017447 0.000010 0.075628 0.024785 0.000010 0.156771 0.000010
0.438520 0.097812 0.000010 0.041033 0.000010 0.037803 0.000010 0.384793 0.000010
0.248715 0.000010 0.081454 0.338068 0.000010 0.039676 0.031867 0.260191 0.000010
0.405612 0.161497 0.000010 0.000010 0.000010 0.000010 0.011376 0.421465 0.000010
0.392915 0.000010 0.000010 0.288825 0.000010 0.085196 0.023090 0.190013 0.019930
0.701563 0.011051 0.000010 0.000010 0.000010 0.051516 0.000010 0.228442 0.007388
0.312466 0.035700 0.056091 0.130428 0.069472 0.062898 0.021965 0.310969 0.000010
0.466994 0.019353 0.090489 0.039397 0.000010 0.063936 0.000010 0.319800 0.000010
0.205987 0.000010 0.065286 0.189675 0.050534 0.000010 0.026924 0.413475 0.048099
0.520423 0.000010 0.000010 0.032112 0.000010 0.083845 0.000010 0.363570 0.000010
0.551985 0.006320 0.017839 0.223964 0.020532 0.000010 0.065231 0.114110 0.000010
0.428857 0.000010 0.000010 0.017911 0.000010 0.022371 0.000010 0.510119 0.020702
0.534135 0.000010 0.000010 0.089689 0.061060 0.027726 0.000010 0.287351 0.000010
0.414484 0.000010 0.000010 0.063851 0.000010 0.022809 0.012319 0.223522 0.262985
0.580642 0.024686 0.000010 0.088280 0.054236 0.000010 0.000010 0.252117 0.000010
0.372576 0.009479 0.000010 0.092310 0.000010 0.007677 0.000010 0.517918 0.000010
0.626171 0.127193 0.000010 0.000010 0.004721 0.000010 0.000010 0.221150 0.020724
0.520941 0.005513 0.083945 0.077636 0.000010 0.000010 0.036775 0.275160 0.000010
0.513239 0.000010 0.000010 0.065732 0.021778 0.061534 0.083198 0.228251 0.026247
0.577070 0.000010 0.000010 0.052488 0.041484 0.000010 0.000010 0.328907 0.000010
0.565070 0.000010 0.001550 0.002867 0.000010 0.000010 0.092198 0.338275 0.000010
0.451382 0.000010 0.000010 0.000010 0.000010 0.000010 0.097480 0.365107 0.085981
0.823994 0.000010 0.000010 0.041718 0.000010 0.004313 0.000010 0.097239 0.032696
0.331146 0.010886 0.091995 0.260778 0.000010 0.059212 0.071301 0.174662 0.000010
0.199347 0.044955 0.000010 0.181412 0.048847 0.008689 0.188443 0.328287 0.000010
0.503533 0.084337 0.000010 0.000010 0.000459 0.000010 0.093881 0.317750 0.000010
0.547852 0.000010 0.016928 0.000010 0.000011 0.000010 0.039335 0.395834 0.000010
0.406930 0.000010 0.000010 0.087654 0.000010 0.078203 0.091985 0.335188 0.000010
0.550962 0.019497 0.081438 0.000010 0.000010 0.161104 0.016240 0.170730 0.000010
0.495591 0.000010 0.000010 0.034066 0.016003 0.048186 0.000010 0.406114 0.000010
0.494874 0.014732 0.001799 0.190091 0.000010 0.000010 0.000010 0.280151 0.018322
0.546579 0.017603 0.000010 0.017256 0.000010 0.061033 0.000010 0.357489 0.000010
0.211403 0.000010 0.000010 0.265673 0.014696 0.000010 0.000010 0.421245 0.086943
0.478233 0.000010 0.000010 0.167848 0.006831 0.082129 0.058537 0.206392 0.000010
0.569363 0.000010 0.000010 0.000010 0.007920 0.114530 0.041744 0.252478 0.013935
0.409561 0.000010 0.089896 0.127695 0.123133 0.066836 0.086216 0.096644 0.000010
0.517589 0.000010 0.000010 0.085455 0.108269 0.021124 0.055701 0.211832 0.000010
0.419690 0.123246 0.111004 0.144792 0.035991 0.000010 0.081107 0.084149 0.000010
0.471852 0.000010 0.000010 0.006436 0.000010 0.053346 0.075752 0.354227 0.038358
0.660944 0.022141 0.000010 0.000010 0.036461 0.056454 0.000010 0.162033 0.061937
0.527349 0.000010 0.158598 0.000010 0.069104 0.000010 0.000010 0.145082 0.099826
0.436075 0.053658 0.087940 0.144815 0.000010 0.015176 0.000010 0.087177 0.175140
0.595535 0.000010 0.000010 0.000010 0.000010 0.095317 0.000010 0.272477 0.036621
0.317767 0.117979 0.026822 0.160330 0.000010 0.094314 0.130716 0.148975 0.003086
0.557102 0.000010 0.008446 0.000010 0.036428 0.000010 0.007190 0.322401 0.068404
0.373989 0.029075 0.000010 0.253904 0.000010 0.000010 0.068260 0.214976 0.059766
0.608167 0.012455 0.049358 0.000010 0.050567 0.057261 0.068533 0.153639 0.000010
0.617074 0.000010 0.000010 0.047425 0.000010 0.063561 0.000010 0.271889 0.000010
0.637820 0.002836 0.065607 0.047561 0.043752 0.077455 0.019447 0.074035 0.031487
0.586456 0.013081 0.040789 0.073351 0.000010 0.000010 0.000010 0.134544 0.151748
0.000013 0.000010 0.000010 0.021468 0.000010 0.000010 0.018266 0.125844 0.834369
0.325364 0.032597 0.100251 0.198424 0.000010 0.000010 0.000010 0.343323 0.000010
0.619193 0.000010 0.079407 0.000010 0.088270 0.000010 0.015676 0.083978 0.113446
0.612073 0.025155 0.114958 0.109960 0.038418 0.000010 0.049917 0.049500 0.000010
0.453681 0.000010 0.000010 0.136658 0.016259 0.000010 0.046668 0.346695 0.000010
0.348339 0.024371 0.000010 0.265046 0.000010 0.000010 0.197034 0.124050 0.041130
0.758036 0.000010 0.000010 0.000010 0.000010 0.014286 0.000010 0.227618 0.000010
0.423877 0.037389 0.000010 0.050208 0.000010 0.000010 0.076848 0.411638 0.000010
0.278211 0.000010 0.000010 0.272116 0.009278 0.000010 0.078794 0.338395 0.023175
0.458733 0.000010 0.113202 0.153689 0.000010 0.000010 0.020806 0.209608 0.043931
0.643441 0.031855 0.012975 0.003335 0.000010 0.000010 0.032528 0.275836 0.000010
0.444053 0.124677 0.000010 0.255503 0.000010 0.000010 0.068036 0.027820 0.079881
0.673795 0.000010 0.187232 0.000010 0.000010 0.000010 0.000010 0.018026 0.120896
0.558171 0.000010 0.027065 0.000010 0.008795 0.082796 0.013314 0.115431 0.194407
0.543841 0.000010 0.000010 0.000010 0.046678 0.073376 0.000010 0.290308 0.045756
0.591095 0.054612 0.037118 0.000010 0.000010 0.070327 0.000010 0.184105 0.062713
0.500321 0.000010 0.018434 0.121337 0.012615 0.000010 0.000010 0.195994 0.151268
0.531168 0.000010 0.000010 0.000010 0.133568 0.000010 0.000010 0.315354 0.019860
0.367890 0.000010 0.000010 0.000010 0.055463 0.009579 0.000010 0.414800 0.152229
0.623550 0.038320 0.000010 0.077302 0.000010 0.073171 0.000817 0.133252 0.053568
0.373355 0.000010 0.000010 0.082000 0.000010 0.087823 0.033904 0.422877 0.000010
0.531750 0.072986 0.135444 0.000010 0.000010 0.027684 0.000010 0.232097 0.000010
0.152827 0.014032 0.101053 0.373193 0.000010 0.038346 0.000010 0.306599 0.013929
0.316258 0.014224 0.040657 0.322337 0.032077 0.000010 0.000010 0.274417 0.000010
0.594020 0.097990 0.000010 0.000010 0.000010 0.161021 0.000010 0.132459 0.014470
0.415840 0.000010 0.053820 0.104816 0.028112 0.000010 0.000010 0.202970 0.194413
0.417755 0.000010 0.000010 0.000010 0.091842 0.068772 0.000010 0.312394 0.109198
0.538646 0.000010 0.110193 0.000010 0.084173 0.000010 0.035497 0.210679 0.020783
0.607400 0.000010 0.000010 0.000010 0.076519 0.000010 0.000010 0.231456 0.084575
0.469273 0.033156 0.000010 0.119516 0.000010 0.000010 0.042374 0.322930 0.012721
0.414653 0.000010 0.069930 0.214283 0.063635 0.000928 0.000010 0.236541 0.000010
0.457721 0.005097 0.000010 0.000010 0.054813 0.018004 0.017594 0.446742 0.000010
0.000010 0.000010 0.024111 0.000010 0.876647 0.000010 0.099182 0.000010 0.000010
0.000010 0.000012 0.021616 0.000010 0.823374 0.000010 0.154949 0.000010 0.000010
0.000010 0.000010 0.142334 0.000010 0.856449 0.000010 0.001157 0.000010 0.000010
0.000010 0.082741 0.000010 0.000010 0.878626 0.000010 0.038572 0.000010 0.000010
0.015582 0.000010 0.000010 0.000010 0.819521 0.053693 0.111153 0.000010 0.000010
0.030252 0.000010 0.000010 0.000010 0.622836 0.000010 0.283247 0.063615 0.000010
0.061185 0.014789 0.153386 0.000010 0.650688 0.000010 0.119911 0.000010 0.000010
0.730068 0.062622 0.035313 0.054827 0.000010 0.000010 0.052206 0.064935 0.000010
0.698729 0.055600 0.000010 0.217137 0.000010 0.000010 0.000010 0.028483 0.000010
0.504935 0.113807 0.000010 0.230872 0.008858 0.000010 0.000010 0.141487 0.000010
0.509567 0.133765 0.000010 0.146844 0.021691 0.031247 0.015231 0.139142 0.002501
0.446943 0.039783 0.000010 0.034642 0.000010 0.000010 0.129805 0.348787 0.000010
0.431812 0.000010 0.000010 0.004521 0.007671 0.016337 0.052065 0.455117 0.032456
0.725925 0.000010 0.000010 0.119192 0.085396 0.033300 0.000010 0.000010 0.036147
0.595477 0.000010 0.000010 0.139384 0.079548 0.000010 0.000010 0.023136 0.162415
0.438740 0.000010 0.000010 0.331518 0.000010 0.005702 0.000010 0.221791 0.002209
0.617442 0.006681 0.000010 0.159344 0.000010 0.165563 0.000010 0.050930 0.000010
0.502132 0.000010 0.005163 0.170077 0.028755 0.016200 0.070243 0.207410 0.000010
0.541819 0.000010 0.000010 0.002172 0.000010 0.012991 0.243190 0.084576 0.115221
0.484348 0.095831 0.000010 0.000010 0.000010 0.085508 0.121845 0.212429 0.000010
0.223849 0.062436 0.000010 0.127560 0.000010 0.049689 0.081970 0.454465 0.000010
0.700136 0.000010 0.004456 0.069213 0.000010 0.022198 0.043774 0.160194 0.000010
0.464299 0.000010 0.000010 0.101838 0.017112 0.132372 0.000010 0.284339 0.000010
0.119578 0.008552 0.000010 0.259551 0.000010 0.116034 0.129845 0.334014 0.032406
0.398018 0.000010 0.003992 0.000010 0.153147 0.000010 0.070493 0.373934 0.000386
0.468306 0.000010 0.000010 0.000010 0.000010 0.084114 0.229923 0.217607 0.000010
0.625848 0.000010 0.000010 0.000010 0.189423 0.000010 0.000010 0.164632 0.020046
0.647528 0.000010 0.000010 0.013901 0.000010 0.000010 0.041557 0.296963 0.000010
0.576986 0.000010 0.000010 0.049958 0.000010 0.000010 0.000010 0.360968 0.012037
0.309295 0.000010 0.049727 0.234704 0.090384 0.000010 0.210978 0.104882 0.000010
0.488031 0.109002 0.005205 0.056556 0.000010 0.025724 0.000010 0.315452 0.000010
0.494384 0.000010 0.000010 0.147268 0.000010 0.014242 0.000010 0.325744 0.018323
0.439630 0.000010 0.000010 0.000010 0.007516 0.058689 0.083958 0.346824 0.063354
0.310549 0.000010 0.082532 0.011084 0.003819 0.046665 0.032252 0.000010 0.513079
0.312977 0.000010 0.000010 0.103553 0.000010 0.000010 0.004179 0.367477 0.211774
0.410468 0.135163 0.000010 0.000010 0.144143 0.000010 0.029922 0.212913 0.067361
0.365074 0.118547 0.000010 0.081857 0.031563 0.000010 0.000010 0.135306 0.267624
0.656663 0.000010 0.000010 0.000010 0.067593 0.055167 0.000010 0.163316 0.057221
0.557029 0.046629 0.038693 0.059863 0.035089 0.000010 0.000010 0.058867 0.203811
0.373078 0.000010 0.089191 0.217109 0.002826 0.043815 0.067930 0.206031 0.000010
0.448678 0.000010 0.013277 0.026258 0.000010 0.000010 0.000010 0.293152 0.218594
0.638206 0.124887 0.008061 0.047365 0.036618 0.000010 0.000010 0.144833 0.000010
0.000010 0.846055 0.037471 0.000010 0.000010 0.000010 0.000010 0.116414 0.000010
0.000010 0.999920 0.000010 0.000010 0.000010 0.000010 0.000010 0.000010 0.000010
0.000010 0.929384 0.053319 0.000010 0.000010 0.000010 0.017237 0.000010 0.000010
0.000010 0.866363 0.073554 0.000010 0.013272 0.000010 0.046761 0.000010 0.000010
0.000010 0.000010 0.409247 0.031636 0.000010 0.054115 0.444630 0.060332 0.000010
0.000010 0.000010 0.558590 0.025002 0.125862 0.000010 0.290496 0.000010 0.000010
0.107696 0.000010 0.357167 0.000010 0.068855 0.000010 0.465072 0.000199 0.000981
0.000010 0.000010 0.512024 0.000010 0.063685 0.000010 0.224781 0.110778 0.088693
0.041334 0.000010 0.278299 0.000011 0.008812 0.000010 0.460355 0.197344 0.013825
0.049217 0.000010 0.422722 0.083775 0.046546 0.000010 0.393814 0.003896 0.000010
0.134015 0.000010 0.361141 0.000010 0.134249 0.000010 0.321176 0.000010 0.049380
0.084511 0.000010 0.463832 0.053489 0.007391 0.037104 0.353642 0.000010 0.000010
0.010117 0.000010 0.351015 0.000010 0.066902 0.025687 0.476780 0.069469 0.000010
0.000010 0.107172 0.089924 0.022376 0.015295 0.000010 0.456340 0.308864 0.000010
0.519632 0.000010 0.000010 0.265276 0.000010 0.000010 0.035572 0.179470 0.000010
0.206132 0.096043 0.000010 0.198957 0.000010 0.000010 0.079517 0.340955 0.078366
0.409896 0.123462 0.000010 0.000010 0.008065 0.077430 0.116733 0.264383 0.000010
0.634467 0.087005 0.000010 0.000010 0.051164 0.000010 0.000010 0.154633 0.072692
0.374073 0.018505 0.000010 0.225632 0.018165 0.072895 0.025858 0.034115 0.230749
0.290974 0.000010 0.000010 0.240457 0.000010 0.073964 0.112925 0.266239 0.015411
0.548970 0.000010 0.066569 0.032517 0.104161 0.009326 0.078155 0.120119 0.040172
0.480249 0.111226 0.000010 0.080763 0.014905 0.000010 0.004510 0.308317 0.000010
0.291597 0.000010 0.063519 0.114269 0.057115 0.142280 0.029047 0.225515 0.076649
0.644266 0.027025 0.000010 0.026008 0.016026 0.000010 0.000010 0.286636 0.000010
0.472442 0.071082 0.000010 0.032945 0.035498 0.000010 0.000010 0.176462 0.211541
0.576035 0.000010 0.039261 0.000010 0.029109 0.014708 0.001378 0.327745 0.011744
0.504300 0.076424 0.000010 0.085324 0.000010 0.024860 0.031752 0.228051 0.049268
0.669011 0.021901 0.000010 0.012480 0.066098 0.022546 0.032121 0.175823 0.000010
0.785768 0.000010 0.081333 0.000010 0.000010 0.124391 0.000010 0.008458 0.000010
0.654043 0.000010 0.134212 0.000010 0.000010 0.010905 0.000010 0.190905 0.009895
0.526370 0.000010 0.000010 0.037775 0.000010 0.008115 0.062970 0.306993 0.057747
0.642687 0.055409 0.000010 0.109569 0.000010 0.000010 0.000010 0.123061 0.069234
0.512367 0.000010 0.000010 0.048919 0.000010 0.000010 0.228146 0.210517 0.000010
0.615406 0.000010 0.091202 0.000010 0.000010 0.018757 0.054534 0.024999 0.195073
0.280571 0.070807 0.000010 0.184564 0.069313 0.025631 0.035796 0.310708 0.022599
0.000010 0.123593 0.609251 0.028008 0.000010 0.000010 0.239027 0.000082 0.000010
0.057741 0.177927 0.529735 0.000010 0.018436 0.000010 0.216122 0.000010 0.000010
0.034669 0.000010 0.404915 0.000010 0.000010 0.034916 0.390461 0.113642 0.021366
0.000010 0.000010 0.569011 0.000010 0.000010 0.000010 0.253346 0.177583 0.000010
0.000010 0.168435 0.461919 0.017980 0.106791 0.000010 0.244835 0.000010 0.000010
0.000010 0.038477 0.574593 0.000010 0.000010 0.000010 0.291229 0.094608 0.001053
0.000010 0.069225 0.622863 0.000010 0.000010 0.000010 0.298880 0.008983 0.000010
0.000010 0.052972 0.599249 0.000010 0.144482 0.000010 0.203248 0.000010 0.000010
0.000010 0.000010 0.870554 0.000010 0.000010 0.008683 0.000010 0.112047 0.008665
0.037496 0.000010 0.658017 0.013192 0.107728 0.000010 0.183527 0.000010 0.000010
0.000010 0.118695 0.580494 0.000010 0.066613 0.000010 0.234148 0.000010 0.000010
0.000010 0.000010 0.686090 0.000010 0.000010 0.000010 0.286272 0.027578 0.000010
0.000010 0.000010 0.609185 0.031844 0.096029 0.000010 0.261549 0.001352 0.000010
0.000010 0.205443 0.671923 0.000010 0.000010 0.000010 0.122575 0.000010 0.000010
0.000010 0.000010 0.503897 0.000010 0.036442 0.000010 0.427450 0.032161 0.000010
0.000010 0.031601 0.598705 0.000010 0.013059 0.000010 0.356584 0.000010 0.000010
0.000010 0.000010 0.702049 0.000010 0.000010 0.000010 0.252540 0.045351 0.000010
0.049196 0.053877 0.524591 0.000010 0.009655 0.000010 0.322873 0.039778 0.000010
0.000010 0.000010 0.608775 0.000010 0.088577 0.044655 0.257943 0.000010 0.000010
0.060204 0.073529 0.513107 0.000010 0.000010 0.000010 0.244298 0.068552 0.040280
0.000010 0.000010 0.599225 0.000010 0.000010 0.013915 0.365778 0.021033 0.000010
0.018232 0.018735 0.857233 0.000010 0.008878 0.004229 0.092663 0.000010 0.000010
0.000010 0.005324 0.494622 0.000010 0.000010 0.000010 0.372632 0.127373 0.000010
0.000010 0.000010 0.719119 0.000010 0.000010 0.030341 0.250480 0.000010 0.000010
0.000010 0.162367 0.662699 0.000010 0.020996 0.029352 0.124545 0.000010 0.000010
0.000846 0.099909 0.542504 0.000010 0.000010 0.000010 0.356690 0.000010 0.000010
0.000010 0.018495 0.648654 0.000010 0.000010 0.000010 0.294385 0.038416 0.000010
0.000010 0.067494 0.768399 0.000010 0.000010 0.000010 0.144723 0.019335 0.000010
0.000010 0.000010 0.727403 0.000010 0.076116 0.000010 0.196421 0.000010 0.000010
0.000010 0.018244 0.619691 0.009214 0.000010 0.003657 0.320056 0.029109 0.000010
0.038310 0.000010 0.539075 0.000010 0.000010 0.000010 0.348406 0.074159 0.000010
0.000010 0.000010 0.652128 0.000010 0.030749 0.000010 0.317063 0.000010 0.000010
0.000010 0.017864 0.670421 0.000010 0.004428 0.000010 0.307237 0.000010 0.000010
0.000010 0.000010 0.527064 0.000010 0.082329 0.000010 0.390547 0.000010 0.000010
0.011407 0.046223 0.516294 0.000010 0.000010 0.000010 0.426026 0.000010 0.000010
0.000010 0.000010 0.557258 0.000010 0.000010 0.000010 0.377118 0.065563 0.000010
0.000010 0.000010 0.640365 0.000010 0.003291 0.000010 0.287109 0.002692 0.066503
0.006263 0.000010 0.781248 0.000010 0.021410 0.023738 0.167300 0.000010 0.000010
0.000010 0.000010 0.586779 0.000010 0.000010 0.000010 0.380086 0.033076 0.000010
0.000010 0.049309 0.000010 0.077763 0.864514 0.000010 0.008364 0.000010 0.000010
0.000010 0.000010 0.000010 0.015957 0.948520 0.000010 0.035463 0.000010 0.000010
0.000010 0.032968 0.567390 0.000010 0.000010 0.000010 0.295860 0.103732 0.000010
0.000010 0.184676 0.413942 0.000010 0.008715 0.009913 0.362239 0.000010 0.020485
0.510144 0.186393 0.050725 0.106967 0.000010 0.000010 0.007350 0.138391 0.000010
0.223182 0.058471 0.000010 0.489796 0.000010 0.000010 0.004020 0.215372 0.009128
0.356548 0.063534 0.065574 0.364678 0.000010 0.016650 0.000010 0.132986 0.000010
0.238962 0.000010 0.000010 0.457207 0.000010 0.058698 0.000010 0.245082 0.000010
0.314457 0.000010 0.123211 0.217949 0.000010 0.000010 0.019196 0.285481 0.039676
0.398748 0.000010 0.036754 0.234079 0.000010 0.123773 0.150861 0.055756 0.000010
0.152145 0.000010 0.110154 0.469403 0.150001 0.000010 0.000010 0.118256 0.000010
0.339986 0.026004 0.000010 0.436297 0.000010 0.000010 0.000010 0.197663 0.000010
0.460413 0.074391 0.000010 0.355032 0.076765 0.000010 0.000010 0.033359 0.000010
0.618956 0.000010 0.000010 0.135696 0.049487 0.056889 0.000010 0.138932 0.000010
0.222385 0.099620 0.047687 0.366562 0.000010 0.000010 0.045763 0.217954 0.000010
0.361749 0.078369 0.000010 0.421826 0.075360 0.000010 0.051921 0.010745 0.000010
0.337019 0.089418 0.099133 0.393994 0.000010 0.000010 0.000010 0.080395 0.000010
0.000010 0.024394 0.602507 0.000010 0.000010 0.000010 0.350761 0.022288 0.000010
0.000010 0.051126 0.439735 0.000010 0.000010 0.000010 0.410574 0.098515 0.000010
0.000010 0.000010 0.619471 0.000010 0.000010 0.000010 0.380459 0.000010 0.000010
0.000010 0.042880 0.575834 0.000010 0.041565 0.000010 0.283361 0.056319 0.000010
0.000010 0.024601 0.420604 0.025042 0.054683 0.064843 0.410197 0.000010 0.000010
0.000010 0.000010 0.622261 0.000010 0.000010 0.000010 0.305547 0.072131 0.000010
0.000010 0.022629 0.520550 0.000010 0.000010 0.000010 0.448711 0.008060 0.000010
0.000010 0.010447 0.576265 0.000010 0.000010 0.000010 0.413227 0.000010 0.000010
0.000010 0.000010 0.624252 0.000010 0.000010 0.000010 0.220893 0.154795 0.000010
0.000010 0.006973 0.565098 0.000010 0.117262 0.000010 0.310617 0.000010 0.000010
0.000010 0.000010 0.722537 0.000010 0.000010 0.000010 0.166521 0.110881 0.000010
0.000010 0.097262 0.583634 0.000010 0.015877 0.000010 0.224504 0.040154 0.038538
