0.003562 0.000010 0.000010 0.056238 0.000010 0.000010 0.129396 0.810754 0.000010
0.206943 0.036488 0.000010 0.037532 0.000011 0.000010 0.252256 0.352751 0.114000
0.353841 0.000010 0.000010 0.000552 0.000010 0.000010 0.282766 0.361626 0.001174
0.094763 0.000010 0.021299 0.272961 0.000010 0.030403 0.173889 0.402525 0.004140
0.448640 0.000010 0.105464 0.000010 0.000010 0.000010 0.151245 0.242183 0.052427
0.258630 0.000010 0.029714 0.110646 0.000010 0.153450 0.004819 0.293924 0.148796
0.150517 0.065405 0.000010 0.229010 0.037746 0.044141 0.062115 0.411046 0.000010
0.308970 0.000010 0.212043 0.000012 0.000011 0.000010 0.069965 0.395874 0.013104
0.527646 0.041812 0.124052 0.038628 0.032413 0.000010 0.000010 0.235419 0.000010
0.175145 0.209066 0.000011 0.131271 0.000010 0.065682 0.103300 0.315505 0.000010
0.135055 0.033915 0.000010 0.215671 0.000010 0.032987 0.028018 0.554325 0.000010
0.505971 0.008879 0.000010 0.053633 0.138989 0.004228 0.073129 0.215151 0.000010
0.360567 0.000010 0.000552 0.142469 0.138439 0.019824 0.189162 0.148966 0.000010
0.129689 0.000010 0.000010 0.155391 0.000010 0.000010 0.165162 0.325880 0.223837
0.393789 0.000010 0.078117 0.273199 0.015041 0.053590 0.000010 0.186235 0.000010
0.293529 0.000010 0.000010 0.090564 0.000010 0.000010 0.195450 0.420407 0.000010
0.322406 0.000010 0.043465 0.143447 0.000010 0.000010 0.026480 0.421730 0.042442
0.668113 0.000010 0.000010 0.073987 0.000010 0.013039 0.000010 0.205764 0.039058
0.113513 0.000010 0.010354 0.110533 0.076361 0.006953 0.110646 0.571621 0.000010
0.338590 0.131715 0.000010 0.058284 0.000010 0.000010 0.005093 0.391693 0.074595
0.118740 0.000010 0.081531 0.285612 0.163236 0.004766 0.000010 0.346085 0.000010
0.177102 0.000010 0.000010 0.092221 0.000010 0.000010 0.119330 0.531227 0.080079
0.743259 0.000010 0.027939 0.000011 0.029253 0.000010 0.000010 0.199499 0.000010
0.229969 0.012718 0.000010 0.142087 0.000010 0.000010 0.161835 0.349763 0.103599
0.525052 0.000010 0.000010 0.101709 0.036208 0.000010 0.000010 0.336981 0.000010
0.502620 0.000010 0.000010 0.000010 0.000010 0.000010 0.057010 0.440310 0.000010
0.391526 0.000010 0.026128 0.092955 0.000010 0.000010 0.142548 0.346803 0.000010
0.048192 0.000010 0.000010 0.000010 0.000010 0.049064 0.430031 0.367919 0.104753
0.110638 0.027758 0.000010 0.120898 0.000010 0.000010 0.385496 0.355171 0.000010
0.531953 0.000010 0.000010 0.051075 0.000010 0.000010 0.116200 0.300722 0.000010
0.386942 0.000010 0.000010 0.036438 0.000010 0.000010 0.188121 0.388448 0.000010
0.573106 0.000010 0.129239 0.072994 0.042740 0.000010 0.000010 0.181881 0.000010
0.148602 0.000010 0.099570 0.343496 0.000010 0.000010 0.049301 0.358991 0.000010
0.018905 0.192941 0.072622 0.000010 0.000010 0.016164 0.000010 0.699329 0.000010
0.025778 0.214722 0.000010 0.161859 0.127663 0.043911 0.061589 0.364458 0.000010
0.306770 0.000010 0.064493 0.157369 0.077617 0.012413 0.033564 0.311633 0.036131
0.618893 0.007364 0.000010 0.203460 0.000010 0.000010 0.000010 0.170232 0.000010
0.488165 0.000010 0.000010 0.128351 0.000010 0.000010 0.000010 0.275691 0.107742
0.319864 0.000010 0.124208 0.140627 0.077487 0.039010 0.040122 0.198753 0.059920
0.393327 0.029863 0.000010 0.039478 0.000010 0.076093 0.000010 0.353781 0.107428
0.364079 0.049837 0.033935 0.000015 0.167936 0.000010 0.000010 0.384169 0.000010
0.252777 0.000010 0.007522 0.209703 0.020938 0.000010 0.092471 0.416560 0.000010
0.374791 0.000010 0.147217 0.000010 0.030525 0.000010 0.000010 0.447416 0.000010
0.266925 0.000010 0.062049 0.241903 0.037706 0.000010 0.022945 0.282298 0.086153
0.232926 0.077116 0.000010 0.000010 0.058670 0.000010 0.182615 0.448634 0.000010
0.177860 0.000010 0.029085 0.347521 0.029996 0.120815 0.012232 0.282471 0.000010
0.138251 0.000010 0.069647 0.246956 0.000010 0.034087 0.112543 0.360846 0.037650
0.428739 0.000010 0.000010 0.021671 0.000010 0.000010 0.081204 0.468335 0.000010
0.067020 0.029062 0.623485 0.108600 0.000010 0.000010 0.000010 0.171793 0.000010
0.000010 0.000010 0.315515 0.076614 0.007931 0.000010 0.235076 0.364824 0.000010
0.012885 0.156074 0.232257 0.181265 0.000010 0.000010 0.238851 0.178638 0.000010
0.216368 0.000010 0.208757 0.158290 0.032195 0.000010 0.062844 0.226570 0.094955
0.138337 0.325207 0.011694 0.175636 0.000010 0.000010 0.092747 0.256349 0.000010
0.012171 0.000010 0.124631 0.271510 0.000010 0.000010 0.249103 0.342545 0.000010
0.202550 0.000010 0.399431 0.000011 0.000010 0.010139 0.177117 0.210722 0.000010
0.035778 0.057306 0.143994 0.222684 0.000010 0.000010 0.316457 0.223751 0.000010
0.000010 0.000010 0.378099 0.294374 0.000010 0.076017 0.018602 0.232868 0.000010
0.000010 0.000010 0.400869 0.128413 0.115444 0.000010 0.237175 0.115609 0.002461
0.143613 0.000010 0.425623 0.000010 0.000010 0.009695 0.157712 0.263318 0.000010
0.000010 0.014503 0.471870 0.000010 0.005293 0.000010 0.199550 0.308744 0.000010
0.193894 0.168605 0.084997 0.140323 0.000010 0.001562 0.088515 0.322084 0.000010
0.512355 0.053852 0.090655 0.009660 0.000010 0.000010 0.000010 0.333437 0.000010
0.127460 0.000010 0.185931 0.000010 0.000010 0.000010 0.381009 0.305550 0.000010
0.152041 0.056070 0.022624 0.244417 0.000010 0.000010 0.011033 0.422193 0.091603
0.376902 0.122844 0.114997 0.033470 0.000010 0.000010 0.000010 0.351747 0.000010
0.000010 0.139656 0.423585 0.227785 0.000010 0.000010 0.090992 0.117941 0.000010
0.041032 0.211951 0.228595 0.237988 0.051388 0.000010 0.131365 0.097660 0.000010
0.000010 0.000010 0.666914 0.058850 0.000010 0.000010 0.186519 0.074099 0.013577
0.006606 0.000010 0.569981 0.157218 0.045081 0.221074 0.000010 0.000010 0.000010
0.300208 0.000010 0.218688 0.000010 0.076888 0.000010 0.000010 0.333638 0.070538
0.089723 0.000010 0.027889 0.000010 0.000010 0.156837 0.284847 0.186409 0.254266
0.488763 0.018846 0.033536 0.168372 0.000010 0.000010 0.000010 0.290443 0.000010
0.465399 0.086242 0.000010 0.000010 0.000010 0.000010 0.070461 0.377849 0.000010
0.201236 0.000010 0.172658 0.362275 0.000010 0.087814 0.000010 0.175977 0.000010
0.448829 0.019361 0.003940 0.051931 0.000324 0.008310 0.000010 0.467285 0.000010
0.303133 0.031361 0.176331 0.000010 0.000011 0.000010 0.000010 0.457918 0.031217
0.607768 0.013941 0.000010 0.000010 0.024610 0.000010 0.000010 0.353631 0.000010
0.067127 0.000010 0.195728 0.319757 0.000010 0.000011 0.126491 0.290855 0.000010
0.077993 0.000010 0.000010 0.096137 0.123630 0.000010 0.110192 0.480394 0.111625
0.269227 0.020668 0.000010 0.000013 0.057671 0.000010 0.113223 0.539166 0.000010
0.163954 0.000010 0.094158 0.000010 0.000010 0.000010 0.151495 0.590342 0.000010
0.504140 0.000010 0.000010 0.046806 0.026163 0.000010 0.002594 0.366683 0.053584
0.272271 0.084680 0.000010 0.068424 0.000010 0.000010 0.086359 0.433474 0.054762
0.508529 0.000010 0.235086 0.075881 0.000010 0.000010 0.000010 0.180453 0.000010
0.400460 0.000010 0.055987 0.410001 0.023367 0.000010 0.000010 0.110145 0.000010
0.459146 0.000010 0.000010 0.000010 0.046310 0.003236 0.089233 0.402035 0.000010
0.385027 0.000010 0.022943 0.228565 0.044815 0.004727 0.000010 0.313893 0.000010
0.272425 0.000017 0.000017 0.076597 0.000010 0.109348 0.224165 0.317410 0.000010
0.416461 0.033217 0.106769 0.075188 0.013799 0.000010 0.069025 0.285522 0.000010
0.174427 0.000012 0.072997 0.256199 0.000010 0.018922 0.000010 0.469940 0.007483
0.373112 0.000172 0.000010 0.000010 0.066132 0.000010 0.039900 0.520643 0.000010
0.300412 0.281898 0.014887 0.018832 0.124898 0.000010 0.000010 0.259044 0.000010
0.215118 0.000010 0.000010 0.289686 0.000010 0.000010 0.062294 0.410832 0.022029
0.307760 0.000016 0.000010 0.000010 0.134465 0.055894 0.118429 0.383406 0.000010
0.280157 0.000010 0.000010 0.046792 0.059924 0.000010 0.032002 0.568827 0.012268
0.086284 0.000010 0.067503 0.118190 0.068396 0.075300 0.202986 0.381321 0.000010
0.060822 0.042706 0.156221 0.053983 0.007151 0.000010 0.138545 0.540553 0.000010
0.431025 0.000010 0.003461 0.022521 0.134309 0.000010 0.031406 0.377248 0.000010
0.263758 0.022720 0.000015 0.000010 0.039465 0.018861 0.237285 0.374933 0.042953
0.472104 0.000010 0.000010 0.059697 0.000010 0.066905 0.127157 0.251625 0.022482
0.086566 0.000010 0.024020 0.031363 0.036912 0.044157 0.140437 0.326737 0.309797
0.000010 0.000010 0.000010 0.037161 0.000010 0.016563 0.297699 0.224491 0.424045
0.277752 0.000010 0.043402 0.000010 0.102681 0.055131 0.000010 0.520995 0.000010
0.109065 0.045075 0.028931 0.000010 0.000010 0.000010 0.140975 0.645201 0.030724
0.223681 0.000010 0.000010 0.116780 0.045894 0.100764 0.189733 0.323119 0.000010
0.147073 0.103643 0.000010 0.246699 0.058302 0.000010 0.023414 0.420839 0.000010
0.317833 0.049205 0.025441 0.192870 0.000010 0.000010 0.128246 0.286376 0.000010
0.133560 0.062433 0.097917 0.083532 0.000010 0.000010 0.222581 0.371809 0.028147
0.032860 0.024685 0.024557 0.224069 0.000010 0.000010 0.185613 0.330108 0.178089
0.215341 0.056946 0.042431 0.172705 0.020794 0.000010 0.060647 0.431116 0.000010
0.256632 0.000010 0.000010 0.108187 0.000010 0.000010 0.225954 0.366687 0.042501
0.000010 0.000010 0.143744 0.154491 0.000010 0.000010 0.270796 0.430919 0.000010
0.102047 0.000010 0.116284 0.133763 0.081253 0.009405 0.036329 0.520899 0.000010
0.142524 0.000010 0.102041 0.133527 0.111018 0.000010 0.039272 0.471589 0.000010
0.385229 0.000010 0.000010 0.074372 0.000010 0.000010 0.123342 0.417006 0.000010
0.039548 0.000010 0.000010 0.224755 0.085944 0.070140 0.188552 0.391031 0.000010
0.000010 0.030029 0.000010 0.117171 0.039595 0.000010 0.417235 0.308243 0.087698
0.117113 0.000010 0.066309 0.054291 0.025919 0.000010 0.338543 0.397794 0.000010
0.349386 0.000010 0.158394 0.000019 0.000010 0.000013 0.170082 0.322075 0.000010
0.253759 0.027527 0.105421 0.145318 0.031000 0.000010 0.072539 0.364415 0.000010
0.393913 0.000010 0.101127 0.000010 0.110324 0.000010 0.056520 0.306810 0.031277
0.213167 0.000010 0.000012 0.053852 0.162389 0.030033 0.069096 0.471431 0.000010
0.058071 0.000010 0.156494 0.188123 0.004488 0.000010 0.124109 0.468686 0.000010
0.078681 0.000011 0.000010 0.172961 0.000010 0.000010 0.003160 0.745146 0.000010
0.137707 0.105240 0.000010 0.064798 0.025508 0.020414 0.257450 0.375712 0.013161
0.481628 0.000010 0.000010 0.000010 0.000010 0.021519 0.077850 0.418953 0.000010
0.121967 0.000010 0.024300 0.288550 0.000010 0.000010 0.279206 0.283435 0.002511
0.000010 0.000010 0.028247 0.356974 0.056889 0.000010 0.174927 0.382922 0.000010
0.170329 0.000012 0.000011 0.077026 0.085797 0.000010 0.243472 0.423332 0.000010
0.017302 0.000010 0.119678 0.193682 0.043736 0.156923 0.129138 0.331765 0.007767
0.000011 0.000010 0.190935 0.180417 0.006753 0.000010 0.054638 0.434333 0.132893
0.045050 0.016178 0.062682 0.228443 0.000010 0.000010 0.000010 0.647606 0.000010
0.435990 0.000010 0.089877 0.000010 0.000010 0.008961 0.201145 0.263987 0.000010
0.391510 0.000010 0.000010 0.088566 0.000010 0.000010 0.026059 0.431226 0.062599
0.299331 0.000010 0.000010 0.019147 0.115520 0.099226 0.137800 0.328946 0.000010
0.160929 0.095150 0.000010 0.098758 0.084633 0.000010 0.052519 0.507981 0.000010
0.294076 0.000010 0.134404 0.086935 0.113092 0.000010 0.000010 0.317379 0.054084
0.135463 0.000010 0.000010 0.194370 0.033665 0.102354 0.074716 0.425688 0.033724
0.251126 0.008917 0.000010 0.000010 0.125104 0.081714 0.054321 0.474192 0.004607
0.191810 0.000011 0.000010 0.309248 0.000010 0.000010 0.137688 0.361203 0.000010
0.289474 0.000010 0.000010 0.153638 0.000010 0.070643 0.000010 0.433819 0.052386
0.114252 0.025128 0.000010 0.157850 0.081975 0.000010 0.179283 0.441482 0.000010
0.058659 0.000010 0.018302 0.104662 0.000010 0.012336 0.140574 0.578010 0.087437
0.424852 0.077548 0.000010 0.167340 0.000010 0.048839 0.000010 0.281382 0.000010
0.662100 0.000010 0.000010 0.000020 0.000017 0.000010 0.000010 0.337813 0.000010
0.083758 0.123925 0.000010 0.098702 0.154565 0.010659 0.120176 0.405804 0.002401
0.270316 0.000010 0.229838 0.120618 0.000010 0.000010 0.110667 0.268521 0.000010
0.079612 0.054542 0.000012 0.153642 0.000010 0.026021 0.195604 0.471476 0.019080
0.188197 0.069721 0.000010 0.152451 0.000010 0.000010 0.149592 0.386317 0.053692
0.083265 0.129430 0.000010 0.196102 0.000010 0.000010 0.191118 0.348551 0.051504
0.248876 0.000010 0.020240 0.000010 0.085934 0.000010 0.012238 0.555548 0.077134
0.114923 0.000010 0.000011 0.333237 0.034454 0.000010 0.105153 0.353193 0.059008
0.509492 0.000010 0.015437 0.124586 0.000010 0.000010 0.010362 0.315581 0.024511
0.090975 0.042644 0.179610 0.165186 0.000010 0.000010 0.206885 0.314670 0.000010
0.440988 0.000010 0.176398 0.000010 0.000010 0.000010 0.036000 0.346564 0.000010
0.162243 0.035180 0.240037 0.197966 0.000010 0.070262 0.000012 0.294279 0.000010
0.330105 0.000010 0.148948 0.000010 0.112689 0.000010 0.000010 0.408208 0.000010
0.644907 0.000010 0.031834 0.000010 0.000010 0.000010 0.000812 0.322397 0.000010
0.154043 0.000010 0.000010 0.241983 0.031549 0.109613 0.002392 0.391132 0.069268
0.223075 0.000010 0.033652 0.197144 0.000010 0.000010 0.221515 0.324574 0.000010
0.190309 0.000011 0.197629 0.271086 0.000010 0.012142 0.028614 0.300190 0.000010
0.107774 0.000010 0.197046 0.254478 0.000010 0.000010 0.072133 0.281361 0.087178
0.355654 0.000010 0.126475 0.000010 0.000010 0.000010 0.240418 0.268855 0.008557
0.368674 0.000010 0.112413 0.000010 0.000010 0.000010 0.198782 0.240510 0.079581
0.198381 0.000010 0.060197 0.215246 0.011475 0.000010 0.144693 0.369977 0.000010
0.226062 0.056786 0.243300 0.178795 0.000010 0.000010 0.000010 0.295017 0.000010
0.167084 0.000010 0.063400 0.175144 0.139102 0.000010 0.073251 0.381989 0.000010
0.202939 0.066392 0.000012 0.034037 0.000010 0.019784 0.251073 0.425742 0.000010
0.153113 0.000010 0.242884 0.041285 0.000010 0.035113 0.308066 0.219509 0.000010
0.214394 0.000010 0.192610 0.132131 0.049448 0.000010 0.054845 0.356542 0.000010
0.065065 0.000010 0.145161 0.064503 0.000010 0.045842 0.053818 0.625580 0.000010
0.000010 0.007725 0.031095 0.058861 0.000010 0.058333 0.181889 0.635364 0.026713
0.021626 0.000010 0.592409 0.082692 0.068051 0.079262 0.091472 0.064468 0.000010
0.021183 0.143989 0.000010 0.041268 0.000010 0.000010 0.239856 0.497387 0.056286
0.230729 0.000010 0.000010 0.341813 0.000010 0.000010 0.015621 0.397195 0.014602
0.430436 0.000010 0.076724 0.213334 0.000010 0.000010 0.110705 0.168761 0.000010
0.189651 0.000010 0.000012 0.303070 0.065788 0.000010 0.067543 0.373907 0.000010
0.200856 0.044134 0.000010 0.048788 0.000010 0.003954 0.285129 0.417109 0.000010
0.001492 0.000010 0.198126 0.145568 0.106985 0.000010 0.268503 0.279296 0.000010
0.185068 0.000010 0.000010 0.006915 0.000010 0.016137 0.194204 0.597635 0.000010
0.208249 0.000010 0.003057 0.072907 0.000010 0.010325 0.297519 0.407913 0.000010
0.000010 0.000010 0.104805 0.144486 0.000010 0.000010 0.214095 0.536564 0.000010
0.213734 0.029102 0.000010 0.261419 0.000010 0.000010 0.202241 0.293463 0.000010
0.018588 0.019093 0.000010 0.216629 0.000010 0.018234 0.128202 0.599223 0.000010
0.410240 0.000010 0.067047 0.000010 0.202136 0.000010 0.000010 0.268028 0.052508
0.050790 0.000010 0.111978 0.094756 0.000010 0.000010 0.245562 0.496874 0.000010
0.255921 0.000010 0.027223 0.234093 0.000010 0.000010 0.214102 0.265327 0.003303
0.000010 0.000010 0.000010 0.000010 0.097678 0.450444 0.000010 0.000010 0.451818
0.080713 0.000010 0.000010 0.002646 0.000011 0.309413 0.096128 0.000010 0.511059
0.000010 0.000010 0.000010 0.000010 0.000010 0.424443 0.000010 0.000010 0.575487
0.000010 0.000010 0.051438 0.000010 0.000010 0.048122 0.011057 0.000010 0.889334
0.000014 0.000012 0.000010 0.053017 0.000010 0.235160 0.004664 0.107016 0.600097
0.000010 0.000010 0.000010 0.000010 0.000010 0.156904 0.014575 0.000010 0.828462
0.000010 0.000010 0.054804 0.000010 0.000010 0.419520 0.000010 0.000010 0.525616
0.000010 0.036457 0.000010 0.000010 0.000010 0.212942 0.040733 0.000010 0.709817
0.000010 0.000010 0.000010 0.000010 0.000010 0.207511 0.000010 0.000010 0.792419
0.097546 0.004044 0.000010 0.000010 0.000010 0.014602 0.000010 0.000010 0.883759
0.000010 0.000010 0.061086 0.000010 0.000010 0.319996 0.000010 0.000010 0.618858
0.083132 0.000010 0.000010 0.002707 0.005049 0.268195 0.000010 0.000010 0.640878
0.000010 0.014643 0.000010 0.120322 0.000010 0.512044 0.000010 0.000010 0.352942
0.083926 0.000010 0.000010 0.000010 0.000010 0.370351 0.039514 0.000010 0.506158
0.000010 0.000010 0.000010 0.080293 0.000010 0.197404 0.000010 0.000010 0.722243
0.000010 0.011211 0.000010 0.037859 0.000010 0.268617 0.010582 0.000010 0.671691
0.000010 0.000010 0.000010 0.086894 0.000010 0.145475 0.000010 0.000010 0.767571
0.000010 0.000010 0.000010 0.049718 0.000010 0.583112 0.000499 0.000010 0.366622
0.070876 0.000011 0.000010 0.000010 0.000010 0.205281 0.000010 0.000010 0.723782
0.057753 0.000010 0.021443 0.004840 0.002746 0.202598 0.000010 0.000010 0.710590
0.000010 0.000010 0.000010 0.040284 0.000010 0.428695 0.000010 0.000010 0.530961
0.031377 0.000010 0.000010 0.000010 0.000010 0.378769 0.000010 0.053268 0.536536
0.000010 0.012630 0.000010 0.000010 0.000010 0.310589 0.000010 0.000010 0.676722
0.000010 0.000012 0.000010 0.000010 0.070230 0.578182 0.041535 0.000010 0.310002
0.000010 0.000010 0.000010 0.038577 0.000012 0.357855 0.023834 0.000010 0.579681
0.000010 0.000010 0.000010 0.000010 0.099425 0.326280 0.000010 0.000010 0.574234
0.000010 0.000010 0.000010 0.027608 0.000010 0.278294 0.033603 0.009488 0.650967
0.000010 0.000010 0.000010 0.018084 0.000010 0.381133 0.012345 0.000010 0.588388
0.057093 0.000010 0.000010 0.067242 0.859303 0.000010 0.000010 0.016312 0.000010
0.475778 0.000010 0.000010 0.138114 0.006880 0.083903 0.000010 0.295285 0.000010
0.480342 0.000010 0.023789 0.260722 0.119095 0.000010 0.000010 0.116012 0.000010
0.415685 0.058857 0.000010 0.382546 0.000010 0.000010 0.000010 0.142862 0.000010
0.484684 0.000010 0.000011 0.224399 0.132243 0.051535 0.001504 0.105604 0.000010
0.411108 0.000010 0.184673 0.232116 0.000010 0.000010 0.000010 0.143139 0.028923
0.300964 0.000010 0.184741 0.346412 0.000010 0.000010 0.010091 0.121846 0.035915
0.359560 0.055727 0.079041 0.427571 0.000010 0.023606 0.000010 0.054466 0.000010
0.236076 0.147064 0.000010 0.395286 0.000010 0.000010 0.000010 0.200277 0.021257
0.250211 0.045134 0.000010 0.248237 0.000011 0.000010 0.176649 0.200522 0.079215
0.488786 0.000010 0.000010 0.163027 0.091478 0.000010 0.000010 0.256659 0.000010
0.367084 0.034239 0.000010 0.464229 0.066121 0.000010 0.000010 0.068287 0.000010
0.302461 0.003943 0.037258 0.330324 0.000010 0.000010 0.000010 0.325973 0.000010
0.306518 0.000010 0.000010 0.474056 0.000010 0.000010 0.000010 0.219366 0.000010
0.426631 0.000010 0.045967 0.058211 0.000010 0.124066 0.102086 0.198044 0.044975
0.403985 0.000010 0.000010 0.173177 0.069921 0.024477 0.054798 0.273612 0.000010
0.159581 0.003882 0.000010 0.330749 0.093542 0.005985 0.060612 0.321733 0.023908
0.599375 0.067928 0.036780 0.201464 0.000010 0.000010 0.000010 0.094413 0.000010
0.313323 0.039645 0.068660 0.437528 0.000010 0.000010 0.004094 0.136720 0.000010
0.722417 0.000012 0.237659 0.000010 0.000010 0.000450 0.002262 0.037169 0.000010
0.653421 0.000010 0.000010 0.213252 0.000010 0.000010 0.034534 0.098742 0.000010
0.207755 0.000010 0.000010 0.474814 0.028778 0.026069 0.000010 0.262545 0.000010
0.228664 0.000012 0.000010 0.407955 0.006844 0.000010 0.000010 0.318768 0.037727
0.409769 0.020175 0.000010 0.412638 0.000010 0.000010 0.000010 0.157369 0.000010
0.351307 0.000010 0.035250 0.403099 0.000010 0.000010 0.000010 0.184456 0.025848
0.437688 0.011303 0.000010 0.381073 0.000010 0.000010 0.000010 0.169887 0.000010
0.278820 0.000010 0.031971 0.470335 0.000010 0.000010 0.000010 0.176559 0.042274
0.489501 0.000010 0.000010 0.317595 0.000010 0.035247 0.000010 0.157607 0.000010
0.251509 0.000010 0.000010 0.609971 0.000010 0.017519 0.047459 0.073502 0.000010
0.000010 0.057330 0.042599 0.000010 0.900011 0.000010 0.000010 0.000010 0.000010
0.000010 0.000010 0.000010 0.000010 0.777332 0.000010 0.096437 0.000010 0.126171
0.000010 0.000010 0.000010 0.000010 0.835910 0.000010 0.111416 0.052615 0.000010
0.000010 0.000010 0.018470 0.025949 0.950464 0.000010 0.005068 0.000010 0.000010
0.000010 0.000010 0.163065 0.000010 0.732116 0.000010 0.087080 0.017689 0.000010
0.000010 0.000010 0.000010 0.000010 0.888496 0.000010 0.045159 0.000010 0.066285
0.000010 0.000010 0.000010 0.000010 0.883209 0.000010 0.090725 0.000010 0.026007
0.000010 0.000010 0.000010 0.004507 0.925091 0.000010 0.070342 0.000010 0.000010
0.000010 0.100396 0.000010 0.000010 0.852407 0.000010 0.047138 0.000010 0.000010
0.000010 0.000010 0.061543 0.045912 0.892484 0.000010 0.000011 0.000010 0.000010
0.000010 0.000010 0.000010 0.000010 0.949770 0.011170 0.038999 0.000010 0.000010
0.000010 0.000010 0.020406 0.000010 0.920686 0.000010 0.000010 0.005565 0.053293
0.000010 0.039646 0.041557 0.058394 0.857515 0.000010 0.000010 0.002848 0.000010
0.000010 0.017890 0.000010 0.000010 0.904209 0.000010 0.000010 0.077840 0.000010
0.000010 0.000010 0.039028 0.000010 0.904826 0.021639 0.034457 0.000010 0.000010
0.000010 0.022991 0.000010 0.000010 0.868382 0.000010 0.108567 0.000010 0.000010
0.000010 0.000010 0.052120 0.072402 0.813729 0.000010 0.000010 0.000010 0.061698
0.484110 0.000010 0.000010 0.037134 0.000010 0.141460 0.000010 0.316113 0.021143
0.532491 0.000010 0.038531 0.000010 0.016024 0.101172 0.054129 0.257623 0.000010
0.481982 0.000010 0.000010 0.000010 0.000010 0.021320 0.000010 0.401561 0.095087
0.647781 0.000010 0.039885 0.238871 0.000010 0.069750 0.000010 0.003673 0.000010
0.331240 0.000010 0.000010 0.142011 0.194913 0.044961 0.000010 0.268871 0.017974
0.576301 0.000010 0.000010 0.186985 0.000010 0.000010 0.000010 0.205652 0.031011
0.439800 0.056184 0.000010 0.050834 0.023247 0.009276 0.004260 0.268961 0.147427
0.490101 0.098852 0.160610 0.000010 0.046554 0.000010 0.000010 0.203844 0.000010
0.813016 0.000010 0.000010 0.072957 0.037704 0.000010 0.000010 0.076273 0.000010
0.475261 0.000010 0.102915 0.000010 0.000010 0.000010 0.000010 0.345907 0.075866
0.624445 0.002833 0.055042 0.059226 0.030111 0.000010 0.011351 0.093102 0.123880
0.466836 0.000010 0.009168 0.364906 0.000010 0.000010 0.000010 0.159040 0.000010
0.522929 0.000010 0.000010 0.084740 0.010671 0.000010 0.000010 0.381610 0.000010
0.515784 0.000010 0.081294 0.166915 0.000010 0.000010 0.000010 0.235958 0.000010
0.559359 0.000010 0.000010 0.094618 0.000010 0.000010 0.000010 0.142875 0.203098
0.600173 0.000010 0.000010 0.145704 0.000010 0.049386 0.000010 0.127074 0.077623
0.350463 0.000010 0.000010 0.016380 0.000010 0.040960 0.000010 0.530414 0.061742
0.441736 0.000010 0.000010 0.008948 0.000010 0.090182 0.088519 0.370575 0.000010
0.475154 0.000010 0.000010 0.104682 0.052579 0.000010 0.000010 0.275180 0.092366
0.302215 0.032067 0.064230 0.368666 0.040706 0.131918 0.000010 0.060178 0.000010
0.748570 0.000010 0.000010 0.007728 0.027462 0.051291 0.000010 0.164909 0.000010
0.593986 0.022098 0.000010 0.040863 0.000010 0.000010 0.000010 0.343002 0.000010
0.484039 0.000011 0.104283 0.116261 0.021559 0.029040 0.000010 0.244787 0.000010
0.516928 0.041709 0.062671 0.000013 0.050067 0.000010 0.050066 0.197722 0.080813
0.615463 0.060542 0.000010 0.093805 0.000010 0.017449 0.000010 0.158947 0.053765
0.616069 0.000010 0.000010 0.130944 0.000010 0.000010 0.000010 0.252926 0.000010
0.506530 0.097586 0.000010 0.000010 0.000010 0.000010 0.000010 0.281288 0.114547
0.178360 0.119995 0.000010 0.234798 0.019072 0.083091 0.000010 0.320986 0.043677
0.456497 0.000010 0.000010 0.376536 0.000010 0.076718 0.065160 0.025049 0.000010
0.745760 0.010343 0.002195 0.000011 0.003245 0.044534 0.000010 0.185894 0.008008
0.531907 0.008923 0.015275 0.007176 0.011914 0.012262 0.000010 0.412523 0.000010
0.235639 0.032958 0.000010 0.390947 0.011070 0.104761 0.121985 0.099063 0.003566
0.754042 0.003024 0.000010 0.115616 0.000010 0.000010 0.000010 0.127268 0.000010
0.673936 0.000010 0.032514 0.000010 0.000010 0.000010 0.000010 0.293489 0.000010
0.493057 0.093805 0.048688 0.107189 0.000010 0.000010 0.103460 0.151588 0.002193
0.464909 0.019541 0.000010 0.053722 0.000010 0.152294 0.000010 0.309494 0.000010
0.656946 0.089100 0.000010 0.030465 0.008488 0.000010 0.022720 0.192251 0.000010
0.528854 0.071507 0.000010 0.000010 0.059067 0.020688 0.000010 0.319845 0.000010
0.479865 0.000010 0.000010 0.089013 0.006629 0.000010 0.000010 0.424442 0.000010
0.722169 0.000010 0.020606 0.000010 0.000010 0.000010 0.000010 0.257164 0.000010
0.345727 0.000010 0.088547 0.218421 0.000010 0.000010 0.000010 0.222276 0.124989
0.591454 0.000010 0.000010 0.006642 0.090189 0.000010 0.000010 0.311665 0.000010
0.514826 0.048725 0.118116 0.000010 0.000010 0.000010 0.038912 0.279380 0.000010
0.600950 0.000010 0.000010 0.196588 0.001912 0.000010 0.000010 0.200500 0.000010
0.375050 0.000010 0.065071 0.019376 0.000010 0.000010 0.195914 0.281429 0.063130
0.626071 0.000010 0.000010 0.131868 0.075844 0.000010 0.000010 0.147375 0.018802
0.623279 0.070521 0.010848 0.167836 0.000010 0.000010 0.000010 0.094206 0.033280
0.576786 0.000010 0.000010 0.035153 0.000010 0.066429 0.000010 0.217675 0.103916
0.250562 0.080344 0.000010 0.071245 0.006326 0.000010 0.051561 0.401878 0.138064
0.594406 0.000010 0.022378 0.000010 0.203909 0.000010 0.000010 0.179258 0.000010
0.666963 0.000010 0.053085 0.000010 0.015548 0.000010 0.000010 0.206834 0.057530
0.479604 0.000010 0.175189 0.158291 0.002972 0.009945 0.000010 0.173970 0.000010
0.802388 0.000010 0.031562 0.079466 0.000010 0.031047 0.000010 0.032365 0.023141
0.564035 0.000010 0.000010 0.060578 0.005426 0.000010 0.000010 0.000010 0.369910
0.577148 0.000010 0.000010 0.000010 0.052927 0.000010 0.021294 0.348581 0.000010
0.032948 0.000010 0.025866 0.000010 0.030854 0.029744 0.000010 0.056493 0.824065
0.435746 0.000010 0.058037 0.106793 0.019744 0.000010 0.000010 0.197642 0.182008
0.694775 0.000010 0.000010 0.000010 0.000010 0.000010 0.000010 0.305155 0.000010
0.606157 0.013378 0.042450 0.000010 0.028011 0.000010 0.000010 0.309964 0.000010
0.297781 0.027117 0.000011 0.091602 0.082376 0.000010 0.000010 0.501083 0.000010
0.640842 0.000010 0.047544 0.000010 0.000010 0.000010 0.100576 0.210988 0.000010
0.468843 0.141699 0.000010 0.000010 0.000010 0.000010 0.000010 0.000010 0.389398
0.539334 0.086914 0.000011 0.077513 0.000010 0.000010 0.000010 0.257743 0.038456
0.435979 0.000013 0.177480 0.072754 0.080940 0.043722 0.009671 0.000010 0.179430
0.672974 0.000010 0.000010 0.056054 0.000010 0.000010 0.000010 0.270912 0.000010
0.609310 0.000010 0.000010 0.094013 0.000010 0.000010 0.000010 0.258694 0.037934
0.471119 0.000010 0.000010 0.066914 0.000010 0.000010 0.067936 0.261816 0.132174
0.499854 0.002203 0.104926 0.150125 0.087323 0.000010 0.000010 0.155539 0.000010
0.523271 0.000010 0.000010 0.120812 0.019703 0.061690 0.000010 0.120605 0.153889
0.684684 0.000010 0.000010 0.000010 0.144323 0.034555 0.000010 0.136388 0.000010
0.613486 0.000010 0.000010 0.184361 0.003141 0.000010 0.000010 0.150317 0.048656
0.568891 0.000010 0.000010 0.044573 0.169839 0.000010 0.047189 0.130792 0.038686
0.626770 0.032222 0.000010 0.000010 0.000010 0.000010 0.058413 0.282545 0.000010
0.494392 0.003364 0.122209 0.083279 0.000010 0.000011 0.000010 0.261775 0.034949
0.549871 0.041823 0.150512 0.000011 0.000010 0.000010 0.036552 0.221200 0.000010
0.681761 0.000010 0.064427 0.000010 0.076861 0.000010 0.000010 0.176902 0.000010
0.542370 0.000010 0.029931 0.000010 0.025228 0.000010 0.000010 0.173373 0.229058
0.659586 0.000010 0.000010 0.116828 0.022408 0.000010 0.067426 0.000010 0.133713
0.682111 0.000010 0.000010 0.000010 0.000010 0.000010 0.000010 0.251136 0.066693
0.674130 0.000010 0.000010 0.037361 0.000010 0.000010 0.000010 0.191511 0.096949
0.363724 0.000010 0.000010 0.000010 0.030602 0.010293 0.000010 0.154075 0.441266
0.624638 0.025979 0.000010 0.064194 0.033154 0.000012 0.000010 0.107530 0.144473
0.622141 0.000010 0.000010 0.145975 0.000010 0.000010 0.000010 0.231824 0.000010
0.710466 0.000010 0.000010 0.244284 0.000010 0.031895 0.000010 0.013305 0.000010
0.652480 0.000010 0.000010 0.000010 0.000010 0.000010 0.000010 0.347450 0.000010
0.678360 0.000010 0.000010 0.020172 0.037999 0.000010 0.000010 0.263419 0.000010
0.411541 0.046315 0.061301 0.168991 0.000010 0.000010 0.000010 0.143964 0.167858
0.000010 0.000010 0.000010 0.047491 0.921265 0.000010 0.031184 0.000010 0.000010
0.012897 0.077302 0.084266 0.085530 0.696017 0.000010 0.043957 0.000010 0.000010
0.000010 0.000010 0.061126 0.000010 0.553490 0.017876 0.210477 0.156990 0.000010
0.024521 0.000010 0.000010 0.000010 0.808550 0.000010 0.129011 0.037868 0.000010
0.000010 0.000010 0.057272 0.000011 0.773478 0.000010 0.169188 0.000010 0.000010
0.008754 0.044987 0.000010 0.092576 0.853632 0.000010 0.000010 0.000010 0.000010
0.000010 0.063820 0.126284 0.000010 0.711760 0.000010 0.076871 0.014450 0.006784
0.664646 0.000010 0.000010 0.335284 0.000010 0.000010 0.000010 0.000010 0.000010
0.433562 0.000010 0.011708 0.348430 0.000010 0.000010 0.051618 0.087720 0.066932
0.598606 0.000010 0.041634 0.157946 0.060711 0.000010 0.000010 0.118725 0.022348
0.478205 0.000010 0.000010 0.140470 0.235553 0.076215 0.000010 0.069516 0.000010
0.789560 0.000010 0.012873 0.062584 0.039554 0.000010 0.000010 0.095389 0.000010
0.404970 0.077390 0.000011 0.242232 0.000010 0.000010 0.100592 0.092579 0.082207
0.518525 0.055197 0.000010 0.391500 0.000010 0.000010 0.000010 0.034728 0.000010
0.419371 0.017193 0.066370 0.283212 0.033091 0.000010 0.000010 0.180733 0.000010
0.460885 0.000010 0.000010 0.228794 0.093839 0.000010 0.008562 0.207879 0.000010
0.655941 0.000010 0.000010 0.155074 0.000010 0.043855 0.000010 0.129240 0.015851
0.484657 0.000010 0.000010 0.175306 0.009248 0.008639 0.000010 0.270714 0.051405
0.666432 0.000010 0.000010 0.000010 0.020458 0.000010 0.000010 0.241598 0.071462
0.589900 0.000010 0.000010 0.000010 0.125754 0.047179 0.011247 0.154492 0.071398
0.696477 0.000010 0.000010 0.151241 0.041242 0.008459 0.000010 0.085624 0.016928
0.436116 0.009027 0.000010 0.000010 0.000018 0.022495 0.089877 0.314181 0.128266
0.547159 0.090650 0.000010 0.144630 0.046352 0.034186 0.053330 0.083673 0.000010
0.486580 0.065428 0.000010 0.000010 0.081369 0.024085 0.014126 0.130211 0.198183
0.308854 0.155854 0.000010 0.130053 0.126329 0.000010 0.008691 0.270188 0.000010
0.837825 0.000010 0.000010 0.000010 0.000010 0.000010 0.000010 0.157731 0.004385
0.436465 0.000010 0.038930 0.033528 0.000010 0.000010 0.001873 0.354914 0.134260
0.565712 0.000010 0.056654 0.120245 0.098612 0.000010 0.000010 0.158737 0.000010
0.575686 0.000010 0.000010 0.000010 0.034307 0.003262 0.070355 0.201233 0.115128
0.409798 0.137965 0.086696 0.186729 0.000010 0.018552 0.019126 0.072733 0.068391
0.456881 0.000010 0.085998 0.147469 0.000010 0.000010 0.000010 0.309603 0.000010
0.484518 0.043495 0.000366 0.000010 0.140514 0.000010 0.000010 0.162936 0.168139
0.421222 0.000010 0.061550 0.021726 0.084016 0.074594 0.030645 0.306226 0.000010
0.428819 0.013227 0.014293 0.070348 0.000011 0.019935 0.000010 0.076813 0.376543
0.667413 0.087832 0.000010 0.000010 0.005775 0.000010 0.000010 0.223830 0.015109
0.417358 0.000010 0.107231 0.264310 0.000010 0.026475 0.000010 0.184587 0.000010
0.589524 0.083512 0.046080 0.068009 0.000010 0.057887 0.030787 0.124181 0.000010
0.301110 0.000010 0.000012 0.102133 0.039142 0.177524 0.000010 0.251053 0.129007
0.548596 0.000010 0.136408 0.222865 0.000010 0.000010 0.000010 0.072453 0.019638
0.473916 0.000010 0.000010 0.248490 0.000010 0.039776 0.000010 0.204555 0.033222
0.600581 0.000010 0.000010 0.147040 0.063744 0.054681 0.000010 0.133913 0.000010
0.489319 0.000010 0.097612 0.058479 0.000010 0.000010 0.000010 0.354540 0.000010
0.000010 0.979766 0.020164 0.000010 0.000010 0.000010 0.000010 0.000010 0.000010
0.000010 0.462512 0.000013 0.279376 0.104282 0.133015 0.020771 0.000010 0.000010
0.000010 0.999920 0.000010 0.000010 0.000010 0.000010 0.000010 0.000010 0.000010
0.000010 0.947114 0.000010 0.000010 0.000010 0.022541 0.030285 0.000010 0.000010
0.000010 0.000010 0.255828 0.068166 0.020829 0.000010 0.470866 0.184272 0.000010
0.044184 0.000010 0.780723 0.000010 0.015512 0.000010 0.159531 0.000010 0.000010
0.000010 0.000010 0.369004 0.164615 0.138519 0.000010 0.254592 0.073231 0.000010
0.008714 0.000010 0.465243 0.009566 0.078181 0.000010 0.316775 0.121490 0.000010
0.000010 0.097040 0.543512 0.013893 0.000010 0.000010 0.318606 0.000010 0.026909
0.000010 0.000010 0.667333 0.000010 0.000010 0.017063 0.211833 0.043807 0.059925
0.004199 0.000010 0.585905 0.000010 0.000010 0.000010 0.394375 0.000010 0.015471
0.000010 0.000010 0.554480 0.087049 0.000010 0.000010 0.247303 0.111118 0.000010
0.066430 0.008604 0.310381 0.044730 0.000010 0.000010 0.311063 0.258761 0.000010
0.000010 0.000010 0.413486 0.117656 0.190133 0.000010 0.278668 0.000017 0.000010
0.426603 0.035186 0.000010 0.231339 0.000010 0.000010 0.000010 0.126744 0.180088
0.209631 0.000010 0.119047 0.275129 0.000010 0.000011 0.000010 0.054629 0.341524
0.413076 0.000010 0.000010 0.064803 0.000010 0.000010 0.000010 0.522061 0.000010
0.690815 0.000010 0.000010 0.018174 0.000010 0.007261 0.034046 0.214421 0.035252
0.545867 0.000010 0.114993 0.000010 0.000010 0.073719 0.014595 0.228265 0.022530
0.514658 0.000010 0.008770 0.304117 0.000010 0.000010 0.000010 0.172405 0.000010
0.490412 0.015221 0.000010 0.098846 0.000010 0.000010 0.000010 0.210795 0.184685
0.521795 0.000010 0.189392 0.179638 0.082355 0.000010 0.000010 0.026780 0.000010
0.364208 0.000010 0.129611 0.000010 0.112529 0.000010 0.000010 0.197923 0.195689
0.835169 0.000010 0.000010 0.103037 0.036388 0.025355 0.000010 0.000010 0.000010
0.285841 0.115494 0.000013 0.044528 0.201309 0.000010 0.000010 0.191377 0.161418
0.584994 0.000010 0.000010 0.119757 0.000010 0.000010 0.000010 0.279301 0.015898
0.520505 0.000010 0.000010 0.000010 0.043637 0.079603 0.047159 0.309056 0.000010
0.464443 0.000010 0.000010 0.000010 0.070469 0.031440 0.012274 0.421334 0.000010
0.535852 0.000010 0.000010 0.002810 0.000010 0.061748 0.176410 0.118807 0.104343
0.452797 0.048816 0.000010 0.360031 0.000010 0.000010 0.000010 0.000010 0.138306
0.241604 0.000010 0.007917 0.121763 0.000010 0.041857 0.015439 0.440085 0.131314
0.616190 0.003399 0.000010 0.000010 0.000010 0.000010 0.000010 0.380350 0.000010
0.560217 0.000010 0.000010 0.186764 0.000010 0.000010 0.000010 0.252959 0.000010
0.546220 0.026247 0.000010 0.232301 0.000010 0.066345 0.000010 0.088559 0.040298
0.666193 0.000010 0.000010 0.009691 0.000010 0.017429 0.000010 0.148773 0.157874
0.000010 0.000010 0.859115 0.000010 0.000010 0.047693 0.093132 0.000010 0.000010
0.000010 0.112019 0.608821 0.000010 0.003893 0.000010 0.229139 0.000010 0.046089
0.000010 0.001926 0.653342 0.071585 0.012960 0.000010 0.197845 0.062311 0.000010
0.000010 0.051973 0.650495 0.000010 0.000010 0.000010 0.297472 0.000010 0.000010
0.000010 0.099991 0.410683 0.044401 0.000010 0.000010 0.427682 0.017202 0.000010
0.000010 0.000010 0.513388 0.000010 0.000010 0.000010 0.348507 0.138045 0.000010
0.000010 0.017071 0.800034 0.000010 0.000010 0.000010 0.175636 0.007209 0.000010
0.000010 0.000010 0.736903 0.012346 0.041726 0.000010 0.184142 0.024844 0.000010
0.098862 0.000010 0.676786 0.053342 0.000010 0.006186 0.155348 0.000010 0.009446
0.000010 0.170631 0.689137 0.088653 0.000010 0.038112 0.013427 0.000010 0.000010
0.016105 0.010775 0.688655 0.000010 0.021914 0.022683 0.239838 0.000010 0.000010
0.024464 0.024267 0.605874 0.000010 0.105138 0.000010 0.240218 0.000010 0.000010
0.000010 0.235443 0.526944 0.006538 0.000010 0.000010 0.231022 0.000013 0.000010
0.049406 0.134020 0.489273 0.014248 0.000010 0.000010 0.280799 0.000010 0.032224
0.000010 0.125032 0.379393 0.005907 0.000010 0.000010 0.329377 0.160251 0.000010
0.059272 0.119200 0.544441 0.039849 0.000010 0.000010 0.237199 0.000010 0.000010
0.000010 0.140683 0.512919 0.000010 0.000010 0.000010 0.253715 0.092633 0.000010
0.000010 0.162290 0.407234 0.000010 0.000010 0.000010 0.347055 0.066506 0.016875
0.000011 0.000010 0.597131 0.000010 0.060696 0.005150 0.091146 0.245836 0.000010
0.000010 0.161396 0.475645 0.034274 0.000010 0.000010 0.328636 0.000010 0.000010
0.000010 0.195408 0.587909 0.000010 0.013726 0.000010 0.074927 0.127990 0.000010
0.000011 0.109246 0.632865 0.083381 0.053932 0.000010 0.119269 0.001276 0.000010
0.000010 0.131933 0.589860 0.000010 0.000010 0.001088 0.277069 0.000010 0.000010
0.000010 0.042452 0.651726 0.000010 0.022296 0.000010 0.238074 0.045413 0.000010
0.000010 0.000010 0.596935 0.072345 0.000010 0.000010 0.252199 0.059640 0.018841
0.000010 0.138763 0.402198 0.000010 0.000010 0.000010 0.252036 0.192967 0.013997
0.000010 0.000010 0.594853 0.000010 0.050430 0.000010 0.354656 0.000010 0.000010
0.000010 0.054063 0.520845 0.023190 0.015148 0.000010 0.357981 0.028743 0.000010
0.000010 0.000010 0.647824 0.000010 0.000010 0.000010 0.310006 0.042110 0.000010
0.000010 0.053675 0.589672 0.000010 0.097882 0.000010 0.224643 0.034088 0.000010
0.061050 0.026952 0.456847 0.029893 0.000010 0.000010 0.425219 0.000010 0.000010
0.000010 0.080442 0.610310 0.048230 0.008813 0.000010 0.252165 0.000010 0.000010
0.000010 0.000010 0.748502 0.000010 0.000010 0.000010 0.251428 0.000010 0.000010
0.063008 0.000010 0.674984 0.022702 0.000010 0.000010 0.239256 0.000010 0.000010
0.000010 0.000010 0.579857 0.011575 0.175044 0.000010 0.233473 0.000010 0.000010
0.044821 0.007153 0.861687 0.000010 0.008998 0.000010 0.077302 0.000010 0.000010
0.000010 0.135395 0.339641 0.000010 0.000010 0.000010 0.471025 0.053890 0.000010
0.000010 0.000010 0.772387 0.062831 0.000010 0.000010 0.164722 0.000010 0.000010
0.000010 0.135889 0.572762 0.000010 0.000010 0.047212 0.244087 0.000010 0.000010
0.000010 0.000010 0.013215 0.038244 0.853133 0.000010 0.095358 0.000010 0.000010
0.000010 0.001408 0.022030 0.000010 0.780621 0.004240 0.191661 0.000010 0.000010
0.000010 0.000010 0.615984 0.008989 0.000010 0.000010 0.286481 0.088495 0.000010
0.000010 0.081674 0.665482 0.000010 0.000010 0.000010 0.252783 0.000010 0.000010
0.000010 0.064423 0.000010 0.529432 0.058221 0.000010 0.125257 0.201476 0.021162
0.539167 0.029065 0.000010 0.246035 0.000010 0.000010 0.000010 0.185683 0.000010
0.208507 0.000010 0.000010 0.601158 0.000010 0.000010 0.000010 0.190274 0.000010
0.233174 0.000010 0.122105 0.414667 0.000010 0.000010 0.000010 0.230004 0.000010
0.355032 0.000010 0.000010 0.428074 0.000010 0.004688 0.000010 0.164581 0.047586
0.261038 0.079761 0.123371 0.335927 0.000010 0.000010 0.058833 0.109453 0.031596
0.468365 0.000010 0.021564 0.260396 0.000010 0.008244 0.000010 0.229269 0.012132
0.114071 0.000010 0.063614 0.613974 0.000010 0.000010 0.000010 0.198422 0.009879
0.384837 0.000010 0.093915 0.389493 0.000010 0.000010 0.000010 0.131705 0.000010
0.277941 0.031823 0.039682 0.360753 0.000010 0.000010 0.099492 0.171115 0.019175
0.536926 0.000010 0.000010 0.400518 0.000010 0.000010 0.000010 0.062496 0.000010
0.382649 0.000010 0.000010 0.340609 0.000010 0.000010 0.000010 0.276683 0.000010
0.203802 0.009193 0.000010 0.623487 0.016846 0.000010 0.000010 0.146632 0.000010
0.000010 0.000010 0.707926 0.000010 0.000010 0.079609 0.212405 0.000010 0.000010
0.000010 0.000010 0.581583 0.000220 0.000010 0.000010 0.418137 0.000010 0.000010
0.032753 0.024194 0.758628 0.000010 0.000010 0.000010 0.087698 0.096687 0.000010
0.000010 0.054788 0.683049 0.000010 0.014386 0.044144 0.203593 0.000010 0.000010
0.000010 0.000010 0.688480 0.000010 0.005425 0.000010 0.227757 0.071036 0.007262
0.003924 0.000010 0.511930 0.067042 0.000010 0.000010 0.417055 0.000010 0.000010
0.000010 0.000010 0.500151 0.043183 0.025786 0.000010 0.430830 0.000010 0.000010
0.000011 0.025437 0.587736 0.000010 0.000010 0.000010 0.312231 0.019671 0.054883
0.000010 0.111891 0.587167 0.000010 0.000010 0.000010 0.300883 0.000010 0.000010
0.038877 0.177195 0.478859 0.000010 0.000010 0.000010 0.305018 0.000010 0.000010
0.000010 0.000010 0.545045 0.065932 0.000010 0.005975 0.382998 0.000010 0.000010
0.006588 0.078739 0.492298 0.106708 0.036680 0.040178 0.238790 0.000010 0.000010
