0.250795 0.000010 0.000010 0.066886 0.000010 0.000010 0.140019 0.542249 0.000010
0.480362 0.000010 0.000010 0.000010 0.000010 0.000010 0.038278 0.481299 0.000010
0.222947 0.011138 0.031056 0.239799 0.000010 0.000010 0.085344 0.398836 0.010861
0.514309 0.000010 0.000010 0.000620 0.071113 0.000010 0.014245 0.399673 0.000010
0.247408 0.050782 0.031155 0.198985 0.075554 0.000010 0.047641 0.348455 0.000010
0.136892 0.013700 0.036057 0.170149 0.005654 0.108453 0.067600 0.380324 0.081171
0.349511 0.140856 0.000010 0.139970 0.000010 0.000010 0.000010 0.369613 0.000010
0.161525 0.041795 0.000010 0.126765 0.055350 0.101497 0.015577 0.482913 0.014567
0.348816 0.000010 0.071272 0.147463 0.000010 0.020899 0.183802 0.227719 0.000010
0.196871 0.000010 0.006191 0.052406 0.000010 0.037430 0.098317 0.608755 0.000010
0.158231 0.000010 0.000010 0.008016 0.005724 0.100463 0.193387 0.534149 0.000010
0.421655 0.054607 0.082312 0.000010 0.000010 0.000010 0.000010 0.436740 0.004646
0.217452 0.000010 0.000010 0.140326 0.064463 0.029361 0.092248 0.387329 0.068802
0.187151 0.000010 0.058335 0.000010 0.085730 0.000010 0.229131 0.403942 0.035681
0.291068 0.051554 0.014312 0.178229 0.000010 0.000010 0.000010 0.464797 0.000010
0.353468 0.000010 0.056445 0.001156 0.049427 0.037085 0.000010 0.502389 0.000010
0.338356 0.000010 0.043019 0.000010 0.000010 0.077476 0.026623 0.514487 0.000010
0.331745 0.051272 0.004657 0.034621 0.084048 0.000010 0.000010 0.493628 0.000010
0.380416 0.000010 0.000010 0.000010 0.000010 0.000010 0.054688 0.520714 0.044131
0.387696 0.000010 0.000010 0.090032 0.019220 0.000010 0.000010 0.503001 0.000010
0.307686 0.025227 0.000010 0.108729 0.000010 0.000010 0.117277 0.419026 0.022026
0.246948 0.000010 0.100870 0.000010 0.000010 0.000010 0.053974 0.598158 0.000010
0.406387 0.000010 0.000010 0.139118 0.000010 0.058353 0.000010 0.370502 0.025601
0.287024 0.000010 0.056372 0.000010 0.000010 0.000010 0.054556 0.601998 0.000010
0.370873 0.080046 0.081012 0.000010 0.000010 0.049838 0.000010 0.418191 0.000010
0.240961 0.100309 0.000010 0.067276 0.014946 0.000010 0.088306 0.488171 0.000010
0.117704 0.074174 0.000010 0.111274 0.000010 0.000010 0.000010 0.676495 0.020313
0.277747 0.090671 0.051220 0.110340 0.009809 0.000010 0.102522 0.270179 0.087503
0.428124 0.000010 0.000010 0.000010 0.000010 0.000010 0.115656 0.455702 0.000467
0.267897 0.048561 0.000010 0.000010 0.058361 0.000010 0.181923 0.362696 0.080532
0.312518 0.023834 0.061938 0.074506 0.000010 0.000010 0.157099 0.370075 0.000010
0.436534 0.057494 0.000010 0.000010 0.000010 0.000010 0.090834 0.390472 0.024626
0.322572 0.080858 0.000010 0.142355 0.039562 0.003641 0.060898 0.350094 0.000010
0.089702 0.000010 0.013451 0.032248 0.000010 0.000010 0.208444 0.653514 0.002611
0.000010 0.000010 0.000010 0.023147 0.162745 0.000010 0.305714 0.508344 0.000010
0.041497 0.000010 0.163683 0.222817 0.028191 0.000010 0.107566 0.436217 0.000010
0.330106 0.000010 0.017996 0.020145 0.000010 0.023726 0.157567 0.450429 0.000010
0.267165 0.050497 0.000010 0.000010 0.000010 0.000010 0.081117 0.393938 0.207242
0.308182 0.000010 0.000010 0.052551 0.057186 0.000010 0.192757 0.389285 0.000010
0.441387 0.000010 0.000010 0.000010 0.046053 0.037530 0.065156 0.409833 0.000010
0.161856 0.000010 0.000010 0.265864 0.000010 0.035911 0.094757 0.441572 0.000010
0.316655 0.000010 0.000010 0.088549 0.017273 0.034039 0.073396 0.470058 0.000010
0.352904 0.091330 0.105636 0.000010 0.020646 0.000010 0.000010 0.272075 0.157379
0.251083 0.000010 0.000010 0.178457 0.092637 0.000010 0.059366 0.418417 0.000010
0.191189 0.068657 0.017117 0.137118 0.039639 0.002077 0.014090 0.530103 0.000010
0.187841 0.003969 0.000010 0.070673 0.000010 0.093113 0.098894 0.545481 0.000010
0.190688 0.000010 0.000010 0.088529 0.000010 0.025188 0.053917 0.641638 0.000010
0.463629 0.000010 0.000010 0.000010 0.000010 0.000010 0.004008 0.514185 0.018129
0.060582 0.010343 0.330425 0.279509 0.000010 0.000010 0.000010 0.319101 0.000010
0.280455 0.039795 0.097831 0.132410 0.000010 0.000010 0.169042 0.280438 0.000010
0.146900 0.175104 0.146768 0.218100 0.000010 0.000010 0.153321 0.159777 0.000010
0.364343 0.000010 0.298639 0.061714 0.000010 0.000010 0.160038 0.000010 0.115226
0.213875 0.000010 0.222994 0.065711 0.000010 0.055015 0.063934 0.378441 0.000010
0.157531 0.005714 0.457575 0.054623 0.000010 0.000010 0.029626 0.227780 0.067131
0.270251 0.000010 0.196643 0.224570 0.000010 0.095583 0.088228 0.124696 0.000010
0.159851 0.018315 0.281763 0.207252 0.000010 0.011534 0.083655 0.237609 0.000010
0.210081 0.075291 0.382018 0.123015 0.089966 0.000010 0.000010 0.119599 0.000010
0.000010 0.071669 0.213843 0.190264 0.000010 0.007405 0.193656 0.323133 0.000010
0.000010 0.000010 0.716299 0.000010 0.000010 0.039015 0.175357 0.069279 0.000010
0.151654 0.000010 0.322364 0.087842 0.000010 0.000010 0.119312 0.318788 0.000010
0.143248 0.000010 0.348896 0.179051 0.002649 0.023886 0.180967 0.121282 0.000010
0.060147 0.000010 0.081627 0.315946 0.000010 0.066767 0.074838 0.400645 0.000010
0.000010 0.005699 0.331029 0.391001 0.009762 0.000010 0.153573 0.108906 0.000010
0.182328 0.000010 0.345997 0.000010 0.000010 0.063293 0.168590 0.239751 0.000010
0.162244 0.070594 0.000010 0.065443 0.035054 0.000010 0.126017 0.513219 0.027409
0.000010 0.030035 0.172634 0.295808 0.000010 0.103180 0.158117 0.240196 0.000010
0.000010 0.091789 0.580349 0.000010 0.016959 0.095400 0.116585 0.098888 0.000010
0.278966 0.000010 0.413754 0.040025 0.130515 0.021601 0.000010 0.115109 0.000010
0.043491 0.011142 0.571802 0.134863 0.044940 0.000010 0.110480 0.083262 0.000010
0.389803 0.065881 0.243797 0.000010 0.030663 0.000010 0.106392 0.163433 0.000010
0.056589 0.135109 0.023811 0.070831 0.000010 0.000010 0.044842 0.326961 0.341837
0.267712 0.000010 0.097570 0.123917 0.017807 0.018973 0.128298 0.345702 0.000010
0.337554 0.000010 0.060161 0.096779 0.000010 0.000010 0.049216 0.456251 0.000010
0.222956 0.000010 0.000010 0.085596 0.000010 0.000010 0.133204 0.345962 0.212242
0.405777 0.060490 0.067272 0.000010 0.000010 0.000010 0.055803 0.381966 0.028661
0.128962 0.000010 0.059872 0.016516 0.021953 0.106260 0.039075 0.557203 0.070149
0.277210 0.014043 0.066825 0.039384 0.125643 0.000010 0.019992 0.439862 0.017031
0.163910 0.027721 0.000010 0.152381 0.154375 0.043304 0.000010 0.403852 0.054437
0.292824 0.000010 0.000010 0.249982 0.000010 0.081094 0.000010 0.369853 0.006207
0.287271 0.000010 0.057712 0.000010 0.000010 0.000010 0.036138 0.520609 0.098230
0.142347 0.071291 0.020920 0.133640 0.017411 0.000010 0.032206 0.389665 0.192511
0.348755 0.065045 0.000010 0.105704 0.000010 0.010226 0.102954 0.367286 0.000010
0.426523 0.031786 0.000010 0.074632 0.000010 0.000010 0.000010 0.428917 0.038103
0.352245 0.000010 0.012571 0.171257 0.000010 0.008520 0.111495 0.307433 0.036459
0.350168 0.000010 0.000010 0.000010 0.087293 0.000010 0.082447 0.480043 0.000010
0.194973 0.090435 0.000010 0.135421 0.000010 0.000010 0.028355 0.530963 0.019824
0.496003 0.028608 0.000010 0.000010 0.108835 0.059516 0.021287 0.285720 0.000010
0.262765 0.000010 0.000010 0.129334 0.000010 0.000010 0.019866 0.587985 0.000010
0.265583 0.000010 0.008558 0.166875 0.019302 0.096927 0.054036 0.388699 0.000010
0.452447 0.000010 0.054326 0.214513 0.000010 0.000010 0.000010 0.278663 0.000010
0.400749 0.000010 0.000010 0.155294 0.000010 0.000010 0.003798 0.440109 0.000010
0.278139 0.000010 0.000010 0.252706 0.000010 0.000010 0.000010 0.384290 0.084815
0.282935 0.101891 0.138709 0.073465 0.000010 0.000010 0.000010 0.402960 0.000010
0.262074 0.000010 0.000010 0.243904 0.000010 0.018510 0.095429 0.380044 0.000010
0.371197 0.070685 0.000010 0.110075 0.027844 0.103359 0.000628 0.080779 0.235421
0.102077 0.000010 0.026617 0.048541 0.000010 0.000010 0.226744 0.539025 0.056965
0.197765 0.000010 0.000010 0.108632 0.062587 0.000010 0.170528 0.460448 0.000010
0.207812 0.055895 0.000010 0.149795 0.000010 0.000010 0.240780 0.345679 0.000010
0.262825 0.000010 0.019714 0.015571 0.205833 0.010591 0.193876 0.291570 0.000010
0.037226 0.004777 0.000010 0.306010 0.000010 0.085048 0.133765 0.433145 0.000010
0.044487 0.087552 0.000010 0.008615 0.091034 0.228914 0.125500 0.361348 0.052540
0.034024 0.051801 0.000010 0.080668 0.038026 0.316370 0.106802 0.133226 0.239072
0.098807 0.145140 0.000010 0.000010 0.088608 0.212547 0.000010 0.208558 0.246309
0.332296 0.000010 0.000010 0.000010 0.139996 0.031023 0.101285 0.395360 0.000010
0.193580 0.048187 0.000010 0.050887 0.000010 0.000010 0.307421 0.399886 0.000010
0.242579 0.007580 0.131635 0.020712 0.000010 0.000010 0.133613 0.463851 0.000010
0.334565 0.038388 0.083965 0.212011 0.081940 0.000010 0.035144 0.134511 0.079467
0.151960 0.000010 0.000010 0.097369 0.000010 0.000010 0.279368 0.453233 0.018030
0.289154 0.000010 0.000010 0.000010 0.209737 0.000010 0.158208 0.342851 0.000010
0.029570 0.003773 0.184865 0.233707 0.000010 0.025055 0.087190 0.435819 0.000010
0.000010 0.000010 0.000010 0.055859 0.000010 0.005038 0.261502 0.630513 0.047049
0.257488 0.025860 0.000010 0.020652 0.000010 0.000010 0.312957 0.383002 0.000010
0.411180 0.000010 0.000010 0.142914 0.000010 0.006811 0.000010 0.439046 0.000010
0.405477 0.100323 0.012485 0.000010 0.000010 0.000010 0.050210 0.431465 0.000010
0.212189 0.000010 0.077528 0.136919 0.000010 0.036285 0.043619 0.493431 0.000010
0.042636 0.000010 0.180635 0.161947 0.000010 0.000010 0.098553 0.516189 0.000010
0.087261 0.038781 0.117716 0.035984 0.062366 0.000010 0.100369 0.551042 0.006471
0.228438 0.007290 0.092564 0.076265 0.000010 0.092622 0.000010 0.498096 0.004705
0.217664 0.088600 0.000010 0.026254 0.000010 0.000010 0.110632 0.458914 0.097906
0.231289 0.098621 0.000010 0.042510 0.000010 0.000010 0.142930 0.484610 0.000010
0.127562 0.022549 0.063228 0.017226 0.000010 0.042502 0.336016 0.390898 0.000010
0.294908 0.045035 0.000010 0.032852 0.112794 0.023924 0.138640 0.276200 0.075637
0.396817 0.087230 0.000010 0.017031 0.059555 0.000010 0.029526 0.326760 0.083061
0.586695 0.000010 0.018107 0.000010 0.127407 0.000010 0.000010 0.267741 0.000010
0.139429 0.020829 0.000010 0.277530 0.000010 0.086813 0.036078 0.439290 0.000010
0.418554 0.000010 0.010071 0.158622 0.174843 0.004795 0.000010 0.233086 0.000010
0.159524 0.000010 0.000010 0.360307 0.102613 0.000010 0.000010 0.377507 0.000010
0.183287 0.034804 0.016267 0.174728 0.000010 0.062558 0.080239 0.448097 0.000010
0.094748 0.000010 0.000010 0.000010 0.000010 0.000010 0.356046 0.549145 0.000010
0.246547 0.000010 0.000010 0.000010 0.039653 0.000010 0.275993 0.363961 0.073805
0.488390 0.000010 0.000010 0.022347 0.032320 0.000010 0.230091 0.226811 0.000010
0.210521 0.030058 0.036704 0.000010 0.000010 0.000010 0.262223 0.460455 0.000010
0.331694 0.125041 0.006317 0.000010 0.065109 0.000010 0.039804 0.432005 0.000010
0.286006 0.120349 0.000010 0.192596 0.000010 0.000010 0.057130 0.343879 0.000010
0.152558 0.000010 0.030859 0.000010 0.146664 0.000010 0.160274 0.509606 0.000010
0.187978 0.087236 0.071883 0.145967 0.000010 0.000010 0.000010 0.506896 0.000010
0.037144 0.000010 0.130564 0.000010 0.020130 0.027786 0.128189 0.656157 0.000010
0.125674 0.097831 0.000010 0.000010 0.110520 0.000010 0.091048 0.574888 0.000010
0.315412 0.000010 0.000010 0.095952 0.045032 0.006919 0.116804 0.376046 0.043815
0.217152 0.018517 0.043742 0.012401 0.000010 0.084244 0.235408 0.378047 0.010480
0.332597 0.000010 0.000010 0.179219 0.000010 0.038954 0.137363 0.311827 0.000010
0.286007 0.000010 0.000010 0.002943 0.000010 0.000010 0.126248 0.558007 0.026755
0.412683 0.068625 0.000010 0.063376 0.162873 0.000010 0.082005 0.210409 0.000010
0.332122 0.000010 0.000010 0.236648 0.000010 0.033037 0.000010 0.386721 0.011431
0.144645 0.040510 0.012639 0.147691 0.000010 0.102293 0.001537 0.550666 0.000010
0.148457 0.000010 0.000010 0.295157 0.042781 0.032666 0.000010 0.480898 0.000010
0.191752 0.000010 0.000010 0.191478 0.000010 0.050039 0.125214 0.418168 0.023319
0.169775 0.000010 0.000010 0.290194 0.067435 0.000010 0.000010 0.401896 0.070661
0.159515 0.000010 0.002932 0.128667 0.000010 0.000010 0.035098 0.582966 0.090792
0.000010 0.000010 0.007369 0.211618 0.181844 0.000010 0.199377 0.399751 0.000010
0.070959 0.059746 0.000263 0.237336 0.000010 0.000010 0.072202 0.480672 0.078802
0.281973 0.000010 0.106104 0.143701 0.000010 0.000010 0.025757 0.400250 0.042186
0.322935 0.000010 0.000010 0.248288 0.097483 0.000010 0.000010 0.331244 0.000010
0.164979 0.081927 0.000010 0.275220 0.107549 0.016074 0.000010 0.328532 0.025699
0.288677 0.022369 0.030358 0.000010 0.056753 0.000010 0.000010 0.601804 0.000010
0.419914 0.068370 0.069710 0.111928 0.000010 0.000010 0.000010 0.219126 0.110923
0.346515 0.015876 0.006393 0.000010 0.000010 0.000010 0.186558 0.444619 0.000010
0.000010 0.031239 0.000010 0.222754 0.009765 0.000010 0.048859 0.487844 0.199508
0.226956 0.000010 0.028514 0.004593 0.000010 0.029486 0.181201 0.529220 0.000010
0.183338 0.000010 0.000010 0.264855 0.000010 0.000010 0.064522 0.453106 0.034139
0.210645 0.000010 0.023659 0.150992 0.000010 0.000010 0.172378 0.442286 0.000010
0.006858 0.000010 0.000010 0.346280 0.000010 0.000010 0.158483 0.454943 0.033395
0.143346 0.139141 0.069173 0.160751 0.000010 0.063746 0.092549 0.331274 0.000010
0.424479 0.000010 0.000010 0.052818 0.063086 0.082505 0.000010 0.377071 0.000010
0.295311 0.085209 0.052223 0.150409 0.009616 0.000010 0.089154 0.294717 0.023351
0.037810 0.028375 0.000010 0.209455 0.079469 0.005003 0.196092 0.443776 0.000010
0.137956 0.021163 0.068831 0.154464 0.000010 0.000010 0.287228 0.298345 0.031994
0.041752 0.086717 0.264018 0.118938 0.000010 0.034198 0.102518 0.351840 0.000010
0.109610 0.000010 0.152281 0.240820 0.000010 0.000010 0.105578 0.363320 0.028362
0.130260 0.056859 0.189498 0.000010 0.027617 0.000010 0.150736 0.372070 0.072940
0.124657 0.000010 0.158789 0.134818 0.000010 0.006528 0.135837 0.439341 0.000010
0.172445 0.045304 0.167153 0.066909 0.067369 0.000010 0.097345 0.383456 0.000010
0.227595 0.000010 0.008443 0.098831 0.060709 0.000010 0.167916 0.436476 0.000010
0.129215 0.000010 0.164173 0.283955 0.000010 0.077133 0.068963 0.276531 0.000010
0.223369 0.000010 0.000010 0.000010 0.000010 0.032781 0.108170 0.635630 0.000010
0.274949 0.158062 0.017833 0.213298 0.000010 0.000010 0.059995 0.275833 0.000010
0.023847 0.001255 0.076271 0.039218 0.006715 0.000010 0.291946 0.560728 0.000010
0.264952 0.089357 0.026269 0.167775 0.009808 0.000010 0.015460 0.426359 0.000010
0.250490 0.000010 0.092568 0.057453 0.000010 0.000010 0.180936 0.418514 0.000010
0.053739 0.080200 0.000010 0.052591 0.000010 0.042354 0.255757 0.510482 0.004857
0.087110 0.072861 0.000010 0.314622 0.115785 0.000010 0.000010 0.409581 0.000010
0.207466 0.081880 0.165939 0.000010 0.003843 0.000010 0.169586 0.371257 0.000010
0.286759 0.000010 0.140686 0.000010 0.000010 0.000010 0.141990 0.430515 0.000010
0.431826 0.095079 0.106215 0.000010 0.000010 0.000010 0.038067 0.328773 0.000010
0.184560 0.000010 0.082163 0.000010 0.000010 0.031369 0.101363 0.600505 0.000010
0.213510 0.096404 0.000010 0.178812 0.014645 0.087230 0.106071 0.303307 0.000010
0.283837 0.000010 0.083771 0.045435 0.000010 0.000010 0.154646 0.432272 0.000010
0.000010 0.000010 0.000010 0.020611 0.032338 0.442309 0.000010 0.000010 0.504692
0.000010 0.000010 0.000010 0.000010 0.000010 0.268737 0.060205 0.019369 0.651640
0.021024 0.000010 0.000010 0.000010 0.000010 0.415854 0.000010 0.000010 0.563062
0.000010 0.000010 0.037928 0.034133 0.000010 0.299174 0.000010 0.000010 0.628714
0.027481 0.044846 0.000010 0.000010 0.000010 0.262426 0.051387 0.000010 0.613820
0.000010 0.000010 0.000010 0.000010 0.011952 0.523079 0.000010 0.000010 0.464908
0.000010 0.000010 0.109456 0.000010 0.000010 0.326259 0.000010 0.000010 0.564225
0.000010 0.000010 0.000010 0.081618 0.000010 0.199662 0.000010 0.040877 0.677793
0.025327 0.000010 0.000010 0.000010 0.000010 0.354383 0.031410 0.000010 0.588831
0.000010 0.000010 0.070063 0.029450 0.000010 0.411050 0.000010 0.000010 0.489387
0.000010 0.000010 0.034261 0.000010 0.000010 0.339064 0.000010 0.000010 0.626615
0.009514 0.000010 0.000010 0.002963 0.000010 0.218782 0.000010 0.000010 0.768691
0.000010 0.000010 0.000010 0.000010 0.000010 0.505543 0.031486 0.035076 0.427845
0.000010 0.000010 0.000010 0.000010 0.000010 0.321172 0.000010 0.016227 0.662540
0.000010 0.000010 0.080368 0.000010 0.000010 0.348021 0.000010 0.000010 0.571551
0.002252 0.000010 0.044051 0.000010 0.000010 0.431975 0.000010 0.008837 0.512845
0.000010 0.000010 0.000010 0.000010 0.000010 0.385794 0.000010 0.000010 0.614136
0.032807 0.000010 0.066612 0.000010 0.000010 0.279298 0.000010 0.000010 0.621233
0.000010 0.000010 0.000010 0.053617 0.000010 0.430776 0.000010 0.000010 0.515547
0.000010 0.000010 0.029963 0.000010 0.016394 0.413453 0.000010 0.000010 0.540140
0.000010 0.000010 0.041432 0.000010 0.055111 0.536788 0.000010 0.000010 0.366619
0.008374 0.000010 0.018364 0.029198 0.000010 0.312174 0.000010 0.000010 0.631850
0.000010 0.014283 0.000010 0.007632 0.000010 0.265893 0.000010 0.000010 0.712142
0.000010 0.000010 0.017220 0.000010 0.000010 0.405604 0.077630 0.000010 0.499496
0.000010 0.000010 0.000010 0.025490 0.065646 0.240604 0.000010 0.000010 0.668209
0.000010 0.000010 0.000580 0.000010 0.023616 0.331158 0.047534 0.000010 0.597070
0.080905 0.000010 0.000010 0.000010 0.000010 0.378770 0.031433 0.000010 0.508842
0.000010 0.021722 0.015670 0.000010 0.000010 0.279154 0.000010 0.000010 0.683405
0.000010 0.099989 0.000010 0.000010 0.729296 0.085125 0.085541 0.000010 0.000010
0.794298 0.026201 0.000010 0.097178 0.052944 0.000010 0.000010 0.029339 0.000010
0.479211 0.000010 0.000010 0.155247 0.006981 0.037118 0.000010 0.321404 0.000010
0.450911 0.000010 0.000010 0.181059 0.000010 0.029314 0.000010 0.199185 0.139492
0.550261 0.000010 0.000010 0.182099 0.006042 0.049532 0.000010 0.210588 0.001447
0.303258 0.020250 0.000010 0.304896 0.000010 0.000010 0.108643 0.221505 0.041419
0.346762 0.009065 0.001890 0.342765 0.000010 0.000010 0.048024 0.251464 0.000010
0.432005 0.000010 0.043095 0.350009 0.000010 0.006643 0.000010 0.168208 0.000010
0.487789 0.000010 0.000010 0.103000 0.016904 0.000010 0.000010 0.291959 0.100308
0.362666 0.000010 0.000010 0.349678 0.047906 0.000010 0.040871 0.152646 0.046202
0.410540 0.000010 0.000010 0.308404 0.000010 0.000010 0.067607 0.180526 0.032883
0.392180 0.000010 0.021201 0.344403 0.031839 0.000010 0.052816 0.157531 0.000010
0.511380 0.000010 0.000010 0.445249 0.000010 0.024804 0.000010 0.018517 0.000010
0.629004 0.009267 0.023049 0.130283 0.015555 0.000010 0.046370 0.146452 0.000010
0.615733 0.032535 0.001310 0.072277 0.097989 0.046043 0.014468 0.097489 0.022154
0.635423 0.018023 0.009927 0.223939 0.000010 0.000010 0.076617 0.000010 0.036040
0.507642 0.000010 0.000010 0.226435 0.000010 0.000010 0.107976 0.122528 0.035380
0.596643 0.005832 0.000010 0.182713 0.065165 0.029967 0.046405 0.000010 0.073254
0.567474 0.000010 0.000010 0.149298 0.009596 0.000010 0.023240 0.226193 0.024167
0.317013 0.000010 0.000010 0.329020 0.000010 0.000010 0.000010 0.353907 0.000010
0.469015 0.000010 0.000010 0.378394 0.000010 0.006990 0.000010 0.081909 0.063652
0.261094 0.042188 0.000010 0.341405 0.022013 0.035308 0.000010 0.297963 0.000010
0.540228 0.000010 0.000010 0.168481 0.000010 0.000010 0.000010 0.291232 0.000010
0.406388 0.000010 0.005689 0.446431 0.000010 0.000010 0.008583 0.132869 0.000010
0.562258 0.000010 0.000010 0.031843 0.162227 0.011572 0.000010 0.232059 0.000010
0.438646 0.000010 0.000010 0.195007 0.000010 0.014974 0.006497 0.265874 0.078972
0.484030 0.038764 0.000010 0.334134 0.023037 0.005427 0.000010 0.114578 0.000010
0.388512 0.000010 0.042983 0.402337 0.000010 0.001646 0.013395 0.151097 0.000010
0.461334 0.110577 0.000010 0.246320 0.007220 0.020488 0.024373 0.129668 0.000010
0.000010 0.000010 0.000010 0.001885 0.968520 0.000010 0.013494 0.000010 0.016052
0.000010 0.000010 0.000010 0.000010 0.999920 0.000010 0.000010 0.000010 0.000010
0.022981 0.000844 0.000010 0.000010 0.976116 0.000010 0.000010 0.000010 0.000010
0.000010 0.000010 0.000010 0.000010 0.999920 0.000010 0.000010 0.000010 0.000010
0.000010 0.000010 0.091582 0.000010 0.603443 0.000010 0.304915 0.000010 0.000010
0.000010 0.000010 0.000010 0.000010 0.999920 0.000010 0.000010 0.000010 0.000010
0.000010 0.000010 0.000010 0.013578 0.986352 0.000010 0.000010 0.000010 0.000010
0.000010 0.000010 0.000010 0.010587 0.989343 0.000010 0.000010 0.000010 0.000010
0.018486 0.000010 0.000010 0.000010 0.981444 0.000010 0.000010 0.000010 0.000010
0.000010 0.000010 0.086188 0.017838 0.895914 0.000010 0.000010 0.000010 0.000010
0.000010 0.000010 0.001984 0.008053 0.892870 0.000010 0.097043 0.000010 0.000010
0.000010 0.000010 0.000010 0.000010 0.940377 0.000010 0.059553 0.000010 0.000010
0.018722 0.000010 0.000010 0.000010 0.981208 0.000010 0.000010 0.000010 0.000010
0.000010 0.000010 0.003830 0.000010 0.995743 0.000367 0.000010 0.000010 0.000010
0.000010 0.050794 0.000010 0.000012 0.945817 0.003328 0.000010 0.000010 0.000010
0.000010 0.020765 0.000010 0.036905 0.942269 0.000010 0.000010 0.000010 0.000010
0.000010 0.000010 0.031246 0.000010 0.968684 0.000010 0.000010 0.000010 0.000010
0.537045 0.000010 0.000010 0.171934 0.000010 0.000010 0.000010 0.290961 0.000010
0.383745 0.000010 0.000010 0.047420 0.065781 0.000010 0.046043 0.356112 0.100869
0.418972 0.088948 0.000010 0.109460 0.000010 0.000010 0.065724 0.296906 0.019960
0.597794 0.000010 0.087357 0.045735 0.028988 0.000010 0.000010 0.156284 0.083813
0.511181 0.000010 0.000010 0.000010 0.000010 0.045258 0.000010 0.374687 0.068824
0.523546 0.000010 0.000010 0.109992 0.077878 0.000010 0.000010 0.200011 0.088534
0.516482 0.173602 0.000010 0.000010 0.000010 0.051967 0.021882 0.236026 0.000010
0.463576 0.000010 0.000010 0.046584 0.023753 0.000010 0.000010 0.382450 0.083597
0.495453 0.000010 0.000010 0.224472 0.000010 0.000010 0.000010 0.272692 0.007333
0.387710 0.043792 0.000010 0.000010 0.065517 0.000010 0.128592 0.374350 0.000010
0.261384 0.000010 0.000010 0.332975 0.019803 0.000010 0.148226 0.196866 0.040715
0.388892 0.079757 0.000010 0.105903 0.000010 0.000010 0.000010 0.425397 0.000010
0.675335 0.005570 0.000010 0.095455 0.000010 0.000010 0.000010 0.206980 0.016620
0.562433 0.030367 0.000010 0.243724 0.000010 0.000010 0.000010 0.095026 0.068410
0.622574 0.023594 0.000010 0.000010 0.101116 0.109025 0.000010 0.143650 0.000010
0.325659 0.037857 0.194877 0.000010 0.000900 0.015422 0.004490 0.396934 0.023851
0.722403 0.000010 0.000010 0.034470 0.000010 0.000010 0.002689 0.240387 0.000010
0.401254 0.000010 0.000010 0.313595 0.031825 0.000010 0.044183 0.182361 0.026751
0.523414 0.058237 0.000010 0.071452 0.065646 0.008773 0.031383 0.196608 0.044477
0.892426 0.000010 0.000010 0.000010 0.000010 0.000010 0.000010 0.107504 0.000010
0.311682 0.000010 0.000010 0.180380 0.000010 0.000010 0.000010 0.416742 0.091145
0.660233 0.021978 0.000010 0.103284 0.000010 0.004689 0.000010 0.131510 0.078276
0.660247 0.000010 0.000010 0.000010 0.000010 0.000010 0.000010 0.295171 0.044522
0.481167 0.000010 0.000010 0.228382 0.044117 0.000010 0.000010 0.246284 0.000010
0.373999 0.083601 0.000010 0.189161 0.037657 0.000010 0.000010 0.269354 0.046198
0.501410 0.000010 0.000010 0.068113 0.073945 0.000010 0.000010 0.347025 0.009467
0.680260 0.000010 0.000010 0.109248 0.000010 0.039072 0.000010 0.108800 0.062580
0.733154 0.000010 0.054152 0.030630 0.000010 0.000010 0.000010 0.131766 0.050257
0.545761 0.008286 0.000010 0.052813 0.000010 0.000010 0.000010 0.393090 0.000010
0.586082 0.008835 0.000010 0.018582 0.090929 0.134483 0.000010 0.114023 0.047047
0.480280 0.025812 0.000010 0.136657 0.000010 0.000010 0.000010 0.317168 0.040043
0.556364 0.000010 0.072527 0.168890 0.000010 0.000010 0.000010 0.177234 0.024945
0.603572 0.000010 0.000010 0.000010 0.028855 0.047785 0.000010 0.234885 0.084864
0.509684 0.000010 0.068294 0.089167 0.000010 0.000150 0.011386 0.232604 0.088695
0.552551 0.000010 0.005590 0.000010 0.049108 0.044382 0.000010 0.290942 0.057396
0.505362 0.000010 0.013943 0.110120 0.000010 0.000010 0.000010 0.357266 0.013269
0.662813 0.000010 0.000010 0.000010 0.000010 0.000010 0.000010 0.337117 0.000010
0.479285 0.000010 0.135101 0.000010 0.000010 0.000010 0.000010 0.370156 0.015408
0.552376 0.000010 0.017129 0.288078 0.000010 0.029012 0.000010 0.000010 0.113365
0.577148 0.000010 0.000010 0.132936 0.000010 0.000010 0.019633 0.130654 0.139589
0.589730 0.000010 0.095552 0.105668 0.000010 0.000010 0.000010 0.155527 0.053483
0.429043 0.034009 0.000010 0.182479 0.000010 0.021588 0.000010 0.273863 0.058988
0.616258 0.000010 0.000010 0.037900 0.000010 0.042693 0.062937 0.184188 0.055994
0.619442 0.006492 0.000010 0.068129 0.178603 0.048780 0.000010 0.060153 0.018381
0.434231 0.000010 0.000010 0.079284 0.000010 0.047513 0.025628 0.223893 0.189421
0.739502 0.000010 0.000010 0.033756 0.073770 0.000010 0.000010 0.141090 0.011841
0.586148 0.008286 0.003711 0.019630 0.040137 0.136233 0.000010 0.129017 0.076828
0.658592 0.014439 0.000010 0.000010 0.000010 0.091672 0.004726 0.230532 0.000010
0.670554 0.000010 0.025492 0.002422 0.000010 0.034200 0.000010 0.267291 0.000010
0.532282 0.129185 0.000010 0.097951 0.000010 0.000010 0.000010 0.162377 0.078165
0.514156 0.000010 0.081947 0.016296 0.075872 0.000010 0.014761 0.201970 0.094978
0.790882 0.000010 0.000010 0.000010 0.000010 0.001573 0.000010 0.163645 0.043849
0.777178 0.004794 0.004640 0.000010 0.135829 0.000010 0.000010 0.077519 0.000010
0.571174 0.000010 0.000010 0.000010 0.069025 0.000010 0.000010 0.290395 0.069356
0.384482 0.084943 0.000010 0.161927 0.000010 0.001428 0.085344 0.281847 0.000010
0.000010 0.000010 0.000010 0.000010 0.032408 0.000010 0.009591 0.000010 0.957941
0.618752 0.000010 0.000010 0.018727 0.013643 0.016025 0.086664 0.215082 0.031088
0.650264 0.000010 0.005960 0.000222 0.000010 0.146079 0.000010 0.132651 0.064795
0.710636 0.000010 0.000010 0.007201 0.015139 0.028963 0.025761 0.212271 0.000010
0.390537 0.020770 0.000010 0.129493 0.000010 0.000010 0.054229 0.307032 0.097910
0.435023 0.000010 0.139253 0.092861 0.066310 0.000010 0.080573 0.085301 0.100659
0.699695 0.017236 0.000010 0.000010 0.000010 0.021106 0.000010 0.215348 0.046576
0.638267 0.042967 0.000010 0.101552 0.000010 0.020402 0.000010 0.172305 0.024478
0.724154 0.000010 0.000010 0.123782 0.000010 0.000010 0.000010 0.152004 0.000010
0.692688 0.010164 0.051944 0.100189 0.000010 0.000010 0.000010 0.124697 0.020286
0.692132 0.053311 0.016909 0.000010 0.000010 0.000010 0.009228 0.170833 0.057557
0.754029 0.026669 0.027966 0.000010 0.045713 0.021578 0.053281 0.001880 0.068875
0.371534 0.050590 0.000010 0.134494 0.041847 0.050722 0.010691 0.000010 0.340101
0.553040 0.106398 0.000010 0.057065 0.000010 0.000010 0.031279 0.252179 0.000010
0.701894 0.000010 0.000010 0.000010 0.008760 0.072533 0.000010 0.215173 0.001600
0.283956 0.053705 0.000010 0.189634 0.085098 0.038514 0.098182 0.000182 0.250719
0.341594 0.000010 0.000010 0.198128 0.010915 0.043518 0.000010 0.277213 0.128603
0.490411 0.017438 0.041462 0.024642 0.091296 0.042828 0.058436 0.133583 0.099904
0.507936 0.000010 0.000010 0.011121 0.000010 0.044810 0.061718 0.374374 0.000010
0.444794 0.000010 0.000010 0.000010 0.000010 0.000010 0.000010 0.322921 0.232225
0.555309 0.018891 0.000010 0.122050 0.000010 0.000010 0.000010 0.131240 0.172471
0.565555 0.023376 0.040186 0.000010 0.000010 0.000010 0.029775 0.304816 0.036261
0.676013 0.000010 0.000010 0.000010 0.084438 0.000010 0.009232 0.165695 0.064582
0.515503 0.000010 0.000010 0.132153 0.000010 0.052289 0.052444 0.088864 0.158718
0.238791 0.000010 0.000010 0.082549 0.000010 0.000010 0.098395 0.271556 0.308669
0.443047 0.000010 0.049932 0.195485 0.000010 0.079230 0.003695 0.214651 0.013941
0.776905 0.000010 0.009435 0.000010 0.053525 0.000010 0.027493 0.132602 0.000010
0.774250 0.000010 0.000010 0.036118 0.017736 0.000010 0.000010 0.032769 0.139087
0.537794 0.000010 0.000010 0.066553 0.000010 0.000010 0.052226 0.277260 0.066127
0.651230 0.027748 0.000010 0.000010 0.000010 0.031698 0.000010 0.165354 0.123930
0.755436 0.000010 0.079031 0.000010 0.000010 0.000010 0.000010 0.165474 0.000010
0.386927 0.000010 0.048613 0.349230 0.000010 0.101414 0.000010 0.113775 0.000010
0.000010 0.000010 0.000010 0.000010 0.928969 0.066870 0.004100 0.000010 0.000010
0.000010 0.000010 0.063012 0.108267 0.753977 0.000010 0.074695 0.000010 0.000010
0.000010 0.003937 0.016043 0.000010 0.831068 0.008822 0.140090 0.000010 0.000010
0.000010 0.000010 0.000010 0.075231 0.725896 0.020639 0.148505 0.029689 0.000010
0.000010 0.003154 0.000010 0.000010 0.943067 0.000010 0.053719 0.000010 0.000010
0.000010 0.115308 0.000010 0.000010 0.696134 0.116528 0.071980 0.000010 0.000010
0.000010 0.000010 0.000010 0.077934 0.866694 0.000010 0.043169 0.000010 0.012153
0.622887 0.000010 0.000010 0.060536 0.001923 0.092468 0.088622 0.121727 0.011816
0.551519 0.000010 0.000010 0.220847 0.000010 0.000010 0.000010 0.128050 0.099534
0.537183 0.084449 0.000010 0.319910 0.000010 0.000010 0.000010 0.000010 0.058407
0.783217 0.000010 0.000010 0.140914 0.000010 0.000010 0.000010 0.000010 0.075809
0.616523 0.144913 0.000010 0.083076 0.005320 0.039946 0.000010 0.102418 0.007784
0.374012 0.034848 0.064180 0.236843 0.000010 0.000010 0.058049 0.232038 0.000010
0.515380 0.018691 0.000010 0.228611 0.000010 0.000010 0.000010 0.237268 0.000010
0.533213 0.011397 0.000010 0.158159 0.041902 0.000010 0.000010 0.229975 0.025324
0.403897 0.022760 0.000010 0.273828 0.000010 0.000010 0.181660 0.095149 0.022677
0.434702 0.000010 0.120362 0.300310 0.000010 0.000010 0.000010 0.144576 0.000010
0.422571 0.223120 0.000010 0.000010 0.000010 0.000010 0.000010 0.208266 0.145994
0.471608 0.078310 0.019475 0.010212 0.000010 0.029474 0.022738 0.236578 0.131596
0.218533 0.175874 0.000010 0.179261 0.022578 0.000010 0.003260 0.400464 0.000010
0.390885 0.000010 0.000010 0.192385 0.041122 0.000010 0.054798 0.296635 0.024144
0.585174 0.158217 0.000010 0.027975 0.000010 0.000010 0.076255 0.152339 0.000010
0.617941 0.000010 0.000010 0.000010 0.000010 0.012859 0.000010 0.337605 0.031544
0.385182 0.000010 0.000010 0.000010 0.000010 0.038037 0.000010 0.362233 0.214498
0.601734 0.000010 0.000010 0.061504 0.000010 0.025053 0.025535 0.201224 0.084920
0.588043 0.000010 0.043163 0.000010 0.000010 0.011712 0.000010 0.271885 0.085157
0.419677 0.000010 0.000010 0.093303 0.000010 0.011538 0.018733 0.114488 0.342232
0.615165 0.000010 0.000010 0.080010 0.000010 0.071531 0.096428 0.061608 0.075227
0.635970 0.000010 0.000010 0.121589 0.000010 0.000010 0.065916 0.123208 0.053276
0.412833 0.000010 0.019099 0.134028 0.175203 0.000010 0.000010 0.215048 0.043759
0.384388 0.000010 0.028188 0.214609 0.048505 0.069578 0.000010 0.254702 0.000010
0.795252 0.000010 0.008099 0.006003 0.056468 0.000010 0.000010 0.113870 0.020277
0.550137 0.000010 0.000010 0.005008 0.000010 0.000010 0.000010 0.345852 0.098953
0.602991 0.000010 0.099133 0.074306 0.000010 0.000010 0.089771 0.117914 0.015855
0.379584 0.102232 0.000010 0.000010 0.013040 0.041502 0.000010 0.261195 0.202417
0.487646 0.002359 0.060901 0.012253 0.000010 0.000010 0.066430 0.370381 0.000010
0.491887 0.000010 0.000010 0.126594 0.000010 0.000010 0.042936 0.146029 0.192514
0.335858 0.000010 0.000010 0.195039 0.007327 0.027379 0.032997 0.401369 0.000010
0.493532 0.000010 0.000010 0.146915 0.000010 0.006542 0.000010 0.303448 0.049523
0.595603 0.000010 0.000010 0.124034 0.020467 0.000010 0.000010 0.228711 0.031145
0.654490 0.000010 0.000010 0.000010 0.096964 0.017096 0.000010 0.231401 0.000010
0.630984 0.000010 0.090513 0.000010 0.000010 0.126802 0.013879 0.122566 0.015226
0.000010 0.977921 0.022009 0.000010 0.000010 0.000010 0.000010 0.000010 0.000010
0.000010 0.960844 0.000010 0.000010 0.000010 0.000010 0.039086 0.000010 0.000010
0.000010 0.860166 0.022675 0.117099 0.000010 0.000010 0.000010 0.000010 0.000010
0.000010 0.906150 0.000010 0.000010 0.000010 0.000010 0.093780 0.000010 0.000010
0.111224 0.212836 0.343496 0.004411 0.000010 0.046977 0.281027 0.000010 0.000010
0.000010 0.000010 0.427029 0.000010 0.000010 0.000010 0.428976 0.123978 0.019967
0.079391 0.231740 0.383342 0.000010 0.071910 0.000010 0.218632 0.000010 0.014954
0.000010 0.012520 0.528636 0.000010 0.168086 0.000010 0.234464 0.056253 0.000010
0.018933 0.007223 0.605675 0.000010 0.033230 0.000010 0.149360 0.185548 0.000010
0.000010 0.000010 0.572669 0.000010 0.037090 0.000010 0.331197 0.035760 0.023244
0.000010 0.000010 0.525605 0.000010 0.057087 0.000010 0.352084 0.065174 0.000010
0.000010 0.000010 0.522207 0.000010 0.078811 0.000010 0.351172 0.000010 0.047760
0.000010 0.000010 0.347226 0.000010 0.130832 0.000010 0.447665 0.000010 0.074227
0.000010 0.000010 0.475894 0.000010 0.089978 0.058820 0.255271 0.119997 0.000010
0.593834 0.000010 0.000010 0.106696 0.000010 0.000010 0.000010 0.195352 0.104068
0.401130 0.000010 0.000010 0.119762 0.000010 0.069225 0.000010 0.296564 0.113278
0.462649 0.000010 0.000010 0.027969 0.001840 0.000010 0.101614 0.405887 0.000010
0.520903 0.016368 0.000010 0.197922 0.000010 0.090776 0.004733 0.154665 0.014613
0.443935 0.017240 0.000010 0.061377 0.000010 0.000010 0.064772 0.412636 0.000010
0.519852 0.006895 0.000010 0.044769 0.005249 0.000010 0.067778 0.305104 0.050334
0.658669 0.139169 0.000010 0.000010 0.000010 0.000010 0.000010 0.000010 0.202102
0.430040 0.071538 0.000010 0.118391 0.018478 0.000010 0.000010 0.361513 0.000010
0.183220 0.171922 0.000010 0.066942 0.081216 0.045369 0.056298 0.286835 0.108189
0.444433 0.000010 0.000010 0.096756 0.139296 0.000010 0.000010 0.289400 0.030074
0.441440 0.000010 0.000010 0.031216 0.000010 0.089864 0.000010 0.392591 0.044849
0.603806 0.069095 0.000010 0.000010 0.000010 0.000010 0.000010 0.229375 0.097674
0.657074 0.000010 0.000010 0.119633 0.000010 0.000010 0.000010 0.219216 0.004026
0.535734 0.051106 0.010649 0.106768 0.074945 0.013623 0.000010 0.189641 0.017524
0.671818 0.000010 0.000010 0.005795 0.023022 0.000010 0.000010 0.299315 0.000010
0.509969 0.000010 0.000010 0.061381 0.038943 0.227246 0.000010 0.132402 0.030028
0.626474 0.050286 0.000010 0.068169 0.000010 0.000010 0.017365 0.154796 0.082880
0.617365 0.000010 0.070517 0.000010 0.000010 0.032110 0.000010 0.213199 0.066768
0.490437 0.000010 0.000010 0.009544 0.160075 0.000010 0.000010 0.210771 0.129132
0.488036 0.097763 0.005284 0.039441 0.000010 0.000010 0.033593 0.000010 0.335853
0.576105 0.011385 0.000010 0.073046 0.130405 0.000010 0.111615 0.084290 0.013135
0.000010 0.000010 0.758626 0.000010 0.000010 0.000010 0.135743 0.105572 0.000010
0.000010 0.015528 0.557410 0.000010 0.078901 0.020047 0.328075 0.000010 0.000010
0.000010 0.221535 0.602341 0.000010 0.000010 0.000010 0.176064 0.000010 0.000010
0.000010 0.000010 0.718192 0.000010 0.088498 0.000010 0.193250 0.000010 0.000010
0.000010 0.000010 0.591653 0.005013 0.000010 0.017355 0.343988 0.041951 0.000010
0.000010 0.111809 0.586353 0.000010 0.036371 0.012140 0.253287 0.000010 0.000010
0.000010 0.152261 0.574924 0.000010 0.059163 0.000010 0.213603 0.000010 0.000010
0.000010 0.110137 0.696623 0.000010 0.000010 0.000010 0.193179 0.000010 0.000010
0.000010 0.000010 0.645633 0.032504 0.008329 0.000010 0.293623 0.019871 0.000010
0.033547 0.000010 0.649339 0.031564 0.000010 0.023719 0.261790 0.000010 0.000010
0.000010 0.027577 0.594899 0.000010 0.059100 0.000010 0.318373 0.000010 0.000010
0.000010 0.148167 0.613188 0.000010 0.000010 0.000010 0.238585 0.000010 0.000010
0.000010 0.106999 0.499400 0.000010 0.110311 0.000010 0.231167 0.052083 0.000010
0.000010 0.000010 0.646431 0.000010 0.049168 0.028928 0.243710 0.031722 0.000010
0.000010 0.000010 0.682342 0.000010 0.000010 0.000010 0.317588 0.000010 0.000010
0.000010 0.060343 0.515701 0.064558 0.080962 0.000010 0.278397 0.000010 0.000010
0.000010 0.083762 0.692821 0.000010 0.000010 0.000010 0.206749 0.016618 0.000010
0.031960 0.000010 0.649436 0.000010 0.144064 0.000010 0.169050 0.005450 0.000010
0.000010 0.037948 0.709897 0.000010 0.023519 0.000010 0.228586 0.000010 0.000010
0.000010 0.000010 0.513878 0.000010 0.000010 0.000010 0.381537 0.104524 0.000010
0.007482 0.151357 0.487428 0.028193 0.046405 0.000010 0.279105 0.000010 0.000010
0.000010 0.019953 0.640648 0.036088 0.064938 0.000010 0.238332 0.000010 0.000010
0.000010 0.230101 0.538005 0.000010 0.000010 0.000010 0.230174 0.000010 0.001670
0.000010 0.090225 0.502188 0.000010 0.056164 0.016280 0.230447 0.069824 0.034852
0.000010 0.112604 0.736502 0.011657 0.008912 0.000010 0.061964 0.014735 0.053606
0.091790 0.213353 0.468319 0.000010 0.000010 0.000010 0.226487 0.000010 0.000010
0.000010 0.000010 0.626024 0.000010 0.159913 0.000010 0.214003 0.000010 0.000010
0.000010 0.000010 0.720544 0.000010 0.000010 0.000010 0.279386 0.000010 0.000010
0.073607 0.000010 0.651886 0.005174 0.000010 0.000010 0.267780 0.001513 0.000010
0.000010 0.091764 0.616890 0.000010 0.104495 0.000010 0.186801 0.000010 0.000010
0.000010 0.000010 0.568830 0.000010 0.050754 0.000010 0.380357 0.000010 0.000010
0.000010 0.063189 0.510585 0.000010 0.050422 0.025251 0.350514 0.000010 0.000010
0.012516 0.048296 0.426393 0.000010 0.115327 0.000010 0.371593 0.000010 0.025845
0.000010 0.000010 0.624078 0.000010 0.105369 0.036859 0.233644 0.000010 0.000010
0.055369 0.000010 0.466806 0.000010 0.150699 0.000010 0.227378 0.099708 0.000010
0.009630 0.000010 0.593158 0.000010 0.018332 0.081164 0.297675 0.000010 0.000010
0.000010 0.000010 0.565170 0.000010 0.100481 0.000010 0.334289 0.000010 0.000010
0.016152 0.126323 0.500689 0.000010 0.000010 0.000010 0.277901 0.078896 0.000010
0.000010 0.000010 0.555956 0.000010 0.000010 0.000010 0.443974 0.000010 0.000010
0.000010 0.031625 0.000010 0.046424 0.872435 0.000010 0.049465 0.000010 0.000010
0.038618 0.000010 0.000010 0.012630 0.948692 0.000010 0.000010 0.000010 0.000010
0.000010 0.045609 0.612247 0.000010 0.060784 0.025989 0.255331 0.000010 0.000010
0.000010 0.097536 0.580425 0.101900 0.000010 0.000010 0.220089 0.000010 0.000010
0.412127 0.000010 0.019024 0.382373 0.000010 0.000010 0.065656 0.028059 0.092730
0.404822 0.000010 0.000010 0.367218 0.150599 0.058388 0.000010 0.018933 0.000010
0.604794 0.039420 0.000010 0.153712 0.000010 0.041766 0.000010 0.147428 0.012850
0.209451 0.142595 0.011715 0.484704 0.000010 0.060047 0.000010 0.091459 0.000010
0.126689 0.000010 0.000010 0.471815 0.000010 0.000010 0.090014 0.311432 0.000010
0.433854 0.097068 0.000010 0.174254 0.000010 0.000010 0.024778 0.159250 0.110767
0.205214 0.000010 0.000010 0.523984 0.000010 0.000010 0.031455 0.239297 0.000010
0.253482 0.000010 0.000010 0.534423 0.051204 0.000010 0.051718 0.100799 0.008345
0.400204 0.000010 0.063735 0.409785 0.052188 0.000010 0.000010 0.074048 0.000010
0.522166 0.000010 0.000010 0.319222 0.000010 0.000010 0.000010 0.158552 0.000010
0.407573 0.076469 0.000010 0.316268 0.020291 0.000010 0.000010 0.175780 0.003590
0.508250 0.056834 0.036981 0.280504 0.000010 0.000010 0.000010 0.117391 0.000010
0.309972 0.000010 0.000010 0.364589 0.000010 0.000010 0.000010 0.287947 0.037441
0.000010 0.071275 0.452658 0.000010 0.067219 0.000010 0.408797 0.000010 0.000010
0.000010 0.002962 0.520769 0.000010 0.000010 0.000010 0.476209 0.000010 0.000010
0.000010 0.000010 0.644275 0.000010 0.043098 0.000010 0.312566 0.000010 0.000010
0.000010 0.094286 0.668942 0.000010 0.000010 0.000010 0.236401 0.000321 0.000010
0.000010 0.000010 0.628245 0.000010 0.050436 0.030681 0.281083 0.009515 0.000010
0.005536 0.139168 0.455446 0.000010 0.000010 0.042007 0.357803 0.000010 0.000010
0.000010 0.000010 0.634878 0.000010 0.051513 0.000010 0.313550 0.000010 0.000010
0.000010 0.000010 0.584175 0.000010 0.029875 0.000010 0.356481 0.027520 0.001909
0.000010 0.000010 0.559856 0.000010 0.021109 0.000010 0.418974 0.000010 0.000010
0.000901 0.000010 0.588119 0.000010 0.000010 0.070322 0.340608 0.000010 0.000010
0.000010 0.000010 0.771754 0.000010 0.001549 0.004190 0.222457 0.000010 0.000010
0.052519 0.000010 0.666216 0.006069 0.001131 0.002884 0.271151 0.000010 0.000010
