0.166067 0.137783 0.035062 0.236366 0.132851 0.000011 0.012957 0.278893 0.000010
0.009162 0.052174 0.052450 0.246235 0.057680 0.000010 0.000010 0.416426 0.165853
0.189324 0.000010 0.000010 0.091682 0.015396 0.000010 0.132960 0.490148 0.080459
0.172040 0.000010 0.050372 0.193109 0.000013 0.007881 0.038743 0.537821 0.000010
0.277328 0.055216 0.000010 0.089922 0.000010 0.000010 0.143065 0.434429 0.000010
0.302242 0.000010 0.052869 0.000010 0.056451 0.000010 0.111574 0.124694 0.352139
0.371904 0.000010 0.000012 0.000010 0.000010 0.000017 0.000010 0.628017 0.000010
0.343350 0.074550 0.063275 0.171474 0.000010 0.029614 0.030828 0.286888 0.000010
0.328627 0.063615 0.000010 0.022918 0.000010 0.000010 0.030533 0.549313 0.004962
0.366907 0.000010 0.000010 0.000010 0.231579 0.000010 0.000010 0.401453 0.000010
0.427598 0.000013 0.015321 0.156495 0.013123 0.000011 0.068954 0.318476 0.000010
0.303551 0.000010 0.000010 0.171142 0.101677 0.041934 0.057899 0.323767 0.000010
0.163135 0.000010 0.000010 0.115997 0.000010 0.000010 0.118301 0.471758 0.130769
0.254951 0.000010 0.016399 0.164321 0.024879 0.082128 0.000010 0.457292 0.000010
0.500615 0.000010 0.000010 0.000010 0.065237 0.000170 0.040101 0.393837 0.000010
0.127513 0.000011 0.000010 0.000010 0.000011 0.000013 0.118424 0.753999 0.000010
0.283310 0.026658 0.003367 0.000011 0.000010 0.069133 0.180899 0.349175 0.087436
0.125472 0.000010 0.000010 0.235051 0.000011 0.000010 0.222499 0.400828 0.016110
0.046847 0.000010 0.000010 0.040928 0.140631 0.000010 0.290319 0.481236 0.000010
0.235451 0.000010 0.000010 0.202711 0.006952 0.000010 0.074251 0.442093 0.038512
0.249977 0.000010 0.000010 0.292127 0.000010 0.016686 0.145045 0.259279 0.036857
0.330560 0.042179 0.036907 0.015514 0.053106 0.013991 0.031625 0.476108 0.000010
0.208865 0.030876 0.110802 0.078302 0.025807 0.000010 0.079885 0.465442 0.000010
0.352597 0.079068 0.000010 0.028389 0.136712 0.000010 0.000010 0.403195 0.000010
0.254785 0.040605 0.000010 0.040915 0.000015 0.000011 0.169705 0.493944 0.000010
0.513102 0.000010 0.000010 0.000010 0.025343 0.010116 0.000010 0.451389 0.000010
0.249918 0.076410 0.000012 0.039676 0.000010 0.000010 0.228702 0.400690 0.004571
0.237108 0.006446 0.024226 0.000010 0.151741 0.000012 0.089868 0.490579 0.000010
0.183189 0.000015 0.015504 0.220137 0.000010 0.000010 0.165508 0.362470 0.053157
0.484027 0.020485 0.001874 0.000010 0.118674 0.000010 0.005321 0.369589 0.000010
0.199595 0.024415 0.120583 0.166965 0.000010 0.000010 0.024971 0.463440 0.000010
0.302164 0.000010 0.053788 0.083046 0.000010 0.000010 0.058759 0.502203 0.000010
0.250980 0.000010 0.000015 0.158530 0.000013 0.000010 0.000010 0.590422 0.000010
0.411200 0.000010 0.000010 0.175022 0.000010 0.002304 0.000010 0.411424 0.000010
0.313723 0.113659 0.000010 0.000015 0.043695 0.000010 0.170869 0.331810 0.026209
0.342013 0.013373 0.000010 0.144277 0.000010 0.027897 0.000010 0.395961 0.076448
0.674574 0.015100 0.000010 0.000010 0.063824 0.000010 0.000010 0.246452 0.000010
0.343606 0.024562 0.000010 0.077307 0.029466 0.058362 0.000010 0.252167 0.214511
0.138574 0.000010 0.000010 0.058805 0.064529 0.000010 0.031352 0.632706 0.074005
0.338019 0.000010 0.000010 0.052054 0.000010 0.000010 0.081196 0.528681 0.000010
0.244768 0.002007 0.000010 0.260523 0.000010 0.000010 0.000010 0.492652 0.000010
0.508652 0.000010 0.000010 0.000010 0.000010 0.009733 0.000010 0.433231 0.048334
0.316559 0.092027 0.000010 0.026717 0.032045 0.047774 0.000010 0.484491 0.000366
0.383954 0.107203 0.000015 0.228409 0.000010 0.055054 0.000010 0.225334 0.000010
0.027249 0.010789 0.114117 0.254364 0.000010 0.000010 0.246688 0.346763 0.000010
0.163339 0.174528 0.000010 0.069686 0.000010 0.000010 0.000010 0.592396 0.000010
0.296567 0.032527 0.000010 0.256022 0.000010 0.094469 0.000010 0.320374 0.000010
0.417554 0.000010 0.050533 0.000010 0.036017 0.088713 0.000010 0.205719 0.201434
0.000010 0.170195 0.371598 0.088727 0.000010 0.062884 0.000010 0.209457 0.097109
0.135108 0.000010 0.374069 0.142617 0.000010 0.000010 0.132053 0.107395 0.108729
0.328536 0.106392 0.364449 0.000010 0.000010 0.000010 0.108214 0.092369 0.000010
0.352512 0.120721 0.328091 0.000012 0.000010 0.051596 0.121500 0.025548 0.000010
0.285048 0.112004 0.057407 0.153778 0.168977 0.015009 0.046254 0.161513 0.000010
0.096930 0.000012 0.534396 0.000010 0.088684 0.019502 0.096681 0.151041 0.012744
0.104833 0.000012 0.277729 0.083491 0.095086 0.000010 0.361620 0.077208 0.000010
0.335814 0.144995 0.450565 0.017570 0.000010 0.000010 0.051015 0.000010 0.000010
0.182496 0.000010 0.511408 0.000010 0.000010 0.043826 0.075886 0.186344 0.000010
0.127892 0.000011 0.206674 0.209438 0.000010 0.000010 0.214788 0.210603 0.030574
0.247675 0.192625 0.314922 0.028597 0.000011 0.000010 0.009243 0.203001 0.003917
0.191242 0.000010 0.420254 0.068436 0.000010 0.067447 0.000010 0.235956 0.016637
0.020165 0.038523 0.078799 0.186772 0.000010 0.066230 0.191180 0.418310 0.000010
0.097443 0.000010 0.128747 0.230300 0.073094 0.000010 0.092966 0.227885 0.149546
0.000010 0.000010 0.450373 0.096421 0.175457 0.000010 0.245910 0.021895 0.009913
0.150387 0.029130 0.394464 0.199950 0.014757 0.015092 0.000011 0.196199 0.000010
0.178543 0.060009 0.514301 0.078597 0.075668 0.000010 0.000010 0.092852 0.000010
0.128747 0.023324 0.217765 0.260079 0.000010 0.000010 0.023617 0.328331 0.018117
0.281899 0.000011 0.600122 0.000010 0.018540 0.000010 0.000010 0.099388 0.000010
0.145518 0.065884 0.382678 0.232791 0.059290 0.000010 0.013662 0.070346 0.029821
0.238863 0.054506 0.363265 0.149860 0.084856 0.000011 0.003990 0.104639 0.000010
0.163976 0.000010 0.103846 0.150948 0.000010 0.000010 0.261452 0.319738 0.000010
0.142333 0.005208 0.023694 0.149330 0.062650 0.000010 0.026718 0.590045 0.000010
0.194783 0.000010 0.000013 0.107084 0.000010 0.025287 0.032030 0.588661 0.052123
0.187552 0.015328 0.165901 0.279058 0.000010 0.000010 0.000010 0.341081 0.011051
0.206643 0.000010 0.027363 0.182357 0.034413 0.001209 0.165679 0.382316 0.000010
0.155912 0.045135 0.000010 0.351766 0.070082 0.072798 0.050675 0.249520 0.004103
0.294970 0.000010 0.024359 0.128212 0.000010 0.062061 0.052071 0.403059 0.035248
0.404344 0.070890 0.022543 0.000012 0.080410 0.000011 0.000010 0.296472 0.125308
0.215203 0.044813 0.000010 0.084476 0.000010 0.230513 0.083266 0.341698 0.000010
0.179034 0.028124 0.020973 0.159815 0.000010 0.000010 0.139814 0.472209 0.000010
0.357013 0.015160 0.100909 0.051543 0.000010 0.000010 0.032666 0.327961 0.114729
0.078713 0.000010 0.125854 0.177474 0.000010 0.000010 0.084643 0.423132 0.110154
0.483229 0.000010 0.000010 0.000010 0.000010 0.048953 0.105029 0.362739 0.000010
0.338359 0.000010 0.025706 0.099611 0.022230 0.060724 0.128958 0.324391 0.000010
0.435522 0.000010 0.020683 0.120826 0.087216 0.000010 0.023617 0.258783 0.053332
0.389907 0.000010 0.000010 0.077122 0.093289 0.021573 0.040076 0.378004 0.000010
0.178617 0.000010 0.091626 0.000010 0.023282 0.119273 0.020603 0.517246 0.049333
0.147118 0.034818 0.000010 0.181246 0.062774 0.000010 0.163439 0.410575 0.000010
0.343326 0.000014 0.000010 0.109689 0.000010 0.000010 0.067932 0.402778 0.076231
0.331066 0.000010 0.046374 0.077744 0.000010 0.000010 0.000010 0.473466 0.071310
0.377063 0.000011 0.000012 0.168512 0.000011 0.042749 0.000010 0.411622 0.000010
0.392040 0.000010 0.070225 0.011209 0.000010 0.045101 0.015231 0.425394 0.040780
0.429786 0.004101 0.000010 0.119518 0.000010 0.026434 0.000010 0.420121 0.000010
0.272276 0.022074 0.000010 0.000010 0.000010 0.000010 0.000010 0.705589 0.000010
0.036559 0.059433 0.000010 0.291662 0.090930 0.000010 0.000010 0.451262 0.070124
0.285189 0.000010 0.000010 0.000010 0.000010 0.000010 0.185037 0.485593 0.044131
0.176284 0.056401 0.092600 0.163062 0.000010 0.025700 0.106314 0.379619 0.000010
0.274977 0.034949 0.000010 0.031036 0.000010 0.116110 0.129848 0.413050 0.000010
0.170495 0.000010 0.000010 0.084336 0.000010 0.000010 0.193401 0.551718 0.000010
0.240121 0.000010 0.000010 0.045927 0.070711 0.082597 0.146944 0.413670 0.000010
0.069039 0.000010 0.000010 0.024067 0.000337 0.010328 0.303212 0.592988 0.000010
0.280950 0.011211 0.000950 0.341159 0.000010 0.000010 0.062627 0.254947 0.048137
0.388389 0.000010 0.147900 0.056450 0.024230 0.026600 0.000010 0.259311 0.097099
0.005502 0.000010 0.000010 0.303361 0.115041 0.000010 0.173240 0.402816 0.000010
0.130838 0.000010 0.000010 0.000010 0.000010 0.000010 0.234445 0.634657 0.000010
0.096166 0.000010 0.000010 0.000010 0.124970 0.000010 0.214552 0.564262 0.000010
0.098494 0.000010 0.064740 0.055629 0.000010 0.000010 0.247441 0.533655 0.000010
0.170884 0.072246 0.000010 0.160410 0.032727 0.032812 0.100275 0.430626 0.000010
0.151334 0.087909 0.000010 0.186925 0.033541 0.087354 0.039423 0.376830 0.036674
0.264356 0.000010 0.089675 0.083450 0.044639 0.000010 0.116460 0.401389 0.000010
0.331088 0.019212 0.054668 0.000011 0.000010 0.153241 0.019785 0.406018 0.015968
0.258478 0.000018 0.000010 0.100566 0.017726 0.002280 0.199616 0.421295 0.000010
0.217717 0.000010 0.052040 0.125631 0.223216 0.000010 0.000010 0.381356 0.000010
0.140275 0.084041 0.000010 0.000012 0.000010 0.059910 0.178404 0.516046 0.021293
0.091278 0.000010 0.000010 0.109525 0.062662 0.008858 0.196701 0.530946 0.000010
0.165593 0.190061 0.000010 0.052567 0.000010 0.012320 0.139959 0.436577 0.002905
0.339799 0.000010 0.012207 0.000010 0.120836 0.006528 0.102813 0.417787 0.000010
0.000010 0.037680 0.000010 0.196921 0.000010 0.000010 0.174374 0.590975 0.000010
0.246735 0.031942 0.149525 0.000010 0.000010 0.000010 0.054814 0.516943 0.000010
0.000010 0.066035 0.069314 0.202159 0.049019 0.000010 0.129627 0.432617 0.051210
0.379838 0.003484 0.000010 0.196796 0.000014 0.000010 0.000010 0.418441 0.001397
0.126386 0.089128 0.000010 0.132544 0.082815 0.000010 0.114908 0.454189 0.000010
0.144343 0.000010 0.084852 0.208671 0.074291 0.006952 0.146249 0.334622 0.000010
0.132099 0.000010 0.059345 0.172274 0.035477 0.003998 0.135904 0.432887 0.028008
0.128243 0.000010 0.054725 0.247444 0.000010 0.000010 0.000010 0.569538 0.000010
0.000010 0.000010 0.151420 0.125002 0.033211 0.000010 0.271881 0.418446 0.000010
0.170387 0.000011 0.000012 0.059858 0.000010 0.040902 0.110785 0.618026 0.000010
0.285386 0.000010 0.038801 0.075927 0.016904 0.027643 0.168105 0.387214 0.000010
0.054526 0.061105 0.041615 0.000010 0.021429 0.000010 0.287030 0.534265 0.000010
0.217642 0.025584 0.041528 0.185071 0.039240 0.000010 0.122801 0.368113 0.000010
0.175268 0.027851 0.065382 0.127055 0.129891 0.012244 0.000010 0.426845 0.035454
0.359305 0.000010 0.000010 0.036824 0.044748 0.000010 0.168670 0.389765 0.000659
0.200588 0.000010 0.000010 0.000010 0.000010 0.000010 0.208718 0.405039 0.185604
0.239287 0.000010 0.000010 0.196964 0.075717 0.000010 0.000010 0.487982 0.000010
0.012585 0.037852 0.307148 0.123414 0.038566 0.000010 0.000010 0.480406 0.000010
0.330722 0.054170 0.000010 0.057111 0.007075 0.000010 0.196479 0.354412 0.000010
0.151035 0.000010 0.193893 0.000010 0.000011 0.000010 0.163940 0.483581 0.007510
0.386257 0.084522 0.000010 0.086204 0.013925 0.000010 0.000010 0.395543 0.033518
0.154546 0.000010 0.000010 0.004111 0.185109 0.000010 0.023070 0.567079 0.066054
0.011697 0.089237 0.000010 0.274027 0.021126 0.008141 0.032020 0.563732 0.000010
0.000010 0.012895 0.039256 0.181497 0.050926 0.000010 0.127535 0.587861 0.000010
0.237637 0.000017 0.171016 0.075823 0.000010 0.093998 0.000010 0.415439 0.006050
0.125725 0.176522 0.100010 0.131577 0.000010 0.000010 0.067627 0.398510 0.000010
0.302621 0.000014 0.000011 0.000010 0.159489 0.062192 0.000010 0.475642 0.000010
0.287301 0.103380 0.000010 0.127538 0.091514 0.026313 0.110720 0.253214 0.000010
0.318362 0.027637 0.053883 0.112285 0.000010 0.094241 0.068780 0.324791 0.000010
0.275151 0.063331 0.000010 0.179367 0.125021 0.000011 0.000012 0.357088 0.000010
0.191150 0.125090 0.000010 0.165074 0.010537 0.000010 0.036071 0.472048 0.000010
0.189762 0.000010 0.045191 0.133632 0.000010 0.000010 0.154314 0.460871 0.016199
0.327826 0.064984 0.000012 0.000010 0.000012 0.000010 0.046549 0.560588 0.000010
0.164212 0.044378 0.107361 0.107901 0.012092 0.000010 0.207922 0.356114 0.000010
0.326157 0.055739 0.150835 0.000010 0.023405 0.000010 0.000010 0.430592 0.013242
0.354997 0.008994 0.114061 0.000010 0.018021 0.042282 0.000010 0.461615 0.000010
0.244300 0.000010 0.071267 0.160854 0.116414 0.000010 0.000010 0.344342 0.062793
0.165294 0.000010 0.096513 0.125965 0.065101 0.025188 0.145909 0.376009 0.000010
0.403021 0.000010 0.148219 0.000010 0.018856 0.000010 0.000010 0.345715 0.084149
0.309902 0.000011 0.079350 0.000010 0.096355 0.000010 0.043073 0.471279 0.000010
0.080810 0.100171 0.000010 0.286951 0.058257 0.066195 0.049259 0.358338 0.000010
0.161538 0.104271 0.000010 0.144560 0.000010 0.015355 0.115285 0.433717 0.025254
0.142766 0.100457 0.000010 0.269340 0.000010 0.000010 0.189014 0.298384 0.000010
0.209816 0.114301 0.000010 0.151162 0.029016 0.010555 0.000010 0.432828 0.052302
0.251433 0.155918 0.000010 0.156838 0.017293 0.000010 0.000010 0.290240 0.128247
0.202425 0.035077 0.022753 0.000010 0.091947 0.000010 0.035714 0.568900 0.043163
0.254388 0.054237 0.037038 0.014172 0.000010 0.060986 0.160090 0.417143 0.001936
0.309270 0.010237 0.044668 0.028792 0.125040 0.000010 0.111062 0.370912 0.000010
0.035756 0.095843 0.126130 0.000010 0.000010 0.000010 0.173593 0.522499 0.046148
0.241111 0.000013 0.000010 0.090136 0.000010 0.000010 0.302929 0.365772 0.000010
0.192577 0.081853 0.000010 0.000010 0.000012 0.000010 0.198060 0.527458 0.000010
0.091904 0.000010 0.237700 0.160801 0.130097 0.000010 0.073824 0.305644 0.000010
0.058306 0.017562 0.000010 0.047278 0.000010 0.005754 0.349274 0.515575 0.006231
0.100174 0.000010 0.209943 0.284976 0.000010 0.000010 0.188700 0.216167 0.000010
0.268128 0.007680 0.000010 0.000010 0.000010 0.000010 0.333492 0.390650 0.000010
0.175264 0.000010 0.057077 0.103483 0.086782 0.000010 0.101299 0.475880 0.000194
0.109590 0.028725 0.217880 0.000010 0.000011 0.000010 0.159009 0.484757 0.000010
0.315799 0.088439 0.000010 0.000010 0.000010 0.003370 0.180638 0.404172 0.007552
0.114798 0.000011 0.026832 0.192572 0.077812 0.000010 0.041045 0.546911 0.000010
0.000010 0.000010 0.141152 0.464945 0.124411 0.000010 0.066357 0.203095 0.000010
0.229300 0.006919 0.210962 0.053606 0.000010 0.000011 0.269220 0.229961 0.000010
0.256854 0.032695 0.064847 0.024922 0.000010 0.000010 0.028818 0.591835 0.000010
0.263348 0.140069 0.037470 0.001938 0.002888 0.000010 0.057663 0.496604 0.000010
0.336554 0.000010 0.000010 0.003449 0.012464 0.000010 0.102807 0.544686 0.000010
0.133690 0.000010 0.095082 0.113916 0.000013 0.000010 0.222681 0.434588 0.000010
0.248129 0.000010 0.000010 0.131565 0.087663 0.000010 0.155562 0.377041 0.000010
0.015915 0.000010 0.000010 0.272763 0.062300 0.013713 0.250513 0.384766 0.000010
0.062502 0.000010 0.030814 0.252911 0.060650 0.000010 0.152803 0.440291 0.000010
0.141756 0.014647 0.024044 0.189798 0.062397 0.000010 0.221730 0.345608 0.000010
0.086392 0.000010 0.174463 0.162957 0.148580 0.000010 0.089516 0.338062 0.000010
0.241642 0.000010 0.016366 0.160766 0.000010 0.000010 0.226190 0.354994 0.000010
0.000010 0.000010 0.000010 0.000010 0.049809 0.521294 0.015734 0.000010 0.413114
0.000010 0.006955 0.000010 0.000010 0.072440 0.404299 0.000013 0.000010 0.516253
0.000010 0.016868 0.000011 0.000010 0.003696 0.367894 0.005370 0.000010 0.606132
0.000010 0.008683 0.000014 0.000020 0.027287 0.401914 0.000013 0.000010 0.562050
0.000016 0.035611 0.029552 0.000010 0.000019 0.197064 0.000010 0.000010 0.737708
0.000010 0.000010 0.000020 0.052096 0.018021 0.403957 0.015948 0.000010 0.509929
0.000010 0.000010 0.020896 0.022557 0.000010 0.339167 0.000010 0.000010 0.617330
0.000010 0.000011 0.000010 0.000010 0.000010 0.466178 0.048221 0.026726 0.458824
0.000018 0.000010 0.005860 0.008604 0.039817 0.246128 0.000019 0.000010 0.699534
0.000010 0.000010 0.000010 0.000010 0.000010 0.316655 0.000010 0.000010 0.683275
0.000010 0.032800 0.073104 0.000010 0.065710 0.261185 0.000010 0.000010 0.567161
0.023299 0.011182 0.000010 0.000010 0.000010 0.463900 0.000010 0.000010 0.501570
0.025860 0.000010 0.000010 0.000010 0.010461 0.404644 0.000010 0.000010 0.558985
0.000010 0.071238 0.000010 0.000010 0.000010 0.334519 0.000010 0.047425 0.546768
0.000010 0.000010 0.026164 0.000010 0.000010 0.215507 0.000010 0.000010 0.758268
0.000010 0.056714 0.000010 0.000010 0.053194 0.518391 0.000015 0.000010 0.371646
0.000010 0.019128 0.000010 0.000010 0.000010 0.225279 0.000010 0.054131 0.701412
0.000010 0.010421 0.000010 0.000010 0.013321 0.456004 0.000010 0.023678 0.496536
0.000010 0.000010 0.000010 0.000010 0.000010 0.344143 0.000010 0.011632 0.644165
0.000010 0.006928 0.005965 0.000010 0.000010 0.325228 0.000010 0.000010 0.661829
0.000010 0.029283 0.000010 0.000010 0.028235 0.390071 0.000010 0.061232 0.491139
0.030658 0.000012 0.000010 0.000010 0.000010 0.499489 0.000010 0.000010 0.469791
0.000010 0.000010 0.019536 0.000010 0.074170 0.135883 0.000010 0.000010 0.770361
0.000010 0.000013 0.000010 0.000010 0.008303 0.453812 0.000010 0.000010 0.537822
0.000010 0.000010 0.000010 0.000010 0.000010 0.257775 0.017547 0.000010 0.724618
0.000010 0.000010 0.014428 0.030121 0.005058 0.572214 0.000010 0.008649 0.369501
0.000010 0.038496 0.000010 0.000010 0.013121 0.467330 0.000010 0.000010 0.481003
0.000010 0.004880 0.000010 0.000010 0.019508 0.446521 0.000010 0.000010 0.529042
0.000010 0.000010 0.000010 0.000010 0.737829 0.009237 0.252873 0.000010 0.000010
0.313722 0.059509 0.000010 0.414425 0.000010 0.000010 0.000010 0.179102 0.033203
0.705960 0.000010 0.025190 0.206345 0.000017 0.000010 0.008066 0.054392 0.000010
0.493569 0.000010 0.000010 0.445817 0.003836 0.000010 0.023568 0.033171 0.000010
0.413047 0.000010 0.006917 0.316982 0.000010 0.000010 0.000010 0.263004 0.000010
0.229332 0.000010 0.237736 0.511097 0.000010 0.009536 0.000014 0.012256 0.000010
0.518080 0.106713 0.000010 0.199322 0.000010 0.081465 0.000010 0.094380 0.000010
0.590266 0.068972 0.000010 0.288518 0.000010 0.000010 0.027516 0.024687 0.000010
0.341836 0.000010 0.000010 0.232543 0.000010 0.000010 0.118005 0.307566 0.000010
0.188790 0.047680 0.000010 0.477665 0.091513 0.000010 0.000010 0.194312 0.000010
0.461247 0.000013 0.000010 0.455797 0.000020 0.000010 0.000010 0.009491 0.073402
0.497942 0.000012 0.076099 0.226539 0.000010 0.033370 0.000010 0.166009 0.000010
0.437061 0.087052 0.000010 0.424596 0.019654 0.000010 0.000011 0.031595 0.000010
0.649809 0.000010 0.000010 0.137396 0.000010 0.034352 0.000010 0.178393 0.000010
0.410829 0.058750 0.043087 0.388444 0.077805 0.011239 0.000010 0.007921 0.001916
0.424491 0.000010 0.000010 0.463566 0.000010 0.000010 0.000010 0.111884 0.000010
0.400871 0.028606 0.000010 0.365303 0.000010 0.000010 0.000010 0.152072 0.053107
0.416757 0.000010 0.015251 0.302014 0.027539 0.048224 0.015101 0.175094 0.000010
0.296124 0.000010 0.000010 0.274292 0.000010 0.000010 0.220151 0.209383 0.000010
0.408784 0.000010 0.083049 0.339562 0.120123 0.042600 0.000010 0.001056 0.004806
0.409734 0.000010 0.000010 0.279290 0.000010 0.000010 0.042228 0.194822 0.073886
0.161156 0.000010 0.099463 0.540579 0.000010 0.000010 0.045359 0.153403 0.000010
0.300427 0.014222 0.083440 0.341858 0.000010 0.000010 0.037417 0.222606 0.000010
0.407040 0.000014 0.000010 0.343033 0.000010 0.036680 0.000010 0.213192 0.000010
0.424994 0.000012 0.000010 0.424904 0.000012 0.020561 0.000010 0.000010 0.129487
0.226748 0.000010 0.011227 0.505267 0.000010 0.000010 0.009578 0.135592 0.111558
0.522735 0.016748 0.000010 0.287783 0.000010 0.021151 0.000010 0.151542 0.000010
0.305137 0.036883 0.000010 0.445079 0.057199 0.000010 0.025954 0.064251 0.065477
0.218495 0.000010 0.167733 0.464365 0.000010 0.000010 0.113419 0.035949 0.000010
0.000010 0.035154 0.000010 0.000010 0.964776 0.000010 0.000010 0.000010 0.000010
0.000010 0.052201 0.000010 0.000010 0.914725 0.000010 0.000010 0.018011 0.015013
0.000010 0.000010 0.000010 0.000010 0.867906 0.059608 0.000010 0.072426 0.000010
0.000010 0.015026 0.000010 0.003744 0.981169 0.000010 0.000010 0.000010 0.000010
0.051860 0.001843 0.149754 0.000010 0.767172 0.000010 0.000010 0.000010 0.029330
0.000010 0.000012 0.000010 0.000010 0.958470 0.000010 0.000010 0.041458 0.000010
0.000010 0.032852 0.000010 0.000010 0.896403 0.000010 0.010608 0.060087 0.000010
0.000010 0.000010 0.000010 0.000010 0.999919 0.000010 0.000011 0.000010 0.000010
0.000010 0.000017 0.000010 0.000015 0.997709 0.000010 0.000010 0.002209 0.000010
0.000010 0.016424 0.026767 0.000010 0.930325 0.002135 0.000010 0.024309 0.000010
0.000010 0.000010 0.000012 0.000010 0.974612 0.000010 0.000012 0.025314 0.000010
0.000010 0.000010 0.000010 0.000010 0.994504 0.000010 0.000010 0.005425 0.000010
0.000010 0.000010 0.012804 0.031219 0.955917 0.000010 0.000010 0.000010 0.000010
0.000020 0.000010 0.000010 0.000010 0.884761 0.040467 0.074702 0.000010 0.000010
0.000010 0.000012 0.029714 0.000015 0.970204 0.000010 0.000016 0.000010 0.000010
0.000014 0.000010 0.000011 0.000010 0.989215 0.000010 0.000010 0.010711 0.000010
0.000010 0.000010 0.000010 0.024700 0.975230 0.000010 0.000010 0.000010 0.000010
0.487661 0.000010 0.046414 0.000010 0.000010 0.000010 0.007773 0.378849 0.079262
0.528906 0.000013 0.081567 0.000010 0.003143 0.022440 0.000011 0.363900 0.000010
0.449367 0.000015 0.000010 0.228941 0.000012 0.000010 0.000010 0.321624 0.000010
0.298312 0.000010 0.037732 0.196474 0.112308 0.000010 0.008570 0.346574 0.000010
0.525460 0.000010 0.000010 0.000010 0.000010 0.000010 0.024983 0.449496 0.000010
0.494045 0.000012 0.000010 0.209900 0.000012 0.018502 0.000010 0.277499 0.000010
0.536692 0.000010 0.040938 0.074573 0.000011 0.000010 0.000012 0.347745 0.000010
0.832526 0.000010 0.000010 0.000013 0.016615 0.000010 0.000010 0.150796 0.000010
0.608538 0.000010 0.000010 0.131459 0.000010 0.024392 0.014236 0.221334 0.000010
0.665625 0.000010 0.000010 0.000010 0.000010 0.000010 0.000593 0.333722 0.000010
0.602321 0.000010 0.130743 0.000010 0.063324 0.000010 0.000010 0.139105 0.064467
0.592498 0.000010 0.000014 0.000010 0.000010 0.000010 0.000010 0.400310 0.007128
0.422638 0.000010 0.000010 0.273776 0.014692 0.000010 0.000010 0.288844 0.000010
0.390371 0.000010 0.006017 0.346439 0.000010 0.000010 0.000010 0.215541 0.041592
0.437537 0.000010 0.030978 0.174484 0.000010 0.000010 0.061456 0.295505 0.000010
0.549768 0.000010 0.000010 0.096333 0.073711 0.000010 0.027298 0.196727 0.056133
0.603212 0.000010 0.000010 0.098839 0.000010 0.000010 0.000010 0.297888 0.000010
0.317782 0.000010 0.015054 0.178549 0.051573 0.000010 0.000010 0.362777 0.074235
0.525014 0.000010 0.000010 0.000010 0.000010 0.060222 0.115384 0.299330 0.000010
0.585040 0.000010 0.075777 0.102410 0.000010 0.000010 0.015165 0.211405 0.010172
0.288327 0.000010 0.000010 0.198118 0.000010 0.000010 0.059235 0.454270 0.000010
0.619718 0.000010 0.000010 0.042364 0.000010 0.000010 0.000010 0.337858 0.000010
0.511356 0.031002 0.083356 0.123547 0.100424 0.069972 0.015261 0.065071 0.000010
0.629244 0.000010 0.082495 0.010114 0.000012 0.012885 0.000010 0.237522 0.027708
0.305369 0.000010 0.068058 0.186339 0.061704 0.034542 0.002997 0.340971 0.000010
0.376669 0.000010 0.000010 0.281848 0.000017 0.005847 0.000010 0.335579 0.000010
0.605679 0.000013 0.000010 0.000011 0.000012 0.000010 0.000011 0.394243 0.000010
0.639681 0.000010 0.035729 0.233007 0.000010 0.000010 0.000010 0.064197 0.027345
0.543346 0.000010 0.000010 0.126477 0.039463 0.000010 0.000010 0.267536 0.023138
0.560061 0.011177 0.000010 0.000010 0.056672 0.000010 0.000010 0.351436 0.020615
0.704311 0.024047 0.022032 0.000017 0.000011 0.000010 0.000010 0.200453 0.049109
0.648596 0.000010 0.000010 0.073853 0.000015 0.019938 0.000010 0.257559 0.000010
0.632862 0.012164 0.000010 0.010203 0.073451 0.012482 0.000010 0.258808 0.000010
0.751201 0.000010 0.000010 0.000010 0.000010 0.000010 0.000010 0.248729 0.000010
0.612845 0.049674 0.000010 0.104232 0.098766 0.006361 0.000012 0.128090 0.000010
0.517516 0.000010 0.000010 0.308301 0.063327 0.067225 0.000010 0.020089 0.023513
0.541334 0.000011 0.000010 0.294977 0.000010 0.034909 0.091672 0.037067 0.000010
0.511832 0.010551 0.000010 0.290622 0.074338 0.000010 0.000010 0.112617 0.000010
0.417042 0.000010 0.000010 0.000010 0.159820 0.000010 0.165389 0.209598 0.048111
0.591817 0.000010 0.009126 0.000013 0.000010 0.014283 0.000010 0.381297 0.003435
0.633242 0.000010 0.000010 0.097820 0.164089 0.000010 0.000010 0.068834 0.035975
0.624512 0.000016 0.000010 0.183975 0.073645 0.020839 0.000010 0.093458 0.003534
0.585346 0.000010 0.034105 0.029983 0.110628 0.047671 0.046236 0.146011 0.000010
0.591083 0.000010 0.003565 0.050602 0.000010 0.044440 0.000010 0.170944 0.139336
0.699453 0.000010 0.044755 0.000010 0.045492 0.000010 0.000010 0.030550 0.179710
0.498132 0.000010 0.092036 0.000010 0.060615 0.008900 0.000010 0.000785 0.339501
0.537157 0.000010 0.113296 0.079700 0.030984 0.000010 0.000010 0.130078 0.108755
0.532642 0.058733 0.000015 0.043024 0.000010 0.000010 0.000013 0.365543 0.000010
0.604379 0.078565 0.000010 0.113557 0.081506 0.000010 0.000010 0.116282 0.005682
0.661584 0.094788 0.000010 0.025476 0.000010 0.000010 0.000010 0.127525 0.090587
0.655961 0.112657 0.000010 0.000010 0.000012 0.017024 0.000010 0.210851 0.003465
0.554444 0.000010 0.000010 0.219111 0.000010 0.014165 0.000010 0.207625 0.004615
0.625392 0.067082 0.009255 0.167584 0.082366 0.017648 0.000010 0.000010 0.030655
0.535121 0.026194 0.000010 0.000010 0.000010 0.000012 0.000010 0.202268 0.236365
0.337339 0.008011 0.025219 0.086257 0.000010 0.000010 0.056711 0.317491 0.168953
0.069344 0.000010 0.000010 0.000010 0.059848 0.000010 0.074390 0.129186 0.667191
0.578650 0.000013 0.000015 0.000010 0.065561 0.000010 0.000010 0.305796 0.049935
0.755984 0.000011 0.000010 0.000017 0.000010 0.000010 0.011586 0.097277 0.135096
0.471832 0.006921 0.000010 0.032780 0.000012 0.000010 0.000010 0.283654 0.204771
0.481750 0.000010 0.000010 0.086842 0.000010 0.000010 0.006496 0.317261 0.107611
0.673765 0.000010 0.000010 0.110053 0.000010 0.000010 0.000010 0.203779 0.012353
0.364390 0.088971 0.000010 0.101218 0.035358 0.133739 0.000010 0.077642 0.198662
0.607829 0.000010 0.025402 0.146802 0.064943 0.003076 0.000010 0.151918 0.000010
0.580385 0.000010 0.000010 0.030860 0.066528 0.000010 0.000010 0.251589 0.070597
0.629729 0.000010 0.000010 0.162946 0.000010 0.043201 0.000010 0.071963 0.092121
0.551383 0.050505 0.000013 0.009845 0.000010 0.000010 0.082705 0.117739 0.187791
0.469827 0.000010 0.000010 0.000010 0.000010 0.002051 0.000010 0.151970 0.376101
0.554828 0.075689 0.000010 0.018351 0.024917 0.000010 0.000010 0.326176 0.000010
0.620283 0.026816 0.174791 0.000010 0.000010 0.083823 0.008976 0.085280 0.000010
0.578668 0.000010 0.000010 0.000015 0.038955 0.000010 0.000010 0.076974 0.305349
0.346816 0.064545 0.000010 0.036587 0.057181 0.032233 0.001192 0.352336 0.109099
0.538676 0.055111 0.005669 0.142222 0.023014 0.002499 0.045280 0.073668 0.113861
0.562347 0.000010 0.045199 0.000010 0.053673 0.077403 0.000010 0.261337 0.000010
0.589953 0.000010 0.044044 0.007272 0.000010 0.000010 0.051340 0.003518 0.303843
0.636460 0.000011 0.000010 0.000017 0.059593 0.078245 0.000010 0.209398 0.016258
0.839699 0.000010 0.000010 0.000010 0.000012 0.000011 0.000010 0.160228 0.000010
0.704258 0.021057 0.000010 0.047520 0.033419 0.000010 0.001517 0.099085 0.093125
0.452256 0.000010 0.000010 0.085363 0.031193 0.000010 0.000010 0.141631 0.289517
0.744998 0.000010 0.000015 0.000016 0.000010 0.000010 0.000010 0.177699 0.077232
0.602184 0.000010 0.108380 0.032727 0.082700 0.023626 0.000010 0.088221 0.062142
0.575344 0.000010 0.010014 0.000010 0.000010 0.000013 0.000010 0.291008 0.123581
0.503153 0.000010 0.000010 0.293225 0.047972 0.034803 0.010831 0.109986 0.000010
0.526839 0.035349 0.000010 0.265744 0.017450 0.000010 0.000010 0.118587 0.036000
0.593700 0.039530 0.080747 0.000010 0.053727 0.044528 0.000015 0.187732 0.000010
0.480376 0.000010 0.008747 0.000010 0.000010 0.030807 0.000010 0.314258 0.165772
0.389977 0.000010 0.000010 0.218045 0.022548 0.034479 0.040323 0.294599 0.000010
0.651927 0.000010 0.000010 0.029538 0.000010 0.030315 0.000010 0.288170 0.000010
0.000010 0.000010 0.000010 0.000010 0.831093 0.000010 0.168837 0.000010 0.000010
0.000010 0.000010 0.000010 0.000010 0.842699 0.000010 0.111522 0.045719 0.000010
0.000010 0.000010 0.000010 0.000010 0.925113 0.000010 0.049900 0.024926 0.000010
0.000010 0.000010 0.088327 0.003935 0.611516 0.000010 0.273947 0.022234 0.000010
0.000016 0.000010 0.000010 0.000011 0.754078 0.059343 0.186513 0.000010 0.000010
0.000013 0.005987 0.000010 0.023391 0.633020 0.048459 0.289101 0.000010 0.000010
0.000010 0.000010 0.000010 0.000010 0.879028 0.000010 0.094683 0.026229 0.000010
0.573401 0.000010 0.008036 0.264193 0.000648 0.000010 0.000011 0.153680 0.000010
0.466019 0.056042 0.049896 0.129017 0.067863 0.000010 0.000010 0.231134 0.000010
0.701799 0.020912 0.000010 0.165121 0.000010 0.009102 0.000010 0.103026 0.000010
0.734051 0.000010 0.000010 0.158110 0.000010 0.000010 0.000010 0.033686 0.074104
0.816904 0.000010 0.000010 0.057399 0.004282 0.000010 0.000010 0.109867 0.011509
0.594617 0.000010 0.059503 0.186171 0.052386 0.021378 0.033673 0.052251 0.000010
0.466357 0.093265 0.032958 0.283384 0.027113 0.020953 0.000010 0.075950 0.000010
0.547257 0.000010 0.000010 0.391550 0.038908 0.000010 0.000010 0.022235 0.000010
0.536987 0.022065 0.000010 0.263495 0.000010 0.057797 0.000010 0.094994 0.024631
0.490150 0.000010 0.073343 0.310392 0.000010 0.000010 0.000010 0.123625 0.002449
0.591657 0.073467 0.018281 0.121695 0.000010 0.003825 0.070477 0.120578 0.000010
0.611699 0.013904 0.012887 0.052408 0.000010 0.000010 0.041497 0.257307 0.010277
0.699629 0.000010 0.000010 0.059796 0.084192 0.000010 0.022185 0.134158 0.000010
0.616088 0.000010 0.020801 0.179612 0.000010 0.000010 0.000010 0.183449 0.000010
0.580130 0.000010 0.000010 0.190031 0.000013 0.000010 0.000010 0.200909 0.028877
0.621794 0.000010 0.000010 0.000015 0.006336 0.000010 0.032158 0.168218 0.171448
0.525876 0.009943 0.000010 0.005699 0.009586 0.000010 0.000010 0.178952 0.269913
0.502404 0.000011 0.108842 0.000013 0.035587 0.000010 0.146377 0.157975 0.048782
0.535076 0.000010 0.060785 0.096844 0.000016 0.000010 0.000010 0.237121 0.070128
0.529842 0.050961 0.000010 0.000010 0.000010 0.029975 0.030394 0.045200 0.313598
0.213006 0.000010 0.160406 0.200202 0.061320 0.042435 0.000010 0.182115 0.140497
0.533846 0.000010 0.000010 0.095090 0.000012 0.000010 0.000010 0.288078 0.082934
0.496927 0.038555 0.000010 0.234831 0.151586 0.000010 0.007913 0.052708 0.017461
0.522905 0.000010 0.087051 0.000010 0.000011 0.000010 0.000010 0.284421 0.105572
0.382714 0.077805 0.086432 0.000010 0.000010 0.050626 0.092157 0.226013 0.084232
0.407386 0.000010 0.000010 0.031864 0.177253 0.051044 0.058868 0.185823 0.087742
0.530391 0.000010 0.135429 0.068834 0.000010 0.000010 0.000010 0.265296 0.000010
0.761024 0.000010 0.000010 0.121788 0.000010 0.000010 0.046595 0.061047 0.009505
0.651413 0.000010 0.000010 0.000010 0.049562 0.000010 0.027308 0.266683 0.004993
0.311879 0.104526 0.036254 0.205704 0.040331 0.000010 0.000010 0.256125 0.045161
0.681574 0.017730 0.000010 0.073276 0.041687 0.000010 0.001215 0.184488 0.000010
0.451215 0.000010 0.005577 0.259434 0.000010 0.039650 0.000010 0.244084 0.000010
0.343661 0.000010 0.000010 0.227717 0.000010 0.011736 0.012111 0.229826 0.174917
0.445275 0.000010 0.045515 0.245570 0.000011 0.056565 0.000010 0.135017 0.072028
0.543700 0.080817 0.009455 0.000010 0.000010 0.000010 0.000010 0.261954 0.104034
0.000010 0.937428 0.007610 0.000010 0.000010 0.054902 0.000010 0.000010 0.000010
0.000010 0.955430 0.044500 0.000010 0.000010 0.000010 0.000010 0.000010 0.000010
0.000010 0.873195 0.000010 0.000010 0.000010 0.000012 0.000011 0.126731 0.000010
0.000010 0.930683 0.000010 0.038728 0.000010 0.005227 0.000010 0.025311 0.000010
0.019770 0.000010 0.410878 0.093959 0.000013 0.000010 0.414203 0.061147 0.000010
0.032993 0.000010 0.486120 0.000010 0.000012 0.000010 0.460246 0.000010 0.020588
0.056653 0.198453 0.208883 0.044079 0.000010 0.015299 0.180348 0.296266 0.000010
0.014839 0.000010 0.462964 0.063127 0.000010 0.020177 0.363396 0.075468 0.000010
0.000010 0.000010 0.360098 0.000010 0.084639 0.003523 0.393501 0.158200 0.000010
0.000010 0.083009 0.464345 0.019114 0.067138 0.024820 0.333573 0.000010 0.007981
0.000010 0.078758 0.284727 0.000010 0.028816 0.020654 0.437473 0.149542 0.000010
0.137297 0.000010 0.440353 0.000010 0.000012 0.000010 0.268411 0.137272 0.016625
0.001445 0.000015 0.698209 0.000010 0.010074 0.010208 0.250213 0.028571 0.001255
0.116217 0.000010 0.584899 0.000010 0.000012 0.055174 0.108270 0.135398 0.000010
0.552981 0.031670 0.000010 0.000015 0.050495 0.000010 0.000010 0.330315 0.034495
0.455029 0.000010 0.000010 0.009608 0.029050 0.010039 0.000010 0.376188 0.120056
0.590549 0.028427 0.000010 0.074020 0.000010 0.000010 0.090451 0.216512 0.000010
0.733004 0.082979 0.000010 0.042363 0.000011 0.012608 0.000010 0.129004 0.000010
0.420333 0.005357 0.000010 0.242443 0.000010 0.000010 0.033202 0.169751 0.128883
0.409841 0.055217 0.010416 0.268867 0.000010 0.019325 0.020620 0.215694 0.000010
0.482806 0.037861 0.057545 0.072379 0.133131 0.000010 0.009421 0.206836 0.000010
0.562808 0.000010 0.057150 0.000010 0.000010 0.095467 0.000010 0.284525 0.000010
0.602088 0.000010 0.000010 0.083613 0.126100 0.000010 0.000010 0.095968 0.092191
0.676212 0.040999 0.000010 0.119203 0.030824 0.060026 0.072706 0.000010 0.000010
0.625285 0.003797 0.068885 0.042815 0.038110 0.000010 0.016236 0.140150 0.064712
0.578601 0.036368 0.000010 0.104650 0.000010 0.000010 0.000010 0.146266 0.134075
0.656711 0.000010 0.026927 0.114823 0.028818 0.028666 0.009640 0.134396 0.000010
0.553779 0.073972 0.000010 0.207189 0.000010 0.040580 0.048361 0.054216 0.021883
0.657036 0.094304 0.002049 0.000010 0.000010 0.018192 0.059469 0.168920 0.000010
0.541271 0.000010 0.040710 0.028801 0.000010 0.058246 0.000010 0.104896 0.226047
0.351293 0.000011 0.010495 0.109806 0.000010 0.033076 0.017278 0.161616 0.316415
0.448893 0.093226 0.000010 0.335128 0.000010 0.000010 0.000010 0.122703 0.000010
0.456778 0.000010 0.036822 0.220829 0.000011 0.000010 0.000010 0.285519 0.000010
0.455391 0.000010 0.057221 0.099381 0.000010 0.052485 0.145689 0.189802 0.000010
0.604435 0.025172 0.066640 0.022838 0.040440 0.000010 0.000010 0.240445 0.000010
0.000010 0.000018 0.802460 0.000010 0.045158 0.000010 0.152313 0.000010 0.000010
0.038324 0.076394 0.538093 0.018958 0.000019 0.000017 0.328172 0.000012 0.000010
0.000010 0.030013 0.857426 0.000010 0.000010 0.000010 0.112501 0.000010 0.000010
0.110149 0.065573 0.549779 0.000010 0.000010 0.000010 0.274449 0.000010 0.000010
0.000010 0.005048 0.673811 0.000010 0.108683 0.000010 0.212408 0.000010 0.000010
0.000010 0.000010 0.708663 0.000010 0.000010 0.000010 0.291267 0.000010 0.000010
0.011992 0.092926 0.587781 0.000010 0.000784 0.000010 0.216196 0.068463 0.021837
0.000010 0.082327 0.675462 0.000010 0.000016 0.022382 0.219769 0.000014 0.000010
0.000010 0.000243 0.558679 0.000010 0.055805 0.000010 0.385223 0.000010 0.000010
0.010928 0.129601 0.560934 0.025013 0.002684 0.026152 0.208594 0.036085 0.000010
0.000010 0.000010 0.718431 0.000014 0.000013 0.000010 0.164018 0.072940 0.044555
0.000010 0.006617 0.758420 0.000010 0.000013 0.000010 0.165956 0.068955 0.000010
0.000010 0.007653 0.663601 0.000010 0.000013 0.112237 0.216457 0.000010 0.000010
0.000010 0.000010 0.621731 0.000010 0.139586 0.031690 0.206943 0.000010 0.000010
0.000010 0.041657 0.581504 0.000010 0.000010 0.000010 0.300098 0.076691 0.000010
0.000010 0.038985 0.707228 0.000010 0.000010 0.049780 0.203957 0.000010 0.000010
0.000010 0.000011 0.720908 0.000010 0.000010 0.000010 0.196274 0.044582 0.038184
0.049538 0.031659 0.635152 0.000010 0.000010 0.000010 0.188219 0.095391 0.000010
0.000010 0.000013 0.768943 0.000010 0.000012 0.000012 0.230980 0.000010 0.000010
0.000010 0.158221 0.603981 0.000010 0.000010 0.000010 0.182563 0.016299 0.038895
0.000010 0.000010 0.605239 0.000010 0.107146 0.000010 0.242357 0.045208 0.000010
0.000010 0.050745 0.599959 0.000010 0.049266 0.000010 0.292949 0.000010 0.007041
0.000010 0.049376 0.707870 0.000010 0.000010 0.000010 0.242694 0.000010 0.000010
0.000010 0.106852 0.711357 0.000010 0.000010 0.000010 0.181728 0.000013 0.000010
0.000010 0.087462 0.670018 0.000010 0.000019 0.041417 0.201044 0.000010 0.000010
0.000010 0.000016 0.665183 0.000010 0.000010 0.000010 0.265939 0.068811 0.000010
0.000010 0.000010 0.668088 0.000010 0.000010 0.000010 0.331842 0.000010 0.000010
0.000010 0.077807 0.669092 0.000010 0.000010 0.000010 0.253041 0.000010 0.000010
0.000010 0.000010 0.403943 0.027416 0.106985 0.000010 0.405066 0.056551 0.000010
0.041625 0.069021 0.708861 0.000010 0.000013 0.000010 0.180440 0.000010 0.000010
0.000010 0.080553 0.626858 0.000010 0.000010 0.000010 0.292529 0.000010 0.000010
0.000010 0.000016 0.637636 0.000010 0.000010 0.000010 0.313928 0.000010 0.048369
0.000010 0.000010 0.560632 0.000010 0.115958 0.000010 0.323350 0.000010 0.000010
0.008562 0.000019 0.729416 0.000010 0.000013 0.000010 0.261951 0.000010 0.000010
0.016474 0.000010 0.533127 0.000010 0.112907 0.000010 0.273433 0.064019 0.000010
0.027652 0.130791 0.613983 0.000010 0.000010 0.000010 0.173144 0.054390 0.000010
0.000010 0.030301 0.561336 0.054822 0.000010 0.000010 0.307940 0.045562 0.000010
0.000010 0.000015 0.566228 0.000010 0.021918 0.000010 0.411790 0.000010 0.000010
0.000010 0.053719 0.671195 0.000010 0.000010 0.002367 0.272669 0.000010 0.000010
0.000010 0.000011 0.041064 0.000010 0.917975 0.000010 0.040900 0.000010 0.000010
0.000013 0.000010 0.000010 0.000010 0.834458 0.000010 0.137174 0.028306 0.000010
0.000010 0.000016 0.575924 0.000010 0.029811 0.000010 0.254151 0.140057 0.000010
0.000011 0.000010 0.592645 0.000010 0.072567 0.000010 0.307520 0.027217 0.000010
0.251738 0.000011 0.034523 0.409437 0.077545 0.000010 0.027782 0.198944 0.000010
0.352061 0.009163 0.000010 0.425476 0.060852 0.000010 0.000010 0.152408 0.000010
0.483281 0.034026 0.000010 0.352363 0.000010 0.002239 0.077450 0.050611 0.000010
0.316153 0.000012 0.018385 0.353433 0.000013 0.048822 0.000010 0.263162 0.000010
0.341696 0.033604 0.064211 0.347514 0.000010 0.018397 0.000010 0.194548 0.000010
0.227269 0.123693 0.000010 0.432120 0.000010 0.045488 0.000010 0.171389 0.000010
0.370814 0.059095 0.000010 0.362250 0.036402 0.000010 0.058177 0.113233 0.000010
0.245863 0.000010 0.096770 0.374036 0.000010 0.000010 0.000010 0.283281 0.000010
0.179845 0.000010 0.089062 0.440637 0.000010 0.032751 0.037750 0.219924 0.000010
0.425294 0.033550 0.000010 0.390831 0.000010 0.021670 0.000010 0.128616 0.000010
0.346659 0.008170 0.014769 0.470387 0.071199 0.000010 0.030279 0.058517 0.000010
0.345768 0.053611 0.067223 0.349620 0.000010 0.005083 0.000010 0.178665 0.000010
0.247382 0.115099 0.084970 0.459177 0.000010 0.000011 0.006057 0.087283 0.000010
0.000010 0.000010 0.700522 0.000010 0.039539 0.000010 0.259880 0.000010 0.000010
0.000013 0.000010 0.507936 0.000010 0.039615 0.000010 0.452386 0.000010 0.000010
0.000010 0.000015 0.621388 0.000010 0.104818 0.000010 0.273729 0.000010 0.000010
0.000010 0.000010 0.569890 0.000010 0.000010 0.000010 0.430040 0.000010 0.000010
0.000015 0.000010 0.667323 0.000010 0.002170 0.000012 0.330440 0.000010 0.000010
0.030912 0.046316 0.643296 0.000010 0.002912 0.000010 0.276517 0.000017 0.000010
0.000010 0.000012 0.567689 0.000010 0.000010 0.000010 0.432239 0.000010 0.000010
0.000010 0.036277 0.588228 0.000010 0.000010 0.000010 0.359151 0.016293 0.000010
0.000010 0.069137 0.520616 0.000010 0.000010 0.000010 0.410187 0.000010 0.000010
0.000141 0.000013 0.539217 0.000010 0.095958 0.000792 0.338978 0.013099 0.011792
0.000010 0.042873 0.670792 0.000010 0.060120 0.000010 0.226164 0.000010 0.000010
0.111510 0.027254 0.507796 0.000010 0.098194 0.000010 0.255206 0.000010 0.000010
