0.361480 0.000010 0.073024 0.000010 0.000010 0.000010 0.015798 0.488101 0.061557
0.402638 0.000010 0.001041 0.000010 0.000010 0.000010 0.132434 0.427857 0.035990
0.258009 0.000010 0.150209 0.088372 0.000010 0.000010 0.000010 0.503361 0.000010
0.399884 0.000010 0.125727 0.022817 0.000010 0.000010 0.054498 0.397034 0.000010
0.301178 0.002980 0.000010 0.035024 0.000010 0.039011 0.000010 0.621767 0.000010
0.018757 0.000010 0.054598 0.252981 0.000010 0.000010 0.000010 0.258281 0.415343
0.587336 0.000010 0.080163 0.000010 0.000010 0.000010 0.000010 0.332441 0.000010
0.289240 0.025912 0.000010 0.170246 0.006727 0.000010 0.025220 0.482625 0.000010
0.310591 0.000010 0.000010 0.000010 0.000010 0.032525 0.004837 0.642202 0.009804
0.434454 0.000010 0.000010 0.147972 0.000010 0.087382 0.050538 0.279615 0.000010
0.197233 0.000010 0.000010 0.000010 0.000010 0.075472 0.143916 0.579898 0.003441
0.180686 0.000010 0.015845 0.166356 0.064655 0.000010 0.062335 0.496852 0.013251
0.252483 0.084992 0.000010 0.112735 0.000010 0.004595 0.332517 0.212649 0.000010
0.175639 0.132925 0.000010 0.067857 0.034765 0.000010 0.129003 0.242721 0.217069
0.326541 0.009775 0.000010 0.050605 0.000010 0.000010 0.056959 0.525019 0.031072
0.217656 0.000010 0.043549 0.094645 0.070900 0.030729 0.073458 0.469043 0.000010
0.181152 0.000010 0.101241 0.083231 0.054935 0.000010 0.002222 0.506207 0.070993
0.121958 0.069918 0.000010 0.167411 0.000010 0.000010 0.101244 0.539428 0.000010
0.313473 0.000010 0.080285 0.179507 0.071540 0.019504 0.000010 0.335661 0.000010
0.332857 0.106433 0.016629 0.072940 0.003503 0.000010 0.000010 0.467609 0.000010
0.219820 0.000010 0.000010 0.069399 0.000010 0.063697 0.247199 0.399846 0.000010
0.455700 0.000010 0.062217 0.000010 0.000010 0.000010 0.163845 0.318188 0.000010
0.389190 0.000010 0.000010 0.000010 0.000010 0.114793 0.029324 0.375669 0.090985
0.394123 0.026607 0.018888 0.000010 0.042673 0.076123 0.000010 0.408950 0.032617
0.269102 0.037705 0.000010 0.174690 0.012353 0.000010 0.041280 0.464839 0.000010
0.506240 0.039171 0.000010 0.000010 0.000010 0.000010 0.070099 0.341537 0.042913
0.169195 0.000010 0.047087 0.041738 0.000010 0.027191 0.263681 0.451077 0.000010
0.345729 0.032315 0.000010 0.000010 0.000010 0.063627 0.098741 0.219442 0.240118
0.466785 0.000010 0.000010 0.000010 0.041708 0.000010 0.073460 0.417997 0.000010
0.155568 0.000010 0.000010 0.009696 0.033462 0.000010 0.151676 0.398692 0.250876
0.543879 0.008802 0.100222 0.025070 0.000010 0.000010 0.000010 0.321987 0.000010
0.158146 0.044941 0.000010 0.049395 0.000010 0.000010 0.197838 0.453820 0.095829
0.227851 0.143518 0.120682 0.000010 0.000010 0.026387 0.000010 0.481523 0.000010
0.367068 0.000010 0.000010 0.000010 0.039971 0.000010 0.022680 0.547477 0.022764
0.123548 0.027228 0.000010 0.000010 0.082366 0.000010 0.264097 0.502721 0.000010
0.074021 0.018642 0.000010 0.000010 0.000010 0.027463 0.186304 0.655918 0.037622
0.260771 0.000010 0.000010 0.000010 0.000010 0.000010 0.098509 0.640661 0.000010
0.177879 0.000010 0.000010 0.212801 0.068554 0.000010 0.000010 0.519303 0.021424
0.340998 0.042676 0.022682 0.040322 0.135142 0.000010 0.062258 0.284104 0.071808
0.317462 0.119182 0.176554 0.000010 0.000010 0.000010 0.000010 0.386752 0.000010
0.397602 0.000010 0.061197 0.000010 0.000010 0.000010 0.021210 0.402826 0.117125
0.343991 0.000010 0.027797 0.046907 0.000010 0.000010 0.000010 0.504705 0.076561
0.349039 0.177745 0.000010 0.143050 0.000010 0.000010 0.000010 0.330115 0.000010
0.381912 0.000010 0.000010 0.000010 0.000010 0.078458 0.064082 0.475498 0.000010
0.176948 0.130404 0.000010 0.154366 0.000010 0.000010 0.084666 0.403099 0.050488
0.328913 0.026331 0.236180 0.000010 0.070432 0.000010 0.000010 0.338103 0.000010
0.088947 0.000010 0.000010 0.320212 0.033530 0.176730 0.000010 0.362933 0.017619
0.416848 0.000010 0.000010 0.000010 0.006077 0.000010 0.048149 0.470580 0.058305
0.047577 0.100569 0.331659 0.000010 0.000010 0.000010 0.192662 0.327494 0.000010
0.109585 0.061669 0.523174 0.000010 0.000010 0.016656 0.129240 0.097861 0.061796
0.194907 0.000010 0.293294 0.110016 0.000010 0.000010 0.151766 0.138562 0.111426
0.262681 0.000010 0.260293 0.173017 0.000010 0.000010 0.058881 0.245088 0.000010
0.211775 0.000010 0.257742 0.037964 0.000010 0.000010 0.015605 0.331607 0.145277
0.178892 0.000010 0.261827 0.223202 0.001001 0.026026 0.145342 0.149450 0.014251
0.135314 0.075920 0.138316 0.151778 0.142566 0.054982 0.126219 0.174893 0.000010
0.117148 0.113518 0.339194 0.087857 0.081658 0.000010 0.063298 0.197308 0.000010
0.225574 0.000010 0.476389 0.000010 0.075422 0.000010 0.004684 0.217891 0.000010
0.191199 0.152988 0.364749 0.000010 0.138859 0.000010 0.152165 0.000010 0.000010
0.135517 0.000010 0.420219 0.000010 0.105420 0.000010 0.100691 0.238113 0.000010
0.170485 0.054792 0.465171 0.000010 0.133330 0.029925 0.074400 0.071876 0.000010
0.000010 0.189424 0.513050 0.130514 0.046880 0.000010 0.033913 0.086191 0.000010
0.213101 0.065556 0.276102 0.000010 0.069776 0.000010 0.053628 0.321808 0.000010
0.000010 0.000010 0.297129 0.141229 0.000010 0.000010 0.271481 0.259461 0.030660
0.274217 0.345982 0.249175 0.000010 0.000010 0.000010 0.000010 0.130577 0.000010
0.068460 0.035847 0.175176 0.127816 0.065264 0.043333 0.291340 0.153487 0.039277
0.205230 0.176217 0.359389 0.000010 0.045884 0.000010 0.058156 0.111751 0.043352
0.000010 0.212654 0.228777 0.160983 0.000010 0.075713 0.090189 0.231654 0.000010
0.010909 0.000010 0.580407 0.180483 0.000010 0.000010 0.019021 0.209139 0.000010
0.077986 0.055941 0.233491 0.324278 0.000010 0.000010 0.059626 0.219038 0.029619
0.372823 0.030955 0.000010 0.000010 0.000010 0.000010 0.124223 0.471948 0.000010
0.000010 0.049988 0.026341 0.000010 0.099213 0.168119 0.000010 0.017533 0.638777
0.382549 0.088255 0.006019 0.000010 0.096457 0.012948 0.127596 0.282925 0.003241
0.463299 0.000010 0.174056 0.000010 0.053493 0.000010 0.000010 0.157660 0.151453
0.423173 0.000010 0.091466 0.009798 0.000010 0.048607 0.016182 0.410743 0.000010
0.475884 0.018204 0.000010 0.109727 0.000010 0.000010 0.000010 0.396135 0.000010
0.458600 0.036250 0.080492 0.052871 0.000010 0.115433 0.021467 0.172177 0.062699
0.449990 0.094902 0.046634 0.015584 0.000010 0.000010 0.088707 0.304152 0.000010
0.206419 0.052247 0.000010 0.024820 0.070476 0.000010 0.213489 0.432519 0.000010
0.494031 0.000010 0.149766 0.003836 0.000010 0.000010 0.000010 0.337548 0.014779
0.362333 0.067267 0.000010 0.000010 0.036535 0.000010 0.105884 0.375300 0.052651
0.165792 0.061307 0.037668 0.000010 0.122730 0.000010 0.065879 0.474922 0.071682
0.441021 0.000010 0.000010 0.159038 0.000010 0.000010 0.144180 0.255711 0.000010
0.436389 0.053472 0.000010 0.071232 0.000010 0.000010 0.019718 0.330343 0.088816
0.553949 0.006882 0.071811 0.083766 0.109507 0.000010 0.001888 0.118520 0.053668
0.541519 0.103600 0.000010 0.058230 0.000010 0.061969 0.000010 0.234641 0.000010
0.236946 0.104846 0.000010 0.032619 0.026459 0.000010 0.000010 0.449825 0.149275
0.117665 0.000010 0.107050 0.000010 0.068864 0.000010 0.028936 0.551500 0.125954
0.370215 0.033880 0.034720 0.000010 0.016010 0.112751 0.152276 0.280128 0.000010
0.555277 0.000010 0.000010 0.032447 0.000010 0.000010 0.000010 0.412216 0.000010
0.411033 0.059863 0.000010 0.000010 0.062366 0.062537 0.000010 0.404162 0.000010
0.332706 0.073176 0.000010 0.000010 0.000010 0.000010 0.139972 0.454096 0.000010
0.459622 0.000010 0.005575 0.000010 0.035885 0.181985 0.029627 0.273374 0.013913
0.192829 0.000010 0.000010 0.228373 0.020263 0.000010 0.107523 0.441323 0.009659
0.368465 0.107879 0.023147 0.217117 0.000010 0.000010 0.000010 0.283352 0.000010
0.153271 0.000010 0.000010 0.176633 0.000010 0.110518 0.214049 0.287632 0.057868
0.077461 0.000010 0.000767 0.000010 0.088012 0.000010 0.198293 0.361224 0.274213
0.006242 0.057539 0.051558 0.131068 0.052076 0.066184 0.155670 0.361690 0.117974
0.448588 0.000010 0.000010 0.007407 0.000010 0.045126 0.081880 0.293563 0.123407
0.055454 0.041297 0.058367 0.109669 0.000010 0.038342 0.154818 0.542033 0.000010
0.048572 0.000010 0.000010 0.053052 0.109884 0.058259 0.152535 0.577667 0.000010
0.150213 0.000010 0.000010 0.000010 0.000010 0.000010 0.132553 0.478120 0.239064
0.315987 0.131343 0.008040 0.183875 0.000010 0.000010 0.049603 0.037883 0.273249
0.402703 0.000010 0.028400 0.000010 0.055690 0.000010 0.204279 0.273322 0.035576
0.154495 0.000010 0.050054 0.000010 0.000010 0.024048 0.100902 0.522487 0.147985
0.161783 0.000010 0.000010 0.242051 0.102350 0.000010 0.218517 0.275259 0.000010
0.000010 0.000010 0.000010 0.159396 0.049116 0.008069 0.133116 0.650262 0.000010
0.217102 0.120705 0.125226 0.230207 0.000010 0.014469 0.025203 0.267068 0.000010
0.056109 0.095024 0.000010 0.055800 0.053846 0.000010 0.264488 0.474704 0.000010
0.086820 0.080994 0.080691 0.205926 0.000010 0.000010 0.000010 0.545529 0.000010
0.223141 0.000010 0.000010 0.149449 0.021257 0.022395 0.233136 0.332265 0.018337
0.075177 0.043017 0.015804 0.016276 0.000010 0.016167 0.207906 0.625633 0.000010
0.327723 0.057327 0.041557 0.082622 0.004054 0.000010 0.197303 0.289394 0.000010
0.245633 0.000010 0.000010 0.107661 0.000010 0.000010 0.186715 0.459940 0.000010
0.029848 0.000010 0.038521 0.194158 0.004001 0.000010 0.266355 0.467088 0.000010
0.237879 0.000010 0.000010 0.062929 0.041375 0.114467 0.115374 0.427946 0.000010
0.215343 0.000010 0.049739 0.000010 0.000010 0.000010 0.203266 0.501245 0.030368
0.407728 0.061918 0.002744 0.000010 0.000010 0.000010 0.174821 0.319969 0.032789
0.329060 0.017964 0.008556 0.000010 0.005091 0.037759 0.142642 0.458908 0.000010
0.388577 0.000010 0.012124 0.172908 0.000010 0.037036 0.047185 0.342140 0.000010
0.000010 0.000010 0.102854 0.190145 0.119198 0.057018 0.196199 0.334555 0.000010
0.294246 0.000010 0.166136 0.033762 0.022918 0.000010 0.006778 0.472361 0.003779
0.002283 0.000010 0.146459 0.122738 0.000010 0.000010 0.169071 0.559410 0.000010
0.327496 0.000010 0.000010 0.251567 0.000010 0.000010 0.000010 0.411308 0.009579
0.449877 0.000010 0.016365 0.115175 0.000010 0.014072 0.052427 0.321726 0.030338
0.084503 0.124637 0.000010 0.223621 0.000010 0.079259 0.018734 0.469217 0.000010
0.139054 0.072208 0.000010 0.014796 0.000010 0.000010 0.166674 0.534271 0.072968
0.406001 0.000010 0.000010 0.000010 0.000010 0.000010 0.072804 0.494382 0.026762
0.064698 0.000010 0.000010 0.234622 0.038670 0.032900 0.263168 0.347926 0.017996
0.252540 0.000010 0.028846 0.022940 0.000010 0.000010 0.173519 0.435322 0.086804
0.202140 0.254375 0.000010 0.000010 0.070527 0.000010 0.200693 0.241266 0.030967
0.128778 0.000010 0.000010 0.083216 0.028834 0.000010 0.347807 0.411325 0.000010
0.183342 0.000010 0.085076 0.056898 0.086993 0.000010 0.233536 0.347256 0.006879
0.425409 0.030838 0.040194 0.000010 0.000010 0.075407 0.062785 0.344531 0.020816
0.235899 0.049208 0.000010 0.102708 0.014166 0.000010 0.130195 0.420469 0.047336
0.228634 0.004110 0.119677 0.024449 0.055360 0.000010 0.011502 0.538754 0.017504
0.147789 0.094315 0.000010 0.022770 0.111965 0.199722 0.004384 0.361158 0.057886
0.175463 0.000010 0.000010 0.083709 0.002831 0.002742 0.224826 0.510399 0.000010
0.374384 0.000010 0.000010 0.070999 0.000010 0.121093 0.046212 0.312244 0.075038
0.333286 0.000010 0.011894 0.100485 0.017984 0.002780 0.163600 0.369951 0.000010
0.367398 0.000010 0.000010 0.197235 0.013726 0.011583 0.104122 0.305906 0.000010
0.212491 0.000010 0.061217 0.113698 0.000010 0.017180 0.003295 0.446184 0.145914
0.418694 0.000010 0.088504 0.000953 0.036704 0.000010 0.000010 0.455105 0.000010
0.321131 0.069090 0.002429 0.000010 0.000010 0.000010 0.062934 0.544375 0.000010
0.184420 0.000010 0.000010 0.064520 0.036889 0.000010 0.114934 0.479966 0.119241
0.121432 0.000010 0.000010 0.000010 0.063445 0.000010 0.082758 0.691668 0.040657
0.171459 0.000010 0.031590 0.129982 0.000010 0.003559 0.133871 0.529509 0.000010
0.076831 0.000010 0.103337 0.233864 0.013697 0.000010 0.077773 0.413394 0.081085
0.453514 0.000010 0.075492 0.096200 0.000010 0.036963 0.000010 0.337791 0.000010
0.114001 0.000010 0.061429 0.198154 0.015148 0.000010 0.161114 0.420470 0.029664
0.209770 0.000010 0.047129 0.005975 0.155870 0.000010 0.052365 0.505777 0.023094
0.260298 0.107039 0.000010 0.000010 0.022731 0.000010 0.006913 0.602979 0.000010
0.151433 0.000010 0.067080 0.023211 0.000010 0.000010 0.091049 0.613264 0.053934
0.277097 0.000010 0.000010 0.000010 0.021263 0.000010 0.084213 0.577401 0.039986
0.173126 0.000010 0.030291 0.142214 0.026109 0.000010 0.060950 0.567280 0.000010
0.222721 0.000010 0.000010 0.159941 0.002346 0.000010 0.000010 0.614942 0.000010
0.200626 0.000010 0.021424 0.138522 0.052478 0.000010 0.000010 0.490013 0.096907
0.488360 0.000010 0.000010 0.000010 0.000010 0.000010 0.009644 0.501936 0.000010
0.293098 0.000010 0.125598 0.038316 0.001718 0.000010 0.041173 0.500067 0.000010
0.107610 0.073200 0.000010 0.299972 0.000010 0.000010 0.019106 0.500073 0.000010
0.138649 0.000010 0.146062 0.003009 0.015375 0.000010 0.000010 0.664128 0.032747
0.309055 0.000010 0.040532 0.000010 0.000010 0.107923 0.000010 0.542439 0.000010
0.194038 0.022434 0.000010 0.022919 0.001433 0.000010 0.000010 0.612022 0.147124
0.154784 0.108118 0.000010 0.049709 0.000010 0.000010 0.272384 0.344619 0.070355
0.000010 0.056311 0.194209 0.145123 0.042745 0.000010 0.152365 0.341097 0.068129
0.455988 0.000010 0.002100 0.000010 0.000010 0.000010 0.206028 0.335834 0.000010
0.149568 0.000010 0.267760 0.032889 0.000010 0.000010 0.121524 0.337463 0.090765
0.203877 0.000010 0.000010 0.037211 0.076088 0.082502 0.000010 0.550042 0.050249
0.084428 0.053460 0.176788 0.269168 0.018189 0.007457 0.020784 0.369716 0.000010
0.080892 0.000010 0.147468 0.056733 0.000010 0.000010 0.239719 0.475148 0.000010
0.257329 0.154167 0.030128 0.027751 0.000010 0.000010 0.110721 0.407922 0.011962
0.051977 0.021815 0.141924 0.170432 0.051472 0.059912 0.000010 0.502449 0.000010
0.218072 0.000010 0.071730 0.000010 0.095766 0.000010 0.046243 0.542810 0.025349
0.067671 0.141008 0.245389 0.094248 0.084253 0.000010 0.000010 0.367401 0.000010
0.233337 0.043265 0.156107 0.000010 0.000010 0.000010 0.195591 0.371660 0.000010
0.273470 0.036800 0.206911 0.102510 0.000010 0.000010 0.064939 0.315340 0.000010
0.011286 0.020783 0.188465 0.147207 0.017208 0.058351 0.031574 0.525118 0.000010
0.202476 0.000010 0.260097 0.015776 0.000010 0.000010 0.000010 0.521601 0.000010
0.253548 0.000010 0.203120 0.003705 0.000010 0.000010 0.130628 0.311534 0.097436
0.004750 0.000010 0.000010 0.085020 0.000010 0.035062 0.194462 0.680666 0.000010
0.282057 0.053969 0.207245 0.000010 0.000010 0.000010 0.000010 0.456679 0.000010
0.092790 0.020007 0.110098 0.000010 0.058620 0.059838 0.230430 0.265557 0.162651
0.164676 0.000010 0.126145 0.071237 0.000010 0.003568 0.300915 0.333430 0.000010
0.176835 0.158598 0.000010 0.068704 0.009584 0.082876 0.135988 0.339478 0.027927
0.105471 0.127858 0.168806 0.082157 0.004744 0.000603 0.223595 0.286756 0.000010
0.117765 0.000010 0.177664 0.256438 0.106856 0.000010 0.077927 0.263321 0.000010
0.215253 0.127163 0.112373 0.000010 0.032949 0.000010 0.000010 0.512222 0.000010
0.280472 0.067695 0.040410 0.003128 0.000010 0.000010 0.158636 0.449630 0.000010
0.021904 0.010637 0.000010 0.000010 0.000010 0.461898 0.000010 0.000010 0.505512
0.000010 0.004536 0.000010 0.000010 0.000010 0.585629 0.000010 0.000010 0.409775
0.000010 0.010350 0.000010 0.000010 0.019205 0.247618 0.011876 0.000010 0.710911
0.000010 0.035168 0.000010 0.000010 0.000010 0.345890 0.000010 0.000010 0.618882
0.000010 0.000010 0.000010 0.000010 0.000010 0.283414 0.008284 0.000010 0.708242
0.000010 0.056625 0.000010 0.000010 0.012772 0.220748 0.000010 0.000010 0.709805
0.000010 0.000277 0.000010 0.000010 0.000010 0.455731 0.000010 0.000010 0.543931
0.000010 0.026717 0.000010 0.000010 0.000010 0.315006 0.000010 0.000010 0.658217
0.000010 0.005535 0.000010 0.000010 0.000010 0.285168 0.000010 0.000010 0.709238
0.000010 0.043101 0.000010 0.000010 0.018834 0.430890 0.000010 0.000010 0.507124
0.000010 0.026414 0.000010 0.000010 0.000010 0.342562 0.025411 0.000010 0.605564
0.003580 0.000010 0.028180 0.000010 0.000010 0.329928 0.000010 0.037005 0.601267
0.000010 0.000010 0.000010 0.000010 0.000010 0.651282 0.000010 0.000010 0.348648
0.000010 0.025641 0.041671 0.000010 0.003963 0.638560 0.046865 0.000010 0.243271
0.000010 0.032493 0.000010 0.000010 0.062849 0.316266 0.000010 0.001391 0.586961
0.000010 0.050091 0.036358 0.000010 0.000010 0.265804 0.013654 0.000010 0.634054
0.000010 0.004386 0.000010 0.000010 0.003033 0.156427 0.000010 0.000010 0.836104
0.000010 0.040131 0.000010 0.000010 0.000010 0.525781 0.000010 0.000010 0.434028
0.000010 0.044513 0.000010 0.000010 0.024218 0.333733 0.008301 0.000010 0.589194
0.000010 0.000010 0.000010 0.000010 0.000010 0.143466 0.000010 0.000010 0.856464
0.000010 0.024007 0.032588 0.000010 0.000010 0.424821 0.000010 0.000010 0.518535
0.000010 0.018945 0.000010 0.000010 0.013096 0.381325 0.000010 0.000010 0.586583
0.022507 0.017404 0.000010 0.000010 0.000010 0.406246 0.000010 0.000010 0.553793
0.000010 0.010788 0.048176 0.000010 0.000010 0.568343 0.000010 0.000010 0.372644
0.000010 0.000010 0.000010 0.000010 0.000010 0.527395 0.000010 0.000010 0.472535
0.000010 0.049726 0.000010 0.025378 0.000010 0.638001 0.000010 0.000010 0.286845
0.000010 0.000010 0.027384 0.000010 0.000010 0.496040 0.000010 0.000010 0.476516
0.000010 0.043212 0.000010 0.000010 0.012013 0.130495 0.000010 0.000010 0.814230
0.000010 0.064649 0.060354 0.000010 0.841905 0.000010 0.033042 0.000010 0.000010
0.553718 0.000010 0.112420 0.094485 0.025971 0.000010 0.000010 0.213366 0.000010
0.573800 0.000010 0.000010 0.252896 0.000010 0.000010 0.054534 0.118721 0.000010
0.442783 0.079984 0.163182 0.222726 0.000010 0.016664 0.000010 0.000010 0.074631
0.381984 0.026897 0.000010 0.284527 0.000010 0.000010 0.003756 0.302796 0.000010
0.356844 0.001162 0.139866 0.228157 0.019441 0.000010 0.000010 0.254499 0.000010
0.446317 0.000010 0.000010 0.280519 0.000010 0.000010 0.007534 0.265581 0.000010
0.298134 0.074561 0.000010 0.329853 0.000010 0.000010 0.000010 0.172853 0.124559
0.253545 0.000010 0.000010 0.434793 0.021600 0.053194 0.051521 0.147329 0.037998
0.254748 0.000741 0.000010 0.492496 0.000010 0.000010 0.027489 0.224486 0.000010
0.447939 0.000010 0.000010 0.402494 0.000010 0.000010 0.060013 0.066775 0.022738
0.350024 0.085818 0.163192 0.291973 0.044178 0.005025 0.000010 0.000010 0.059769
0.619507 0.000010 0.000010 0.262680 0.002630 0.000010 0.088378 0.000010 0.026765
0.509471 0.000010 0.124846 0.238223 0.000010 0.000010 0.000010 0.127410 0.000010
0.563161 0.000010 0.046815 0.050165 0.000010 0.000010 0.000010 0.339808 0.000010
0.451827 0.208750 0.000010 0.137608 0.065909 0.000010 0.000010 0.093432 0.042444
0.255226 0.000010 0.000010 0.391132 0.000010 0.000010 0.000010 0.326721 0.026872
0.481314 0.080494 0.012248 0.188189 0.063069 0.047909 0.032977 0.064789 0.029012
0.111037 0.042909 0.000010 0.431321 0.000010 0.000010 0.112621 0.302071 0.000010
0.480567 0.000010 0.000010 0.355537 0.000010 0.000010 0.000010 0.104008 0.059839
0.453348 0.000010 0.000010 0.265874 0.019789 0.022374 0.025518 0.213066 0.000010
0.556444 0.000010 0.000010 0.210583 0.073922 0.013743 0.100328 0.044949 0.000010
0.336411 0.041481 0.065928 0.377720 0.000010 0.000010 0.000010 0.178420 0.000010
0.092261 0.000010 0.204278 0.510591 0.000010 0.000010 0.000010 0.192820 0.000010
0.431157 0.000010 0.000010 0.185034 0.074492 0.021199 0.023388 0.264701 0.000010
0.336532 0.000010 0.000010 0.238916 0.085603 0.000010 0.000010 0.338899 0.000010
0.339643 0.003535 0.111364 0.209198 0.000010 0.000010 0.165751 0.170479 0.000010
0.373164 0.059374 0.025854 0.091748 0.000010 0.000010 0.088120 0.361711 0.000010
0.628234 0.000010 0.000010 0.256422 0.000010 0.000010 0.000010 0.029793 0.085501
0.000010 0.052962 0.000010 0.000010 0.946968 0.000010 0.000010 0.000010 0.000010
0.000010 0.000010 0.000010 0.000010 0.907214 0.000010 0.092716 0.000010 0.000010
0.000010 0.069421 0.000010 0.000010 0.920689 0.000010 0.009831 0.000010 0.000010
0.000010 0.000010 0.000010 0.000010 0.936419 0.000010 0.063511 0.000010 0.000010
0.000010 0.000010 0.012438 0.000010 0.877750 0.000010 0.109752 0.000010 0.000010
0.000010 0.000010 0.000010 0.042942 0.905651 0.051347 0.000010 0.000010 0.000010
0.000010 0.000010 0.000010 0.000010 0.954000 0.000010 0.045930 0.000010 0.000010
0.000010 0.000010 0.000010 0.000010 0.983137 0.016793 0.000010 0.000010 0.000010
0.000010 0.000010 0.000010 0.000010 0.976101 0.000010 0.000010 0.023829 0.000010
0.036253 0.000010 0.000010 0.000010 0.955485 0.000010 0.000010 0.008203 0.000010
0.000010 0.009195 0.000010 0.000010 0.927191 0.000010 0.033023 0.030541 0.000010
0.000010 0.000010 0.000010 0.000010 0.962442 0.000010 0.019717 0.017781 0.000010
0.002563 0.000010 0.000010 0.000010 0.914995 0.000010 0.000010 0.082382 0.000010
0.000010 0.000010 0.000010 0.000010 0.922279 0.011108 0.000010 0.066554 0.000010
0.000010 0.071009 0.000010 0.000012 0.906852 0.000010 0.022077 0.000010 0.000010
0.000010 0.033216 0.000010 0.000010 0.946061 0.000010 0.012847 0.007825 0.000010
0.000010 0.091225 0.000010 0.000010 0.904406 0.000010 0.004309 0.000010 0.000010
0.609878 0.000010 0.000010 0.000010 0.000010 0.000010 0.051567 0.219815 0.118690
0.602133 0.000010 0.000010 0.000010 0.000010 0.117034 0.049551 0.157865 0.073377
0.478552 0.000010 0.000010 0.010143 0.000010 0.164744 0.000010 0.346511 0.000010
0.500456 0.056583 0.000010 0.050188 0.069478 0.000010 0.000010 0.213365 0.109900
0.593567 0.000010 0.016367 0.000010 0.008388 0.000010 0.000010 0.279520 0.102118
0.536555 0.000010 0.000010 0.000010 0.000010 0.000010 0.186102 0.192566 0.084728
0.629984 0.000010 0.000010 0.000010 0.016177 0.035043 0.065411 0.150421 0.102934
0.556029 0.057323 0.000010 0.000010 0.030326 0.027090 0.000010 0.329192 0.000010
0.357026 0.070168 0.000010 0.000010 0.163960 0.000010 0.000010 0.337940 0.070866
0.498691 0.034801 0.000010 0.081338 0.000010 0.000010 0.172765 0.212365 0.000010
0.678962 0.021548 0.000010 0.079122 0.066071 0.091574 0.000010 0.062692 0.000010
0.658732 0.000010 0.000010 0.036205 0.000010 0.000010 0.000010 0.267029 0.037984
0.641929 0.000010 0.019354 0.146342 0.096874 0.000010 0.000010 0.095461 0.000010
0.575887 0.000010 0.000010 0.000010 0.000010 0.000010 0.000010 0.326726 0.097327
0.588184 0.000010 0.000010 0.000010 0.095218 0.134970 0.000010 0.142419 0.039168
0.532568 0.000010 0.000010 0.000010 0.000010 0.000010 0.000010 0.403287 0.064085
0.655836 0.000010 0.022483 0.042550 0.054629 0.000010 0.000010 0.224461 0.000010
0.326805 0.061515 0.060062 0.194170 0.036572 0.092251 0.000010 0.228604 0.000010
0.567880 0.219512 0.000010 0.064416 0.000010 0.000010 0.000010 0.076799 0.071353
0.564907 0.118639 0.000010 0.113061 0.000010 0.000010 0.000010 0.149060 0.054294
0.655289 0.081833 0.030982 0.000010 0.000010 0.063735 0.017588 0.090965 0.059588
0.425011 0.045785 0.122914 0.181014 0.000010 0.000010 0.000010 0.172478 0.052767
0.492406 0.000010 0.055928 0.007114 0.000010 0.044443 0.000010 0.398943 0.001136
0.495966 0.000010 0.028048 0.038605 0.000010 0.071285 0.072645 0.223464 0.069966
0.427643 0.000010 0.000010 0.000010 0.055065 0.000010 0.000010 0.506704 0.010538
0.387459 0.066778 0.028366 0.260526 0.031626 0.062006 0.000010 0.163220 0.000010
0.520652 0.000010 0.000010 0.107106 0.000010 0.129155 0.000010 0.243037 0.000010
0.555859 0.000010 0.057536 0.000010 0.068709 0.004885 0.000010 0.195240 0.117742
0.549389 0.017698 0.081295 0.000010 0.095351 0.000010 0.000010 0.247115 0.009123
0.414870 0.052217 0.000010 0.036147 0.012428 0.069237 0.161883 0.253198 0.000010
0.419079 0.000010 0.140514 0.141922 0.000010 0.041886 0.014116 0.221126 0.021338
0.581715 0.068021 0.000010 0.028680 0.000010 0.063562 0.050178 0.173985 0.033839
0.560282 0.044607 0.025307 0.000010 0.000010 0.000010 0.000010 0.280691 0.089073
0.600232 0.040882 0.000010 0.000010 0.033740 0.055972 0.000010 0.235973 0.033171
0.379530 0.000010 0.073623 0.099933 0.171905 0.065658 0.017205 0.158390 0.033745
0.572637 0.056689 0.046826 0.079756 0.000010 0.064087 0.007710 0.172275 0.000010
0.582764 0.000010 0.000010 0.000010 0.000010 0.000010 0.000010 0.361251 0.055925
0.661396 0.000010 0.000010 0.000010 0.000010 0.061279 0.000010 0.277265 0.000010
0.553283 0.000010 0.000010 0.130695 0.001490 0.153338 0.011142 0.150022 0.000010
0.463735 0.062987 0.031761 0.080389 0.000010 0.000010 0.000010 0.361089 0.000010
0.462576 0.000010 0.000010 0.186465 0.000010 0.000010 0.000010 0.115501 0.235409
0.581615 0.033686 0.000010 0.055009 0.030020 0.000010 0.052298 0.174403 0.072948
0.735931 0.017540 0.000010 0.000010 0.055469 0.000010 0.000010 0.191010 0.000010
0.597403 0.000010 0.086190 0.014376 0.000010 0.016539 0.000010 0.160976 0.124487
0.556315 0.000010 0.000010 0.159130 0.000010 0.057810 0.001753 0.224952 0.000010
0.507832 0.014033 0.000010 0.136764 0.000010 0.028930 0.000010 0.256998 0.055413
0.474384 0.000010 0.000010 0.138966 0.076419 0.002211 0.032318 0.243390 0.032292
0.467762 0.000010 0.031933 0.234468 0.000010 0.000010 0.000010 0.205820 0.059977
0.547444 0.019805 0.000010 0.000010 0.047842 0.042466 0.100867 0.166211 0.075345
0.490400 0.082735 0.000010 0.025555 0.000010 0.000010 0.000010 0.401260 0.000010
0.361577 0.155040 0.000010 0.000010 0.032618 0.028045 0.000010 0.405602 0.017089
0.575140 0.000010 0.000010 0.010771 0.144665 0.000010 0.000010 0.137990 0.131393
0.429481 0.042402 0.000010 0.107821 0.161117 0.147202 0.000010 0.111947 0.000010
0.497661 0.074322 0.059111 0.000010 0.055697 0.000010 0.000010 0.310734 0.002445
0.577095 0.000010 0.069647 0.000010 0.056462 0.000010 0.000010 0.125202 0.171554
0.079387 0.000010 0.000010 0.000010 0.003997 0.031619 0.046927 0.136044 0.701995
0.486917 0.000010 0.000010 0.000010 0.000010 0.000010 0.000010 0.223697 0.289326
0.509937 0.136758 0.095094 0.016110 0.102472 0.090437 0.000010 0.049172 0.000010
0.425101 0.000010 0.000010 0.140597 0.040718 0.115805 0.000010 0.171554 0.106194
0.471432 0.000010 0.000010 0.116365 0.000010 0.042702 0.060092 0.309370 0.000010
0.338788 0.053905 0.000010 0.164689 0.031322 0.000010 0.003581 0.366558 0.041137
0.598209 0.000010 0.042796 0.000010 0.018362 0.130461 0.000010 0.210132 0.000010
0.545007 0.000010 0.000010 0.000010 0.060979 0.145523 0.000010 0.215484 0.032967
0.220492 0.049631 0.086379 0.136694 0.035786 0.005331 0.000010 0.250766 0.214911
0.713589 0.000010 0.000010 0.063873 0.000010 0.000010 0.000010 0.222478 0.000010
0.605369 0.000010 0.000010 0.087645 0.087569 0.000010 0.006764 0.206327 0.006297
0.276229 0.122993 0.000010 0.000010 0.000010 0.006003 0.000010 0.479977 0.114758
0.395365 0.029760 0.000010 0.177270 0.000010 0.000010 0.000010 0.160887 0.236679
0.518845 0.000010 0.000010 0.132055 0.000010 0.000010 0.000010 0.222514 0.126536
0.457157 0.000010 0.000010 0.089910 0.000010 0.000010 0.000010 0.378312 0.074572
0.690495 0.022420 0.000010 0.000010 0.000010 0.000010 0.000010 0.287025 0.000010
0.394131 0.000010 0.000010 0.148302 0.144084 0.051125 0.000010 0.127149 0.135181
0.580772 0.000010 0.000010 0.000010 0.000010 0.019399 0.000010 0.399769 0.000010
0.539526 0.000010 0.000010 0.030540 0.086030 0.000936 0.000010 0.236525 0.106413
0.601292 0.021568 0.000010 0.000010 0.016868 0.149006 0.000010 0.202999 0.008237
0.626763 0.033466 0.000010 0.000010 0.000010 0.000010 0.007715 0.332006 0.000010
0.458799 0.000010 0.000010 0.205932 0.000010 0.000010 0.123754 0.211465 0.000010
0.542544 0.036860 0.000010 0.000010 0.012312 0.000010 0.000010 0.202616 0.205627
0.418017 0.000010 0.000010 0.057246 0.000010 0.000010 0.000010 0.063468 0.461219
0.521792 0.000010 0.000010 0.000010 0.000010 0.038198 0.098744 0.289313 0.051913
0.455566 0.150064 0.000010 0.000010 0.019641 0.000010 0.000010 0.143060 0.231628
0.712888 0.025860 0.000010 0.023370 0.000010 0.000010 0.000010 0.173457 0.064385
0.530083 0.052720 0.000010 0.000010 0.026430 0.025712 0.000010 0.277667 0.087358
0.451514 0.000010 0.000010 0.000010 0.085752 0.000010 0.000010 0.365388 0.097296
0.619345 0.000010 0.000010 0.000010 0.031947 0.000010 0.000010 0.073868 0.274790
0.517251 0.095130 0.000010 0.110632 0.001416 0.000010 0.000010 0.275531 0.000010
0.398868 0.000010 0.212353 0.000010 0.000010 0.000010 0.000010 0.338406 0.050323
0.000010 0.000010 0.000010 0.000010 0.959167 0.000010 0.040763 0.000010 0.000010
0.046784 0.022512 0.198711 0.000010 0.580269 0.000010 0.151683 0.000010 0.000010
0.100704 0.039245 0.111313 0.000010 0.748688 0.000010 0.000010 0.000010 0.000010
0.021262 0.000010 0.146042 0.000010 0.744340 0.000010 0.088306 0.000010 0.000010
0.129723 0.000010 0.029346 0.000010 0.764480 0.002902 0.073509 0.000010 0.000010
0.013362 0.000010 0.000010 0.003379 0.777037 0.000010 0.206173 0.000010 0.000010
0.000010 0.012014 0.107867 0.000010 0.751688 0.000010 0.113880 0.014511 0.000010
0.521710 0.000010 0.007859 0.064812 0.071657 0.000010 0.023192 0.308405 0.002345
0.457764 0.000010 0.054076 0.277686 0.000010 0.000010 0.000010 0.174806 0.035628
0.443050 0.000010 0.098041 0.272268 0.000010 0.000010 0.114791 0.000010 0.071811
0.625798 0.000010 0.069145 0.080220 0.000010 0.000010 0.000010 0.224786 0.000010
0.491670 0.030468 0.000010 0.178056 0.000010 0.000010 0.000010 0.299756 0.000010
0.413358 0.018173 0.025378 0.404818 0.000010 0.000010 0.000010 0.138233 0.000010
0.387218 0.005987 0.034012 0.230450 0.000010 0.111420 0.008311 0.222582 0.000010
0.721988 0.000010 0.000010 0.187341 0.000010 0.000010 0.030340 0.060282 0.000010
0.458156 0.031973 0.075843 0.209017 0.000010 0.000010 0.000010 0.224970 0.000010
0.488561 0.000010 0.000010 0.108306 0.000010 0.029114 0.000010 0.333240 0.040739
0.694207 0.080928 0.007964 0.087893 0.087177 0.000010 0.000010 0.041800 0.000010
0.394568 0.074948 0.027164 0.163961 0.095747 0.000010 0.018358 0.196770 0.028474
0.365317 0.025840 0.000010 0.000010 0.073709 0.021320 0.126792 0.294757 0.092246
0.410851 0.000010 0.000010 0.169455 0.117895 0.013365 0.000010 0.288393 0.000010
0.721132 0.000010 0.000010 0.102375 0.021497 0.000010 0.000010 0.143524 0.011432
0.588145 0.041362 0.006846 0.000010 0.000010 0.122634 0.000010 0.165628 0.075354
0.681474 0.021448 0.029975 0.000010 0.156141 0.110922 0.000010 0.000010 0.000010
0.580373 0.000010 0.010461 0.000010 0.005504 0.000010 0.000010 0.242139 0.161483
0.592647 0.000010 0.000010 0.000010 0.000010 0.000010 0.000010 0.360505 0.046788
0.572348 0.024109 0.012165 0.000010 0.120784 0.046177 0.000010 0.224387 0.000010
0.640332 0.000010 0.000010 0.000010 0.000010 0.000010 0.017030 0.342578 0.000010
0.665597 0.000010 0.018276 0.078862 0.000010 0.000010 0.041380 0.195844 0.000010
0.618698 0.000010 0.100003 0.044125 0.014487 0.025214 0.017077 0.180375 0.000010
0.586593 0.000010 0.000010 0.223951 0.053086 0.000010 0.000010 0.136320 0.000010
0.530674 0.000010 0.000010 0.053639 0.000010 0.000010 0.018819 0.217064 0.179763
0.385019 0.057409 0.000010 0.036749 0.083700 0.000010 0.000010 0.391418 0.045674
0.567073 0.000010 0.000010 0.117860 0.000010 0.000010 0.000010 0.251370 0.063648
0.334580 0.000010 0.000010 0.273122 0.000010 0.000010 0.000010 0.392238 0.000010
0.528520 0.034567 0.015809 0.000010 0.056278 0.000010 0.056813 0.144653 0.163341
0.425156 0.000010 0.000010 0.190024 0.000010 0.000010 0.089092 0.232659 0.063029
0.466107 0.000010 0.000010 0.034279 0.011276 0.000010 0.000010 0.385998 0.102300
0.594117 0.000010 0.000010 0.000010 0.000010 0.096208 0.000010 0.269253 0.040372
0.573452 0.000010 0.031484 0.000010 0.100157 0.000010 0.000010 0.213714 0.081154
0.623574 0.000010 0.000010 0.043556 0.093605 0.000010 0.000010 0.136621 0.102604
0.353195 0.000010 0.000010 0.136640 0.105017 0.129626 0.069018 0.206474 0.000010
0.000010 0.744864 0.180837 0.003637 0.041682 0.000010 0.000010 0.028940 0.000010
0.000010 0.949650 0.000010 0.045632 0.004658 0.000010 0.000010 0.000010 0.000010
0.000010 0.999920 0.000010 0.000010 0.000010 0.000010 0.000010 0.000010 0.000010
0.057504 0.939124 0.000010 0.000010 0.000010 0.003312 0.000010 0.000010 0.000010
0.000010 0.000010 0.399528 0.000010 0.000010 0.000010 0.486481 0.091253 0.022688
0.006794 0.000010 0.470544 0.050811 0.000010 0.080358 0.334255 0.057209 0.000010
0.049950 0.000010 0.470232 0.000010 0.000010 0.000010 0.315661 0.000010 0.164107
0.039559 0.000010 0.497002 0.000010 0.129534 0.006047 0.264651 0.000010 0.063177
0.000010 0.000010 0.481521 0.054453 0.024813 0.000010 0.439163 0.000010 0.000010
0.000010 0.000010 0.444067 0.070569 0.000010 0.000010 0.399744 0.085571 0.000010
0.000010 0.066496 0.302601 0.000010 0.108899 0.024252 0.440863 0.000010 0.056859
0.000010 0.031060 0.300949 0.000010 0.111758 0.024349 0.531844 0.000010 0.000010
0.000010 0.000010 0.509033 0.000010 0.002941 0.000010 0.487966 0.000010 0.000010
0.000010 0.000010 0.449311 0.070868 0.018320 0.000010 0.423105 0.038356 0.000010
0.697761 0.008319 0.136525 0.000010 0.000010 0.000010 0.000010 0.157346 0.000010
0.553801 0.054256 0.036601 0.081679 0.000010 0.002162 0.000010 0.208525 0.062956
0.492741 0.027773 0.000010 0.000010 0.041267 0.040660 0.104291 0.217503 0.075744
0.360390 0.116461 0.016927 0.147175 0.143178 0.000010 0.053897 0.156313 0.005649
0.567803 0.049007 0.000010 0.096468 0.000010 0.000010 0.000010 0.286671 0.000010
0.400433 0.014998 0.000010 0.000010 0.000010 0.000010 0.000010 0.398280 0.186239
0.542103 0.000010 0.015523 0.000010 0.192690 0.057979 0.000010 0.191665 0.000010
0.492864 0.011662 0.034996 0.011763 0.000010 0.000010 0.129516 0.300017 0.019160
0.622908 0.000010 0.118850 0.000010 0.006018 0.000010 0.009487 0.179229 0.063478
0.663513 0.031468 0.089992 0.000010 0.058147 0.000010 0.000010 0.144327 0.012523
0.451564 0.069236 0.000010 0.032081 0.030698 0.001246 0.118308 0.296847 0.000010
0.420219 0.000010 0.000010 0.171263 0.097843 0.000010 0.109703 0.200933 0.000010
0.700841 0.000010 0.000010 0.036504 0.000010 0.065372 0.000890 0.196352 0.000010
0.567299 0.000010 0.104793 0.000010 0.041893 0.080774 0.000010 0.205201 0.000010
0.527832 0.000010 0.120794 0.000010 0.000010 0.000010 0.000010 0.351314 0.000010
0.290685 0.088589 0.000010 0.147179 0.075969 0.000010 0.000010 0.243201 0.154347
0.594995 0.000010 0.000852 0.014377 0.000010 0.000010 0.052618 0.157649 0.179480
0.450256 0.000010 0.113829 0.040601 0.000010 0.000010 0.000010 0.395264 0.000010
0.490695 0.000010 0.153050 0.000010 0.075095 0.002479 0.000010 0.248337 0.030314
0.560170 0.000010 0.010938 0.000010 0.028150 0.000010 0.000010 0.400692 0.000010
0.684503 0.000010 0.000010 0.000010 0.000010 0.000010 0.000010 0.268676 0.046761
0.000010 0.000010 0.649906 0.000010 0.000010 0.000010 0.350024 0.000010 0.000010
0.000010 0.000010 0.680256 0.000010 0.038078 0.000010 0.263490 0.000010 0.018126
0.000010 0.181253 0.523415 0.012254 0.000010 0.000010 0.210079 0.000010 0.072959
0.000010 0.225986 0.581281 0.001494 0.080931 0.059686 0.050592 0.000010 0.000010
0.000010 0.000010 0.730391 0.000010 0.010596 0.000010 0.200995 0.054813 0.003164
0.000010 0.000010 0.607133 0.000010 0.000010 0.000010 0.392797 0.000010 0.000010
0.000010 0.096113 0.767194 0.000010 0.136632 0.000010 0.000010 0.000010 0.000010
0.025011 0.000010 0.605533 0.020330 0.071926 0.009460 0.267710 0.000010 0.000010
0.000010 0.000010 0.720864 0.000010 0.067794 0.000010 0.059770 0.092430 0.059102
0.000010 0.005041 0.723341 0.000010 0.048753 0.000010 0.222815 0.000010 0.000010
0.058468 0.000010 0.707021 0.000010 0.000010 0.007739 0.197498 0.000010 0.029234
0.182394 0.000010 0.566953 0.000010 0.018319 0.059067 0.173227 0.000010 0.000010
0.000010 0.017572 0.589411 0.000010 0.019823 0.000010 0.336501 0.036653 0.000010
0.000010 0.000010 0.569032 0.015031 0.084252 0.028086 0.268072 0.035497 0.000010
0.000010 0.000010 0.773106 0.000010 0.057936 0.000010 0.168898 0.000010 0.000010
0.000010 0.000010 0.663449 0.000010 0.000010 0.000010 0.318322 0.018169 0.000010
0.000010 0.000010 0.726430 0.000010 0.000010 0.000010 0.224357 0.020035 0.029128
0.000010 0.015674 0.841917 0.000010 0.000010 0.000010 0.129355 0.000010 0.013004
0.057950 0.083492 0.531238 0.000010 0.000010 0.000010 0.327270 0.000010 0.000010
0.000010 0.222306 0.585707 0.000109 0.018867 0.049442 0.074897 0.048651 0.000010
0.000010 0.157580 0.330248 0.104765 0.000010 0.062967 0.157540 0.186868 0.000010
0.000010 0.000010 0.717203 0.000010 0.000010 0.000010 0.282727 0.000010 0.000010
0.000010 0.067359 0.574240 0.000010 0.000010 0.000010 0.233336 0.125015 0.000010
0.000010 0.197189 0.635644 0.000010 0.000010 0.000010 0.167107 0.000010 0.000010
0.000010 0.010780 0.736798 0.037442 0.000010 0.000010 0.214930 0.000010 0.000010
0.133414 0.000010 0.807267 0.000010 0.003355 0.000010 0.055915 0.000010 0.000010
0.004685 0.000010 0.586161 0.051528 0.073301 0.000010 0.270003 0.014291 0.000010
0.104942 0.000010 0.579492 0.000010 0.000010 0.025496 0.290019 0.000010 0.000010
0.115132 0.066023 0.496723 0.000010 0.036845 0.000010 0.255578 0.029669 0.000010
0.000010 0.000010 0.541720 0.000010 0.000010 0.000010 0.458210 0.000010 0.000010
0.000010 0.072870 0.587018 0.000010 0.000010 0.000010 0.340052 0.000010 0.000010
0.000010 0.000010 0.672267 0.000010 0.070347 0.000010 0.231428 0.000010 0.025907
0.068246 0.000010 0.657142 0.000010 0.000010 0.000010 0.274552 0.000010 0.000010
0.000010 0.000010 0.647212 0.000010 0.000010 0.000010 0.352718 0.000010 0.000010
0.000010 0.075397 0.481277 0.006154 0.073879 0.000010 0.300244 0.000010 0.063018
0.006422 0.000010 0.746960 0.000010 0.000010 0.000010 0.246558 0.000010 0.000010
0.000010 0.000010 0.597111 0.000010 0.000010 0.000010 0.402819 0.000010 0.000010
0.000010 0.000010 0.531439 0.000010 0.043198 0.000010 0.417828 0.007484 0.000010
0.000010 0.052554 0.510635 0.000010 0.010564 0.000010 0.334180 0.092027 0.000010
0.000010 0.000010 0.000010 0.068908 0.742453 0.012707 0.175882 0.000010 0.000010
0.000010 0.000010 0.000010 0.000010 0.999920 0.000010 0.000010 0.000010 0.000010
0.091843 0.043095 0.752819 0.000010 0.000010 0.000010 0.112193 0.000010 0.000010
0.000010 0.006083 0.687237 0.032670 0.060847 0.000010 0.213123 0.000010 0.000010
0.393645 0.000010 0.000010 0.323942 0.000010 0.036162 0.000010 0.246202 0.000010
0.214196 0.103255 0.041561 0.368286 0.021824 0.000010 0.013028 0.147198 0.090642
0.389533 0.023426 0.098728 0.408223 0.000010 0.000010 0.000010 0.071675 0.008385
0.503014 0.031949 0.000010 0.394535 0.000010 0.000010 0.000010 0.070453 0.000010
0.254585 0.000010 0.181157 0.393360 0.027507 0.000010 0.000010 0.061858 0.081502
0.238688 0.000010 0.000010 0.391967 0.021286 0.000010 0.083747 0.264272 0.000010
0.339652 0.000010 0.000010 0.258523 0.029876 0.000010 0.000010 0.307659 0.064250
0.241973 0.000010 0.000010 0.503828 0.053535 0.000010 0.000010 0.200614 0.000010
0.238436 0.023010 0.000010 0.318861 0.000010 0.000010 0.000010 0.419643 0.000010
0.189248 0.042074 0.000010 0.448193 0.000010 0.000010 0.000010 0.320435 0.000010
0.348228 0.095120 0.018033 0.436751 0.000010 0.000010 0.028751 0.028413 0.044684
0.366722 0.000010 0.076430 0.216787 0.028783 0.000010 0.000010 0.270025 0.041224
0.370961 0.015985 0.000010 0.316167 0.000010 0.000010 0.000010 0.296838 0.000010
0.000010 0.126171 0.610050 0.000010 0.000010 0.000010 0.247819 0.015911 0.000010
0.000010 0.000010 0.580639 0.000010 0.038824 0.000010 0.380477 0.000010 0.000010
0.086515 0.057988 0.595498 0.000010 0.000010 0.000010 0.259949 0.000010 0.000010
0.000010 0.000010 0.634337 0.000010 0.000010 0.000010 0.262837 0.102766 0.000010
0.011363 0.054917 0.426326 0.020166 0.007807 0.000010 0.415743 0.061941 0.001726
0.000010 0.000010 0.624122 0.000010 0.084392 0.000010 0.291426 0.000010 0.000010
0.000010 0.165074 0.587995 0.000010 0.000010 0.000010 0.246871 0.000010 0.000010
0.000010 0.000010 0.682570 0.000010 0.075241 0.000048 0.242092 0.000010 0.000010
0.000010 0.158938 0.445249 0.000010 0.149983 0.000010 0.235732 0.010058 0.000010
0.102143 0.000010 0.426005 0.006391 0.017066 0.000010 0.361013 0.000010 0.087352
0.000010 0.000010 0.574687 0.000010 0.000010 0.000010 0.425243 0.000010 0.000010
0.000010 0.151123 0.475844 0.073163 0.000010 0.091315 0.208515 0.000010 0.000010
