0.362530 0.000010 0.000010 0.041608 0.000010 0.000010 0.113680 0.440499 0.041644
0.002246 0.000010 0.044349 0.280685 0.075751 0.037281 0.110986 0.448681 0.000010
0.395318 0.000010 0.000010 0.000010 0.038261 0.042690 0.144094 0.373613 0.005993
0.290428 0.000010 0.000010 0.071711 0.000010 0.004686 0.159313 0.473821 0.000010
0.193247 0.000010 0.089976 0.230683 0.099111 0.011407 0.000010 0.375546 0.000010
0.000010 0.028052 0.000010 0.204966 0.000010 0.104329 0.066579 0.111334 0.484710
0.222762 0.000010 0.000010 0.038660 0.000010 0.000010 0.160620 0.577909 0.000010
0.361837 0.103404 0.125020 0.000010 0.019658 0.000010 0.000010 0.390041 0.000010
0.451978 0.078567 0.000010 0.000010 0.082887 0.002116 0.009665 0.374757 0.000010
0.254309 0.000010 0.000010 0.091707 0.000010 0.000010 0.140540 0.513394 0.000010
0.384661 0.000010 0.000010 0.000010 0.087767 0.033741 0.058450 0.435340 0.000010
0.172395 0.043656 0.019208 0.057108 0.000010 0.000010 0.165355 0.521996 0.020261
0.181864 0.000010 0.103855 0.147127 0.000010 0.000010 0.159937 0.407177 0.000010
0.227664 0.000010 0.136722 0.187311 0.000010 0.036868 0.000010 0.411395 0.000010
0.259501 0.000010 0.034763 0.000010 0.000010 0.059481 0.159467 0.486747 0.000010
0.223801 0.000010 0.000010 0.000010 0.010436 0.066850 0.200878 0.497994 0.000010
0.131543 0.175782 0.000010 0.000010 0.000010 0.000010 0.146106 0.543093 0.003435
0.239259 0.000010 0.061273 0.018406 0.000010 0.018635 0.178232 0.480288 0.003886
0.237258 0.000010 0.000010 0.078377 0.064113 0.099013 0.082536 0.438672 0.000010
0.309512 0.103251 0.000010 0.180562 0.000010 0.028462 0.000010 0.319552 0.058631
0.360363 0.099635 0.000010 0.067635 0.000010 0.070545 0.000010 0.388893 0.012899
0.049657 0.168380 0.055336 0.156569 0.000012 0.052133 0.080363 0.437540 0.000010
0.392489 0.025231 0.000010 0.020415 0.000010 0.000010 0.032076 0.529749 0.000010
0.310534 0.000010 0.000010 0.084091 0.106148 0.000010 0.000010 0.434937 0.064250
0.313888 0.030706 0.087343 0.039999 0.043604 0.000010 0.003732 0.480707 0.000010
0.311077 0.003781 0.125820 0.000010 0.116234 0.000010 0.164860 0.278198 0.000010
0.336640 0.000010 0.000010 0.201117 0.000010 0.015238 0.092201 0.327325 0.027450
0.274409 0.000010 0.068587 0.131714 0.000010 0.000010 0.011267 0.173093 0.340899
0.433493 0.000010 0.193112 0.000010 0.000010 0.000010 0.000433 0.317568 0.055355
0.207800 0.033063 0.000010 0.036095 0.058801 0.122200 0.144756 0.251460 0.145814
0.350995 0.019670 0.022141 0.137598 0.000010 0.000010 0.129803 0.288316 0.051457
0.402318 0.000010 0.000010 0.000010 0.000010 0.000010 0.038329 0.559293 0.000010
0.320668 0.000010 0.000010 0.094148 0.000010 0.057096 0.093645 0.434403 0.000010
0.359600 0.064731 0.000010 0.000010 0.000010 0.000010 0.062344 0.513276 0.000010
0.000010 0.000010 0.000010 0.136193 0.024437 0.089581 0.309616 0.440133 0.000010
0.416849 0.000011 0.049889 0.041071 0.000010 0.000010 0.068341 0.395716 0.028102
0.347375 0.038373 0.000010 0.279083 0.093563 0.000010 0.044263 0.197313 0.000010
0.426518 0.000395 0.000010 0.079394 0.000010 0.000010 0.085025 0.408628 0.000010
0.304432 0.000010 0.081253 0.146673 0.048560 0.000010 0.000010 0.419042 0.000010
0.572848 0.021873 0.000010 0.091062 0.000010 0.000010 0.004454 0.309723 0.000010
0.479196 0.094536 0.045062 0.005013 0.000010 0.000010 0.045324 0.311752 0.019097
0.356424 0.000010 0.022082 0.109103 0.011451 0.000010 0.000010 0.500900 0.000010
0.415434 0.044151 0.000010 0.027975 0.000010 0.000010 0.113676 0.398724 0.000010
0.363350 0.000010 0.032297 0.000010 0.000010 0.000010 0.193114 0.371612 0.039587
0.235472 0.128431 0.000010 0.000010 0.000017 0.000010 0.050250 0.585790 0.000010
0.191562 0.000010 0.000010 0.093453 0.000010 0.000010 0.206134 0.508801 0.000010
0.085599 0.000010 0.000010 0.138072 0.000010 0.000010 0.204522 0.571757 0.000010
0.306346 0.101885 0.000010 0.000010 0.000010 0.000010 0.000010 0.591710 0.000010
0.014347 0.021161 0.520287 0.097801 0.000010 0.000010 0.224431 0.121943 0.000010
0.393571 0.000010 0.350563 0.003425 0.000010 0.000010 0.106168 0.146231 0.000010
0.379359 0.056460 0.402436 0.000010 0.006519 0.000010 0.087841 0.035896 0.031468
0.281721 0.094299 0.178112 0.000010 0.031949 0.000010 0.079971 0.333918 0.000010
0.138514 0.000010 0.246389 0.114344 0.000011 0.000010 0.000010 0.500702 0.000010
0.035034 0.203642 0.149119 0.231862 0.000010 0.019308 0.022842 0.338173 0.000010
0.209977 0.030326 0.190812 0.154417 0.027400 0.035262 0.052479 0.283466 0.015861
0.169340 0.000010 0.466596 0.042871 0.030715 0.018902 0.169669 0.101887 0.000010
0.068865 0.000010 0.430501 0.125581 0.092698 0.000010 0.026918 0.232730 0.022688
0.396992 0.000010 0.000010 0.173475 0.000010 0.016185 0.026853 0.268205 0.118259
0.276143 0.060316 0.276924 0.000010 0.000010 0.000010 0.085190 0.301388 0.000010
0.110772 0.000016 0.272649 0.155843 0.032748 0.001884 0.195127 0.230952 0.000010
0.103258 0.073939 0.570918 0.000010 0.010305 0.058095 0.174125 0.000010 0.009341
0.000010 0.000010 0.206211 0.452779 0.000010 0.000010 0.000010 0.261078 0.079883
0.247145 0.024367 0.237673 0.036061 0.000010 0.000010 0.216277 0.226543 0.011915
0.051258 0.056050 0.493832 0.000010 0.000010 0.000010 0.241050 0.157770 0.000010
0.095647 0.000010 0.179662 0.000010 0.098786 0.000010 0.101245 0.524620 0.000010
0.138693 0.027259 0.408808 0.000010 0.000010 0.000010 0.124281 0.300919 0.000010
0.128630 0.000010 0.343820 0.270910 0.000010 0.000010 0.024372 0.204943 0.027295
0.000010 0.231595 0.232215 0.128645 0.015842 0.039796 0.061901 0.289986 0.000010
0.104461 0.058546 0.000010 0.222837 0.000010 0.000010 0.097356 0.493830 0.022939
0.444532 0.167865 0.000010 0.066452 0.033427 0.007911 0.053142 0.226651 0.000010
0.212865 0.000010 0.000010 0.000010 0.000010 0.098361 0.000010 0.154175 0.534550
0.195402 0.000010 0.000010 0.009137 0.025828 0.021976 0.197300 0.550328 0.000010
0.522592 0.000010 0.041730 0.000010 0.000010 0.000010 0.135344 0.300284 0.000010
0.270695 0.074415 0.000010 0.017415 0.000010 0.000010 0.128291 0.509143 0.000010
0.100599 0.000010 0.000010 0.283535 0.000010 0.017496 0.156638 0.441691 0.000010
0.409113 0.021768 0.142904 0.005898 0.015863 0.009351 0.000010 0.395084 0.000010
0.400624 0.100076 0.000010 0.000010 0.073312 0.000010 0.000010 0.425938 0.000010
0.205151 0.000010 0.000010 0.015405 0.000010 0.042405 0.177005 0.478356 0.081648
0.196328 0.112816 0.000010 0.207013 0.187169 0.000010 0.000976 0.295668 0.000010
0.390638 0.038997 0.000010 0.000010 0.000010 0.000010 0.187155 0.351816 0.031354
0.204144 0.000010 0.105609 0.000010 0.000010 0.000010 0.177472 0.512726 0.000010
0.404373 0.085826 0.000010 0.109809 0.028729 0.009015 0.039282 0.295350 0.027605
0.244981 0.000010 0.000010 0.030117 0.009102 0.101458 0.209399 0.404913 0.000010
0.215419 0.000010 0.000010 0.183125 0.000010 0.000010 0.234781 0.324962 0.041672
0.180773 0.159329 0.000010 0.054231 0.000010 0.024717 0.070559 0.239918 0.270452
0.287120 0.058282 0.000010 0.037237 0.038078 0.000010 0.127971 0.411498 0.039795
0.378234 0.017598 0.000010 0.176896 0.013164 0.036289 0.000010 0.318462 0.059337
0.573660 0.000010 0.000010 0.007040 0.003726 0.000010 0.078949 0.336585 0.000010
0.364181 0.000010 0.001658 0.065254 0.000010 0.000010 0.052339 0.431604 0.084934
0.101146 0.064925 0.000010 0.165498 0.037043 0.000010 0.245362 0.359824 0.026182
0.454070 0.000010 0.000010 0.000010 0.000010 0.000010 0.128701 0.417168 0.000010
0.452372 0.000010 0.022808 0.000010 0.000010 0.000010 0.101122 0.423648 0.000010
0.143756 0.000010 0.037772 0.271210 0.066252 0.037401 0.051745 0.350523 0.041331
0.328574 0.000010 0.187108 0.109241 0.000010 0.000010 0.000010 0.366672 0.008364
0.276360 0.000010 0.018760 0.000010 0.000010 0.000010 0.099261 0.605569 0.000010
0.258099 0.025196 0.052896 0.000010 0.024385 0.000010 0.221818 0.417576 0.000010
0.075876 0.000010 0.000010 0.000010 0.000010 0.013592 0.316046 0.594435 0.000010
0.000010 0.000010 0.080328 0.092059 0.000010 0.000010 0.268699 0.508912 0.049962
0.212633 0.000010 0.000010 0.000010 0.000010 0.000010 0.267128 0.520178 0.000010
0.005686 0.126520 0.000010 0.078468 0.189487 0.007827 0.081859 0.473134 0.037010
0.248060 0.000010 0.000010 0.190243 0.000010 0.000010 0.089808 0.469074 0.002774
0.000010 0.000010 0.000010 0.000010 0.000010 0.000010 0.134177 0.196118 0.669645
0.237395 0.150214 0.000010 0.000010 0.000010 0.000010 0.079855 0.364339 0.168158
0.223669 0.000010 0.064590 0.211517 0.000010 0.000010 0.132400 0.351714 0.016081
0.169481 0.070689 0.013072 0.000010 0.000010 0.000010 0.064876 0.681843 0.000010
0.000010 0.006637 0.011465 0.000010 0.000010 0.000010 0.344080 0.637769 0.000010
0.218777 0.000010 0.000010 0.000010 0.000010 0.052512 0.243674 0.484987 0.000010
0.000010 0.000010 0.000010 0.002635 0.000010 0.000010 0.150261 0.847044 0.000010
0.183178 0.009168 0.056558 0.096484 0.070480 0.000010 0.155580 0.341565 0.086977
0.146515 0.000010 0.000010 0.108018 0.000010 0.038130 0.140152 0.567146 0.000010
0.006528 0.000010 0.000010 0.082817 0.027188 0.000010 0.251847 0.631580 0.000010
0.000010 0.000010 0.026075 0.145825 0.000010 0.044783 0.190282 0.592995 0.000010
0.199492 0.000010 0.050479 0.076019 0.000010 0.064342 0.157996 0.434524 0.017129
0.556685 0.085855 0.000010 0.000010 0.037757 0.000010 0.000010 0.319652 0.000010
0.263775 0.000010 0.038046 0.124902 0.000022 0.000010 0.226911 0.328530 0.017794
0.074376 0.041306 0.014611 0.000010 0.058243 0.075903 0.244204 0.491338 0.000010
0.328757 0.000010 0.044004 0.076469 0.000010 0.000010 0.066224 0.484506 0.000010
0.145860 0.069984 0.000010 0.046437 0.025162 0.076911 0.063837 0.571789 0.000010
0.149293 0.000010 0.024406 0.014062 0.164173 0.007221 0.000010 0.602028 0.038797
0.244214 0.084839 0.000010 0.159174 0.000010 0.012977 0.023409 0.443592 0.031774
0.148532 0.000010 0.000010 0.173859 0.095981 0.003070 0.060845 0.517683 0.000010
0.141050 0.000010 0.000010 0.023062 0.100003 0.000010 0.201527 0.534318 0.000010
0.567011 0.000010 0.017882 0.000010 0.006695 0.000010 0.093263 0.315110 0.000010
0.294809 0.062844 0.000010 0.042966 0.000010 0.017149 0.067103 0.515100 0.000010
0.161050 0.019425 0.000010 0.234139 0.062255 0.000011 0.000010 0.523090 0.000010
0.268590 0.024271 0.147633 0.201933 0.030864 0.000010 0.018091 0.308597 0.000010
0.300080 0.037432 0.079032 0.092598 0.000010 0.000010 0.205858 0.284969 0.000010
0.255908 0.000010 0.148105 0.035966 0.099121 0.000010 0.000010 0.460860 0.000010
0.069229 0.000010 0.000010 0.047465 0.000010 0.014032 0.278541 0.590693 0.000010
0.454789 0.026163 0.067103 0.000013 0.000010 0.000010 0.007006 0.444896 0.000010
0.222416 0.112984 0.000010 0.000010 0.000010 0.000010 0.191921 0.457829 0.014809
0.098433 0.049588 0.071966 0.000010 0.026086 0.000010 0.125167 0.624998 0.003743
0.063165 0.000010 0.046298 0.195423 0.000010 0.000010 0.131998 0.563077 0.000010
0.073535 0.000010 0.000010 0.117529 0.000010 0.052573 0.012804 0.732862 0.010667
0.000010 0.135327 0.216815 0.130164 0.170327 0.066464 0.069090 0.211794 0.000010
0.198981 0.027636 0.000010 0.014355 0.071876 0.042888 0.101621 0.542622 0.000010
0.339287 0.044906 0.000010 0.269542 0.000010 0.000010 0.000010 0.346215 0.000010
0.000010 0.014035 0.000010 0.203327 0.050581 0.000010 0.141686 0.577960 0.012381
0.000010 0.000010 0.026032 0.143497 0.048418 0.008725 0.274171 0.464275 0.034862
0.097936 0.000010 0.000014 0.026888 0.000010 0.000010 0.212173 0.662950 0.000010
0.265434 0.000010 0.000010 0.196720 0.000010 0.000010 0.000010 0.460115 0.077680
0.044029 0.000010 0.094592 0.334161 0.000010 0.000010 0.050043 0.437214 0.039932
0.180944 0.000010 0.227287 0.146352 0.013611 0.000010 0.059713 0.336215 0.035859
0.311772 0.000010 0.000010 0.139580 0.067600 0.000010 0.004078 0.476930 0.000010
0.335528 0.017590 0.000010 0.000010 0.000010 0.000010 0.147450 0.499381 0.000010
0.105799 0.000010 0.039507 0.119180 0.000010 0.000010 0.000010 0.669020 0.066454
0.131954 0.012859 0.073681 0.217141 0.000010 0.017699 0.069606 0.460765 0.016285
0.443677 0.237381 0.000010 0.061779 0.000010 0.000010 0.000010 0.257113 0.000010
0.437293 0.147993 0.000010 0.000010 0.000010 0.000010 0.000010 0.414654 0.000010
0.170103 0.032478 0.074680 0.190594 0.000010 0.000010 0.041347 0.490769 0.000010
0.419697 0.000010 0.045283 0.000010 0.000010 0.000010 0.126543 0.380012 0.028425
0.178887 0.044553 0.000010 0.031877 0.014549 0.040698 0.166521 0.522896 0.000010
0.205062 0.022425 0.000010 0.000010 0.000010 0.000010 0.000010 0.772452 0.000010
0.369872 0.018800 0.000010 0.000010 0.061796 0.000010 0.179277 0.370214 0.000010
0.210499 0.053059 0.000010 0.112294 0.098263 0.000010 0.034346 0.439316 0.052203
0.209050 0.000010 0.000010 0.000010 0.000010 0.000010 0.189807 0.601083 0.000010
0.121929 0.109574 0.000010 0.165406 0.112463 0.000010 0.084122 0.406476 0.000010
0.072180 0.024408 0.084151 0.292835 0.000010 0.000010 0.070281 0.456114 0.000010
0.250580 0.015494 0.052036 0.205890 0.023450 0.000010 0.011869 0.387214 0.053458
0.220004 0.049326 0.000010 0.265225 0.000010 0.000010 0.019839 0.445565 0.000010
0.220675 0.153141 0.010765 0.050281 0.000010 0.000010 0.064355 0.485064 0.015698
0.106812 0.140067 0.000010 0.138587 0.000010 0.000010 0.138760 0.475734 0.000010
0.210773 0.031471 0.198253 0.000010 0.045781 0.034852 0.101722 0.377128 0.000010
0.128867 0.096896 0.049190 0.231687 0.000010 0.046628 0.029672 0.393011 0.024038
0.000010 0.014317 0.217685 0.242001 0.002572 0.000010 0.114908 0.408487 0.000010
0.132826 0.000010 0.226364 0.106530 0.000010 0.000010 0.144405 0.389835 0.000010
0.000010 0.084581 0.000010 0.087530 0.000010 0.000010 0.210628 0.526670 0.090551
0.484226 0.063466 0.084198 0.117802 0.025888 0.038497 0.000010 0.185902 0.000010
0.078116 0.000010 0.000010 0.092951 0.024648 0.016041 0.104278 0.672263 0.011683
0.227311 0.000010 0.000010 0.000010 0.000010 0.035058 0.172028 0.565554 0.000010
0.304286 0.000010 0.000010 0.025512 0.000010 0.002367 0.194549 0.473246 0.000010
0.288834 0.000010 0.287160 0.030733 0.000010 0.000010 0.128864 0.264368 0.000010
0.190513 0.240994 0.103009 0.000155 0.008866 0.024233 0.000010 0.432209 0.000010
0.054284 0.074491 0.024215 0.145814 0.000010 0.057588 0.153293 0.490297 0.000010
0.212066 0.000010 0.183249 0.199322 0.065262 0.000010 0.002788 0.337284 0.000010
0.186039 0.000010 0.136477 0.072924 0.000010 0.000010 0.113727 0.490793 0.000010
0.384907 0.000010 0.141002 0.008521 0.000010 0.000010 0.107794 0.357735 0.000010
0.062937 0.083149 0.026701 0.154762 0.085694 0.109718 0.226015 0.251015 0.000010
0.282750 0.000010 0.073925 0.063522 0.000010 0.000010 0.143904 0.435858 0.000010
0.143729 0.058944 0.040694 0.341284 0.000010 0.000010 0.114034 0.301284 0.000010
0.239025 0.000010 0.134598 0.000010 0.041670 0.045648 0.157927 0.381102 0.000010
0.000010 0.000010 0.097973 0.113989 0.046780 0.000010 0.173514 0.513979 0.053734
0.058993 0.016577 0.000010 0.077621 0.067241 0.000010 0.138700 0.611841 0.029006
0.183782 0.000010 0.113217 0.087462 0.138860 0.000731 0.100627 0.375301 0.000010
0.110272 0.000010 0.141483 0.144561 0.052125 0.000010 0.000010 0.551519 0.000010
0.327573 0.010629 0.261347 0.044078 0.000010 0.000010 0.000010 0.356333 0.000010
0.334155 0.124384 0.052146 0.000010 0.171452 0.000010 0.073927 0.243906 0.000010
0.000010 0.000010 0.000010 0.000010 0.041928 0.439762 0.000010 0.000010 0.518250
0.000010 0.000010 0.000010 0.000010 0.000010 0.630320 0.000010 0.000010 0.369610
0.000010 0.000010 0.000010 0.024199 0.000010 0.232495 0.031897 0.000010 0.711359
0.000010 0.000010 0.000010 0.050363 0.034058 0.230736 0.006976 0.000010 0.677827
0.000010 0.000010 0.000010 0.000010 0.000010 0.510567 0.000010 0.000010 0.489363
0.000010 0.000010 0.000010 0.000010 0.000010 0.336584 0.000010 0.000010 0.663346
0.000010 0.000010 0.029405 0.000010 0.000010 0.473595 0.000010 0.000010 0.496940
0.000010 0.000010 0.000010 0.000010 0.000010 0.383810 0.069303 0.000010 0.546828
0.013067 0.000010 0.000010 0.000010 0.000010 0.421622 0.062641 0.000010 0.502620
0.000010 0.000010 0.000010 0.000011 0.000010 0.049406 0.000010 0.000010 0.950523
0.000010 0.051051 0.012257 0.000010 0.011153 0.257119 0.000010 0.000010 0.668379
0.000010 0.000010 0.000010 0.043376 0.000649 0.427342 0.000010 0.006250 0.522343
0.000010 0.000010 0.000010 0.000010 0.071834 0.553542 0.041399 0.000010 0.333175
0.000010 0.000010 0.000010 0.000010 0.029124 0.543504 0.000010 0.000010 0.427312
0.027361 0.000010 0.000010 0.000010 0.000010 0.404197 0.000010 0.000010 0.568382
0.000010 0.000010 0.000010 0.000010 0.000010 0.358781 0.000010 0.000010 0.641149
0.022202 0.000010 0.000010 0.034226 0.049891 0.325748 0.000010 0.000010 0.567893
0.000010 0.000010 0.097401 0.000010 0.000010 0.542113 0.000010 0.000010 0.360426
0.000010 0.000010 0.000010 0.000010 0.042069 0.123909 0.000010 0.000010 0.833962
0.000010 0.000010 0.000010 0.000010 0.000010 0.376039 0.000010 0.000010 0.623891
0.000010 0.000010 0.000010 0.000010 0.042748 0.366407 0.000010 0.048587 0.542208
0.000010 0.000010 0.000011 0.000010 0.000010 0.450332 0.000010 0.000010 0.549597
0.026773 0.000010 0.000010 0.000010 0.000010 0.215699 0.041282 0.000010 0.716196
0.000010 0.000010 0.000010 0.000010 0.000010 0.521978 0.024929 0.000010 0.453034
0.000010 0.000010 0.000010 0.000010 0.000010 0.321168 0.000010 0.000010 0.678762
0.011092 0.000010 0.000010 0.000010 0.000010 0.365790 0.028433 0.000010 0.594635
0.000010 0.000010 0.000010 0.000010 0.000010 0.529879 0.004845 0.000010 0.465216
0.000010 0.000010 0.000010 0.000010 0.000010 0.315242 0.015900 0.000010 0.668798
0.000010 0.000010 0.000010 0.000010 0.968378 0.000010 0.000010 0.000010 0.031552
0.493217 0.000010 0.020151 0.256306 0.038706 0.013641 0.000080 0.177878 0.000010
0.202833 0.000010 0.017974 0.520440 0.000010 0.000010 0.050363 0.208349 0.000010
0.550238 0.000010 0.000010 0.161792 0.000010 0.000010 0.074095 0.213825 0.000010
0.385252 0.000010 0.000010 0.237336 0.040675 0.034442 0.061234 0.211325 0.029717
0.293488 0.001695 0.021685 0.375504 0.000010 0.039176 0.000010 0.237147 0.031285
0.339669 0.000010 0.000010 0.178784 0.070704 0.025282 0.064057 0.321475 0.000010
0.248175 0.133948 0.000888 0.391457 0.046903 0.000010 0.000010 0.085304 0.093305
0.578918 0.000010 0.000010 0.051774 0.000010 0.000010 0.110848 0.258410 0.000010
0.334259 0.127793 0.000010 0.360689 0.000010 0.000010 0.000808 0.176410 0.000010
0.279963 0.208395 0.000010 0.201346 0.000010 0.000010 0.000010 0.310246 0.000010
0.706821 0.005440 0.000010 0.000010 0.184562 0.000010 0.044789 0.058348 0.000010
0.184534 0.000010 0.000010 0.514833 0.000010 0.044098 0.063033 0.193461 0.000010
0.185218 0.000010 0.000010 0.330038 0.206104 0.018050 0.000010 0.227152 0.033408
0.560679 0.000010 0.000010 0.160793 0.052857 0.000010 0.000010 0.225621 0.000010
0.455217 0.006677 0.019060 0.138243 0.000010 0.056077 0.152456 0.123321 0.048941
0.452434 0.103069 0.000010 0.254157 0.000010 0.000010 0.000010 0.190291 0.000010
0.401670 0.000010 0.000010 0.064514 0.013916 0.014585 0.054893 0.450392 0.000010
0.415037 0.000010 0.000010 0.232238 0.015657 0.086734 0.000010 0.250293 0.000010
0.269914 0.000010 0.157092 0.184007 0.000010 0.028021 0.000010 0.360926 0.000010
0.449904 0.000010 0.011183 0.162350 0.198120 0.000010 0.000010 0.178402 0.000010
0.534586 0.159063 0.000010 0.259157 0.000010 0.000010 0.005340 0.041815 0.000010
0.206469 0.000010 0.035131 0.424562 0.023217 0.000010 0.068628 0.241963 0.000010
0.541546 0.021606 0.000010 0.134950 0.000010 0.116436 0.078023 0.107409 0.000010
0.240789 0.000010 0.000010 0.338790 0.010611 0.003754 0.000010 0.329023 0.077003
0.287184 0.111729 0.000010 0.229423 0.031782 0.038112 0.073706 0.228045 0.000010
0.320781 0.087391 0.000010 0.257248 0.000010 0.000010 0.000010 0.334530 0.000010
0.443197 0.123385 0.035543 0.218675 0.031180 0.074512 0.000010 0.073487 0.000010
0.596547 0.000010 0.000010 0.000010 0.016239 0.061542 0.000010 0.325623 0.000010
0.000010 0.033680 0.000010 0.000010 0.966250 0.000010 0.000010 0.000010 0.000010
0.000010 0.000010 0.013109 0.000010 0.960101 0.000010 0.026730 0.000010 0.000010
0.022392 0.136315 0.000010 0.000010 0.767780 0.000010 0.073463 0.000010 0.000010
0.000010 0.000010 0.035163 0.000010 0.803563 0.069054 0.042373 0.041578 0.008238
0.038181 0.021277 0.027498 0.009380 0.735066 0.000010 0.168568 0.000010 0.000010
0.000010 0.104139 0.019366 0.000010 0.875368 0.000010 0.001077 0.000010 0.000010
0.000010 0.000010 0.000010 0.000010 0.884123 0.000010 0.030379 0.085438 0.000010
0.000010 0.116268 0.000010 0.000010 0.813428 0.011410 0.040420 0.018434 0.000010
0.000010 0.028260 0.000010 0.000010 0.951629 0.000010 0.000010 0.019215 0.000847
0.008877 0.000010 0.000010 0.000010 0.922828 0.000010 0.000010 0.000010 0.068235
0.039678 0.000010 0.000010 0.000010 0.948304 0.000010 0.000010 0.011958 0.000010
0.000718 0.000010 0.061215 0.000010 0.938007 0.000010 0.000010 0.000010 0.000010
0.201105 0.000010 0.000010 0.000010 0.798825 0.000010 0.000010 0.000010 0.000010
0.063916 0.049779 0.000010 0.000010 0.864424 0.000010 0.000010 0.021832 0.000010
0.000010 0.000010 0.000010 0.000010 0.970241 0.000010 0.000010 0.000010 0.029689
0.000010 0.023390 0.000010 0.037962 0.890333 0.000010 0.048265 0.000010 0.000010
0.026758 0.000010 0.000010 0.000010 0.973172 0.000010 0.000010 0.000010 0.000010
0.588698 0.000010 0.000010 0.000010 0.134746 0.000010 0.000010 0.276496 0.000010
0.559451 0.020839 0.000010 0.020695 0.000017 0.000010 0.102659 0.296310 0.000010
0.477662 0.000010 0.000010 0.131284 0.000010 0.000010 0.000010 0.269481 0.121523
0.601370 0.000010 0.000010 0.000010 0.084517 0.000010 0.000010 0.314054 0.000010
0.412185 0.000010 0.024534 0.113905 0.054105 0.000010 0.010899 0.384342 0.000010
0.408682 0.016858 0.000010 0.236353 0.033831 0.000010 0.002279 0.301967 0.000010
0.409704 0.009949 0.061374 0.134697 0.037665 0.011575 0.000010 0.306009 0.029019
0.567276 0.000010 0.000012 0.006357 0.000010 0.000010 0.000010 0.426305 0.000010
0.513547 0.000010 0.000010 0.018856 0.044039 0.000010 0.086190 0.337328 0.000010
0.463282 0.000010 0.000010 0.006469 0.000010 0.000010 0.057612 0.404712 0.067884
0.544991 0.041276 0.000010 0.000010 0.000010 0.000010 0.000010 0.392063 0.021620
0.357230 0.107299 0.000010 0.000010 0.000010 0.000010 0.039775 0.495647 0.000010
0.547315 0.000010 0.000010 0.128579 0.000010 0.068887 0.000010 0.255169 0.000010
0.305256 0.006159 0.000010 0.158037 0.000010 0.024059 0.000010 0.437799 0.068659
0.619087 0.000010 0.000010 0.000010 0.000010 0.000010 0.164198 0.216655 0.000010
0.669763 0.000010 0.000010 0.000010 0.047596 0.015958 0.061928 0.204715 0.000010
0.472896 0.000010 0.000010 0.219403 0.000010 0.097047 0.000010 0.210604 0.000010
0.355826 0.000010 0.000010 0.035574 0.000010 0.015116 0.041197 0.511102 0.041156
0.600825 0.000010 0.000010 0.000010 0.000010 0.075756 0.000010 0.323359 0.000010
0.631078 0.000010 0.000010 0.000010 0.000010 0.123163 0.000010 0.245699 0.000010
0.564706 0.000010 0.000010 0.034675 0.050227 0.000010 0.064903 0.279425 0.006034
0.580638 0.000010 0.029022 0.122856 0.000010 0.000010 0.027436 0.143753 0.096265
0.599708 0.008853 0.040689 0.139603 0.000010 0.075092 0.000010 0.136025 0.000010
0.551330 0.005523 0.000010 0.000534 0.173083 0.000010 0.000010 0.204854 0.064647
0.458016 0.000288 0.060208 0.030856 0.000010 0.000010 0.000010 0.333490 0.117111
0.689071 0.024444 0.000010 0.111098 0.000010 0.019795 0.000010 0.052289 0.103274
0.610498 0.038328 0.000010 0.000010 0.000010 0.000010 0.023236 0.327888 0.000010
0.424572 0.000010 0.000010 0.164663 0.000010 0.000010 0.000010 0.355037 0.055678
0.728445 0.000010 0.000010 0.034919 0.094948 0.000010 0.000010 0.000010 0.141638
0.616207 0.000010 0.000010 0.022686 0.106468 0.000010 0.000010 0.254589 0.000010
0.623985 0.000010 0.000010 0.000010 0.000010 0.065545 0.000010 0.310409 0.000010
0.717018 0.051704 0.000010 0.003308 0.000010 0.000010 0.009761 0.218169 0.000010
0.493692 0.000010 0.019442 0.059417 0.001576 0.000010 0.000010 0.425832 0.000010
0.379598 0.085753 0.000010 0.079737 0.000010 0.009495 0.063589 0.381798 0.000010
0.505162 0.000010 0.000010 0.000010 0.002128 0.095440 0.000010 0.397220 0.000010
0.576494 0.008343 0.009557 0.000010 0.134644 0.035157 0.000010 0.224241 0.011543
0.580434 0.000010 0.146633 0.117750 0.000010 0.059702 0.000010 0.070577 0.024873
0.590738 0.000010 0.000011 0.142031 0.081452 0.032365 0.000896 0.152488 0.000010
0.363239 0.022884 0.000010 0.175012 0.000010 0.000010 0.000010 0.338846 0.099979
0.460243 0.010609 0.033306 0.013729 0.103094 0.000010 0.083994 0.295004 0.000010
0.518782 0.069932 0.000010 0.000010 0.000010 0.051037 0.041615 0.318595 0.000010
0.473796 0.000010 0.000010 0.265229 0.000010 0.000010 0.000010 0.260915 0.000010
0.817129 0.000010 0.000010 0.000010 0.000010 0.004638 0.000010 0.178173 0.000010
0.530336 0.000010 0.000010 0.000010 0.035519 0.000010 0.016988 0.339429 0.077688
0.529238 0.000010 0.000010 0.014113 0.032655 0.016614 0.090750 0.197311 0.119297
0.629869 0.000010 0.000010 0.086580 0.041327 0.000010 0.000010 0.137120 0.105064
0.287240 0.000010 0.000010 0.123322 0.000010 0.013795 0.000010 0.250904 0.324699
0.741364 0.000010 0.000010 0.000010 0.000010 0.000010 0.031238 0.227339 0.000010
0.484221 0.000010 0.000010 0.027885 0.000010 0.000010 0.033770 0.329407 0.124678
0.595961 0.054647 0.000010 0.038543 0.000010 0.029616 0.000010 0.201958 0.079245
0.518659 0.077072 0.000010 0.000010 0.000010 0.028683 0.000010 0.255256 0.120290
0.656750 0.000010 0.000010 0.020554 0.000010 0.071395 0.029942 0.221319 0.000010
0.831742 0.000010 0.000010 0.000010 0.000010 0.002251 0.000010 0.165947 0.000010
0.425147 0.023506 0.000010 0.159891 0.128375 0.000010 0.000010 0.185264 0.077787
0.375118 0.064496 0.000010 0.128418 0.000010 0.000010 0.096991 0.171911 0.163036
0.070947 0.000010 0.000010 0.161865 0.000010 0.056347 0.000010 0.085582 0.625219
0.290972 0.000010 0.000010 0.000010 0.132673 0.000010 0.000010 0.533683 0.042621
0.555933 0.180507 0.000010 0.000010 0.000010 0.000010 0.076208 0.000989 0.186323
0.599798 0.049374 0.000010 0.000010 0.003874 0.050892 0.000010 0.249095 0.046938
0.485168 0.000010 0.000010 0.044562 0.000010 0.000010 0.000010 0.190888 0.279331
0.589099 0.048393 0.000010 0.000010 0.000010 0.016938 0.076436 0.216897 0.052207
0.255710 0.000010 0.220840 0.133763 0.038866 0.003854 0.000010 0.253775 0.093171
0.501257 0.000010 0.080115 0.000010 0.000010 0.000010 0.040723 0.078546 0.299319
0.503989 0.138926 0.000011 0.000010 0.000010 0.000010 0.062044 0.161328 0.133673
0.592205 0.000010 0.000010 0.070541 0.000010 0.000010 0.000010 0.267264 0.069940
0.487979 0.000010 0.000010 0.111489 0.020179 0.000010 0.000010 0.194221 0.186092
0.378902 0.160475 0.000010 0.035350 0.000010 0.000010 0.000010 0.306310 0.118923
0.482147 0.000010 0.000010 0.000010 0.000010 0.029144 0.000010 0.377956 0.110703
0.304150 0.227415 0.000010 0.254390 0.000010 0.000010 0.000010 0.122600 0.091405
0.555067 0.022906 0.000010 0.000010 0.153385 0.000010 0.000010 0.166719 0.101883
0.547051 0.000010 0.000010 0.000010 0.000010 0.072538 0.099415 0.236948 0.044006
0.566064 0.000010 0.000010 0.000010 0.000010 0.000010 0.043407 0.293713 0.096766
0.515796 0.035299 0.251983 0.000010 0.000010 0.000010 0.019925 0.176957 0.000010
0.299086 0.144672 0.116878 0.184262 0.013941 0.000010 0.000010 0.224087 0.017054
0.636941 0.000011 0.000010 0.024435 0.000010 0.000010 0.000010 0.274207 0.064366
0.552557 0.034911 0.000010 0.002004 0.037742 0.048817 0.000010 0.132516 0.191433
0.635472 0.129249 0.000010 0.000010 0.019686 0.000010 0.006542 0.188506 0.020515
0.680913 0.017286 0.000010 0.000010 0.002103 0.000010 0.037926 0.261732 0.000010
0.672007 0.000010 0.000010 0.000010 0.000010 0.000010 0.000010 0.232967 0.094966
0.549716 0.118131 0.000010 0.000010 0.000010 0.000010 0.084811 0.102470 0.144832
0.413633 0.000010 0.029139 0.126710 0.083786 0.000010 0.076437 0.264509 0.005766
0.717319 0.000010 0.000010 0.000010 0.000010 0.000010 0.000010 0.282611 0.000010
0.541456 0.097162 0.000010 0.035872 0.135330 0.000010 0.000010 0.118547 0.071603
0.705399 0.027710 0.000010 0.001332 0.000010 0.054489 0.000010 0.211031 0.000010
0.728669 0.000010 0.000010 0.000010 0.020947 0.000010 0.000010 0.250324 0.000010
0.644187 0.101229 0.000010 0.102867 0.000010 0.035837 0.041100 0.000010 0.074750
0.513106 0.021629 0.000010 0.087265 0.082815 0.082008 0.000010 0.172112 0.041045
0.000010 0.000010 0.000010 0.000010 0.898385 0.000010 0.101545 0.000010 0.000010
0.000010 0.000010 0.000010 0.000010 0.905637 0.000010 0.094293 0.000010 0.000010
0.138768 0.000010 0.000010 0.000195 0.790065 0.000010 0.070922 0.000010 0.000010
0.064299 0.033812 0.058187 0.000010 0.717372 0.000246 0.126055 0.000010 0.000010
0.000010 0.000010 0.000010 0.000010 0.856013 0.000010 0.143917 0.000010 0.000010
0.000010 0.000010 0.000010 0.019276 0.980654 0.000010 0.000010 0.000010 0.000010
0.000010 0.020315 0.076970 0.052675 0.695345 0.000010 0.154655 0.000010 0.000010
0.625399 0.000010 0.000010 0.000011 0.000010 0.000010 0.000010 0.374529 0.000010
0.722252 0.064307 0.000010 0.000010 0.000010 0.000010 0.000010 0.213381 0.000010
0.608958 0.000010 0.020326 0.208117 0.000010 0.000010 0.000010 0.160027 0.002532
0.425301 0.091474 0.032441 0.362053 0.084570 0.004131 0.000010 0.000010 0.000010
0.667841 0.000010 0.000010 0.170317 0.077608 0.000010 0.000010 0.035075 0.049119
0.687067 0.000010 0.031899 0.149772 0.072509 0.023785 0.005608 0.029341 0.000010
0.315358 0.000010 0.000010 0.146161 0.041961 0.044459 0.080771 0.371261 0.000010
0.422755 0.000010 0.000010 0.123089 0.131425 0.009192 0.009436 0.304074 0.000010
0.562860 0.139990 0.000011 0.105115 0.012331 0.000010 0.030102 0.149570 0.000010
0.507762 0.006128 0.023068 0.330000 0.007257 0.000010 0.000010 0.088300 0.037465
0.507535 0.014927 0.000010 0.000010 0.000010 0.044321 0.000010 0.433167 0.000010
0.525288 0.000010 0.047013 0.155486 0.000010 0.000010 0.083196 0.188977 0.000010
0.374277 0.000010 0.081874 0.000010 0.000010 0.000010 0.000010 0.250977 0.292823
0.429162 0.000010 0.000010 0.189921 0.000010 0.000010 0.031068 0.310331 0.039477
0.519459 0.000010 0.000010 0.141908 0.072044 0.000010 0.004595 0.261954 0.000010
0.555050 0.000010 0.146277 0.033012 0.000010 0.000010 0.000010 0.107919 0.157702
0.351652 0.000012 0.000010 0.012061 0.000010 0.028501 0.028196 0.204051 0.375507
0.411062 0.000010 0.000010 0.000010 0.001908 0.000010 0.090285 0.342343 0.154362
0.648549 0.026253 0.000010 0.000010 0.001069 0.046487 0.055676 0.221937 0.000010
0.513509 0.000010 0.000010 0.000010 0.000010 0.053020 0.048768 0.196768 0.187895
0.621768 0.106488 0.018269 0.042773 0.000010 0.000010 0.000010 0.055435 0.155237
0.575237 0.000010 0.000010 0.063940 0.000010 0.000010 0.068187 0.292586 0.000010
0.406697 0.098425 0.054928 0.000010 0.000010 0.062552 0.008851 0.355528 0.013000
0.579318 0.000010 0.024157 0.098285 0.000010 0.011985 0.000010 0.286214 0.000010
0.484155 0.038043 0.039984 0.167781 0.041658 0.000010 0.000010 0.118036 0.110324
0.620217 0.000010 0.096317 0.000010 0.033197 0.000010 0.025551 0.167365 0.057325
0.524029 0.005367 0.000010 0.038903 0.006037 0.000010 0.005631 0.344260 0.075754
0.679146 0.000010 0.000408 0.032981 0.048243 0.000010 0.030004 0.209188 0.000010
0.327930 0.007692 0.000010 0.279975 0.000010 0.055370 0.000010 0.328993 0.000010
0.568237 0.000010 0.174371 0.000010 0.083367 0.000010 0.000010 0.173975 0.000010
0.402432 0.005934 0.000010 0.150876 0.000010 0.014193 0.092832 0.199333 0.134380
0.447958 0.000010 0.000010 0.214699 0.018987 0.024520 0.000010 0.293795 0.000010
0.349774 0.000010 0.115407 0.167817 0.047091 0.059181 0.000010 0.077671 0.183039
0.412924 0.063465 0.000010 0.121322 0.026106 0.000010 0.008911 0.200008 0.167243
0.641349 0.000011 0.000010 0.000010 0.028470 0.042051 0.000010 0.139147 0.148941
0.000010 0.948952 0.050977 0.000010 0.000010 0.000010 0.000010 0.000010 0.000010
0.000010 0.915478 0.084452 0.000010 0.000010 0.000010 0.000010 0.000010 0.000010
0.011153 0.895227 0.061966 0.003524 0.028090 0.000010 0.000010 0.000010 0.000010
0.012768 0.950533 0.000010 0.000010 0.000010 0.009986 0.025024 0.001649 0.000010
0.000010 0.057844 0.318129 0.000010 0.000010 0.000010 0.394202 0.181963 0.047821
0.008502 0.000010 0.540621 0.000010 0.000010 0.000010 0.383840 0.066987 0.000010
0.149818 0.000010 0.362680 0.012792 0.047572 0.000010 0.427099 0.000010 0.000010
0.006649 0.000010 0.391477 0.000013 0.000996 0.000010 0.545947 0.034313 0.020585
0.167510 0.000010 0.513503 0.000010 0.044132 0.000010 0.274805 0.000010 0.000010
0.000010 0.178573 0.257261 0.025538 0.000010 0.044945 0.493642 0.000010 0.000010
0.029698 0.000016 0.434039 0.000017 0.163355 0.000010 0.220357 0.133341 0.019166
0.012349 0.149933 0.542045 0.000010 0.048692 0.000010 0.246940 0.000010 0.000010
0.000010 0.000010 0.501079 0.176746 0.000010 0.018723 0.303402 0.000010 0.000010
0.000010 0.012291 0.529613 0.000010 0.062295 0.018762 0.376998 0.000010 0.000010
0.478909 0.025612 0.000010 0.298917 0.000010 0.027763 0.000010 0.168759 0.000010
0.420334 0.016929 0.000010 0.000010 0.021066 0.032083 0.012036 0.349935 0.147597
0.686238 0.022441 0.029717 0.019899 0.000010 0.017263 0.000010 0.127974 0.096448
0.321330 0.050144 0.145983 0.032983 0.076548 0.000010 0.000010 0.303605 0.069387
0.742213 0.000010 0.144464 0.000010 0.000010 0.000010 0.053567 0.059706 0.000010
0.359317 0.000010 0.116741 0.140362 0.095138 0.000010 0.000010 0.288401 0.000010
0.676306 0.000010 0.000010 0.066357 0.077800 0.000010 0.000010 0.179487 0.000010
0.478858 0.000010 0.065447 0.000010 0.000010 0.080056 0.000010 0.375589 0.000010
0.481246 0.053169 0.000010 0.030227 0.000010 0.083360 0.024222 0.323403 0.004353
0.267953 0.048388 0.000010 0.183039 0.005154 0.003259 0.003765 0.429510 0.058923
0.563536 0.000010 0.000010 0.000010 0.000010 0.062337 0.037954 0.274775 0.061357
0.556568 0.078443 0.037435 0.000010 0.012602 0.000010 0.000010 0.173714 0.141207
0.559284 0.000010 0.000010 0.000010 0.000010 0.025489 0.066768 0.348409 0.000010
0.499798 0.000010 0.000010 0.121353 0.011533 0.000010 0.000010 0.257980 0.109297
0.432171 0.038072 0.000010 0.000010 0.196213 0.000010 0.054029 0.066437 0.213048
0.459232 0.003278 0.000010 0.000010 0.000010 0.006846 0.066009 0.309932 0.154673
0.515901 0.000010 0.000010 0.000010 0.051987 0.035002 0.019173 0.377897 0.000010
0.339108 0.081837 0.000010 0.128136 0.010399 0.000010 0.000010 0.440480 0.000010
0.432930 0.000010 0.170956 0.000010 0.000010 0.043093 0.000010 0.275029 0.077952
0.697626 0.000010 0.000010 0.000010 0.032695 0.000010 0.000010 0.269619 0.000010
0.683163 0.087495 0.000010 0.032795 0.000010 0.124529 0.000010 0.035610 0.036377
0.000010 0.284843 0.467714 0.000010 0.013663 0.002530 0.231210 0.000010 0.000010
0.000010 0.000010 0.738819 0.000010 0.000010 0.000010 0.261111 0.000010 0.000010
0.000010 0.074994 0.518055 0.000010 0.000010 0.000010 0.406891 0.000010 0.000010
0.000010 0.080474 0.665173 0.000010 0.008859 0.024920 0.220534 0.000010 0.000010
0.028968 0.371846 0.283521 0.000010 0.000010 0.000010 0.292964 0.022661 0.000010
0.041623 0.108501 0.529831 0.000010 0.000010 0.000010 0.319995 0.000010 0.000010
0.000010 0.129678 0.603947 0.000010 0.000010 0.000010 0.266316 0.000010 0.000010
0.000010 0.000010 0.786598 0.000010 0.000010 0.000010 0.134431 0.078911 0.000010
0.000015 0.069908 0.717169 0.000010 0.035177 0.000010 0.082241 0.095459 0.000010
0.000010 0.000010 0.743484 0.000010 0.000010 0.000010 0.256446 0.000010 0.000010
0.000010 0.000010 0.775099 0.000010 0.000010 0.000010 0.172818 0.052023 0.000010
0.000010 0.027220 0.759547 0.000010 0.000010 0.000010 0.213173 0.000010 0.000010
0.011248 0.141388 0.692346 0.000010 0.058292 0.000010 0.096687 0.000010 0.000010
0.011448 0.119748 0.603701 0.000010 0.004362 0.000010 0.213856 0.046855 0.000010
0.024444 0.126424 0.570492 0.035655 0.000010 0.000010 0.218661 0.000010 0.024293
0.000010 0.000010 0.605812 0.000010 0.000010 0.019236 0.349975 0.000010 0.024927
0.000010 0.085422 0.661866 0.000010 0.000010 0.000010 0.227131 0.000010 0.025531
0.010438 0.000010 0.689071 0.000010 0.000010 0.000010 0.242426 0.058015 0.000010
0.000010 0.001442 0.685020 0.000010 0.000010 0.027661 0.265892 0.000010 0.019945
0.000010 0.152859 0.372118 0.000010 0.021927 0.000010 0.453046 0.000010 0.000010
0.000010 0.040755 0.587165 0.000010 0.000010 0.016882 0.285651 0.069507 0.000010
0.000010 0.186312 0.606789 0.000010 0.027502 0.000010 0.179347 0.000010 0.000010
0.000010 0.128376 0.767505 0.000010 0.000010 0.006514 0.097555 0.000010 0.000010
0.000010 0.154106 0.600472 0.000010 0.000010 0.000010 0.245362 0.000010 0.000010
0.000010 0.120162 0.501003 0.000010 0.055402 0.033376 0.289861 0.000167 0.000010
0.093281 0.165310 0.487512 0.006986 0.004493 0.000010 0.232871 0.009526 0.000010
0.000010 0.093073 0.672491 0.000010 0.000010 0.000010 0.234377 0.000010 0.000010
0.000010 0.138617 0.511901 0.000010 0.001464 0.078899 0.261739 0.007350 0.000010
0.000010 0.052124 0.616373 0.000010 0.000010 0.029086 0.271953 0.030424 0.000010
0.028204 0.000010 0.723260 0.000010 0.000010 0.000010 0.248477 0.000010 0.000010
0.000010 0.131986 0.391851 0.058092 0.036775 0.000010 0.381256 0.000010 0.000010
0.000010 0.000010 0.688615 0.000010 0.000010 0.000010 0.311315 0.000010 0.000010
0.124798 0.130521 0.346738 0.000010 0.000010 0.000010 0.397893 0.000010 0.000010
0.000010 0.000010 0.724656 0.000010 0.049674 0.017642 0.207978 0.000010 0.000010
0.000010 0.101838 0.635248 0.000010 0.000010 0.007727 0.255137 0.000010 0.000010
0.000010 0.048862 0.495369 0.013039 0.011688 0.000010 0.382509 0.048502 0.000010
0.000010 0.000010 0.624097 0.000010 0.000010 0.000010 0.375833 0.000010 0.000010
0.000010 0.000010 0.556120 0.000010 0.000010 0.016019 0.410443 0.017368 0.000010
0.036343 0.164669 0.523685 0.000010 0.025567 0.015370 0.234336 0.000010 0.000010
0.000010 0.048809 0.000010 0.000010 0.908738 0.000010 0.042393 0.000010 0.000010
0.000010 0.073832 0.000010 0.000010 0.898014 0.000010 0.006559 0.000010 0.021545
0.000010 0.193269 0.643272 0.000010 0.000010 0.000010 0.163399 0.000010 0.000010
0.000010 0.003437 0.718706 0.000010 0.000010 0.000010 0.277797 0.000010 0.000010
0.525524 0.000010 0.149132 0.049661 0.027285 0.049266 0.000010 0.173937 0.025174
0.437146 0.072584 0.000010 0.236754 0.051041 0.034862 0.043546 0.124048 0.000010
0.420969 0.000010 0.000010 0.238782 0.000010 0.000010 0.079229 0.260970 0.000010
0.499212 0.073639 0.000010 0.090229 0.015180 0.000010 0.000010 0.321700 0.000010
0.458093 0.000010 0.015524 0.278935 0.000010 0.000010 0.000010 0.191817 0.055590
0.256509 0.061319 0.000010 0.370383 0.015190 0.000010 0.064018 0.232552 0.000010
0.289943 0.175195 0.004913 0.309108 0.000010 0.019333 0.000010 0.201477 0.000010
0.233962 0.000010 0.079857 0.279339 0.062230 0.000010 0.053541 0.291041 0.000010
0.381385 0.000010 0.164321 0.196274 0.055246 0.000010 0.000010 0.196516 0.006228
0.368312 0.073271 0.059480 0.160782 0.000010 0.000010 0.000010 0.338116 0.000010
0.399049 0.002801 0.000010 0.205197 0.000010 0.000010 0.000010 0.392904 0.000010
0.385466 0.000011 0.000010 0.392710 0.000010 0.000010 0.019534 0.177600 0.024650
0.409608 0.049627 0.008878 0.159953 0.000010 0.000010 0.000010 0.303500 0.068405
0.060670 0.000010 0.736252 0.000010 0.000010 0.021150 0.181877 0.000010 0.000010
0.070471 0.153817 0.296360 0.036657 0.082681 0.000010 0.359984 0.000010 0.000010
0.000010 0.174852 0.164835 0.000010 0.000010 0.000010 0.501011 0.147673 0.011589
0.000010 0.053906 0.493984 0.000010 0.024283 0.000010 0.427777 0.000010 0.000010
0.000010 0.069737 0.563410 0.005581 0.043420 0.000010 0.317811 0.000010 0.000010
0.000010 0.198217 0.536059 0.000010 0.000010 0.000010 0.265664 0.000010 0.000010
0.000010 0.140526 0.644313 0.000010 0.000010 0.009943 0.205168 0.000010 0.000010
0.000010 0.000010 0.689819 0.000010 0.000010 0.000010 0.310111 0.000010 0.000010
0.011805 0.000010 0.592794 0.000010 0.012163 0.000010 0.383188 0.000010 0.000010
0.000010 0.154999 0.468950 0.000010 0.000010 0.000010 0.375991 0.000010 0.000010
0.042427 0.000010 0.643974 0.000010 0.000010 0.000010 0.184120 0.129429 0.000010
0.000018 0.277462 0.375335 0.044283 0.053753 0.000053 0.249076 0.000010 0.000010
