0.437641 0.000010 0.000010 0.033032 0.067056 0.052045 0.120009 0.290188 0.000010
0.412575 0.000010 0.000010 0.000010 0.018930 0.000010 0.116930 0.406129 0.045397
0.087850 0.000010 0.181753 0.249573 0.000010 0.031773 0.000010 0.449012 0.000010
0.197428 0.000010 0.025643 0.160937 0.016851 0.000010 0.040038 0.559073 0.000010
0.470877 0.037383 0.000010 0.000010 0.086807 0.000010 0.035688 0.369206 0.000010
0.127078 0.000010 0.000010 0.000010 0.048729 0.125808 0.217642 0.374000 0.106713
0.286490 0.000010 0.000010 0.000010 0.000010 0.000010 0.108079 0.605371 0.000010
0.000010 0.018085 0.000010 0.376100 0.000010 0.000010 0.046877 0.558888 0.000010
0.301697 0.000010 0.144600 0.000010 0.000010 0.095801 0.030434 0.376497 0.050940
0.190518 0.000010 0.000010 0.080974 0.000010 0.024078 0.122229 0.582161 0.000010
0.425766 0.000010 0.005498 0.003816 0.000010 0.000010 0.050492 0.514388 0.000010
0.301933 0.000010 0.032871 0.176856 0.000010 0.025701 0.088314 0.374294 0.000010
0.114366 0.000010 0.000010 0.283708 0.000010 0.000010 0.117596 0.484279 0.000010
0.181615 0.055995 0.000010 0.089878 0.000010 0.011869 0.000010 0.268857 0.391757
0.328247 0.000010 0.000010 0.140714 0.020549 0.000010 0.083605 0.426845 0.000010
0.271703 0.000010 0.000010 0.012621 0.000010 0.015502 0.081729 0.618405 0.000010
0.042051 0.000010 0.000010 0.252087 0.085845 0.040799 0.178385 0.400803 0.000010
0.351776 0.010822 0.000010 0.245716 0.051608 0.016066 0.000010 0.323982 0.000010
0.161226 0.009409 0.071152 0.000010 0.074686 0.000010 0.140802 0.542695 0.000010
0.133783 0.000010 0.013368 0.000010 0.000010 0.026904 0.174529 0.651376 0.000010
0.000010 0.000010 0.000010 0.327382 0.053271 0.074031 0.000010 0.491506 0.053771
0.193299 0.142468 0.032839 0.077450 0.000010 0.000010 0.096918 0.456996 0.000010
0.050227 0.030079 0.154206 0.114128 0.000010 0.000010 0.000010 0.651319 0.000010
0.242851 0.000010 0.116333 0.001965 0.018130 0.018170 0.150721 0.434300 0.017519
0.376527 0.064842 0.058973 0.000010 0.009936 0.072083 0.000010 0.417609 0.000010
0.444823 0.060161 0.000010 0.000010 0.000010 0.000010 0.137015 0.357951 0.000010
0.115310 0.000010 0.101608 0.107362 0.100856 0.000010 0.207992 0.285791 0.081061
0.312908 0.000010 0.000010 0.244611 0.000010 0.042614 0.028493 0.353041 0.018302
0.400046 0.000010 0.000010 0.000010 0.000010 0.000010 0.147379 0.452514 0.000010
0.440696 0.000010 0.000010 0.021438 0.028445 0.036326 0.019161 0.423799 0.030116
0.198571 0.081105 0.041345 0.114199 0.158269 0.000010 0.068697 0.207406 0.130398
0.352510 0.083779 0.000010 0.032959 0.032362 0.000010 0.044441 0.453919 0.000010
0.273329 0.019323 0.069561 0.009017 0.000010 0.000010 0.044117 0.584624 0.000010
0.330173 0.015571 0.000010 0.104579 0.023033 0.000010 0.000010 0.514925 0.011690
0.000820 0.000010 0.000010 0.306554 0.000010 0.000010 0.188205 0.467786 0.036595
0.233516 0.000010 0.224481 0.035233 0.000010 0.000010 0.000010 0.506721 0.000010
0.467901 0.020144 0.000010 0.004549 0.000010 0.000010 0.084178 0.358906 0.064292
0.260679 0.097702 0.000010 0.024752 0.022278 0.094150 0.000010 0.261299 0.239120
0.342853 0.000010 0.266910 0.000010 0.000010 0.000010 0.000010 0.390177 0.000010
0.353001 0.000010 0.000010 0.167657 0.039442 0.000010 0.128014 0.297158 0.014698
0.314272 0.099649 0.000010 0.000010 0.079020 0.003036 0.000010 0.503983 0.000010
0.000010 0.000010 0.191338 0.149550 0.009687 0.021256 0.045557 0.581772 0.000820
0.500809 0.000010 0.003282 0.226580 0.000010 0.000010 0.000010 0.269279 0.000010
0.123573 0.015371 0.026538 0.000010 0.159312 0.000010 0.092989 0.582186 0.000010
0.192718 0.016240 0.081484 0.022495 0.009519 0.011989 0.001350 0.554550 0.109654
0.368968 0.000010 0.000010 0.055512 0.000010 0.000010 0.125146 0.441295 0.009040
0.004716 0.000010 0.040705 0.332677 0.048489 0.041649 0.029663 0.502081 0.000010
0.121676 0.000010 0.099362 0.230552 0.000010 0.010666 0.011787 0.525927 0.000010
0.050233 0.094549 0.289347 0.241905 0.000010 0.000010 0.262825 0.061111 0.000010
0.145812 0.034910 0.265413 0.176402 0.106962 0.000010 0.000010 0.270472 0.000010
0.283405 0.000010 0.134127 0.245858 0.041301 0.026775 0.076294 0.192221 0.000010
0.189541 0.000010 0.194706 0.043616 0.058116 0.000010 0.153445 0.360546 0.000010
0.018365 0.097541 0.212448 0.238724 0.017289 0.000010 0.016415 0.399198 0.000010
0.400809 0.000010 0.329618 0.000010 0.000010 0.057398 0.106691 0.105443 0.000010
0.380655 0.013999 0.208306 0.189955 0.099827 0.000010 0.029349 0.077889 0.000010
0.011977 0.000010 0.253439 0.212685 0.000010 0.000010 0.140803 0.381057 0.000010
0.093299 0.000010 0.269290 0.012993 0.000010 0.063966 0.187854 0.372568 0.000010
0.203567 0.170473 0.282406 0.063142 0.026392 0.000010 0.154359 0.099642 0.000010
0.048136 0.087751 0.348230 0.000010 0.000010 0.000010 0.137160 0.315481 0.063212
0.000010 0.000010 0.457637 0.034622 0.000010 0.000010 0.170466 0.232357 0.104878
0.000010 0.073321 0.598692 0.119346 0.000010 0.001181 0.158982 0.047192 0.001265
0.212582 0.088742 0.315334 0.128221 0.003079 0.065564 0.108470 0.077997 0.000010
0.151226 0.000010 0.470900 0.000010 0.000010 0.000010 0.207104 0.170720 0.000010
0.257813 0.000010 0.082723 0.390378 0.000010 0.000010 0.034950 0.234096 0.000010
0.252968 0.068763 0.443418 0.000010 0.000010 0.046867 0.047544 0.140409 0.000010
0.293089 0.077004 0.226608 0.056768 0.028075 0.000010 0.069389 0.249045 0.000010
0.151503 0.084950 0.223640 0.084172 0.000010 0.000010 0.044536 0.410817 0.000361
0.000010 0.000010 0.644473 0.000010 0.000010 0.000010 0.220483 0.134984 0.000010
0.278106 0.080409 0.218100 0.033825 0.198077 0.000010 0.008956 0.182508 0.000010
0.455615 0.013209 0.026454 0.086424 0.098509 0.000010 0.070411 0.249358 0.000010
0.047649 0.000010 0.000010 0.038237 0.088358 0.043359 0.000010 0.192792 0.589574
0.362080 0.000010 0.000010 0.028518 0.066370 0.006508 0.040875 0.482402 0.013226
0.502967 0.000010 0.214686 0.052250 0.000010 0.000010 0.058211 0.171846 0.000010
0.306988 0.000010 0.000010 0.016836 0.000010 0.062246 0.060478 0.553412 0.000010
0.217270 0.000010 0.035807 0.065610 0.007380 0.008650 0.000010 0.665252 0.000010
0.085029 0.000010 0.000010 0.118509 0.000010 0.000010 0.153909 0.605154 0.037359
0.223835 0.070966 0.000010 0.126381 0.051212 0.000010 0.000010 0.494282 0.033293
0.174454 0.000010 0.053882 0.000010 0.000010 0.112380 0.011093 0.648153 0.000010
0.293741 0.047060 0.000010 0.013331 0.095953 0.000010 0.114614 0.435271 0.000010
0.512446 0.099222 0.045995 0.000010 0.000010 0.000010 0.000010 0.337185 0.005111
0.305982 0.110435 0.000010 0.000010 0.000010 0.112096 0.089582 0.359603 0.022272
0.111470 0.000010 0.000010 0.197440 0.170446 0.093261 0.053283 0.374070 0.000010
0.542214 0.000010 0.062798 0.000010 0.000010 0.000010 0.104976 0.289961 0.000010
0.376237 0.152960 0.062960 0.000010 0.137933 0.073770 0.000010 0.196110 0.000010
0.360971 0.000010 0.121193 0.012043 0.025193 0.000010 0.037405 0.443165 0.000010
0.147922 0.000010 0.000010 0.000010 0.025702 0.000010 0.191667 0.634659 0.000010
0.269611 0.000010 0.038266 0.142590 0.018276 0.039956 0.000010 0.366845 0.124436
0.555797 0.074612 0.022583 0.000010 0.000010 0.000010 0.000010 0.257681 0.089287
0.294388 0.000010 0.133031 0.000010 0.011900 0.000010 0.060471 0.305490 0.194690
0.447369 0.000010 0.028580 0.000010 0.000010 0.020859 0.000010 0.476989 0.026163
0.510812 0.008042 0.019177 0.051945 0.071924 0.120796 0.001553 0.215741 0.000010
0.388636 0.000010 0.184149 0.088802 0.000010 0.007345 0.031987 0.299051 0.000010
0.084540 0.000010 0.243281 0.162749 0.009149 0.000010 0.000010 0.500241 0.000010
0.245299 0.002514 0.000010 0.223221 0.000010 0.000010 0.200480 0.328445 0.000010
0.181060 0.000010 0.204991 0.000010 0.028978 0.000010 0.000010 0.584921 0.000010
0.110168 0.000010 0.040155 0.031878 0.000010 0.030122 0.196318 0.591330 0.000010
0.240347 0.094337 0.000010 0.163756 0.000010 0.044885 0.000010 0.456274 0.000371
0.099316 0.000010 0.000010 0.197543 0.000010 0.000010 0.228926 0.474165 0.000010
0.244763 0.015300 0.217334 0.000010 0.000010 0.000010 0.170429 0.352135 0.000010
0.046791 0.003073 0.154736 0.116897 0.000010 0.029278 0.197368 0.451838 0.000010
0.138833 0.000010 0.000010 0.106802 0.000010 0.016752 0.229274 0.493521 0.014787
0.148828 0.000010 0.000010 0.006945 0.031735 0.043493 0.112262 0.108773 0.547944
0.508731 0.000010 0.005337 0.000010 0.000010 0.000010 0.000010 0.485873 0.000010
0.240449 0.010264 0.000010 0.000010 0.155728 0.038226 0.107899 0.426876 0.020539
0.194515 0.000010 0.259601 0.000010 0.096944 0.015974 0.013766 0.419170 0.000010
0.172602 0.000010 0.000010 0.108906 0.019789 0.078749 0.023285 0.596639 0.000010
0.000010 0.000010 0.169596 0.220428 0.023415 0.004884 0.100879 0.368138 0.112640
0.120964 0.000010 0.032003 0.106198 0.000010 0.042828 0.059888 0.638089 0.000010
0.095318 0.000010 0.028192 0.051671 0.051108 0.001930 0.196394 0.575367 0.000010
0.270704 0.031691 0.070389 0.074057 0.054052 0.000010 0.014427 0.484661 0.000010
0.306063 0.000010 0.000010 0.080145 0.000010 0.000010 0.143987 0.469754 0.000010
0.139792 0.100065 0.000010 0.041066 0.000010 0.000010 0.009681 0.685646 0.023719
0.117405 0.019891 0.015294 0.114186 0.000010 0.000010 0.169959 0.563235 0.000010
0.285454 0.018310 0.089613 0.092434 0.049823 0.000010 0.090602 0.373743 0.000010
0.025007 0.000010 0.000010 0.067193 0.000010 0.045022 0.204617 0.658121 0.000010
0.276338 0.136216 0.000010 0.023529 0.000010 0.008897 0.184360 0.370630 0.000010
0.153779 0.003667 0.000010 0.055235 0.041371 0.000010 0.218798 0.527121 0.000010
0.187323 0.000010 0.223209 0.004422 0.000010 0.009863 0.125187 0.449966 0.000010
0.316669 0.000010 0.000010 0.218902 0.000010 0.035815 0.186269 0.242305 0.000010
0.394756 0.000010 0.000010 0.042379 0.000010 0.000010 0.132593 0.430222 0.000010
0.149046 0.000010 0.046714 0.140352 0.000010 0.000010 0.065553 0.575886 0.022418
0.317349 0.000010 0.000010 0.015572 0.108343 0.000010 0.078571 0.480125 0.000010
0.288868 0.000010 0.145514 0.104610 0.175319 0.092331 0.000010 0.193328 0.000010
0.208000 0.042108 0.000010 0.037311 0.000010 0.037517 0.161772 0.513261 0.000010
0.088689 0.000010 0.070045 0.258557 0.000010 0.000010 0.084073 0.498596 0.000010
0.000010 0.000010 0.054082 0.094719 0.117269 0.000010 0.105113 0.628776 0.000010
0.177732 0.000010 0.226501 0.254099 0.000010 0.000010 0.000010 0.341618 0.000010
0.072866 0.000010 0.108442 0.068365 0.000010 0.000010 0.121672 0.628614 0.000010
0.345352 0.012301 0.000010 0.082382 0.045007 0.000010 0.054565 0.450681 0.009693
0.409756 0.012565 0.013134 0.000010 0.000010 0.002456 0.025156 0.515975 0.020938
0.045777 0.070912 0.089091 0.000010 0.000010 0.000010 0.328836 0.411499 0.053856
0.179489 0.114722 0.000010 0.136558 0.123592 0.004153 0.056713 0.384753 0.000010
0.248436 0.022985 0.071649 0.003998 0.000010 0.020132 0.069090 0.563689 0.000010
0.104813 0.029361 0.000010 0.333425 0.007753 0.059308 0.025190 0.409628 0.030511
0.087614 0.067046 0.261750 0.081653 0.023358 0.000010 0.000010 0.478549 0.000010
0.267434 0.024260 0.000010 0.092389 0.034994 0.019131 0.259536 0.295456 0.006791
0.000010 0.000010 0.040437 0.273684 0.044498 0.000010 0.097912 0.543429 0.000010
0.201116 0.000010 0.126209 0.231617 0.000010 0.025845 0.127657 0.287525 0.000010
0.234157 0.000010 0.221512 0.000010 0.000010 0.019182 0.063986 0.461123 0.000010
0.398533 0.000010 0.000010 0.000010 0.000010 0.052831 0.123297 0.403719 0.021581
0.191401 0.002845 0.221825 0.113006 0.082978 0.000010 0.000010 0.387915 0.000010
0.293151 0.002136 0.000010 0.123141 0.007922 0.000010 0.259212 0.311560 0.002858
0.139068 0.000010 0.055648 0.229480 0.000010 0.023365 0.000010 0.552399 0.000010
0.000010 0.000010 0.000010 0.151698 0.000010 0.000010 0.266077 0.582165 0.000010
0.000010 0.043364 0.037961 0.248090 0.000010 0.000010 0.239212 0.431334 0.000010
0.011994 0.000010 0.000010 0.393498 0.000010 0.044157 0.133702 0.416609 0.000010
0.120583 0.053402 0.083266 0.045025 0.000010 0.000010 0.092318 0.555773 0.049613
0.277121 0.060344 0.000010 0.116641 0.071608 0.000010 0.092383 0.381873 0.000010
0.031010 0.144310 0.000010 0.219811 0.000010 0.000010 0.044774 0.447209 0.112856
0.174638 0.023517 0.000010 0.132169 0.000010 0.000010 0.079854 0.469911 0.119881
0.179206 0.117302 0.087922 0.039622 0.000010 0.000010 0.113297 0.462621 0.000010
0.108644 0.000010 0.000010 0.277022 0.041200 0.000010 0.133811 0.439282 0.000010
0.175389 0.000010 0.050963 0.065406 0.061073 0.029591 0.120972 0.496586 0.000010
0.010109 0.168554 0.092823 0.287440 0.000010 0.017258 0.000010 0.423787 0.000010
0.038525 0.076459 0.000010 0.227764 0.050913 0.001609 0.181661 0.416540 0.006518
0.195838 0.028360 0.000010 0.156201 0.121114 0.032959 0.030094 0.435413 0.000010
0.082350 0.085266 0.019974 0.158260 0.037456 0.009093 0.135478 0.380489 0.091635
0.000010 0.165942 0.000010 0.099035 0.000010 0.000010 0.093545 0.590693 0.050745
0.141523 0.000010 0.002375 0.361436 0.000010 0.000010 0.037366 0.457261 0.000010
0.215797 0.041007 0.000010 0.173293 0.003414 0.000010 0.041566 0.409800 0.115102
0.285821 0.000010 0.036180 0.065315 0.097107 0.000010 0.000010 0.515538 0.000010
0.176104 0.000010 0.000010 0.209269 0.014851 0.005363 0.124745 0.469638 0.000010
0.044210 0.000010 0.053573 0.169853 0.000010 0.000010 0.129113 0.603211 0.000010
0.169926 0.123123 0.000010 0.000010 0.091317 0.000010 0.069253 0.534257 0.012095
0.149670 0.010024 0.122746 0.066513 0.092098 0.000010 0.039876 0.519055 0.000010
0.325495 0.000010 0.133627 0.000010 0.000010 0.000010 0.060444 0.480384 0.000010
0.426376 0.000010 0.030945 0.060703 0.000010 0.000010 0.087079 0.394857 0.000010
0.033316 0.061107 0.000010 0.462464 0.000010 0.000010 0.128507 0.214199 0.100377
0.133065 0.097115 0.000808 0.000010 0.041644 0.081949 0.267403 0.377995 0.000010
0.072507 0.000010 0.000010 0.206256 0.069825 0.000010 0.189217 0.462155 0.000010
0.236936 0.112231 0.000010 0.000010 0.000010 0.000010 0.186383 0.464401 0.000010
0.000010 0.083449 0.077643 0.107399 0.000010 0.038188 0.165809 0.527482 0.000010
0.387224 0.000010 0.105655 0.000010 0.000010 0.000010 0.091353 0.365280 0.050448
0.170126 0.065657 0.097655 0.136939 0.000010 0.000010 0.102405 0.346153 0.081045
0.237765 0.038204 0.000010 0.138213 0.014348 0.000010 0.087846 0.391357 0.092248
0.280773 0.081705 0.000010 0.000010 0.022578 0.010723 0.126215 0.477976 0.000010
0.000010 0.027193 0.028014 0.182163 0.074341 0.009062 0.106345 0.432752 0.140120
0.256333 0.000010 0.000010 0.101271 0.000410 0.000010 0.161696 0.480250 0.000010
0.233778 0.016194 0.069146 0.219413 0.000010 0.026445 0.041123 0.305360 0.088531
0.000010 0.000010 0.005604 0.257495 0.022683 0.000010 0.268351 0.445826 0.000010
0.000010 0.014075 0.061274 0.157118 0.000010 0.000010 0.163035 0.604458 0.000010
0.287461 0.000010 0.148198 0.000010 0.016497 0.061947 0.139587 0.346279 0.000010
0.093167 0.090207 0.073021 0.202786 0.063362 0.001053 0.000010 0.433986 0.042409
0.000010 0.000010 0.257788 0.119138 0.000010 0.000010 0.110392 0.512631 0.000010
0.116898 0.000010 0.103695 0.143272 0.000010 0.000010 0.254627 0.381467 0.000010
0.095636 0.093183 0.053212 0.013040 0.046201 0.061246 0.204696 0.432776 0.000010
0.106157 0.000010 0.111330 0.229138 0.000010 0.049164 0.039760 0.464421 0.000010
0.000010 0.000010 0.000010 0.000010 0.000010 0.470190 0.086127 0.000010 0.443623
0.000010 0.000010 0.000010 0.000010 0.000010 0.455743 0.000010 0.000010 0.544187
0.023528 0.000010 0.000010 0.000010 0.000010 0.411432 0.000010 0.000010 0.564979
0.000010 0.000010 0.000010 0.000010 0.000010 0.355706 0.000010 0.000010 0.644224
0.000010 0.000010 0.000010 0.000010 0.000010 0.413499 0.000010 0.000010 0.586431
0.000010 0.000010 0.000010 0.000010 0.000010 0.346438 0.000010 0.000010 0.653492
0.000010 0.000010 0.000010 0.000010 0.004928 0.396768 0.000010 0.000010 0.598244
0.000010 0.000010 0.000010 0.000010 0.000010 0.360110 0.000010 0.000010 0.639820
0.000010 0.000010 0.000010 0.000010 0.000010 0.305302 0.000010 0.008703 0.685936
0.000010 0.000010 0.000010 0.000010 0.051883 0.300849 0.000010 0.000010 0.647208
0.000010 0.000010 0.000010 0.000010 0.000010 0.458063 0.035267 0.000010 0.506610
0.090441 0.000010 0.000010 0.000010 0.000010 0.153148 0.024453 0.000010 0.731908
0.000010 0.016861 0.000010 0.000010 0.003817 0.396391 0.000935 0.014430 0.567536
0.000010 0.000010 0.044960 0.000010 0.000010 0.493070 0.000010 0.000010 0.461910
0.001958 0.000010 0.000010 0.000010 0.000010 0.507566 0.000010 0.000010 0.490416
0.020811 0.000010 0.020913 0.000010 0.000010 0.430450 0.002472 0.000010 0.525314
0.000010 0.000010 0.000010 0.023979 0.000010 0.370151 0.006292 0.000010 0.599528
0.000010 0.000010 0.000010 0.000010 0.000010 0.354907 0.000010 0.000010 0.645023
0.000010 0.000010 0.000010 0.015866 0.000010 0.430275 0.000010 0.000010 0.553798
0.000010 0.000010 0.000010 0.000010 0.000010 0.224423 0.007764 0.000010 0.767753
0.000010 0.000010 0.000010 0.000010 0.046690 0.555163 0.000010 0.000010 0.398087
0.000010 0.016336 0.000010 0.000010 0.000010 0.324008 0.026194 0.000010 0.633412
0.034246 0.000010 0.000010 0.000010 0.000010 0.391116 0.000010 0.000010 0.574579
0.000010 0.069746 0.000010 0.000010 0.000010 0.392987 0.000010 0.000010 0.537208
0.000010 0.000010 0.000010 0.000010 0.000010 0.408053 0.009469 0.000010 0.582419
0.000010 0.029825 0.000010 0.000010 0.006646 0.378763 0.000010 0.000010 0.584717
0.000010 0.046802 0.000010 0.000010 0.027163 0.421328 0.000010 0.025100 0.479566
0.000010 0.000010 0.000010 0.000010 0.000010 0.417923 0.000010 0.000010 0.582007
0.045649 0.000010 0.000010 0.000010 0.897571 0.000010 0.056721 0.000010 0.000010
0.326196 0.052718 0.000010 0.238797 0.005146 0.012561 0.000010 0.364552 0.000010
0.359007 0.000010 0.000010 0.465177 0.114728 0.000010 0.061037 0.000010 0.000010
0.180167 0.000010 0.112457 0.426213 0.042144 0.000010 0.000010 0.238978 0.000010
0.069168 0.104979 0.015542 0.471170 0.015687 0.000010 0.000010 0.253939 0.069494
0.274165 0.000010 0.003565 0.442282 0.000010 0.000010 0.132972 0.146975 0.000010
0.241883 0.000010 0.000010 0.378516 0.026037 0.000010 0.029856 0.312929 0.010748
0.106123 0.000010 0.000010 0.461435 0.000010 0.000010 0.086116 0.338532 0.007755
0.363382 0.006183 0.000010 0.262382 0.107169 0.000010 0.000010 0.211776 0.049079
0.362588 0.000010 0.000010 0.305462 0.053312 0.000010 0.098609 0.179989 0.000010
0.450251 0.028061 0.030382 0.411188 0.000010 0.000010 0.035238 0.044851 0.000010
0.323383 0.051414 0.000010 0.380582 0.009551 0.011217 0.069189 0.154644 0.000010
0.148082 0.000010 0.132530 0.500136 0.095008 0.000010 0.045168 0.030902 0.048155
0.309158 0.054837 0.000010 0.518302 0.000010 0.000010 0.020874 0.096789 0.000010
0.511110 0.000010 0.019340 0.175176 0.000010 0.000010 0.077935 0.216399 0.000010
0.483435 0.075998 0.000010 0.197488 0.000010 0.000010 0.002013 0.221076 0.019961
0.288839 0.050748 0.000010 0.273932 0.162508 0.000010 0.022174 0.201769 0.000010
0.472915 0.051570 0.000010 0.209698 0.016444 0.000010 0.015549 0.233795 0.000010
0.442080 0.000010 0.000010 0.343809 0.007619 0.000010 0.018762 0.187690 0.000010
0.222731 0.000010 0.096904 0.351397 0.000010 0.054260 0.109587 0.165090 0.000010
0.212918 0.000010 0.000010 0.396077 0.000010 0.039466 0.051017 0.300482 0.000010
0.368793 0.000010 0.116598 0.500892 0.000010 0.000010 0.000010 0.013666 0.000010
0.360418 0.091858 0.000010 0.182346 0.093795 0.008774 0.072929 0.189860 0.000010
0.313715 0.023630 0.000010 0.352886 0.049591 0.004332 0.094727 0.148526 0.012583
0.138778 0.000010 0.015248 0.480373 0.000010 0.000010 0.097135 0.268426 0.000010
0.270386 0.000010 0.007196 0.372153 0.124839 0.000010 0.000010 0.225387 0.000010
0.201450 0.170640 0.000010 0.351218 0.002590 0.000010 0.158313 0.115759 0.000010
0.221941 0.002408 0.000010 0.557556 0.000010 0.018168 0.000010 0.199887 0.000010
0.481583 0.000010 0.047562 0.283454 0.020002 0.034370 0.045009 0.088000 0.000010
0.000010 0.056175 0.000010 0.000010 0.943755 0.000010 0.000010 0.000010 0.000010
0.000010 0.000010 0.002026 0.000010 0.976804 0.000010 0.000010 0.021110 0.000010
0.045043 0.000010 0.000010 0.000010 0.949548 0.005349 0.000010 0.000010 0.000010
0.000010 0.000010 0.000010 0.000010 0.955082 0.000010 0.044848 0.000010 0.000010
0.000010 0.000010 0.100763 0.000010 0.698553 0.000010 0.183182 0.017451 0.000010
0.000010 0.000010 0.000010 0.000010 0.968474 0.000010 0.000010 0.031456 0.000010
0.000010 0.000010 0.000010 0.000010 0.973113 0.026817 0.000010 0.000010 0.000010
0.000010 0.000010 0.000010 0.000010 0.970369 0.000010 0.029561 0.000010 0.000010
0.000010 0.000010 0.000010 0.000010 0.998015 0.000010 0.000010 0.001915 0.000010
0.000010 0.000010 0.000010 0.000010 0.978861 0.000010 0.000010 0.021069 0.000010
0.000010 0.000010 0.000010 0.000010 0.811088 0.000010 0.000010 0.188842 0.000010
0.000010 0.000010 0.000010 0.000010 0.999920 0.000010 0.000010 0.000010 0.000010
0.044085 0.000010 0.000010 0.000010 0.947368 0.000010 0.000010 0.008488 0.000010
0.000010 0.000010 0.000010 0.000010 0.961076 0.000010 0.000010 0.038854 0.000010
0.000010 0.000010 0.000010 0.000012 0.976284 0.000010 0.000010 0.023644 0.000010
0.000010 0.000010 0.000010 0.000010 0.999920 0.000010 0.000010 0.000010 0.000010
0.000010 0.000010 0.000010 0.000010 0.933114 0.000010 0.066816 0.000010 0.000010
0.580214 0.008855 0.061773 0.251556 0.000010 0.000010 0.000010 0.097562 0.000010
0.612939 0.055405 0.005382 0.041461 0.000010 0.000010 0.010217 0.258405 0.016171
0.447923 0.008084 0.061700 0.105013 0.029888 0.000010 0.031534 0.307121 0.008727
0.614800 0.000010 0.000010 0.021018 0.000010 0.000010 0.000010 0.346772 0.017361
0.637586 0.019080 0.074883 0.099725 0.000010 0.000010 0.000010 0.168685 0.000010
0.570953 0.000010 0.198933 0.000010 0.012050 0.000010 0.002511 0.178044 0.037479
0.391890 0.000010 0.045868 0.173882 0.111424 0.002455 0.000010 0.219034 0.055428
0.562360 0.000010 0.128134 0.119500 0.000010 0.000010 0.000010 0.189955 0.000010
0.714735 0.000010 0.045586 0.000010 0.003774 0.000010 0.006954 0.228912 0.000010
0.703227 0.022721 0.024026 0.049174 0.106827 0.010749 0.000010 0.066932 0.016334
0.511755 0.000010 0.000010 0.000010 0.126911 0.000010 0.100540 0.260744 0.000010
0.519088 0.000010 0.000010 0.000010 0.001786 0.007913 0.029483 0.367366 0.074334
0.550884 0.000010 0.000010 0.000010 0.024096 0.038444 0.011884 0.374653 0.000010
0.414840 0.000010 0.050107 0.136705 0.017726 0.000010 0.000010 0.380581 0.000010
0.539574 0.068254 0.133013 0.092873 0.000010 0.000010 0.000010 0.166247 0.000010
0.437229 0.000010 0.000010 0.000010 0.000010 0.024199 0.004447 0.534076 0.000010
0.517909 0.084195 0.000010 0.000010 0.000010 0.000010 0.033502 0.296994 0.067359
0.600711 0.007702 0.005327 0.135692 0.000010 0.000010 0.000010 0.250527 0.000010
0.380344 0.000010 0.047954 0.129623 0.005351 0.000010 0.046322 0.338669 0.051718
0.532058 0.056140 0.151445 0.107684 0.000010 0.039887 0.000010 0.112757 0.000010
0.484695 0.000010 0.076201 0.101323 0.000010 0.000010 0.000010 0.337732 0.000010
0.524840 0.000010 0.000010 0.090611 0.000010 0.055576 0.000010 0.328922 0.000010
0.522540 0.000010 0.000010 0.139351 0.000010 0.000010 0.027347 0.310713 0.000010
0.861826 0.000010 0.000010 0.000010 0.027064 0.000010 0.000010 0.111050 0.000010
0.422080 0.000010 0.000010 0.324450 0.131478 0.000010 0.009997 0.111955 0.000010
0.441958 0.017539 0.045947 0.136945 0.000010 0.000010 0.000010 0.265557 0.092023
0.593054 0.000010 0.000010 0.039274 0.000010 0.000010 0.000010 0.288149 0.079473
0.626970 0.034131 0.000010 0.016251 0.019321 0.000010 0.000010 0.260033 0.043264
0.303519 0.127291 0.069664 0.362088 0.000010 0.000010 0.000010 0.000010 0.137398
0.735779 0.000010 0.000010 0.000010 0.000010 0.000010 0.000010 0.185862 0.078299
0.694197 0.035581 0.000010 0.000010 0.005315 0.000010 0.000010 0.235491 0.029375
0.656438 0.000010 0.114115 0.029748 0.000010 0.000010 0.000010 0.199649 0.000010
0.700929 0.000010 0.048298 0.000010 0.000010 0.000010 0.000010 0.229837 0.020885
0.361284 0.000010 0.163387 0.000010 0.042193 0.000010 0.057852 0.375244 0.000010
0.425262 0.000010 0.000010 0.145630 0.000010 0.000010 0.000010 0.343702 0.085356
0.488355 0.075981 0.074055 0.079551 0.009581 0.000010 0.000010 0.259664 0.012794
0.532584 0.059293 0.000010 0.074367 0.000010 0.000010 0.129358 0.189969 0.014399
0.492385 0.000010 0.000010 0.000010 0.000010 0.000010 0.060012 0.447544 0.000010
0.596843 0.022711 0.000010 0.124210 0.004514 0.000010 0.000010 0.251683 0.000010
0.674699 0.000010 0.000010 0.012122 0.000010 0.000010 0.000010 0.313119 0.000010
0.523675 0.002244 0.107047 0.000498 0.000010 0.000010 0.000010 0.366496 0.000010
0.480387 0.029377 0.000010 0.332887 0.026830 0.000010 0.030040 0.100449 0.000010
0.671643 0.000010 0.000010 0.000010 0.000010 0.017068 0.000010 0.311228 0.000010
0.589154 0.046597 0.000010 0.005158 0.000010 0.007664 0.050643 0.300754 0.000010
0.385601 0.063931 0.000010 0.178844 0.000010 0.050740 0.000010 0.148540 0.172314
0.428697 0.003611 0.086945 0.000010 0.006592 0.112987 0.095741 0.178756 0.086662
0.513545 0.000010 0.000010 0.003092 0.096197 0.000010 0.000010 0.236355 0.150770
0.400357 0.144451 0.000010 0.000010 0.000010 0.000010 0.000010 0.438968 0.016174
0.398943 0.000010 0.000010 0.270378 0.021627 0.000010 0.053657 0.255355 0.000010
0.551952 0.000010 0.000010 0.156115 0.014496 0.000010 0.000010 0.277387 0.000010
0.793072 0.000010 0.000010 0.000010 0.000010 0.020330 0.019083 0.167465 0.000010
0.689087 0.000010 0.000010 0.000010 0.099798 0.000010 0.034762 0.092386 0.083927
0.641189 0.078946 0.000010 0.000010 0.000010 0.059665 0.069257 0.088253 0.062660
0.556035 0.000010 0.000010 0.000010 0.000010 0.069305 0.000010 0.374600 0.000010
0.564440 0.102456 0.000010 0.027302 0.000010 0.021780 0.009199 0.207869 0.066933
0.100536 0.000010 0.077513 0.014383 0.035774 0.063681 0.000010 0.025940 0.682153
0.578697 0.133942 0.000010 0.000010 0.000010 0.000010 0.039645 0.208466 0.039210
0.460751 0.000010 0.072258 0.000010 0.000010 0.000010 0.106848 0.024452 0.335651
0.634016 0.000010 0.000010 0.092229 0.138293 0.000010 0.000010 0.135412 0.000010
0.594407 0.000010 0.037182 0.000010 0.000010 0.069398 0.000010 0.273888 0.025086
0.562820 0.000010 0.000010 0.257604 0.000010 0.000010 0.000010 0.179517 0.000010
0.560462 0.024871 0.146770 0.000010 0.000010 0.000010 0.000010 0.000010 0.267847
0.586449 0.000010 0.045842 0.000010 0.015074 0.000010 0.000010 0.352585 0.000010
0.310087 0.000010 0.000010 0.000010 0.085395 0.000010 0.000010 0.515725 0.088743
0.646508 0.151094 0.000010 0.000010 0.000010 0.057089 0.071449 0.000010 0.073819
0.587423 0.000010 0.000010 0.000010 0.000010 0.000010 0.144304 0.244270 0.023953
0.364225 0.000010 0.238641 0.161403 0.000010 0.031442 0.041614 0.154848 0.007807
0.804875 0.000010 0.000010 0.000010 0.102053 0.053901 0.000010 0.000010 0.039122
0.422379 0.084162 0.000010 0.000010 0.059867 0.000010 0.000010 0.338958 0.094595
0.604245 0.000010 0.000010 0.000010 0.045962 0.000010 0.000010 0.349733 0.000010
0.510507 0.000010 0.000010 0.000010 0.173156 0.011848 0.055828 0.230503 0.018127
0.525115 0.000010 0.000010 0.000010 0.048015 0.052147 0.000010 0.186425 0.188257
0.498514 0.000010 0.045324 0.141728 0.026894 0.000010 0.000010 0.192438 0.095072
0.439069 0.066595 0.000010 0.026722 0.035759 0.000010 0.000010 0.150382 0.281443
0.769891 0.063413 0.000010 0.000010 0.049288 0.000010 0.016460 0.048985 0.051933
0.606997 0.000010 0.000010 0.000010 0.015044 0.021260 0.000010 0.280129 0.076530
0.790544 0.056670 0.000010 0.000010 0.021390 0.000010 0.000010 0.079715 0.051641
0.359514 0.020182 0.000010 0.120643 0.052964 0.024976 0.049755 0.297929 0.074025
0.405169 0.000010 0.000010 0.146843 0.032685 0.000010 0.000010 0.415253 0.000010
0.470809 0.000010 0.000010 0.136466 0.104153 0.000010 0.052933 0.030827 0.204783
0.728022 0.036418 0.000010 0.000010 0.000010 0.018343 0.000010 0.198101 0.019076
0.639826 0.062400 0.000010 0.044694 0.000010 0.000010 0.000010 0.246279 0.006760
0.714284 0.104787 0.000010 0.000010 0.019602 0.000010 0.000010 0.161277 0.000010
0.341171 0.030530 0.000010 0.120975 0.000010 0.066862 0.000010 0.287403 0.153028
0.724479 0.000010 0.095404 0.000010 0.044158 0.000010 0.015845 0.120074 0.000010
0.484552 0.170365 0.000010 0.211507 0.000010 0.000010 0.000010 0.063600 0.069936
0.330383 0.000010 0.000010 0.000010 0.164748 0.011741 0.000010 0.493077 0.000010
0.000010 0.000010 0.000010 0.036036 0.813992 0.000010 0.122643 0.027279 0.000010
0.007968 0.000010 0.000010 0.000010 0.857115 0.000010 0.121030 0.013837 0.000010
0.000010 0.000010 0.034680 0.028247 0.617090 0.000010 0.319934 0.000010 0.000010
0.000010 0.036494 0.000010 0.000010 0.963436 0.000010 0.000010 0.000010 0.000010
0.000010 0.000010 0.072785 0.000010 0.656586 0.000010 0.270569 0.000010 0.000010
0.000010 0.016421 0.031650 0.000010 0.935743 0.000010 0.016136 0.000010 0.000010
0.000726 0.000010 0.207809 0.000010 0.728443 0.000010 0.014136 0.000010 0.048846
0.642620 0.000010 0.000010 0.040721 0.000010 0.001164 0.110915 0.119807 0.084744
0.708676 0.000010 0.000010 0.125320 0.000010 0.099735 0.000010 0.066219 0.000010
0.666405 0.050659 0.000010 0.188082 0.094804 0.000010 0.000010 0.000010 0.000010
0.820440 0.000010 0.031024 0.067572 0.000010 0.000010 0.000010 0.080914 0.000010
0.621538 0.039820 0.038360 0.080449 0.061154 0.022610 0.004670 0.131388 0.000010
0.630722 0.000010 0.034864 0.180363 0.000010 0.016170 0.000010 0.137841 0.000010
0.526371 0.026862 0.117120 0.115133 0.000010 0.000010 0.000010 0.214474 0.000010
0.559414 0.119761 0.000010 0.137779 0.035584 0.032532 0.005179 0.109731 0.000010
0.486702 0.040658 0.000010 0.169885 0.000010 0.000010 0.000010 0.232768 0.069948
0.211960 0.193206 0.036822 0.320596 0.000010 0.000010 0.108918 0.128469 0.000010
0.627756 0.048940 0.000010 0.000010 0.000010 0.001197 0.000010 0.253257 0.068811
0.401297 0.027280 0.102790 0.177372 0.000010 0.000010 0.048203 0.243028 0.000010
0.755919 0.000010 0.027059 0.076645 0.000010 0.000010 0.038032 0.102305 0.000010
0.640847 0.174322 0.000010 0.000010 0.000010 0.026862 0.025949 0.051685 0.080304
0.442373 0.135068 0.000010 0.000010 0.000010 0.043141 0.084559 0.211074 0.083755
0.565408 0.000010 0.000010 0.000010 0.000010 0.000010 0.000010 0.434522 0.000010
0.663974 0.051021 0.048911 0.000010 0.000010 0.000010 0.000010 0.162591 0.073464
0.467287 0.000010 0.000010 0.084248 0.000010 0.000010 0.000010 0.353055 0.095361
0.421886 0.117683 0.000010 0.227521 0.015279 0.000010 0.000010 0.205028 0.012572
0.681046 0.062750 0.063545 0.015342 0.000010 0.078195 0.044134 0.054969 0.000010
0.369987 0.019361 0.050741 0.141937 0.014832 0.000010 0.000010 0.256233 0.146889
0.549713 0.000010 0.000010 0.153292 0.000010 0.000010 0.000010 0.296936 0.000010
0.565761 0.000010 0.000010 0.000010 0.006922 0.002837 0.156568 0.208879 0.059003
0.620141 0.030368 0.000010 0.000010 0.020745 0.011334 0.089138 0.126126 0.102128
0.670692 0.000010 0.000010 0.000010 0.000010 0.000010 0.000010 0.280234 0.049014
0.703504 0.069931 0.000010 0.086724 0.000010 0.000010 0.000010 0.000010 0.139790
0.499534 0.000010 0.000010 0.000010 0.065974 0.152049 0.069141 0.201154 0.012117
0.597201 0.037497 0.161238 0.000010 0.000010 0.006137 0.035302 0.162595 0.000010
0.593401 0.075220 0.091332 0.000010 0.000010 0.116445 0.000010 0.078764 0.044808
0.552181 0.000010 0.000010 0.161376 0.061473 0.046447 0.000010 0.178483 0.000010
0.527350 0.000010 0.115637 0.129314 0.000010 0.000010 0.036986 0.190673 0.000010
0.737840 0.022874 0.000010 0.019789 0.000010 0.013097 0.000010 0.206360 0.000010
0.502029 0.000010 0.000010 0.000010 0.027370 0.063597 0.127872 0.279093 0.000010
0.542703 0.008651 0.000010 0.124858 0.000010 0.000010 0.000010 0.208453 0.115295
0.715758 0.000010 0.000010 0.000010 0.047844 0.056654 0.000010 0.163899 0.015806
0.000010 0.916666 0.000010 0.000010 0.083264 0.000010 0.000010 0.000010 0.000010
0.000010 0.850520 0.099937 0.034403 0.000010 0.000010 0.015090 0.000010 0.000010
0.000010 0.837789 0.044738 0.000010 0.048061 0.000010 0.069362 0.000010 0.000010
0.000010 0.969025 0.011501 0.000010 0.019414 0.000010 0.000010 0.000010 0.000010
0.019344 0.145360 0.353873 0.000010 0.189315 0.048942 0.243137 0.000010 0.000010
0.000010 0.000010 0.743937 0.000010 0.000795 0.000010 0.222560 0.020036 0.012632
0.000010 0.000010 0.393854 0.139377 0.164626 0.000010 0.261085 0.041017 0.000010
0.000010 0.000010 0.554441 0.000010 0.000010 0.000010 0.445489 0.000010 0.000010
0.000010 0.000010 0.428596 0.010598 0.000010 0.000010 0.490646 0.070110 0.000010
0.000010 0.000010 0.632611 0.000010 0.058241 0.000010 0.309088 0.000010 0.000010
0.000010 0.000010 0.516670 0.051882 0.000010 0.000010 0.328218 0.103180 0.000010
0.000010 0.026427 0.716500 0.000010 0.000010 0.000010 0.257013 0.000010 0.000010
0.039123 0.000010 0.573485 0.000010 0.066751 0.000010 0.320591 0.000010 0.000010
0.000010 0.000010 0.558361 0.091309 0.031803 0.000010 0.318478 0.000010 0.000010
0.320322 0.001296 0.013553 0.497477 0.011796 0.000010 0.043611 0.111926 0.000010
0.584330 0.071322 0.000010 0.000010 0.000010 0.106142 0.000010 0.212451 0.025715
0.847766 0.026445 0.000010 0.001887 0.000010 0.000010 0.000010 0.123852 0.000010
0.483574 0.127967 0.006838 0.014801 0.026671 0.022214 0.000010 0.219721 0.098204
0.514086 0.000010 0.044745 0.121405 0.000010 0.126510 0.025508 0.167715 0.000010
0.361585 0.017556 0.000010 0.131020 0.025189 0.000010 0.000010 0.293776 0.170845
0.624246 0.068479 0.000010 0.000010 0.088417 0.055169 0.000010 0.124453 0.039205
0.717780 0.007458 0.065685 0.000010 0.023168 0.000010 0.000010 0.185868 0.000010
0.576294 0.000010 0.000010 0.069291 0.002887 0.002525 0.000010 0.348963 0.000010
0.596424 0.000010 0.000010 0.000010 0.000010 0.060562 0.086001 0.155815 0.101158
0.528670 0.000010 0.000010 0.000010 0.077261 0.000010 0.000010 0.342496 0.051523
0.502275 0.076206 0.000010 0.000010 0.000010 0.062033 0.000010 0.359436 0.000010
0.656657 0.058399 0.000010 0.000010 0.044386 0.000010 0.000010 0.183034 0.057483
0.408986 0.000010 0.234625 0.182587 0.000010 0.136678 0.000010 0.034940 0.002154
0.317903 0.000010 0.012888 0.288039 0.027070 0.051910 0.000010 0.167921 0.134250
0.385458 0.000010 0.000010 0.018095 0.141450 0.042950 0.000010 0.292973 0.119044
0.611761 0.068361 0.000010 0.000010 0.000010 0.000010 0.000010 0.085876 0.233952
0.380081 0.000010 0.186450 0.000010 0.009071 0.041187 0.000010 0.182677 0.200504
0.625927 0.092382 0.000010 0.054274 0.000010 0.000010 0.000010 0.056793 0.170584
0.468899 0.000010 0.197373 0.044012 0.000010 0.050011 0.000010 0.206731 0.032944
0.497288 0.021089 0.095671 0.000010 0.032532 0.024227 0.023032 0.306142 0.000010
0.000010 0.000010 0.590661 0.009719 0.000010 0.000010 0.282216 0.117354 0.000010
0.000010 0.000010 0.741361 0.000010 0.000010 0.000010 0.258569 0.000010 0.000010
0.000010 0.080059 0.667580 0.000010 0.000010 0.000010 0.210014 0.041090 0.001217
0.000010 0.000010 0.742224 0.000010 0.000010 0.000010 0.257706 0.000010 0.000010
0.000010 0.000010 0.697496 0.000010 0.000010 0.000010 0.302434 0.000010 0.000010
0.000010 0.000010 0.618798 0.007009 0.031226 0.000010 0.323300 0.011758 0.007879
0.000010 0.000010 0.743774 0.000010 0.001198 0.000010 0.178611 0.073778 0.002600
0.000010 0.012179 0.588983 0.000010 0.000010 0.000010 0.370570 0.018857 0.009371
0.000010 0.099482 0.617250 0.000010 0.000010 0.000010 0.262256 0.020961 0.000010
0.000010 0.161165 0.603284 0.000010 0.000010 0.000010 0.196375 0.039125 0.000010
0.000010 0.074301 0.553224 0.000010 0.000010 0.000010 0.372415 0.000010 0.000010
0.002555 0.008871 0.765017 0.000010 0.000010 0.000010 0.223507 0.000010 0.000010
0.000010 0.093864 0.692477 0.033473 0.000010 0.020110 0.160035 0.000010 0.000010
0.000010 0.015213 0.665376 0.000010 0.000010 0.000010 0.169149 0.150212 0.000010
0.000010 0.011945 0.704320 0.000010 0.000010 0.000010 0.219133 0.064551 0.000010
0.023650 0.141749 0.378469 0.033578 0.035420 0.000010 0.387103 0.000010 0.000010
0.000010 0.000010 0.644153 0.000010 0.022436 0.011789 0.260053 0.061528 0.000010
0.000010 0.059647 0.685351 0.000010 0.000010 0.000010 0.254942 0.000010 0.000010
0.000010 0.004247 0.659466 0.000010 0.000010 0.000010 0.336227 0.000010 0.000010
0.000010 0.001283 0.795465 0.030735 0.000010 0.000010 0.165026 0.007451 0.000010
0.000010 0.000010 0.576127 0.000010 0.000010 0.000010 0.365983 0.056919 0.000921
0.000010 0.012627 0.802780 0.000010 0.000010 0.007628 0.176915 0.000010 0.000010
0.005800 0.136729 0.442391 0.000010 0.000010 0.000010 0.415030 0.000010 0.000010
0.000010 0.000010 0.685736 0.000010 0.000010 0.000010 0.314194 0.000010 0.000010
0.000010 0.000010 0.734130 0.000010 0.000010 0.000010 0.265800 0.000010 0.000010
0.000010 0.044348 0.658194 0.000010 0.000010 0.000010 0.297398 0.000010 0.000010
0.000010 0.058648 0.571901 0.000010 0.038043 0.024398 0.284159 0.022821 0.000010
0.000010 0.000010 0.766589 0.000010 0.013108 0.030495 0.175832 0.010791 0.003155
0.000010 0.000010 0.656010 0.000010 0.000010 0.000010 0.330270 0.013660 0.000010
0.000010 0.057654 0.635523 0.049479 0.000010 0.000010 0.252040 0.000010 0.005265
0.000010 0.033709 0.708954 0.000010 0.000010 0.014011 0.243277 0.000010 0.000010
0.000010 0.063678 0.557982 0.000010 0.000010 0.000010 0.330486 0.047805 0.000010
0.000010 0.138354 0.428086 0.051033 0.000010 0.000010 0.382478 0.000010 0.000010
0.061261 0.027993 0.618023 0.000010 0.036943 0.001990 0.253760 0.000010 0.000010
0.000010 0.192041 0.527880 0.000010 0.000010 0.011899 0.268130 0.000010 0.000010
0.000010 0.009321 0.585780 0.000010 0.037363 0.000010 0.351452 0.006093 0.009961
0.000010 0.103576 0.615110 0.000010 0.000010 0.000010 0.281254 0.000010 0.000010
0.000010 0.076570 0.386062 0.000010 0.100373 0.059376 0.363885 0.000010 0.013705
0.000010 0.000010 0.745629 0.000010 0.000010 0.014683 0.219099 0.020539 0.000010
0.013819 0.000010 0.000010 0.000010 0.912070 0.000010 0.074051 0.000010 0.000010
0.000010 0.000010 0.000200 0.000010 0.957662 0.000010 0.000010 0.042079 0.000010
0.000010 0.000010 0.698932 0.000010 0.000010 0.000010 0.300998 0.000010 0.000010
0.000010 0.000010 0.524903 0.000010 0.000010 0.000010 0.386516 0.088522 0.000010
0.335469 0.029979 0.000010 0.361723 0.029490 0.000010 0.000010 0.170743 0.072566
0.681213 0.015753 0.000010 0.152691 0.093078 0.000808 0.042232 0.000010 0.014205
0.547048 0.121423 0.012058 0.196630 0.023246 0.000010 0.000010 0.099566 0.000010
0.353797 0.000010 0.000010 0.183780 0.038883 0.000010 0.019053 0.404447 0.000010
0.350842 0.000010 0.000010 0.389056 0.000010 0.000010 0.090758 0.169294 0.000010
0.487045 0.000010 0.000214 0.344949 0.000010 0.024538 0.000010 0.143214 0.000010
0.263222 0.000010 0.180253 0.278565 0.000010 0.030602 0.000010 0.247318 0.000010
0.307418 0.000010 0.012977 0.448591 0.000010 0.000010 0.058776 0.172198 0.000010
0.255521 0.000010 0.000010 0.332817 0.018693 0.000010 0.067948 0.324981 0.000010
0.229457 0.110234 0.036849 0.516698 0.000010 0.000010 0.000010 0.106721 0.000010
0.481266 0.000010 0.005007 0.369460 0.000010 0.015828 0.017636 0.110772 0.000010
0.377082 0.024106 0.155790 0.133478 0.000010 0.000010 0.000010 0.309504 0.000010
0.154821 0.059377 0.019713 0.558061 0.000010 0.018969 0.000010 0.189029 0.000010
0.000010 0.033042 0.688684 0.000010 0.034520 0.000010 0.227044 0.000010 0.016669
0.000010 0.000010 0.629293 0.000010 0.124685 0.000010 0.245962 0.000010 0.000010
0.000010 0.000010 0.688640 0.000010 0.000010 0.000010 0.311290 0.000010 0.000010
0.000010 0.000010 0.597879 0.000010 0.009268 0.000010 0.385110 0.007694 0.000010
0.000010 0.000010 0.907214 0.000010 0.000010 0.000010 0.092716 0.000010 0.000010
0.000010 0.000010 0.625549 0.000010 0.085575 0.000010 0.270179 0.000010 0.018647
0.000010 0.000010 0.728180 0.000010 0.000010 0.012954 0.250107 0.008709 0.000010
0.000010 0.000010 0.650729 0.000010 0.000010 0.017495 0.312824 0.018901 0.000010
0.000010 0.000010 0.473972 0.000010 0.000010 0.000010 0.502713 0.000010 0.023255
0.000010 0.000010 0.629609 0.033073 0.001256 0.000010 0.336012 0.000010 0.000010
0.000010 0.009274 0.708036 0.000010 0.000010 0.000010 0.262319 0.000010 0.020321
0.000010 0.128605 0.713845 0.000010 0.000010 0.000010 0.157489 0.000010 0.000010
