0.299030 0.037534 0.000010 0.039112 0.011999 0.000010 0.192188 0.399143 0.020974
0.317073 0.000017 0.213620 0.170914 0.060775 0.000010 0.000010 0.183536 0.054045
0.071153 0.107258 0.000010 0.243803 0.135831 0.129524 0.000010 0.282139 0.030272
0.460534 0.000010 0.000010 0.149894 0.000010 0.000011 0.000010 0.352727 0.036794
0.274617 0.078583 0.081155 0.090248 0.000010 0.000010 0.000010 0.467236 0.008130
0.345626 0.089105 0.000010 0.000010 0.001791 0.009904 0.118366 0.435179 0.000010
0.315758 0.035218 0.000010 0.128639 0.000010 0.059298 0.000010 0.461048 0.000010
0.263697 0.101433 0.000010 0.136171 0.060773 0.000010 0.217459 0.220437 0.000010
0.248517 0.132386 0.081848 0.037956 0.121092 0.065012 0.000014 0.313165 0.000010
0.445440 0.000010 0.201253 0.065001 0.000010 0.000010 0.000010 0.288255 0.000010
0.219072 0.000010 0.150878 0.298783 0.038613 0.067804 0.000010 0.224820 0.000010
0.235986 0.000010 0.000010 0.134705 0.000010 0.042060 0.000010 0.587199 0.000010
0.400658 0.092782 0.000010 0.011436 0.125974 0.000010 0.000010 0.369110 0.000010
0.181078 0.000010 0.085687 0.157890 0.053504 0.000010 0.117661 0.386021 0.018140
0.435231 0.000010 0.000010 0.000010 0.000015 0.000010 0.021125 0.445430 0.098157
0.537191 0.000010 0.000010 0.000010 0.153930 0.000010 0.019679 0.289150 0.000010
0.203508 0.013668 0.000010 0.141780 0.112974 0.000010 0.023649 0.504390 0.000010
0.200116 0.000010 0.127531 0.093418 0.000010 0.089956 0.000010 0.488939 0.000010
0.221290 0.047875 0.055897 0.109591 0.040445 0.054924 0.074225 0.305365 0.090389
0.422235 0.000010 0.000010 0.104090 0.000010 0.018480 0.000010 0.455146 0.000010
0.365901 0.000010 0.000010 0.006660 0.013183 0.101689 0.000010 0.512527 0.000010
0.384419 0.035740 0.041352 0.155627 0.117960 0.000010 0.000010 0.264871 0.000010
0.487352 0.034360 0.000010 0.085159 0.000010 0.000010 0.055132 0.337957 0.000010
0.168592 0.030554 0.000010 0.210825 0.013388 0.038770 0.085151 0.452700 0.000010
0.478049 0.000010 0.000010 0.000010 0.000010 0.058951 0.000010 0.462941 0.000010
0.374661 0.000010 0.168135 0.014006 0.000010 0.007267 0.085495 0.350406 0.000010
0.182200 0.028356 0.220533 0.210314 0.062381 0.000010 0.101858 0.194339 0.000010
0.439531 0.000010 0.000010 0.000010 0.000010 0.067055 0.014528 0.439567 0.039279
0.204992 0.000010 0.244325 0.000010 0.000010 0.000010 0.058393 0.424528 0.067722
0.310708 0.000010 0.000010 0.000010 0.039502 0.000010 0.000010 0.523957 0.125783
0.136133 0.000010 0.000010 0.252183 0.114119 0.000010 0.090083 0.407441 0.000010
0.500167 0.000010 0.000010 0.000010 0.153373 0.000010 0.065933 0.280477 0.000010
0.145644 0.000010 0.000010 0.191192 0.000010 0.086233 0.040217 0.536674 0.000010
0.207293 0.000010 0.000010 0.000010 0.000010 0.000010 0.256585 0.536062 0.000010
0.101282 0.108459 0.000010 0.000010 0.000010 0.000010 0.180806 0.609403 0.000010
0.098717 0.065377 0.022203 0.250857 0.000010 0.051421 0.017026 0.494378 0.000010
0.291611 0.015483 0.048540 0.041273 0.000010 0.000010 0.000010 0.603053 0.000010
0.255335 0.084961 0.213911 0.187751 0.000010 0.000010 0.022135 0.155382 0.080505
0.366912 0.000010 0.077733 0.047311 0.000010 0.112113 0.015480 0.380422 0.000010
0.345249 0.000010 0.087702 0.000010 0.000010 0.000012 0.000010 0.503937 0.063059
0.251013 0.068819 0.086394 0.222028 0.000010 0.000010 0.000010 0.295709 0.076007
0.225928 0.000010 0.000010 0.213042 0.054487 0.000010 0.005839 0.463740 0.036935
0.310033 0.054553 0.000010 0.000010 0.042100 0.002507 0.000010 0.429011 0.161768
0.248997 0.150598 0.000010 0.000010 0.000010 0.047178 0.000010 0.553176 0.000010
0.178590 0.063431 0.000010 0.037332 0.000014 0.000010 0.283631 0.436972 0.000010
0.171836 0.000010 0.000010 0.139371 0.081552 0.000010 0.123087 0.484113 0.000010
0.275927 0.001015 0.025507 0.176679 0.020707 0.014015 0.000010 0.486131 0.000010
0.217129 0.000010 0.000010 0.048344 0.000010 0.057357 0.000010 0.585464 0.091665
0.231484 0.111620 0.498185 0.022044 0.000010 0.000010 0.000010 0.136626 0.000010
0.055256 0.110823 0.107811 0.085763 0.000010 0.026566 0.310599 0.243176 0.059996
0.154497 0.128565 0.112069 0.120168 0.083163 0.007842 0.079258 0.314429 0.000010
0.246010 0.042622 0.286706 0.032808 0.051115 0.000010 0.171810 0.168909 0.000010
0.316703 0.000010 0.126203 0.000010 0.128008 0.000010 0.057119 0.371926 0.000010
0.212483 0.027225 0.323793 0.033971 0.000010 0.014769 0.000010 0.387731 0.000010
0.071654 0.010208 0.581635 0.000010 0.000010 0.005534 0.202669 0.128270 0.000010
0.024622 0.037870 0.350459 0.000010 0.000010 0.003319 0.331922 0.251778 0.000010
0.000010 0.092498 0.402219 0.123532 0.097538 0.023004 0.058016 0.152996 0.050187
0.000010 0.000010 0.749686 0.061056 0.000010 0.007535 0.181673 0.000010 0.000010
0.176108 0.201953 0.467439 0.000010 0.000010 0.000010 0.000010 0.154449 0.000010
0.325149 0.015360 0.553036 0.000010 0.000010 0.000010 0.000010 0.106406 0.000010
0.037237 0.179143 0.280199 0.000010 0.071702 0.043695 0.000010 0.363245 0.024760
0.275060 0.110603 0.113276 0.054379 0.130469 0.025322 0.037243 0.253639 0.000010
0.156524 0.000010 0.248759 0.058309 0.064737 0.013300 0.066334 0.392016 0.000010
0.147469 0.100757 0.031592 0.281804 0.000013 0.023495 0.036580 0.378280 0.000010
0.077092 0.000019 0.338143 0.252673 0.000011 0.047423 0.000010 0.284619 0.000010
0.084361 0.157137 0.119927 0.007206 0.167991 0.000010 0.328604 0.134754 0.000010
0.000010 0.124623 0.341277 0.170710 0.000010 0.000010 0.049511 0.221155 0.092695
0.236007 0.148118 0.170005 0.168058 0.007818 0.040517 0.038680 0.190787 0.000010
0.147179 0.147895 0.247638 0.142009 0.000010 0.000010 0.022380 0.266162 0.026717
0.291649 0.010797 0.320922 0.025287 0.000020 0.028210 0.121676 0.201430 0.000010
0.356198 0.134632 0.000010 0.000010 0.000010 0.000010 0.000010 0.451528 0.057592
0.499911 0.081383 0.000010 0.000010 0.017168 0.000010 0.000010 0.351529 0.049969
0.137227 0.000010 0.031198 0.324577 0.045263 0.000010 0.084198 0.377508 0.000010
0.366720 0.126446 0.042085 0.025651 0.024337 0.009074 0.040277 0.365401 0.000010
0.104094 0.141429 0.071816 0.174995 0.091852 0.000010 0.006926 0.408866 0.000010
0.303925 0.056516 0.000015 0.060545 0.037992 0.000010 0.179466 0.278547 0.082984
0.267586 0.000010 0.074916 0.000010 0.000010 0.028523 0.065044 0.563891 0.000010
0.171051 0.000010 0.000010 0.000010 0.000010 0.045307 0.223157 0.228997 0.331448
0.184563 0.087369 0.000010 0.000015 0.000010 0.005939 0.158219 0.563865 0.000010
0.198960 0.000010 0.056405 0.155382 0.079022 0.000010 0.000010 0.425031 0.085171
0.199070 0.000010 0.000010 0.000010 0.062017 0.223928 0.258302 0.179564 0.077090
0.639408 0.046790 0.032595 0.000010 0.000010 0.035321 0.000010 0.245846 0.000010
0.144518 0.022735 0.000010 0.194925 0.023258 0.000010 0.221690 0.347846 0.045008
0.313310 0.033265 0.041308 0.080480 0.103701 0.026987 0.056148 0.342304 0.002498
0.289535 0.000010 0.000010 0.088783 0.000010 0.000010 0.054507 0.567125 0.000010
0.235229 0.000010 0.180127 0.111751 0.000010 0.057111 0.146838 0.268914 0.000010
0.061958 0.035040 0.000010 0.000010 0.000010 0.000010 0.137653 0.291314 0.473996
0.210883 0.000010 0.000010 0.000010 0.000010 0.006252 0.177259 0.537782 0.067784
0.316793 0.112998 0.165445 0.048227 0.023486 0.000010 0.000010 0.333023 0.000010
0.475658 0.000010 0.082022 0.000010 0.043792 0.046953 0.000010 0.351535 0.000010
0.415407 0.004860 0.090585 0.096391 0.000010 0.016691 0.119499 0.207071 0.049486
0.338753 0.000010 0.098164 0.123637 0.000010 0.015924 0.000010 0.423482 0.000010
0.521759 0.059872 0.058241 0.050134 0.000010 0.000010 0.000010 0.309955 0.000010
0.271542 0.000010 0.000010 0.198350 0.042555 0.000010 0.000010 0.487503 0.000010
0.426637 0.000010 0.140459 0.017044 0.013241 0.000010 0.011114 0.391475 0.000010
0.243044 0.042522 0.121333 0.023414 0.069250 0.000010 0.027588 0.472829 0.000010
0.145030 0.000010 0.059980 0.075475 0.000010 0.038902 0.098945 0.555610 0.026038
0.174957 0.017128 0.279537 0.000780 0.000010 0.000010 0.145468 0.382101 0.000010
0.444362 0.013276 0.036008 0.015174 0.000010 0.000010 0.107710 0.362339 0.021111
0.291241 0.000010 0.000010 0.098599 0.053281 0.083658 0.090405 0.367519 0.015277
0.126151 0.000010 0.000010 0.181504 0.000010 0.000010 0.103463 0.588832 0.000010
0.228216 0.000010 0.000010 0.000010 0.000010 0.000010 0.111809 0.343332 0.316593
0.162118 0.000010 0.000010 0.000010 0.000010 0.073816 0.312523 0.451493 0.000010
0.311851 0.000010 0.000010 0.033342 0.086006 0.005146 0.093725 0.469900 0.000010
0.208781 0.180544 0.000010 0.087306 0.000010 0.071474 0.012293 0.364024 0.075559
0.304109 0.071036 0.000010 0.000459 0.000016 0.000010 0.147533 0.392743 0.084083
0.194119 0.000010 0.087037 0.100861 0.012164 0.023886 0.100905 0.416561 0.064457
0.235894 0.067672 0.000010 0.170529 0.000010 0.000010 0.230649 0.295216 0.000010
0.206253 0.175984 0.035592 0.329757 0.000011 0.000010 0.074822 0.177561 0.000010
0.453728 0.035840 0.075383 0.000010 0.074152 0.000010 0.076261 0.252254 0.032363
0.252848 0.000010 0.076464 0.181204 0.115682 0.000010 0.012027 0.324279 0.037476
0.229640 0.000010 0.000010 0.076987 0.004354 0.000010 0.226826 0.462153 0.000010
0.399730 0.000010 0.318038 0.000010 0.000010 0.003474 0.005558 0.273160 0.000010
0.294981 0.000010 0.110310 0.056221 0.000010 0.000010 0.000010 0.538438 0.000010
0.117674 0.000010 0.000010 0.317952 0.000010 0.000010 0.121524 0.442800 0.000010
0.227655 0.000010 0.000010 0.165237 0.032554 0.053742 0.114781 0.326936 0.079075
0.048772 0.185132 0.103192 0.000010 0.009929 0.000010 0.125304 0.499123 0.028528
0.128644 0.124397 0.000010 0.098326 0.000010 0.060906 0.052364 0.535333 0.000010
0.332062 0.028526 0.219800 0.028990 0.000010 0.064469 0.105206 0.219975 0.000963
0.317057 0.000010 0.068406 0.292979 0.000011 0.000010 0.016914 0.304603 0.000010
0.428434 0.019586 0.052824 0.028921 0.020663 0.000010 0.000010 0.359633 0.089918
0.108791 0.010633 0.066902 0.109451 0.000010 0.000010 0.173271 0.440454 0.090478
0.363776 0.000010 0.000010 0.049756 0.000010 0.000010 0.046367 0.540051 0.000010
0.169472 0.000010 0.017322 0.000010 0.000010 0.016661 0.208072 0.556417 0.032025
0.287887 0.000010 0.207680 0.061011 0.000010 0.000010 0.000010 0.443372 0.000010
0.300330 0.093769 0.133060 0.000010 0.121419 0.021880 0.000010 0.329513 0.000010
0.384105 0.041551 0.088855 0.000010 0.000010 0.000010 0.131441 0.354009 0.000010
0.259129 0.069502 0.122678 0.039405 0.025928 0.000010 0.066879 0.416460 0.000010
0.338879 0.018880 0.000010 0.119208 0.000010 0.000010 0.126256 0.396737 0.000010
0.197968 0.042972 0.000010 0.097243 0.139371 0.017834 0.126626 0.377966 0.000010
0.172701 0.000010 0.118146 0.122009 0.023144 0.030395 0.000010 0.461522 0.072063
0.222092 0.000010 0.012587 0.155774 0.000010 0.000010 0.062376 0.547131 0.000010
0.188240 0.016281 0.088845 0.269702 0.000010 0.000010 0.000010 0.427520 0.009382
0.195557 0.073877 0.140869 0.178793 0.000010 0.002947 0.073791 0.334145 0.000010
0.056129 0.000010 0.000010 0.203090 0.000010 0.165824 0.086287 0.488630 0.000010
0.000010 0.000010 0.000010 0.093517 0.013681 0.004013 0.268409 0.462642 0.157706
0.149026 0.000010 0.000010 0.021565 0.000010 0.000010 0.274489 0.516674 0.038206
0.014353 0.000010 0.000010 0.136226 0.004756 0.000010 0.343806 0.470525 0.030305
0.214601 0.000010 0.121907 0.082562 0.046589 0.000010 0.193319 0.340991 0.000010
0.217070 0.000010 0.001441 0.146191 0.031541 0.000010 0.243430 0.360296 0.000010
0.208701 0.000010 0.000010 0.100085 0.124134 0.000010 0.134867 0.432173 0.000010
0.262324 0.076618 0.010469 0.098755 0.026998 0.000010 0.000010 0.524806 0.000010
0.133836 0.117797 0.000010 0.236410 0.002019 0.078652 0.127348 0.284034 0.019895
0.089424 0.127655 0.154202 0.105315 0.000010 0.000010 0.092224 0.381197 0.049965
0.255770 0.056227 0.112638 0.218729 0.000010 0.000010 0.074573 0.268888 0.013155
0.169429 0.094400 0.093844 0.148330 0.000010 0.021602 0.047668 0.342882 0.081835
0.078642 0.000010 0.000010 0.183999 0.063579 0.000010 0.081248 0.587735 0.004767
0.403439 0.000010 0.226334 0.086237 0.000010 0.033432 0.000010 0.250517 0.000010
0.253090 0.000010 0.258246 0.208371 0.000010 0.034349 0.000010 0.245905 0.000010
0.143075 0.000010 0.189971 0.140298 0.000010 0.029198 0.000010 0.449137 0.048291
0.331818 0.000010 0.156831 0.211659 0.000010 0.024725 0.000010 0.274927 0.000010
0.430176 0.112083 0.050850 0.000010 0.002643 0.000010 0.000010 0.377818 0.026401
0.476620 0.111053 0.000010 0.055801 0.000010 0.000010 0.000010 0.311658 0.044828
0.324853 0.135053 0.077664 0.000010 0.006308 0.000010 0.000010 0.456082 0.000010
0.306657 0.046748 0.057234 0.135752 0.090855 0.000010 0.072776 0.289957 0.000010
0.139295 0.063048 0.001870 0.215563 0.051655 0.000010 0.118417 0.410132 0.000010
0.235727 0.000010 0.000010 0.259230 0.140804 0.000010 0.022083 0.283601 0.058524
0.378059 0.102728 0.125225 0.000010 0.034839 0.000010 0.000010 0.359109 0.000010
0.111455 0.000010 0.078196 0.449225 0.015198 0.000010 0.000010 0.209525 0.136370
0.492528 0.000010 0.177387 0.299231 0.019423 0.008769 0.000010 0.000010 0.002633
0.239508 0.000010 0.024745 0.163679 0.027171 0.000010 0.091570 0.453297 0.000010
0.458801 0.043544 0.119976 0.072339 0.000010 0.000010 0.000010 0.305300 0.000010
0.180014 0.098579 0.000010 0.153692 0.000010 0.000010 0.166952 0.297851 0.102883
0.382935 0.000010 0.230006 0.110415 0.087974 0.000010 0.076235 0.112405 0.000010
0.050648 0.123289 0.133067 0.136403 0.014503 0.000010 0.000010 0.524114 0.017956
0.038020 0.222765 0.129376 0.000010 0.000010 0.000010 0.121911 0.397292 0.090605
0.070008 0.133912 0.132216 0.092175 0.000010 0.000010 0.244190 0.327470 0.000010
0.225561 0.000010 0.000010 0.138920 0.222175 0.000011 0.000010 0.331354 0.081949
0.025687 0.103305 0.155096 0.106649 0.000010 0.000695 0.123694 0.472335 0.012527
0.067135 0.000011 0.168642 0.055702 0.000010 0.000010 0.042515 0.596545 0.069431
0.042975 0.000010 0.344747 0.000010 0.173583 0.084210 0.093367 0.261088 0.000010
0.249703 0.119201 0.022916 0.013283 0.034415 0.003546 0.000010 0.421990 0.134935
0.107397 0.000010 0.266357 0.073132 0.000010 0.066430 0.063939 0.422715 0.000010
0.070228 0.000010 0.097200 0.000010 0.000010 0.016227 0.175299 0.565527 0.075490
0.220112 0.094707 0.000010 0.080106 0.111907 0.000010 0.164861 0.328277 0.000010
0.244191 0.127021 0.000010 0.071539 0.063350 0.000010 0.107252 0.386616 0.000010
0.178872 0.000010 0.059325 0.145237 0.000012 0.000010 0.173673 0.388655 0.054207
0.195318 0.000010 0.088828 0.000010 0.000010 0.000010 0.168804 0.440388 0.106621
0.161434 0.119081 0.109225 0.158073 0.085193 0.000010 0.202940 0.164033 0.000010
0.069773 0.230193 0.051185 0.062302 0.075182 0.042742 0.095393 0.373220 0.000010
0.049553 0.065464 0.124200 0.162936 0.000010 0.000010 0.188186 0.409631 0.000010
0.253082 0.000010 0.073397 0.180844 0.054929 0.050508 0.000010 0.387210 0.000010
0.034127 0.042171 0.110382 0.133257 0.000010 0.000010 0.254927 0.425107 0.000010
0.139141 0.069865 0.020610 0.115321 0.000010 0.038275 0.110211 0.506557 0.000010
0.158796 0.152506 0.091930 0.000010 0.103242 0.000010 0.159058 0.302019 0.032429
0.164763 0.030864 0.045750 0.000010 0.000010 0.000010 0.111699 0.626820 0.020074
0.047168 0.015053 0.169789 0.159493 0.205481 0.000010 0.209942 0.189333 0.003731
0.000010 0.000010 0.000010 0.000010 0.000010 0.463246 0.021072 0.000010 0.515622
0.000010 0.000010 0.000010 0.000010 0.000010 0.611113 0.000010 0.000010 0.388817
0.001264 0.028611 0.000010 0.000010 0.003066 0.110536 0.128160 0.000010 0.728333
0.000010 0.000010 0.000010 0.000010 0.062996 0.269437 0.000010 0.000010 0.667508
0.000010 0.000010 0.000010 0.000010 0.000010 0.483314 0.099109 0.000010 0.417517
0.000010 0.000010 0.000010 0.000010 0.000010 0.329085 0.000010 0.014680 0.656176
0.000010 0.000010 0.000010 0.000010 0.000010 0.589650 0.031816 0.000010 0.378474
0.000010 0.000010 0.000010 0.000010 0.000010 0.175585 0.000010 0.000010 0.824345
0.000010 0.000010 0.000010 0.000010 0.000010 0.099645 0.062732 0.000010 0.837563
0.000010 0.000010 0.000010 0.000010 0.053012 0.456241 0.000010 0.018533 0.472164
0.060705 0.000010 0.000010 0.000010 0.000010 0.416287 0.000010 0.000010 0.522948
0.000010 0.000010 0.000010 0.000010 0.042825 0.365346 0.000010 0.000010 0.591769
0.000010 0.000010 0.000010 0.000010 0.000010 0.546834 0.000010 0.044520 0.408586
0.000010 0.000010 0.000010 0.000010 0.000010 0.611003 0.012207 0.000010 0.376731
0.048924 0.000010 0.000010 0.000010 0.000010 0.608255 0.000010 0.000010 0.342762
0.000010 0.000010 0.000010 0.000010 0.054738 0.327287 0.000010 0.000010 0.617916
0.000010 0.000010 0.000010 0.000010 0.040171 0.388064 0.000010 0.000010 0.571705
0.000010 0.000010 0.000010 0.000010 0.000010 0.643928 0.000010 0.000010 0.356002
0.000010 0.000010 0.000010 0.013870 0.000010 0.313169 0.000010 0.000010 0.672901
0.040282 0.000010 0.000010 0.000010 0.000010 0.480059 0.000010 0.000010 0.479599
0.000010 0.000010 0.018636 0.000010 0.000010 0.530902 0.000010 0.000010 0.450402
0.042550 0.000010 0.000011 0.001519 0.000010 0.311718 0.036176 0.000010 0.607997
0.000010 0.000010 0.000010 0.000010 0.000010 0.335014 0.023989 0.019176 0.621770
0.034682 0.000417 0.000010 0.000010 0.000010 0.506838 0.034143 0.000010 0.423880
0.000010 0.000010 0.000012 0.000010 0.000010 0.279276 0.091512 0.000010 0.629149
0.000010 0.000010 0.000010 0.000010 0.043407 0.536063 0.000010 0.000010 0.420470
0.000010 0.000010 0.000010 0.000010 0.000010 0.536806 0.017319 0.000010 0.445815
0.000010 0.000010 0.000010 0.000010 0.000010 0.317900 0.050093 0.000010 0.631947
0.015131 0.000010 0.000010 0.000010 0.903130 0.000010 0.081679 0.000010 0.000010
0.541281 0.000010 0.000010 0.236553 0.000010 0.048942 0.000011 0.173173 0.000010
0.683784 0.043573 0.095319 0.090782 0.001258 0.000010 0.000010 0.085255 0.000010
0.416347 0.000010 0.000010 0.088755 0.000010 0.000010 0.081742 0.413106 0.000010
0.259202 0.046573 0.123458 0.280588 0.050817 0.000010 0.010502 0.213110 0.015739
0.373240 0.000010 0.000010 0.382769 0.016801 0.023185 0.000010 0.192394 0.011582
0.133452 0.095793 0.000010 0.343322 0.006689 0.030028 0.000010 0.390686 0.000010
0.375040 0.026325 0.000010 0.329328 0.015128 0.000010 0.069119 0.138723 0.046317
0.313181 0.000010 0.048140 0.315559 0.014837 0.015422 0.089354 0.203488 0.000010
0.510896 0.000010 0.012564 0.266219 0.000010 0.031054 0.000010 0.179228 0.000010
0.457680 0.022991 0.000010 0.214546 0.000010 0.052707 0.000010 0.215030 0.037017
0.445780 0.000010 0.098038 0.262912 0.000010 0.000010 0.000010 0.152858 0.040371
0.330997 0.021646 0.000010 0.517930 0.000010 0.050238 0.000010 0.079149 0.000010
0.198316 0.000010 0.000010 0.265555 0.000010 0.099066 0.041886 0.344987 0.050161
0.440678 0.065863 0.099678 0.198769 0.063188 0.041382 0.075814 0.000010 0.014618
0.294009 0.055697 0.352961 0.203024 0.000010 0.000010 0.000010 0.035466 0.058813
0.401723 0.008349 0.107827 0.309975 0.061733 0.000010 0.043462 0.066911 0.000010
0.479520 0.063122 0.000010 0.283480 0.000010 0.003883 0.000010 0.169954 0.000010
0.451459 0.021459 0.000010 0.330655 0.055631 0.023750 0.000010 0.117015 0.000010
0.298735 0.000010 0.098240 0.388494 0.170443 0.011046 0.000010 0.033012 0.000010
0.227494 0.000010 0.000010 0.533311 0.000010 0.030460 0.119508 0.089187 0.000010
0.414791 0.000010 0.016074 0.142588 0.157723 0.000010 0.041793 0.227000 0.000010
0.193086 0.034496 0.159176 0.324302 0.010163 0.000010 0.097734 0.181023 0.000010
0.316585 0.069665 0.000010 0.304292 0.030840 0.022118 0.000010 0.243184 0.013296
0.323104 0.147463 0.052449 0.196617 0.090827 0.000012 0.000010 0.133581 0.055937
0.123587 0.000010 0.059398 0.432472 0.000010 0.076575 0.000010 0.242641 0.065297
0.395227 0.017602 0.074423 0.311767 0.055183 0.000010 0.145768 0.000010 0.000010
0.421415 0.118624 0.035375 0.285359 0.000010 0.000010 0.000010 0.139186 0.000010
0.138527 0.027443 0.000010 0.391310 0.081137 0.000010 0.037286 0.277261 0.047016
0.000010 0.000010 0.000010 0.000010 0.892807 0.000010 0.107123 0.000010 0.000010
0.000010 0.000010 0.000010 0.072965 0.926965 0.000010 0.000010 0.000010 0.000010
0.000010 0.000010 0.000010 0.000010 0.929818 0.000010 0.070112 0.000010 0.000010
0.000010 0.000010 0.000010 0.000010 0.901603 0.011557 0.042827 0.043963 0.000010
0.000010 0.000010 0.000010 0.000010 0.979503 0.000010 0.020427 0.000010 0.000010
0.000010 0.000010 0.000010 0.000010 0.999920 0.000010 0.000010 0.000010 0.000010
0.000010 0.000010 0.000010 0.000010 0.990117 0.000010 0.000010 0.000010 0.009813
0.000010 0.000010 0.000010 0.000010 0.996687 0.000010 0.003243 0.000010 0.000010
0.007040 0.000010 0.000010 0.000010 0.992890 0.000010 0.000010 0.000010 0.000010
0.000010 0.000010 0.065781 0.000010 0.934149 0.000010 0.000010 0.000010 0.000010
0.000010 0.000010 0.000010 0.000010 0.999920 0.000010 0.000010 0.000010 0.000010
0.000010 0.000010 0.000010 0.000010 0.928180 0.014200 0.057559 0.000010 0.000010
0.044308 0.000010 0.000010 0.000010 0.951355 0.000010 0.000010 0.004277 0.000010
0.000010 0.000010 0.000010 0.000010 0.999920 0.000010 0.000010 0.000010 0.000010
0.000010 0.000010 0.000010 0.000010 0.959913 0.000010 0.040017 0.000010 0.000010
0.000010 0.000010 0.000010 0.000010 0.999920 0.000010 0.000010 0.000010 0.000010
0.000010 0.000010 0.000010 0.000010 0.999920 0.000010 0.000010 0.000010 0.000010
0.468890 0.000010 0.000010 0.000010 0.099149 0.053896 0.014338 0.056985 0.306712
0.654826 0.000010 0.000010 0.000010 0.049425 0.049454 0.107524 0.138732 0.000010
0.517991 0.097739 0.000010 0.000010 0.000010 0.000010 0.000010 0.335529 0.048691
0.503757 0.115517 0.000010 0.085812 0.000010 0.000010 0.000010 0.294864 0.000010
0.718690 0.000010 0.031625 0.000010 0.000010 0.000010 0.085075 0.159657 0.004912
0.547606 0.000010 0.208595 0.000010 0.000010 0.032079 0.000010 0.211670 0.000010
0.620151 0.000010 0.000010 0.084946 0.000010 0.053092 0.000010 0.241761 0.000010
0.572859 0.000010 0.000010 0.307560 0.000010 0.000010 0.000010 0.119521 0.000010
0.502324 0.109372 0.028024 0.033591 0.000010 0.053317 0.000010 0.273343 0.000010
0.582349 0.000694 0.061509 0.022112 0.015085 0.025354 0.000010 0.292878 0.000010
0.370752 0.070338 0.035644 0.178895 0.000010 0.026311 0.000010 0.302732 0.015308
0.606442 0.000010 0.049675 0.000010 0.000010 0.000010 0.010845 0.275519 0.057479
0.497854 0.000010 0.000010 0.051210 0.008879 0.027131 0.000010 0.334888 0.080009
0.337432 0.000010 0.000010 0.148770 0.000885 0.044104 0.025740 0.358713 0.084337
0.362487 0.000010 0.000010 0.000010 0.000010 0.056957 0.000010 0.453893 0.126613
0.547570 0.000010 0.000010 0.024522 0.000010 0.000010 0.000010 0.299606 0.128252
0.462453 0.000010 0.111274 0.146907 0.000010 0.000010 0.007924 0.271401 0.000010
0.624846 0.000010 0.179361 0.000010 0.019613 0.000010 0.000010 0.176129 0.000010
0.532168 0.096277 0.000010 0.016092 0.084649 0.021489 0.084919 0.164387 0.000010
0.585028 0.000010 0.000010 0.117443 0.002004 0.000010 0.041822 0.189146 0.064529
0.560597 0.000010 0.067227 0.094346 0.000010 0.065685 0.000010 0.187490 0.024625
0.657615 0.049921 0.000010 0.099140 0.062743 0.000010 0.076328 0.054223 0.000010
0.461856 0.000010 0.059425 0.097255 0.000010 0.000010 0.000010 0.381414 0.000010
0.625770 0.000012 0.008419 0.000010 0.060793 0.073192 0.000010 0.079886 0.151908
0.511374 0.108723 0.039102 0.000017 0.000010 0.002886 0.010598 0.327281 0.000010
0.625428 0.026380 0.006835 0.024404 0.000010 0.000010 0.000010 0.176051 0.140872
0.621585 0.017112 0.105518 0.002484 0.000010 0.002634 0.000010 0.250637 0.000010
0.432604 0.062212 0.109958 0.000010 0.000010 0.017666 0.000010 0.310451 0.067080
0.592402 0.022865 0.000010 0.144677 0.000010 0.000010 0.000010 0.240006 0.000010
0.633284 0.064831 0.000010 0.001935 0.075030 0.000010 0.000010 0.224880 0.000010
0.574267 0.000010 0.046369 0.131105 0.006183 0.000010 0.000013 0.242035 0.000010
0.701525 0.000010 0.000010 0.160548 0.000010 0.000010 0.000010 0.105092 0.032785
0.666032 0.000010 0.000010 0.000010 0.051267 0.037946 0.000010 0.224951 0.019764
0.656764 0.000010 0.098329 0.000010 0.000010 0.056173 0.000010 0.188684 0.000010
0.633310 0.000010 0.000010 0.000010 0.005776 0.000010 0.000010 0.293915 0.066948
0.469102 0.000010 0.056297 0.000010 0.103475 0.000010 0.000010 0.178526 0.192560
0.554623 0.000010 0.113744 0.046460 0.000010 0.000010 0.000010 0.285124 0.000010
0.453217 0.009467 0.000010 0.107849 0.130615 0.000010 0.024959 0.273864 0.000010
0.453551 0.000010 0.029622 0.168326 0.020090 0.000010 0.018319 0.310063 0.000010
0.609051 0.053865 0.000010 0.000010 0.000010 0.000010 0.000010 0.337024 0.000010
0.550116 0.000010 0.007780 0.132537 0.016270 0.000010 0.000010 0.246425 0.046841
0.637293 0.000010 0.000010 0.000010 0.000010 0.000010 0.033271 0.329376 0.000010
0.753714 0.000010 0.000010 0.000010 0.000010 0.080314 0.000010 0.103523 0.062399
0.600080 0.000010 0.123504 0.114842 0.000016 0.043881 0.000010 0.117646 0.000010
0.657955 0.034851 0.000812 0.000010 0.000010 0.042566 0.000010 0.178524 0.085262
0.505113 0.047583 0.000010 0.071999 0.070098 0.000010 0.000010 0.297591 0.007585
0.573345 0.000010 0.033035 0.000010 0.000010 0.000010 0.000010 0.231107 0.162463
0.434817 0.000010 0.000010 0.000010 0.000010 0.120308 0.000010 0.427208 0.017617
0.306463 0.000010 0.118548 0.000010 0.073472 0.123614 0.000010 0.071230 0.306644
0.460297 0.000010 0.045016 0.000010 0.000977 0.019156 0.000010 0.319918 0.154606
0.680312 0.176320 0.042294 0.101020 0.000010 0.000010 0.000010 0.000013 0.000010
0.379512 0.000010 0.000010 0.000010 0.000010 0.069831 0.000010 0.446462 0.104145
0.467875 0.000010 0.025707 0.047716 0.005692 0.000010 0.000010 0.402865 0.050113
0.337352 0.000010 0.060142 0.230220 0.027540 0.161212 0.000010 0.169260 0.014254
0.417968 0.000010 0.000010 0.181558 0.000010 0.000012 0.000010 0.118190 0.282232
0.035478 0.000010 0.000010 0.000010 0.049927 0.293487 0.000010 0.047715 0.573354
0.499429 0.000010 0.000010 0.000010 0.040924 0.000010 0.049215 0.323319 0.087073
0.535935 0.000010 0.000010 0.069753 0.000010 0.012953 0.086143 0.224426 0.070761
0.511650 0.000010 0.000010 0.000010 0.084717 0.066207 0.000010 0.337377 0.000010
0.388852 0.069797 0.063834 0.164213 0.000010 0.105005 0.000010 0.208270 0.000010
0.421599 0.025739 0.000010 0.117651 0.055339 0.000010 0.029714 0.349928 0.000010
0.518954 0.000010 0.000010 0.000010 0.049225 0.000010 0.000010 0.418982 0.012788
0.545978 0.246847 0.000010 0.000010 0.024428 0.000010 0.000010 0.182697 0.000010
0.532928 0.000010 0.000010 0.000010 0.000010 0.052015 0.022057 0.268549 0.124411
0.390317 0.000010 0.000010 0.000010 0.110147 0.087138 0.000010 0.412348 0.000010
0.643219 0.000010 0.000010 0.016616 0.080852 0.000010 0.000010 0.228107 0.031166
0.642118 0.066799 0.000010 0.000010 0.157094 0.000010 0.000010 0.119477 0.014472
0.577973 0.000010 0.000010 0.134052 0.000010 0.000010 0.038064 0.249861 0.000010
0.491929 0.000010 0.000010 0.038762 0.001112 0.000018 0.000010 0.276755 0.191394
0.474290 0.000010 0.000010 0.020970 0.040420 0.023466 0.000010 0.388704 0.052121
0.527125 0.110936 0.000010 0.147175 0.167230 0.011706 0.000010 0.035797 0.000010
0.420094 0.000010 0.000010 0.144008 0.000010 0.000014 0.000010 0.244880 0.190965
0.596278 0.000010 0.000010 0.050144 0.053247 0.000010 0.000010 0.243519 0.056772
0.464291 0.079831 0.136850 0.029452 0.000010 0.059328 0.000010 0.230218 0.000010
0.510815 0.000010 0.000010 0.123488 0.000010 0.000010 0.000010 0.201203 0.164444
0.735804 0.015948 0.000010 0.000010 0.000010 0.015860 0.000010 0.169068 0.063279
0.390967 0.000010 0.000010 0.000010 0.000010 0.023348 0.000010 0.535107 0.050528
0.527307 0.000010 0.000010 0.000010 0.191597 0.006492 0.000010 0.274553 0.000010
0.536953 0.000010 0.000010 0.232674 0.000010 0.012898 0.000010 0.217425 0.000010
0.493406 0.000010 0.000010 0.148401 0.043248 0.067434 0.000010 0.247470 0.000010
0.380798 0.000010 0.025804 0.000010 0.000010 0.000010 0.074430 0.326317 0.192611
0.592404 0.000010 0.000010 0.000010 0.000010 0.012358 0.008236 0.284240 0.102722
0.451364 0.121358 0.000010 0.146415 0.075660 0.081721 0.053562 0.044618 0.025292
0.505271 0.091859 0.000010 0.000010 0.064142 0.037066 0.000010 0.264914 0.036717
0.573862 0.000010 0.000010 0.000010 0.124694 0.000126 0.001573 0.299706 0.000010
0.429855 0.000010 0.030628 0.185251 0.158946 0.000011 0.000010 0.048705 0.146585
0.509640 0.120774 0.086656 0.001389 0.000010 0.025391 0.000010 0.211505 0.044624
0.000010 0.069971 0.000010 0.000010 0.661685 0.000010 0.268284 0.000010 0.000010
0.000010 0.000010 0.000010 0.000010 0.803001 0.000010 0.196929 0.000010 0.000010
0.000010 0.000010 0.000010 0.067177 0.913999 0.000010 0.000010 0.000010 0.018765
0.000010 0.000010 0.000010 0.000010 0.746365 0.000010 0.253565 0.000010 0.000010
0.000010 0.000010 0.155129 0.000010 0.747104 0.000010 0.097707 0.000010 0.000010
0.000010 0.000010 0.023314 0.000010 0.976616 0.000010 0.000010 0.000010 0.000010
0.000010 0.000010 0.000010 0.000010 0.791567 0.000010 0.208363 0.000010 0.000010
0.644033 0.000010 0.042533 0.167807 0.000010 0.000010 0.079299 0.066288 0.000010
0.464590 0.043588 0.025928 0.326052 0.000010 0.041827 0.000010 0.097986 0.000010
0.560024 0.000010 0.000010 0.230149 0.000010 0.057798 0.028885 0.123105 0.000010
0.570683 0.000010 0.000010 0.143928 0.185742 0.013663 0.000010 0.085944 0.000010
0.569831 0.056974 0.000010 0.211571 0.073341 0.000010 0.046898 0.041355 0.000010
0.662400 0.000010 0.073928 0.221861 0.041761 0.000010 0.000010 0.000010 0.000010
0.330123 0.000010 0.000010 0.417445 0.000010 0.011697 0.020031 0.220663 0.000010
0.599478 0.000010 0.073196 0.282808 0.000010 0.031422 0.013046 0.000019 0.000010
0.324595 0.000010 0.000010 0.176875 0.251213 0.008804 0.036875 0.147035 0.054583
0.518186 0.000010 0.000010 0.240491 0.009170 0.000010 0.058392 0.173722 0.000010
0.401487 0.092661 0.052665 0.088213 0.000010 0.000010 0.000010 0.244649 0.120295
0.645105 0.000010 0.000010 0.000010 0.068388 0.008564 0.000010 0.244655 0.033248
0.550314 0.012335 0.016529 0.051728 0.057550 0.000010 0.016598 0.206788 0.088146
0.646850 0.000010 0.000010 0.077880 0.000010 0.000010 0.000010 0.227229 0.047991
0.528803 0.001598 0.000010 0.000010 0.000010 0.098591 0.000010 0.285380 0.085589
0.437599 0.000010 0.000010 0.228602 0.000010 0.021368 0.000010 0.248919 0.063471
0.528084 0.077370 0.000010 0.000010 0.121278 0.000010 0.000010 0.179458 0.093769
0.374511 0.045284 0.001182 0.120463 0.000010 0.000010 0.111062 0.280439 0.067040
0.509581 0.000010 0.000010 0.000010 0.070727 0.104372 0.024985 0.290294 0.000010
0.593499 0.012864 0.000010 0.005675 0.000010 0.050256 0.018950 0.177251 0.141485
0.494420 0.126846 0.000010 0.162298 0.027543 0.000010 0.065694 0.081201 0.041977
0.488992 0.050794 0.000010 0.193860 0.000010 0.018181 0.009210 0.238933 0.000010
0.537518 0.000010 0.033100 0.203342 0.000010 0.000010 0.000010 0.152184 0.073816
0.581250 0.003385 0.030922 0.186106 0.000010 0.030922 0.031866 0.116277 0.019262
0.680146 0.000010 0.000010 0.018925 0.000010 0.000010 0.047086 0.232376 0.021427
0.644368 0.000010 0.122700 0.000010 0.000010 0.000010 0.040969 0.051669 0.140254
0.655965 0.000010 0.000010 0.000010 0.000010 0.023106 0.000010 0.320868 0.000010
0.530352 0.005087 0.000010 0.000010 0.040901 0.126660 0.000010 0.296960 0.000010
0.447783 0.034753 0.000010 0.189957 0.000010 0.000016 0.000010 0.041067 0.286393
0.530679 0.000010 0.000010 0.042883 0.000010 0.000010 0.066586 0.302002 0.057810
0.552294 0.000010 0.000010 0.031178 0.000010 0.029309 0.033290 0.353889 0.000010
0.709528 0.008597 0.000010 0.005981 0.015489 0.000010 0.000010 0.260364 0.000010
0.522023 0.000010 0.000010 0.051004 0.036262 0.094333 0.039013 0.257334 0.000010
0.564000 0.000010 0.000010 0.000010 0.000010 0.000010 0.000010 0.239419 0.196522
0.600929 0.037129 0.000010 0.000010 0.031295 0.087990 0.003578 0.239050 0.000010
0.000010 0.895895 0.002258 0.098328 0.003468 0.000010 0.000010 0.000010 0.000010
0.000010 0.562908 0.019929 0.000010 0.000010 0.000013 0.000010 0.000010 0.417099
0.000010 0.889066 0.058304 0.000010 0.020693 0.000010 0.031887 0.000010 0.000010
0.000010 0.895955 0.039404 0.014885 0.000010 0.000010 0.010180 0.039536 0.000010
0.000010 0.145609 0.166606 0.211450 0.064789 0.005846 0.383788 0.021892 0.000010
0.000010 0.000010 0.596700 0.044072 0.000010 0.006310 0.332678 0.000010 0.020200
0.000020 0.065742 0.181228 0.000010 0.043295 0.000010 0.466909 0.222958 0.019829
0.048495 0.000010 0.543082 0.000010 0.000010 0.000010 0.373472 0.034901 0.000010
0.000010 0.062888 0.229851 0.000010 0.071619 0.009763 0.420494 0.188465 0.016900
0.000010 0.192650 0.412396 0.040659 0.143307 0.000010 0.186653 0.024306 0.000010
0.000010 0.056819 0.240431 0.000010 0.132093 0.000010 0.456702 0.053607 0.060317
0.001037 0.000010 0.557953 0.082194 0.076968 0.000010 0.281808 0.000010 0.000010
0.000010 0.000010 0.433600 0.056787 0.136003 0.000010 0.357637 0.000010 0.015933
0.107294 0.080370 0.420965 0.000010 0.103253 0.000010 0.241271 0.046818 0.000010
0.446058 0.032681 0.009518 0.000010 0.000010 0.000010 0.152773 0.323444 0.035496
0.506198 0.011901 0.000010 0.097362 0.068461 0.015992 0.085362 0.214704 0.000010
0.639952 0.000010 0.012891 0.000010 0.000010 0.000010 0.000010 0.173989 0.173119
0.442636 0.000010 0.000010 0.177628 0.000010 0.100054 0.000010 0.256319 0.023323
0.509017 0.000010 0.086521 0.000010 0.089191 0.000010 0.000010 0.135514 0.179717
0.581335 0.000010 0.000010 0.000010 0.000010 0.026185 0.035900 0.237482 0.119058
0.597390 0.000010 0.000010 0.000010 0.000010 0.090168 0.000010 0.312382 0.000010
0.557623 0.000010 0.000010 0.018062 0.037962 0.000010 0.062687 0.323626 0.000010
0.497788 0.000010 0.000010 0.000010 0.160704 0.000010 0.000010 0.198281 0.143177
0.478298 0.022541 0.000010 0.067283 0.177006 0.009840 0.026514 0.218499 0.000010
0.571166 0.009860 0.058510 0.008713 0.067406 0.000010 0.000010 0.111208 0.173117
0.535623 0.090594 0.009275 0.000010 0.000010 0.113931 0.077032 0.173514 0.000010
0.510729 0.008842 0.000010 0.009974 0.000010 0.012073 0.000010 0.257507 0.200845
0.431294 0.013679 0.031331 0.102656 0.000010 0.101987 0.000010 0.315819 0.003214
0.607021 0.064496 0.000010 0.000010 0.009306 0.083087 0.000010 0.217887 0.018173
0.507013 0.000010 0.000010 0.000011 0.174354 0.036808 0.000010 0.146119 0.135666
0.588489 0.000010 0.000010 0.069013 0.000010 0.000010 0.072436 0.150258 0.119764
0.486148 0.000010 0.147601 0.000010 0.025601 0.002787 0.000010 0.244992 0.092841
0.542730 0.000010 0.000010 0.052523 0.088990 0.011007 0.000010 0.169548 0.135173
0.539534 0.021808 0.000010 0.000010 0.000010 0.078121 0.050989 0.254777 0.054740
0.440765 0.000010 0.123600 0.000010 0.000010 0.101359 0.001432 0.332805 0.000010
0.000010 0.151525 0.660556 0.000015 0.000010 0.031289 0.156576 0.000010 0.000010
0.000010 0.000010 0.725062 0.000010 0.000010 0.000010 0.196642 0.078236 0.000010
0.000010 0.038493 0.493882 0.000010 0.172539 0.000010 0.225377 0.069670 0.000010
0.022721 0.068981 0.604903 0.000010 0.000010 0.000010 0.303345 0.000010 0.000010
0.000010 0.000010 0.765248 0.000010 0.000010 0.000010 0.234682 0.000010 0.000010
0.000010 0.000010 0.685581 0.000010 0.000010 0.000010 0.305464 0.008895 0.000010
0.000010 0.061360 0.511488 0.027181 0.000010 0.000010 0.399921 0.000010 0.000010
0.000010 0.000010 0.697135 0.022745 0.000010 0.076305 0.179089 0.024686 0.000010
0.000015 0.000010 0.655458 0.000010 0.044526 0.000012 0.299948 0.000010 0.000010
0.054465 0.031166 0.765081 0.000010 0.000010 0.016770 0.132478 0.000010 0.000010
0.000010 0.066714 0.642171 0.000010 0.000010 0.000010 0.291055 0.000010 0.000010
0.000010 0.000010 0.679897 0.000010 0.000010 0.000010 0.261223 0.058820 0.000010
0.174318 0.000010 0.568401 0.000010 0.000010 0.000240 0.256991 0.000010 0.000010
0.000010 0.000010 0.748914 0.000010 0.000010 0.000558 0.250468 0.000010 0.000010
0.000010 0.000010 0.918131 0.000010 0.063067 0.000010 0.000010 0.000010 0.018742
0.000010 0.035623 0.661387 0.000010 0.000010 0.000010 0.302930 0.000010 0.000010
0.000010 0.177635 0.491149 0.007193 0.000010 0.000010 0.235223 0.088760 0.000010
0.000010 0.000010 0.655542 0.000010 0.091909 0.000010 0.209794 0.000010 0.042705
0.015902 0.073441 0.584424 0.021846 0.011553 0.000010 0.166601 0.126212 0.000010
0.000010 0.236667 0.553829 0.000010 0.157862 0.000010 0.051592 0.000010 0.000010
0.000010 0.111303 0.574395 0.047876 0.007209 0.000010 0.246761 0.000010 0.012426
0.005604 0.000010 0.642058 0.026699 0.000010 0.033144 0.292455 0.000010 0.000010
0.000010 0.020052 0.539834 0.000010 0.077554 0.000358 0.321694 0.040478 0.000010
0.000010 0.000010 0.843657 0.000010 0.048346 0.000010 0.098588 0.003913 0.005457
0.000010 0.077566 0.814819 0.007187 0.000010 0.000010 0.089837 0.000010 0.010551
0.084879 0.043450 0.583124 0.000010 0.000010 0.000010 0.086049 0.202458 0.000010
0.000010 0.019580 0.538602 0.058985 0.000010 0.014240 0.368553 0.000010 0.000010
0.000010 0.159009 0.433894 0.000010 0.000010 0.000010 0.407037 0.000010 0.000010
0.000010 0.073361 0.567414 0.000010 0.126579 0.000010 0.232596 0.000010 0.000010
0.000010 0.000705 0.625726 0.000010 0.050349 0.000010 0.287266 0.035914 0.000010
0.000010 0.000010 0.776883 0.000010 0.000010 0.000010 0.223047 0.000010 0.000010
0.000010 0.090463 0.674318 0.000010 0.000010 0.000010 0.228864 0.000010 0.006304
0.000010 0.000010 0.589871 0.017606 0.079466 0.022558 0.290458 0.000010 0.000010
0.000010 0.161183 0.576167 0.002514 0.010865 0.000010 0.249231 0.000010 0.000010
0.000010 0.000010 0.697654 0.000010 0.048814 0.000010 0.253472 0.000010 0.000010
0.000010 0.181387 0.392841 0.000010 0.028413 0.014646 0.235819 0.124538 0.022336
0.031717 0.138276 0.548785 0.000010 0.029111 0.000010 0.171869 0.000010 0.080212
0.000010 0.000010 0.591796 0.000010 0.028209 0.000010 0.379935 0.000010 0.000010
0.000010 0.174651 0.316382 0.012968 0.025898 0.000010 0.431120 0.038951 0.000010
0.000010 0.000010 0.007069 0.000010 0.791081 0.000010 0.093535 0.000010 0.108264
0.000010 0.000010 0.000010 0.026471 0.953687 0.000010 0.019782 0.000010 0.000010
0.025533 0.000010 0.706830 0.000010 0.076467 0.000010 0.191120 0.000010 0.000010
0.034317 0.117540 0.490214 0.000012 0.000010 0.000010 0.243042 0.114845 0.000010
0.070806 0.000015 0.097832 0.574542 0.000012 0.000010 0.000010 0.190068 0.066704
0.399106 0.000010 0.000010 0.166419 0.000010 0.048379 0.026231 0.359824 0.000010
0.264949 0.042556 0.012468 0.477616 0.000010 0.000010 0.000010 0.202371 0.000010
0.364642 0.000010 0.000010 0.303200 0.052939 0.023940 0.011240 0.228183 0.015836
0.268653 0.000010 0.008228 0.629527 0.000010 0.000010 0.030530 0.063021 0.000010
0.224691 0.094013 0.000010 0.472048 0.000010 0.000010 0.000010 0.209198 0.000010
0.273309 0.000010 0.000010 0.468126 0.000010 0.000010 0.000010 0.242522 0.015993
0.003864 0.024570 0.050216 0.697553 0.029660 0.025626 0.000010 0.168490 0.000010
0.100210 0.000010 0.111088 0.403935 0.000017 0.016318 0.000010 0.320242 0.048171
0.301641 0.000010 0.115944 0.236177 0.059394 0.000010 0.000010 0.286805 0.000010
0.263491 0.006834 0.000010 0.372544 0.077257 0.000010 0.000010 0.198898 0.080948
0.233647 0.000010 0.000010 0.458814 0.070274 0.021089 0.053660 0.162485 0.000010
0.285772 0.000010 0.000010 0.438280 0.017077 0.000010 0.000010 0.258820 0.000010
0.000010 0.086877 0.613391 0.000010 0.000010 0.000010 0.299672 0.000010 0.000010
0.000010 0.127973 0.443239 0.000010 0.040034 0.000010 0.388704 0.000010 0.000010
0.000010 0.000010 0.558350 0.000010 0.000010 0.000010 0.373147 0.000010 0.068443
0.000010 0.149503 0.469675 0.000010 0.058433 0.000010 0.322339 0.000010 0.000010
0.000010 0.041468 0.699326 0.000010 0.000010 0.000010 0.238757 0.020398 0.000010
0.067293 0.110734 0.497701 0.000010 0.082705 0.000010 0.241526 0.000010 0.000010
0.000010 0.178487 0.543957 0.000010 0.000010 0.000010 0.277496 0.000010 0.000010
0.000010 0.003286 0.742364 0.004285 0.000010 0.000010 0.226011 0.024014 0.000010
0.000010 0.111478 0.473844 0.000010 0.000010 0.000010 0.369694 0.044934 0.000010
0.000010 0.000010 0.569041 0.000010 0.000010 0.023308 0.227704 0.179897 0.000010
0.000010 0.039726 0.741907 0.000010 0.000010 0.000010 0.218307 0.000010 0.000010
0.000010 0.258947 0.441981 0.000010 0.119333 0.000010 0.179688 0.000010 0.000010
