0.371574 0.013982 0.000010 0.000010 0.000010 0.019177 0.049691 0.545537 0.000010
0.055556 0.000010 0.000010 0.033969 0.000010 0.000010 0.066534 0.843891 0.000010
0.264617 0.000010 0.000010 0.000010 0.000010 0.035267 0.000010 0.700055 0.000010
0.325082 0.000011 0.027677 0.121879 0.000010 0.000010 0.000010 0.525311 0.000010
0.412912 0.040056 0.135553 0.009641 0.033612 0.000010 0.048395 0.285174 0.034648
0.303525 0.000010 0.000010 0.000010 0.033161 0.044094 0.078664 0.515794 0.024731
0.148356 0.029263 0.219473 0.000010 0.000010 0.007545 0.000010 0.595324 0.000010
0.317564 0.045598 0.000010 0.051383 0.000010 0.071987 0.028474 0.484965 0.000010
0.209629 0.000010 0.082767 0.060577 0.161489 0.000010 0.031731 0.453777 0.000010
0.219389 0.000010 0.000010 0.100619 0.000010 0.000010 0.109883 0.570059 0.000010
0.077965 0.024722 0.027923 0.000010 0.000010 0.000010 0.363420 0.488957 0.016983
0.040450 0.019092 0.000010 0.129180 0.049886 0.114778 0.250177 0.396417 0.000010
0.206362 0.000010 0.000010 0.066412 0.000010 0.003224 0.169338 0.458144 0.096490
0.037334 0.193030 0.000010 0.403732 0.057061 0.028399 0.000010 0.227722 0.052703
0.184669 0.032460 0.000010 0.030735 0.055941 0.000010 0.199915 0.430909 0.065351
0.181725 0.000010 0.000010 0.220670 0.106967 0.000010 0.061484 0.429114 0.000010
0.078236 0.097326 0.015167 0.052794 0.000010 0.000010 0.245199 0.511247 0.000010
0.157201 0.000010 0.000010 0.037065 0.000010 0.000010 0.249099 0.556586 0.000010
0.388279 0.000010 0.000010 0.000010 0.056759 0.000010 0.000010 0.536616 0.018296
0.474782 0.089333 0.085964 0.066726 0.000010 0.081053 0.000010 0.187384 0.014738
0.235744 0.000010 0.000010 0.000010 0.004517 0.081506 0.177863 0.500330 0.000010
0.112628 0.000010 0.000010 0.170896 0.000010 0.000010 0.119020 0.509639 0.087777
0.017653 0.000010 0.186427 0.266424 0.051763 0.000010 0.222063 0.164825 0.090823
0.248544 0.000010 0.091968 0.000010 0.000010 0.000010 0.000010 0.274038 0.385400
0.246496 0.232416 0.000010 0.000010 0.000010 0.081709 0.048072 0.290521 0.100756
0.045944 0.000010 0.138107 0.078496 0.160956 0.000010 0.094523 0.481944 0.000010
0.000010 0.129518 0.000010 0.131465 0.000010 0.000010 0.262860 0.476107 0.000010
0.404678 0.000010 0.000010 0.000010 0.060148 0.000010 0.000010 0.376855 0.158269
0.340518 0.000010 0.000010 0.048280 0.094386 0.000010 0.011534 0.476213 0.029038
0.082184 0.000010 0.067863 0.065051 0.000010 0.086612 0.000010 0.218065 0.480196
0.258766 0.000010 0.009789 0.179119 0.044607 0.000010 0.166750 0.314200 0.026750
0.177679 0.000010 0.000010 0.000010 0.132451 0.060828 0.239000 0.390003 0.000010
0.181418 0.000010 0.065455 0.160955 0.000010 0.013766 0.178577 0.399799 0.000010
0.262870 0.000010 0.111607 0.153135 0.015576 0.000010 0.071456 0.385328 0.000010
0.192179 0.031939 0.037925 0.000010 0.005369 0.000010 0.232207 0.500351 0.000010
0.000010 0.000010 0.000010 0.000010 0.120913 0.000010 0.310293 0.568734 0.000010
0.474761 0.000010 0.029473 0.005816 0.000010 0.100929 0.125735 0.263255 0.000010
0.178498 0.000010 0.000010 0.102585 0.263107 0.000010 0.000010 0.455760 0.000010
0.394683 0.078241 0.066508 0.000010 0.000010 0.000010 0.000010 0.460519 0.000010
0.234672 0.000010 0.100197 0.070793 0.000010 0.000010 0.016317 0.577981 0.000010
0.509285 0.000010 0.000010 0.000010 0.000010 0.000010 0.063620 0.427035 0.000010
0.062831 0.000010 0.058639 0.000010 0.014251 0.000010 0.373097 0.491142 0.000010
0.190644 0.000010 0.000010 0.232005 0.000010 0.000010 0.103311 0.473991 0.000010
0.043903 0.011325 0.000010 0.262389 0.000010 0.000010 0.122293 0.560051 0.000010
0.328971 0.000010 0.000010 0.000010 0.175841 0.000010 0.008687 0.486451 0.000010
0.142450 0.000010 0.144237 0.159944 0.057561 0.000010 0.101075 0.394703 0.000010
0.419253 0.114621 0.000010 0.011544 0.000010 0.040414 0.021967 0.392171 0.000010
0.041648 0.000010 0.052739 0.000010 0.000496 0.000010 0.067942 0.380085 0.457059
0.000010 0.139896 0.543738 0.000010 0.000010 0.000010 0.296697 0.019619 0.000010
0.084731 0.000010 0.574491 0.249120 0.017685 0.010657 0.063286 0.000010 0.000010
0.261053 0.040328 0.550537 0.000010 0.006568 0.084105 0.000010 0.057378 0.000010
0.089301 0.012088 0.509062 0.091027 0.000010 0.000010 0.036309 0.262183 0.000010
0.081570 0.155493 0.105003 0.000010 0.075233 0.000010 0.147671 0.389202 0.045807
0.214965 0.153200 0.375822 0.000010 0.028791 0.015691 0.072321 0.139190 0.000010
0.000010 0.000010 0.600300 0.000010 0.203766 0.000010 0.195874 0.000010 0.000010
0.078855 0.030290 0.409176 0.179760 0.021767 0.008320 0.000010 0.037228 0.234594
0.000010 0.000010 0.457142 0.054834 0.146961 0.035121 0.159186 0.146727 0.000010
0.203513 0.000010 0.429834 0.042268 0.000010 0.000010 0.132436 0.191910 0.000010
0.000010 0.048789 0.178260 0.065241 0.016852 0.000010 0.290639 0.400190 0.000010
0.000010 0.203308 0.130063 0.000010 0.071475 0.000010 0.382619 0.212494 0.000010
0.329127 0.000010 0.137196 0.130359 0.074179 0.000010 0.198706 0.073960 0.056455
0.077033 0.000010 0.420474 0.000010 0.028395 0.000010 0.099840 0.317965 0.056263
0.058860 0.008389 0.110121 0.092309 0.000010 0.000010 0.227053 0.503238 0.000010
0.309029 0.029464 0.000010 0.055235 0.000010 0.000010 0.257925 0.348307 0.000010
0.083909 0.000010 0.338080 0.196290 0.000010 0.000010 0.177759 0.197898 0.006035
0.000010 0.000010 0.201452 0.245247 0.105932 0.000010 0.082461 0.364867 0.000010
0.154744 0.052770 0.467343 0.000010 0.061731 0.082074 0.042073 0.123896 0.015359
0.089149 0.008521 0.280835 0.064238 0.109360 0.124200 0.159655 0.067973 0.096068
0.114297 0.117994 0.273506 0.181168 0.004295 0.000010 0.042032 0.266688 0.000010
0.427474 0.158754 0.000010 0.135819 0.000010 0.000010 0.010319 0.267593 0.000010
0.000010 0.004331 0.000010 0.000010 0.000010 0.028656 0.000010 0.039062 0.927901
0.376813 0.000010 0.034043 0.064352 0.067689 0.006996 0.044110 0.405976 0.000010
0.062463 0.145044 0.000010 0.279717 0.068751 0.072793 0.050156 0.321056 0.000010
0.171714 0.055108 0.099326 0.166043 0.046692 0.000010 0.090385 0.370711 0.000010
0.140193 0.000010 0.000010 0.024087 0.013263 0.108455 0.112271 0.601700 0.000010
0.211024 0.000010 0.120891 0.000010 0.176896 0.000010 0.087920 0.381071 0.022168
0.127425 0.000010 0.073696 0.000010 0.185254 0.003933 0.098132 0.511530 0.000010
0.306661 0.047002 0.025178 0.000010 0.098882 0.018986 0.006717 0.496555 0.000010
0.299785 0.035990 0.000010 0.009466 0.093320 0.087215 0.069193 0.405012 0.000010
0.109379 0.000010 0.213861 0.112698 0.019166 0.000010 0.099343 0.445524 0.000010
0.061590 0.037484 0.198044 0.106154 0.136667 0.000010 0.067794 0.392247 0.000010
0.118629 0.120895 0.004749 0.000010 0.000010 0.136824 0.034044 0.584830 0.000010
0.300866 0.000010 0.161135 0.000010 0.000010 0.000010 0.067672 0.447952 0.022336
0.389663 0.084236 0.000010 0.000010 0.000010 0.094165 0.000010 0.431887 0.000010
0.324779 0.008699 0.073416 0.173795 0.000010 0.008586 0.106872 0.282924 0.020918
0.466322 0.054035 0.000010 0.000010 0.140501 0.023133 0.080732 0.121630 0.113626
0.171784 0.068226 0.000010 0.177046 0.000010 0.093086 0.113506 0.298734 0.077599
0.165086 0.055823 0.066948 0.046323 0.000010 0.000010 0.131499 0.534292 0.000010
0.219924 0.031964 0.105834 0.011522 0.000010 0.000010 0.084774 0.545952 0.000010
0.022152 0.000010 0.014993 0.009847 0.148010 0.000010 0.040726 0.764242 0.000010
0.000010 0.217015 0.104618 0.337242 0.000010 0.009907 0.000741 0.330445 0.000010
0.250154 0.025986 0.142262 0.000010 0.000010 0.060341 0.061366 0.459862 0.000010
0.233865 0.000010 0.126232 0.000010 0.063171 0.054019 0.064870 0.457813 0.000010
0.347506 0.000010 0.168238 0.000010 0.000010 0.014629 0.000010 0.469577 0.000010
0.071671 0.000010 0.296590 0.000010 0.279325 0.013003 0.000010 0.262324 0.077057
0.033165 0.026279 0.000010 0.158855 0.136686 0.033715 0.136039 0.475242 0.000010
0.156033 0.000010 0.000010 0.059077 0.031739 0.036017 0.220781 0.479885 0.016447
0.000010 0.000010 0.000010 0.009834 0.131260 0.147332 0.206085 0.505448 0.000010
0.347138 0.080112 0.000010 0.000010 0.000010 0.000010 0.225912 0.346788 0.000010
0.241543 0.063701 0.000010 0.029346 0.000010 0.000010 0.267748 0.396922 0.000711
0.000010 0.003321 0.164456 0.000010 0.026561 0.065620 0.153310 0.236205 0.350508
0.029367 0.000010 0.000010 0.113191 0.000010 0.016112 0.030991 0.298299 0.512010
0.023918 0.000010 0.212846 0.047636 0.131101 0.017287 0.188973 0.378219 0.000010
0.202789 0.158848 0.029493 0.000010 0.000010 0.058060 0.079050 0.471731 0.000010
0.099032 0.059431 0.000010 0.144631 0.228113 0.000010 0.122718 0.346046 0.000010
0.000010 0.132686 0.000010 0.370522 0.007534 0.000010 0.185130 0.304088 0.000010
0.090332 0.000010 0.000010 0.302089 0.000010 0.000010 0.136472 0.272587 0.198479
0.118031 0.015409 0.069333 0.295786 0.195068 0.000010 0.000010 0.194575 0.111778
0.119134 0.000010 0.247993 0.105192 0.016550 0.000010 0.148743 0.308161 0.054206
0.109808 0.267162 0.062976 0.227537 0.156961 0.000010 0.000010 0.116747 0.058789
0.058151 0.000010 0.000010 0.082896 0.070425 0.000010 0.188080 0.572247 0.028171
0.190918 0.000010 0.000010 0.065952 0.001684 0.000010 0.196263 0.521415 0.023738
0.041270 0.000010 0.000010 0.272350 0.142263 0.000010 0.148263 0.360945 0.034879
0.209856 0.024471 0.021307 0.099624 0.000010 0.000010 0.178764 0.375573 0.090385
0.125487 0.064800 0.000010 0.183812 0.000010 0.000010 0.198647 0.427215 0.000010
0.109245 0.000010 0.051123 0.235832 0.146578 0.182756 0.213078 0.061368 0.000010
0.204511 0.035638 0.000010 0.000010 0.000010 0.000010 0.210847 0.548953 0.000010
0.000010 0.000010 0.038316 0.238382 0.111193 0.000010 0.350950 0.261119 0.000010
0.000010 0.074020 0.000010 0.264041 0.104499 0.000010 0.202003 0.315158 0.040250
0.457985 0.000010 0.000010 0.000010 0.000010 0.000010 0.000010 0.541945 0.000010
0.206948 0.000010 0.000010 0.000010 0.104540 0.036185 0.093026 0.559262 0.000010
0.000010 0.000010 0.036611 0.104309 0.144247 0.000010 0.249947 0.464845 0.000010
0.003176 0.099146 0.000010 0.153630 0.000010 0.031384 0.268479 0.444155 0.000010
0.000010 0.120070 0.002319 0.318663 0.146465 0.000010 0.379269 0.000010 0.033184
0.080196 0.045853 0.000010 0.119031 0.065422 0.038152 0.170221 0.438444 0.042672
0.360897 0.000010 0.164254 0.000010 0.107870 0.000010 0.095667 0.271271 0.000010
0.346060 0.278160 0.000010 0.049471 0.114568 0.000010 0.000010 0.196057 0.015654
0.114296 0.153358 0.039604 0.000010 0.018260 0.000010 0.153466 0.520988 0.000010
0.272904 0.000010 0.000010 0.235814 0.180166 0.000010 0.010255 0.300822 0.000010
0.174168 0.004037 0.000010 0.005859 0.018236 0.022265 0.292834 0.382363 0.100227
0.390323 0.000010 0.101711 0.073765 0.146949 0.000010 0.000010 0.287212 0.000010
0.180371 0.000010 0.002723 0.000010 0.233541 0.000010 0.231760 0.350564 0.001011
0.093788 0.183651 0.000010 0.346742 0.194235 0.000010 0.011245 0.170309 0.000010
0.234225 0.133008 0.000010 0.000010 0.037801 0.000010 0.057199 0.537728 0.000010
0.239708 0.000010 0.097937 0.051785 0.106187 0.000010 0.208238 0.296116 0.000010
0.012247 0.094770 0.089190 0.000010 0.000010 0.000010 0.291245 0.480261 0.032256
0.143026 0.128419 0.000010 0.021124 0.038830 0.091245 0.171727 0.392499 0.013120
0.217510 0.000010 0.000010 0.028567 0.083204 0.032525 0.044811 0.593353 0.000010
0.171982 0.000010 0.038378 0.075896 0.000010 0.070458 0.021701 0.621556 0.000010
0.153938 0.000010 0.071745 0.073227 0.000010 0.000010 0.234843 0.415946 0.050272
0.156354 0.000010 0.032867 0.343551 0.061087 0.000010 0.000010 0.406100 0.000010
0.184562 0.000010 0.032194 0.000010 0.000010 0.022170 0.335036 0.425999 0.000010
0.310113 0.049991 0.206225 0.241412 0.000010 0.000010 0.000010 0.192219 0.000010
0.000010 0.127725 0.041662 0.262134 0.000010 0.000010 0.000010 0.568429 0.000010
0.185018 0.065918 0.000010 0.248579 0.000010 0.000010 0.047231 0.453214 0.000010
0.275033 0.000010 0.000010 0.070020 0.131934 0.000010 0.123871 0.399103 0.000010
0.280144 0.000010 0.079422 0.000010 0.000010 0.043087 0.000010 0.597296 0.000010
0.238720 0.011616 0.030018 0.226635 0.000010 0.000010 0.027124 0.465857 0.000010
0.281491 0.016403 0.109986 0.110331 0.000010 0.000010 0.000010 0.429612 0.052147
0.114474 0.000010 0.000010 0.140060 0.098441 0.000010 0.231476 0.415508 0.000010
0.212976 0.171611 0.061668 0.249071 0.000010 0.000010 0.000010 0.304634 0.000010
0.000010 0.208736 0.000010 0.307826 0.000010 0.052894 0.215117 0.215387 0.000010
0.364439 0.000010 0.062296 0.091114 0.023968 0.000010 0.184416 0.273737 0.000010
0.129851 0.083101 0.035179 0.071599 0.064764 0.000010 0.076501 0.538983 0.000010
0.206704 0.000010 0.342171 0.218840 0.005858 0.000010 0.000010 0.226388 0.000010
0.164264 0.000010 0.000010 0.000010 0.183584 0.000010 0.294907 0.357194 0.000010
0.177067 0.000010 0.136982 0.147837 0.120371 0.000010 0.185063 0.232651 0.000010
0.136017 0.006090 0.000010 0.392498 0.000010 0.094312 0.000010 0.366374 0.004678
0.304376 0.212437 0.000010 0.014555 0.211372 0.000010 0.035203 0.161537 0.060501
0.172021 0.013079 0.092409 0.138394 0.000010 0.000010 0.014769 0.569297 0.000010
0.437283 0.000010 0.000010 0.202301 0.000010 0.008324 0.000010 0.352042 0.000010
0.299215 0.170021 0.023631 0.130792 0.122004 0.000010 0.037079 0.189567 0.027681
0.194597 0.000010 0.087063 0.134598 0.030148 0.000010 0.253275 0.300290 0.000010
0.182644 0.079095 0.113164 0.057391 0.000010 0.012434 0.073822 0.354292 0.127148
0.187514 0.224839 0.000010 0.013953 0.021188 0.000010 0.092913 0.459563 0.000010
0.205509 0.000010 0.251287 0.000010 0.000010 0.055851 0.119833 0.367479 0.000010
0.509380 0.000010 0.013746 0.000010 0.000010 0.001710 0.042081 0.433043 0.000010
0.134740 0.017710 0.210814 0.000010 0.030385 0.000010 0.117782 0.488540 0.000010
0.156356 0.000010 0.000010 0.010183 0.000010 0.000010 0.241934 0.578814 0.012674
0.178316 0.063752 0.121823 0.170263 0.000010 0.044939 0.179419 0.241469 0.000010
0.181736 0.000010 0.088437 0.082585 0.096014 0.000010 0.164316 0.386881 0.000010
0.000010 0.081574 0.065144 0.342355 0.000010 0.000010 0.030608 0.480279 0.000010
0.403325 0.000010 0.000010 0.000010 0.182941 0.000010 0.130410 0.283274 0.000010
0.027509 0.175079 0.161675 0.221968 0.000010 0.079766 0.015944 0.318039 0.000010
0.000010 0.000010 0.286008 0.157554 0.000010 0.025463 0.118632 0.405516 0.006797
0.067208 0.052825 0.102885 0.082561 0.000010 0.039536 0.174833 0.372331 0.107812
0.030652 0.106938 0.096879 0.262021 0.125802 0.000010 0.104318 0.273370 0.000010
0.200854 0.000010 0.024764 0.079415 0.147735 0.000010 0.242185 0.305018 0.000010
0.000010 0.080810 0.040088 0.144661 0.101629 0.000010 0.123679 0.451964 0.057150
0.061160 0.000010 0.077640 0.236048 0.157395 0.041797 0.000010 0.414033 0.011907
0.244097 0.000010 0.269013 0.000010 0.018751 0.000010 0.000010 0.432783 0.035316
0.037770 0.000116 0.000010 0.240612 0.000010 0.000010 0.231252 0.490209 0.000010
0.204791 0.000010 0.000010 0.000010 0.057282 0.000010 0.208809 0.529069 0.000010
0.198428 0.000010 0.000010 0.155652 0.111379 0.071072 0.032031 0.424119 0.007300
0.252737 0.032615 0.331252 0.023639 0.000010 0.007123 0.271815 0.080800 0.000010
0.420289 0.029979 0.000010 0.038314 0.000010 0.000010 0.095792 0.415585 0.000010
0.196970 0.024139 0.029110 0.269021 0.000010 0.000010 0.099409 0.276920 0.104411
0.000010 0.066329 0.000010 0.000010 0.000010 0.377784 0.000010 0.000010 0.555827
0.000010 0.066915 0.100316 0.000010 0.000010 0.265234 0.000010 0.000010 0.567484
0.000761 0.000010 0.004776 0.000010 0.000010 0.279275 0.031294 0.048640 0.635225
0.000010 0.000010 0.000010 0.000010 0.099545 0.339739 0.000010 0.000010 0.560657
0.000010 0.000010 0.000010 0.000010 0.034625 0.500350 0.000010 0.000010 0.464965
0.000010 0.000010 0.000010 0.000010 0.028633 0.377522 0.000010 0.000010 0.593785
0.052443 0.000010 0.112819 0.000010 0.000010 0.557764 0.000010 0.000010 0.276924
0.000010 0.005500 0.000010 0.000010 0.027899 0.210932 0.000010 0.000010 0.755619
0.000010 0.002784 0.000010 0.000010 0.000010 0.347533 0.000010 0.039872 0.609760
0.000010 0.019367 0.000010 0.000010 0.001326 0.193416 0.000010 0.000010 0.785841
0.035767 0.000010 0.000010 0.000010 0.000010 0.400345 0.026367 0.000010 0.537471
0.000010 0.045603 0.000010 0.000010 0.000010 0.594499 0.000010 0.000010 0.359837
0.000010 0.085877 0.000010 0.000010 0.000010 0.488181 0.000010 0.011644 0.414248
0.000010 0.000010 0.009665 0.000010 0.000010 0.496217 0.000010 0.000010 0.494057
0.023580 0.000010 0.000010 0.000010 0.004866 0.256040 0.000010 0.000010 0.715464
0.000010 0.012571 0.000010 0.000010 0.096999 0.288297 0.000010 0.000010 0.602083
0.000010 0.000010 0.067086 0.000010 0.048049 0.293919 0.000010 0.000010 0.590896
0.000010 0.020606 0.000010 0.000010 0.000010 0.402601 0.000010 0.029951 0.546792
0.000010 0.000010 0.000010 0.000010 0.053420 0.385248 0.005988 0.000010 0.555294
0.000010 0.034342 0.000010 0.000010 0.000010 0.525653 0.000010 0.000010 0.439946
0.034450 0.000010 0.000010 0.000010 0.000010 0.300477 0.005942 0.000010 0.659081
0.000010 0.002677 0.000010 0.000010 0.063183 0.280716 0.043518 0.000010 0.609866
0.000010 0.000010 0.000010 0.000010 0.000010 0.542693 0.000010 0.000010 0.457237
0.000010 0.000011 0.000010 0.116868 0.000010 0.367290 0.000010 0.000010 0.515781
0.000010 0.000010 0.000011 0.000010 0.098356 0.433686 0.000010 0.000010 0.467898
0.077228 0.000010 0.016403 0.000010 0.000010 0.467837 0.072660 0.000010 0.365832
0.004609 0.000010 0.000010 0.011941 0.000010 0.275090 0.000010 0.000010 0.708310
0.000010 0.000010 0.000010 0.000010 0.020614 0.301960 0.000010 0.013336 0.664040
0.004445 0.000010 0.000010 0.000010 0.995485 0.000010 0.000010 0.000010 0.000010
0.242494 0.000010 0.000010 0.245076 0.179858 0.077566 0.000010 0.254965 0.000010
0.078112 0.067022 0.000011 0.354015 0.000010 0.095822 0.032810 0.372189 0.000010
0.453505 0.000010 0.000010 0.384566 0.000010 0.056573 0.000010 0.054558 0.050757
0.367693 0.082840 0.000010 0.387240 0.000010 0.073086 0.056641 0.032470 0.000010
0.368165 0.017651 0.000010 0.409928 0.000010 0.086082 0.080987 0.037157 0.000010
0.365498 0.000010 0.000010 0.358657 0.000010 0.000010 0.000010 0.275785 0.000010
0.155416 0.000010 0.147020 0.441467 0.061154 0.000010 0.035224 0.159690 0.000010
0.530193 0.068708 0.000010 0.092508 0.000010 0.000010 0.000010 0.238212 0.070340
0.300424 0.000010 0.000010 0.315994 0.140363 0.000010 0.066911 0.069411 0.106867
0.479329 0.000938 0.067434 0.442737 0.000010 0.000010 0.000010 0.000010 0.009522
0.202474 0.000010 0.202737 0.196389 0.000010 0.000010 0.103825 0.294536 0.000010
0.529426 0.000010 0.026845 0.217374 0.000010 0.000010 0.136321 0.089993 0.000010
0.171534 0.000010 0.000010 0.516934 0.000010 0.000010 0.057189 0.222513 0.031790
0.505233 0.028759 0.057791 0.268071 0.000010 0.039895 0.023887 0.076344 0.000010
0.258687 0.003979 0.104619 0.460401 0.000010 0.000010 0.000010 0.172274 0.000010
0.286445 0.006210 0.230551 0.357776 0.118978 0.000010 0.000010 0.000010 0.000010
0.210652 0.000010 0.000010 0.299824 0.148250 0.000010 0.000010 0.317554 0.023679
0.279030 0.000010 0.060002 0.118052 0.103630 0.038805 0.000010 0.400451 0.000010
0.477256 0.000010 0.020637 0.355610 0.106226 0.000010 0.000010 0.040232 0.000010
0.323612 0.000010 0.000010 0.399044 0.110828 0.000010 0.021733 0.144742 0.000010
0.087753 0.000010 0.000010 0.470094 0.072064 0.099479 0.111217 0.159363 0.000010
0.345914 0.000010 0.000010 0.479343 0.000010 0.000010 0.083849 0.000010 0.090844
0.290433 0.000010 0.055959 0.376707 0.138017 0.000010 0.000010 0.138845 0.000010
0.324015 0.000010 0.000010 0.212012 0.011632 0.000010 0.000010 0.451010 0.001291
0.406256 0.000010 0.059341 0.070260 0.067546 0.000010 0.000010 0.396557 0.000010
0.144041 0.062031 0.000010 0.489085 0.000010 0.000010 0.003988 0.300815 0.000010
0.244423 0.053888 0.000010 0.441182 0.000010 0.000010 0.000010 0.049381 0.211086
0.410723 0.011807 0.000010 0.204913 0.000010 0.056079 0.000010 0.316439 0.000010
0.000010 0.000010 0.000010 0.000010 0.922574 0.000010 0.000010 0.077356 0.000010
0.000010 0.000010 0.000010 0.000010 0.912551 0.000010 0.031230 0.056159 0.000010
0.000010 0.000010 0.000010 0.062905 0.901680 0.000010 0.000010 0.035355 0.000010
0.000010 0.000010 0.000010 0.000010 0.951580 0.000010 0.037075 0.011285 0.000010
0.000010 0.000010 0.032514 0.000010 0.908552 0.000010 0.058874 0.000010 0.000010
0.000010 0.000010 0.000010 0.000010 0.920738 0.000010 0.000010 0.064869 0.014334
0.000010 0.000010 0.000010 0.000010 0.988403 0.000010 0.000010 0.011527 0.000010
0.000010 0.000010 0.000010 0.000010 0.872825 0.000010 0.090963 0.036151 0.000010
0.057270 0.000011 0.000017 0.000010 0.939680 0.000010 0.002982 0.000010 0.000010
0.000010 0.000010 0.000010 0.000010 0.878638 0.042649 0.078652 0.000010 0.000010
0.021925 0.000010 0.001033 0.039688 0.907483 0.029831 0.000010 0.000010 0.000010
0.000014 0.000010 0.000010 0.000010 0.990708 0.000010 0.000010 0.000010 0.009218
0.000010 0.000010 0.000010 0.036136 0.963794 0.000010 0.000010 0.000010 0.000010
0.000010 0.009246 0.000010 0.000010 0.929356 0.000010 0.061338 0.000010 0.000010
0.014411 0.000010 0.024397 0.000010 0.911156 0.000010 0.000010 0.014969 0.035027
0.000010 0.000010 0.000010 0.000010 0.983427 0.000010 0.016503 0.000010 0.000010
0.000010 0.000010 0.000010 0.056645 0.908005 0.000010 0.021135 0.014165 0.000010
0.477667 0.000010 0.000010 0.084195 0.087465 0.000010 0.000010 0.350623 0.000010
0.724578 0.000010 0.000010 0.003301 0.066592 0.000010 0.000010 0.205480 0.000010
0.703387 0.000010 0.029365 0.089358 0.000010 0.072125 0.000010 0.105725 0.000010
0.907281 0.000010 0.000010 0.000010 0.000010 0.000010 0.000010 0.000010 0.092649
0.571487 0.000010 0.244420 0.018573 0.000010 0.165470 0.000010 0.000010 0.000010
0.474398 0.043571 0.169570 0.000010 0.000010 0.078529 0.008909 0.224993 0.000010
0.609447 0.000010 0.000010 0.068338 0.000010 0.030129 0.000010 0.292036 0.000010
0.711715 0.000010 0.104254 0.000010 0.000010 0.000010 0.000010 0.183972 0.000010
0.405229 0.000010 0.076657 0.112073 0.097927 0.005060 0.075033 0.228001 0.000010
0.582239 0.000010 0.000010 0.000010 0.000010 0.086646 0.050275 0.280789 0.000010
0.519337 0.000010 0.000010 0.114014 0.000010 0.000010 0.000010 0.366588 0.000010
0.733345 0.000010 0.000010 0.079612 0.138978 0.038312 0.009712 0.000010 0.000010
0.479149 0.000010 0.000010 0.000010 0.000010 0.000010 0.079944 0.301358 0.139499
0.564210 0.032100 0.000010 0.187957 0.000010 0.000010 0.047978 0.167715 0.000010
0.715196 0.000010 0.062997 0.000010 0.000010 0.143846 0.023443 0.054478 0.000010
0.605367 0.000010 0.004397 0.171093 0.042418 0.021894 0.000010 0.154800 0.000010
0.490625 0.000010 0.000010 0.000010 0.270598 0.000010 0.000010 0.234965 0.003763
0.649409 0.000010 0.000010 0.000840 0.179048 0.047998 0.000010 0.055683 0.066992
0.503627 0.000010 0.155289 0.037495 0.001834 0.000010 0.000010 0.301715 0.000010
0.386546 0.000011 0.126924 0.000010 0.000010 0.092992 0.087563 0.263360 0.042582
0.574683 0.000010 0.000010 0.000010 0.122266 0.000010 0.000010 0.209994 0.093007
0.591033 0.000010 0.000010 0.056319 0.121526 0.000010 0.000010 0.231072 0.000010
0.558589 0.000010 0.000010 0.000010 0.008948 0.027700 0.000010 0.404714 0.000010
0.469221 0.220768 0.000010 0.000010 0.110884 0.000010 0.000010 0.199077 0.000010
0.677722 0.000010 0.143490 0.000010 0.000010 0.082205 0.000010 0.096533 0.000010
0.735515 0.000010 0.000010 0.000010 0.000010 0.000010 0.000010 0.264415 0.000010
0.851478 0.000010 0.000010 0.000010 0.082160 0.000010 0.000010 0.066302 0.000010
0.489145 0.000010 0.000010 0.000010 0.097112 0.071652 0.051785 0.085261 0.205016
0.693869 0.069894 0.000010 0.084101 0.000010 0.064407 0.039368 0.048330 0.000010
0.359274 0.000010 0.059699 0.003358 0.051871 0.004591 0.033012 0.488175 0.000010
0.646446 0.043640 0.203508 0.000010 0.000010 0.033022 0.000010 0.073344 0.000010
0.467061 0.000010 0.000010 0.108341 0.024075 0.063524 0.050266 0.286702 0.000010
0.525684 0.000010 0.056449 0.000010 0.031851 0.040514 0.015290 0.305029 0.025163
0.746040 0.000010 0.120746 0.000010 0.000010 0.029062 0.000010 0.104102 0.000010
0.206719 0.054282 0.000010 0.073736 0.042670 0.000010 0.138327 0.466652 0.017593
0.668909 0.000010 0.068087 0.000010 0.059693 0.032399 0.000010 0.170872 0.000010
0.388034 0.000010 0.000010 0.130685 0.098478 0.029265 0.000010 0.353499 0.000010
0.647030 0.000010 0.000010 0.013805 0.025387 0.000010 0.000010 0.313727 0.000010
0.789585 0.000010 0.090585 0.000010 0.086661 0.033120 0.000010 0.000010 0.000010
0.623093 0.000010 0.065546 0.000010 0.000010 0.088729 0.000010 0.222583 0.000010
0.611588 0.000010 0.000010 0.072207 0.052458 0.005751 0.000010 0.255403 0.002563
0.459252 0.000010 0.069614 0.040849 0.000010 0.000010 0.132086 0.298158 0.000010
0.555336 0.000010 0.000010 0.000010 0.000010 0.120373 0.143134 0.145034 0.036082
0.652875 0.000010 0.000010 0.089836 0.014346 0.000010 0.000010 0.220665 0.022238
0.656449 0.000010 0.000010 0.000010 0.010514 0.000010 0.001956 0.230659 0.100381
0.545777 0.000010 0.000010 0.014136 0.057603 0.000010 0.042396 0.278847 0.061211
0.581270 0.038335 0.000010 0.000010 0.000010 0.036771 0.105595 0.137071 0.100927
0.820395 0.000010 0.000010 0.000010 0.010273 0.000010 0.000010 0.169273 0.000010
0.492285 0.000010 0.000010 0.013555 0.000010 0.260086 0.000010 0.209166 0.024867
0.382714 0.000010 0.000010 0.192328 0.110586 0.000010 0.075884 0.238448 0.000010
0.488095 0.000010 0.000010 0.000010 0.038756 0.065235 0.006135 0.329427 0.072322
0.638966 0.074926 0.000010 0.000010 0.000010 0.002274 0.043326 0.240468 0.000010
0.670146 0.100165 0.000010 0.008546 0.000010 0.000010 0.000010 0.221092 0.000010
0.438083 0.000010 0.000010 0.146920 0.171426 0.025900 0.000010 0.142747 0.074895
0.242567 0.000010 0.102553 0.193131 0.000010 0.058270 0.000010 0.204173 0.199276
0.000010 0.000010 0.000010 0.008372 0.000010 0.200646 0.047697 0.048143 0.695102
0.452064 0.034720 0.052708 0.268992 0.000010 0.113131 0.004469 0.073896 0.000010
0.768504 0.000010 0.075080 0.000010 0.000010 0.000010 0.037985 0.110752 0.007640
0.467341 0.005067 0.046473 0.016874 0.069087 0.140681 0.000010 0.238762 0.015705
0.433803 0.054355 0.000010 0.000010 0.086854 0.032130 0.000010 0.392818 0.000010
0.509058 0.000010 0.000010 0.160872 0.021859 0.027088 0.000010 0.244031 0.037063
0.418864 0.025643 0.000010 0.040621 0.000010 0.000010 0.000010 0.025738 0.489094
0.488999 0.000010 0.000010 0.000010 0.166415 0.028250 0.000010 0.278831 0.037465
0.563970 0.000010 0.122580 0.000010 0.000010 0.142205 0.025714 0.145491 0.000010
0.427599 0.000010 0.241403 0.000010 0.167130 0.084335 0.000010 0.045538 0.033965
0.670152 0.000010 0.000010 0.000010 0.000010 0.000010 0.000010 0.329778 0.000010
0.303380 0.000010 0.038361 0.091614 0.000010 0.080808 0.000010 0.389945 0.095862
0.558882 0.000010 0.000010 0.000010 0.000010 0.118726 0.000010 0.322333 0.000010
0.758204 0.000010 0.000010 0.000010 0.000010 0.000010 0.000010 0.241726 0.000010
0.660014 0.000010 0.000010 0.047874 0.115720 0.007114 0.000010 0.169238 0.000010
0.587164 0.000010 0.005782 0.000010 0.014900 0.015504 0.049814 0.000010 0.326806
0.461429 0.046056 0.094710 0.064546 0.000010 0.018919 0.000010 0.314311 0.000010
0.492275 0.000010 0.000010 0.225912 0.031956 0.000010 0.116611 0.133206 0.000010
0.456810 0.000010 0.000010 0.000010 0.000010 0.000010 0.000010 0.405307 0.137823
0.494796 0.028326 0.119822 0.000010 0.043129 0.062620 0.073267 0.178019 0.000010
0.295780 0.145495 0.000010 0.292752 0.000010 0.041856 0.001975 0.222113 0.000010
0.558015 0.000010 0.000010 0.000010 0.032568 0.066780 0.000010 0.237078 0.105519
0.755452 0.000010 0.000010 0.036476 0.055262 0.000010 0.000010 0.152760 0.000010
0.587736 0.000010 0.000010 0.178357 0.180559 0.045409 0.000010 0.007900 0.000010
0.492873 0.063630 0.000010 0.211194 0.000010 0.000010 0.000010 0.153909 0.078354
0.541955 0.000010 0.024523 0.000010 0.000010 0.073746 0.161861 0.113668 0.084218
0.539450 0.000010 0.000010 0.000010 0.036366 0.026012 0.000010 0.398123 0.000010
0.447542 0.030114 0.000010 0.062739 0.067067 0.044033 0.043148 0.217148 0.088198
0.607583 0.000010 0.000010 0.015932 0.000010 0.032896 0.149687 0.186895 0.006978
0.480867 0.000010 0.000010 0.000010 0.107768 0.000010 0.000010 0.171260 0.240056
0.524983 0.000010 0.011446 0.042623 0.031305 0.092654 0.000010 0.284307 0.012662
0.696361 0.000010 0.000010 0.000010 0.007345 0.000010 0.000010 0.296234 0.000010
0.000010 0.000010 0.000010 0.000010 0.978712 0.000010 0.021218 0.000010 0.000010
0.000010 0.000010 0.135094 0.000010 0.714062 0.000010 0.150785 0.000010 0.000010
0.003509 0.000010 0.038348 0.000010 0.778248 0.000010 0.179845 0.000010 0.000010
0.016595 0.000010 0.000010 0.000010 0.809846 0.000010 0.173499 0.000010 0.000010
0.000010 0.000010 0.129713 0.000010 0.870217 0.000010 0.000010 0.000010 0.000010
0.142762 0.000010 0.010662 0.000010 0.846517 0.000010 0.000010 0.000010 0.000010
0.000010 0.000010 0.076116 0.000010 0.605084 0.000010 0.318740 0.000010 0.000010
0.458938 0.045542 0.036746 0.360095 0.000010 0.000010 0.000010 0.098639 0.000010
0.504940 0.022296 0.000010 0.345628 0.000010 0.000010 0.071219 0.055877 0.000010
0.554831 0.000010 0.022367 0.301038 0.103929 0.000010 0.000983 0.016821 0.000010
0.529356 0.000010 0.110612 0.359972 0.000010 0.000010 0.000010 0.000010 0.000010
0.651444 0.000010 0.086594 0.243897 0.000010 0.018016 0.000010 0.000010 0.000010
0.604878 0.000010 0.003163 0.391899 0.000010 0.000010 0.000010 0.000010 0.000010
0.319756 0.069091 0.010065 0.272463 0.000010 0.007343 0.000010 0.276275 0.044986
0.570765 0.000010 0.093707 0.220819 0.000010 0.000010 0.000010 0.114659 0.000010
0.617577 0.000010 0.000010 0.223159 0.000010 0.109793 0.044601 0.000010 0.004830
0.393907 0.060894 0.059866 0.424435 0.000010 0.000010 0.060858 0.000010 0.000010
0.582606 0.000010 0.000010 0.110112 0.000010 0.038819 0.064910 0.117574 0.085949
0.588648 0.000010 0.000010 0.000010 0.140279 0.016628 0.000010 0.254396 0.000010
0.482188 0.043610 0.000010 0.000010 0.000010 0.123684 0.000010 0.153379 0.197099
0.616992 0.000010 0.000010 0.000010 0.036738 0.000010 0.000010 0.212349 0.133871
0.557473 0.000010 0.138605 0.105071 0.083434 0.069216 0.000010 0.046170 0.000010
0.618193 0.053107 0.180369 0.069429 0.078862 0.000010 0.000010 0.000010 0.000010
0.420978 0.000010 0.152951 0.027717 0.000010 0.052083 0.059158 0.281742 0.005350
0.459977 0.009386 0.000010 0.000010 0.017947 0.000010 0.000010 0.512639 0.000010
0.693065 0.000010 0.000010 0.000010 0.000010 0.025871 0.047099 0.189306 0.044619
0.665053 0.000010 0.000010 0.043386 0.000010 0.000010 0.025373 0.147329 0.118821
0.518824 0.000010 0.051210 0.018181 0.000010 0.000010 0.000010 0.323787 0.087958
0.490613 0.032761 0.042451 0.023029 0.068347 0.015836 0.000010 0.081031 0.245922
0.546093 0.000010 0.000010 0.088918 0.021242 0.085517 0.000010 0.258190 0.000010
0.466085 0.000010 0.000010 0.061470 0.000010 0.153050 0.000010 0.178546 0.140810
0.611214 0.000010 0.105524 0.000010 0.000010 0.000010 0.000010 0.283202 0.000010
0.498724 0.000010 0.073930 0.086236 0.223458 0.000010 0.044993 0.072629 0.000010
0.246888 0.093014 0.000010 0.000010 0.000010 0.247339 0.068630 0.180393 0.163705
0.630280 0.000010 0.000010 0.232539 0.057610 0.000010 0.000010 0.079521 0.000010
0.532542 0.049176 0.000010 0.194095 0.000010 0.000010 0.035287 0.167043 0.021827
0.565288 0.000010 0.000010 0.112721 0.216440 0.076647 0.000010 0.028864 0.000010
0.626624 0.000010 0.000010 0.074350 0.011467 0.055972 0.000010 0.231546 0.000010
0.585479 0.000010 0.000010 0.032204 0.028504 0.001957 0.000010 0.267052 0.084774
0.428945 0.064081 0.000010 0.000010 0.094200 0.048958 0.052786 0.154619 0.156391
0.626937 0.013062 0.000010 0.000010 0.000010 0.021299 0.039442 0.299220 0.000010
0.653109 0.000010 0.000010 0.006793 0.030865 0.081328 0.000010 0.152490 0.075385
0.000010 0.869281 0.000010 0.020501 0.110158 0.000010 0.000010 0.000010 0.000010
0.000010 0.927446 0.000010 0.026534 0.000010 0.000010 0.000010 0.045960 0.000010
0.000010 0.783367 0.000010 0.039275 0.046199 0.000010 0.131109 0.000010 0.000010
0.000010 0.982058 0.000010 0.001649 0.000010 0.000010 0.000010 0.010278 0.005965
0.000010 0.000010 0.354726 0.000010 0.120492 0.000010 0.413355 0.111378 0.000010
0.000010 0.000010 0.492318 0.000010 0.045905 0.000010 0.461716 0.000010 0.000010
0.060483 0.000010 0.394010 0.141392 0.037978 0.000010 0.298073 0.068034 0.000010
0.189455 0.000010 0.368168 0.000010 0.000010 0.000010 0.283794 0.123772 0.034772
0.000010 0.000010 0.346813 0.000010 0.000010 0.000010 0.460901 0.192226 0.000010
0.000010 0.029714 0.408202 0.059083 0.032216 0.000010 0.438490 0.032266 0.000010
0.000010 0.000010 0.308789 0.000010 0.043982 0.000010 0.593172 0.015123 0.038895
0.000010 0.215019 0.318630 0.000010 0.138968 0.082609 0.244735 0.000010 0.000010
0.000010 0.000010 0.497149 0.000010 0.249917 0.000010 0.252874 0.000010 0.000010
0.000010 0.000010 0.240124 0.128741 0.166509 0.075729 0.388856 0.000010 0.000010
0.562843 0.000010 0.082711 0.174601 0.000010 0.014613 0.000010 0.133058 0.032144
0.445646 0.011170 0.000010 0.103615 0.192327 0.068811 0.062355 0.042284 0.073782
0.475211 0.076235 0.001715 0.043351 0.093214 0.085390 0.000010 0.224865 0.000010
0.604009 0.085021 0.000010 0.000010 0.000010 0.188422 0.010519 0.098224 0.013776
0.393725 0.000010 0.000010 0.086802 0.091503 0.038975 0.000010 0.388955 0.000010
0.458700 0.000010 0.000868 0.214282 0.133989 0.073388 0.000010 0.118744 0.000010
0.363738 0.320241 0.000010 0.150665 0.000010 0.013827 0.000010 0.002028 0.149472
0.741884 0.000010 0.035085 0.000010 0.183600 0.000010 0.000010 0.039381 0.000010
0.566957 0.000010 0.000010 0.035941 0.035542 0.000010 0.000010 0.361511 0.000010
0.510319 0.068648 0.000010 0.060336 0.000010 0.000010 0.000010 0.302735 0.057923
0.432918 0.000010 0.000010 0.051683 0.000010 0.000010 0.000010 0.316032 0.199317
0.640218 0.000010 0.074625 0.000010 0.020724 0.080635 0.000010 0.183757 0.000010
0.523549 0.000010 0.000010 0.036688 0.066454 0.049837 0.000010 0.323433 0.000010
0.507768 0.000010 0.141101 0.000010 0.000010 0.000010 0.000010 0.280092 0.070989
0.517025 0.000010 0.000010 0.000010 0.000010 0.000213 0.000010 0.379116 0.103597
0.705496 0.000010 0.000010 0.000010 0.009993 0.000010 0.000010 0.284451 0.000010
0.556880 0.024074 0.002035 0.012995 0.000010 0.000010 0.000010 0.231818 0.172169
0.578164 0.000010 0.055762 0.006568 0.000010 0.000010 0.000010 0.359456 0.000010
0.368739 0.000010 0.051563 0.044615 0.114733 0.123366 0.000010 0.106854 0.190109
0.196935 0.000711 0.000010 0.120376 0.124145 0.034944 0.000010 0.336658 0.186212
0.150990 0.000010 0.000010 0.177554 0.213836 0.000010 0.036045 0.036870 0.384675
0.000010 0.074608 0.724110 0.000010 0.000010 0.000010 0.201222 0.000010 0.000010
0.065711 0.041342 0.661618 0.000010 0.015050 0.000010 0.216239 0.000010 0.000010
0.000010 0.202722 0.723543 0.027284 0.000010 0.000010 0.046401 0.000010 0.000010
0.076020 0.028645 0.732259 0.000010 0.000010 0.038096 0.087096 0.037853 0.000010
0.000010 0.000010 0.616842 0.045785 0.000010 0.000010 0.320674 0.008999 0.007660
0.073557 0.000010 0.585149 0.000010 0.000010 0.000010 0.341234 0.000010 0.000010
0.000010 0.000010 0.765743 0.000010 0.067785 0.000010 0.166412 0.000010 0.000010
0.000010 0.000010 0.677188 0.000010 0.000010 0.037557 0.250644 0.034560 0.000010
0.000010 0.063859 0.736115 0.000010 0.004383 0.021632 0.148457 0.004534 0.020999
0.000010 0.016742 0.679582 0.000010 0.000010 0.000010 0.303616 0.000010 0.000010
0.115335 0.000010 0.637189 0.000010 0.089280 0.000010 0.158146 0.000010 0.000010
0.035693 0.000010 0.466204 0.000010 0.000010 0.011823 0.343002 0.143238 0.000010
0.000010 0.000010 0.860351 0.000010 0.000010 0.000010 0.091138 0.000010 0.048452
0.080913 0.084505 0.599735 0.000010 0.000010 0.000010 0.221564 0.013243 0.000010
0.000010 0.014221 0.626801 0.103643 0.000010 0.000010 0.255284 0.000010 0.000010
0.006870 0.006046 0.593941 0.000010 0.000010 0.079964 0.229005 0.084144 0.000010
0.000010 0.086550 0.772922 0.000010 0.000010 0.052309 0.088170 0.000010 0.000010
0.000010 0.161176 0.695038 0.000010 0.091076 0.000010 0.032133 0.000010 0.020536
0.000010 0.000010 0.779397 0.000010 0.000010 0.000010 0.162823 0.057720 0.000010
0.000010 0.191007 0.571070 0.000010 0.048275 0.004991 0.177837 0.000010 0.006791
0.000010 0.000010 0.758989 0.000010 0.000010 0.000010 0.240941 0.000010 0.000010
0.000010 0.177925 0.691283 0.000010 0.130732 0.000010 0.000010 0.000010 0.000010
0.092382 0.057542 0.768961 0.000010 0.000010 0.000010 0.081065 0.000010 0.000010
0.000010 0.126925 0.618278 0.000010 0.000010 0.014228 0.229193 0.000010 0.011335
0.002885 0.000010 0.635839 0.026817 0.084459 0.000010 0.249959 0.000010 0.000010
0.000010 0.070177 0.683607 0.033426 0.000010 0.000010 0.212740 0.000010 0.000010
0.000010 0.000010 0.432614 0.000010 0.026869 0.000010 0.457270 0.019885 0.063322
0.000010 0.130693 0.571012 0.000010 0.094824 0.000010 0.188487 0.014944 0.000010
0.045490 0.089215 0.572160 0.000010 0.035867 0.033288 0.164317 0.059642 0.000010
0.000010 0.000010 0.658143 0.000010 0.006520 0.000010 0.293588 0.000010 0.041700
0.000010 0.256053 0.468540 0.000010 0.000010 0.000010 0.222350 0.053006 0.000010
0.000010 0.000010 0.493873 0.000010 0.129545 0.000010 0.376522 0.000010 0.000010
0.000010 0.000822 0.378903 0.000010 0.000010 0.000010 0.620215 0.000010 0.000010
0.149703 0.000010 0.403823 0.000010 0.031131 0.000010 0.415292 0.000010 0.000010
0.000010 0.000010 0.552116 0.000010 0.000010 0.000010 0.447814 0.000010 0.000010
0.000010 0.186170 0.704410 0.000010 0.000010 0.000010 0.082913 0.000010 0.026457
0.000010 0.103894 0.695152 0.000010 0.000010 0.000010 0.200893 0.000010 0.000010
0.062947 0.027424 0.401803 0.000010 0.013393 0.000010 0.471441 0.022962 0.000010
0.000010 0.040661 0.624888 0.000010 0.000010 0.000010 0.233919 0.100482 0.000010
0.000010 0.000010 0.000010 0.000010 0.999920 0.000010 0.000010 0.000010 0.000010
0.000010 0.000010 0.000010 0.000010 0.944990 0.000010 0.054940 0.000010 0.000010
0.000010 0.000010 0.884139 0.000010 0.000010 0.000010 0.115791 0.000010 0.000010
0.166275 0.042226 0.685413 0.000010 0.000010 0.000010 0.067003 0.039044 0.000010
0.541242 0.000010 0.150790 0.275045 0.000010 0.000010 0.000010 0.000010 0.032873
0.613946 0.000010 0.022050 0.014963 0.030708 0.010128 0.118401 0.142557 0.047237
0.435365 0.118073 0.000010 0.128816 0.000010 0.039501 0.020422 0.149062 0.108741
0.206428 0.000010 0.180684 0.440915 0.018647 0.000010 0.073898 0.079399 0.000010
0.263364 0.137515 0.000010 0.318273 0.024643 0.000010 0.036771 0.176963 0.042451
0.353073 0.000010 0.000010 0.158030 0.006114 0.000010 0.000344 0.482399 0.000010
0.388364 0.000010 0.256991 0.270561 0.040807 0.000010 0.000010 0.043238 0.000010
0.295964 0.000010 0.047517 0.260933 0.141082 0.000010 0.000010 0.254464 0.000010
0.185719 0.075518 0.000010 0.537891 0.000010 0.000010 0.064498 0.136334 0.000010
0.204124 0.000010 0.089889 0.432285 0.000010 0.069726 0.000010 0.203936 0.000010
0.259163 0.000010 0.000010 0.328035 0.000010 0.000010 0.061352 0.351401 0.000010
0.186400 0.000010 0.256663 0.358082 0.000010 0.000010 0.000010 0.198805 0.000010
0.316447 0.000010 0.185256 0.279469 0.000010 0.000010 0.000010 0.218778 0.000010
0.000010 0.010327 0.741974 0.000010 0.000010 0.000010 0.237345 0.010304 0.000010
0.020292 0.123301 0.507706 0.000010 0.051557 0.000010 0.297103 0.000010 0.000010
0.000010 0.004466 0.678641 0.000010 0.006533 0.000010 0.290511 0.019809 0.000010
0.000010 0.249994 0.594702 0.000010 0.000010 0.000010 0.124582 0.030671 0.000010
0.075443 0.000010 0.821721 0.000010 0.000010 0.000010 0.102776 0.000010 0.000010
0.000010 0.000010 0.554189 0.000010 0.000010 0.000010 0.445741 0.000010 0.000010
0.000220 0.000010 0.735858 0.000010 0.000010 0.000010 0.263862 0.000010 0.000010
0.053356 0.040112 0.534387 0.000010 0.000010 0.000010 0.372095 0.000010 0.000010
0.000010 0.063560 0.300193 0.000010 0.125747 0.000010 0.510451 0.000010 0.000010
0.000010 0.018835 0.557715 0.000010 0.076111 0.000010 0.347289 0.000010 0.000010
0.000010 0.000010 0.569656 0.000010 0.000010 0.000010 0.430274 0.000010 0.000010
0.066832 0.000010 0.403877 0.000010 0.000010 0.000010 0.422467 0.106774 0.000010
