0.182060 0.078641 0.000010 0.198076 0.000010 0.000010 0.000010 0.422739 0.118445
0.313619 0.000010 0.042605 0.021159 0.068473 0.000437 0.142299 0.399823 0.011574
0.208983 0.048443 0.045260 0.036153 0.000010 0.012940 0.258049 0.390152 0.000010
0.037140 0.204857 0.025009 0.171821 0.000010 0.000010 0.000010 0.561133 0.000010
0.232249 0.022133 0.000010 0.063445 0.000010 0.000010 0.160353 0.521780 0.000010
0.058884 0.002321 0.061403 0.018834 0.021365 0.141382 0.000010 0.228865 0.466936
0.379809 0.000010 0.000010 0.177589 0.000010 0.016613 0.000010 0.425940 0.000010
0.426256 0.000010 0.000010 0.102177 0.000010 0.027004 0.000010 0.444512 0.000010
0.334150 0.010020 0.087807 0.174076 0.037525 0.000010 0.011979 0.297662 0.046771
0.067916 0.000010 0.022300 0.229559 0.217464 0.030054 0.073108 0.359580 0.000010
0.317640 0.000010 0.053032 0.132993 0.000010 0.000010 0.004232 0.448863 0.043211
0.230937 0.034227 0.136467 0.059106 0.000010 0.000010 0.028961 0.327582 0.182700
0.206463 0.143566 0.000010 0.177684 0.000010 0.056785 0.000010 0.337613 0.077859
0.586401 0.000010 0.108943 0.048246 0.005844 0.014265 0.036686 0.117050 0.082555
0.332450 0.000010 0.046597 0.203702 0.000010 0.019055 0.000010 0.398155 0.000010
0.142296 0.000010 0.021451 0.227823 0.000010 0.000010 0.071256 0.484901 0.052242
0.266037 0.099594 0.095563 0.000010 0.039050 0.071099 0.037084 0.286780 0.104781
0.105992 0.184375 0.000014 0.100277 0.000010 0.059866 0.130770 0.418686 0.000010
0.129118 0.000010 0.000010 0.026178 0.107450 0.000010 0.182460 0.435423 0.119342
0.136545 0.000010 0.000010 0.095597 0.000010 0.004284 0.204583 0.558951 0.000010
0.172242 0.026229 0.038453 0.084257 0.060606 0.029262 0.050178 0.538763 0.000010
0.350873 0.000012 0.108264 0.170792 0.000010 0.000010 0.030171 0.339858 0.000010
0.364056 0.000010 0.000010 0.102955 0.000010 0.000010 0.000010 0.532929 0.000010
0.313922 0.099752 0.000010 0.105630 0.000010 0.000010 0.121424 0.359232 0.000010
0.374444 0.044482 0.059328 0.000010 0.013145 0.000010 0.149035 0.359535 0.000010
0.331016 0.005812 0.000010 0.108585 0.000010 0.033569 0.003769 0.461643 0.055586
0.163046 0.000010 0.174958 0.135064 0.008608 0.000010 0.156621 0.361673 0.000010
0.556285 0.000010 0.017230 0.083613 0.000010 0.017605 0.000010 0.275429 0.049808
0.086291 0.098222 0.001980 0.136771 0.000010 0.000010 0.000010 0.656313 0.020394
0.285977 0.000010 0.000010 0.226150 0.027002 0.000010 0.077356 0.383475 0.000010
0.393884 0.000010 0.155709 0.106630 0.005323 0.000010 0.000010 0.338414 0.000010
0.312465 0.000198 0.206060 0.181992 0.000010 0.047791 0.008201 0.243271 0.000010
0.335107 0.000010 0.138482 0.097920 0.034867 0.043728 0.000013 0.349863 0.000010
0.187680 0.000010 0.025429 0.114288 0.085133 0.022919 0.155010 0.317407 0.092123
0.181711 0.052738 0.015340 0.008483 0.000010 0.092609 0.213241 0.435857 0.000010
0.283228 0.000010 0.000010 0.007455 0.086534 0.038336 0.086193 0.498225 0.000010
0.426018 0.000010 0.000010 0.000010 0.078370 0.000010 0.067636 0.297044 0.130891
0.405189 0.079861 0.000010 0.000010 0.000010 0.000010 0.061842 0.453058 0.000010
0.286292 0.000010 0.093051 0.091043 0.037692 0.023078 0.059914 0.408910 0.000010
0.116726 0.056806 0.096332 0.035433 0.000010 0.075521 0.167844 0.363901 0.087427
0.233367 0.043918 0.031413 0.202961 0.138959 0.000010 0.000010 0.348109 0.001253
0.211676 0.000010 0.017191 0.090966 0.000010 0.061159 0.021394 0.597583 0.000010
0.255914 0.000010 0.101049 0.036128 0.000010 0.000010 0.052947 0.553923 0.000010
0.178637 0.000010 0.000010 0.000010 0.028139 0.000010 0.110423 0.680048 0.002713
0.245208 0.042809 0.000010 0.123278 0.036798 0.000010 0.086599 0.465279 0.000010
0.157918 0.088731 0.000010 0.256041 0.096634 0.000010 0.000010 0.400636 0.000010
0.203830 0.000010 0.135016 0.000010 0.133173 0.000010 0.008490 0.519451 0.000010
0.167037 0.007282 0.077084 0.250945 0.000010 0.040479 0.036113 0.421041 0.000010
0.300675 0.113910 0.038186 0.089411 0.000010 0.000010 0.262489 0.195299 0.000010
0.061676 0.000011 0.141824 0.235486 0.000010 0.000010 0.125050 0.435339 0.000594
0.178914 0.000010 0.422713 0.000010 0.157885 0.069024 0.026104 0.145330 0.000010
0.000010 0.000010 0.648391 0.086486 0.000010 0.000010 0.092790 0.132430 0.039863
0.227797 0.000010 0.256831 0.000010 0.062223 0.000010 0.136889 0.316220 0.000010
0.056422 0.000010 0.117680 0.332536 0.012360 0.000010 0.204227 0.269784 0.006969
0.243860 0.145574 0.279452 0.063418 0.050400 0.042240 0.003716 0.117589 0.053751
0.124855 0.000010 0.300721 0.100889 0.129840 0.008290 0.000010 0.335376 0.000010
0.353967 0.124232 0.179848 0.000010 0.071446 0.033204 0.000017 0.237267 0.000010
0.125898 0.000010 0.286201 0.171246 0.000010 0.004981 0.129753 0.281890 0.000010
0.395101 0.000010 0.096557 0.066095 0.000010 0.000010 0.037483 0.404724 0.000010
0.030312 0.074063 0.254299 0.154943 0.072063 0.051183 0.208679 0.154447 0.000010
0.000010 0.028439 0.559925 0.000010 0.000010 0.085780 0.016889 0.283134 0.025803
0.195329 0.000010 0.300356 0.069245 0.000010 0.000010 0.096802 0.338228 0.000010
0.047453 0.000010 0.288298 0.102598 0.050649 0.000010 0.229511 0.281460 0.000010
0.197788 0.000010 0.289146 0.065304 0.000010 0.026507 0.177305 0.243920 0.000010
0.019443 0.110333 0.308392 0.083325 0.000010 0.000010 0.207715 0.270762 0.000010
0.000010 0.071421 0.344128 0.312453 0.000010 0.014393 0.187853 0.069722 0.000010
0.188680 0.000010 0.000010 0.153389 0.000010 0.000010 0.176118 0.481763 0.000010
0.000010 0.087322 0.283694 0.205990 0.060138 0.000010 0.041524 0.321302 0.000010
0.099290 0.073792 0.223691 0.042288 0.000010 0.000010 0.239216 0.321695 0.000010
0.118377 0.000010 0.483041 0.153288 0.000010 0.000010 0.068738 0.117223 0.059302
0.076164 0.047543 0.000010 0.070317 0.000010 0.125034 0.103227 0.000010 0.577685
0.036993 0.000010 0.000010 0.131839 0.066727 0.000010 0.181760 0.582642 0.000010
0.000010 0.000010 0.029807 0.054733 0.070889 0.000010 0.302190 0.542341 0.000010
0.261518 0.000010 0.063617 0.000010 0.142224 0.000010 0.000010 0.252502 0.280100
0.441552 0.000010 0.012773 0.300814 0.033940 0.000010 0.000010 0.210881 0.000010
0.266095 0.000010 0.000010 0.217965 0.000010 0.014973 0.022910 0.478017 0.000010
0.291639 0.108214 0.000010 0.000010 0.000016 0.121083 0.304587 0.174430 0.000010
0.271229 0.000015 0.000010 0.000010 0.000010 0.076766 0.169951 0.481998 0.000010
0.063072 0.000010 0.035720 0.000010 0.006459 0.000010 0.336536 0.558174 0.000010
0.394995 0.105726 0.000010 0.000010 0.000010 0.063693 0.085001 0.350545 0.000010
0.042732 0.000010 0.007774 0.167848 0.050851 0.001753 0.102691 0.519381 0.106960
0.267862 0.000508 0.000010 0.088062 0.009329 0.055996 0.140340 0.416610 0.021283
0.339614 0.072330 0.027384 0.194092 0.000010 0.000010 0.000010 0.366539 0.000010
0.071876 0.053793 0.000010 0.032958 0.000010 0.000010 0.000010 0.781605 0.059728
0.282593 0.000010 0.000010 0.000010 0.000010 0.000010 0.131278 0.482780 0.103298
0.123742 0.004977 0.022593 0.263868 0.034904 0.000010 0.138524 0.354875 0.056506
0.140579 0.031515 0.003908 0.110425 0.000010 0.000010 0.129608 0.528964 0.054981
0.384583 0.000010 0.119523 0.150771 0.067189 0.000010 0.204624 0.073280 0.000010
0.214471 0.000010 0.000011 0.039829 0.000010 0.040688 0.152107 0.476484 0.076389
0.272739 0.000010 0.000010 0.059132 0.000010 0.030470 0.107380 0.494011 0.036238
0.223835 0.000010 0.000010 0.222928 0.019593 0.000010 0.130917 0.402686 0.000010
0.351850 0.000010 0.000010 0.000010 0.004311 0.000010 0.117257 0.526532 0.000010
0.319868 0.070864 0.000010 0.150225 0.000010 0.000010 0.092775 0.366229 0.000010
0.410508 0.132029 0.000872 0.000010 0.060633 0.000010 0.000010 0.395917 0.000010
0.319388 0.000010 0.000010 0.005066 0.063729 0.018057 0.078464 0.489613 0.025663
0.216591 0.038986 0.065749 0.047570 0.000010 0.000010 0.110689 0.511683 0.008712
0.225874 0.000010 0.078669 0.000010 0.042182 0.000010 0.041128 0.094902 0.517214
0.288158 0.032989 0.000010 0.059154 0.118619 0.023884 0.026203 0.450974 0.000010
0.189031 0.000010 0.000363 0.053643 0.080620 0.000010 0.284600 0.391712 0.000010
0.051375 0.000010 0.000010 0.037985 0.000010 0.000010 0.282945 0.596324 0.031331
0.092530 0.036012 0.069327 0.182144 0.019538 0.095991 0.066977 0.437470 0.000010
0.081625 0.080908 0.000010 0.000013 0.030678 0.000010 0.084016 0.483905 0.238834
0.304722 0.000010 0.099472 0.034018 0.085686 0.052516 0.048715 0.254432 0.120428
0.226498 0.132733 0.010324 0.000010 0.114590 0.006585 0.000010 0.508328 0.000922
0.104685 0.000010 0.000011 0.191541 0.000010 0.017586 0.278346 0.379382 0.028428
0.267245 0.000010 0.079017 0.000010 0.042951 0.000010 0.073632 0.518720 0.018405
0.145814 0.000010 0.000010 0.207023 0.015153 0.000010 0.084555 0.547415 0.000010
0.090047 0.146254 0.097446 0.253858 0.058299 0.000010 0.048059 0.306016 0.000010
0.103906 0.106814 0.000010 0.171604 0.000010 0.012781 0.119325 0.475317 0.010233
0.135780 0.000012 0.274170 0.036540 0.106146 0.024441 0.000010 0.400738 0.022162
0.265858 0.058081 0.000010 0.118197 0.000010 0.053867 0.136925 0.367041 0.000010
0.110919 0.097423 0.000010 0.195881 0.064626 0.000010 0.083030 0.448091 0.000010
0.000010 0.167541 0.000010 0.140590 0.048933 0.033077 0.110298 0.499531 0.000010
0.130110 0.083303 0.000011 0.170813 0.000010 0.000010 0.157535 0.458198 0.000010
0.119684 0.000010 0.000010 0.285267 0.000010 0.000010 0.168961 0.426039 0.000010
0.146321 0.104528 0.139461 0.032655 0.000010 0.000010 0.133681 0.443324 0.000010
0.296412 0.018770 0.022749 0.128959 0.000010 0.000010 0.167684 0.365397 0.000010
0.281535 0.000010 0.037343 0.172011 0.042819 0.055773 0.000010 0.410489 0.000010
0.203657 0.000010 0.000010 0.156188 0.000010 0.009208 0.117754 0.513153 0.000010
0.222172 0.051413 0.135832 0.080302 0.000010 0.006879 0.000010 0.503371 0.000010
0.159013 0.001593 0.004202 0.203204 0.081251 0.000010 0.225804 0.324914 0.000010
0.035876 0.107238 0.038286 0.234487 0.013808 0.091776 0.115083 0.363436 0.000010
0.128186 0.000010 0.104057 0.114099 0.159174 0.000010 0.132143 0.256018 0.106304
0.250936 0.011953 0.000010 0.000010 0.039323 0.000010 0.041892 0.607027 0.048839
0.000010 0.023580 0.034149 0.265900 0.041948 0.000010 0.135333 0.499060 0.000010
0.104765 0.000010 0.000010 0.000010 0.036477 0.046475 0.238511 0.573733 0.000010
0.030211 0.063382 0.000010 0.000010 0.041982 0.000010 0.268456 0.595928 0.000010
0.290140 0.065336 0.068415 0.032773 0.000010 0.002781 0.210456 0.300458 0.029630
0.221253 0.000010 0.132661 0.270400 0.028043 0.000010 0.217742 0.129872 0.000010
0.256658 0.000010 0.098210 0.165518 0.133594 0.016044 0.236562 0.093394 0.000010
0.151473 0.086226 0.015790 0.227751 0.050736 0.000012 0.142167 0.325833 0.000010
0.000017 0.012619 0.000010 0.094696 0.000010 0.017812 0.421151 0.453675 0.000010
0.175576 0.027983 0.000010 0.000010 0.007620 0.017595 0.134186 0.583495 0.053526
0.308292 0.232017 0.082725 0.112367 0.090466 0.000010 0.101494 0.014171 0.058458
0.244793 0.000010 0.000010 0.000010 0.088799 0.000010 0.197581 0.468777 0.000010
0.016500 0.013750 0.024766 0.049342 0.020541 0.030190 0.325422 0.487818 0.031671
0.218011 0.000010 0.000010 0.000010 0.000010 0.000010 0.258501 0.523428 0.000010
0.214409 0.002760 0.143363 0.000012 0.000010 0.000010 0.033958 0.537979 0.067498
0.358693 0.036445 0.000010 0.000010 0.000010 0.000010 0.065336 0.402866 0.136621
0.199452 0.034442 0.000010 0.193491 0.000010 0.034769 0.130606 0.407211 0.000010
0.046631 0.000010 0.000010 0.195972 0.000010 0.000010 0.130290 0.627056 0.000010
0.112375 0.027711 0.000010 0.171278 0.009632 0.000010 0.117948 0.533726 0.027311
0.000018 0.000010 0.015091 0.196182 0.034814 0.020059 0.187775 0.477054 0.068998
0.143226 0.110189 0.000010 0.155558 0.000010 0.000010 0.178731 0.412256 0.000010
0.272340 0.033787 0.173418 0.064820 0.000010 0.000010 0.005941 0.449664 0.000010
0.022873 0.000010 0.106014 0.147795 0.023693 0.000010 0.088022 0.596568 0.015014
0.126272 0.089606 0.103631 0.051272 0.000010 0.000010 0.000010 0.629178 0.000010
0.242256 0.153466 0.031049 0.084584 0.000010 0.000010 0.026609 0.462007 0.000010
0.000010 0.000010 0.000010 0.228013 0.000010 0.060730 0.162999 0.548208 0.000010
0.078197 0.131127 0.000010 0.115577 0.000010 0.000010 0.158311 0.479601 0.037158
0.222019 0.023717 0.097549 0.083728 0.119541 0.000010 0.114903 0.338523 0.000010
0.401058 0.010033 0.048920 0.124074 0.000010 0.008256 0.000010 0.407628 0.000010
0.246261 0.077749 0.000010 0.000010 0.000010 0.000010 0.135980 0.539961 0.000010
0.117847 0.041304 0.000010 0.189354 0.048017 0.000167 0.095171 0.508121 0.000010
0.154211 0.044296 0.062966 0.196803 0.000010 0.033251 0.124735 0.383717 0.000010
0.051390 0.047522 0.000010 0.159352 0.000010 0.000010 0.160394 0.580907 0.000405
0.000011 0.005223 0.000010 0.113336 0.000010 0.000010 0.326548 0.554843 0.000010
0.000013 0.038180 0.050067 0.302864 0.000010 0.000010 0.143106 0.444037 0.021713
0.258085 0.000014 0.111311 0.025707 0.015086 0.000010 0.083257 0.506520 0.000010
0.000010 0.034610 0.226461 0.097925 0.000020 0.000010 0.000010 0.633760 0.007195
0.000010 0.000010 0.000010 0.241532 0.000010 0.000010 0.184180 0.574228 0.000010
0.000010 0.114871 0.000010 0.280611 0.000010 0.000010 0.083034 0.521434 0.000010
0.242535 0.057870 0.184091 0.044265 0.167304 0.000010 0.016210 0.287705 0.000010
0.077070 0.000010 0.416236 0.000010 0.000010 0.089201 0.071968 0.303319 0.042175
0.295784 0.000010 0.000010 0.000010 0.000010 0.025110 0.164191 0.514864 0.000010
0.014942 0.135735 0.030499 0.138294 0.183712 0.000010 0.194847 0.301952 0.000010
0.249174 0.006726 0.164997 0.000010 0.000010 0.047930 0.155781 0.260806 0.114566
0.053517 0.001217 0.050131 0.187344 0.000010 0.000010 0.242824 0.427848 0.037099
0.197500 0.000010 0.130615 0.126057 0.087115 0.000010 0.096742 0.361941 0.000010
0.148310 0.087440 0.110928 0.006754 0.000010 0.078437 0.326567 0.241543 0.000010
0.053708 0.167852 0.138979 0.150540 0.020375 0.000010 0.112972 0.355554 0.000010
0.053067 0.000010 0.000010 0.086669 0.000010 0.019285 0.310741 0.530198 0.000010
0.104349 0.112452 0.000010 0.063310 0.000010 0.001165 0.290266 0.428428 0.000010
0.096485 0.000010 0.106686 0.210953 0.000010 0.000010 0.168480 0.417356 0.000010
0.000014 0.023340 0.053772 0.263389 0.000010 0.000010 0.109109 0.495815 0.054541
0.225107 0.053058 0.142978 0.000012 0.067009 0.029257 0.151643 0.330927 0.000010
0.073239 0.000010 0.000010 0.000010 0.007815 0.054502 0.250143 0.614262 0.000010
0.253427 0.000015 0.139275 0.012694 0.000010 0.083342 0.230486 0.280741 0.000010
0.009960 0.179683 0.044963 0.094986 0.035384 0.000010 0.148678 0.486326 0.000010
0.137634 0.062945 0.154661 0.102495 0.000010 0.077303 0.129344 0.335598 0.000010
0.117566 0.000010 0.156618 0.090629 0.128705 0.000010 0.118751 0.387702 0.000010
0.000149 0.153589 0.007890 0.154651 0.046994 0.000916 0.303157 0.299903 0.032751
0.166396 0.004701 0.180410 0.082743 0.086903 0.008033 0.106977 0.248472 0.115364
0.213124 0.107661 0.100193 0.001392 0.000010 0.014933 0.143583 0.419093 0.000010
0.329304 0.000010 0.085023 0.013557 0.000010 0.000010 0.181912 0.370518 0.019655
0.233260 0.029007 0.143087 0.130153 0.000010 0.039262 0.095883 0.329329 0.000010
0.220699 0.000010 0.126657 0.030146 0.052043 0.000010 0.171494 0.398932 0.000010
0.095282 0.000010 0.000010 0.000010 0.000010 0.479058 0.000010 0.000010 0.425600
0.060288 0.000010 0.000010 0.000010 0.014364 0.521499 0.000010 0.000010 0.403798
0.000010 0.000010 0.000010 0.000010 0.109779 0.362351 0.000010 0.081260 0.446561
0.020206 0.009663 0.000010 0.000010 0.024707 0.463341 0.000010 0.000010 0.482044
0.017325 0.000010 0.000010 0.000010 0.030990 0.318614 0.000010 0.000010 0.633021
0.000010 0.000010 0.000010 0.000010 0.000010 0.375724 0.000010 0.000010 0.624206
0.040807 0.000010 0.000010 0.000010 0.000010 0.496590 0.000010 0.000010 0.462544
0.004000 0.000010 0.000010 0.000010 0.000010 0.420500 0.000010 0.000010 0.575440
0.000010 0.000010 0.041300 0.044265 0.035291 0.423782 0.000010 0.000010 0.455321
0.008449 0.037065 0.000010 0.000010 0.032841 0.301947 0.000010 0.000010 0.619658
0.038804 0.000010 0.000010 0.000010 0.032455 0.225067 0.000010 0.000010 0.703624
0.000010 0.000010 0.000010 0.000010 0.041832 0.376877 0.000010 0.000010 0.581231
0.029289 0.000010 0.000010 0.000010 0.000010 0.612036 0.001321 0.000010 0.357304
0.000010 0.006441 0.007343 0.000010 0.061270 0.428091 0.000010 0.000010 0.496814
0.000010 0.000010 0.000010 0.000010 0.000010 0.308215 0.005588 0.000010 0.686137
0.000010 0.000010 0.000010 0.003337 0.020528 0.457961 0.000010 0.029781 0.488353
0.000010 0.000010 0.000010 0.000010 0.029521 0.453899 0.000010 0.000010 0.516520
0.001867 0.029685 0.000010 0.009686 0.022336 0.531798 0.000010 0.000010 0.404599
0.000010 0.000010 0.000010 0.000010 0.000010 0.360125 0.000010 0.000010 0.639805
0.026817 0.000010 0.000010 0.000010 0.000010 0.435098 0.000010 0.000010 0.538025
0.051905 0.000010 0.000010 0.000010 0.000010 0.322888 0.000010 0.094518 0.530640
0.000010 0.000010 0.000010 0.022031 0.000010 0.415421 0.000010 0.000010 0.562488
0.000010 0.000010 0.000010 0.000010 0.000010 0.387171 0.001869 0.000010 0.610900
0.109488 0.000010 0.000010 0.000010 0.017409 0.505745 0.000010 0.000010 0.367309
0.000010 0.026730 0.000010 0.000010 0.050510 0.394826 0.000010 0.000010 0.527884
0.000010 0.000010 0.000010 0.060718 0.000010 0.386585 0.004467 0.000010 0.548180
0.025702 0.000010 0.000010 0.000010 0.033581 0.581994 0.000010 0.000010 0.358672
0.000010 0.000010 0.000010 0.000010 0.069553 0.319941 0.000010 0.000010 0.610446
0.000010 0.000010 0.020489 0.000010 0.812110 0.000010 0.167341 0.000010 0.000010
0.456403 0.000010 0.000010 0.372821 0.013014 0.004208 0.000010 0.153515 0.000010
0.602423 0.160709 0.002408 0.074935 0.000010 0.063965 0.000010 0.093884 0.001656
0.355123 0.000010 0.063608 0.202268 0.000010 0.000010 0.000010 0.378951 0.000010
0.476112 0.051116 0.000010 0.210412 0.000010 0.000010 0.000010 0.204137 0.058183
0.400793 0.000010 0.000010 0.353904 0.055446 0.000010 0.000010 0.189807 0.000010
0.463712 0.000010 0.000010 0.091756 0.002171 0.036129 0.081724 0.324478 0.000010
0.221505 0.000010 0.111752 0.375186 0.110480 0.000010 0.000010 0.181036 0.000010
0.341648 0.000010 0.000010 0.402206 0.014967 0.018445 0.000010 0.134067 0.088637
0.499442 0.000010 0.000010 0.331294 0.000010 0.000010 0.000010 0.169204 0.000010
0.458352 0.004467 0.000010 0.250502 0.094883 0.000010 0.000010 0.191756 0.000010
0.264504 0.061493 0.000010 0.328825 0.000010 0.000010 0.000010 0.309746 0.035392
0.476969 0.001798 0.000010 0.219930 0.000010 0.070636 0.000010 0.230627 0.000010
0.338326 0.009677 0.000010 0.296110 0.000010 0.003162 0.195446 0.157249 0.000010
0.319128 0.000010 0.000010 0.417696 0.058582 0.000010 0.000010 0.204544 0.000010
0.166493 0.024215 0.006436 0.490783 0.000010 0.034355 0.000010 0.242232 0.035466
0.234803 0.002953 0.000010 0.460533 0.000010 0.100869 0.070676 0.124915 0.005232
0.372172 0.084715 0.000010 0.334311 0.000010 0.000010 0.180191 0.028571 0.000010
0.472714 0.000010 0.000010 0.176468 0.049981 0.010658 0.099230 0.180340 0.010588
0.107015 0.000010 0.000010 0.423051 0.000010 0.008128 0.064507 0.386178 0.011091
0.382295 0.000010 0.083393 0.282362 0.000010 0.032937 0.000010 0.080548 0.138435
0.315370 0.208356 0.000010 0.347750 0.022537 0.000010 0.019120 0.086837 0.000010
0.480843 0.000010 0.034900 0.309639 0.006022 0.000010 0.091889 0.039888 0.036801
0.297142 0.000010 0.000010 0.355498 0.037120 0.000010 0.098241 0.211958 0.000010
0.387160 0.082704 0.067555 0.315895 0.036077 0.000010 0.000011 0.110579 0.000010
0.556144 0.026562 0.000010 0.112292 0.036948 0.002475 0.159592 0.066401 0.039576
0.434689 0.076138 0.000010 0.061878 0.000010 0.000010 0.094253 0.261127 0.071885
0.443957 0.000010 0.000010 0.379910 0.000010 0.000010 0.000010 0.176073 0.000010
0.533339 0.128318 0.034464 0.213956 0.000010 0.000010 0.046540 0.043352 0.000010
0.000010 0.000010 0.089830 0.000010 0.910100 0.000010 0.000010 0.000010 0.000010
0.000010 0.000010 0.000010 0.000010 0.999920 0.000010 0.000010 0.000010 0.000010
0.000010 0.000010 0.038530 0.000010 0.961400 0.000010 0.000010 0.000010 0.000010
0.000010 0.000010 0.000010 0.030902 0.969026 0.000011 0.000010 0.000010 0.000010
0.023686 0.000010 0.134469 0.053145 0.521850 0.000010 0.221526 0.045295 0.000010
0.000010 0.065113 0.000010 0.014865 0.906516 0.000010 0.000010 0.013457 0.000010
0.000010 0.034533 0.000010 0.000010 0.950289 0.000010 0.000010 0.000010 0.015118
0.000010 0.000010 0.000010 0.022508 0.955313 0.000010 0.000010 0.021747 0.000382
0.000010 0.032143 0.063073 0.000010 0.904721 0.000010 0.000010 0.000013 0.000010
0.000010 0.013026 0.000010 0.000010 0.862778 0.075268 0.000010 0.048877 0.000010
0.000010 0.000010 0.000010 0.016529 0.885846 0.028670 0.000010 0.068906 0.000010
0.000010 0.045260 0.000010 0.082835 0.871845 0.000010 0.000010 0.000010 0.000010
0.000010 0.013685 0.000010 0.000010 0.925291 0.000010 0.009647 0.000010 0.051327
0.000010 0.000010 0.000010 0.000010 0.964729 0.000010 0.035201 0.000010 0.000010
0.000010 0.000010 0.000010 0.000012 0.927531 0.072397 0.000010 0.000010 0.000010
0.000010 0.017643 0.000010 0.016214 0.943024 0.000010 0.000010 0.000010 0.023069
0.000010 0.000010 0.000010 0.031698 0.968232 0.000010 0.000010 0.000010 0.000010
0.545195 0.192754 0.000010 0.107647 0.000010 0.000010 0.000010 0.154353 0.000010
0.382464 0.000010 0.061135 0.008785 0.000010 0.000010 0.000010 0.547566 0.000010
0.610683 0.019775 0.000010 0.071901 0.000231 0.016836 0.016940 0.263613 0.000010
0.689407 0.000010 0.000010 0.000010 0.025049 0.043726 0.063265 0.178513 0.000010
0.701925 0.000010 0.000010 0.025501 0.069279 0.000406 0.000010 0.202848 0.000010
0.264658 0.041130 0.083967 0.130350 0.007171 0.019182 0.000010 0.453522 0.000010
0.352148 0.000010 0.000010 0.091022 0.000010 0.047878 0.183433 0.325478 0.000010
0.565274 0.000010 0.000010 0.000010 0.000010 0.022377 0.156733 0.211469 0.044108
0.473219 0.000010 0.000010 0.000010 0.000010 0.000010 0.079963 0.446758 0.000010
0.567412 0.000010 0.000010 0.051275 0.000010 0.000010 0.000010 0.341947 0.039316
0.547771 0.018477 0.094837 0.000010 0.000010 0.038019 0.000010 0.194242 0.106623
0.588268 0.000010 0.000010 0.040086 0.047420 0.068208 0.000010 0.185740 0.070249
0.578568 0.000010 0.000010 0.227436 0.000010 0.046347 0.000010 0.147598 0.000010
0.480777 0.124338 0.000010 0.123931 0.000010 0.000010 0.000010 0.270903 0.000010
0.539640 0.000010 0.000010 0.170145 0.054408 0.016206 0.000010 0.219561 0.000010
0.545828 0.012093 0.015458 0.185423 0.011906 0.000010 0.000010 0.229261 0.000010
0.710489 0.000010 0.000010 0.000010 0.000010 0.065600 0.000010 0.223851 0.000010
0.656352 0.000010 0.000010 0.014555 0.198477 0.000010 0.000010 0.130567 0.000010
0.539043 0.012443 0.029576 0.084269 0.000010 0.026152 0.072127 0.215306 0.021072
0.552165 0.000010 0.000010 0.000010 0.095999 0.033639 0.000010 0.317542 0.000615
0.525848 0.047613 0.000010 0.000010 0.000010 0.000010 0.000010 0.069119 0.357370
0.459057 0.075409 0.000010 0.000010 0.180890 0.000010 0.000010 0.284594 0.000010
0.516108 0.000010 0.000010 0.076991 0.092780 0.000083 0.021048 0.292960 0.000010
0.712092 0.000010 0.021056 0.012588 0.000010 0.005029 0.000010 0.249195 0.000010
0.541549 0.000010 0.000010 0.061570 0.233481 0.000010 0.000010 0.061797 0.101563
0.290759 0.000010 0.081331 0.149615 0.000010 0.082928 0.080956 0.272152 0.042239
0.458864 0.012924 0.000010 0.241513 0.096924 0.000010 0.000010 0.189735 0.000010
0.571646 0.000010 0.000010 0.000010 0.000010 0.032345 0.000010 0.395949 0.000010
0.744637 0.000010 0.000010 0.000010 0.023091 0.000010 0.000010 0.232212 0.000010
0.648933 0.000010 0.000010 0.127711 0.000010 0.000010 0.000010 0.144357 0.078949
0.519306 0.000010 0.000010 0.038960 0.013671 0.000010 0.061126 0.331518 0.035390
0.605912 0.000010 0.000010 0.101953 0.101477 0.000010 0.000010 0.190609 0.000010
0.457548 0.000010 0.035476 0.172143 0.194489 0.000010 0.000010 0.140305 0.000010
0.531598 0.000010 0.000010 0.128438 0.000010 0.045663 0.000010 0.196836 0.097425
0.456992 0.190055 0.000010 0.000010 0.000010 0.065768 0.000010 0.271020 0.016125
0.404278 0.000010 0.225350 0.043305 0.046687 0.040668 0.000010 0.226222 0.013470
0.770861 0.000010 0.000010 0.040190 0.012417 0.001361 0.002471 0.152643 0.020038
0.497663 0.000010 0.000010 0.072408 0.000010 0.079932 0.093791 0.256165 0.000010
0.551441 0.022887 0.000010 0.142363 0.000010 0.000010 0.033381 0.159383 0.090515
0.574155 0.000010 0.000010 0.154265 0.000010 0.000010 0.057800 0.192746 0.020994
0.476266 0.000010 0.000010 0.178938 0.000010 0.000492 0.072017 0.259014 0.013242
0.436278 0.000010 0.000010 0.097204 0.000010 0.091674 0.101414 0.270058 0.003343
0.537641 0.037560 0.000010 0.032882 0.000010 0.005031 0.078416 0.308441 0.000010
0.617902 0.000010 0.199649 0.020527 0.000010 0.000010 0.002014 0.159867 0.000010
0.548914 0.000010 0.039566 0.099847 0.000010 0.000010 0.000010 0.311623 0.000010
0.557910 0.000010 0.000010 0.014042 0.009280 0.013797 0.046618 0.358323 0.000010
0.413145 0.000010 0.099940 0.000010 0.002757 0.000010 0.000010 0.000010 0.484107
0.668443 0.000014 0.088379 0.000010 0.046891 0.000010 0.000010 0.196233 0.000010
0.421235 0.000010 0.063360 0.000013 0.000010 0.088821 0.000010 0.373300 0.053241
0.541100 0.000010 0.049635 0.098206 0.023700 0.053131 0.000010 0.224069 0.010140
0.515978 0.000010 0.000010 0.084165 0.000010 0.000010 0.000010 0.224627 0.175180
0.459322 0.000010 0.000010 0.066215 0.033461 0.000010 0.077239 0.363724 0.000010
0.688932 0.000010 0.000010 0.000010 0.082142 0.000010 0.050233 0.178643 0.000010
0.451334 0.045619 0.000010 0.000010 0.168825 0.134020 0.012913 0.151289 0.035980
0.440046 0.000010 0.000010 0.168978 0.000010 0.000010 0.117833 0.273094 0.000010
0.000010 0.122886 0.022794 0.000010 0.019064 0.182328 0.000010 0.000010 0.652887
0.559699 0.000010 0.000891 0.185953 0.000010 0.000010 0.025990 0.223113 0.004324
0.465315 0.000010 0.017159 0.000010 0.000010 0.000010 0.014857 0.332793 0.169836
0.806349 0.000010 0.022987 0.000010 0.000013 0.011577 0.020795 0.000010 0.138249
0.515249 0.000010 0.045620 0.276705 0.000010 0.016444 0.088916 0.057036 0.000010
0.696102 0.000010 0.000010 0.006198 0.000010 0.000010 0.000010 0.211013 0.086637
0.600504 0.000010 0.000010 0.000010 0.036591 0.027582 0.000010 0.087059 0.248224
0.510536 0.000010 0.000010 0.000010 0.000010 0.000010 0.076576 0.265041 0.147797
0.582254 0.000010 0.025916 0.019571 0.148236 0.000010 0.000010 0.223983 0.000010
0.426842 0.000010 0.077847 0.045641 0.000010 0.000010 0.000010 0.443364 0.006265
0.479406 0.000010 0.015212 0.084504 0.000020 0.006475 0.000010 0.414354 0.000010
0.435017 0.000010 0.007938 0.151124 0.000010 0.101290 0.000010 0.154910 0.149691
0.505094 0.000010 0.000010 0.000010 0.079839 0.000010 0.000010 0.333326 0.081691
0.515497 0.055998 0.028561 0.029234 0.044697 0.000010 0.033898 0.130401 0.161704
0.495772 0.000010 0.000010 0.200815 0.084706 0.067978 0.017354 0.071118 0.062238
0.294619 0.022956 0.000010 0.007626 0.082807 0.086766 0.000010 0.169822 0.335385
0.358763 0.000010 0.000010 0.117878 0.000010 0.074168 0.014927 0.293628 0.140606
0.563697 0.000010 0.095049 0.022067 0.000010 0.000010 0.000010 0.219011 0.100137
0.383685 0.000010 0.000010 0.078190 0.105067 0.000010 0.000010 0.354327 0.078692
0.574039 0.000010 0.000010 0.063203 0.000010 0.000010 0.064485 0.218487 0.079746
0.369497 0.000010 0.000010 0.082468 0.000010 0.000010 0.001853 0.342496 0.203646
0.648157 0.029750 0.054217 0.000010 0.000010 0.000010 0.000010 0.250541 0.017296
0.521058 0.000010 0.061608 0.181773 0.000010 0.037890 0.000010 0.190783 0.006857
0.453287 0.071495 0.065168 0.000010 0.000010 0.000010 0.000010 0.399565 0.010445
0.485386 0.076736 0.000010 0.031077 0.086855 0.000010 0.014354 0.149898 0.155673
0.447554 0.066314 0.000010 0.112937 0.118044 0.087313 0.000010 0.110596 0.057223
0.617009 0.000010 0.005325 0.117803 0.000010 0.032690 0.000010 0.066366 0.160778
0.543081 0.000010 0.000010 0.000010 0.000010 0.000010 0.029032 0.133170 0.294667
0.473910 0.007377 0.000010 0.095456 0.010530 0.000010 0.096041 0.316656 0.000010
0.430585 0.000010 0.000010 0.000010 0.000010 0.000010 0.123252 0.443207 0.002906
0.432121 0.000010 0.000010 0.022881 0.000010 0.000010 0.000010 0.354832 0.190117
0.499277 0.000010 0.033219 0.054261 0.039254 0.000010 0.000010 0.355975 0.017983
0.000010 0.000010 0.000010 0.000010 0.810338 0.000010 0.189592 0.000010 0.000010
0.000010 0.000010 0.000010 0.000010 0.859344 0.017279 0.123317 0.000010 0.000010
0.000010 0.000010 0.000010 0.000010 0.888253 0.000010 0.111677 0.000010 0.000010
0.000010 0.000010 0.000010 0.000010 0.938595 0.009026 0.052319 0.000010 0.000010
0.000010 0.003737 0.000010 0.000010 0.735572 0.000010 0.260631 0.000010 0.000010
0.000010 0.000012 0.000017 0.000010 0.804960 0.000010 0.194961 0.000010 0.000010
0.018898 0.000010 0.016198 0.000010 0.743324 0.000010 0.221529 0.000010 0.000010
0.602142 0.000010 0.000010 0.030999 0.000010 0.028816 0.089751 0.174335 0.073927
0.755158 0.000010 0.112927 0.024683 0.000010 0.000010 0.019997 0.087195 0.000010
0.714944 0.000010 0.000010 0.000010 0.000010 0.000010 0.142801 0.142195 0.000010
0.433387 0.000010 0.000011 0.457349 0.000010 0.000010 0.000010 0.109203 0.000010
0.585242 0.000010 0.000010 0.288822 0.000010 0.000010 0.000010 0.125877 0.000010
0.545669 0.036239 0.000010 0.261358 0.000010 0.000010 0.000010 0.156683 0.000010
0.543120 0.000010 0.000010 0.240202 0.106886 0.000010 0.012590 0.090306 0.006866
0.592437 0.000010 0.000010 0.118626 0.046625 0.022067 0.054670 0.163782 0.001774
0.456606 0.001769 0.045485 0.293012 0.007784 0.000010 0.068003 0.089087 0.038244
0.400056 0.000010 0.000010 0.221172 0.058495 0.000010 0.000010 0.320226 0.000010
0.558655 0.000010 0.000010 0.000010 0.121332 0.018075 0.000010 0.301888 0.000010
0.657571 0.000010 0.000010 0.037320 0.000010 0.017235 0.000010 0.287823 0.000010
0.582669 0.083425 0.049192 0.000014 0.039742 0.000010 0.000010 0.244927 0.000010
0.666764 0.000010 0.000010 0.000010 0.011764 0.123244 0.049793 0.137190 0.011214
0.651451 0.000010 0.014344 0.000010 0.000011 0.000010 0.000010 0.244495 0.089659
0.515391 0.000010 0.051234 0.086136 0.000010 0.004970 0.096287 0.180056 0.065907
0.595246 0.000010 0.034069 0.071855 0.000010 0.036670 0.096544 0.165586 0.000010
0.522091 0.105212 0.000010 0.011928 0.078221 0.058913 0.066713 0.141183 0.015729
0.490046 0.014508 0.037527 0.054085 0.099973 0.040687 0.012828 0.250336 0.000010
0.560673 0.072945 0.000010 0.070923 0.012719 0.000010 0.035208 0.084011 0.163502
0.415903 0.000010 0.000010 0.113454 0.008530 0.006562 0.040730 0.407877 0.006923
0.432563 0.073544 0.181656 0.031357 0.064639 0.000010 0.046944 0.169277 0.000010
0.373309 0.034495 0.000010 0.141260 0.000010 0.007680 0.102388 0.340837 0.000010
0.433329 0.000010 0.000010 0.000010 0.065398 0.009695 0.000010 0.449853 0.041685
0.525866 0.000010 0.000010 0.094478 0.195689 0.036045 0.000010 0.065894 0.081998
0.386380 0.000010 0.000010 0.022735 0.022152 0.000010 0.020592 0.515095 0.033017
0.378664 0.122454 0.000010 0.128943 0.018172 0.123459 0.000010 0.156177 0.072112
0.662386 0.000010 0.000010 0.088333 0.000010 0.000010 0.000010 0.232210 0.017020
0.487553 0.120406 0.000010 0.000010 0.000010 0.078149 0.000010 0.313842 0.000010
0.618416 0.000010 0.000010 0.000010 0.000010 0.003031 0.000010 0.378493 0.000010
0.427540 0.032963 0.049098 0.222611 0.000010 0.000010 0.064417 0.141322 0.062028
0.712613 0.000010 0.000010 0.012778 0.000010 0.019045 0.000010 0.255514 0.000010
0.558844 0.000010 0.000010 0.000010 0.000010 0.050586 0.000010 0.236067 0.154453
0.367837 0.000010 0.000010 0.242684 0.000010 0.000010 0.000010 0.175979 0.213450
0.428769 0.000010 0.000010 0.142362 0.129530 0.006106 0.000010 0.284978 0.008225
0.000010 0.895215 0.050018 0.054708 0.000010 0.000010 0.000010 0.000010 0.000010
0.102245 0.696674 0.000010 0.000010 0.000010 0.013167 0.061601 0.098824 0.027459
0.000010 0.921578 0.037298 0.017294 0.000010 0.000010 0.023780 0.000010 0.000010
0.000010 0.808316 0.148312 0.000010 0.043312 0.000010 0.000010 0.000010 0.000010
0.000010 0.000010 0.434697 0.000010 0.154093 0.075279 0.287074 0.048817 0.000010
0.000010 0.000010 0.665446 0.000010 0.000010 0.024451 0.310043 0.000010 0.000010
0.098375 0.033085 0.360008 0.024267 0.065519 0.036440 0.290608 0.050345 0.041351
0.000010 0.000010 0.497147 0.000010 0.000010 0.015273 0.304486 0.181484 0.001570
0.000010 0.000010 0.409060 0.132455 0.074923 0.000010 0.318239 0.045333 0.019960
0.048642 0.000010 0.510584 0.102706 0.000010 0.000010 0.329061 0.008967 0.000010
0.025984 0.000010 0.547827 0.000010 0.000010 0.031972 0.358547 0.000010 0.035630
0.000010 0.000010 0.452409 0.087315 0.009280 0.000010 0.417441 0.030129 0.003397
0.000010 0.000010 0.285858 0.010146 0.005607 0.000010 0.392456 0.249114 0.056789
0.000010 0.000010 0.268671 0.000011 0.154954 0.073758 0.427140 0.075437 0.000010
0.524781 0.006237 0.000010 0.160204 0.000010 0.000010 0.073346 0.225544 0.009858
0.357438 0.101400 0.000010 0.221147 0.000010 0.000010 0.000010 0.129072 0.190903
0.445552 0.167540 0.000010 0.141676 0.034262 0.062157 0.000246 0.148547 0.000010
0.573818 0.000010 0.076032 0.000012 0.000010 0.019295 0.000010 0.330804 0.000010
0.418383 0.000010 0.000010 0.214315 0.000010 0.000010 0.000010 0.157019 0.210233
0.544687 0.050453 0.000010 0.016920 0.000010 0.000010 0.164043 0.223856 0.000010
0.380596 0.001059 0.000010 0.063495 0.151841 0.105755 0.101949 0.172719 0.022576
0.693723 0.000010 0.000010 0.000010 0.000010 0.142934 0.068161 0.095132 0.000010
0.593739 0.000010 0.000010 0.159001 0.000010 0.083578 0.000010 0.000010 0.163632
0.537282 0.000010 0.000010 0.067609 0.062076 0.018743 0.001380 0.312881 0.000010
0.464716 0.054162 0.000010 0.125611 0.000947 0.000010 0.015328 0.339206 0.000010
0.324655 0.000010 0.017199 0.104062 0.029956 0.000010 0.200544 0.323555 0.000010
0.650428 0.000010 0.000010 0.000010 0.000010 0.018792 0.000010 0.254519 0.076210
0.345642 0.111024 0.000010 0.172480 0.000010 0.000010 0.047329 0.259807 0.063689
0.443655 0.000010 0.000010 0.061489 0.062061 0.000010 0.162318 0.270438 0.000010
0.447597 0.000010 0.000010 0.000010 0.128636 0.000010 0.049696 0.333821 0.040210
0.483469 0.103655 0.012193 0.000010 0.080271 0.000010 0.008116 0.296181 0.016096
0.426172 0.000010 0.000010 0.030604 0.117353 0.000010 0.000010 0.425820 0.000010
0.517886 0.078151 0.000010 0.124366 0.000010 0.090305 0.023565 0.165698 0.000010
0.240852 0.061998 0.004770 0.236267 0.000010 0.074295 0.065702 0.267508 0.048598
0.505703 0.000010 0.036237 0.156750 0.000010 0.041336 0.163939 0.096005 0.000010
0.000010 0.024959 0.564042 0.000010 0.069551 0.000010 0.341399 0.000010 0.000010
0.049782 0.092739 0.690205 0.000010 0.072787 0.000010 0.091174 0.003282 0.000010
0.057451 0.000010 0.579602 0.010171 0.000010 0.031284 0.321452 0.000010 0.000010
0.000010 0.000010 0.405167 0.000010 0.087055 0.006780 0.398709 0.059954 0.042306
0.000010 0.026789 0.680679 0.000010 0.000010 0.000010 0.292472 0.000010 0.000010
0.000010 0.000010 0.639529 0.101266 0.101770 0.000010 0.131503 0.025892 0.000010
0.000010 0.085663 0.613237 0.001111 0.093877 0.000010 0.206072 0.000010 0.000010
0.000010 0.044174 0.429572 0.000010 0.091957 0.000010 0.420774 0.013482 0.000010
0.000010 0.033299 0.721371 0.004886 0.010170 0.000010 0.219152 0.000010 0.011092
0.118929 0.000010 0.629434 0.064664 0.060600 0.000010 0.126334 0.000010 0.000010
0.000010 0.097306 0.560059 0.000010 0.100290 0.000010 0.200195 0.042109 0.000010
0.000010 0.015848 0.652542 0.000010 0.000010 0.002554 0.329005 0.000010 0.000010
0.000010 0.000010 0.728805 0.000010 0.000010 0.000010 0.269420 0.001716 0.000010
0.000010 0.000010 0.693339 0.000010 0.000010 0.000010 0.269568 0.000010 0.037033
0.000010 0.000010 0.631532 0.000010 0.180056 0.000010 0.121525 0.000010 0.066837
0.000010 0.010026 0.655775 0.000010 0.013989 0.000010 0.320160 0.000010 0.000010
0.124426 0.000010 0.696160 0.000010 0.000868 0.000010 0.178496 0.000010 0.000010
0.000010 0.125958 0.538683 0.056325 0.000010 0.026999 0.251995 0.000010 0.000010
0.057583 0.000010 0.500983 0.000010 0.081075 0.004090 0.299735 0.056505 0.000010
0.000010 0.000010 0.663489 0.000010 0.000010 0.021293 0.215611 0.099558 0.000010
0.000010 0.000010 0.776452 0.046379 0.000010 0.000010 0.177109 0.000010 0.000010
0.000010 0.005783 0.516879 0.000010 0.030889 0.000010 0.360244 0.049868 0.036308
0.000010 0.036611 0.585402 0.000010 0.053856 0.022327 0.301763 0.000011 0.000010
0.093994 0.000010 0.645265 0.000010 0.085155 0.005307 0.170240 0.000010 0.000010
0.000010 0.000010 0.739670 0.000010 0.000010 0.000010 0.211641 0.048629 0.000010
0.000010 0.006928 0.528441 0.019710 0.000010 0.034799 0.410082 0.000010 0.000010
0.016952 0.000010 0.676384 0.000010 0.002532 0.000010 0.304082 0.000010 0.000010
0.002552 0.001770 0.686526 0.000010 0.000010 0.057884 0.135839 0.079978 0.035429
0.000010 0.000010 0.674776 0.000010 0.078330 0.000010 0.243226 0.000010 0.003617
0.049629 0.058746 0.618531 0.027769 0.000010 0.000010 0.214441 0.030853 0.000010
0.000010 0.000010 0.536495 0.000010 0.000010 0.000010 0.434823 0.028622 0.000010
0.000010 0.000010 0.472025 0.000010 0.068078 0.004730 0.436163 0.000010 0.018965
0.052124 0.000010 0.680418 0.000010 0.000010 0.000010 0.217488 0.000010 0.049921
0.000010 0.038777 0.552261 0.012995 0.117907 0.000010 0.259430 0.018598 0.000010
0.000010 0.000010 0.710843 0.035239 0.108419 0.000010 0.145449 0.000010 0.000010
0.000010 0.105676 0.526405 0.000010 0.000010 0.000010 0.367859 0.000010 0.000010
0.000010 0.000010 0.525969 0.000010 0.080021 0.027125 0.230598 0.112536 0.023721
0.004231 0.000010 0.609414 0.000010 0.000010 0.000010 0.386295 0.000010 0.000010
0.000010 0.000010 0.679834 0.000010 0.110163 0.000010 0.209942 0.000010 0.000010
0.000010 0.000010 0.000010 0.000010 0.886243 0.000010 0.113687 0.000010 0.000010
0.000010 0.064868 0.000010 0.000010 0.894071 0.000010 0.041000 0.000010 0.000010
0.054103 0.000010 0.540017 0.017988 0.160828 0.000010 0.227023 0.000010 0.000010
0.000010 0.024160 0.774536 0.000010 0.000010 0.000010 0.201244 0.000010 0.000010
0.440057 0.041458 0.115367 0.147546 0.000010 0.000010 0.111899 0.143643 0.000010
0.363862 0.017584 0.000010 0.373841 0.045855 0.000010 0.000010 0.198818 0.000010
0.375828 0.000010 0.000010 0.407774 0.017864 0.015663 0.133632 0.049209 0.000010
0.293139 0.092085 0.069338 0.350853 0.000010 0.000010 0.032682 0.161872 0.000010
0.243500 0.057962 0.000010 0.486772 0.000010 0.018857 0.083051 0.109828 0.000010
0.324181 0.042596 0.112868 0.288445 0.000010 0.000010 0.076459 0.155421 0.000010
0.398439 0.118435 0.000010 0.282671 0.000010 0.000010 0.000010 0.200405 0.000010
0.306825 0.000010 0.000010 0.414214 0.021722 0.000010 0.058822 0.198378 0.000010
0.384266 0.000010 0.000010 0.307312 0.000010 0.000010 0.100175 0.208196 0.000010
0.506098 0.000010 0.000010 0.325340 0.120547 0.015464 0.032511 0.000010 0.000010
0.275036 0.058537 0.000010 0.359820 0.000010 0.000010 0.000010 0.306557 0.000010
0.343913 0.022921 0.000010 0.312653 0.003507 0.023060 0.049764 0.244163 0.000010
0.267025 0.152615 0.008808 0.290682 0.000010 0.000010 0.007055 0.273785 0.000010
0.000010 0.013574 0.832172 0.061136 0.000010 0.000010 0.093067 0.000010 0.000010
0.000010 0.000010 0.442589 0.000010 0.101749 0.012587 0.397537 0.045498 0.000010
0.000010 0.000010 0.641155 0.000010 0.061054 0.000010 0.297732 0.000010 0.000010
0.000010 0.000010 0.566889 0.026596 0.000010 0.000010 0.344116 0.025389 0.036971
0.010972 0.000010 0.698640 0.000010 0.000010 0.000010 0.284172 0.000010 0.006167
0.000010 0.016886 0.549670 0.035764 0.034689 0.062028 0.300934 0.000010 0.000010
0.000010 0.000010 0.748063 0.000010 0.000010 0.000010 0.240734 0.000010 0.011144
0.026562 0.022690 0.755028 0.000010 0.000010 0.000010 0.132537 0.063142 0.000010
0.000010 0.000010 0.594507 0.000010 0.026441 0.026261 0.313105 0.039646 0.000010
0.000010 0.096312 0.567052 0.000010 0.000010 0.043238 0.271261 0.022097 0.000010
0.000010 0.000010 0.717461 0.000010 0.000010 0.000010 0.220002 0.000010 0.062478
0.000010 0.000010 0.639670 0.000010 0.076315 0.056808 0.227157 0.000010 0.000010
