0.202912 0.000010 0.000010 0.007318 0.079002 0.008349 0.232700 0.469689 0.000010
0.366081 0.000010 0.000010 0.000010 0.000010 0.034899 0.026252 0.446215 0.126513
0.271670 0.000010 0.007067 0.000010 0.011671 0.021022 0.288971 0.399568 0.000010
0.136410 0.000010 0.000010 0.177847 0.007835 0.000010 0.074325 0.594272 0.009282
0.066790 0.000010 0.172031 0.126350 0.004602 0.000010 0.074411 0.529655 0.026141
0.143682 0.084670 0.052225 0.048452 0.011876 0.000010 0.000010 0.351450 0.307624
0.415303 0.000010 0.000010 0.037865 0.000010 0.000010 0.145329 0.333518 0.067945
0.218417 0.000010 0.000010 0.142469 0.000010 0.058228 0.131193 0.449654 0.000010
0.273418 0.001494 0.058348 0.230058 0.079276 0.000010 0.000010 0.357375 0.000010
0.280119 0.000010 0.000010 0.155873 0.000010 0.020530 0.110914 0.432524 0.000010
0.313547 0.099095 0.000010 0.115715 0.000010 0.001014 0.092470 0.378128 0.000010
0.361424 0.000010 0.076095 0.001848 0.000010 0.076379 0.041064 0.443159 0.000010
0.294336 0.000010 0.000010 0.209672 0.000010 0.112394 0.095527 0.288032 0.000010
0.206040 0.000010 0.000011 0.000010 0.043341 0.037461 0.272790 0.372693 0.067644
0.281570 0.000010 0.002907 0.039229 0.000010 0.000010 0.053251 0.623004 0.000010
0.200575 0.000010 0.000010 0.000010 0.055243 0.000010 0.179535 0.564596 0.000010
0.328384 0.048856 0.000010 0.046395 0.000010 0.004623 0.029078 0.542634 0.000010
0.223343 0.000010 0.136952 0.000010 0.000010 0.000010 0.074910 0.564746 0.000010
0.112790 0.000010 0.000010 0.034333 0.000010 0.000010 0.125468 0.727359 0.000010
0.161241 0.000010 0.000010 0.140749 0.012720 0.044668 0.096023 0.544568 0.000010
0.143431 0.056979 0.054334 0.111282 0.000010 0.028807 0.033082 0.431401 0.140672
0.271301 0.067289 0.017658 0.194177 0.000010 0.000010 0.115221 0.334323 0.000010
0.366997 0.000010 0.042861 0.000010 0.000010 0.043154 0.000010 0.546938 0.000010
0.250992 0.000010 0.000010 0.000010 0.001372 0.061914 0.087134 0.598515 0.000043
0.336805 0.000010 0.058487 0.023165 0.000010 0.000010 0.107414 0.474090 0.000010
0.518375 0.000010 0.000010 0.000010 0.000010 0.009439 0.086147 0.385988 0.000010
0.359499 0.001038 0.000010 0.044526 0.000010 0.074806 0.000010 0.520091 0.000010
0.352962 0.010794 0.010711 0.000010 0.077082 0.000010 0.058087 0.381355 0.108989
0.287467 0.000010 0.000010 0.036556 0.000010 0.000010 0.099660 0.573310 0.002966
0.272363 0.000010 0.000010 0.074091 0.000010 0.000010 0.013970 0.499425 0.140112
0.398300 0.000010 0.042979 0.056312 0.000010 0.000010 0.065920 0.436448 0.000010
0.372585 0.000010 0.007106 0.035428 0.041923 0.000010 0.044836 0.498093 0.000010
0.293863 0.000010 0.003823 0.044530 0.066114 0.000010 0.013194 0.550862 0.027595
0.360236 0.000010 0.058787 0.000010 0.000010 0.064036 0.057251 0.459650 0.000010
0.038286 0.000010 0.000010 0.089493 0.000010 0.000010 0.330549 0.541622 0.000010
0.404528 0.004241 0.000010 0.169107 0.056064 0.000010 0.000010 0.273658 0.092372
0.328172 0.000010 0.098886 0.030699 0.000010 0.000010 0.000010 0.529182 0.013021
0.288077 0.064965 0.000010 0.103494 0.003600 0.000010 0.047658 0.399170 0.093016
0.146069 0.010930 0.011616 0.148241 0.043378 0.000010 0.037607 0.298526 0.303624
0.209542 0.019375 0.103184 0.000010 0.027793 0.000010 0.000010 0.640065 0.000010
0.117604 0.047382 0.100042 0.128102 0.000010 0.000010 0.005824 0.601016 0.000010
0.366950 0.009029 0.000010 0.014903 0.051989 0.027212 0.026166 0.475109 0.028632
0.182951 0.000010 0.000010 0.344797 0.000010 0.000010 0.000010 0.472192 0.000010
0.182806 0.000010 0.000010 0.255676 0.000010 0.000010 0.030576 0.417929 0.112973
0.218042 0.000010 0.038769 0.059040 0.024289 0.000010 0.206384 0.430601 0.022855
0.101458 0.000010 0.085471 0.157290 0.090769 0.000010 0.041031 0.438924 0.085038
0.302691 0.153473 0.000010 0.083874 0.041945 0.035813 0.000010 0.382174 0.000010
0.296507 0.067481 0.055165 0.000010 0.000010 0.038510 0.141404 0.364762 0.036150
0.167471 0.000010 0.192906 0.000010 0.032557 0.000010 0.261632 0.345394 0.000010
0.331693 0.000010 0.254094 0.015116 0.000010 0.000500 0.144104 0.245364 0.009109
0.047692 0.029974 0.271931 0.098509 0.177687 0.023554 0.282965 0.067677 0.000010
0.125111 0.045989 0.446765 0.070517 0.072016 0.000010 0.000010 0.239572 0.000010
0.023123 0.027202 0.231541 0.291843 0.000010 0.000010 0.149025 0.261068 0.016178
0.110662 0.000010 0.357334 0.174958 0.025694 0.020985 0.177217 0.133129 0.000010
0.000010 0.039031 0.087039 0.192289 0.000010 0.000010 0.101864 0.567366 0.012382
0.000010 0.000010 0.320277 0.241605 0.061120 0.019290 0.077483 0.182717 0.097488
0.249802 0.073106 0.190659 0.000010 0.037556 0.087999 0.033636 0.198701 0.128530
0.106469 0.022948 0.145513 0.204592 0.059600 0.055810 0.158011 0.201467 0.045590
0.000010 0.023612 0.394191 0.058191 0.000010 0.000010 0.169025 0.305869 0.049082
0.252045 0.000010 0.424008 0.053198 0.075616 0.000010 0.000010 0.035482 0.159620
0.000010 0.003783 0.565743 0.219735 0.000010 0.000010 0.103106 0.054718 0.052884
0.000010 0.132883 0.506544 0.077371 0.000010 0.000010 0.274637 0.008525 0.000010
0.334764 0.052393 0.030721 0.000010 0.000010 0.014092 0.272726 0.295274 0.000010
0.161323 0.111786 0.320960 0.127993 0.043365 0.000010 0.119295 0.115259 0.000010
0.062631 0.067671 0.533440 0.181237 0.000010 0.000010 0.045848 0.073436 0.035718
0.104753 0.018777 0.509837 0.099174 0.000010 0.000010 0.162329 0.105100 0.000010
0.000010 0.056639 0.138624 0.387078 0.000011 0.000010 0.213291 0.204328 0.000010
0.081719 0.000010 0.325521 0.076265 0.027357 0.000010 0.157164 0.273722 0.058231
0.204546 0.000010 0.131305 0.099054 0.005284 0.000010 0.147173 0.412609 0.000010
0.384875 0.000010 0.000010 0.063995 0.028484 0.019222 0.245885 0.169837 0.087683
0.000010 0.010697 0.000010 0.023685 0.192389 0.092242 0.090870 0.245906 0.344191
0.367468 0.010888 0.000010 0.109416 0.000010 0.022551 0.099068 0.390580 0.000010
0.353955 0.000010 0.000010 0.188858 0.000010 0.000010 0.000010 0.452275 0.004861
0.178333 0.000010 0.091713 0.003978 0.011650 0.000010 0.186936 0.413495 0.113875
0.380396 0.000010 0.033659 0.035852 0.000010 0.000010 0.053602 0.385138 0.111322
0.349354 0.018825 0.027462 0.000010 0.000010 0.000010 0.050112 0.554206 0.000010
0.124919 0.000010 0.000010 0.200315 0.030653 0.000010 0.000010 0.644063 0.000010
0.100846 0.000010 0.000010 0.248661 0.224902 0.000010 0.026414 0.147874 0.251274
0.403304 0.000010 0.061760 0.023395 0.084189 0.071858 0.000010 0.355464 0.000010
0.347396 0.000010 0.000010 0.000010 0.000010 0.032490 0.109164 0.510900 0.000010
0.132847 0.106223 0.225342 0.069799 0.000010 0.031205 0.012408 0.422156 0.000010
0.335006 0.049320 0.025894 0.023609 0.000010 0.059715 0.000010 0.506426 0.000010
0.318451 0.000010 0.000010 0.124679 0.036348 0.069702 0.015006 0.435784 0.000010
0.239812 0.000010 0.000010 0.219015 0.000010 0.006233 0.138547 0.285753 0.110609
0.269462 0.094372 0.000010 0.000010 0.019176 0.000010 0.000010 0.414638 0.202312
0.200156 0.044508 0.000010 0.227803 0.023823 0.000010 0.074023 0.429657 0.000010
0.368659 0.070195 0.088484 0.028655 0.125664 0.000010 0.000010 0.281667 0.036657
0.384872 0.000010 0.254596 0.000010 0.000010 0.060248 0.090586 0.209658 0.000010
0.212484 0.093497 0.000010 0.000010 0.037823 0.029144 0.092323 0.304881 0.229827
0.438754 0.000010 0.000010 0.043635 0.024639 0.000010 0.050479 0.379550 0.062913
0.284825 0.071395 0.098063 0.008892 0.000010 0.025852 0.015693 0.495260 0.000010
0.144510 0.167191 0.000010 0.061633 0.000010 0.014939 0.000010 0.351182 0.260514
0.463609 0.000010 0.000010 0.124332 0.000010 0.000010 0.000010 0.332719 0.079290
0.309071 0.056663 0.000010 0.000010 0.062906 0.000010 0.050839 0.520482 0.000010
0.360320 0.000010 0.000010 0.053918 0.000010 0.000010 0.074876 0.510836 0.000010
0.236448 0.000011 0.000010 0.000010 0.000010 0.031254 0.216206 0.516041 0.000010
0.363409 0.000010 0.000010 0.000010 0.081725 0.000010 0.061829 0.492987 0.000010
0.340266 0.001990 0.000010 0.000010 0.000010 0.000010 0.134552 0.523142 0.000010
0.125323 0.072561 0.000010 0.171741 0.006741 0.111585 0.199981 0.312048 0.000010
0.131328 0.000010 0.008649 0.199152 0.000010 0.058849 0.148803 0.453188 0.000010
0.104274 0.000010 0.000011 0.100077 0.000010 0.044531 0.260179 0.374095 0.116813
0.132364 0.056949 0.000010 0.000011 0.000010 0.000010 0.251515 0.328810 0.230321
0.275597 0.000010 0.068165 0.051274 0.000010 0.000010 0.188008 0.416916 0.000010
0.189664 0.000010 0.110183 0.121447 0.063863 0.056409 0.000010 0.458404 0.000010
0.247577 0.016569 0.000010 0.000010 0.000010 0.000010 0.010682 0.579997 0.145137
0.052775 0.000010 0.000010 0.242650 0.000010 0.000010 0.251540 0.452984 0.000010
0.400305 0.000010 0.168082 0.013635 0.000010 0.000010 0.000012 0.417926 0.000010
0.014718 0.000010 0.081643 0.302478 0.000010 0.013998 0.200283 0.386851 0.000010
0.222862 0.130202 0.000010 0.119029 0.000010 0.000010 0.083680 0.444187 0.000010
0.024746 0.052996 0.000010 0.229864 0.145095 0.000010 0.037274 0.357685 0.152320
0.257723 0.000010 0.000011 0.000010 0.000010 0.017241 0.193072 0.531913 0.000010
0.278146 0.000010 0.000010 0.000354 0.000010 0.000010 0.291345 0.430105 0.000010
0.239209 0.000010 0.148455 0.158327 0.000010 0.000010 0.000010 0.453959 0.000010
0.130070 0.008764 0.091535 0.049151 0.064361 0.000010 0.015641 0.542451 0.098017
0.359442 0.055565 0.053483 0.134347 0.000010 0.000010 0.000010 0.338456 0.058677
0.131565 0.000010 0.000010 0.075719 0.000010 0.000010 0.166144 0.626522 0.000010
0.113042 0.129363 0.001801 0.000010 0.022494 0.123667 0.096341 0.513272 0.000010
0.000010 0.000010 0.000010 0.088791 0.000010 0.000010 0.297748 0.613401 0.000010
0.327227 0.000010 0.000010 0.062273 0.000010 0.000010 0.163725 0.409479 0.037257
0.229109 0.087542 0.000010 0.103694 0.047818 0.071373 0.092846 0.367598 0.000010
0.350418 0.058676 0.000010 0.210321 0.000010 0.047273 0.000010 0.239138 0.094145
0.290740 0.033791 0.115507 0.008770 0.000010 0.006770 0.025406 0.518996 0.000010
0.072545 0.041743 0.031478 0.064198 0.000010 0.061290 0.245695 0.483030 0.000010
0.165702 0.000010 0.000010 0.272392 0.000592 0.003566 0.168870 0.319121 0.069736
0.395819 0.027433 0.085286 0.015398 0.017521 0.000010 0.126898 0.331626 0.000010
0.439741 0.000010 0.000010 0.000010 0.000010 0.000010 0.000010 0.560189 0.000010
0.031377 0.051061 0.002126 0.150555 0.000010 0.000010 0.195666 0.569185 0.000010
0.212103 0.000010 0.118655 0.024182 0.000010 0.000010 0.115400 0.495345 0.034285
0.224923 0.000010 0.000010 0.000010 0.042588 0.000010 0.250234 0.482205 0.000010
0.557109 0.000010 0.000010 0.057603 0.077149 0.000010 0.025246 0.261122 0.021742
0.252086 0.011810 0.099970 0.000010 0.000010 0.000962 0.251641 0.383501 0.000010
0.096631 0.147021 0.052563 0.015757 0.000010 0.053340 0.304978 0.329689 0.000010
0.273419 0.120956 0.010913 0.087968 0.156196 0.000010 0.116074 0.234453 0.000010
0.341157 0.000010 0.000010 0.124601 0.066705 0.000010 0.064277 0.361415 0.041816
0.161618 0.148386 0.000010 0.105384 0.000010 0.000010 0.000010 0.584562 0.000010
0.198860 0.068895 0.062256 0.005927 0.002529 0.000010 0.116756 0.544757 0.000010
0.022710 0.065610 0.095099 0.034786 0.124138 0.000010 0.079012 0.578625 0.000010
0.364067 0.066142 0.000010 0.287023 0.000010 0.013201 0.115534 0.154002 0.000010
0.342112 0.000010 0.000010 0.000010 0.000010 0.000010 0.101775 0.556053 0.000010
0.198979 0.040099 0.000010 0.197416 0.000010 0.000010 0.018984 0.544482 0.000010
0.178036 0.000010 0.000010 0.086293 0.000010 0.021065 0.220941 0.493625 0.000010
0.314718 0.000010 0.017162 0.034555 0.000010 0.002090 0.185829 0.445617 0.000010
0.043579 0.000010 0.066043 0.089161 0.092915 0.000010 0.163208 0.501026 0.044049
0.204377 0.000010 0.011662 0.257543 0.000010 0.000010 0.114050 0.369932 0.042405
0.266427 0.000010 0.008984 0.242266 0.000010 0.000010 0.055556 0.389851 0.036886
0.313783 0.017040 0.000010 0.071986 0.000010 0.000010 0.073736 0.523415 0.000010
0.158827 0.093473 0.011945 0.254499 0.000010 0.000010 0.151987 0.329240 0.000010
0.146452 0.200939 0.072520 0.146858 0.000010 0.000010 0.000010 0.433191 0.000010
0.129281 0.000010 0.013893 0.236540 0.040146 0.030114 0.203474 0.320831 0.025710
0.169580 0.029511 0.000010 0.308283 0.114535 0.062195 0.000010 0.252994 0.062882
0.086511 0.075518 0.000010 0.320909 0.043168 0.000010 0.000010 0.406883 0.066981
0.131454 0.140737 0.147923 0.179605 0.000010 0.000010 0.000010 0.400241 0.000010
0.199955 0.171660 0.058905 0.131776 0.000010 0.068234 0.000010 0.369439 0.000010
0.158219 0.160668 0.000010 0.190238 0.000010 0.000010 0.024940 0.322024 0.143881
0.179993 0.020056 0.102503 0.347614 0.000010 0.036632 0.025596 0.287586 0.000010
0.317925 0.076597 0.127515 0.133292 0.000010 0.000010 0.025961 0.318680 0.000010
0.125581 0.025218 0.103952 0.310414 0.000010 0.000010 0.185917 0.248887 0.000010
0.306284 0.000010 0.073291 0.228634 0.035625 0.000010 0.000010 0.343244 0.012892
0.128178 0.001326 0.136447 0.472427 0.000010 0.000010 0.009192 0.252400 0.000010
0.079025 0.000010 0.000010 0.320527 0.000010 0.000010 0.114913 0.485484 0.000010
0.216313 0.009829 0.000010 0.273742 0.000010 0.000010 0.130207 0.369870 0.000010
0.154751 0.022898 0.000010 0.196793 0.120306 0.000010 0.081863 0.423359 0.000010
0.082595 0.051429 0.040738 0.204484 0.007533 0.000010 0.173878 0.439322 0.000010
0.277762 0.000010 0.214935 0.089646 0.023148 0.000010 0.045406 0.338149 0.010934
0.206573 0.020928 0.074145 0.032148 0.000010 0.000010 0.079463 0.586713 0.000010
0.304474 0.000010 0.110468 0.086378 0.014584 0.000010 0.148570 0.335496 0.000010
0.000010 0.000010 0.151633 0.000010 0.116901 0.000010 0.202185 0.529230 0.000010
0.193950 0.000010 0.148184 0.017374 0.000010 0.000010 0.055489 0.584963 0.000010
0.237199 0.037583 0.110692 0.000010 0.000010 0.056313 0.024973 0.533211 0.000010
0.047244 0.000010 0.000010 0.235630 0.000010 0.000010 0.230809 0.486267 0.000010
0.127080 0.000010 0.000010 0.229136 0.025394 0.000010 0.180314 0.438035 0.000010
0.258990 0.000010 0.166104 0.000010 0.060847 0.000010 0.091299 0.422720 0.000010
0.196099 0.000010 0.256028 0.026717 0.008248 0.026083 0.147559 0.339246 0.000010
0.158919 0.029622 0.197674 0.044923 0.047738 0.000010 0.224347 0.296757 0.000010
0.214003 0.006122 0.037921 0.047340 0.176687 0.000010 0.026630 0.491276 0.000010
0.271397 0.000010 0.166466 0.164744 0.028778 0.000010 0.125188 0.243396 0.000010
0.000010 0.078277 0.048620 0.158883 0.205853 0.000010 0.124445 0.383892 0.000010
0.119786 0.000010 0.091411 0.272641 0.038521 0.030325 0.135854 0.255264 0.056187
0.191516 0.093760 0.000010 0.109819 0.086573 0.000010 0.000010 0.518292 0.000010
0.106549 0.000010 0.277741 0.209585 0.046619 0.022746 0.004218 0.326449 0.006083
0.120313 0.000010 0.065521 0.336220 0.047616 0.000010 0.000010 0.430291 0.000010
0.133456 0.000010 0.000010 0.121418 0.000010 0.032254 0.286980 0.425852 0.000010
0.000010 0.072366 0.113413 0.014805 0.000010 0.000010 0.144551 0.635074 0.019761
0.220277 0.024991 0.000010 0.059858 0.000010 0.007961 0.174644 0.511078 0.001170
0.200280 0.000337 0.000010 0.067114 0.000010 0.000010 0.385456 0.346773 0.000010
0.000010 0.029643 0.047829 0.200565 0.048087 0.000010 0.248865 0.424982 0.000010
0.195288 0.122815 0.031056 0.000010 0.000010 0.016937 0.234154 0.361640 0.038091
0.000010 0.000010 0.013008 0.000010 0.038546 0.306657 0.000010 0.000010 0.641739
0.000010 0.000010 0.027161 0.000010 0.000010 0.356287 0.038543 0.001149 0.576820
0.000010 0.000010 0.000010 0.000010 0.000010 0.251529 0.000010 0.035661 0.712750
0.000010 0.000010 0.000010 0.024571 0.000010 0.236987 0.025498 0.070602 0.642302
0.000010 0.000010 0.000010 0.000010 0.000010 0.242020 0.006319 0.000010 0.751601
0.000010 0.000010 0.000010 0.000010 0.000010 0.240095 0.009078 0.039764 0.711013
0.010545 0.000010 0.000010 0.000010 0.000010 0.470168 0.003293 0.000010 0.515944
0.000010 0.002707 0.012883 0.000010 0.000010 0.297115 0.037054 0.000010 0.650201
0.000010 0.000010 0.037253 0.020336 0.000010 0.441413 0.000010 0.022150 0.478808
0.000010 0.000010 0.016756 0.000010 0.000010 0.272580 0.000010 0.024547 0.686067
0.000010 0.000010 0.096727 0.000010 0.000010 0.153573 0.000010 0.000010 0.749640
0.000010 0.000010 0.000010 0.000010 0.000010 0.398543 0.000010 0.000010 0.601387
0.000010 0.000010 0.000010 0.000010 0.000010 0.546533 0.000010 0.014585 0.438823
0.000010 0.049895 0.000010 0.000010 0.000010 0.483313 0.000010 0.000010 0.466732
0.000010 0.028878 0.054766 0.000010 0.055204 0.209311 0.000010 0.000010 0.651802
0.000010 0.000010 0.000010 0.000010 0.000010 0.293510 0.000010 0.000010 0.706420
0.000010 0.000010 0.057852 0.000010 0.009300 0.256806 0.000010 0.000010 0.675991
0.000010 0.000010 0.000010 0.000010 0.024687 0.420343 0.008057 0.000010 0.546863
0.000010 0.001390 0.000010 0.038759 0.000010 0.232945 0.000010 0.000010 0.726855
0.000010 0.004405 0.054766 0.000010 0.000010 0.156796 0.034124 0.000010 0.749869
0.000010 0.000010 0.026543 0.000010 0.000010 0.545059 0.000010 0.068129 0.360218
0.000010 0.000010 0.000011 0.000010 0.000010 0.178461 0.000010 0.000010 0.821468
0.000010 0.000010 0.043190 0.000010 0.000010 0.333281 0.010611 0.078481 0.534397
0.000010 0.000010 0.000010 0.000010 0.083861 0.273064 0.027761 0.000010 0.615265
0.000010 0.000010 0.000010 0.022101 0.000010 0.129181 0.000010 0.118198 0.730470
0.000010 0.000010 0.000010 0.000010 0.000010 0.405342 0.000010 0.000010 0.594588
0.000010 0.000010 0.047918 0.000010 0.000010 0.442301 0.024755 0.000010 0.484976
0.000010 0.002499 0.000010 0.000010 0.000010 0.344490 0.066027 0.000010 0.586935
0.000010 0.000010 0.000010 0.043494 0.757893 0.000010 0.198553 0.000010 0.000010
0.127020 0.034585 0.024497 0.396879 0.013357 0.003274 0.000010 0.350184 0.050195
0.581869 0.000010 0.000010 0.281482 0.039574 0.000010 0.031892 0.065143 0.000010
0.342424 0.167659 0.023376 0.286830 0.000010 0.052244 0.000010 0.127438 0.000010
0.533734 0.083189 0.006289 0.090994 0.000010 0.042450 0.000010 0.243315 0.000010
0.335315 0.000010 0.046826 0.357576 0.000010 0.000010 0.020140 0.240103 0.000010
0.434752 0.017820 0.000010 0.213083 0.000010 0.000010 0.079049 0.255256 0.000010
0.359066 0.047201 0.027784 0.317413 0.000010 0.046828 0.051599 0.150090 0.000010
0.434709 0.000010 0.000010 0.363705 0.028118 0.000010 0.000010 0.153483 0.019945
0.325887 0.089029 0.005130 0.391780 0.000010 0.055054 0.000010 0.133090 0.000010
0.504090 0.043227 0.000010 0.150371 0.000010 0.000010 0.000010 0.302261 0.000010
0.573162 0.022109 0.000010 0.230798 0.044911 0.000010 0.000010 0.062080 0.066910
0.408874 0.043911 0.000010 0.324169 0.000010 0.000010 0.108456 0.114551 0.000010
0.274137 0.077349 0.066876 0.229650 0.000010 0.000010 0.000045 0.351914 0.000010
0.326125 0.017803 0.172299 0.392392 0.000010 0.000010 0.000010 0.091341 0.000010
0.320259 0.000010 0.000010 0.391498 0.000010 0.035911 0.014590 0.220203 0.017509
0.146069 0.053363 0.022992 0.557331 0.000010 0.091803 0.000010 0.128412 0.000010
0.300269 0.122551 0.000010 0.201407 0.000010 0.000010 0.150114 0.225619 0.000010
0.291250 0.013902 0.082316 0.381899 0.000010 0.000010 0.025376 0.170960 0.034277
0.373502 0.133163 0.000010 0.310164 0.000010 0.023909 0.037051 0.122181 0.000010
0.378814 0.058222 0.000010 0.362536 0.000010 0.084168 0.074406 0.041824 0.000010
0.092071 0.050770 0.000010 0.421729 0.000010 0.088826 0.055075 0.291499 0.000010
0.415355 0.000010 0.000035 0.358890 0.000010 0.000010 0.000010 0.221941 0.003739
0.316625 0.000010 0.000010 0.402657 0.016543 0.000010 0.067716 0.196419 0.000010
0.188548 0.053807 0.000010 0.283697 0.000010 0.016404 0.090138 0.367376 0.000010
0.085444 0.000010 0.000010 0.392847 0.055411 0.014715 0.205926 0.245627 0.000010
0.352806 0.081731 0.000010 0.358799 0.000010 0.024747 0.000010 0.181877 0.000010
0.376549 0.038852 0.000010 0.342342 0.000010 0.042872 0.000010 0.152328 0.047028
0.429739 0.000010 0.000010 0.200872 0.113887 0.035888 0.000010 0.160887 0.058695
0.000010 0.052634 0.000010 0.000010 0.947296 0.000010 0.000010 0.000010 0.000010
0.000010 0.000010 0.000010 0.000010 0.999920 0.000010 0.000010 0.000010 0.000010
0.000010 0.000010 0.000010 0.000010 0.975151 0.000010 0.000010 0.000010 0.024779
0.000010 0.000010 0.000010 0.000010 0.941834 0.000010 0.000010 0.000010 0.058096
0.028146 0.000013 0.110481 0.000010 0.697151 0.000010 0.164169 0.000010 0.000010
0.000010 0.074201 0.000010 0.000010 0.823442 0.000010 0.056050 0.046257 0.000010
0.007292 0.000010 0.000010 0.000010 0.992638 0.000010 0.000010 0.000010 0.000010
0.000010 0.000010 0.000010 0.000010 0.959974 0.000010 0.000010 0.039956 0.000010
0.000010 0.000010 0.000010 0.000010 0.941808 0.058122 0.000010 0.000010 0.000010
0.000010 0.000010 0.000010 0.000010 0.867351 0.032100 0.060327 0.040172 0.000010
0.000010 0.000010 0.000010 0.000010 0.999920 0.000010 0.000010 0.000010 0.000010
0.010560 0.000010 0.000010 0.000010 0.952978 0.000010 0.030641 0.005687 0.000095
0.000010 0.000010 0.000010 0.000010 0.883495 0.000010 0.082452 0.033993 0.000010
0.000010 0.000010 0.000010 0.000010 0.999920 0.000010 0.000010 0.000010 0.000010
0.000010 0.000010 0.000010 0.000010 0.996619 0.000010 0.000010 0.000010 0.003311
0.000010 0.000010 0.000010 0.000010 0.926984 0.000010 0.000010 0.072946 0.000010
0.021464 0.000010 0.000010 0.000010 0.929280 0.000010 0.000010 0.033652 0.015554
0.580841 0.013003 0.000010 0.000010 0.072878 0.000010 0.000010 0.305778 0.027459
0.710986 0.000010 0.000010 0.000010 0.000010 0.017418 0.000010 0.203807 0.067740
0.480319 0.038046 0.000010 0.065166 0.086630 0.011706 0.077601 0.166335 0.074187
0.413523 0.005184 0.020138 0.006994 0.061413 0.000010 0.000010 0.492717 0.000010
0.453598 0.000010 0.000010 0.155123 0.000010 0.000010 0.074444 0.316785 0.000010
0.709686 0.058638 0.000010 0.030289 0.002191 0.000010 0.025606 0.173559 0.000010
0.561531 0.000010 0.014720 0.082306 0.000010 0.000010 0.000010 0.341393 0.000010
0.612523 0.000010 0.000010 0.143009 0.000010 0.074234 0.000010 0.170184 0.000010
0.419174 0.001761 0.000010 0.193200 0.000010 0.000010 0.000010 0.248490 0.137334
0.551246 0.000010 0.186131 0.151615 0.000010 0.054764 0.000010 0.056203 0.000010
0.717767 0.000010 0.004380 0.000010 0.000683 0.019107 0.056641 0.201393 0.000010
0.550810 0.000010 0.157362 0.070046 0.000010 0.000010 0.000010 0.221732 0.000010
0.528598 0.000010 0.000010 0.149022 0.000010 0.012742 0.000010 0.309589 0.000010
0.495701 0.037570 0.009239 0.000010 0.138429 0.000010 0.000010 0.213349 0.105683
0.446164 0.156801 0.049739 0.000010 0.023271 0.072708 0.000011 0.251287 0.000010
0.484460 0.000010 0.020038 0.266437 0.000010 0.000010 0.000010 0.189529 0.039497
0.461566 0.026882 0.000010 0.000010 0.000010 0.000010 0.136279 0.295408 0.079825
0.474325 0.122345 0.030729 0.035679 0.003765 0.000010 0.000010 0.333128 0.000010
0.477536 0.043595 0.065184 0.002848 0.000010 0.000010 0.000010 0.410797 0.000010
0.540843 0.000010 0.000010 0.123428 0.096235 0.000784 0.001604 0.237075 0.000010
0.399365 0.030284 0.000984 0.000010 0.000010 0.000010 0.000010 0.466482 0.102845
0.481686 0.067280 0.039649 0.111692 0.038202 0.000010 0.000010 0.176023 0.085448
0.542047 0.000010 0.103211 0.126857 0.019328 0.002541 0.000010 0.129592 0.076403
0.496547 0.145646 0.000010 0.000010 0.010169 0.095380 0.000010 0.252219 0.000010
0.589895 0.028013 0.000010 0.000010 0.034858 0.016903 0.000010 0.330290 0.000010
0.458044 0.000010 0.000010 0.129505 0.000010 0.000010 0.110498 0.250595 0.051318
0.464724 0.032735 0.128357 0.146501 0.052103 0.000010 0.000010 0.143161 0.032400
0.603674 0.000010 0.000010 0.000010 0.000010 0.015954 0.064721 0.315601 0.000010
0.433710 0.030740 0.101289 0.184353 0.000010 0.038479 0.015874 0.195536 0.000010
0.421663 0.073440 0.000010 0.187201 0.097466 0.000010 0.013178 0.072868 0.134164
0.497645 0.075985 0.000010 0.226678 0.062953 0.000014 0.000010 0.096906 0.039800
0.517112 0.018252 0.000010 0.000010 0.000010 0.014913 0.000010 0.362469 0.087215
0.594918 0.005365 0.000010 0.035221 0.000010 0.000010 0.079603 0.284854 0.000010
0.546171 0.000010 0.000010 0.102418 0.079191 0.000010 0.000010 0.147418 0.124762
0.391539 0.000010 0.000010 0.026891 0.022792 0.000010 0.194944 0.279792 0.084012
0.465145 0.036400 0.000010 0.191542 0.001425 0.053294 0.000010 0.252165 0.000010
0.547200 0.036673 0.014382 0.027814 0.000010 0.000010 0.000010 0.373891 0.000010
0.630126 0.108261 0.049901 0.002430 0.027244 0.000010 0.000010 0.182008 0.000010
0.485485 0.000010 0.000934 0.004435 0.106454 0.000010 0.000010 0.320939 0.081721
0.564453 0.000010 0.000010 0.095252 0.097217 0.000010 0.000010 0.231575 0.011462
0.350925 0.000010 0.084828 0.336887 0.088099 0.000010 0.000010 0.037068 0.102164
0.587910 0.096637 0.000010 0.003614 0.056820 0.004823 0.000010 0.250166 0.000010
0.649819 0.000010 0.000010 0.000010 0.000010 0.000010 0.000010 0.335578 0.014544
0.565874 0.140297 0.000012 0.005999 0.000010 0.000010 0.000010 0.278548 0.009240
0.503167 0.000010 0.000010 0.000010 0.000010 0.078851 0.024950 0.383996 0.008996
0.641943 0.000010 0.000010 0.131439 0.005804 0.000010 0.000010 0.220763 0.000010
0.353817 0.000010 0.021848 0.000010 0.128784 0.007338 0.069445 0.113400 0.305347
0.592057 0.000010 0.061301 0.066678 0.121101 0.000010 0.000010 0.158568 0.000264
0.595178 0.000010 0.050325 0.162021 0.000010 0.017221 0.000010 0.175215 0.000010
0.616045 0.000010 0.000010 0.000010 0.010565 0.000010 0.106231 0.187385 0.079734
0.653314 0.053429 0.101019 0.034459 0.132807 0.000010 0.000010 0.024942 0.000010
0.610983 0.000010 0.000548 0.020622 0.042686 0.000010 0.025919 0.292343 0.006880
0.678416 0.000010 0.000010 0.000010 0.000010 0.057278 0.001347 0.208927 0.053993
0.587895 0.000010 0.000010 0.007554 0.105111 0.000010 0.000010 0.200288 0.099111
0.466249 0.000010 0.000010 0.217631 0.000010 0.000010 0.000010 0.237664 0.078406
0.210484 0.049054 0.000010 0.000010 0.000010 0.092178 0.000010 0.094435 0.553809
0.554762 0.000010 0.015617 0.031505 0.038102 0.000010 0.112933 0.184438 0.062623
0.532771 0.000010 0.117417 0.004756 0.000010 0.000010 0.000010 0.341534 0.003482
0.506227 0.000010 0.000010 0.107150 0.039749 0.000010 0.067163 0.228251 0.051429
0.459783 0.000010 0.064119 0.000010 0.029012 0.000010 0.000010 0.184251 0.262795
0.500829 0.000010 0.082172 0.000010 0.000010 0.080464 0.011947 0.317740 0.006818
0.697274 0.000010 0.000010 0.000010 0.091810 0.000010 0.000010 0.195391 0.015475
0.820818 0.041287 0.000010 0.000010 0.025823 0.003621 0.038141 0.070279 0.000010
0.664972 0.000010 0.000010 0.000012 0.000010 0.000011 0.000010 0.093955 0.241011
0.771138 0.019790 0.066680 0.000010 0.000010 0.033586 0.064335 0.044441 0.000010
0.591346 0.000010 0.000010 0.000010 0.068111 0.000010 0.086247 0.205134 0.049122
0.440968 0.028259 0.000010 0.106547 0.000010 0.014302 0.028475 0.242925 0.138504
0.303162 0.000010 0.150985 0.006260 0.057323 0.079064 0.000010 0.403177 0.000010
0.683209 0.000010 0.000010 0.031233 0.045373 0.000010 0.000010 0.169024 0.071120
0.554295 0.062217 0.019565 0.000010 0.075366 0.000010 0.000010 0.141385 0.147142
0.668280 0.000010 0.000010 0.000010 0.000010 0.063792 0.000010 0.232548 0.035331
0.584365 0.000010 0.065674 0.004314 0.000010 0.000010 0.032883 0.241038 0.071696
0.479910 0.000010 0.003202 0.083431 0.141390 0.094972 0.000010 0.197064 0.000010
0.528206 0.000010 0.151986 0.000010 0.000010 0.062881 0.000010 0.138186 0.118701
0.686991 0.000010 0.000010 0.000010 0.000010 0.000010 0.000010 0.305481 0.007468
0.693377 0.000010 0.000010 0.083856 0.000010 0.000010 0.153357 0.069361 0.000010
0.758234 0.131452 0.069442 0.000010 0.000010 0.000010 0.040822 0.000011 0.000010
0.477922 0.000010 0.000010 0.093776 0.152652 0.094925 0.000010 0.180685 0.000010
0.447982 0.033226 0.082259 0.003067 0.024464 0.000010 0.082291 0.107495 0.219206
0.360950 0.000010 0.103324 0.015312 0.000010 0.079906 0.058933 0.162668 0.218887
0.521261 0.000010 0.000010 0.055604 0.000010 0.000010 0.049058 0.263428 0.110609
0.613202 0.000010 0.000010 0.068558 0.000010 0.000010 0.063686 0.236430 0.018085
0.511439 0.044805 0.003585 0.062795 0.118581 0.000010 0.045803 0.212973 0.000010
0.547808 0.000010 0.155258 0.008880 0.000010 0.019189 0.126146 0.065048 0.077650
0.626862 0.000010 0.014895 0.016335 0.000010 0.000010 0.000010 0.244131 0.097737
0.717970 0.000010 0.005355 0.000010 0.028648 0.000010 0.008745 0.229246 0.010006
0.522903 0.000010 0.000010 0.000010 0.206286 0.125939 0.097781 0.047050 0.000010
0.000010 0.000010 0.000010 0.000010 0.863691 0.000010 0.136239 0.000010 0.000010
0.000010 0.000010 0.000010 0.000010 0.706993 0.000010 0.292937 0.000010 0.000010
0.000010 0.000010 0.051045 0.000015 0.883792 0.000010 0.065098 0.000010 0.000010
0.000010 0.000010 0.069865 0.000010 0.724605 0.006841 0.164774 0.000010 0.033874
0.000010 0.000010 0.000010 0.000010 0.960268 0.000010 0.039662 0.000010 0.000010
0.000010 0.000010 0.037297 0.000010 0.911207 0.006068 0.045378 0.000010 0.000010
0.000010 0.023281 0.000010 0.000010 0.838742 0.000010 0.137917 0.000010 0.000010
0.669518 0.000010 0.005236 0.181065 0.029038 0.014467 0.002015 0.098641 0.000010
0.718315 0.000010 0.000010 0.106158 0.118920 0.000010 0.000010 0.056558 0.000010
0.648173 0.000011 0.000010 0.121141 0.000012 0.000010 0.032888 0.197746 0.000010
0.671598 0.000010 0.000010 0.076191 0.000010 0.000010 0.000010 0.159225 0.092937
0.649852 0.000010 0.030714 0.205236 0.093042 0.000010 0.018677 0.000010 0.002448
0.509300 0.022837 0.047560 0.334050 0.009028 0.000010 0.000010 0.077195 0.000010
0.635272 0.000010 0.045472 0.101470 0.000010 0.000010 0.053039 0.164707 0.000010
0.672646 0.000010 0.000010 0.108193 0.002153 0.000010 0.024710 0.192257 0.000010
0.393036 0.073857 0.121760 0.187228 0.000010 0.000010 0.000011 0.224077 0.000010
0.400520 0.050865 0.000010 0.280641 0.000010 0.000010 0.000010 0.267923 0.000010
0.495075 0.000010 0.000010 0.084469 0.000010 0.000010 0.000010 0.420395 0.000010
0.405650 0.000010 0.000010 0.000010 0.028747 0.000010 0.170144 0.389593 0.005827
0.428538 0.000010 0.000010 0.163901 0.000010 0.000010 0.000010 0.320479 0.087032
0.484359 0.000010 0.000010 0.161288 0.000012 0.084701 0.000010 0.269600 0.000010
0.549526 0.000010 0.000010 0.257457 0.000010 0.039219 0.052057 0.101701 0.000010
0.496550 0.013437 0.000010 0.031055 0.000010 0.118272 0.005309 0.221030 0.114328
0.588879 0.000010 0.000010 0.171941 0.000010 0.000010 0.049756 0.135899 0.053486
0.356340 0.000010 0.000010 0.128486 0.030300 0.032857 0.070384 0.241107 0.140504
0.567704 0.000010 0.000010 0.130808 0.000010 0.000010 0.087019 0.214419 0.000010
0.532038 0.000010 0.000010 0.038898 0.033012 0.028541 0.000010 0.274944 0.092537
0.729576 0.000010 0.000010 0.000010 0.000010 0.016997 0.000010 0.033573 0.219803
0.649207 0.042278 0.030657 0.080591 0.125315 0.026566 0.000011 0.045366 0.000010
0.426160 0.000010 0.000010 0.157724 0.073235 0.084256 0.000010 0.258585 0.000010
0.621425 0.000010 0.000010 0.016400 0.000010 0.000010 0.000010 0.290231 0.071894
0.377634 0.018574 0.000010 0.331220 0.000010 0.044539 0.000010 0.184539 0.043465
0.520414 0.000010 0.000010 0.036354 0.000010 0.000010 0.000010 0.374271 0.068912
0.478031 0.000010 0.000010 0.178468 0.000010 0.000010 0.000010 0.233483 0.109968
0.496055 0.000010 0.002403 0.000010 0.000010 0.000010 0.000010 0.315856 0.185636
0.523466 0.000010 0.000010 0.040889 0.000010 0.031823 0.000010 0.262697 0.141085
0.492419 0.000010 0.000010 0.000010 0.036607 0.000010 0.014140 0.444739 0.012055
0.551931 0.000010 0.010861 0.107683 0.053827 0.000010 0.000010 0.275657 0.000010
0.427307 0.000010 0.000010 0.000010 0.209032 0.021589 0.000010 0.342023 0.000010
0.481643 0.000010 0.000010 0.112039 0.000010 0.046677 0.087000 0.204152 0.068459
0.392120 0.000010 0.068010 0.041377 0.122417 0.000010 0.017331 0.224501 0.134225
0.517786 0.005538 0.068187 0.112405 0.000010 0.000010 0.000010 0.194609 0.101446
0.000010 0.800466 0.109699 0.000010 0.000010 0.000010 0.000010 0.087630 0.002155
0.112473 0.709853 0.000010 0.000010 0.000010 0.000010 0.177614 0.000010 0.000010
0.000010 0.934480 0.013050 0.052410 0.000010 0.000010 0.000010 0.000010 0.000010
0.000010 0.945498 0.000010 0.000010 0.000010 0.000010 0.054432 0.000010 0.000010
0.000010 0.000010 0.560028 0.000010 0.108270 0.000011 0.257308 0.074343 0.000010
0.000010 0.070715 0.468849 0.000010 0.161507 0.000010 0.298878 0.000010 0.000010
0.000010 0.000010 0.676742 0.000010 0.000010 0.000010 0.323188 0.000010 0.000010
0.000011 0.000010 0.533003 0.000010 0.000010 0.000010 0.371078 0.047371 0.048498
0.177153 0.000010 0.419117 0.062167 0.049982 0.025373 0.266176 0.000010 0.000010
0.000010 0.000010 0.496021 0.029422 0.103944 0.000010 0.289055 0.008374 0.073154
0.000010 0.037322 0.458954 0.013910 0.152236 0.050448 0.260834 0.026278 0.000010
0.000010 0.034875 0.485087 0.000010 0.008227 0.000010 0.362813 0.008028 0.100939
0.000010 0.104838 0.512559 0.063792 0.000010 0.006063 0.312708 0.000010 0.000010
0.000010 0.020496 0.749524 0.000010 0.000010 0.000010 0.219193 0.000010 0.010736
0.566667 0.070794 0.000010 0.000010 0.038912 0.016031 0.000010 0.273560 0.034006
0.506349 0.046519 0.000010 0.197001 0.048254 0.000010 0.081486 0.120361 0.000010
0.510323 0.119386 0.008538 0.109513 0.080607 0.000010 0.000010 0.118477 0.053136
0.661980 0.000010 0.000010 0.000010 0.000010 0.000010 0.000010 0.255106 0.082853
0.175499 0.000010 0.000010 0.350114 0.016439 0.000010 0.004943 0.293726 0.159249
0.423664 0.000010 0.000010 0.111248 0.117002 0.027721 0.023447 0.246665 0.050233
0.549931 0.000010 0.000010 0.006831 0.087346 0.000010 0.000010 0.253260 0.102592
0.337736 0.000010 0.000010 0.088601 0.074930 0.000010 0.104012 0.342894 0.051796
0.334696 0.127011 0.000010 0.080115 0.036422 0.000010 0.000010 0.183852 0.237874
0.565776 0.032195 0.000010 0.000010 0.000010 0.000010 0.000010 0.307866 0.094113
0.696414 0.093401 0.004747 0.000010 0.030344 0.000010 0.000010 0.159822 0.015242
0.633789 0.007968 0.000010 0.000010 0.118413 0.000010 0.035200 0.204590 0.000010
0.396858 0.000010 0.000011 0.121393 0.000010 0.103560 0.032330 0.345817 0.000010
0.461667 0.010748 0.033080 0.000010 0.133551 0.000010 0.000010 0.311120 0.049803
0.563571 0.000010 0.000010 0.084371 0.050808 0.017584 0.000010 0.283627 0.000010
0.463533 0.056136 0.000010 0.000010 0.000010 0.088876 0.026651 0.293942 0.070832
0.637998 0.000010 0.162975 0.000010 0.000010 0.000010 0.000010 0.185034 0.013943
0.526745 0.000010 0.000010 0.030382 0.000010 0.003175 0.000010 0.373905 0.065754
0.452363 0.000010 0.007668 0.000012 0.000010 0.000010 0.000010 0.260158 0.279759
0.484364 0.000010 0.000010 0.000010 0.000010 0.000010 0.000010 0.130821 0.384755
0.487075 0.016550 0.224960 0.000010 0.049865 0.000010 0.000010 0.221509 0.000010
0.020539 0.000010 0.503903 0.000010 0.211753 0.017891 0.245874 0.000010 0.000010
0.000010 0.000010 0.578762 0.000010 0.000010 0.000010 0.421168 0.000010 0.000010
0.000010 0.094464 0.737816 0.000010 0.000010 0.000010 0.167660 0.000010 0.000010
0.000010 0.038500 0.676659 0.000010 0.000010 0.000010 0.281690 0.003101 0.000010
0.000010 0.140580 0.534240 0.000010 0.025172 0.000010 0.275739 0.024229 0.000010
0.000010 0.041250 0.582266 0.000010 0.000010 0.000010 0.376424 0.000010 0.000010
0.000010 0.000010 0.566118 0.000010 0.000010 0.000010 0.433812 0.000010 0.000010
0.000010 0.117727 0.558175 0.000010 0.033806 0.000010 0.281819 0.000010 0.008434
0.000010 0.083304 0.709537 0.044317 0.000010 0.000010 0.162792 0.000010 0.000010
0.000014 0.113756 0.473236 0.038946 0.000010 0.000010 0.374008 0.000010 0.000010
0.000010 0.016730 0.640415 0.015112 0.016062 0.000010 0.311642 0.000010 0.000010
0.000010 0.000555 0.807234 0.000010 0.005764 0.000010 0.186397 0.000010 0.000010
0.000010 0.000010 0.613911 0.000010 0.000010 0.000010 0.386019 0.000010 0.000010
0.000010 0.000010 0.629015 0.000010 0.000010 0.000010 0.370915 0.000010 0.000010
0.000010 0.000010 0.669953 0.000010 0.054851 0.000010 0.180727 0.094419 0.000010
0.000010 0.082982 0.555974 0.000010 0.000010 0.000010 0.360984 0.000010 0.000010
0.000010 0.000010 0.652823 0.000010 0.000010 0.000010 0.347107 0.000010 0.000010
0.083407 0.000010 0.744356 0.000010 0.002184 0.000010 0.170003 0.000010 0.000010
0.000010 0.139488 0.547621 0.000010 0.125467 0.000010 0.187373 0.000010 0.000010
0.000010 0.067373 0.706227 0.063734 0.061766 0.000010 0.100861 0.000010 0.000010
0.000010 0.000010 0.508372 0.000010 0.000010 0.000010 0.447215 0.044353 0.000010
0.000010 0.027954 0.741708 0.012410 0.000010 0.000010 0.211845 0.000010 0.006043
0.031996 0.160747 0.575765 0.000010 0.000010 0.048306 0.183146 0.000010 0.000010
0.005826 0.057158 0.635997 0.069075 0.000010 0.000010 0.231903 0.000010 0.000010
0.000010 0.076947 0.592055 0.083876 0.000010 0.000010 0.247072 0.000010 0.000010
0.000010 0.000010 0.800849 0.045450 0.000010 0.000010 0.153642 0.000010 0.000010
0.000010 0.020760 0.512171 0.000010 0.012998 0.000010 0.454021 0.000010 0.000010
0.000010 0.000010 0.633704 0.000010 0.000010 0.000010 0.366226 0.000010 0.000010
0.000010 0.008077 0.676967 0.000010 0.010785 0.000010 0.304122 0.000010 0.000010
0.016610 0.018794 0.551629 0.084961 0.000010 0.000010 0.327965 0.000010 0.000010
0.000010 0.000010 0.734769 0.000010 0.000010 0.000010 0.265161 0.000010 0.000010
0.000010 0.184478 0.588459 0.000010 0.000010 0.000010 0.227003 0.000010 0.000010
0.000010 0.000010 0.646678 0.000010 0.000010 0.000010 0.353252 0.000010 0.000010
0.000010 0.000010 0.462581 0.000010 0.000010 0.000010 0.498928 0.000010 0.038431
0.000010 0.134461 0.508590 0.049528 0.000010 0.000010 0.307371 0.000011 0.000010
0.000010 0.000010 0.408692 0.000010 0.000010 0.117739 0.473509 0.000010 0.000010
0.025764 0.027726 0.675712 0.000010 0.000010 0.000010 0.270748 0.000010 0.000010
0.000010 0.000010 0.487331 0.000010 0.106224 0.000010 0.406385 0.000010 0.000010
0.000010 0.000010 0.659463 0.020016 0.000010 0.000010 0.320104 0.000367 0.000010
0.000010 0.000010 0.000010 0.000010 0.797870 0.000010 0.202060 0.000010 0.000010
0.000010 0.000010 0.001933 0.000010 0.919177 0.000010 0.078831 0.000010 0.000010
0.031456 0.010502 0.759640 0.000010 0.000010 0.000010 0.198353 0.000010 0.000010
0.000010 0.010634 0.715233 0.000010 0.000010 0.000136 0.273947 0.000010 0.000010
0.229386 0.107927 0.000010 0.351619 0.071140 0.000010 0.113627 0.111634 0.014647
0.635526 0.007969 0.000010 0.263759 0.000010 0.009997 0.000010 0.082708 0.000010
0.261182 0.000010 0.154783 0.347436 0.082302 0.000010 0.000010 0.146005 0.008262
0.277250 0.000010 0.000010 0.600999 0.000010 0.000010 0.000010 0.121691 0.000010
0.341480 0.000010 0.187851 0.253003 0.053551 0.000010 0.000010 0.149791 0.014294
0.310392 0.000010 0.100542 0.416052 0.000010 0.017489 0.000010 0.047787 0.107707
0.551759 0.002350 0.000010 0.317775 0.000010 0.000010 0.000010 0.117358 0.010718
0.248819 0.000010 0.000010 0.415492 0.000010 0.000010 0.188610 0.147029 0.000010
0.413353 0.011142 0.001227 0.223997 0.000010 0.000010 0.008358 0.341894 0.000010
0.457582 0.097909 0.000010 0.295132 0.061794 0.000010 0.000010 0.087544 0.000010
0.178357 0.000010 0.000010 0.657717 0.000010 0.000010 0.029870 0.134006 0.000010
0.405812 0.074716 0.000010 0.386105 0.000010 0.000010 0.000010 0.133317 0.000010
0.347823 0.067297 0.000010 0.290974 0.088966 0.000010 0.000010 0.204900 0.000010
0.000010 0.175917 0.538944 0.017989 0.000010 0.000010 0.149054 0.118056 0.000010
0.000010 0.052295 0.423642 0.122925 0.000010 0.000010 0.382643 0.018455 0.000010
0.000010 0.000010 0.550412 0.000010 0.047055 0.000010 0.400590 0.000010 0.001893
0.000010 0.000010 0.607419 0.000010 0.077840 0.000010 0.303980 0.000010 0.010712
0.000010 0.117823 0.683917 0.000010 0.000010 0.000010 0.198200 0.000010 0.000010
0.042416 0.000010 0.613211 0.000010 0.008031 0.000010 0.307694 0.028608 0.000010
0.000010 0.000010 0.635910 0.023572 0.000010 0.012939 0.327528 0.000010 0.000010
0.000010 0.009042 0.583362 0.000011 0.000010 0.000010 0.407535 0.000010 0.000010
0.000010 0.015110 0.596519 0.000010 0.000010 0.000010 0.388311 0.000010 0.000010
0.000010 0.000010 0.614596 0.000010 0.069935 0.000010 0.315409 0.000010 0.000010
0.000010 0.000010 0.680873 0.000010 0.014920 0.000010 0.304147 0.000010 0.000010
0.000010 0.000010 0.820341 0.000010 0.000010 0.000010 0.179589 0.000010 0.000010
