0.202350 0.029650 0.000012 0.129970 0.013042 0.000010 0.158258 0.466699 0.000010
0.397477 0.120802 0.000010 0.010650 0.067517 0.000010 0.100204 0.303320 0.000010
0.243583 0.000010 0.000010 0.025193 0.070338 0.000690 0.202559 0.457606 0.000010
0.320339 0.000010 0.000010 0.018952 0.000010 0.000010 0.000010 0.659962 0.000697
0.176164 0.000010 0.075267 0.269919 0.128340 0.000010 0.066465 0.283816 0.000010
0.298322 0.000010 0.210067 0.143269 0.000010 0.078834 0.000010 0.269468 0.000010
0.348796 0.000010 0.107052 0.000010 0.000010 0.075045 0.000010 0.469057 0.000010
0.339202 0.000010 0.096036 0.000010 0.000010 0.012731 0.000010 0.544509 0.007482
0.382024 0.033779 0.025172 0.168975 0.000010 0.021812 0.000010 0.354657 0.013560
0.366785 0.046308 0.000010 0.087378 0.000010 0.002818 0.000010 0.496671 0.000010
0.305429 0.032892 0.086181 0.000010 0.000010 0.000010 0.145180 0.430278 0.000010
0.120590 0.077647 0.000010 0.205890 0.000010 0.000010 0.111519 0.398903 0.085421
0.214237 0.034045 0.000010 0.000010 0.014771 0.000010 0.113679 0.623228 0.000010
0.363951 0.000010 0.113365 0.099485 0.001050 0.000010 0.038599 0.356735 0.026795
0.156592 0.022773 0.000010 0.172461 0.066943 0.000010 0.165290 0.415910 0.000010
0.324369 0.138162 0.000010 0.064406 0.000010 0.085211 0.000010 0.387812 0.000010
0.077183 0.000010 0.000010 0.155844 0.000010 0.000010 0.157816 0.593402 0.015714
0.293114 0.000010 0.000010 0.000010 0.000010 0.001146 0.000010 0.614352 0.091338
0.274677 0.000010 0.000010 0.096536 0.000010 0.049252 0.054494 0.525002 0.000010
0.309155 0.014828 0.023680 0.211482 0.000010 0.012731 0.025427 0.334418 0.068269
0.171464 0.077306 0.000010 0.000010 0.044477 0.087774 0.143681 0.475267 0.000010
0.100722 0.154434 0.000010 0.188868 0.000010 0.000010 0.000010 0.555926 0.000010
0.354289 0.000010 0.039954 0.107702 0.000010 0.063484 0.000010 0.225770 0.208772
0.305526 0.090932 0.073673 0.000010 0.045327 0.000010 0.000010 0.484501 0.000010
0.126337 0.000010 0.107626 0.426626 0.000010 0.000010 0.000010 0.339361 0.000010
0.429923 0.000010 0.000010 0.079729 0.000010 0.000010 0.000010 0.490288 0.000010
0.166010 0.000010 0.000010 0.272469 0.032869 0.000010 0.043565 0.334169 0.150888
0.158498 0.000010 0.011854 0.000010 0.000010 0.000010 0.239521 0.490573 0.099515
0.134753 0.043176 0.000010 0.189365 0.000010 0.000010 0.127970 0.504695 0.000010
0.235412 0.080604 0.000010 0.000010 0.067489 0.000010 0.012510 0.603945 0.000010
0.416247 0.011573 0.000010 0.000010 0.000010 0.021797 0.157361 0.381304 0.011688
0.156591 0.037170 0.000010 0.028483 0.000010 0.000010 0.198372 0.515358 0.063996
0.371788 0.030095 0.000010 0.134286 0.013241 0.076784 0.000010 0.373777 0.000010
0.455199 0.058305 0.000010 0.034754 0.000010 0.006201 0.002390 0.397707 0.045425
0.000010 0.000011 0.166620 0.040677 0.031431 0.000010 0.165189 0.596042 0.000010
0.216519 0.012822 0.148890 0.064205 0.000010 0.033585 0.034089 0.472001 0.017879
0.209909 0.075886 0.122414 0.140191 0.000010 0.000010 0.026154 0.340925 0.084502
0.231875 0.086837 0.047277 0.047829 0.021890 0.128010 0.004034 0.343991 0.088258
0.034088 0.000010 0.046165 0.191906 0.091084 0.000010 0.173817 0.393971 0.068949
0.224459 0.000010 0.000010 0.036609 0.000010 0.000010 0.168655 0.518027 0.052210
0.168234 0.001814 0.002037 0.282492 0.040435 0.078081 0.116006 0.307007 0.003895
0.282025 0.000010 0.000010 0.100982 0.000010 0.000010 0.224437 0.392506 0.000010
0.323647 0.057217 0.000010 0.055272 0.100895 0.000010 0.145579 0.317361 0.000010
0.153945 0.116633 0.000010 0.108327 0.043816 0.049032 0.159217 0.369009 0.000010
0.413304 0.000010 0.071506 0.098187 0.000010 0.000010 0.000010 0.416952 0.000010
0.033966 0.000010 0.190111 0.000010 0.000010 0.000010 0.089377 0.509183 0.177322
0.000010 0.052541 0.000010 0.000010 0.000010 0.120605 0.088138 0.519660 0.219016
0.205852 0.000010 0.044859 0.101790 0.093902 0.000010 0.155895 0.397672 0.000010
0.343547 0.192893 0.140567 0.209226 0.000010 0.000010 0.113716 0.000020 0.000010
0.099065 0.000010 0.355305 0.147048 0.016619 0.024601 0.033382 0.323961 0.000010
0.182456 0.037355 0.340662 0.083698 0.149752 0.000010 0.003545 0.202513 0.000010
0.238045 0.000010 0.000010 0.141788 0.000010 0.000010 0.275772 0.344346 0.000010
0.151061 0.000010 0.270806 0.023038 0.087829 0.078893 0.137726 0.250626 0.000010
0.039104 0.063796 0.349956 0.116428 0.045775 0.000010 0.152161 0.232761 0.000010
0.124090 0.045033 0.428456 0.013402 0.109545 0.000010 0.203189 0.076266 0.000010
0.223005 0.114398 0.390804 0.024015 0.000010 0.061033 0.164812 0.021912 0.000010
0.000013 0.000010 0.528647 0.152904 0.202129 0.000010 0.074812 0.041465 0.000010
0.205383 0.162196 0.276150 0.104094 0.063044 0.000010 0.001521 0.187591 0.000010
0.103879 0.154300 0.492045 0.085644 0.000010 0.000010 0.113780 0.000010 0.050322
0.000010 0.104370 0.197703 0.133362 0.025689 0.000010 0.091432 0.447415 0.000010
0.000010 0.159389 0.495395 0.090000 0.001049 0.068083 0.077395 0.108669 0.000010
0.072157 0.000010 0.264690 0.099491 0.000010 0.009670 0.291298 0.236341 0.026332
0.426045 0.055434 0.198331 0.000010 0.000010 0.000010 0.056932 0.185067 0.078162
0.174350 0.056415 0.456585 0.000011 0.116739 0.063332 0.000010 0.132547 0.000010
0.335465 0.000010 0.442747 0.117988 0.081503 0.000010 0.022253 0.000013 0.000010
0.286127 0.000010 0.350266 0.149237 0.037241 0.000010 0.035730 0.141368 0.000010
0.000010 0.000010 0.697627 0.054202 0.000010 0.000010 0.142423 0.017604 0.088104
0.013553 0.076636 0.447296 0.059317 0.065349 0.041602 0.117994 0.156958 0.021294
0.323583 0.049569 0.044453 0.081822 0.144175 0.000010 0.000010 0.356367 0.000010
0.311549 0.044404 0.000010 0.109533 0.000010 0.000010 0.139944 0.394531 0.000010
0.237119 0.154305 0.054068 0.010015 0.000010 0.060991 0.000010 0.155704 0.327778
0.245453 0.000010 0.000010 0.000010 0.016202 0.057241 0.000010 0.616601 0.064463
0.265288 0.054869 0.000010 0.000010 0.000010 0.000010 0.240956 0.430421 0.008425
0.395872 0.000010 0.000010 0.227490 0.000010 0.077616 0.000010 0.298973 0.000010
0.305923 0.044659 0.117603 0.000010 0.000010 0.042397 0.000010 0.489378 0.000010
0.371945 0.000010 0.049545 0.000010 0.000010 0.000010 0.098103 0.480356 0.000010
0.467806 0.000010 0.000010 0.000010 0.000010 0.000010 0.137252 0.394882 0.000010
0.224945 0.000010 0.000010 0.125377 0.000010 0.000010 0.000010 0.649618 0.000010
0.106392 0.035187 0.000010 0.000010 0.000010 0.000010 0.119120 0.442258 0.297004
0.457208 0.175359 0.000010 0.066887 0.004725 0.054105 0.000010 0.125935 0.115761
0.159567 0.000010 0.000010 0.000010 0.000010 0.000010 0.213003 0.503846 0.123534
0.100624 0.102681 0.000010 0.003230 0.031857 0.000010 0.168674 0.576762 0.016153
0.441850 0.166626 0.003147 0.000010 0.000010 0.025982 0.094924 0.110657 0.156795
0.109225 0.000014 0.051107 0.167666 0.000010 0.100475 0.157297 0.249020 0.165186
0.446685 0.000010 0.000010 0.086231 0.000010 0.030009 0.036136 0.389044 0.011865
0.214496 0.000010 0.000010 0.018442 0.000010 0.000010 0.207030 0.559982 0.000010
0.188762 0.000010 0.000010 0.032645 0.018482 0.000010 0.205687 0.289382 0.265013
0.316748 0.008062 0.000010 0.084912 0.000010 0.072254 0.000010 0.517983 0.000010
0.184079 0.000010 0.000010 0.081172 0.000010 0.000010 0.140921 0.560169 0.033618
0.368859 0.000010 0.053867 0.136937 0.000010 0.000010 0.082312 0.357985 0.000010
0.368117 0.013615 0.134728 0.033976 0.016281 0.000010 0.030336 0.402927 0.000010
0.426220 0.000010 0.107450 0.000010 0.000010 0.000010 0.015316 0.450097 0.000877
0.279265 0.000010 0.000010 0.000010 0.000010 0.000010 0.204351 0.481367 0.034967
0.414632 0.015307 0.144896 0.000010 0.000010 0.000010 0.000010 0.382598 0.042528
0.224174 0.024763 0.087967 0.024118 0.077557 0.015865 0.034057 0.511488 0.000010
0.238252 0.000010 0.000267 0.000010 0.000010 0.000010 0.181080 0.580351 0.000010
0.100543 0.045060 0.049572 0.122987 0.000010 0.002864 0.112551 0.528677 0.037737
0.339056 0.051685 0.095554 0.058271 0.025438 0.000010 0.052607 0.362794 0.014585
0.168847 0.036503 0.107583 0.000010 0.000010 0.066526 0.067443 0.553069 0.000010
0.000010 0.067307 0.001396 0.007240 0.067374 0.000010 0.186613 0.670041 0.000010
0.339893 0.000418 0.018278 0.000010 0.000010 0.002365 0.182720 0.347623 0.108683
0.000010 0.070825 0.000010 0.000010 0.001487 0.034433 0.114585 0.186230 0.592409
0.270620 0.142071 0.000010 0.145161 0.000010 0.015217 0.108771 0.255805 0.062335
0.303488 0.000010 0.016432 0.161061 0.000010 0.014526 0.127081 0.377383 0.000010
0.232048 0.000010 0.000010 0.000010 0.087228 0.020603 0.051436 0.608646 0.000010
0.110946 0.000010 0.138185 0.000010 0.016839 0.033417 0.224342 0.476241 0.000010
0.265907 0.000010 0.177644 0.091683 0.000010 0.000010 0.000010 0.464716 0.000010
0.014948 0.007327 0.066122 0.176820 0.000010 0.067024 0.137656 0.530083 0.000010
0.173750 0.000010 0.168205 0.068973 0.010802 0.000010 0.104522 0.473717 0.000010
0.000010 0.044877 0.030920 0.097022 0.000010 0.095445 0.286194 0.445512 0.000010
0.123112 0.000010 0.000010 0.171475 0.007870 0.000010 0.287708 0.409795 0.000010
0.221857 0.000010 0.081607 0.000010 0.000010 0.000010 0.075451 0.621035 0.000010
0.224066 0.000010 0.000010 0.128937 0.043988 0.000010 0.201453 0.401516 0.000010
0.184456 0.000010 0.125146 0.000010 0.065836 0.000010 0.022246 0.537505 0.064782
0.221296 0.000010 0.000010 0.027800 0.000010 0.035567 0.140420 0.574876 0.000010
0.267063 0.157515 0.000011 0.049242 0.000010 0.000010 0.142024 0.384115 0.000010
0.344265 0.000010 0.000010 0.071832 0.000010 0.109313 0.133278 0.341273 0.000010
0.326780 0.019690 0.000010 0.000010 0.113134 0.000010 0.139842 0.400514 0.000010
0.366944 0.000010 0.000010 0.161621 0.000010 0.000683 0.000010 0.470703 0.000010
0.289662 0.000010 0.000010 0.032615 0.000014 0.000010 0.271071 0.406597 0.000010
0.353165 0.003841 0.056271 0.100358 0.000010 0.000010 0.093605 0.276593 0.116148
0.170349 0.000010 0.007941 0.144454 0.000010 0.135344 0.209924 0.331958 0.000010
0.470249 0.033739 0.087680 0.000010 0.055813 0.013093 0.032850 0.289485 0.017082
0.106313 0.066328 0.081298 0.000010 0.109685 0.000010 0.168576 0.406308 0.061472
0.191968 0.099828 0.012201 0.049790 0.000010 0.107610 0.148338 0.390246 0.000010
0.264284 0.023202 0.000010 0.118804 0.159806 0.000010 0.024378 0.409496 0.000010
0.231303 0.000010 0.000010 0.095976 0.000010 0.000010 0.093915 0.509372 0.069394
0.274440 0.000010 0.209129 0.000010 0.078695 0.011315 0.071184 0.349889 0.005328
0.258952 0.151995 0.000010 0.088473 0.054142 0.024044 0.000010 0.403392 0.018982
0.000010 0.072651 0.038950 0.000010 0.113423 0.000010 0.224401 0.524497 0.026049
0.219564 0.136122 0.000010 0.000010 0.085977 0.000010 0.125356 0.432940 0.000010
0.105303 0.092050 0.000010 0.000010 0.057945 0.000010 0.210749 0.533912 0.000010
0.324634 0.174966 0.045711 0.000010 0.000010 0.021690 0.000010 0.429997 0.002972
0.095760 0.064572 0.066997 0.144747 0.062819 0.000010 0.140221 0.392675 0.032199
0.194534 0.002119 0.000010 0.199427 0.000010 0.000010 0.230955 0.306942 0.065993
0.307091 0.000010 0.000010 0.149747 0.000010 0.000010 0.047289 0.495823 0.000010
0.272912 0.158439 0.000010 0.138321 0.006763 0.000010 0.028502 0.388762 0.006281
0.295351 0.000010 0.130794 0.009581 0.000010 0.000010 0.000010 0.564224 0.000010
0.170460 0.004426 0.000010 0.085641 0.000010 0.047487 0.122266 0.468716 0.100984
0.000010 0.063675 0.000010 0.150698 0.063854 0.000010 0.065592 0.558429 0.097722
0.016301 0.102945 0.000010 0.171952 0.000010 0.000010 0.130498 0.543166 0.035108
0.226437 0.079501 0.034869 0.058559 0.024496 0.000010 0.181375 0.331090 0.063663
0.177896 0.043927 0.131230 0.004536 0.000010 0.085221 0.161493 0.355069 0.040617
0.160158 0.000010 0.000010 0.356798 0.000010 0.000010 0.088326 0.394668 0.000010
0.071494 0.047227 0.000010 0.174695 0.000010 0.000010 0.209554 0.496989 0.000010
0.202577 0.062646 0.029329 0.000010 0.000010 0.000010 0.202507 0.502901 0.000010
0.185751 0.002106 0.069772 0.161009 0.000010 0.000010 0.114069 0.467264 0.000010
0.140229 0.082879 0.000010 0.093675 0.089438 0.000010 0.108416 0.459591 0.025753
0.098401 0.072684 0.000010 0.110406 0.000010 0.000010 0.107220 0.551994 0.059264
0.321344 0.000010 0.074054 0.139270 0.000010 0.000010 0.000010 0.409144 0.056148
0.407312 0.000010 0.037446 0.123977 0.000010 0.000010 0.000010 0.431215 0.000010
0.364756 0.110851 0.000010 0.072129 0.000010 0.000010 0.000010 0.452214 0.000010
0.130675 0.000010 0.000010 0.142500 0.000010 0.000010 0.187188 0.539587 0.000010
0.033785 0.075876 0.106148 0.108418 0.035281 0.000010 0.076946 0.563525 0.000010
0.166604 0.012180 0.140479 0.172030 0.000010 0.000010 0.096238 0.412439 0.000010
0.108588 0.099325 0.000010 0.316168 0.000010 0.000010 0.182507 0.293372 0.000010
0.233799 0.113198 0.000010 0.116657 0.005680 0.000010 0.055512 0.386047 0.089086
0.162436 0.000010 0.051595 0.154373 0.061517 0.025109 0.031644 0.513308 0.000010
0.252250 0.000010 0.127038 0.070946 0.000010 0.006121 0.180978 0.362637 0.000010
0.178826 0.025770 0.129538 0.070327 0.000010 0.000010 0.050539 0.544969 0.000010
0.206535 0.000010 0.000010 0.158581 0.000010 0.000010 0.099074 0.535759 0.000010
0.036224 0.000010 0.000010 0.413976 0.000010 0.000010 0.006882 0.450878 0.092000
0.312552 0.084727 0.000010 0.024544 0.079620 0.000010 0.106859 0.391668 0.000010
0.013969 0.000010 0.084175 0.162393 0.000010 0.008924 0.261213 0.469298 0.000010
0.201510 0.033444 0.317211 0.007523 0.133125 0.000010 0.048301 0.195938 0.062938
0.000010 0.062619 0.255751 0.000010 0.103629 0.046870 0.210413 0.320688 0.000010
0.093789 0.182329 0.098646 0.125054 0.000010 0.000010 0.066956 0.433196 0.000010
0.174994 0.000010 0.000010 0.053651 0.087452 0.000010 0.268489 0.407100 0.008284
0.000010 0.000010 0.319145 0.055540 0.055333 0.000010 0.204149 0.365793 0.000010
0.222811 0.044188 0.199003 0.000016 0.000010 0.000010 0.124401 0.409551 0.000010
0.136140 0.077726 0.272078 0.002717 0.000010 0.000010 0.053429 0.457880 0.000010
0.093716 0.010338 0.372909 0.013136 0.000010 0.082171 0.163732 0.263979 0.000010
0.165619 0.000010 0.198177 0.000010 0.302893 0.031499 0.129382 0.172399 0.000010
0.107829 0.046696 0.025760 0.182934 0.000010 0.000010 0.227591 0.409160 0.000010
0.066626 0.077571 0.185247 0.103212 0.153208 0.000010 0.000010 0.318949 0.095168
0.022378 0.000010 0.039219 0.310576 0.108322 0.000010 0.088686 0.430789 0.000010
0.172554 0.106877 0.113438 0.011803 0.000010 0.016577 0.100924 0.364447 0.113371
0.135824 0.070114 0.146491 0.000010 0.000010 0.082652 0.197263 0.367625 0.000010
0.000010 0.000019 0.547138 0.091005 0.000010 0.047705 0.195809 0.118294 0.000010
0.236737 0.000010 0.348896 0.000010 0.016661 0.000010 0.114780 0.282887 0.000010
0.164439 0.076862 0.196412 0.000010 0.040529 0.017483 0.033352 0.414953 0.055960
0.229314 0.046467 0.239626 0.000010 0.000013 0.028054 0.000010 0.456497 0.000010
0.047519 0.079293 0.159734 0.120728 0.000010 0.019474 0.293584 0.279648 0.000010
0.272623 0.096158 0.000010 0.021453 0.069223 0.000010 0.033840 0.506672 0.000010
0.048564 0.000010 0.297252 0.083050 0.076721 0.000010 0.139904 0.354479 0.000010
0.060097 0.041419 0.280208 0.046987 0.118655 0.069133 0.202053 0.160202 0.021246
0.213149 0.086208 0.242984 0.081938 0.080520 0.000010 0.168210 0.126972 0.000010
0.023727 0.000010 0.000010 0.003424 0.000010 0.287137 0.000010 0.000010 0.685663
0.000010 0.008559 0.000010 0.000010 0.037025 0.229992 0.000010 0.020307 0.704077
0.000010 0.000010 0.018377 0.000010 0.000010 0.444618 0.000010 0.016519 0.520436
0.020114 0.000010 0.000010 0.000010 0.012984 0.414762 0.000010 0.000010 0.552091
0.000010 0.019751 0.000010 0.000010 0.000010 0.450811 0.000010 0.000010 0.529379
0.000010 0.000010 0.000010 0.000010 0.000010 0.389322 0.000010 0.034380 0.576238
0.056156 0.029640 0.000010 0.000013 0.000010 0.463318 0.000010 0.000010 0.450832
0.000010 0.000010 0.000010 0.033746 0.000010 0.165318 0.000010 0.000010 0.800876
0.000010 0.000010 0.011026 0.000010 0.000010 0.382992 0.000010 0.084014 0.521918
0.000010 0.000010 0.009130 0.000010 0.000010 0.435164 0.000010 0.009726 0.545930
0.000010 0.000010 0.000010 0.000010 0.000010 0.295877 0.000010 0.000010 0.704053
0.000010 0.000010 0.000010 0.011375 0.000010 0.292237 0.000010 0.000010 0.696328
0.000010 0.000010 0.000010 0.000010 0.000010 0.330521 0.000010 0.002895 0.666525
0.000010 0.000010 0.000010 0.007980 0.000010 0.445522 0.000010 0.000010 0.546438
0.033521 0.000010 0.000010 0.000010 0.008762 0.488082 0.012164 0.038957 0.418483
0.000010 0.000010 0.001956 0.015986 0.000010 0.290977 0.002048 0.003706 0.685298
0.000010 0.000010 0.041557 0.000010 0.000010 0.602562 0.000010 0.000010 0.355821
0.000010 0.005562 0.018608 0.000010 0.000010 0.513146 0.000010 0.001717 0.460927
0.000010 0.000010 0.091083 0.000010 0.000010 0.422595 0.000417 0.049761 0.436104
0.000010 0.000010 0.000010 0.000010 0.000010 0.368916 0.000010 0.000010 0.631014
0.000010 0.006794 0.000010 0.000010 0.000011 0.265973 0.000010 0.113047 0.614135
0.000010 0.022057 0.000010 0.000010 0.000010 0.426638 0.000010 0.000010 0.551245
0.000010 0.000010 0.000010 0.000010 0.000010 0.265716 0.000010 0.000010 0.734214
0.000010 0.040259 0.000010 0.028279 0.000010 0.254270 0.000010 0.003727 0.673425
0.000010 0.026429 0.000010 0.000010 0.000010 0.354482 0.000010 0.000010 0.619030
0.000010 0.000010 0.000010 0.010653 0.000010 0.352257 0.000010 0.000010 0.637030
0.000010 0.114604 0.000010 0.000010 0.000010 0.179366 0.000010 0.029823 0.676157
0.000010 0.000010 0.000010 0.000010 0.000010 0.422285 0.000010 0.000010 0.577645
0.000010 0.000010 0.000010 0.044583 0.884026 0.015296 0.056045 0.000010 0.000010
0.288493 0.056481 0.000010 0.183073 0.093761 0.000010 0.062921 0.185502 0.129750
0.298345 0.145907 0.061950 0.480985 0.000010 0.010885 0.000010 0.001898 0.000010
0.342735 0.085464 0.000010 0.409854 0.000010 0.000010 0.004828 0.076759 0.080331
0.593073 0.000010 0.000010 0.105830 0.000010 0.037442 0.000010 0.263605 0.000010
0.261024 0.092736 0.028449 0.524994 0.092758 0.000010 0.000010 0.000010 0.000010
0.312628 0.000010 0.000010 0.487414 0.000010 0.000010 0.000010 0.199898 0.000010
0.612100 0.000010 0.011951 0.223004 0.000010 0.045381 0.000010 0.107524 0.000010
0.436972 0.000011 0.000010 0.342415 0.094367 0.014635 0.011561 0.100018 0.000010
0.270782 0.017284 0.074946 0.461426 0.000010 0.000010 0.009030 0.166502 0.000010
0.422936 0.014340 0.042564 0.304362 0.000010 0.000010 0.021390 0.194379 0.000010
0.508615 0.139830 0.000010 0.229697 0.075832 0.000010 0.000010 0.000010 0.045986
0.280286 0.022486 0.000010 0.222328 0.000010 0.005845 0.000010 0.469015 0.000010
0.373108 0.079600 0.000010 0.279544 0.033669 0.000010 0.001571 0.210314 0.022175
0.235311 0.074707 0.076868 0.441966 0.068045 0.091389 0.000010 0.000010 0.011694
0.514528 0.000010 0.000010 0.282875 0.000010 0.011853 0.036188 0.154515 0.000010
0.524193 0.000010 0.000010 0.151174 0.000010 0.071526 0.000014 0.253053 0.000010
0.062996 0.027677 0.000010 0.304543 0.000011 0.000010 0.138428 0.466314 0.000010
0.406136 0.053121 0.000010 0.070596 0.000010 0.000010 0.188541 0.232185 0.049391
0.292288 0.000010 0.072343 0.402128 0.000010 0.000010 0.053816 0.179385 0.000010
0.412507 0.000010 0.000010 0.248399 0.000010 0.000010 0.059716 0.238015 0.041323
0.440690 0.000010 0.109817 0.206093 0.171331 0.000010 0.000010 0.037069 0.034969
0.175755 0.043810 0.059039 0.474744 0.020890 0.000010 0.000010 0.225733 0.000010
0.166228 0.092205 0.011145 0.422402 0.000010 0.000010 0.039828 0.253293 0.014879
0.361029 0.000010 0.046079 0.348081 0.000010 0.000010 0.000010 0.178266 0.066506
0.530141 0.000010 0.000010 0.241481 0.000010 0.005515 0.001452 0.221372 0.000010
0.483313 0.178100 0.000010 0.114165 0.000015 0.000010 0.000010 0.224367 0.000010
0.324198 0.000010 0.000010 0.431748 0.222023 0.000010 0.000605 0.003914 0.017482
0.510899 0.000010 0.115939 0.242148 0.000010 0.053722 0.002974 0.016551 0.057746
0.000499 0.000010 0.000010 0.000012 0.943089 0.000010 0.000010 0.056349 0.000010
0.000010 0.000010 0.000010 0.068068 0.924389 0.000010 0.000011 0.000010 0.007481
0.000010 0.000010 0.000010 0.032987 0.924699 0.000010 0.042255 0.000010 0.000010
0.031413 0.000010 0.000010 0.000010 0.919833 0.000010 0.047190 0.001514 0.000010
0.000010 0.000010 0.002516 0.000010 0.655191 0.000010 0.310943 0.000010 0.031300
0.000010 0.000010 0.000010 0.049457 0.872428 0.000010 0.078055 0.000010 0.000010
0.000010 0.001490 0.000010 0.034384 0.906278 0.000010 0.000010 0.057799 0.000010
0.000010 0.000010 0.023713 0.000010 0.949049 0.000010 0.000010 0.027178 0.000010
0.000010 0.000010 0.000010 0.000010 0.887170 0.000010 0.073528 0.000010 0.039241
0.000010 0.000010 0.000010 0.000010 0.912599 0.000010 0.087331 0.000010 0.000010
0.000010 0.000010 0.000010 0.000010 0.881023 0.018336 0.066254 0.007069 0.027278
0.000010 0.008142 0.000019 0.000010 0.841446 0.000010 0.108808 0.002319 0.039236
0.000010 0.000010 0.000010 0.018190 0.882302 0.000010 0.087132 0.000010 0.012326
0.000010 0.000010 0.000010 0.000010 0.999920 0.000010 0.000010 0.000010 0.000010
0.000010 0.002571 0.000010 0.000012 0.906225 0.044965 0.041548 0.004650 0.000010
0.000010 0.000010 0.000010 0.000010 0.962955 0.000010 0.036975 0.000010 0.000010
0.000010 0.000010 0.000010 0.023104 0.826949 0.000010 0.086946 0.033158 0.029803
0.662868 0.000363 0.000010 0.039193 0.085198 0.000010 0.000010 0.212338 0.000010
0.530329 0.000010 0.081896 0.118580 0.000010 0.000010 0.000010 0.269146 0.000010
0.558189 0.000010 0.018483 0.000010 0.000010 0.000010 0.127379 0.187462 0.108447
0.596893 0.000010 0.000010 0.041807 0.032601 0.000010 0.000010 0.328649 0.000010
0.663112 0.000010 0.010998 0.122579 0.034514 0.006699 0.033986 0.128093 0.000010
0.528945 0.086467 0.115171 0.129472 0.021634 0.000010 0.033380 0.016798 0.068123
0.631460 0.000010 0.000010 0.000010 0.100667 0.000010 0.000010 0.185470 0.082353
0.481197 0.000010 0.000010 0.056467 0.032353 0.000010 0.110361 0.261627 0.057965
0.819812 0.000010 0.023396 0.000010 0.087366 0.000010 0.000010 0.069376 0.000010
0.446593 0.133961 0.000010 0.039940 0.041898 0.000010 0.054291 0.283287 0.000010
0.518504 0.000010 0.045686 0.260981 0.007481 0.000010 0.040371 0.122066 0.004891
0.530358 0.000010 0.260542 0.041975 0.000010 0.000010 0.011846 0.155239 0.000010
0.651544 0.000010 0.000010 0.030378 0.000010 0.050788 0.087518 0.177789 0.001954
0.534571 0.000010 0.000010 0.174728 0.000010 0.042076 0.000010 0.248575 0.000010
0.530535 0.000010 0.025633 0.000010 0.000010 0.003020 0.066435 0.325128 0.049219
0.389722 0.000010 0.096877 0.066377 0.073027 0.009457 0.028056 0.336464 0.000010
0.644510 0.000010 0.000010 0.000010 0.108821 0.000010 0.000010 0.153477 0.093142
0.427745 0.000010 0.025955 0.211531 0.000010 0.000010 0.000010 0.334719 0.000010
0.444208 0.000010 0.000010 0.361179 0.000010 0.000010 0.000010 0.136738 0.057825
0.599276 0.000010 0.082805 0.031882 0.066984 0.000010 0.000010 0.219012 0.000010
0.487403 0.011150 0.000010 0.000010 0.000010 0.000010 0.209511 0.236468 0.055428
0.676477 0.000010 0.000010 0.000010 0.005785 0.090528 0.000010 0.220715 0.006455
0.443200 0.000010 0.068589 0.032085 0.006435 0.000010 0.050509 0.329473 0.069688
0.611730 0.102441 0.000010 0.034183 0.082450 0.000010 0.017257 0.122941 0.028978
0.574444 0.021219 0.000010 0.000010 0.052971 0.000010 0.076600 0.274726 0.000010
0.753376 0.000010 0.000010 0.042882 0.006230 0.000010 0.000010 0.192714 0.004758
0.498777 0.036304 0.000010 0.000010 0.007680 0.000010 0.052054 0.317455 0.087701
0.653734 0.082957 0.000010 0.049592 0.016511 0.030557 0.047952 0.118678 0.000010
0.614043 0.000010 0.000010 0.000010 0.000010 0.000010 0.000010 0.385887 0.000010
0.539318 0.000010 0.000010 0.000010 0.000010 0.000010 0.009720 0.401822 0.049089
0.334671 0.000010 0.077200 0.331666 0.000010 0.000010 0.032517 0.223906 0.000010
0.324194 0.000010 0.000010 0.176272 0.063659 0.093754 0.000010 0.261930 0.080161
0.613543 0.000010 0.057102 0.000010 0.041523 0.000010 0.000010 0.287782 0.000010
0.688198 0.039948 0.000010 0.050675 0.013472 0.000010 0.000010 0.207667 0.000010
0.692994 0.000010 0.000010 0.007014 0.000010 0.000010 0.000010 0.271625 0.028317
0.735563 0.058175 0.000010 0.000010 0.000010 0.043219 0.000010 0.150699 0.012304
0.414079 0.000010 0.000010 0.059581 0.105578 0.073003 0.051524 0.296204 0.000010
0.667047 0.000010 0.029477 0.050044 0.000010 0.088670 0.000010 0.164722 0.000010
0.431271 0.000010 0.010625 0.000010 0.093426 0.000010 0.073474 0.353585 0.037588
0.558090 0.000010 0.000010 0.053991 0.051751 0.000010 0.043224 0.248264 0.044650
0.415496 0.000010 0.011873 0.144795 0.000010 0.000010 0.009378 0.418417 0.000010
0.409239 0.189611 0.000010 0.087904 0.060432 0.000010 0.000010 0.252774 0.000010
0.700072 0.000010 0.000010 0.000010 0.031792 0.000010 0.000010 0.268076 0.000010
0.418201 0.062300 0.000010 0.000010 0.206087 0.000010 0.000010 0.178203 0.135170
0.618366 0.041266 0.000010 0.097720 0.049910 0.000010 0.011236 0.181472 0.000010
0.654158 0.012015 0.002089 0.000010 0.000010 0.000010 0.047358 0.247282 0.037069
0.304817 0.038928 0.000010 0.151474 0.059119 0.000010 0.043454 0.130369 0.271818
0.662567 0.000011 0.116404 0.000010 0.000010 0.000015 0.008397 0.212576 0.000010
0.603788 0.000010 0.100677 0.008367 0.000010 0.000010 0.000010 0.178610 0.108519
0.686004 0.000010 0.017995 0.000010 0.000010 0.034381 0.008966 0.224544 0.028080
0.727758 0.000010 0.000010 0.000010 0.027202 0.011410 0.000010 0.233580 0.000010
0.565349 0.046678 0.000010 0.000010 0.035217 0.000010 0.000010 0.311856 0.040859
0.610577 0.043489 0.034559 0.000010 0.015359 0.000010 0.142723 0.042429 0.110843
0.445006 0.025516 0.000010 0.054940 0.000010 0.000010 0.000010 0.297298 0.177200
0.734091 0.000010 0.022533 0.000010 0.000010 0.046692 0.000010 0.196634 0.000010
0.036616 0.000010 0.000010 0.000010 0.000010 0.023314 0.000010 0.000010 0.940010
0.650651 0.000010 0.000010 0.000010 0.011431 0.000556 0.000010 0.337312 0.000010
0.514321 0.043961 0.013063 0.093476 0.000010 0.000010 0.057798 0.235234 0.042127
0.485046 0.000010 0.000010 0.000010 0.000010 0.144688 0.000010 0.308197 0.062018
0.620502 0.023413 0.000010 0.000010 0.000010 0.036749 0.000010 0.237706 0.081589
0.567025 0.000010 0.118312 0.130748 0.000010 0.137190 0.000010 0.046684 0.000010
0.457905 0.028540 0.045292 0.000010 0.112357 0.000010 0.000010 0.355865 0.000010
0.584674 0.000010 0.000010 0.000010 0.000010 0.058749 0.000010 0.356517 0.000010
0.489796 0.072163 0.000010 0.000010 0.177949 0.008633 0.105223 0.146205 0.000010
0.576033 0.000010 0.039385 0.000010 0.131897 0.000010 0.019884 0.216059 0.016712
0.631726 0.000010 0.058464 0.019288 0.000010 0.046220 0.000010 0.244262 0.000010
0.202699 0.026241 0.097657 0.000010 0.000010 0.097028 0.057748 0.332397 0.186210
0.495506 0.000010 0.000010 0.000010 0.000010 0.000010 0.000010 0.466926 0.037508
0.539104 0.086771 0.000010 0.028966 0.032348 0.000010 0.000010 0.183937 0.128845
0.650604 0.000010 0.012066 0.000010 0.079978 0.000010 0.000010 0.168554 0.088759
0.480668 0.000010 0.000010 0.131936 0.064288 0.000010 0.148893 0.079408 0.094776
0.562558 0.000010 0.000010 0.002790 0.000010 0.048183 0.000010 0.260337 0.126092
0.447794 0.000010 0.046966 0.132247 0.004401 0.041232 0.000010 0.145620 0.181722
0.374159 0.066848 0.000010 0.037182 0.000010 0.000010 0.000010 0.106899 0.414872
0.561157 0.000010 0.031374 0.000010 0.000010 0.080597 0.000010 0.326823 0.000010
0.548991 0.000010 0.062680 0.000010 0.000010 0.096276 0.053155 0.238857 0.000010
0.541818 0.069924 0.000010 0.000010 0.134412 0.069776 0.010622 0.173419 0.000010
0.448251 0.073887 0.000010 0.046324 0.005275 0.000010 0.000010 0.259348 0.166885
0.657789 0.000010 0.127066 0.000010 0.071482 0.000010 0.000010 0.103109 0.040514
0.671333 0.004002 0.000010 0.000010 0.000010 0.000010 0.059692 0.031354 0.233580
0.570287 0.019108 0.000010 0.004841 0.000011 0.000010 0.000010 0.405713 0.000010
0.571131 0.000013 0.103359 0.000010 0.000010 0.047632 0.053618 0.224217 0.000010
0.620665 0.000010 0.000010 0.000010 0.000010 0.000013 0.000010 0.358812 0.020460
0.667274 0.000013 0.011545 0.000010 0.115517 0.000010 0.000010 0.205610 0.000010
0.429626 0.160809 0.000010 0.031953 0.000010 0.000010 0.000010 0.314490 0.063083
0.718159 0.000010 0.067186 0.000010 0.074316 0.000010 0.002382 0.076374 0.061553
0.620900 0.068384 0.000010 0.059342 0.000010 0.100456 0.000010 0.150878 0.000010
0.012986 0.009701 0.000010 0.000010 0.924255 0.000010 0.053007 0.000010 0.000010
0.000010 0.007719 0.032491 0.034570 0.880281 0.000010 0.044899 0.000010 0.000010
0.020889 0.036236 0.045175 0.000010 0.787095 0.045226 0.065350 0.000010 0.000010
0.000010 0.000010 0.000010 0.003336 0.967793 0.000010 0.028810 0.000010 0.000010
0.000010 0.013652 0.024918 0.000010 0.750551 0.000010 0.210830 0.000010 0.000010
0.000010 0.000010 0.018638 0.000599 0.882959 0.000010 0.096300 0.001464 0.000010
0.000010 0.024546 0.004388 0.000010 0.796685 0.000010 0.174331 0.000010 0.000010
0.582058 0.000010 0.000010 0.082958 0.000010 0.038765 0.093303 0.202875 0.000010
0.597387 0.017435 0.000010 0.217055 0.165163 0.000010 0.000010 0.002920 0.000010
0.590752 0.000010 0.013600 0.053673 0.000016 0.000010 0.153293 0.158265 0.030381
0.341999 0.000010 0.000010 0.344257 0.170275 0.000010 0.123410 0.000010 0.020019
0.667086 0.000010 0.000010 0.131340 0.000012 0.000010 0.000010 0.201511 0.000010
0.461979 0.000010 0.056128 0.349608 0.019712 0.025835 0.000010 0.075770 0.010949
0.604953 0.000010 0.000010 0.206885 0.000010 0.023767 0.016687 0.147667 0.000010
0.685668 0.000010 0.000010 0.226444 0.000010 0.000010 0.011219 0.076619 0.000010
0.490796 0.007601 0.000010 0.000010 0.000010 0.000010 0.114965 0.386589 0.000010
0.758580 0.000010 0.000010 0.000010 0.094903 0.000010 0.000010 0.000010 0.146457
0.459088 0.005337 0.009503 0.009721 0.000010 0.070833 0.016732 0.272311 0.156466
0.502979 0.000010 0.000010 0.255346 0.021332 0.011535 0.009280 0.199499 0.000010
0.539602 0.000010 0.047427 0.000010 0.020396 0.030063 0.000010 0.220967 0.141514
0.420351 0.000010 0.178976 0.000010 0.000010 0.000010 0.009339 0.223837 0.167458
0.547127 0.000010 0.095302 0.017765 0.040978 0.000010 0.000010 0.233465 0.065333
0.243461 0.000010 0.000010 0.114172 0.068634 0.000010 0.000010 0.256705 0.316989
0.470746 0.000010 0.201433 0.109488 0.000017 0.007960 0.000010 0.122856 0.087479
0.419475 0.000010 0.183908 0.180748 0.000010 0.000010 0.094320 0.121509 0.000010
0.479413 0.000010 0.000010 0.089366 0.065224 0.000010 0.071432 0.210810 0.083725
0.391014 0.112276 0.000010 0.165374 0.000010 0.039621 0.000010 0.174780 0.116906
0.661654 0.019215 0.000010 0.000010 0.094064 0.000010 0.000010 0.225017 0.000010
0.409216 0.101273 0.000010 0.118108 0.000010 0.027971 0.000010 0.237792 0.105610
0.357094 0.000010 0.020419 0.238545 0.028798 0.214749 0.000010 0.140365 0.000010
0.554375 0.000010 0.000010 0.130203 0.141918 0.000010 0.000010 0.171760 0.001703
0.428486 0.000010 0.000010 0.044666 0.000260 0.013918 0.094144 0.418495 0.000010
0.568797 0.074936 0.046755 0.000010 0.000010 0.057143 0.000010 0.100974 0.151365
0.765259 0.000010 0.000010 0.000010 0.000010 0.000010 0.043039 0.092352 0.099300
0.365163 0.000010 0.000010 0.185106 0.000010 0.000010 0.058716 0.231270 0.159706
0.567618 0.000010 0.125127 0.003957 0.000012 0.104594 0.000010 0.198662 0.000010
0.622000 0.012015 0.000010 0.049593 0.114597 0.068417 0.000010 0.133348 0.000010
0.717687 0.000010 0.000010 0.045282 0.042776 0.000010 0.000010 0.055368 0.138847
0.444245 0.000010 0.000010 0.000010 0.048709 0.000010 0.021586 0.403207 0.082214
0.448513 0.000010 0.044430 0.141306 0.000010 0.062311 0.000010 0.140802 0.162607
0.530370 0.000010 0.000010 0.180136 0.000010 0.013732 0.099538 0.151052 0.025143
0.580234 0.260499 0.000010 0.025186 0.000010 0.000010 0.000010 0.134031 0.000010
0.000010 0.931910 0.000010 0.055062 0.012967 0.000010 0.000010 0.000010 0.000010
0.000010 0.846125 0.000010 0.000010 0.000010 0.000010 0.153805 0.000010 0.000010
0.000010 0.899401 0.100529 0.000010 0.000010 0.000010 0.000010 0.000010 0.000010
0.000010 0.950878 0.000010 0.000010 0.000010 0.000010 0.049052 0.000010 0.000010
0.000010 0.000010 0.348263 0.114368 0.000010 0.000010 0.510552 0.000010 0.026767
0.000010 0.000010 0.623628 0.041076 0.000010 0.000010 0.280574 0.000010 0.054672
0.119076 0.000010 0.322077 0.055619 0.029632 0.014797 0.367066 0.091714 0.000010
0.000010 0.000035 0.463940 0.000591 0.000010 0.000010 0.435100 0.051355 0.048949
0.049013 0.000010 0.268788 0.086813 0.037757 0.034505 0.324585 0.163527 0.035003
0.000010 0.041841 0.358313 0.000010 0.016146 0.000010 0.378992 0.077629 0.127049
0.000010 0.001211 0.474598 0.000010 0.000010 0.000010 0.416295 0.107846 0.000010
0.000010 0.039524 0.257102 0.046957 0.046483 0.000010 0.475190 0.046497 0.088227
0.000010 0.058972 0.416962 0.000010 0.000010 0.000010 0.509638 0.014378 0.000010
0.000010 0.000010 0.449425 0.000010 0.000010 0.019871 0.530644 0.000010 0.000010
0.480609 0.000010 0.102311 0.000010 0.000010 0.000010 0.000010 0.263173 0.153857
0.566090 0.000010 0.000010 0.000010 0.097573 0.017529 0.000010 0.215872 0.102897
0.356939 0.000010 0.000010 0.167546 0.078642 0.014395 0.000010 0.249694 0.132754
0.494944 0.000010 0.013145 0.085042 0.034379 0.081794 0.000010 0.077978 0.212697
0.633082 0.000010 0.000010 0.079364 0.008157 0.036943 0.000010 0.228891 0.013534
0.512769 0.181463 0.000010 0.050928 0.003619 0.142296 0.000010 0.108697 0.000207
0.495124 0.115432 0.000010 0.099056 0.000010 0.036638 0.062538 0.165011 0.026182
0.616280 0.000010 0.010478 0.000010 0.121807 0.012614 0.000010 0.006442 0.232349
0.591880 0.000010 0.000010 0.155054 0.017987 0.020117 0.022266 0.192666 0.000010
0.633917 0.019556 0.000010 0.133864 0.004381 0.000010 0.000010 0.208242 0.000010
0.403667 0.010580 0.013429 0.038741 0.053554 0.003906 0.000010 0.327729 0.148385
0.670907 0.000010 0.000010 0.000010 0.057367 0.107762 0.000010 0.000010 0.163914
0.241398 0.000010 0.114983 0.000010 0.096032 0.000010 0.094457 0.207157 0.245942
0.641731 0.000010 0.003453 0.021861 0.000010 0.000010 0.070352 0.195138 0.067436
0.632300 0.078742 0.000010 0.000010 0.000010 0.048732 0.061903 0.178283 0.000010
0.434750 0.000010 0.000010 0.000010 0.032757 0.047258 0.000010 0.373388 0.111807
0.444109 0.000010 0.007107 0.000011 0.000010 0.000010 0.153777 0.264862 0.130104
0.656231 0.072078 0.007121 0.000010 0.099576 0.000010 0.000010 0.000010 0.164955
0.675828 0.000010 0.000010 0.098523 0.121602 0.072017 0.006594 0.025406 0.000010
0.351268 0.019635 0.151131 0.266263 0.000010 0.097852 0.000010 0.000010 0.113821
0.400013 0.000010 0.133706 0.265245 0.117678 0.000010 0.000010 0.083318 0.000010
0.000010 0.000010 0.767632 0.000010 0.000010 0.000010 0.232298 0.000010 0.000010
0.000010 0.000010 0.603165 0.000010 0.012096 0.000010 0.322475 0.062214 0.000010
0.000010 0.000010 0.678449 0.000010 0.039143 0.000010 0.282348 0.000010 0.000010
0.011275 0.032348 0.727841 0.000010 0.078076 0.000010 0.150420 0.000010 0.000010
0.054401 0.000010 0.656325 0.014981 0.000010 0.000010 0.274244 0.000010 0.000010
0.000010 0.000010 0.635172 0.000010 0.000010 0.000010 0.364758 0.000010 0.000010
0.000010 0.031205 0.538895 0.000010 0.000010 0.000010 0.429840 0.000010 0.000010
0.000010 0.000010 0.557187 0.000010 0.024033 0.016116 0.332871 0.069753 0.000010
0.000010 0.054890 0.705407 0.000010 0.038050 0.000010 0.201602 0.000010 0.000010
0.000010 0.000010 0.833972 0.000010 0.057968 0.000010 0.108000 0.000010 0.000010
0.000010 0.042221 0.722274 0.000010 0.052453 0.000010 0.183001 0.000010 0.000010
0.055076 0.000010 0.797792 0.000010 0.067767 0.000010 0.079316 0.000010 0.000010
0.077234 0.006586 0.754942 0.000010 0.058289 0.000010 0.102909 0.000010 0.000010
0.000010 0.067103 0.714319 0.000010 0.000010 0.000010 0.218518 0.000010 0.000010
0.028905 0.220024 0.542138 0.000018 0.053511 0.000010 0.148479 0.006905 0.000010
0.000010 0.097488 0.678098 0.000010 0.025203 0.002191 0.158049 0.038941 0.000010
0.000010 0.000010 0.793995 0.000010 0.000010 0.001946 0.203999 0.000010 0.000010
0.000015 0.000010 0.602707 0.000010 0.104869 0.010961 0.153787 0.127631 0.000010
0.000010 0.045741 0.719273 0.000010 0.000010 0.000010 0.227940 0.000010 0.006996
0.000010 0.302068 0.465800 0.000010 0.000010 0.000010 0.232072 0.000010 0.000010
0.000010 0.061078 0.564792 0.007565 0.000010 0.000010 0.352823 0.013703 0.000010
0.000010 0.140155 0.555770 0.000010 0.144944 0.000010 0.159081 0.000010 0.000010
0.000010 0.025949 0.655811 0.000010 0.037350 0.012339 0.268511 0.000010 0.000010
0.000010 0.000010 0.681226 0.000010 0.000010 0.000010 0.318704 0.000010 0.000010
0.000010 0.026419 0.773375 0.000011 0.000010 0.050806 0.149349 0.000010 0.000010
0.048778 0.104452 0.520922 0.000016 0.118345 0.000010 0.102734 0.104732 0.000010
0.000010 0.042668 0.593398 0.000010 0.004888 0.039663 0.319342 0.000010 0.000010
0.022866 0.000010 0.734003 0.013487 0.000010 0.052914 0.124847 0.011127 0.040736
0.000010 0.018399 0.328974 0.003977 0.120837 0.000011 0.464527 0.000010 0.063256
0.000012 0.100040 0.460736 0.000010 0.181409 0.000010 0.225508 0.032265 0.000010
0.000010 0.000010 0.565044 0.028857 0.000010 0.000010 0.406039 0.000010 0.000010
0.051485 0.000010 0.575333 0.000010 0.000010 0.000010 0.373121 0.000010 0.000010
0.115312 0.087680 0.438921 0.000010 0.099667 0.000010 0.258380 0.000010 0.000010
0.000010 0.140531 0.566423 0.000010 0.000010 0.000010 0.272227 0.000010 0.020769
0.000010 0.176180 0.658123 0.044963 0.000010 0.015813 0.104329 0.000562 0.000010
0.000010 0.027428 0.556408 0.058924 0.068271 0.023908 0.265031 0.000010 0.000010
0.000010 0.079974 0.639523 0.000010 0.055212 0.002761 0.222490 0.000010 0.000010
0.037834 0.000010 0.557259 0.000010 0.000010 0.004938 0.399919 0.000010 0.000010
0.000010 0.000010 0.628558 0.000010 0.036473 0.000010 0.334909 0.000010 0.000010
0.000010 0.000495 0.000010 0.000010 0.804167 0.000010 0.121947 0.073341 0.000010
0.000010 0.011958 0.043921 0.000010 0.842123 0.000010 0.101948 0.000010 0.000010
0.000010 0.000010 0.655855 0.000010 0.024728 0.007939 0.311427 0.000010 0.000010
0.000010 0.008690 0.739183 0.000010 0.055612 0.051404 0.145071 0.000010 0.000010
0.243022 0.004953 0.026216 0.326041 0.000010 0.000010 0.172957 0.133188 0.093602
0.445469 0.000010 0.041915 0.247469 0.000010 0.000010 0.149715 0.110539 0.004862
0.235077 0.065532 0.000010 0.447140 0.061256 0.000010 0.019880 0.171084 0.000010
0.129191 0.033861 0.006297 0.347076 0.000010 0.014542 0.057912 0.411101 0.000010
0.363585 0.000010 0.113767 0.322446 0.015085 0.039115 0.035522 0.110460 0.000010
0.421313 0.028086 0.000010 0.286195 0.000010 0.000010 0.000010 0.134032 0.130334
0.379795 0.000010 0.000010 0.345270 0.000010 0.034857 0.102440 0.137598 0.000010
0.043200 0.025119 0.000010 0.402911 0.000010 0.000010 0.100005 0.428725 0.000010
0.462939 0.080400 0.000010 0.374730 0.000010 0.000010 0.031689 0.050201 0.000010
0.369334 0.000010 0.026540 0.221420 0.000010 0.008023 0.134638 0.240016 0.000010
0.451266 0.000010 0.026884 0.170220 0.097326 0.000010 0.095097 0.159177 0.000010
0.371978 0.000015 0.000010 0.000017 0.000010 0.035302 0.233009 0.359650 0.000010
0.578971 0.000010 0.023209 0.206827 0.000010 0.029617 0.037914 0.123433 0.000010
0.000010 0.003801 0.579785 0.000010 0.000010 0.015720 0.376116 0.024537 0.000010
0.000010 0.008507 0.618490 0.000010 0.026142 0.058595 0.288226 0.000010 0.000010
0.000010 0.000010 0.766996 0.047553 0.000010 0.000010 0.185391 0.000010 0.000010
0.000010 0.000010 0.620213 0.000010 0.000010 0.051509 0.328218 0.000010 0.000010
0.022890 0.000010 0.692738 0.000010 0.000010 0.000010 0.246294 0.000010 0.038028
0.000010 0.061228 0.454730 0.000010 0.050699 0.025802 0.407501 0.000010 0.000010
0.032383 0.000010 0.668576 0.000010 0.039088 0.069105 0.190809 0.000010 0.000010
0.000010 0.000010 0.563005 0.000010 0.000010 0.000010 0.436925 0.000010 0.000010
0.000010 0.000010 0.569608 0.000010 0.030731 0.000010 0.399600 0.000010 0.000010
0.000010 0.000010 0.717685 0.000010 0.073586 0.000010 0.208669 0.000010 0.000010
0.021550 0.000010 0.711754 0.000010 0.000010 0.000010 0.266636 0.000010 0.000010
0.000010 0.025104 0.629075 0.000010 0.044555 0.000010 0.207803 0.000010 0.093423
