0.183305 0.102606 0.000010 0.153419 0.106167 0.000010 0.031637 0.422837 0.000010
0.270557 0.026178 0.000010 0.000010 0.000010 0.020776 0.177091 0.505358 0.000010
0.218236 0.000010 0.000010 0.243828 0.091574 0.020425 0.017813 0.408094 0.000010
0.107142 0.032617 0.000010 0.355201 0.000010 0.000010 0.100694 0.404307 0.000010
0.425019 0.093481 0.000010 0.000010 0.069678 0.030010 0.000010 0.381772 0.000010
0.236178 0.000010 0.063392 0.058279 0.000010 0.000010 0.149424 0.492686 0.000010
0.256090 0.000010 0.088892 0.155967 0.009787 0.000010 0.000010 0.489224 0.000010
0.290167 0.000010 0.000010 0.000010 0.000010 0.080619 0.189423 0.439740 0.000010
0.357147 0.068488 0.094066 0.008110 0.000010 0.000010 0.000010 0.472148 0.000010
0.327171 0.000010 0.000010 0.204771 0.010199 0.023456 0.098447 0.200141 0.135795
0.287870 0.014371 0.000010 0.000010 0.000010 0.071566 0.121907 0.504246 0.000010
0.291404 0.064002 0.000010 0.114502 0.000010 0.000010 0.000010 0.486625 0.043427
0.375776 0.010894 0.019535 0.000010 0.000010 0.000010 0.111140 0.319411 0.163213
0.465645 0.000010 0.000010 0.173270 0.000010 0.000010 0.091301 0.263944 0.005800
0.041932 0.000010 0.000010 0.174627 0.019314 0.003111 0.056046 0.704939 0.000010
0.264995 0.000010 0.046954 0.252173 0.000010 0.000010 0.080567 0.303694 0.051587
0.344388 0.024866 0.000010 0.019500 0.000010 0.029257 0.093587 0.488372 0.000010
0.274432 0.000010 0.004086 0.000010 0.000010 0.086368 0.025201 0.602526 0.007357
0.473726 0.000010 0.000010 0.083456 0.060884 0.000010 0.020901 0.255526 0.105476
0.212947 0.066053 0.011751 0.000010 0.000010 0.000010 0.178319 0.527695 0.003205
0.454829 0.074093 0.000010 0.022590 0.048059 0.028442 0.000010 0.371957 0.000010
0.420216 0.000010 0.038823 0.000010 0.098942 0.000010 0.018445 0.423534 0.000010
0.048574 0.066991 0.000010 0.000010 0.055354 0.039338 0.055186 0.457843 0.276692
0.030716 0.000010 0.055567 0.046695 0.000010 0.039127 0.023075 0.670315 0.134485
0.230980 0.000010 0.069502 0.139891 0.094828 0.000010 0.128945 0.265339 0.070495
0.422669 0.000010 0.000010 0.248475 0.000010 0.004498 0.032465 0.277500 0.014364
0.288704 0.004059 0.112448 0.229341 0.000010 0.000010 0.000010 0.329479 0.035940
0.483134 0.000010 0.000010 0.000010 0.026151 0.000010 0.004115 0.411659 0.074901
0.219376 0.009488 0.000010 0.121792 0.032263 0.000010 0.000010 0.606371 0.010680
0.411059 0.000010 0.002875 0.000010 0.000010 0.041010 0.178607 0.352804 0.013614
0.351207 0.050666 0.025536 0.009580 0.000010 0.000010 0.009707 0.441782 0.111502
0.243509 0.000010 0.051460 0.246879 0.000010 0.000010 0.000010 0.425315 0.032798
0.379339 0.122275 0.017823 0.000010 0.006215 0.014408 0.055358 0.395194 0.009379
0.430201 0.021978 0.092408 0.000010 0.053172 0.000010 0.000010 0.402200 0.000010
0.151723 0.141428 0.000010 0.000010 0.018230 0.000010 0.114323 0.511693 0.062572
0.423812 0.064103 0.000010 0.022182 0.000010 0.000010 0.000010 0.452614 0.037249
0.180540 0.000010 0.000010 0.172944 0.000010 0.000010 0.108345 0.538120 0.000010
0.448068 0.024905 0.151614 0.000010 0.000010 0.060955 0.000010 0.095808 0.218619
0.287180 0.000010 0.000010 0.104970 0.093083 0.000010 0.093002 0.421726 0.000010
0.263852 0.000010 0.000010 0.173029 0.000010 0.000010 0.133783 0.357032 0.072264
0.231533 0.000010 0.064180 0.311787 0.022014 0.034347 0.143428 0.169567 0.023134
0.636608 0.000010 0.000010 0.000010 0.008978 0.000010 0.000010 0.313244 0.041120
0.268029 0.017146 0.045930 0.164471 0.071102 0.014743 0.004398 0.255824 0.158357
0.307868 0.000011 0.000010 0.031427 0.120190 0.000010 0.000010 0.530040 0.010435
0.308892 0.000010 0.115746 0.000010 0.000010 0.000010 0.000010 0.545646 0.029665
0.069424 0.048990 0.118405 0.070425 0.000010 0.000010 0.259406 0.433320 0.000010
0.368801 0.000010 0.000010 0.000010 0.000010 0.000010 0.103056 0.528083 0.000010
0.258223 0.000010 0.000010 0.161399 0.072791 0.000010 0.040638 0.303836 0.163084
0.000010 0.093321 0.355703 0.152631 0.036458 0.000010 0.113139 0.207104 0.041625
0.000010 0.000010 0.478504 0.136721 0.000010 0.000010 0.233782 0.142877 0.008075
0.034866 0.102555 0.374561 0.060792 0.060031 0.000010 0.120999 0.110821 0.135365
0.018286 0.005192 0.434743 0.214548 0.000010 0.000010 0.037436 0.287632 0.002144
0.290995 0.000010 0.195800 0.083440 0.101555 0.000010 0.069881 0.258300 0.000010
0.055799 0.000010 0.377296 0.134654 0.102023 0.000010 0.096514 0.172037 0.061657
0.119746 0.043942 0.108985 0.185071 0.072313 0.000010 0.216537 0.204960 0.048437
0.096559 0.000010 0.793587 0.076741 0.000010 0.000010 0.033063 0.000010 0.000010
0.000010 0.046046 0.651906 0.103196 0.000010 0.000010 0.082520 0.080528 0.035774
0.196411 0.129313 0.177343 0.252000 0.000010 0.000010 0.060904 0.183999 0.000010
0.065535 0.060491 0.506584 0.247986 0.036246 0.000010 0.000010 0.016072 0.067065
0.134690 0.000010 0.332632 0.198321 0.006070 0.054929 0.134715 0.138623 0.000010
0.064744 0.098025 0.231364 0.047824 0.000010 0.000010 0.303817 0.254196 0.000010
0.309604 0.000010 0.173540 0.079749 0.000010 0.000010 0.183710 0.253357 0.000010
0.101537 0.014858 0.433547 0.092266 0.000010 0.000010 0.020898 0.209356 0.127517
0.155956 0.000010 0.203653 0.163320 0.000010 0.000010 0.074930 0.402101 0.000010
0.077044 0.000010 0.252871 0.237454 0.000010 0.080250 0.095487 0.256864 0.000010
0.057484 0.000010 0.278622 0.079251 0.116039 0.000010 0.044640 0.254481 0.169463
0.137102 0.000010 0.324763 0.013392 0.000010 0.000010 0.019607 0.503529 0.001577
0.253465 0.098538 0.255001 0.088629 0.044241 0.000010 0.153311 0.070197 0.036608
0.207104 0.195286 0.093493 0.138245 0.000010 0.054045 0.013633 0.196019 0.102165
0.345968 0.000010 0.048512 0.000010 0.111623 0.000010 0.126102 0.367755 0.000010
0.310635 0.070020 0.000010 0.159411 0.000010 0.063499 0.000010 0.366211 0.030194
0.397746 0.000010 0.000010 0.000010 0.054604 0.000010 0.000010 0.475405 0.072195
0.370508 0.000010 0.000010 0.030205 0.000010 0.000010 0.000010 0.502123 0.097113
0.434834 0.004106 0.020346 0.002609 0.030356 0.000010 0.000010 0.507719 0.000010
0.368139 0.024378 0.000010 0.028270 0.000010 0.008359 0.119998 0.400715 0.050121
0.486323 0.000010 0.000010 0.000010 0.037421 0.000010 0.000010 0.365263 0.110943
0.348210 0.089803 0.000010 0.000010 0.000010 0.056703 0.000010 0.444351 0.060893
0.310772 0.023873 0.000010 0.044212 0.066930 0.024853 0.000010 0.359268 0.170071
0.455566 0.078969 0.000011 0.072286 0.029216 0.039980 0.000010 0.323953 0.000010
0.350154 0.000010 0.187348 0.000010 0.075663 0.094257 0.000010 0.130351 0.162197
0.087806 0.176971 0.000010 0.011061 0.000010 0.000010 0.200224 0.310188 0.213718
0.456704 0.000010 0.000010 0.000010 0.000010 0.000010 0.000010 0.543226 0.000010
0.441907 0.093040 0.000010 0.096151 0.000010 0.000010 0.000010 0.368852 0.000010
0.462088 0.000010 0.000010 0.113625 0.077442 0.005629 0.000010 0.261844 0.079343
0.403422 0.068654 0.018009 0.146996 0.037184 0.000010 0.000010 0.325706 0.000010
0.341056 0.000010 0.000010 0.000010 0.000010 0.000010 0.161179 0.497704 0.000010
0.154479 0.064936 0.000010 0.096314 0.000010 0.000010 0.074752 0.218091 0.391398
0.286558 0.086506 0.067159 0.000010 0.000010 0.000010 0.016647 0.543090 0.000010
0.414911 0.000010 0.000010 0.025329 0.000010 0.061639 0.057666 0.440414 0.000010
0.346744 0.024396 0.015354 0.112360 0.000010 0.000010 0.087044 0.412541 0.001539
0.241677 0.000010 0.041296 0.000010 0.000010 0.000010 0.067563 0.527113 0.122310
0.435473 0.000010 0.000010 0.000010 0.000010 0.000010 0.000010 0.470576 0.093892
0.319474 0.000010 0.036313 0.189194 0.052398 0.000010 0.009240 0.393351 0.000010
0.288722 0.000010 0.070958 0.000010 0.000010 0.009043 0.000010 0.542587 0.088651
0.580918 0.038910 0.000010 0.027660 0.000010 0.000010 0.000010 0.339267 0.013204
0.109868 0.000010 0.042692 0.280504 0.000010 0.041389 0.102220 0.417163 0.006145
0.376766 0.000010 0.011333 0.042763 0.098852 0.000561 0.000010 0.469695 0.000010
0.089443 0.000010 0.000010 0.327857 0.030232 0.005896 0.081300 0.465242 0.000010
0.122519 0.000010 0.000010 0.000010 0.107729 0.000010 0.173378 0.535648 0.060685
0.348408 0.086669 0.000010 0.000010 0.000010 0.021164 0.083699 0.460020 0.000010
0.376947 0.000010 0.000011 0.000010 0.045330 0.033638 0.110335 0.433709 0.000010
0.074179 0.010634 0.000010 0.000819 0.115584 0.000010 0.101207 0.260612 0.436944
0.076329 0.000010 0.000010 0.101931 0.000553 0.000010 0.000010 0.738482 0.082666
0.055251 0.000010 0.000010 0.172456 0.000010 0.000010 0.249194 0.352954 0.170105
0.338785 0.015385 0.000010 0.015514 0.079617 0.000010 0.085266 0.465403 0.000010
0.275903 0.044871 0.000010 0.000010 0.000010 0.020731 0.221464 0.436992 0.000010
0.400242 0.100503 0.032891 0.000010 0.000010 0.000010 0.020559 0.429413 0.016362
0.311576 0.018054 0.004875 0.000010 0.000010 0.000010 0.103477 0.410034 0.151954
0.247544 0.100455 0.019893 0.000010 0.099110 0.000010 0.000010 0.491839 0.041130
0.308999 0.000010 0.006740 0.000010 0.107964 0.000010 0.068373 0.297623 0.210271
0.296632 0.000010 0.000010 0.115886 0.000010 0.017227 0.149167 0.421048 0.000010
0.104173 0.053222 0.000010 0.093343 0.000010 0.000010 0.192860 0.556362 0.000010
0.380700 0.014739 0.000010 0.102373 0.000010 0.000010 0.139747 0.362401 0.000010
0.313247 0.000010 0.098818 0.000010 0.078781 0.000010 0.000010 0.413776 0.095338
0.236831 0.043665 0.000010 0.010986 0.000010 0.000010 0.097289 0.571630 0.039570
0.254723 0.052118 0.086672 0.003566 0.000010 0.026540 0.112798 0.463564 0.000010
0.323154 0.111298 0.000010 0.000010 0.000010 0.034137 0.106731 0.424640 0.000010
0.216746 0.055311 0.000010 0.255512 0.000010 0.000010 0.039727 0.432665 0.000010
0.301576 0.000010 0.123256 0.000010 0.000010 0.000010 0.000010 0.575108 0.000010
0.017026 0.000010 0.000010 0.267890 0.069619 0.000010 0.042627 0.602798 0.000010
0.418848 0.000010 0.000010 0.130226 0.000010 0.059663 0.000010 0.371825 0.019399
0.205136 0.026781 0.000010 0.122176 0.081130 0.046378 0.000010 0.494610 0.023769
0.370417 0.000010 0.000010 0.092883 0.000010 0.035029 0.194895 0.303276 0.003470
0.166399 0.054319 0.000010 0.184308 0.059446 0.000010 0.097629 0.437868 0.000010
0.384387 0.015207 0.054910 0.000010 0.000010 0.002892 0.000010 0.507070 0.035504
0.237945 0.000010 0.102206 0.108971 0.027783 0.000010 0.172634 0.278635 0.071805
0.384944 0.024148 0.000010 0.111148 0.089529 0.000010 0.000010 0.257145 0.133055
0.311776 0.060606 0.000010 0.000010 0.000010 0.000010 0.220189 0.407379 0.000010
0.100183 0.000010 0.082990 0.067111 0.042949 0.000010 0.049110 0.657626 0.000010
0.277657 0.000010 0.166503 0.062434 0.000010 0.053348 0.203719 0.236308 0.000010
0.305146 0.057149 0.000010 0.129607 0.000010 0.000010 0.153261 0.354796 0.000010
0.092039 0.073173 0.000010 0.181267 0.020686 0.000010 0.126576 0.424594 0.081645
0.405059 0.000010 0.063306 0.059031 0.000010 0.000010 0.087397 0.385167 0.000010
0.203261 0.000010 0.000010 0.377493 0.000010 0.000010 0.000010 0.419186 0.000010
0.437832 0.020011 0.000010 0.010636 0.028962 0.000010 0.042671 0.450892 0.008974
0.284081 0.000010 0.055551 0.130236 0.000010 0.006352 0.066938 0.450200 0.006623
0.382534 0.012658 0.000010 0.000010 0.000010 0.031235 0.111622 0.369586 0.092335
0.096715 0.000010 0.001984 0.186476 0.000010 0.001474 0.058893 0.592544 0.061893
0.346505 0.106916 0.158896 0.102844 0.000010 0.000010 0.000010 0.284799 0.000010
0.149955 0.000010 0.067789 0.152122 0.080872 0.000010 0.095347 0.452554 0.001340
0.333332 0.063828 0.008875 0.025138 0.094731 0.000010 0.000010 0.378175 0.095900
0.147867 0.025280 0.032004 0.000010 0.000010 0.000010 0.000010 0.794800 0.000010
0.224751 0.000010 0.104000 0.086362 0.123999 0.000010 0.069414 0.391444 0.000010
0.088237 0.000010 0.000011 0.082406 0.117930 0.000010 0.000010 0.671872 0.039514
0.180181 0.000010 0.000010 0.076117 0.097473 0.000010 0.062029 0.549028 0.035142
0.196956 0.012091 0.039489 0.280426 0.103110 0.000010 0.000010 0.367898 0.000010
0.231936 0.000010 0.082567 0.107162 0.014972 0.000010 0.000010 0.488442 0.074891
0.239177 0.000010 0.015190 0.212066 0.021998 0.000010 0.009869 0.501671 0.000010
0.226398 0.000010 0.000010 0.141722 0.000010 0.000010 0.088037 0.543793 0.000010
0.246986 0.004803 0.013331 0.155104 0.087472 0.000010 0.000010 0.492274 0.000010
0.117207 0.045464 0.152525 0.265924 0.000010 0.042698 0.070089 0.288216 0.017866
0.305989 0.000010 0.055087 0.038359 0.100145 0.000010 0.000010 0.500380 0.000010
0.391030 0.000010 0.000010 0.000010 0.009919 0.072243 0.000010 0.462745 0.064023
0.261483 0.002036 0.000010 0.014525 0.105410 0.000010 0.000010 0.572356 0.044159
0.294136 0.000010 0.000010 0.170641 0.000010 0.050855 0.079631 0.404697 0.000010
0.223182 0.163131 0.029374 0.174778 0.048836 0.000010 0.042178 0.318501 0.000010
0.172481 0.000010 0.213800 0.211591 0.002427 0.000010 0.099531 0.300139 0.000010
0.189959 0.024622 0.000010 0.072463 0.000010 0.000010 0.022231 0.690686 0.000010
0.181598 0.000010 0.000010 0.296534 0.000010 0.077669 0.113911 0.330249 0.000010
0.286581 0.000010 0.000010 0.101482 0.000010 0.039268 0.148410 0.423490 0.000740
0.277946 0.000010 0.073078 0.036257 0.143843 0.000010 0.000010 0.468835 0.000010
0.175729 0.010701 0.040154 0.154357 0.101118 0.000010 0.000010 0.466175 0.051747
0.176122 0.161715 0.030648 0.194756 0.000010 0.000010 0.000010 0.329379 0.107351
0.302055 0.053041 0.000010 0.019974 0.000010 0.109832 0.129454 0.385614 0.000010
0.064228 0.000010 0.188437 0.046725 0.000010 0.000010 0.167930 0.515272 0.017378
0.000010 0.000010 0.000010 0.200127 0.000010 0.053073 0.181266 0.565483 0.000010
0.091440 0.000628 0.018452 0.364124 0.062776 0.000010 0.174255 0.288304 0.000010
0.000010 0.004962 0.161797 0.226599 0.100111 0.000010 0.044514 0.461988 0.000010
0.184753 0.131266 0.000010 0.139961 0.000010 0.042343 0.216424 0.285225 0.000010
0.210633 0.101214 0.007966 0.084465 0.000010 0.000010 0.124220 0.464355 0.007126
0.084622 0.045279 0.097914 0.000010 0.056020 0.065049 0.134161 0.480565 0.036381
0.227984 0.141701 0.000010 0.000010 0.049306 0.000010 0.031032 0.394082 0.155864
0.219459 0.000010 0.104889 0.102220 0.000010 0.000010 0.109266 0.464126 0.000010
0.152099 0.070677 0.139282 0.091458 0.000010 0.000010 0.151406 0.395046 0.000010
0.334000 0.007987 0.256996 0.000010 0.000010 0.038905 0.054525 0.274454 0.033113
0.000010 0.027414 0.000010 0.348035 0.000010 0.000010 0.117594 0.450401 0.056516
0.177856 0.115159 0.000010 0.096335 0.002419 0.088057 0.161015 0.359139 0.000010
0.000010 0.000010 0.270049 0.170715 0.000010 0.104591 0.221435 0.233170 0.000010
0.098663 0.016838 0.161598 0.332798 0.067566 0.000010 0.000010 0.322506 0.000010
0.000010 0.000010 0.150761 0.128937 0.085539 0.000010 0.152477 0.482245 0.000010
0.131582 0.055460 0.000010 0.078986 0.000010 0.235791 0.178030 0.320119 0.000010
0.276663 0.079321 0.000010 0.101217 0.091203 0.005851 0.000010 0.367621 0.078104
0.275743 0.000010 0.000010 0.000010 0.131275 0.000010 0.135748 0.391332 0.065862
0.148533 0.018393 0.158763 0.166328 0.061314 0.000010 0.176244 0.270405 0.000010
0.400142 0.180218 0.000010 0.097756 0.022038 0.012252 0.000010 0.287565 0.000010
0.261899 0.081371 0.136945 0.000438 0.000010 0.000010 0.211765 0.307551 0.000010
0.280176 0.202545 0.090030 0.010779 0.000010 0.041322 0.075680 0.299448 0.000010
0.000010 0.065198 0.000010 0.000010 0.000010 0.187723 0.002523 0.000010 0.744505
0.000010 0.000010 0.000010 0.000010 0.000010 0.460653 0.050522 0.000010 0.488764
0.000010 0.000010 0.000010 0.000010 0.000010 0.221123 0.044200 0.000010 0.734617
0.000010 0.000010 0.000010 0.018072 0.000010 0.357188 0.000010 0.000010 0.624680
0.000010 0.000010 0.037335 0.000010 0.000010 0.413733 0.000010 0.000010 0.548872
0.000010 0.020096 0.000010 0.000010 0.020287 0.330976 0.000010 0.000010 0.628591
0.000010 0.000010 0.000010 0.000010 0.132981 0.323960 0.000010 0.000010 0.543000
0.000010 0.000010 0.000010 0.000010 0.000195 0.232636 0.041988 0.000010 0.725130
0.000010 0.000010 0.000010 0.000010 0.000010 0.435394 0.000010 0.000010 0.564536
0.000010 0.054389 0.000010 0.000010 0.000010 0.244583 0.000010 0.000010 0.700968
0.000010 0.000010 0.000010 0.044087 0.002998 0.299823 0.000010 0.056735 0.596318
0.000010 0.067201 0.000010 0.000010 0.000010 0.189968 0.000010 0.000010 0.742771
0.000010 0.032735 0.000010 0.000010 0.013170 0.433674 0.000010 0.000010 0.520371
0.000010 0.000010 0.000010 0.000010 0.036592 0.472133 0.000010 0.000010 0.491215
0.000010 0.057555 0.029425 0.000010 0.000010 0.271486 0.000010 0.000010 0.641484
0.000010 0.064332 0.000010 0.000010 0.000010 0.313676 0.000010 0.000010 0.621932
0.000010 0.000010 0.000010 0.000010 0.006653 0.308563 0.000010 0.032633 0.652102
0.000010 0.007177 0.000010 0.000010 0.000010 0.298556 0.015214 0.000010 0.679003
0.000010 0.000010 0.000010 0.000010 0.000010 0.230241 0.017530 0.000010 0.752168
0.022070 0.000010 0.000010 0.000010 0.000010 0.327336 0.015483 0.000010 0.635060
0.000010 0.000010 0.000010 0.000010 0.076143 0.308134 0.026329 0.000010 0.589344
0.000010 0.000010 0.000010 0.000010 0.000010 0.445147 0.000010 0.000010 0.554783
0.000010 0.025589 0.000010 0.026009 0.000010 0.246942 0.009290 0.000010 0.692130
0.000010 0.032208 0.000010 0.000011 0.000010 0.303651 0.000010 0.000010 0.664081
0.000010 0.000366 0.000010 0.000010 0.060141 0.487982 0.031120 0.000010 0.420351
0.000010 0.000010 0.000010 0.000010 0.025052 0.324677 0.000010 0.025549 0.624672
0.000010 0.049157 0.000010 0.000010 0.000010 0.440892 0.000010 0.000010 0.509891
0.000010 0.013859 0.000010 0.036791 0.000010 0.309742 0.000010 0.000010 0.639557
0.076996 0.000010 0.000010 0.011641 0.835839 0.000010 0.075474 0.000010 0.000010
0.418788 0.021246 0.000010 0.255337 0.016169 0.000010 0.000010 0.160330 0.128100
0.447130 0.000010 0.000010 0.340301 0.091240 0.000010 0.000010 0.005407 0.115881
0.282740 0.000010 0.000010 0.277357 0.000010 0.028671 0.000010 0.351770 0.059422
0.299005 0.000010 0.000010 0.352364 0.004119 0.000010 0.060665 0.177553 0.106263
0.554521 0.000010 0.062628 0.290794 0.018785 0.000010 0.003204 0.000010 0.070037
0.320970 0.000010 0.000010 0.385246 0.037624 0.000010 0.000010 0.110572 0.145548
0.429555 0.000010 0.000010 0.383830 0.128510 0.000010 0.000010 0.000010 0.058054
0.657834 0.009928 0.000010 0.235935 0.000010 0.000010 0.000010 0.087728 0.008534
0.301845 0.067138 0.014999 0.427654 0.082695 0.000010 0.000010 0.105640 0.000010
0.391665 0.000010 0.000010 0.335856 0.000010 0.008269 0.005327 0.258843 0.000010
0.287267 0.000010 0.000010 0.416743 0.025631 0.000010 0.000010 0.270310 0.000010
0.340109 0.000010 0.030242 0.238219 0.054268 0.000010 0.000010 0.216196 0.120936
0.506044 0.000010 0.000010 0.268658 0.000010 0.000010 0.037703 0.091452 0.096104
0.478567 0.061446 0.000010 0.288612 0.000010 0.000010 0.000010 0.022992 0.148343
0.302643 0.000010 0.047622 0.283360 0.009893 0.006756 0.026033 0.319639 0.004044
0.449392 0.000010 0.067728 0.400689 0.000010 0.000010 0.034125 0.048026 0.000010
0.216210 0.000010 0.000010 0.376142 0.109914 0.000010 0.000010 0.235925 0.061768
0.562338 0.000010 0.000010 0.096485 0.057142 0.000010 0.000010 0.229886 0.054108
0.381035 0.068052 0.000010 0.292978 0.000010 0.000010 0.012140 0.155310 0.090455
0.605333 0.000010 0.000010 0.165664 0.027040 0.078649 0.000010 0.123274 0.000010
0.309847 0.000010 0.000010 0.339993 0.088740 0.000010 0.128153 0.133227 0.000010
0.574539 0.000010 0.000010 0.158651 0.000010 0.000010 0.000010 0.201602 0.065158
0.495894 0.016168 0.023750 0.196658 0.000010 0.000010 0.132804 0.129825 0.004881
0.303410 0.000010 0.000010 0.297485 0.000010 0.000010 0.000010 0.383182 0.015873
0.524507 0.000010 0.213013 0.232761 0.000010 0.000010 0.000010 0.000010 0.029669
0.512617 0.055882 0.000010 0.300169 0.000361 0.036655 0.054191 0.040105 0.000010
0.445786 0.000010 0.028345 0.332386 0.000010 0.000010 0.000010 0.193433 0.000010
0.569333 0.000010 0.000010 0.138031 0.028185 0.019222 0.000010 0.045747 0.199452
0.000010 0.000010 0.016125 0.000010 0.850806 0.113325 0.010017 0.000010 0.009687
0.035349 0.000010 0.000010 0.000010 0.964581 0.000010 0.000010 0.000010 0.000010
0.000010 0.000010 0.028896 0.000010 0.950484 0.020560 0.000010 0.000010 0.000010
0.082671 0.048307 0.019414 0.001870 0.846539 0.000010 0.001169 0.000010 0.000010
0.042544 0.000013 0.073670 0.000010 0.808205 0.000010 0.000010 0.000010 0.075528
0.000010 0.000010 0.000010 0.034503 0.907757 0.015996 0.000010 0.000010 0.041694
0.000010 0.000010 0.000010 0.000010 0.969245 0.000010 0.000010 0.000010 0.030685
0.000010 0.002583 0.000010 0.000736 0.762313 0.000010 0.000010 0.136796 0.097531
0.011857 0.053845 0.000015 0.000010 0.911583 0.000010 0.000010 0.000010 0.022660
0.000010 0.000010 0.047876 0.001608 0.881778 0.000010 0.000010 0.000010 0.068688
0.035398 0.009870 0.002373 0.000010 0.919381 0.003571 0.000010 0.000010 0.029377
0.048595 0.000010 0.003185 0.000010 0.940199 0.006707 0.000010 0.000010 0.001274
0.019170 0.000010 0.026904 0.009678 0.914484 0.000010 0.000010 0.000010 0.029724
0.039769 0.000010 0.000010 0.000010 0.960161 0.000010 0.000010 0.000010 0.000010
0.000010 0.043765 0.000010 0.000010 0.896001 0.000010 0.000010 0.000010 0.060174
0.000010 0.000010 0.000010 0.000010 0.969757 0.029117 0.000010 0.000010 0.001066
0.006132 0.030393 0.000010 0.000010 0.942763 0.000010 0.000010 0.000010 0.020662
0.529970 0.000010 0.000010 0.150705 0.000010 0.000010 0.000010 0.235533 0.083742
0.626682 0.000010 0.000588 0.051028 0.000010 0.000850 0.000010 0.206366 0.114456
0.424035 0.000010 0.149510 0.075944 0.000010 0.000010 0.000010 0.350461 0.000010
0.492952 0.022137 0.000010 0.156751 0.132933 0.000010 0.009353 0.049847 0.136007
0.509201 0.003016 0.000010 0.100336 0.000010 0.047200 0.031417 0.308800 0.000010
0.518006 0.000011 0.041015 0.000010 0.036619 0.000010 0.000010 0.266652 0.137666
0.414497 0.103816 0.000010 0.178185 0.016912 0.000010 0.000010 0.176913 0.109646
0.556545 0.128599 0.000010 0.000010 0.000010 0.000010 0.000010 0.254951 0.059854
0.603147 0.000010 0.000010 0.074093 0.000010 0.000010 0.000010 0.267365 0.055345
0.609025 0.000010 0.000010 0.085551 0.021063 0.000010 0.000010 0.226314 0.058007
0.549663 0.000010 0.000010 0.060428 0.044819 0.040579 0.057915 0.196520 0.050056
0.497558 0.000339 0.000010 0.095834 0.000010 0.000010 0.001171 0.263517 0.141550
0.604525 0.026518 0.000010 0.077631 0.000010 0.075587 0.007473 0.208236 0.000010
0.498009 0.000010 0.000010 0.000010 0.025127 0.000010 0.000010 0.339588 0.137225
0.438335 0.144803 0.000010 0.000010 0.017594 0.000010 0.005623 0.295061 0.098553
0.516519 0.000010 0.000010 0.103939 0.042891 0.000010 0.000010 0.321075 0.015536
0.605290 0.052928 0.000010 0.105202 0.142735 0.000010 0.000010 0.093805 0.000010
0.574039 0.115303 0.000010 0.000010 0.031901 0.000010 0.000010 0.192096 0.086622
0.237272 0.119302 0.000010 0.033180 0.043043 0.000010 0.000010 0.416943 0.150229
0.416070 0.011957 0.053411 0.050014 0.014249 0.000010 0.000010 0.293565 0.160714
0.530389 0.000010 0.000010 0.153240 0.010888 0.000010 0.041374 0.191911 0.072168
0.668959 0.046072 0.000010 0.166409 0.000010 0.000010 0.000010 0.118510 0.000010
0.399142 0.136104 0.000010 0.089331 0.000010 0.085475 0.073390 0.161460 0.055078
0.560098 0.000010 0.025191 0.106961 0.000010 0.016539 0.037385 0.085150 0.168656
0.463926 0.000010 0.026619 0.000010 0.022792 0.113106 0.029096 0.302369 0.042073
0.422500 0.000010 0.000010 0.094504 0.010063 0.000010 0.101717 0.255432 0.115755
0.598333 0.000010 0.006707 0.118674 0.019536 0.009476 0.000010 0.226198 0.021056
0.513684 0.000010 0.000010 0.085386 0.000010 0.023582 0.106287 0.182929 0.088102
0.591455 0.000010 0.000010 0.013219 0.119664 0.096303 0.000010 0.179319 0.000010
0.390986 0.000010 0.143405 0.062266 0.007292 0.000010 0.000010 0.294122 0.101898
0.443230 0.000010 0.000010 0.104227 0.000010 0.000010 0.042883 0.409610 0.000010
0.473291 0.013749 0.025329 0.180940 0.000010 0.034266 0.000010 0.272395 0.000010
0.528279 0.047484 0.000010 0.116067 0.000010 0.000010 0.000010 0.086519 0.221611
0.448725 0.000010 0.000010 0.208092 0.087453 0.000010 0.014490 0.187466 0.053744
0.815746 0.000010 0.025111 0.000010 0.000010 0.000010 0.000010 0.124644 0.034448
0.387414 0.058139 0.000010 0.144959 0.000010 0.000010 0.051809 0.275582 0.082066
0.647677 0.000010 0.000010 0.038166 0.000010 0.000010 0.043305 0.229814 0.040998
0.587200 0.000010 0.010673 0.051319 0.019454 0.000010 0.091141 0.170919 0.069274
0.605652 0.000010 0.048633 0.000010 0.000010 0.000010 0.000010 0.297221 0.048444
0.504810 0.051554 0.000010 0.133209 0.044489 0.000010 0.000010 0.264607 0.001301
0.693514 0.000010 0.000010 0.008552 0.000010 0.013788 0.080380 0.203727 0.000010
0.473252 0.000010 0.000010 0.112509 0.000010 0.001346 0.006040 0.317231 0.089593
0.628181 0.081336 0.089048 0.016971 0.000010 0.000010 0.000010 0.037727 0.146706
0.416093 0.000010 0.000010 0.286837 0.000010 0.000010 0.000010 0.252548 0.044471
0.504618 0.000010 0.034066 0.000010 0.000010 0.046317 0.000010 0.348902 0.066057
0.597880 0.000010 0.000010 0.088333 0.000010 0.000010 0.012977 0.221086 0.079684
0.585518 0.000010 0.000010 0.000010 0.033551 0.132054 0.027691 0.221146 0.000010
0.489007 0.000010 0.000010 0.143182 0.000010 0.000010 0.108635 0.158458 0.100677
0.514120 0.000010 0.032301 0.035532 0.000010 0.028561 0.040633 0.331739 0.017095
0.468622 0.000010 0.060191 0.000010 0.077274 0.000010 0.036858 0.342066 0.014959
0.435694 0.000010 0.043386 0.000010 0.000010 0.152495 0.106300 0.146165 0.115929
0.540567 0.000010 0.049517 0.060255 0.027173 0.061577 0.000010 0.260881 0.000010
0.439313 0.071599 0.000010 0.047899 0.053344 0.000010 0.016975 0.225379 0.145472
0.679897 0.000010 0.072442 0.000010 0.000010 0.000010 0.000010 0.247601 0.000010
0.686206 0.000010 0.104949 0.007403 0.000010 0.049721 0.000010 0.107253 0.044437
0.199859 0.024841 0.000010 0.000010 0.021960 0.149971 0.000010 0.092178 0.511161
0.584396 0.012653 0.000010 0.243986 0.000010 0.000010 0.000010 0.100586 0.058339
0.768779 0.000010 0.000010 0.000010 0.133428 0.000010 0.000010 0.034837 0.062906
0.492639 0.000010 0.000010 0.181095 0.000010 0.000010 0.161521 0.021262 0.143443
0.531464 0.006391 0.000010 0.075129 0.000010 0.000010 0.000010 0.235445 0.151531
0.503546 0.000010 0.000010 0.000010 0.014855 0.000010 0.000010 0.430712 0.050837
0.519659 0.000010 0.000010 0.000010 0.000010 0.000010 0.000010 0.178153 0.302128
0.606705 0.051862 0.000010 0.000010 0.000010 0.000010 0.000010 0.000010 0.341372
0.553020 0.000010 0.000010 0.192713 0.000010 0.000010 0.000010 0.091149 0.163068
0.601508 0.000981 0.003058 0.067662 0.003818 0.000010 0.125829 0.031001 0.166133
0.490297 0.000010 0.000010 0.116323 0.064428 0.026180 0.004614 0.255457 0.042682
0.384361 0.000010 0.122982 0.247084 0.023926 0.000010 0.000010 0.170749 0.050868
0.355283 0.125034 0.084335 0.154039 0.000010 0.000010 0.000010 0.101697 0.179581
0.411853 0.000010 0.042563 0.105736 0.118564 0.000010 0.000010 0.132462 0.188791
0.749279 0.055768 0.016474 0.000010 0.127316 0.000010 0.002175 0.048958 0.000010
0.762545 0.065054 0.000010 0.025731 0.020233 0.060441 0.032871 0.000010 0.033104
0.555931 0.000010 0.000010 0.144729 0.000010 0.074619 0.000010 0.224672 0.000010
0.443573 0.033678 0.096279 0.010181 0.000010 0.000010 0.000010 0.238354 0.177905
0.673280 0.000010 0.079135 0.090733 0.049266 0.000010 0.000010 0.066005 0.041552
0.408251 0.048190 0.048665 0.088726 0.000010 0.000010 0.000010 0.291457 0.114681
0.483929 0.029051 0.050276 0.214491 0.000010 0.000010 0.000010 0.045265 0.176958
0.674788 0.070768 0.000010 0.091278 0.000010 0.000010 0.000010 0.000010 0.163115
0.726542 0.007471 0.030335 0.000010 0.020899 0.022123 0.081356 0.111254 0.000010
0.422033 0.000010 0.000010 0.049789 0.091879 0.000010 0.000010 0.054730 0.381529
0.514596 0.000010 0.000010 0.000010 0.000010 0.000010 0.000010 0.299095 0.186250
0.427713 0.000010 0.000010 0.340765 0.180478 0.000010 0.000010 0.000010 0.050993
0.428843 0.043219 0.000010 0.056414 0.038676 0.000010 0.107402 0.133808 0.191619
0.657021 0.144560 0.000010 0.000010 0.000010 0.000010 0.000010 0.124207 0.074161
0.434568 0.000010 0.064944 0.027677 0.067721 0.000010 0.000010 0.085241 0.319819
0.567617 0.000010 0.000010 0.000010 0.000010 0.000010 0.033918 0.320647 0.077767
0.443944 0.000010 0.000010 0.193416 0.000010 0.000010 0.000010 0.262654 0.099936
0.489341 0.000010 0.000010 0.278831 0.019923 0.000010 0.032877 0.026582 0.152415
0.000010 0.051482 0.017610 0.154993 0.629679 0.000010 0.093266 0.045835 0.007114
0.000010 0.000010 0.000010 0.000010 0.800026 0.000010 0.119934 0.000010 0.079980
0.000010 0.000010 0.000010 0.064682 0.822923 0.063668 0.048676 0.000010 0.000010
0.029904 0.000010 0.017304 0.000010 0.774803 0.000010 0.165512 0.000010 0.012437
0.000010 0.000010 0.000010 0.004164 0.876315 0.000010 0.115845 0.000010 0.003625
0.000010 0.000010 0.000010 0.069055 0.768869 0.011900 0.082787 0.000010 0.067350
0.000010 0.084219 0.000010 0.000010 0.630888 0.000010 0.212407 0.000010 0.072437
0.546122 0.000010 0.092229 0.208310 0.075702 0.000010 0.024768 0.000010 0.052838
0.481504 0.000010 0.000010 0.157056 0.102759 0.000010 0.000010 0.240605 0.018037
0.549398 0.053353 0.000010 0.268607 0.015329 0.000010 0.052382 0.060901 0.000010
0.719415 0.000010 0.000010 0.000010 0.000010 0.000010 0.000010 0.220986 0.059539
0.469405 0.205862 0.006221 0.223155 0.089041 0.006285 0.000010 0.000010 0.000010
0.675285 0.000010 0.000010 0.073090 0.039669 0.000010 0.000010 0.114731 0.097186
0.512676 0.000010 0.000010 0.340884 0.000010 0.000010 0.042479 0.001154 0.102768
0.525146 0.000010 0.088608 0.270421 0.053081 0.003673 0.000010 0.059041 0.000010
0.719297 0.049736 0.000010 0.101717 0.000010 0.000010 0.026429 0.018652 0.084139
0.558505 0.000010 0.030069 0.259416 0.000010 0.000010 0.000010 0.151960 0.000010
0.366877 0.000010 0.000010 0.180102 0.033747 0.000010 0.039328 0.367661 0.012255
0.465962 0.027064 0.003247 0.136644 0.004192 0.000010 0.000010 0.288018 0.074854
0.314564 0.000010 0.000010 0.403535 0.000010 0.000010 0.000010 0.234594 0.047257
0.373759 0.000010 0.000010 0.216680 0.141942 0.000010 0.000010 0.086836 0.180744
0.551964 0.000010 0.000010 0.144767 0.064704 0.000010 0.000010 0.215827 0.022698
0.629561 0.000010 0.000010 0.000010 0.016285 0.000010 0.000010 0.301817 0.052287
0.570948 0.000010 0.061780 0.052561 0.000010 0.000010 0.000010 0.309292 0.005380
0.568982 0.000010 0.000010 0.114775 0.100303 0.104269 0.000010 0.103180 0.008462
0.299949 0.000010 0.063128 0.169145 0.005929 0.000010 0.000010 0.291844 0.169975
0.258268 0.035376 0.042078 0.260724 0.000010 0.037743 0.018175 0.249276 0.098349
0.610509 0.018282 0.109960 0.000010 0.080280 0.000010 0.015132 0.000010 0.165807
0.570215 0.000010 0.000010 0.246763 0.000011 0.024640 0.000010 0.044366 0.113975
0.543610 0.000010 0.074913 0.051531 0.001872 0.033692 0.084032 0.199533 0.010807
0.585106 0.000010 0.000010 0.086357 0.014565 0.000010 0.000010 0.179829 0.134104
0.300991 0.000010 0.000010 0.222267 0.113164 0.086526 0.000010 0.159803 0.117219
0.416804 0.000010 0.000010 0.146778 0.000010 0.000010 0.008408 0.312885 0.115085
0.466298 0.009504 0.013785 0.084127 0.000010 0.000010 0.004852 0.135066 0.286349
0.669580 0.000010 0.000010 0.020925 0.057482 0.000010 0.000010 0.251963 0.000010
0.355498 0.000010 0.000010 0.122913 0.040772 0.000010 0.000010 0.272656 0.208122
0.452425 0.000010 0.001038 0.012591 0.114674 0.000010 0.013910 0.156685 0.248657
0.447696 0.003145 0.000010 0.199271 0.081819 0.040527 0.031412 0.196109 0.000010
0.367518 0.006108 0.000010 0.118941 0.000010 0.009334 0.000010 0.235944 0.262125
0.437635 0.004441 0.000010 0.270782 0.036161 0.000010 0.000010 0.118729 0.132222
0.582259 0.000010 0.000010 0.194854 0.000010 0.087680 0.119953 0.000010 0.015214
0.733730 0.000010 0.000010 0.000010 0.000010 0.064290 0.000010 0.201920 0.000010
0.000010 0.968805 0.000010 0.000010 0.000010 0.031125 0.000010 0.000010 0.000010
0.000010 0.792025 0.000010 0.068059 0.000010 0.000010 0.139856 0.000010 0.000010
0.008667 0.897428 0.059887 0.000010 0.000010 0.000010 0.033968 0.000010 0.000010
0.000010 0.945405 0.000010 0.000010 0.000010 0.000010 0.054525 0.000010 0.000010
0.000010 0.000010 0.389402 0.167839 0.000010 0.012365 0.430345 0.000010 0.000010
0.000010 0.000010 0.567782 0.066487 0.000010 0.000010 0.365671 0.000010 0.000010
0.000010 0.000010 0.280540 0.035222 0.000010 0.000010 0.316656 0.328996 0.038547
0.000010 0.000010 0.486514 0.016737 0.006483 0.000010 0.444840 0.000010 0.045386
0.013732 0.082189 0.308364 0.000010 0.071702 0.000010 0.333600 0.127488 0.062904
0.000010 0.000010 0.474659 0.000010 0.020411 0.000010 0.467398 0.000010 0.037482
0.000010 0.095814 0.607397 0.004333 0.000010 0.000010 0.292406 0.000010 0.000010
0.025105 0.000010 0.360297 0.133448 0.017076 0.000010 0.360926 0.103118 0.000010
0.000010 0.000010 0.490670 0.072595 0.000010 0.000010 0.436675 0.000010 0.000010
0.148777 0.078393 0.300169 0.074209 0.045688 0.000010 0.352733 0.000011 0.000010
0.600634 0.000010 0.000010 0.000010 0.000010 0.000010 0.000010 0.273212 0.126094
0.662541 0.016552 0.000010 0.000010 0.000010 0.025021 0.154550 0.141296 0.000010
0.473060 0.000010 0.000010 0.164284 0.000010 0.056222 0.000010 0.306384 0.000010
0.600704 0.000010 0.000010 0.199736 0.032945 0.019479 0.107652 0.000010 0.039452
0.629816 0.035827 0.020179 0.197787 0.000010 0.000010 0.000010 0.116351 0.000010
0.605493 0.001686 0.052557 0.000010 0.050128 0.000010 0.000010 0.210394 0.079712
0.362867 0.103893 0.000010 0.000010 0.000010 0.148813 0.013938 0.308914 0.061545
0.330254 0.000010 0.000010 0.000010 0.000010 0.000010 0.085332 0.489884 0.094480
0.642626 0.000010 0.000010 0.099580 0.167582 0.000010 0.000010 0.090162 0.000010
0.499646 0.009664 0.004290 0.091820 0.000010 0.000010 0.000010 0.220890 0.173659
0.461702 0.000010 0.000010 0.239470 0.000010 0.000010 0.000010 0.204671 0.094108
0.513256 0.000010 0.047460 0.106846 0.032158 0.009950 0.010696 0.279613 0.000010
0.357307 0.000010 0.000010 0.086067 0.026322 0.000010 0.000010 0.274244 0.256020
0.274812 0.201094 0.056866 0.069457 0.037825 0.000010 0.000010 0.243950 0.115975
0.600654 0.139962 0.000010 0.000010 0.069432 0.000010 0.000010 0.000010 0.189903
0.547962 0.074482 0.000010 0.132158 0.000010 0.000010 0.067883 0.100188 0.077297
0.538276 0.000010 0.000010 0.344676 0.000010 0.002296 0.000010 0.068281 0.046431
0.543313 0.076807 0.000010 0.000010 0.025312 0.058339 0.000010 0.192651 0.103548
0.698358 0.000010 0.000010 0.059150 0.000010 0.030568 0.000010 0.211874 0.000010
0.498750 0.145372 0.000010 0.000010 0.004715 0.031915 0.000010 0.244052 0.075167
0.554273 0.024443 0.072328 0.000010 0.038998 0.000210 0.000010 0.248371 0.061357
0.000010 0.073571 0.718236 0.037960 0.000010 0.000010 0.152527 0.000010 0.017666
0.070697 0.021438 0.737070 0.000010 0.000010 0.005135 0.112786 0.046828 0.006025
0.000010 0.004792 0.736599 0.066938 0.000010 0.000010 0.191621 0.000010 0.000010
0.000010 0.000010 0.631732 0.000010 0.018453 0.000010 0.309677 0.000010 0.040088
0.006219 0.000010 0.594478 0.000010 0.000010 0.000010 0.358231 0.000010 0.041021
0.000010 0.044635 0.657121 0.003805 0.000010 0.000010 0.267997 0.000010 0.026402
0.000010 0.054176 0.613800 0.051874 0.045951 0.000016 0.187864 0.000010 0.046298
0.000010 0.052340 0.631215 0.071707 0.000010 0.000010 0.213185 0.002514 0.029008
0.020396 0.000010 0.836628 0.000010 0.000010 0.000010 0.067280 0.016658 0.058997
0.000010 0.000010 0.633492 0.013215 0.005847 0.000010 0.299201 0.000010 0.048206
0.001103 0.047265 0.610227 0.000010 0.000010 0.000010 0.215016 0.000010 0.126349
0.000010 0.024545 0.658066 0.000010 0.000010 0.000010 0.255851 0.000010 0.061488
0.008537 0.076744 0.721378 0.000010 0.000010 0.051903 0.141399 0.000010 0.000010
0.000010 0.000010 0.571365 0.048917 0.000010 0.000010 0.366601 0.000010 0.013067
0.000010 0.064043 0.587824 0.000010 0.000010 0.000010 0.262463 0.036298 0.049332
0.000010 0.096095 0.504932 0.000010 0.012672 0.000010 0.252992 0.087665 0.045613
0.016741 0.000010 0.744829 0.096886 0.000010 0.000010 0.058827 0.000010 0.082677
0.000010 0.182578 0.614131 0.000010 0.000010 0.001760 0.201482 0.000010 0.000010
0.093016 0.094115 0.686922 0.000010 0.000010 0.010351 0.115556 0.000010 0.000010
0.000010 0.032557 0.645173 0.036707 0.000010 0.000010 0.285513 0.000010 0.000010
0.000010 0.001139 0.829578 0.087089 0.000010 0.000010 0.082144 0.000010 0.000010
0.000010 0.000010 0.698351 0.060311 0.000010 0.000010 0.080049 0.161239 0.000010
0.000010 0.000010 0.566166 0.000010 0.027734 0.100751 0.305298 0.000010 0.000010
0.000010 0.000010 0.675910 0.000010 0.032530 0.000010 0.178665 0.000010 0.112846
0.007410 0.000010 0.719273 0.157596 0.075955 0.000010 0.039727 0.000010 0.000010
0.038946 0.000010 0.695788 0.000010 0.000010 0.000010 0.224476 0.000010 0.040740
0.000010 0.000010 0.573585 0.033301 0.000010 0.000010 0.372808 0.000010 0.020256
0.004220 0.000010 0.642316 0.033089 0.000010 0.000010 0.318579 0.000010 0.001756
0.082074 0.020778 0.646060 0.013711 0.000010 0.000010 0.237337 0.000010 0.000010
0.000010 0.100972 0.618044 0.100689 0.000010 0.000010 0.180245 0.000010 0.000010
0.000010 0.000010 0.497353 0.000010 0.000010 0.000010 0.428863 0.000010 0.073724
0.000010 0.000010 0.589709 0.000010 0.000010 0.000010 0.262065 0.000010 0.148166
0.000010 0.018265 0.500679 0.007319 0.000010 0.000010 0.396480 0.000010 0.077217
0.000010 0.000010 0.610165 0.101791 0.003263 0.000010 0.284731 0.000010 0.000010
0.000010 0.000010 0.781028 0.035625 0.000010 0.011598 0.155835 0.000010 0.015874
0.000010 0.130284 0.709947 0.000010 0.000010 0.000010 0.159709 0.000010 0.000010
0.000010 0.100129 0.499434 0.000010 0.000010 0.006725 0.318534 0.000010 0.075139
0.000010 0.000010 0.538629 0.000010 0.000010 0.000010 0.391132 0.000010 0.070179
0.000010 0.032391 0.526702 0.152745 0.000010 0.000010 0.278488 0.000010 0.009634
0.055350 0.007558 0.000010 0.012503 0.908455 0.000010 0.016095 0.000010 0.000010
0.000010 0.000010 0.000010 0.000010 0.930893 0.050064 0.000010 0.000010 0.018983
0.132259 0.000010 0.675484 0.000010 0.002735 0.000010 0.148144 0.000010 0.041338
0.034657 0.121093 0.480158 0.010703 0.000010 0.000010 0.326722 0.026108 0.000540
0.320048 0.000010 0.000010 0.350482 0.000010 0.000010 0.023119 0.278607 0.027703
0.170304 0.000010 0.022579 0.576757 0.009412 0.000010 0.000010 0.207337 0.013581
0.441211 0.078153 0.023310 0.261947 0.068774 0.000010 0.000010 0.126574 0.000010
0.352109 0.000010 0.183105 0.397701 0.000010 0.000010 0.000010 0.067035 0.000010
0.334366 0.089672 0.000010 0.336267 0.000010 0.000010 0.018383 0.213406 0.007876
0.375802 0.155385 0.000010 0.217027 0.000010 0.000010 0.000010 0.145518 0.106228
0.359907 0.060840 0.000010 0.301734 0.000010 0.000010 0.000010 0.277470 0.000010
0.564065 0.053967 0.000010 0.345608 0.000010 0.000010 0.000010 0.000010 0.036311
0.175750 0.138665 0.000010 0.517237 0.024122 0.000010 0.020174 0.124023 0.000010
0.350148 0.049208 0.000010 0.248493 0.000010 0.000010 0.000010 0.262644 0.089467
0.150867 0.000010 0.000010 0.580030 0.000010 0.000010 0.019317 0.164519 0.085227
0.440401 0.000010 0.000010 0.349113 0.048067 0.000010 0.074287 0.088092 0.000010
0.196115 0.081021 0.017845 0.480583 0.067103 0.028133 0.000010 0.111490 0.017700
0.000010 0.020335 0.682361 0.059568 0.000010 0.000010 0.237686 0.000010 0.000010
0.000010 0.000010 0.642137 0.073228 0.000010 0.000010 0.250386 0.030351 0.003857
0.000010 0.066935 0.611500 0.000010 0.000010 0.000010 0.272132 0.000010 0.049384
0.069752 0.000010 0.695901 0.000010 0.053984 0.000010 0.157780 0.000010 0.022543
0.043737 0.067349 0.578602 0.000010 0.000010 0.000010 0.281975 0.008592 0.019715
0.000010 0.000010 0.622032 0.000010 0.000010 0.000010 0.275142 0.000010 0.102765
0.000010 0.028550 0.566374 0.079024 0.000010 0.000010 0.240143 0.085870 0.000010
0.087369 0.027330 0.565933 0.000011 0.000010 0.000010 0.319317 0.000010 0.000010
0.017566 0.100206 0.383912 0.022690 0.000010 0.000010 0.413343 0.062252 0.000010
0.000010 0.045544 0.446657 0.037753 0.054967 0.000010 0.415039 0.000010 0.000010
0.000010 0.046231 0.705276 0.000010 0.000010 0.000010 0.221460 0.000010 0.026983
0.044905 0.015199 0.553311 0.000010 0.000010 0.000010 0.384812 0.000010 0.001733
