0.353889 0.034657 0.000010 0.070369 0.009643 0.000010 0.021701 0.509711 0.000010
0.249726 0.192286 0.008833 0.000010 0.000010 0.000010 0.000010 0.465672 0.083443
0.467459 0.000010 0.000010 0.057358 0.000010 0.000010 0.076811 0.398323 0.000010
0.082297 0.119896 0.083294 0.178377 0.000010 0.000010 0.059199 0.476907 0.000010
0.372656 0.044601 0.008427 0.010143 0.000010 0.000010 0.080153 0.437141 0.046860
0.283360 0.005997 0.000010 0.000010 0.000010 0.017835 0.023017 0.367917 0.301844
0.307125 0.000010 0.000010 0.000010 0.000010 0.000010 0.068724 0.624091 0.000010
0.220034 0.000010 0.134612 0.297241 0.002146 0.061955 0.063887 0.165480 0.054635
0.276989 0.000010 0.000010 0.000010 0.000010 0.047136 0.051090 0.624735 0.000010
0.323906 0.000010 0.105505 0.004566 0.000010 0.000010 0.128389 0.343027 0.094577
0.251412 0.063156 0.000010 0.154895 0.000010 0.000010 0.000010 0.455304 0.075193
0.375990 0.000010 0.015281 0.093330 0.002525 0.000010 0.036802 0.476042 0.000010
0.343669 0.019996 0.000010 0.104189 0.000010 0.000010 0.000010 0.532096 0.000010
0.445744 0.056841 0.000010 0.000010 0.000010 0.000010 0.000010 0.374350 0.123015
0.000010 0.003114 0.114598 0.441581 0.098433 0.000010 0.059036 0.223240 0.059978
0.471464 0.041455 0.000010 0.107529 0.000010 0.000010 0.028406 0.331399 0.019717
0.191256 0.009091 0.111497 0.217198 0.095666 0.000010 0.068732 0.277353 0.029197
0.450605 0.000010 0.034709 0.000010 0.000010 0.042925 0.000010 0.471711 0.000010
0.171296 0.000010 0.041050 0.026486 0.000010 0.000010 0.060968 0.459526 0.240644
0.310454 0.110293 0.032086 0.000010 0.032745 0.005248 0.153180 0.355974 0.000010
0.228470 0.116300 0.000010 0.059561 0.000010 0.000010 0.000010 0.482636 0.112994
0.332711 0.087378 0.012368 0.030915 0.000010 0.000010 0.092931 0.410590 0.033086
0.442283 0.062153 0.000010 0.071516 0.001642 0.000010 0.164869 0.257506 0.000010
0.274946 0.000010 0.002694 0.231903 0.000010 0.000010 0.027846 0.458694 0.003886
0.329755 0.000010 0.000010 0.053153 0.000010 0.000010 0.079946 0.502384 0.034722
0.251230 0.105328 0.000010 0.000010 0.000010 0.000010 0.000010 0.569256 0.074136
0.254514 0.017437 0.178130 0.031805 0.000010 0.000010 0.000010 0.459505 0.058579
0.309487 0.000010 0.017519 0.000010 0.021842 0.000010 0.031106 0.360022 0.259996
0.222741 0.067345 0.000010 0.162074 0.027403 0.000010 0.126073 0.301177 0.093167
0.459417 0.071946 0.121012 0.000010 0.000010 0.000010 0.105683 0.241902 0.000010
0.478094 0.035804 0.000010 0.096633 0.089852 0.047645 0.000010 0.251941 0.000010
0.423117 0.000010 0.007897 0.000010 0.000010 0.022502 0.102201 0.320369 0.123884
0.424067 0.000010 0.023031 0.000010 0.000010 0.000010 0.087994 0.426637 0.038231
0.193652 0.000010 0.105893 0.114867 0.030172 0.045003 0.127214 0.383178 0.000010
0.070139 0.000010 0.016667 0.035650 0.131748 0.018624 0.183896 0.543256 0.000010
0.415515 0.000010 0.000010 0.077354 0.098920 0.000339 0.000010 0.407832 0.000010
0.089154 0.050406 0.000010 0.101954 0.000010 0.000010 0.144873 0.613572 0.000010
0.493401 0.026197 0.000010 0.000010 0.000010 0.029540 0.065479 0.385342 0.000010
0.330967 0.039482 0.059929 0.168236 0.000010 0.000010 0.057554 0.343802 0.000010
0.130655 0.000010 0.123895 0.188964 0.000010 0.032633 0.017841 0.505983 0.000010
0.496658 0.129480 0.000010 0.000010 0.090871 0.000010 0.000010 0.233859 0.049091
0.344998 0.000010 0.000010 0.000010 0.000010 0.000010 0.000010 0.530670 0.124272
0.346232 0.219894 0.000010 0.000010 0.029680 0.011781 0.039110 0.313266 0.040017
0.080516 0.116332 0.103571 0.198360 0.000010 0.040875 0.000010 0.460316 0.000010
0.362278 0.000010 0.000010 0.035480 0.058429 0.000010 0.000010 0.543763 0.000010
0.376139 0.000010 0.064428 0.000010 0.043125 0.006087 0.059451 0.431478 0.019273
0.152369 0.043505 0.078422 0.196102 0.000521 0.000010 0.000010 0.529050 0.000010
0.340038 0.000010 0.147866 0.126517 0.000010 0.004876 0.101431 0.266458 0.012793
0.000010 0.153392 0.391929 0.000010 0.041454 0.000010 0.035515 0.377671 0.000010
0.333260 0.000010 0.156434 0.252194 0.000010 0.000010 0.026509 0.231563 0.000010
0.283698 0.198538 0.049089 0.031227 0.033080 0.000010 0.114887 0.289462 0.000010
0.191419 0.000010 0.489112 0.000010 0.191113 0.000010 0.070856 0.057460 0.000010
0.339334 0.182774 0.195097 0.000010 0.000010 0.063183 0.000010 0.125420 0.094162
0.336013 0.115530 0.353952 0.168768 0.011655 0.000010 0.000010 0.000010 0.014052
0.029289 0.000010 0.489786 0.000010 0.000910 0.000010 0.180755 0.299220 0.000010
0.152097 0.000010 0.146683 0.162007 0.058506 0.000010 0.114701 0.285528 0.080457
0.266600 0.088611 0.407840 0.000010 0.000010 0.000010 0.212066 0.024844 0.000010
0.119807 0.011854 0.394772 0.000010 0.000010 0.000010 0.221664 0.251863 0.000010
0.024934 0.000010 0.622914 0.023510 0.000010 0.068236 0.158104 0.102272 0.000010
0.242257 0.000010 0.454019 0.000010 0.000010 0.000010 0.152593 0.151080 0.000010
0.000010 0.120568 0.391502 0.000010 0.085885 0.031060 0.232835 0.138120 0.000010
0.204523 0.099296 0.341245 0.000010 0.075733 0.034084 0.020895 0.192041 0.032172
0.106293 0.028384 0.268534 0.316252 0.041790 0.000010 0.081778 0.156949 0.000010
0.093018 0.000010 0.121567 0.000010 0.027821 0.000010 0.172832 0.437698 0.147034
0.000010 0.203821 0.436191 0.019917 0.000010 0.000010 0.170465 0.169566 0.000010
0.000010 0.003319 0.170525 0.000010 0.055224 0.000010 0.086910 0.683981 0.000010
0.000010 0.000010 0.106920 0.345073 0.000010 0.000010 0.106765 0.441192 0.000010
0.020955 0.033628 0.491097 0.119852 0.000010 0.000010 0.177694 0.127591 0.029163
0.273649 0.000010 0.228287 0.022614 0.075993 0.004983 0.152007 0.242447 0.000010
0.216120 0.013955 0.080757 0.183525 0.192822 0.005388 0.000010 0.234827 0.072595
0.123185 0.095226 0.000010 0.099207 0.058507 0.000010 0.114373 0.070895 0.438586
0.135223 0.066682 0.000010 0.000010 0.000010 0.000010 0.129125 0.668920 0.000010
0.454433 0.156092 0.071118 0.234930 0.000010 0.072891 0.000010 0.010506 0.000010
0.383510 0.053348 0.002944 0.108318 0.042289 0.000010 0.006602 0.342369 0.060611
0.235143 0.000010 0.000010 0.000010 0.072862 0.015429 0.117569 0.558957 0.000010
0.146299 0.000010 0.118078 0.000010 0.054527 0.050000 0.028042 0.389452 0.213582
0.531173 0.000010 0.026005 0.047188 0.000010 0.043120 0.019158 0.333325 0.000010
0.118175 0.090007 0.000010 0.011779 0.000010 0.000010 0.106537 0.309911 0.363560
0.527066 0.000010 0.000010 0.008752 0.000010 0.000010 0.019498 0.444635 0.000010
0.351483 0.000010 0.126655 0.000010 0.000010 0.000010 0.000010 0.521803 0.000010
0.316966 0.003877 0.000010 0.000010 0.000010 0.000010 0.135730 0.543377 0.000010
0.184829 0.089751 0.107956 0.067610 0.000010 0.000010 0.068885 0.480941 0.000010
0.389964 0.000010 0.000010 0.066114 0.105181 0.076883 0.097197 0.264631 0.000010
0.235750 0.020078 0.028055 0.165987 0.000010 0.000010 0.103428 0.353374 0.093309
0.175540 0.180758 0.000010 0.067007 0.016245 0.000010 0.010868 0.434759 0.114803
0.244989 0.000010 0.050014 0.000010 0.000010 0.000010 0.133624 0.497673 0.073660
0.449549 0.000010 0.000010 0.023536 0.000010 0.000010 0.195908 0.327541 0.003425
0.432948 0.029813 0.000010 0.000010 0.000010 0.000010 0.052071 0.453217 0.031911
0.195416 0.000010 0.000010 0.169925 0.093538 0.000010 0.106050 0.435031 0.000010
0.508710 0.000010 0.000010 0.000010 0.091162 0.038846 0.071758 0.248824 0.040669
0.598512 0.000010 0.000010 0.052563 0.000010 0.000010 0.038169 0.221991 0.088725
0.425993 0.007053 0.000010 0.150076 0.000010 0.012458 0.052539 0.351851 0.000010
0.294890 0.083068 0.000010 0.022716 0.000010 0.000010 0.000010 0.532528 0.066758
0.458099 0.091915 0.000010 0.004640 0.000010 0.000010 0.000010 0.445296 0.000010
0.454325 0.000010 0.000010 0.011050 0.131004 0.004220 0.062672 0.209058 0.127650
0.109266 0.000010 0.000010 0.031133 0.000010 0.000010 0.280135 0.579416 0.000010
0.060882 0.026890 0.000010 0.060852 0.080093 0.000010 0.264934 0.465584 0.040745
0.302132 0.002261 0.035801 0.033058 0.136122 0.000010 0.028468 0.407085 0.055063
0.193835 0.000010 0.000010 0.025942 0.000010 0.001036 0.205640 0.459604 0.113913
0.222258 0.000010 0.000010 0.109563 0.000010 0.000010 0.051265 0.533974 0.082900
0.225170 0.054996 0.000010 0.193905 0.031139 0.000010 0.081783 0.412978 0.000010
0.183200 0.000010 0.051952 0.000010 0.111773 0.150001 0.130588 0.276284 0.096182
0.262575 0.000010 0.102066 0.000010 0.017760 0.000010 0.193715 0.387835 0.036019
0.154681 0.000010 0.003295 0.000010 0.000010 0.000010 0.236658 0.605316 0.000010
0.290797 0.002448 0.117101 0.090540 0.000010 0.021007 0.074892 0.403195 0.000010
0.000010 0.093426 0.154819 0.142132 0.027879 0.000010 0.085843 0.495872 0.000010
0.293972 0.000010 0.000010 0.016793 0.016967 0.000010 0.188369 0.482675 0.001193
0.090559 0.000010 0.075134 0.103677 0.000010 0.000010 0.044450 0.478586 0.207564
0.027650 0.000010 0.000010 0.000010 0.000010 0.000010 0.325216 0.609691 0.037393
0.205281 0.070513 0.080202 0.000010 0.025107 0.000010 0.087666 0.531201 0.000010
0.000010 0.059330 0.000010 0.000010 0.049339 0.000010 0.222410 0.600365 0.068515
0.241180 0.035898 0.097959 0.000010 0.085034 0.000010 0.135964 0.403935 0.000010
0.329894 0.042963 0.000010 0.000010 0.000010 0.000010 0.132378 0.446337 0.048388
0.080169 0.099069 0.000010 0.100956 0.026350 0.000010 0.000010 0.403092 0.290334
0.094566 0.136502 0.000010 0.077434 0.078560 0.000010 0.047710 0.565198 0.000010
0.370727 0.097836 0.000010 0.081872 0.000010 0.072381 0.093532 0.281321 0.002310
0.029555 0.066274 0.014591 0.028064 0.139985 0.000010 0.146588 0.557036 0.017897
0.184573 0.000010 0.000010 0.174947 0.000010 0.032777 0.238301 0.369362 0.000010
0.178950 0.167549 0.000010 0.041069 0.030833 0.000010 0.131342 0.450228 0.000010
0.372933 0.000010 0.000010 0.000010 0.050986 0.000010 0.152424 0.372741 0.050876
0.125327 0.000010 0.075138 0.252569 0.079508 0.000010 0.013636 0.386750 0.067053
0.296501 0.000010 0.000010 0.130045 0.000010 0.000010 0.103421 0.392909 0.077084
0.244951 0.184626 0.000010 0.016706 0.000010 0.070667 0.037533 0.445486 0.000010
0.213978 0.040753 0.131123 0.000010 0.000010 0.000010 0.059253 0.502230 0.052633
0.028957 0.044676 0.000010 0.154141 0.000010 0.000010 0.220588 0.551598 0.000010
0.396198 0.000010 0.145549 0.002673 0.000010 0.000010 0.000010 0.439935 0.015605
0.082920 0.119338 0.000010 0.064419 0.059475 0.000010 0.145419 0.515991 0.012419
0.051476 0.038426 0.161720 0.206612 0.000010 0.025502 0.000010 0.477707 0.038538
0.104309 0.145978 0.000010 0.000010 0.000010 0.013834 0.193496 0.542342 0.000010
0.345134 0.082271 0.132074 0.053027 0.040372 0.000010 0.016680 0.299277 0.031155
0.169127 0.107471 0.094453 0.094193 0.000010 0.048042 0.213310 0.273385 0.000010
0.449216 0.000010 0.098939 0.000010 0.002931 0.000010 0.000010 0.448864 0.000010
0.286961 0.047203 0.065896 0.090329 0.096995 0.017924 0.083399 0.311283 0.000010
0.431200 0.002571 0.000010 0.000010 0.000010 0.000010 0.000010 0.547548 0.018631
0.231103 0.000010 0.001354 0.172810 0.000010 0.000010 0.366842 0.227851 0.000010
0.154891 0.000010 0.138767 0.092921 0.000010 0.000010 0.160846 0.402767 0.049778
0.275031 0.000010 0.007794 0.146581 0.000010 0.000010 0.245492 0.325062 0.000010
0.128797 0.178864 0.034737 0.207390 0.004380 0.000010 0.000010 0.330780 0.115032
0.407055 0.083444 0.000010 0.045755 0.080863 0.000010 0.000010 0.382842 0.000010
0.177723 0.024603 0.113111 0.010874 0.066745 0.000010 0.006120 0.600803 0.000010
0.179459 0.000010 0.000010 0.292253 0.000010 0.000010 0.107243 0.420995 0.000010
0.271386 0.000010 0.000010 0.188200 0.000010 0.000010 0.021243 0.501150 0.017982
0.295679 0.021664 0.086630 0.090754 0.021138 0.000010 0.000010 0.484105 0.000010
0.106027 0.031828 0.077995 0.000010 0.078664 0.000010 0.093991 0.544561 0.066915
0.173866 0.013395 0.000010 0.000608 0.034939 0.000010 0.278546 0.498616 0.000010
0.138181 0.000010 0.281853 0.302009 0.000010 0.000010 0.136829 0.097871 0.043227
0.000010 0.106207 0.105623 0.108435 0.047231 0.073484 0.086148 0.472853 0.000010
0.397506 0.058013 0.007176 0.000010 0.041847 0.000010 0.115435 0.379993 0.000010
0.187206 0.094867 0.070814 0.000010 0.000010 0.000010 0.000010 0.558224 0.088849
0.238493 0.043618 0.206298 0.000010 0.000010 0.000010 0.000010 0.487920 0.023632
0.100300 0.000010 0.105695 0.000010 0.002287 0.027147 0.097190 0.591862 0.075499
0.102438 0.095520 0.084411 0.081350 0.115021 0.000010 0.120628 0.350198 0.050424
0.173277 0.180030 0.023813 0.029100 0.039873 0.000010 0.104427 0.431866 0.017603
0.168393 0.132533 0.085072 0.006891 0.036651 0.000010 0.000010 0.541364 0.029076
0.179845 0.000010 0.000010 0.215367 0.029482 0.148822 0.124691 0.301764 0.000010
0.000010 0.164176 0.056395 0.000368 0.027438 0.000010 0.074885 0.557705 0.119014
0.058402 0.064460 0.046303 0.000366 0.000010 0.000010 0.318460 0.511978 0.000010
0.101220 0.022480 0.150821 0.067926 0.032697 0.000010 0.055456 0.569379 0.000010
0.000010 0.274766 0.000010 0.000010 0.088361 0.000010 0.034890 0.601933 0.000010
0.114520 0.086055 0.000010 0.127120 0.000010 0.000010 0.200688 0.471577 0.000010
0.177130 0.000010 0.043338 0.062397 0.000010 0.000010 0.153686 0.563408 0.000010
0.283697 0.050862 0.024164 0.109486 0.050595 0.000010 0.147172 0.279802 0.054213
0.350615 0.065218 0.029694 0.000010 0.146881 0.031423 0.064793 0.311355 0.000010
0.141230 0.000010 0.168167 0.000010 0.032110 0.107817 0.066838 0.414136 0.069681
0.093536 0.088331 0.228956 0.256392 0.000010 0.018423 0.009305 0.305038 0.000010
0.157115 0.000010 0.187033 0.000010 0.050879 0.049619 0.062120 0.361527 0.131687
0.125824 0.050487 0.000010 0.143218 0.000010 0.000010 0.159371 0.454557 0.066512
0.202584 0.000010 0.214654 0.000010 0.000010 0.000010 0.170434 0.322941 0.089347
0.219961 0.213055 0.098036 0.096480 0.000010 0.055592 0.020946 0.295910 0.000010
0.293811 0.000010 0.061126 0.063569 0.182990 0.000010 0.081605 0.316869 0.000010
0.146101 0.052648 0.199234 0.027130 0.069078 0.058903 0.013561 0.364671 0.068675
0.206904 0.030032 0.000010 0.000010 0.000010 0.000010 0.231206 0.531809 0.000010
0.000010 0.000010 0.196675 0.000010 0.000010 0.000010 0.260401 0.471673 0.071201
0.260010 0.275490 0.000010 0.061309 0.020649 0.000010 0.158445 0.224066 0.000010
0.224942 0.103500 0.134791 0.107284 0.146964 0.000010 0.092922 0.189577 0.000010
0.071547 0.228957 0.011910 0.017562 0.000010 0.000010 0.049920 0.620073 0.000010
0.304079 0.086968 0.000010 0.022288 0.127357 0.000010 0.170396 0.278326 0.010566
0.396238 0.000010 0.239241 0.000010 0.032122 0.000010 0.030673 0.277521 0.024175
0.062248 0.013952 0.080659 0.196118 0.000010 0.040457 0.256542 0.350003 0.000010
0.160716 0.038029 0.040937 0.072953 0.013491 0.036766 0.150673 0.472907 0.013527
0.521606 0.111943 0.060808 0.000010 0.000010 0.000010 0.000010 0.305593 0.000010
0.000010 0.000010 0.135776 0.000010 0.058906 0.000010 0.297889 0.493483 0.013907
0.185509 0.256532 0.005045 0.000010 0.115872 0.000010 0.043240 0.393772 0.000010
0.037816 0.020250 0.000010 0.307036 0.134844 0.000010 0.091965 0.408059 0.000010
0.184218 0.000010 0.000010 0.000010 0.098524 0.000010 0.142895 0.564885 0.009438
0.251752 0.000010 0.000010 0.031416 0.220153 0.000010 0.034096 0.406191 0.056363
0.261011 0.000010 0.152202 0.105666 0.068806 0.045563 0.000010 0.359721 0.007011
0.000010 0.000010 0.000010 0.000010 0.000010 0.591918 0.000010 0.095735 0.312286
0.000010 0.000010 0.000010 0.000010 0.000010 0.580244 0.089502 0.000010 0.330193
0.000010 0.000010 0.000010 0.031715 0.000010 0.308169 0.000010 0.000010 0.660055
0.000010 0.000010 0.000010 0.042501 0.000010 0.419273 0.000010 0.000010 0.538166
0.000010 0.000010 0.000010 0.000010 0.011417 0.376989 0.000010 0.079682 0.531862
0.000010 0.011913 0.000010 0.053976 0.000010 0.399704 0.000010 0.013112 0.521255
0.066639 0.000010 0.000010 0.000010 0.000010 0.344858 0.000010 0.023534 0.564919
0.000010 0.000010 0.000010 0.000010 0.000010 0.349696 0.000010 0.044934 0.605310
0.000010 0.000010 0.000010 0.009938 0.012437 0.176890 0.000010 0.000010 0.800685
0.012980 0.000010 0.000010 0.000010 0.038783 0.483261 0.000010 0.000010 0.464926
0.000010 0.000010 0.000010 0.000010 0.000010 0.353522 0.000010 0.107203 0.539215
0.030395 0.000010 0.000010 0.000010 0.000010 0.317809 0.000010 0.000010 0.651736
0.000010 0.000010 0.000010 0.000010 0.000010 0.334764 0.000010 0.073604 0.591572
0.001329 0.000010 0.000010 0.063702 0.000010 0.482761 0.000010 0.108178 0.343990
0.027651 0.000010 0.000010 0.000010 0.000010 0.198590 0.004979 0.000010 0.768729
0.041746 0.000010 0.000010 0.000010 0.039760 0.374973 0.000010 0.000010 0.543472
0.000010 0.017428 0.000010 0.000010 0.000010 0.304917 0.000010 0.000010 0.677595
0.065312 0.000010 0.000010 0.000010 0.000010 0.563203 0.000010 0.021219 0.350216
0.006539 0.000010 0.000010 0.000010 0.000010 0.191559 0.000010 0.000010 0.801842
0.000010 0.000010 0.000010 0.027118 0.000010 0.179626 0.000010 0.000010 0.793196
0.000010 0.000010 0.000010 0.000010 0.000010 0.553526 0.083629 0.007306 0.355489
0.048992 0.000010 0.000011 0.000010 0.000010 0.358583 0.000010 0.000010 0.592363
0.000010 0.000010 0.000010 0.001454 0.000010 0.203160 0.000010 0.000010 0.795326
0.000010 0.000010 0.000010 0.000010 0.000010 0.645021 0.000010 0.000010 0.354909
0.045951 0.000010 0.000010 0.000010 0.000010 0.358893 0.000010 0.000010 0.595096
0.000010 0.000010 0.000010 0.000010 0.000010 0.569087 0.011130 0.170937 0.248796
0.000010 0.000010 0.000010 0.000010 0.000010 0.654316 0.000924 0.010960 0.333751
0.000010 0.000010 0.000010 0.000010 0.000010 0.402476 0.000010 0.004987 0.592476
0.000010 0.000010 0.000010 0.000010 0.863429 0.000010 0.136501 0.000010 0.000010
0.508089 0.000010 0.016242 0.210435 0.143511 0.000010 0.032454 0.089240 0.000010
0.272128 0.000010 0.000010 0.311547 0.029358 0.000010 0.051251 0.335676 0.000010
0.457083 0.009399 0.085412 0.246786 0.040478 0.000010 0.000010 0.096515 0.064308
0.524840 0.102410 0.000010 0.245138 0.000010 0.000010 0.000010 0.115442 0.012132
0.576250 0.000010 0.000010 0.205943 0.000010 0.000010 0.000010 0.217747 0.000010
0.482072 0.000010 0.010848 0.201804 0.000010 0.000010 0.000010 0.264862 0.040374
0.325702 0.073394 0.018196 0.357563 0.000010 0.000010 0.000010 0.194025 0.031090
0.505399 0.000010 0.000010 0.300051 0.009939 0.000010 0.115595 0.068976 0.000010
0.000010 0.000010 0.029954 0.427572 0.138931 0.007701 0.000010 0.363358 0.032454
0.426988 0.011305 0.000010 0.217116 0.005614 0.000010 0.094712 0.244235 0.000010
0.278879 0.020603 0.000010 0.374378 0.042487 0.000010 0.000010 0.278439 0.005184
0.368891 0.000010 0.035208 0.276457 0.172341 0.000010 0.000010 0.139019 0.008054
0.237573 0.189275 0.020928 0.320581 0.000010 0.000010 0.000010 0.231603 0.000010
0.452795 0.019929 0.000010 0.345092 0.011720 0.056444 0.053363 0.060637 0.000010
0.436200 0.000010 0.000010 0.279523 0.037208 0.000010 0.010221 0.236808 0.000010
0.367714 0.020093 0.097294 0.234001 0.000010 0.000010 0.006223 0.274645 0.000010
0.479226 0.022886 0.000010 0.067569 0.009353 0.000010 0.030817 0.354841 0.035288
0.378821 0.086947 0.000010 0.244795 0.103644 0.040700 0.000010 0.103810 0.041263
0.526845 0.188742 0.013964 0.000010 0.000010 0.000010 0.150447 0.119963 0.000010
0.493473 0.000010 0.084014 0.286349 0.002410 0.000010 0.003947 0.129777 0.000010
0.242295 0.102328 0.070440 0.196724 0.000010 0.000010 0.000010 0.388173 0.000010
0.677118 0.000010 0.000010 0.011868 0.065072 0.000010 0.000010 0.242846 0.003056
0.419175 0.029788 0.000010 0.245537 0.064560 0.000010 0.000010 0.240900 0.000010
0.271038 0.026052 0.000010 0.426826 0.099814 0.002263 0.000010 0.173976 0.000010
0.294781 0.000010 0.297357 0.281657 0.000010 0.000010 0.000010 0.126154 0.000010
0.441612 0.000010 0.000020 0.190393 0.000010 0.068412 0.130141 0.154843 0.014559
0.311595 0.024378 0.000010 0.325138 0.000010 0.000010 0.030161 0.231206 0.077492
0.652304 0.018843 0.031644 0.000010 0.000010 0.000010 0.088972 0.190707 0.017500
0.000010 0.000010 0.000010 0.000010 0.934582 0.064215 0.001143 0.000010 0.000010
0.000010 0.000096 0.000010 0.000010 0.988081 0.000010 0.011763 0.000010 0.000010
0.000010 0.000010 0.000010 0.000010 0.999920 0.000010 0.000010 0.000010 0.000010
0.000010 0.000010 0.000010 0.000010 0.935615 0.064315 0.000010 0.000010 0.000010
0.000010 0.000010 0.000010 0.000010 0.695571 0.091833 0.212536 0.000010 0.000010
0.000010 0.000010 0.000010 0.000010 0.999920 0.000010 0.000010 0.000010 0.000010
0.000010 0.000010 0.000010 0.000010 0.918946 0.004841 0.000010 0.076153 0.000010
0.000010 0.000010 0.000010 0.000010 0.970559 0.000010 0.029371 0.000010 0.000010
0.000010 0.000010 0.000010 0.000010 0.999920 0.000010 0.000010 0.000010 0.000010
0.000010 0.000010 0.000010 0.000010 0.929347 0.070583 0.000010 0.000010 0.000010
0.000010 0.000010 0.000010 0.000010 0.946726 0.000010 0.034789 0.018425 0.000010
0.000010 0.000010 0.000010 0.000010 0.996731 0.003199 0.000010 0.000010 0.000010
0.000010 0.000010 0.000010 0.000010 0.947306 0.000010 0.006817 0.045817 0.000010
0.000010 0.007221 0.000010 0.000010 0.990899 0.000010 0.000010 0.001820 0.000010
0.000010 0.000010 0.000010 0.000010 0.804190 0.000010 0.195740 0.000010 0.000010
0.000010 0.000010 0.000010 0.000010 0.914976 0.000010 0.084954 0.000010 0.000010
0.000010 0.000010 0.000010 0.000010 0.999920 0.000010 0.000010 0.000010 0.000010
0.597299 0.000010 0.042886 0.161742 0.000010 0.000010 0.036164 0.155054 0.006825
0.544582 0.000010 0.000010 0.000010 0.000010 0.007721 0.010443 0.369850 0.067365
0.542827 0.000010 0.000010 0.000010 0.114684 0.067063 0.000010 0.214130 0.061256
0.571496 0.000010 0.000010 0.085801 0.027893 0.000010 0.049421 0.158761 0.106598
0.712583 0.014445 0.000010 0.000010 0.000010 0.006642 0.000010 0.266280 0.000010
0.509929 0.000010 0.000010 0.000010 0.030985 0.000010 0.000010 0.369232 0.089804
0.498965 0.032639 0.014561 0.000010 0.000010 0.000010 0.093612 0.272433 0.087759
0.532120 0.064279 0.000010 0.000010 0.130714 0.000010 0.000010 0.272837 0.000010
0.553350 0.000010 0.000010 0.000010 0.088168 0.000010 0.000010 0.218654 0.139778
0.454547 0.070098 0.000010 0.000010 0.036782 0.000010 0.005877 0.432657 0.000010
0.590064 0.000010 0.064624 0.000010 0.174600 0.000010 0.002533 0.141345 0.026804
0.540330 0.000010 0.000010 0.141445 0.000010 0.019619 0.000010 0.168808 0.129758
0.734379 0.000010 0.000010 0.000010 0.040431 0.000010 0.000010 0.152538 0.072602
0.575806 0.029989 0.000010 0.000010 0.000010 0.030108 0.053187 0.310870 0.000010
0.588408 0.000010 0.068235 0.000010 0.010710 0.037400 0.076995 0.178328 0.039904
0.443613 0.000010 0.000010 0.000010 0.061295 0.067760 0.000010 0.386379 0.040913
0.585654 0.060400 0.000010 0.201928 0.000010 0.000010 0.000010 0.086621 0.065357
0.457976 0.113434 0.000010 0.000010 0.000010 0.032815 0.000010 0.395725 0.000010
0.674950 0.000010 0.000010 0.040291 0.006298 0.000010 0.000010 0.204911 0.073510
0.666036 0.000010 0.012525 0.030979 0.000010 0.015585 0.000010 0.274835 0.000010
0.529267 0.000010 0.000010 0.000010 0.017377 0.000010 0.000010 0.453296 0.000010
0.615975 0.000010 0.000010 0.167965 0.000010 0.000010 0.142892 0.023516 0.049613
0.227704 0.000010 0.000010 0.198990 0.000010 0.000010 0.000420 0.317781 0.255065
0.580954 0.056457 0.000010 0.225018 0.000010 0.043993 0.000010 0.093538 0.000010
0.283505 0.016166 0.000010 0.350251 0.062426 0.019437 0.000010 0.268184 0.000010
0.463817 0.000010 0.000010 0.218828 0.000010 0.025011 0.000010 0.177541 0.114763
0.510886 0.000010 0.143998 0.000010 0.041276 0.038382 0.000010 0.265419 0.000010
0.480403 0.000010 0.022777 0.000010 0.000010 0.000010 0.003628 0.465740 0.027412
0.775570 0.081242 0.000010 0.000010 0.000010 0.000010 0.000010 0.131838 0.011300
0.397187 0.079953 0.050532 0.106500 0.000010 0.000010 0.000010 0.365790 0.000010
0.645966 0.000010 0.000010 0.000010 0.000010 0.000010 0.033104 0.277013 0.043866
0.532329 0.000010 0.000010 0.110379 0.072939 0.000010 0.080272 0.204040 0.000010
0.772175 0.000010 0.000010 0.069561 0.000010 0.000010 0.000010 0.158204 0.000010
0.356247 0.184288 0.052803 0.209795 0.000010 0.000010 0.000010 0.196827 0.000010
0.612398 0.103499 0.035365 0.106334 0.000010 0.000010 0.000010 0.115019 0.027355
0.452478 0.000010 0.000010 0.098522 0.033108 0.070782 0.110614 0.167316 0.067161
0.605597 0.000010 0.000010 0.057804 0.046051 0.000010 0.000010 0.290498 0.000010
0.525460 0.000010 0.091324 0.000010 0.000010 0.000010 0.008105 0.319904 0.055167
0.690642 0.045741 0.000010 0.000010 0.000010 0.000010 0.002439 0.160289 0.100849
0.441141 0.000010 0.082915 0.019432 0.000010 0.000010 0.148451 0.308021 0.000010
0.636812 0.128536 0.000010 0.063922 0.000010 0.000010 0.000010 0.155350 0.015340
0.653245 0.000010 0.129974 0.000010 0.000010 0.000010 0.000010 0.177198 0.039532
0.708334 0.030051 0.039617 0.000010 0.000010 0.092404 0.000010 0.005107 0.124457
0.360075 0.000010 0.033518 0.298703 0.000010 0.000010 0.003652 0.265481 0.038541
0.328444 0.000010 0.000010 0.000010 0.087979 0.081914 0.092011 0.223718 0.185904
0.420006 0.007795 0.014064 0.087255 0.087651 0.000010 0.120239 0.262970 0.000010
0.728621 0.000010 0.000010 0.000010 0.000010 0.000010 0.016690 0.237173 0.017465
0.593347 0.044499 0.038628 0.000010 0.000010 0.028905 0.000010 0.294582 0.000010
0.502368 0.000010 0.000010 0.152960 0.105355 0.000010 0.089886 0.003312 0.146088
0.435904 0.000010 0.016645 0.029428 0.000010 0.000010 0.045647 0.103108 0.369238
0.779005 0.095803 0.000010 0.000010 0.000010 0.000010 0.000010 0.066637 0.058505
0.671993 0.038298 0.000010 0.000010 0.000010 0.002631 0.000010 0.218978 0.068060
0.787538 0.000010 0.000010 0.007824 0.000010 0.030071 0.000010 0.174517 0.000010
0.463995 0.000010 0.000010 0.110359 0.010993 0.000010 0.027398 0.387215 0.000010
0.577502 0.011936 0.000010 0.033495 0.000010 0.058450 0.053346 0.105157 0.160094
0.046374 0.000010 0.000010 0.000010 0.071857 0.209273 0.000010 0.221755 0.450701
0.680654 0.000010 0.000010 0.000010 0.000010 0.000010 0.079474 0.107585 0.132237
0.513713 0.000010 0.000010 0.000010 0.000010 0.000010 0.000010 0.425906 0.060321
0.800533 0.000010 0.000010 0.000010 0.000010 0.075070 0.013844 0.110503 0.000010
0.508604 0.000010 0.000010 0.154073 0.082664 0.000010 0.043007 0.211613 0.000010
0.868435 0.000010 0.000010 0.000010 0.020741 0.000010 0.000010 0.068357 0.042417
0.431725 0.142640 0.000010 0.168909 0.064183 0.004562 0.010976 0.176987 0.000010
0.535544 0.041437 0.026186 0.000010 0.000010 0.082798 0.081595 0.144006 0.088414
0.708605 0.002637 0.000010 0.000010 0.044046 0.000010 0.013684 0.230987 0.000010
0.585729 0.000010 0.000010 0.019040 0.000010 0.000010 0.000010 0.395171 0.000010
0.642948 0.000010 0.000010 0.000010 0.000010 0.000010 0.000010 0.356982 0.000010
0.414475 0.055346 0.000010 0.110560 0.000010 0.127481 0.067213 0.183637 0.041269
0.558435 0.000010 0.091768 0.000010 0.044682 0.000010 0.010748 0.187341 0.106995
0.504916 0.000010 0.073647 0.098329 0.171534 0.000010 0.000010 0.151533 0.000010
0.754507 0.048644 0.050175 0.000010 0.000010 0.000010 0.000010 0.146624 0.000010
0.509182 0.085310 0.095790 0.194058 0.000010 0.000010 0.000010 0.088356 0.027274
0.587319 0.046765 0.000010 0.033666 0.000010 0.065543 0.000010 0.169621 0.097056
0.535882 0.000010 0.139047 0.000010 0.024152 0.101980 0.031517 0.122715 0.044686
0.502382 0.082763 0.059395 0.000010 0.000010 0.000010 0.000450 0.158214 0.196765
0.611716 0.080790 0.000010 0.051330 0.000010 0.000010 0.000010 0.256113 0.000010
0.528522 0.000010 0.004189 0.000010 0.000010 0.000010 0.088821 0.272266 0.106163
0.624914 0.118843 0.042245 0.000010 0.000010 0.000010 0.014381 0.123043 0.076543
0.436923 0.000010 0.100421 0.005546 0.000010 0.000010 0.056208 0.380741 0.020132
0.611959 0.000010 0.000010 0.125072 0.000010 0.000010 0.000010 0.262909 0.000010
0.600719 0.075769 0.014046 0.044005 0.000010 0.118031 0.000010 0.147400 0.000010
0.529197 0.069947 0.000010 0.000010 0.000010 0.039515 0.000010 0.263945 0.097356
0.635608 0.027927 0.000010 0.000010 0.000010 0.266465 0.000010 0.069951 0.000010
0.526201 0.000010 0.025442 0.053353 0.000010 0.038616 0.000010 0.295826 0.060531
0.719395 0.005060 0.000010 0.000010 0.000010 0.167306 0.000010 0.108189 0.000010
0.380451 0.201639 0.000010 0.150513 0.017753 0.000010 0.002465 0.066168 0.180992
0.481729 0.067931 0.000010 0.000010 0.000010 0.076116 0.000010 0.374174 0.000010
0.326563 0.054746 0.000010 0.078841 0.000010 0.065654 0.000010 0.474157 0.000010
0.000010 0.000010 0.033097 0.000010 0.725515 0.000010 0.241328 0.000010 0.000010
0.000010 0.043935 0.000010 0.000010 0.730598 0.000010 0.215295 0.000010 0.010123
0.000010 0.000010 0.000010 0.000010 0.792411 0.000010 0.207519 0.000010 0.000010
0.019193 0.074616 0.000010 0.000010 0.822983 0.000010 0.083158 0.000010 0.000010
0.000010 0.000010 0.000010 0.000010 0.887826 0.000010 0.112104 0.000010 0.000010
0.000010 0.000010 0.000010 0.000010 0.740355 0.000010 0.259575 0.000010 0.000010
0.000010 0.000010 0.000010 0.000010 0.832301 0.000010 0.158168 0.000010 0.009472
0.408634 0.000010 0.069563 0.381372 0.014265 0.000010 0.000010 0.079210 0.046925
0.705070 0.000010 0.000010 0.179299 0.017380 0.000010 0.000010 0.047415 0.050796
0.617551 0.000010 0.000010 0.101816 0.016205 0.000010 0.000010 0.264379 0.000010
0.482074 0.000010 0.000010 0.126424 0.226561 0.000010 0.000010 0.164892 0.000010
0.443332 0.000010 0.061173 0.233706 0.000010 0.000010 0.057970 0.203780 0.000010
0.556538 0.000010 0.067113 0.000010 0.026820 0.013309 0.028668 0.293724 0.013807
0.514040 0.040489 0.000010 0.243232 0.000799 0.028716 0.034267 0.138438 0.000010
0.549599 0.032712 0.000010 0.009418 0.153483 0.047240 0.000010 0.185334 0.022194
0.513250 0.000010 0.035560 0.125477 0.000010 0.000010 0.000010 0.178099 0.147574
0.550787 0.120284 0.130273 0.060487 0.000010 0.000010 0.023281 0.060637 0.054230
0.460453 0.000010 0.015190 0.185026 0.096271 0.000010 0.009169 0.117612 0.116259
0.567151 0.000010 0.092330 0.000010 0.000010 0.003856 0.067769 0.104265 0.164598
0.662709 0.000010 0.100802 0.000010 0.121313 0.000010 0.000010 0.115125 0.000010
0.253213 0.001195 0.011489 0.009508 0.000010 0.000010 0.000010 0.555593 0.168971
0.424036 0.000010 0.000010 0.056526 0.079351 0.000010 0.000010 0.365266 0.074781
0.271328 0.000010 0.000010 0.159702 0.083249 0.072195 0.000010 0.405943 0.007553
0.813754 0.000012 0.018776 0.000010 0.000010 0.010689 0.006427 0.125971 0.024351
0.540586 0.000010 0.006867 0.145231 0.000010 0.059657 0.000010 0.247619 0.000010
0.668004 0.009323 0.000010 0.000010 0.000010 0.000010 0.063451 0.162647 0.096535
0.492540 0.000010 0.094323 0.022402 0.096213 0.007803 0.000010 0.206165 0.080535
0.667526 0.000010 0.000010 0.030968 0.000010 0.033541 0.000010 0.267915 0.000010
0.602384 0.000010 0.101348 0.000010 0.000010 0.020509 0.000010 0.103615 0.172104
0.698175 0.000010 0.034663 0.000010 0.000010 0.007536 0.078460 0.161054 0.020082
0.575127 0.018711 0.000010 0.000010 0.000010 0.047713 0.000010 0.318191 0.040217
0.584591 0.079858 0.013853 0.037565 0.000010 0.014291 0.000010 0.269812 0.000010
0.323039 0.061407 0.044108 0.107144 0.000010 0.000010 0.007542 0.273629 0.183111
0.463135 0.000010 0.000010 0.006718 0.000010 0.000010 0.129110 0.173994 0.227003
0.641425 0.000010 0.178859 0.000010 0.000010 0.050452 0.000010 0.129214 0.000010
0.455355 0.000010 0.000010 0.173249 0.000010 0.038197 0.064168 0.245577 0.023424
0.609058 0.000010 0.000010 0.161749 0.000010 0.000010 0.000010 0.229133 0.000010
0.503802 0.033483 0.000010 0.062864 0.001149 0.000010 0.000010 0.367098 0.031574
0.451806 0.045740 0.000010 0.048893 0.170548 0.000010 0.049730 0.233253 0.000010
0.492040 0.000010 0.184218 0.003877 0.000010 0.035503 0.000010 0.259867 0.024465
0.517362 0.050177 0.019983 0.000010 0.037052 0.021651 0.000010 0.353745 0.000010
0.719548 0.048256 0.018379 0.024038 0.000010 0.085423 0.018244 0.086091 0.000010
0.000010 0.834927 0.148016 0.016996 0.000010 0.000010 0.000010 0.000010 0.000010
0.025566 0.493683 0.164464 0.000010 0.000010 0.079730 0.001482 0.000010 0.235045
0.000010 0.997987 0.001943 0.000010 0.000010 0.000010 0.000010 0.000010 0.000010
0.000010 0.845802 0.033217 0.065972 0.054959 0.000010 0.000010 0.000010 0.000010
0.000010 0.037170 0.453122 0.019395 0.000010 0.000010 0.463641 0.000010 0.026632
0.000010 0.000010 0.621461 0.000010 0.029624 0.000010 0.348855 0.000010 0.000010
0.000010 0.019065 0.339686 0.104669 0.009942 0.000010 0.443883 0.082724 0.000010
0.000010 0.140118 0.393362 0.000010 0.230774 0.000010 0.205756 0.000010 0.029951
0.071330 0.000010 0.571698 0.072504 0.048777 0.000010 0.209008 0.000010 0.026653
0.037480 0.000010 0.400676 0.000010 0.118255 0.000010 0.443539 0.000010 0.000010
0.016707 0.004962 0.499340 0.000017 0.105391 0.000010 0.373552 0.000010 0.000010
0.106140 0.000010 0.285290 0.045602 0.120406 0.000010 0.322869 0.119664 0.000010
0.000010 0.139243 0.329413 0.071136 0.000010 0.001884 0.287311 0.161157 0.009836
0.000010 0.000010 0.310722 0.000010 0.071989 0.000010 0.480746 0.136493 0.000010
0.581255 0.000010 0.198144 0.142511 0.000010 0.012171 0.000010 0.015370 0.050518
0.466398 0.025114 0.000010 0.000010 0.000010 0.071461 0.055699 0.381288 0.000010
0.600954 0.007143 0.123192 0.005004 0.126107 0.023843 0.000010 0.000010 0.113736
0.402119 0.000010 0.000010 0.189134 0.000010 0.017411 0.071166 0.230865 0.089274
0.257044 0.000010 0.035070 0.147961 0.000010 0.053952 0.000010 0.308216 0.197726
0.534472 0.000010 0.000010 0.000010 0.000010 0.000010 0.118646 0.315497 0.031335
0.725787 0.000010 0.164048 0.000010 0.000010 0.016566 0.000010 0.075448 0.018110
0.425529 0.000010 0.000010 0.124679 0.006635 0.000010 0.000010 0.443107 0.000010
0.436092 0.000010 0.077451 0.000010 0.050713 0.063970 0.014731 0.357014 0.000010
0.582402 0.057750 0.024634 0.000010 0.000010 0.081009 0.108903 0.118742 0.026540
0.425294 0.082781 0.000010 0.000010 0.074909 0.000010 0.029375 0.358126 0.029483
0.580233 0.000010 0.193941 0.000010 0.000010 0.034417 0.000010 0.149934 0.041435
0.603593 0.000010 0.000010 0.000010 0.000010 0.050523 0.000010 0.345824 0.000010
0.231190 0.000010 0.000010 0.374533 0.000010 0.019475 0.080673 0.250046 0.044053
0.699694 0.000010 0.004356 0.059053 0.010809 0.055108 0.027011 0.140602 0.003358
0.679970 0.000010 0.000010 0.078504 0.116054 0.027413 0.000010 0.098019 0.000010
0.547932 0.000010 0.091731 0.085241 0.000010 0.000010 0.000010 0.266477 0.008580
0.580672 0.177925 0.093750 0.000010 0.000010 0.000010 0.000010 0.030801 0.116811
0.545322 0.000010 0.091153 0.000010 0.000010 0.000010 0.007727 0.281563 0.074194
0.477423 0.000039 0.139628 0.000010 0.000010 0.108464 0.000010 0.113436 0.160980
0.590060 0.124740 0.000010 0.000010 0.053834 0.000010 0.039619 0.191708 0.000010
0.000010 0.134077 0.731110 0.000015 0.000010 0.000010 0.134747 0.000010 0.000010
0.000010 0.000010 0.609050 0.000010 0.105738 0.042333 0.218969 0.000010 0.023870
0.000010 0.052978 0.731915 0.003354 0.000010 0.000010 0.128796 0.082916 0.000010
0.000010 0.202346 0.545186 0.000010 0.000010 0.003716 0.248702 0.000010 0.000010
0.000010 0.000010 0.712711 0.036446 0.026657 0.000010 0.180779 0.043367 0.000010
0.000010 0.006906 0.572339 0.000010 0.000010 0.008441 0.282634 0.129640 0.000010
0.000010 0.000010 0.601158 0.000010 0.097478 0.000010 0.211848 0.079163 0.010315
0.000010 0.000010 0.636794 0.000010 0.000010 0.000010 0.287769 0.000010 0.075377
0.000015 0.127594 0.743982 0.000010 0.000010 0.000010 0.086768 0.000010 0.041600
0.000010 0.000010 0.510662 0.000010 0.118581 0.000010 0.370697 0.000010 0.000010
0.000010 0.000010 0.622619 0.000010 0.087448 0.000010 0.166643 0.123241 0.000010
0.000010 0.135859 0.500675 0.000010 0.000010 0.000010 0.247615 0.002169 0.113642
0.000010 0.017205 0.602834 0.000010 0.096339 0.000010 0.283572 0.000010 0.000010
0.000010 0.000010 0.502460 0.000010 0.161401 0.015776 0.308916 0.000010 0.011408
0.000010 0.000010 0.744331 0.016828 0.000010 0.000010 0.238781 0.000010 0.000010
0.000010 0.000010 0.654431 0.078414 0.000010 0.000010 0.267095 0.000010 0.000010
0.000010 0.000010 0.668739 0.000010 0.087536 0.022157 0.221518 0.000010 0.000010
0.000010 0.087481 0.713321 0.000010 0.000010 0.000010 0.124975 0.074173 0.000010
0.120649 0.000010 0.578470 0.000010 0.000010 0.000010 0.264300 0.000010 0.036532
0.000010 0.000010 0.652318 0.014284 0.000010 0.000010 0.333337 0.000010 0.000010
0.064306 0.071506 0.634607 0.000010 0.083663 0.035383 0.110505 0.000010 0.000010
0.000010 0.088745 0.531185 0.000010 0.074616 0.000010 0.290799 0.000010 0.014615
0.000010 0.023106 0.611008 0.000010 0.000010 0.000010 0.234561 0.115504 0.015782
0.000010 0.152422 0.569394 0.000010 0.031299 0.000010 0.223144 0.023702 0.000010
0.000010 0.000010 0.646839 0.000010 0.007780 0.000010 0.298073 0.047257 0.000010
0.025953 0.000010 0.698472 0.000010 0.019010 0.000010 0.256515 0.000010 0.000010
0.000010 0.177430 0.363091 0.000010 0.000010 0.000010 0.343538 0.000010 0.115890
0.000010 0.000010 0.685308 0.000010 0.026581 0.000010 0.282296 0.005764 0.000010
0.023864 0.000010 0.534420 0.000010 0.000010 0.000010 0.340822 0.000010 0.100844
0.000010 0.000010 0.706547 0.000010 0.010149 0.000010 0.283244 0.000010 0.000010
0.000010 0.000010 0.587405 0.000010 0.122254 0.000010 0.243328 0.010206 0.036767
0.000010 0.036109 0.767058 0.000010 0.008458 0.034006 0.149795 0.000010 0.004544
0.000010 0.000010 0.495298 0.000010 0.000010 0.000010 0.504632 0.000010 0.000010
0.000010 0.000010 0.492080 0.000010 0.125189 0.000010 0.377056 0.005626 0.000010
0.000010 0.000010 0.670505 0.000010 0.000010 0.000010 0.329425 0.000010 0.000010
0.000010 0.000010 0.411707 0.066728 0.041707 0.000010 0.368855 0.110964 0.000010
0.144575 0.038664 0.436896 0.084927 0.000010 0.000010 0.294898 0.000010 0.000010
0.000010 0.008238 0.619414 0.058267 0.000010 0.000010 0.314032 0.000010 0.000010
0.000010 0.000010 0.625120 0.056434 0.029988 0.000010 0.288408 0.000010 0.000010
0.000010 0.000010 0.001088 0.023513 0.845264 0.003197 0.055274 0.000010 0.071634
0.000010 0.000010 0.000010 0.000010 0.907270 0.000010 0.092660 0.000010 0.000010
0.000010 0.034405 0.554009 0.000010 0.000010 0.000010 0.342517 0.069019 0.000010
0.000010 0.000010 0.709089 0.044525 0.061211 0.000010 0.185125 0.000010 0.000010
0.356114 0.017910 0.000010 0.368611 0.000010 0.000010 0.000010 0.257314 0.000010
0.266773 0.000010 0.061149 0.240797 0.000010 0.000010 0.021956 0.301410 0.107885
0.347683 0.160515 0.000010 0.423270 0.000010 0.000010 0.010865 0.057628 0.000010
0.446621 0.062195 0.000010 0.150196 0.024502 0.000010 0.000010 0.316445 0.000010
0.057151 0.049042 0.060591 0.389219 0.000010 0.000010 0.089464 0.354503 0.000010
0.300258 0.000010 0.000010 0.208309 0.062858 0.000010 0.000010 0.428525 0.000010
0.306846 0.000010 0.013304 0.437426 0.000010 0.006773 0.016503 0.131805 0.087324
0.000010 0.143005 0.000010 0.452950 0.078956 0.000010 0.025079 0.299971 0.000010
0.196560 0.000010 0.000010 0.341145 0.080630 0.000010 0.000010 0.381614 0.000010
0.299798 0.000010 0.000010 0.149914 0.021379 0.000010 0.140250 0.388619 0.000010
0.301115 0.004206 0.000010 0.312254 0.000010 0.000010 0.000010 0.382375 0.000010
0.269919 0.000010 0.069528 0.229607 0.000010 0.000010 0.098687 0.310797 0.021433
0.493552 0.102440 0.000010 0.270486 0.003671 0.000010 0.008380 0.121441 0.000010
0.078821 0.000010 0.463008 0.017434 0.000010 0.000010 0.423324 0.017373 0.000010
0.000010 0.000010 0.565598 0.000010 0.040047 0.000010 0.388766 0.005539 0.000010
0.000010 0.097702 0.506576 0.000010 0.184634 0.000010 0.140572 0.023662 0.046823
0.000010 0.000010 0.781192 0.011614 0.044000 0.000010 0.163144 0.000010 0.000010
0.000010 0.130930 0.562882 0.000010 0.000010 0.000010 0.306128 0.000010 0.000010
0.000010 0.041814 0.427805 0.090930 0.160519 0.000010 0.278892 0.000010 0.000010
0.000010 0.000010 0.700320 0.033545 0.000010 0.000010 0.224833 0.000010 0.041253
0.000010 0.007103 0.550147 0.018428 0.000010 0.000010 0.294259 0.096942 0.033091
0.000010 0.000010 0.701789 0.000010 0.000010 0.000010 0.298141 0.000010 0.000010
0.000010 0.000010 0.764278 0.000010 0.000010 0.000010 0.235652 0.000010 0.000010
0.000010 0.000010 0.724225 0.000010 0.061744 0.000010 0.092890 0.061477 0.059625
0.000010 0.000010 0.526336 0.000010 0.047911 0.067354 0.251831 0.106529 0.000010
