0.509203 0.033762 0.000010 0.000010 0.000010 0.000010 0.094490 0.362495 0.000010
0.434261 0.039349 0.023182 0.145084 0.000010 0.000010 0.002558 0.279398 0.076147
0.276233 0.097273 0.171091 0.168926 0.000010 0.000010 0.000010 0.286438 0.000010
0.245251 0.000010 0.000010 0.097683 0.000010 0.000010 0.075302 0.508541 0.073182
0.438953 0.000010 0.000010 0.000010 0.000010 0.086414 0.006540 0.379946 0.088108
0.304093 0.000010 0.000010 0.082068 0.000010 0.156276 0.063636 0.152266 0.241631
0.338890 0.000010 0.000010 0.000010 0.000010 0.000010 0.214019 0.414789 0.032252
0.150508 0.092737 0.000010 0.251952 0.000010 0.017008 0.080686 0.407079 0.000010
0.448335 0.035956 0.000010 0.059659 0.016425 0.029263 0.000010 0.410332 0.000010
0.050633 0.000010 0.091170 0.198885 0.000010 0.068405 0.000010 0.590866 0.000010
0.246981 0.000010 0.000010 0.056189 0.000010 0.000010 0.158165 0.452006 0.086620
0.513754 0.000010 0.000010 0.000018 0.000010 0.000010 0.000010 0.486168 0.000010
0.398189 0.000010 0.007264 0.000010 0.000010 0.017067 0.261388 0.314565 0.001497
0.484291 0.127084 0.000010 0.125412 0.090077 0.000010 0.000010 0.173096 0.000010
0.294388 0.000010 0.000010 0.000010 0.038231 0.055977 0.170005 0.441358 0.000010
0.232552 0.098416 0.000010 0.260681 0.000010 0.019134 0.055844 0.306150 0.027203
0.322673 0.147743 0.000010 0.156022 0.000010 0.000010 0.048930 0.324592 0.000010
0.364041 0.100383 0.000010 0.142759 0.000010 0.000010 0.000010 0.392768 0.000010
0.085093 0.045525 0.000010 0.000010 0.000010 0.000010 0.296140 0.573191 0.000010
0.306491 0.000010 0.107761 0.000010 0.000010 0.100540 0.107763 0.377405 0.000010
0.436765 0.129948 0.022414 0.000010 0.071546 0.012230 0.090215 0.236861 0.000010
0.364352 0.000010 0.000010 0.095010 0.000010 0.025357 0.124962 0.332900 0.057390
0.249131 0.000010 0.080060 0.000010 0.000010 0.036308 0.111363 0.504299 0.018810
0.232112 0.000010 0.000010 0.316904 0.105890 0.000010 0.049702 0.295352 0.000010
0.189039 0.042262 0.083490 0.093506 0.000010 0.004794 0.000419 0.586470 0.000010
0.303479 0.000010 0.000010 0.170135 0.000010 0.000010 0.123545 0.369198 0.033603
0.358831 0.077073 0.003370 0.009888 0.000010 0.047760 0.165098 0.337961 0.000010
0.321379 0.000010 0.000010 0.029225 0.000010 0.002712 0.111414 0.435423 0.099817
0.283889 0.043611 0.000010 0.183954 0.000010 0.000010 0.000010 0.488497 0.000010
0.246023 0.001300 0.091960 0.085697 0.055095 0.000010 0.050386 0.323217 0.146313
0.327516 0.000010 0.000010 0.130847 0.040888 0.000010 0.000010 0.467126 0.033583
0.155730 0.000010 0.110941 0.126482 0.040559 0.079581 0.124961 0.361726 0.000010
0.207886 0.087560 0.000010 0.121214 0.000010 0.065016 0.000010 0.518284 0.000010
0.096603 0.000010 0.050123 0.195436 0.000010 0.000010 0.022808 0.628789 0.006211
0.098125 0.023968 0.000010 0.050899 0.193523 0.000010 0.102425 0.531030 0.000010
0.322717 0.000010 0.000010 0.231788 0.000010 0.026838 0.105706 0.312910 0.000010
0.439403 0.152375 0.148955 0.000010 0.000010 0.000010 0.043348 0.215879 0.000010
0.267997 0.000010 0.000010 0.042605 0.024348 0.094516 0.000010 0.421155 0.149350
0.196273 0.000010 0.000010 0.193372 0.000010 0.000010 0.087489 0.522816 0.000010
0.372575 0.303416 0.005750 0.080079 0.000010 0.000010 0.061909 0.176241 0.000010
0.352243 0.000010 0.151226 0.066638 0.000010 0.000010 0.000010 0.375657 0.054196
0.363174 0.000010 0.000010 0.070596 0.000010 0.000010 0.071614 0.494566 0.000010
0.324233 0.070470 0.000010 0.162031 0.000010 0.005621 0.000010 0.437605 0.000010
0.548428 0.000010 0.000010 0.104858 0.000010 0.000010 0.000010 0.346654 0.000010
0.257764 0.000010 0.000010 0.102528 0.000010 0.015963 0.106428 0.517277 0.000010
0.301824 0.000010 0.000010 0.000010 0.000010 0.039411 0.078696 0.580019 0.000010
0.164726 0.117026 0.008646 0.058787 0.000010 0.057607 0.129249 0.455376 0.008572
0.334272 0.000010 0.000010 0.100465 0.137496 0.000010 0.050501 0.217289 0.159948
0.000010 0.138453 0.260060 0.076791 0.150024 0.000010 0.107569 0.267072 0.000010
0.105181 0.000010 0.424401 0.170901 0.000010 0.011535 0.000010 0.287942 0.000010
0.163447 0.038390 0.308632 0.000010 0.000010 0.062779 0.199906 0.201695 0.025130
0.000010 0.000010 0.382203 0.147073 0.048438 0.000010 0.092023 0.282859 0.047375
0.120287 0.103217 0.474544 0.091918 0.000010 0.013006 0.000010 0.196997 0.000010
0.057958 0.041081 0.383199 0.131805 0.000010 0.000010 0.123629 0.234130 0.028177
0.226652 0.218129 0.160372 0.071531 0.000010 0.019122 0.018950 0.285224 0.000010
0.044520 0.201571 0.381843 0.155921 0.166898 0.000010 0.000010 0.049218 0.000010
0.113982 0.000010 0.000010 0.283333 0.023396 0.000010 0.137498 0.312501 0.129260
0.000010 0.047337 0.484450 0.239880 0.000010 0.000010 0.128761 0.099531 0.000010
0.274698 0.050549 0.222672 0.000010 0.031829 0.023450 0.214847 0.181934 0.000010
0.234979 0.071916 0.175681 0.149292 0.097214 0.000010 0.000010 0.270887 0.000010
0.068834 0.057397 0.369867 0.056793 0.000010 0.000010 0.082512 0.364568 0.000010
0.213792 0.072589 0.337560 0.098817 0.000010 0.024183 0.000010 0.253029 0.000010
0.080443 0.000010 0.210590 0.089943 0.000010 0.028580 0.185338 0.400352 0.004734
0.210269 0.000010 0.149515 0.216535 0.056491 0.000010 0.078862 0.249991 0.038316
0.000010 0.092840 0.681581 0.047652 0.087682 0.000010 0.090205 0.000010 0.000010
0.246683 0.000010 0.029995 0.110691 0.238263 0.000010 0.052594 0.292884 0.028870
0.251255 0.000010 0.374326 0.033367 0.000010 0.040771 0.077268 0.222984 0.000010
0.000010 0.075044 0.216066 0.208738 0.000010 0.000010 0.190979 0.309132 0.000010
0.436007 0.046196 0.208228 0.000010 0.000010 0.000010 0.169711 0.139818 0.000010
0.016351 0.047450 0.106704 0.380705 0.065044 0.000010 0.102783 0.253157 0.027797
0.239381 0.000010 0.000010 0.065100 0.000010 0.018761 0.028476 0.235609 0.412642
0.257630 0.042172 0.000010 0.147891 0.000010 0.089019 0.000010 0.445403 0.017855
0.296059 0.137997 0.000010 0.094821 0.000010 0.000010 0.047465 0.423619 0.000010
0.294571 0.000010 0.014828 0.029554 0.004076 0.027478 0.085316 0.439680 0.104487
0.270350 0.000010 0.079503 0.064760 0.000010 0.010850 0.129550 0.444956 0.000010
0.191053 0.000010 0.000010 0.198295 0.000010 0.078884 0.053954 0.365174 0.112611
0.422482 0.000010 0.000010 0.000010 0.000010 0.118933 0.009302 0.449233 0.000010
0.297255 0.000010 0.000011 0.088437 0.000010 0.000010 0.186646 0.381086 0.046535
0.216499 0.060914 0.019806 0.071696 0.000010 0.000010 0.000010 0.631044 0.000010
0.322431 0.100922 0.092800 0.000010 0.000010 0.000010 0.060954 0.408436 0.014428
0.129617 0.000010 0.023964 0.059559 0.000010 0.000010 0.271631 0.515189 0.000010
0.257559 0.001172 0.014877 0.345724 0.000010 0.000010 0.070975 0.303168 0.006505
0.305112 0.028875 0.000010 0.156998 0.000010 0.013203 0.000010 0.495772 0.000010
0.465167 0.000010 0.000010 0.042559 0.088696 0.062972 0.000010 0.303502 0.037072
0.353405 0.017911 0.000010 0.000010 0.000010 0.000010 0.090202 0.522999 0.015443
0.044452 0.000010 0.000010 0.089344 0.000010 0.099218 0.143801 0.623144 0.000010
0.392488 0.000010 0.093829 0.103391 0.100054 0.049578 0.087227 0.173414 0.000010
0.371848 0.000010 0.000010 0.000010 0.029206 0.000010 0.031529 0.434558 0.132819
0.000961 0.145333 0.085752 0.191645 0.000010 0.000010 0.104058 0.227532 0.244699
0.141681 0.000010 0.109743 0.261991 0.014957 0.000010 0.072214 0.399384 0.000010
0.327381 0.000010 0.000010 0.099134 0.000010 0.062248 0.084118 0.427079 0.000010
0.251589 0.005451 0.000010 0.000010 0.000010 0.000010 0.071338 0.660341 0.011241
0.193378 0.000010 0.000010 0.062214 0.000010 0.000010 0.000010 0.686335 0.058022
0.398971 0.000010 0.000010 0.012604 0.000010 0.026796 0.050860 0.421076 0.089662
0.316779 0.096881 0.000010 0.115327 0.100747 0.000010 0.043767 0.326469 0.000010
0.199276 0.000010 0.000010 0.180069 0.150958 0.049770 0.077182 0.342715 0.000010
0.000010 0.030332 0.065347 0.079186 0.000010 0.000010 0.158603 0.498039 0.168462
0.256723 0.000010 0.000010 0.027872 0.000010 0.084388 0.217435 0.413541 0.000010
0.258317 0.000010 0.000010 0.020829 0.000010 0.000010 0.169191 0.551613 0.000010
0.314476 0.000010 0.101940 0.010510 0.000011 0.000010 0.154532 0.384991 0.033519
0.236842 0.000010 0.016124 0.000010 0.126937 0.045393 0.243295 0.331380 0.000010
0.259555 0.000010 0.005287 0.040394 0.083895 0.087244 0.061252 0.185631 0.276731
0.058090 0.051480 0.000010 0.000010 0.032836 0.000010 0.118566 0.691342 0.047656
0.398909 0.048926 0.000010 0.037248 0.000010 0.029434 0.087480 0.358652 0.039330
0.172325 0.071030 0.000010 0.000010 0.000010 0.000010 0.196914 0.433625 0.126066
0.517663 0.000010 0.000010 0.000010 0.000015 0.000010 0.221293 0.260979 0.000010
0.491153 0.000010 0.011530 0.000010 0.038280 0.059647 0.100595 0.298764 0.000010
0.169817 0.000010 0.000010 0.000010 0.000010 0.007135 0.144859 0.671661 0.006488
0.177518 0.000010 0.002822 0.075625 0.000010 0.000010 0.273679 0.470316 0.000010
0.215503 0.000010 0.000010 0.077902 0.000010 0.016746 0.068700 0.601957 0.019163
0.067871 0.000010 0.000010 0.000010 0.000010 0.054321 0.289730 0.588027 0.000010
0.165566 0.049915 0.000415 0.023351 0.000010 0.000010 0.220213 0.436258 0.104264
0.152781 0.000010 0.000010 0.000010 0.000010 0.068517 0.333608 0.429693 0.015361
0.310546 0.000010 0.000010 0.037577 0.036634 0.000010 0.043028 0.572175 0.000010
0.282216 0.000010 0.000010 0.000010 0.028075 0.000010 0.268427 0.400999 0.020244
0.141679 0.000010 0.000010 0.000010 0.039104 0.000010 0.214382 0.604785 0.000010
0.307416 0.005480 0.000010 0.000010 0.068713 0.110268 0.131537 0.376557 0.000010
0.145960 0.032986 0.000010 0.102450 0.114239 0.000010 0.054514 0.549820 0.000010
0.311285 0.000010 0.000010 0.075759 0.075848 0.040807 0.042497 0.446745 0.007039
0.213379 0.000010 0.000010 0.076761 0.000010 0.000010 0.179862 0.529948 0.000010
0.153270 0.011789 0.000010 0.057792 0.017595 0.000010 0.218726 0.501754 0.039054
0.285137 0.000010 0.011779 0.024942 0.000010 0.025555 0.176336 0.476221 0.000010
0.480639 0.031742 0.054974 0.000010 0.025843 0.000015 0.000010 0.398340 0.008428
0.435467 0.000010 0.068276 0.056535 0.000010 0.028641 0.042974 0.368077 0.000010
0.244512 0.000010 0.000010 0.000010 0.000010 0.012449 0.130211 0.612778 0.000010
0.443453 0.035104 0.000010 0.000010 0.000010 0.000010 0.079027 0.433395 0.008981
0.364282 0.000010 0.000010 0.023937 0.000010 0.116468 0.000010 0.495263 0.000010
0.169997 0.000010 0.085575 0.093122 0.086015 0.000010 0.091068 0.411981 0.062222
0.363392 0.017619 0.157198 0.000010 0.000010 0.009919 0.008309 0.443533 0.000010
0.115556 0.014257 0.171958 0.175811 0.137797 0.000010 0.000010 0.384591 0.000010
0.000010 0.101026 0.092744 0.367523 0.000010 0.000010 0.049972 0.351458 0.037248
0.407123 0.000010 0.000010 0.003894 0.000010 0.000010 0.127641 0.461293 0.000010
0.376305 0.000010 0.000010 0.023853 0.079535 0.018378 0.094272 0.407627 0.000010
0.025412 0.066688 0.000010 0.272428 0.000010 0.079153 0.175569 0.380720 0.000010
0.172943 0.000010 0.106280 0.060508 0.029668 0.000010 0.129492 0.501078 0.000010
0.084039 0.034769 0.000010 0.000010 0.000010 0.000010 0.312342 0.568800 0.000010
0.074130 0.136792 0.028994 0.106712 0.000010 0.000010 0.163108 0.490234 0.000010
0.302102 0.000010 0.000010 0.022452 0.144394 0.016800 0.000010 0.514212 0.000010
0.229654 0.032282 0.000010 0.160365 0.006498 0.075673 0.082957 0.412551 0.000010
0.042559 0.168039 0.000010 0.112002 0.000012 0.009229 0.236557 0.431582 0.000010
0.372643 0.029198 0.000010 0.000010 0.000010 0.108113 0.000010 0.489996 0.000010
0.002366 0.000010 0.100456 0.202589 0.000010 0.000010 0.173733 0.501983 0.018843
0.118616 0.003386 0.077883 0.182969 0.125662 0.007611 0.079737 0.369263 0.034872
0.206727 0.000010 0.100282 0.017684 0.000010 0.003509 0.049779 0.621990 0.000010
0.206553 0.093547 0.050178 0.129467 0.000010 0.035664 0.052734 0.431838 0.000010
0.063647 0.064864 0.000010 0.000010 0.000010 0.000010 0.181044 0.622211 0.068194
0.373644 0.080499 0.000010 0.058010 0.021312 0.000010 0.000010 0.466495 0.000010
0.319415 0.000010 0.000010 0.041859 0.093358 0.000010 0.161272 0.338052 0.046013
0.068799 0.070851 0.000010 0.192832 0.000010 0.029039 0.123347 0.515102 0.000010
0.197873 0.119621 0.000010 0.000010 0.000010 0.000010 0.115480 0.566976 0.000010
0.162528 0.079755 0.000010 0.356921 0.189260 0.000010 0.014413 0.197093 0.000010
0.222491 0.043870 0.000010 0.122215 0.069527 0.000010 0.000010 0.431897 0.109970
0.217671 0.188355 0.000010 0.062815 0.000010 0.000010 0.000010 0.531110 0.000010
0.476340 0.092074 0.000010 0.098337 0.000010 0.000010 0.000010 0.333199 0.000010
0.123499 0.142492 0.055194 0.160685 0.000010 0.015836 0.000010 0.502265 0.000010
0.187148 0.032891 0.089285 0.071721 0.097865 0.000010 0.000010 0.521060 0.000010
0.193266 0.083241 0.000010 0.185997 0.046643 0.000010 0.000010 0.490813 0.000010
0.366705 0.000010 0.000010 0.096645 0.187413 0.000010 0.039016 0.310181 0.000010
0.360967 0.127638 0.000010 0.000010 0.000010 0.000010 0.111154 0.400191 0.000010
0.105890 0.035400 0.000010 0.223391 0.054662 0.000010 0.108616 0.472010 0.000010
0.220800 0.047465 0.033349 0.128512 0.000010 0.017938 0.088980 0.462937 0.000010
0.236623 0.002318 0.144549 0.000010 0.078483 0.000010 0.052010 0.485986 0.000010
0.338551 0.002243 0.158869 0.149592 0.000010 0.000010 0.000010 0.297190 0.053525
0.050235 0.056848 0.049559 0.204966 0.078710 0.000010 0.072794 0.422579 0.064299
0.177803 0.000010 0.223896 0.085692 0.044437 0.068820 0.216347 0.139795 0.043202
0.128188 0.057636 0.062173 0.215639 0.000010 0.000010 0.129257 0.407077 0.000010
0.109486 0.021790 0.163502 0.040440 0.000010 0.054156 0.097001 0.513606 0.000010
0.406802 0.186685 0.042620 0.014794 0.018349 0.000010 0.000010 0.280430 0.050300
0.360362 0.097947 0.000010 0.000010 0.000010 0.000010 0.180134 0.361507 0.000010
0.055079 0.000010 0.043643 0.166991 0.167485 0.000010 0.139396 0.427377 0.000010
0.117241 0.037209 0.048641 0.103843 0.000010 0.000010 0.117020 0.576016 0.000010
0.324123 0.021886 0.083401 0.000010 0.089071 0.000010 0.107204 0.374285 0.000010
0.154487 0.080656 0.197369 0.068773 0.000010 0.000010 0.083037 0.415648 0.000010
0.048013 0.009314 0.000010 0.000010 0.085078 0.077843 0.239481 0.514937 0.025313
0.137339 0.000010 0.000010 0.135230 0.122097 0.000010 0.136292 0.469001 0.000010
0.249752 0.045063 0.000010 0.000010 0.000010 0.026866 0.110074 0.568205 0.000010
0.000010 0.194142 0.092330 0.160174 0.139027 0.000010 0.000010 0.334491 0.079807
0.111260 0.000010 0.089680 0.115137 0.000010 0.000010 0.214103 0.469780 0.000010
0.098631 0.013334 0.253848 0.113732 0.000010 0.034473 0.055885 0.430076 0.000010
0.289768 0.082811 0.043917 0.112833 0.000010 0.000010 0.096649 0.297455 0.076547
0.067318 0.000010 0.117899 0.143094 0.000010 0.011009 0.178700 0.481951 0.000010
0.294089 0.000010 0.000010 0.059089 0.125195 0.000010 0.040627 0.480960 0.000010
0.053854 0.048453 0.076187 0.036556 0.000010 0.073476 0.195580 0.515873 0.000010
0.000010 0.000010 0.000010 0.292716 0.074225 0.000010 0.056828 0.523084 0.053106
0.008476 0.057013 0.018603 0.175903 0.000010 0.028687 0.219911 0.491387 0.000010
0.000010 0.000010 0.082803 0.152562 0.000010 0.000010 0.247236 0.517349 0.000010
0.184375 0.000010 0.098866 0.000010 0.031738 0.000010 0.176584 0.465667 0.042740
0.000010 0.033570 0.000010 0.000010 0.000010 0.460096 0.000010 0.000010 0.506274
0.000010 0.012647 0.000010 0.000010 0.000010 0.355715 0.000010 0.000010 0.631577
0.002719 0.000010 0.000010 0.000010 0.000010 0.377430 0.000010 0.000010 0.619791
0.000010 0.000010 0.000010 0.000010 0.013957 0.139603 0.000010 0.000010 0.846380
0.000010 0.000010 0.000010 0.000010 0.000010 0.323865 0.000010 0.000010 0.676065
0.000010 0.006175 0.018098 0.000010 0.000010 0.336933 0.000010 0.000010 0.638743
0.000010 0.000010 0.000010 0.025662 0.000010 0.507107 0.000010 0.000010 0.467170
0.000010 0.000010 0.002888 0.000010 0.000010 0.472629 0.000010 0.000010 0.524424
0.000010 0.000010 0.000010 0.000010 0.000010 0.323108 0.017266 0.000010 0.659566
0.000010 0.012131 0.000010 0.000010 0.000010 0.337513 0.053298 0.000010 0.597008
0.000010 0.000010 0.000010 0.000010 0.000010 0.375417 0.000010 0.000010 0.624513
0.000010 0.000010 0.000010 0.043024 0.000010 0.324561 0.000010 0.000010 0.632355
0.000010 0.000010 0.000010 0.078541 0.000010 0.382320 0.000010 0.000010 0.539080
0.000010 0.000010 0.000010 0.000010 0.000010 0.340544 0.000010 0.000010 0.659386
0.000010 0.000010 0.000010 0.000010 0.032276 0.289505 0.005145 0.000010 0.673023
0.055507 0.000010 0.000010 0.000010 0.000010 0.354566 0.000010 0.000010 0.589867
0.000010 0.000010 0.000010 0.000010 0.000010 0.298683 0.034583 0.000010 0.666674
0.000010 0.000010 0.000010 0.000010 0.000010 0.393218 0.000010 0.000010 0.606712
0.000010 0.000010 0.000010 0.014121 0.000010 0.346137 0.000010 0.028942 0.610749
0.000010 0.000010 0.000010 0.000010 0.000010 0.229719 0.000010 0.000010 0.770211
0.000010 0.000010 0.000010 0.000010 0.000010 0.300704 0.000010 0.000010 0.699226
0.000369 0.000010 0.033452 0.000010 0.000010 0.177426 0.000010 0.067288 0.721425
0.000010 0.003726 0.000010 0.000010 0.002574 0.201329 0.000010 0.000010 0.792322
0.010103 0.016009 0.004499 0.000010 0.000010 0.322953 0.000010 0.000010 0.646397
0.000010 0.000010 0.000010 0.000010 0.000010 0.426180 0.000010 0.000010 0.573750
0.000010 0.000010 0.000010 0.023737 0.000010 0.395502 0.000010 0.000010 0.580701
0.003836 0.008663 0.000010 0.000010 0.000010 0.453661 0.000697 0.050184 0.482930
0.000010 0.000010 0.000010 0.000010 0.000010 0.317058 0.000010 0.000010 0.682872
0.000010 0.026680 0.000010 0.000010 0.787027 0.058126 0.128117 0.000010 0.000010
0.453047 0.013515 0.000010 0.408997 0.000010 0.007653 0.000010 0.087920 0.028838
0.292724 0.023146 0.005983 0.412741 0.000010 0.000010 0.126593 0.119568 0.019225
0.401918 0.014931 0.038322 0.350913 0.000010 0.000010 0.000010 0.095894 0.097992
0.445889 0.000010 0.083836 0.274308 0.000010 0.038030 0.013107 0.144800 0.000010
0.297694 0.000010 0.055592 0.375751 0.052965 0.021861 0.084150 0.111967 0.000010
0.511862 0.000010 0.000010 0.385017 0.000010 0.016293 0.000010 0.086778 0.000010
0.491321 0.000010 0.000010 0.217405 0.000010 0.000010 0.073258 0.217965 0.000010
0.362845 0.006105 0.000010 0.350458 0.000010 0.014346 0.000010 0.266206 0.000010
0.461180 0.000010 0.000010 0.260443 0.000010 0.029600 0.000010 0.224276 0.024460
0.439582 0.000010 0.000010 0.274803 0.096623 0.029824 0.000010 0.159128 0.000010
0.499156 0.000010 0.000010 0.262222 0.000010 0.008222 0.000010 0.230350 0.000010
0.157151 0.000010 0.095323 0.566700 0.000010 0.044911 0.085387 0.006582 0.043927
0.296085 0.000010 0.106340 0.383691 0.000010 0.000010 0.022858 0.190987 0.000010
0.335539 0.000010 0.000010 0.403918 0.026140 0.000712 0.021188 0.212472 0.000010
0.283807 0.000010 0.000010 0.403336 0.141387 0.058055 0.000010 0.113375 0.000010
0.523582 0.000010 0.134207 0.138041 0.000010 0.003249 0.013824 0.187067 0.000010
0.497645 0.016881 0.000010 0.121650 0.000010 0.024517 0.000010 0.339267 0.000010
0.328491 0.119687 0.000371 0.226305 0.000010 0.000010 0.000010 0.325106 0.000010
0.448642 0.037241 0.004175 0.056142 0.012765 0.000010 0.000010 0.441004 0.000010
0.662625 0.000010 0.000010 0.269772 0.000010 0.000010 0.000010 0.067543 0.000010
0.461733 0.000010 0.000010 0.303250 0.014545 0.000010 0.009776 0.210658 0.000010
0.249953 0.000010 0.032996 0.517347 0.000010 0.008619 0.033818 0.157236 0.000010
0.446666 0.022431 0.000010 0.361583 0.000010 0.000010 0.080480 0.088801 0.000010
0.221436 0.000010 0.000010 0.366236 0.000010 0.032455 0.000010 0.337884 0.041949
0.294275 0.000010 0.000010 0.350940 0.000010 0.049261 0.098984 0.206500 0.000010
0.305738 0.047719 0.000010 0.379618 0.000010 0.008891 0.046268 0.211736 0.000010
0.190105 0.000010 0.020293 0.463096 0.149453 0.060522 0.046324 0.070187 0.000010
0.289204 0.031938 0.055552 0.285303 0.000010 0.038098 0.036751 0.152863 0.110281
0.000010 0.000010 0.000010 0.000010 0.901461 0.000010 0.098469 0.000010 0.000010
0.019192 0.000010 0.000010 0.000010 0.977172 0.000010 0.000010 0.000010 0.003575
0.002876 0.033641 0.000010 0.000010 0.963423 0.000010 0.000010 0.000010 0.000010
0.000010 0.000010 0.000010 0.000010 0.999920 0.000010 0.000010 0.000010 0.000010
0.000010 0.000010 0.000010 0.000014 0.839585 0.000010 0.160341 0.000010 0.000010
0.000010 0.000010 0.000010 0.000010 0.964170 0.000010 0.035760 0.000010 0.000010
0.000010 0.000010 0.000672 0.000010 0.953362 0.000010 0.045906 0.000010 0.000010
0.000010 0.069994 0.000017 0.000010 0.866463 0.018217 0.045269 0.000010 0.000010
0.000010 0.025360 0.000017 0.010593 0.880294 0.000010 0.000010 0.083696 0.000010
0.000010 0.000010 0.000010 0.000010 0.999920 0.000010 0.000010 0.000010 0.000010
0.000010 0.045898 0.000010 0.000010 0.912594 0.027161 0.014297 0.000010 0.000010
0.000010 0.000010 0.000010 0.000010 0.980504 0.000010 0.019426 0.000010 0.000010
0.000013 0.042014 0.000010 0.000010 0.922531 0.003227 0.032175 0.000010 0.000010
0.000010 0.000010 0.000010 0.000010 0.996678 0.000010 0.003252 0.000010 0.000010
0.000010 0.034527 0.000010 0.000010 0.947171 0.000010 0.018242 0.000010 0.000010
0.000010 0.000010 0.000010 0.000010 0.974166 0.000010 0.000010 0.000010 0.025764
0.000010 0.000010 0.000010 0.000010 0.999920 0.000010 0.000010 0.000010 0.000010
0.610327 0.000010 0.000010 0.000010 0.000010 0.087374 0.063387 0.238863 0.000010
0.513423 0.043425 0.000010 0.177646 0.000010 0.000010 0.000010 0.222585 0.042881
0.504154 0.047005 0.000010 0.142471 0.000010 0.034940 0.000010 0.262902 0.008499
0.752118 0.081385 0.000010 0.033844 0.000010 0.000010 0.000010 0.132603 0.000010
0.314802 0.000010 0.019206 0.277165 0.035009 0.116366 0.000010 0.218807 0.018624
0.609019 0.024088 0.000010 0.128636 0.000010 0.015155 0.017963 0.155725 0.049394
0.404487 0.000010 0.103588 0.232848 0.000010 0.000010 0.000010 0.259027 0.000010
0.560541 0.000010 0.000010 0.000010 0.000010 0.000010 0.000010 0.351935 0.087463
0.768677 0.000010 0.060233 0.000010 0.000010 0.000010 0.000010 0.171031 0.000010
0.434315 0.070233 0.000010 0.155446 0.064303 0.017170 0.010959 0.236656 0.010908
0.541609 0.037469 0.000010 0.236710 0.120539 0.000010 0.000010 0.063634 0.000010
0.592962 0.000010 0.000010 0.044604 0.000010 0.000010 0.055694 0.306691 0.000010
0.674684 0.000010 0.000010 0.123518 0.003945 0.000010 0.023345 0.174468 0.000010
0.549093 0.000010 0.000010 0.030734 0.000010 0.000010 0.000010 0.420113 0.000010
0.453632 0.000010 0.118184 0.158951 0.070639 0.000010 0.014969 0.119366 0.064239
0.712822 0.000010 0.000010 0.038260 0.000010 0.000010 0.000010 0.199395 0.049473
0.631184 0.000010 0.000010 0.011869 0.021454 0.000010 0.016366 0.290286 0.028813
0.455602 0.000010 0.000010 0.372646 0.016004 0.000010 0.000010 0.155698 0.000010
0.507011 0.000010 0.000010 0.000010 0.007761 0.030181 0.092190 0.245588 0.117240
0.572956 0.000010 0.000010 0.000010 0.055653 0.000010 0.000010 0.371331 0.000010
0.798656 0.021484 0.000010 0.000010 0.000010 0.000010 0.000010 0.179799 0.000010
0.476524 0.000010 0.000010 0.202386 0.036477 0.147438 0.000010 0.118208 0.018936
0.744054 0.000010 0.000010 0.000010 0.000010 0.023756 0.020563 0.211577 0.000010
0.573917 0.000010 0.000010 0.234529 0.124254 0.000010 0.000010 0.067249 0.000010
0.359487 0.010672 0.000010 0.260905 0.000010 0.000010 0.004403 0.364493 0.000010
0.453903 0.000010 0.120586 0.253599 0.000010 0.038046 0.000010 0.133827 0.000010
0.480451 0.008202 0.076977 0.260735 0.085692 0.001940 0.000010 0.047838 0.038155
0.621415 0.000016 0.000010 0.012431 0.029979 0.000010 0.000010 0.265862 0.070268
0.627514 0.038546 0.000010 0.000010 0.004586 0.071431 0.067338 0.112524 0.078041
0.610063 0.027272 0.000010 0.138410 0.000010 0.000010 0.000010 0.220228 0.003988
0.559070 0.000010 0.000010 0.228344 0.097636 0.000010 0.000010 0.104737 0.010173
0.637652 0.028668 0.000010 0.000010 0.000010 0.024496 0.000010 0.309134 0.000010
0.758926 0.000010 0.000010 0.000010 0.008837 0.000010 0.000010 0.232177 0.000010
0.507360 0.004488 0.000010 0.348718 0.000010 0.001228 0.000010 0.076623 0.061554
0.607845 0.000010 0.060092 0.167525 0.000010 0.000010 0.000010 0.164488 0.000010
0.519120 0.000010 0.000010 0.091421 0.066273 0.008204 0.000010 0.245356 0.069595
0.371263 0.000010 0.000010 0.219338 0.000010 0.000010 0.071030 0.338319 0.000010
0.777971 0.000010 0.000010 0.000010 0.000010 0.000010 0.000010 0.221959 0.000010
0.679240 0.000010 0.000010 0.031710 0.000010 0.000010 0.000010 0.288989 0.000010
0.716934 0.000010 0.000010 0.000010 0.105714 0.000010 0.067876 0.109427 0.000010
0.564059 0.000010 0.092378 0.235402 0.000010 0.005664 0.000010 0.063365 0.039103
0.686872 0.000010 0.000010 0.000010 0.000010 0.000010 0.052548 0.260520 0.000010
0.552425 0.000010 0.069966 0.112538 0.000010 0.000010 0.000010 0.101416 0.163615
0.470539 0.000010 0.000010 0.234904 0.000010 0.000010 0.000010 0.079213 0.215294
0.594672 0.000010 0.000010 0.000010 0.000010 0.017353 0.000010 0.244657 0.143268
0.648840 0.000010 0.091273 0.000010 0.000010 0.000010 0.000010 0.181132 0.078705
0.474621 0.000010 0.000010 0.143954 0.000010 0.047940 0.159887 0.173558 0.000010
0.665509 0.000010 0.038841 0.000010 0.000010 0.000010 0.000010 0.295590 0.000010
0.691773 0.000010 0.000010 0.000010 0.000010 0.085081 0.000010 0.098644 0.124453
0.459048 0.000010 0.000010 0.031050 0.000010 0.027616 0.000010 0.184596 0.297649
0.497806 0.025179 0.000010 0.000010 0.010626 0.000010 0.058423 0.321909 0.086027
0.514824 0.018353 0.000010 0.279148 0.000010 0.072360 0.000010 0.115276 0.000010
0.650547 0.000010 0.000010 0.085606 0.029246 0.000010 0.000010 0.199425 0.035136
0.717765 0.000010 0.000010 0.000010 0.035409 0.067843 0.065842 0.113101 0.000010
0.336163 0.000010 0.068123 0.221898 0.035248 0.006768 0.104629 0.084958 0.142203
0.198776 0.021970 0.000010 0.000010 0.063134 0.109043 0.000010 0.084384 0.522662
0.643053 0.000010 0.091912 0.000010 0.000010 0.000010 0.000010 0.239357 0.025627
0.588291 0.000010 0.000010 0.097950 0.125017 0.059993 0.000010 0.128710 0.000010
0.609841 0.000010 0.000010 0.002399 0.025863 0.000010 0.000010 0.280854 0.081002
0.525696 0.115611 0.000010 0.000010 0.000010 0.000010 0.001301 0.357342 0.000010
0.523030 0.000010 0.000010 0.000010 0.045389 0.000010 0.045200 0.151182 0.235159
0.515350 0.046135 0.000010 0.029998 0.000010 0.060043 0.000010 0.271926 0.076519
0.591635 0.000010 0.000010 0.029863 0.000010 0.019993 0.000010 0.358458 0.000010
0.312858 0.072033 0.058320 0.147384 0.044449 0.080358 0.000010 0.106830 0.177758
0.699530 0.051027 0.000010 0.039970 0.000010 0.001825 0.000010 0.165349 0.042268
0.406172 0.000010 0.000010 0.093123 0.091113 0.000010 0.076530 0.275729 0.057303
0.411298 0.016612 0.000010 0.000010 0.113155 0.072591 0.022184 0.114849 0.249291
0.412039 0.000010 0.000010 0.010939 0.200377 0.021799 0.045631 0.094205 0.214991
0.674267 0.000010 0.000010 0.000010 0.126847 0.002018 0.000010 0.000010 0.196818
0.578395 0.070160 0.000010 0.029223 0.043599 0.000010 0.000010 0.278582 0.000010
0.527023 0.000010 0.014452 0.089692 0.034099 0.066527 0.000010 0.158266 0.109921
0.514435 0.020906 0.027307 0.034842 0.183666 0.000010 0.035585 0.183240 0.000010
0.301600 0.011340 0.000010 0.181128 0.000010 0.071907 0.011779 0.327419 0.094808
0.623911 0.000010 0.000010 0.224106 0.014617 0.058653 0.000010 0.078672 0.000010
0.727335 0.000010 0.053731 0.012172 0.000010 0.000010 0.000010 0.112624 0.094097
0.633701 0.003442 0.000010 0.147437 0.000010 0.000010 0.000010 0.215370 0.000010
0.617911 0.100115 0.000010 0.000010 0.000010 0.019575 0.000010 0.148031 0.114328
0.608041 0.000010 0.010984 0.003166 0.034394 0.085507 0.000010 0.250831 0.007057
0.554132 0.000010 0.004453 0.144144 0.000010 0.000010 0.159051 0.138180 0.000010
0.520698 0.000010 0.000010 0.073156 0.055979 0.085046 0.082400 0.111155 0.071547
0.707238 0.000010 0.000010 0.000010 0.000010 0.000010 0.000010 0.227241 0.065461
0.529126 0.043148 0.041679 0.055310 0.053719 0.123505 0.021233 0.132270 0.000010
0.579090 0.000690 0.001938 0.197147 0.000010 0.000010 0.000010 0.221095 0.000010
0.754863 0.000010 0.123632 0.006460 0.000010 0.017749 0.000010 0.060725 0.036540
0.815286 0.000010 0.000010 0.022287 0.000010 0.037460 0.000010 0.124918 0.000010
0.718756 0.000010 0.000010 0.000010 0.000010 0.000010 0.000010 0.188853 0.092331
0.500418 0.120732 0.014494 0.015825 0.089442 0.000010 0.000010 0.243302 0.015768
0.000010 0.003373 0.049949 0.000010 0.783682 0.000010 0.156507 0.000010 0.006448
0.000010 0.000010 0.000010 0.017927 0.926082 0.000010 0.055930 0.000010 0.000010
0.000010 0.000010 0.000010 0.079297 0.920633 0.000010 0.000010 0.000010 0.000010
0.009833 0.000010 0.000010 0.007195 0.917426 0.000010 0.065496 0.000010 0.000010
0.000010 0.000010 0.000010 0.056302 0.907761 0.000010 0.035877 0.000010 0.000010
0.000010 0.012005 0.048598 0.000010 0.800029 0.000010 0.120363 0.000010 0.018965
0.000010 0.014420 0.125151 0.000010 0.713525 0.000010 0.146854 0.000010 0.000010
0.569566 0.060255 0.000010 0.246213 0.000010 0.000010 0.000010 0.123915 0.000010
0.415678 0.003382 0.001299 0.386670 0.000010 0.000010 0.000010 0.192931 0.000010
0.477456 0.000010 0.046698 0.307896 0.000010 0.000010 0.025523 0.142386 0.000010
0.794384 0.000010 0.000010 0.109932 0.000010 0.000010 0.000010 0.095624 0.000010
0.694489 0.033755 0.000010 0.132036 0.000010 0.000010 0.000010 0.139670 0.000010
0.575322 0.000010 0.000010 0.210024 0.000010 0.000010 0.000010 0.120515 0.094088
0.598418 0.000010 0.029882 0.188416 0.000010 0.000010 0.000010 0.163155 0.020088
0.570386 0.000010 0.043299 0.207789 0.000010 0.000010 0.060083 0.118403 0.000010
0.570587 0.000010 0.000010 0.089741 0.035759 0.000010 0.000010 0.303862 0.000010
0.630284 0.000010 0.019727 0.085093 0.000010 0.000010 0.024408 0.152020 0.088438
0.616390 0.000010 0.078002 0.058156 0.058570 0.000010 0.000010 0.188842 0.000010
0.712012 0.000010 0.000010 0.000010 0.008133 0.042995 0.000010 0.122469 0.114351
0.639968 0.000010 0.018990 0.125941 0.000010 0.000010 0.000010 0.181757 0.033305
0.454068 0.000010 0.000010 0.162908 0.000010 0.000010 0.000010 0.225051 0.157923
0.432624 0.000010 0.141525 0.143303 0.000010 0.053443 0.054658 0.174417 0.000010
0.531249 0.000010 0.000010 0.055345 0.000010 0.006747 0.000010 0.066582 0.340036
0.610380 0.000010 0.000010 0.076879 0.070771 0.132270 0.000010 0.109659 0.000010
0.653584 0.000010 0.000010 0.000010 0.000010 0.024393 0.000010 0.321964 0.000010
0.442493 0.000010 0.000010 0.177244 0.000010 0.044088 0.124880 0.202742 0.008524
0.560532 0.018228 0.000010 0.058295 0.049646 0.000010 0.025885 0.236040 0.051355
0.652688 0.000010 0.000010 0.203173 0.000010 0.025620 0.000010 0.000010 0.118469
0.569643 0.000010 0.000010 0.037705 0.000010 0.045287 0.000010 0.347314 0.000010
0.396215 0.000010 0.002899 0.000010 0.004560 0.000010 0.000010 0.529320 0.066965
0.586451 0.000010 0.052292 0.162768 0.000010 0.034968 0.000010 0.163480 0.000010
0.652762 0.000010 0.088418 0.012802 0.000010 0.007924 0.000010 0.238055 0.000010
0.498179 0.025968 0.000010 0.080847 0.040460 0.000010 0.000010 0.354505 0.000010
0.469271 0.000010 0.014713 0.110153 0.000010 0.000010 0.000010 0.063705 0.342117
0.445612 0.140072 0.000010 0.275412 0.000010 0.000010 0.012460 0.126403 0.000010
0.487262 0.054786 0.000010 0.139813 0.000010 0.037971 0.000094 0.280044 0.000010
0.547885 0.000010 0.000010 0.255243 0.000010 0.073557 0.000010 0.123265 0.000010
0.560945 0.125164 0.000010 0.008644 0.000010 0.000010 0.000010 0.305197 0.000010
0.736867 0.000010 0.000010 0.000010 0.090412 0.068736 0.000010 0.069655 0.034290
0.707374 0.037109 0.000010 0.000010 0.000010 0.162833 0.000010 0.092634 0.000010
0.655563 0.048411 0.008500 0.043160 0.000010 0.000010 0.000010 0.215639 0.028696
0.629737 0.051406 0.000010 0.099160 0.000010 0.000010 0.000010 0.173647 0.046009
0.000010 0.974013 0.000010 0.000010 0.002459 0.000010 0.023468 0.000010 0.000010
0.288163 0.544536 0.000010 0.095192 0.054224 0.000010 0.017845 0.000010 0.000010
0.000010 0.867230 0.080457 0.000010 0.000010 0.000010 0.050968 0.001296 0.000010
0.000010 0.919481 0.043550 0.000010 0.000010 0.000010 0.036909 0.000010 0.000010
0.000010 0.000010 0.607502 0.060762 0.000010 0.000010 0.261946 0.069740 0.000010
0.000010 0.000010 0.550197 0.000010 0.000010 0.000010 0.427623 0.000010 0.022120
0.000010 0.000010 0.290451 0.108959 0.080418 0.000010 0.520122 0.000010 0.000010
0.000010 0.000010 0.654745 0.000010 0.000010 0.000010 0.221040 0.124155 0.000010
0.000010 0.000010 0.454338 0.020729 0.000010 0.000010 0.345905 0.147038 0.031950
0.000010 0.045967 0.536569 0.026905 0.027299 0.005909 0.285231 0.000010 0.072100
0.000010 0.003622 0.362961 0.094189 0.000010 0.000010 0.479119 0.000010 0.060068
0.000010 0.000010 0.505729 0.000010 0.107731 0.021205 0.330765 0.000010 0.034530
0.000010 0.000010 0.362403 0.000010 0.000010 0.000010 0.508233 0.129303 0.000010
0.054556 0.030351 0.442577 0.000010 0.077137 0.000010 0.395339 0.000010 0.000010
0.415873 0.000010 0.082959 0.113569 0.000010 0.000010 0.000010 0.102106 0.285452
0.641568 0.062900 0.000010 0.000010 0.059183 0.023986 0.000010 0.212323 0.000010
0.622509 0.000010 0.059353 0.084634 0.019739 0.025608 0.046731 0.022335 0.119081
0.781325 0.000010 0.071500 0.042974 0.000010 0.026339 0.000010 0.070995 0.006838
0.436382 0.000010 0.000010 0.073314 0.000010 0.011737 0.000010 0.444962 0.033565
0.467648 0.000010 0.000010 0.049077 0.077763 0.000010 0.000010 0.402966 0.002505
0.340765 0.174402 0.000010 0.250043 0.000010 0.075004 0.022774 0.136982 0.000010
0.452042 0.000010 0.000010 0.139756 0.000010 0.000010 0.000010 0.138434 0.269718
0.412927 0.014231 0.059869 0.213395 0.000010 0.042374 0.027399 0.156630 0.073164
0.845363 0.000010 0.000010 0.000010 0.000010 0.000010 0.000010 0.154567 0.000010
0.333493 0.000010 0.015691 0.135463 0.000010 0.024132 0.070301 0.331960 0.088940
0.620847 0.100294 0.000010 0.000010 0.000010 0.000010 0.000010 0.179609 0.099200
0.584090 0.057437 0.023152 0.124546 0.000010 0.102430 0.000010 0.000010 0.108315
0.562678 0.033851 0.000010 0.000010 0.034400 0.105795 0.000010 0.215192 0.048053
0.399840 0.000010 0.000010 0.234357 0.017555 0.000010 0.000010 0.291247 0.056962
0.604200 0.075103 0.035646 0.070178 0.000010 0.000010 0.000010 0.131873 0.082969
0.645556 0.000010 0.000010 0.000010 0.109138 0.000010 0.030308 0.135900 0.079058
0.485170 0.000010 0.000010 0.101034 0.125770 0.049146 0.028829 0.210020 0.000010
0.598974 0.026755 0.000010 0.134617 0.000010 0.054474 0.000010 0.185140 0.000010
0.584934 0.000010 0.000010 0.000010 0.219993 0.000010 0.000010 0.077670 0.117353
0.488486 0.000010 0.000010 0.177930 0.009748 0.000010 0.000010 0.323786 0.000010
0.004816 0.169565 0.639084 0.000010 0.035350 0.000010 0.129890 0.000010 0.021264
0.000010 0.000010 0.746849 0.000010 0.094773 0.000010 0.158319 0.000010 0.000010
0.000010 0.044494 0.455334 0.000010 0.204524 0.000010 0.225033 0.070575 0.000010
0.000010 0.000010 0.665200 0.000010 0.060294 0.000010 0.274445 0.000010 0.000010
0.061713 0.237297 0.475895 0.000010 0.000010 0.000010 0.214165 0.010890 0.000010
0.000010 0.028302 0.638620 0.000010 0.127266 0.000010 0.205762 0.000010 0.000010
0.008937 0.000010 0.703173 0.000010 0.000010 0.011648 0.189662 0.086540 0.000010
0.000010 0.088706 0.654897 0.000010 0.041315 0.029834 0.178909 0.006309 0.000010
0.000010 0.000010 0.571565 0.000010 0.082556 0.005259 0.293780 0.000010 0.046800
0.000010 0.074829 0.481467 0.000010 0.047931 0.000010 0.395723 0.000010 0.000010
0.000010 0.114339 0.411035 0.000010 0.100374 0.000010 0.356161 0.015247 0.002813
0.000011 0.152295 0.518442 0.000010 0.000010 0.000010 0.241061 0.000010 0.088151
0.000010 0.007730 0.718757 0.000010 0.000010 0.000010 0.273452 0.000010 0.000010
0.000010 0.121020 0.569514 0.118919 0.054593 0.013502 0.096629 0.025803 0.000010
0.000010 0.000010 0.716264 0.000010 0.021713 0.000010 0.261963 0.000010 0.000010
0.000010 0.000010 0.668359 0.000010 0.143699 0.000010 0.056740 0.131152 0.000010
0.000010 0.000010 0.619662 0.116574 0.045002 0.007849 0.168807 0.041486 0.000600
0.000010 0.000010 0.542504 0.000010 0.182402 0.000010 0.275034 0.000010 0.000010
0.000010 0.010385 0.649860 0.000010 0.145140 0.000010 0.162580 0.031996 0.000010
0.000010 0.093375 0.740817 0.000010 0.000010 0.041077 0.124681 0.000010 0.000010
0.000010 0.000010 0.632586 0.000010 0.085192 0.000010 0.236977 0.045195 0.000010
0.000010 0.000010 0.721904 0.000010 0.088865 0.000010 0.189172 0.000010 0.000010
0.039464 0.000010 0.765672 0.000010 0.000010 0.000010 0.170701 0.024112 0.000010
0.000010 0.017437 0.767757 0.000010 0.021520 0.000010 0.129107 0.064139 0.000010
0.000010 0.000010 0.614033 0.000010 0.041811 0.000010 0.344096 0.000010 0.000010
0.000010 0.052597 0.528011 0.000010 0.000010 0.045103 0.335524 0.038725 0.000010
0.000010 0.088423 0.556926 0.053613 0.000010 0.033415 0.208141 0.059452 0.000010
0.000010 0.000010 0.785491 0.000010 0.000010 0.000010 0.214439 0.000010 0.000010
0.000010 0.008125 0.713307 0.000010 0.021671 0.000010 0.256847 0.000010 0.000010
0.000010 0.010590 0.584021 0.054733 0.079914 0.000010 0.270703 0.000010 0.000010
0.000010 0.002298 0.658818 0.101048 0.010592 0.000010 0.227204 0.000010 0.000010
0.000010 0.000010 0.706314 0.020151 0.013039 0.000010 0.260446 0.000010 0.000010
0.000010 0.000010 0.698576 0.000010 0.000010 0.000010 0.301354 0.000010 0.000010
0.056770 0.035348 0.327609 0.043242 0.073437 0.020706 0.417096 0.025780 0.000010
0.000010 0.000010 0.786441 0.000010 0.027971 0.000010 0.158828 0.026711 0.000010
0.079386 0.050542 0.510858 0.019207 0.000010 0.023881 0.316095 0.000010 0.000010
0.000010 0.000010 0.550716 0.084865 0.069591 0.000010 0.294778 0.000010 0.000010
0.000010 0.000010 0.651426 0.000010 0.000010 0.006384 0.342130 0.000010 0.000010
0.000010 0.000010 0.595356 0.000010 0.171923 0.000010 0.232661 0.000010 0.000010
0.000010 0.000661 0.000010 0.148202 0.771953 0.000010 0.067776 0.000010 0.011368
0.000010 0.034660 0.000010 0.056533 0.908744 0.000012 0.000011 0.000010 0.000010
0.000010 0.111485 0.646305 0.000010 0.000010 0.000010 0.242151 0.000010 0.000010
0.000010 0.002260 0.734286 0.000010 0.078453 0.000010 0.124689 0.000010 0.060271
0.373689 0.000010 0.000010 0.386999 0.123018 0.000010 0.085416 0.030838 0.000010
0.307130 0.140337 0.000010 0.412439 0.000010 0.086915 0.000010 0.053139 0.000010
0.286313 0.000010 0.023411 0.312429 0.001808 0.000010 0.000010 0.343168 0.032840
0.361690 0.000010 0.000010 0.249729 0.095908 0.000010 0.024862 0.267770 0.000010
0.256233 0.043773 0.000010 0.576277 0.000010 0.000010 0.000010 0.123667 0.000010
0.367685 0.059574 0.071160 0.337401 0.000010 0.000010 0.000010 0.164139 0.000010
0.160508 0.000010 0.000010 0.644883 0.000010 0.000010 0.000010 0.166888 0.027670
0.516252 0.000010 0.000010 0.371891 0.000010 0.000010 0.000010 0.111797 0.000010
0.357732 0.057528 0.000010 0.411624 0.000010 0.000010 0.000010 0.173067 0.000010
0.351367 0.026920 0.000010 0.525090 0.000010 0.029835 0.000010 0.066747 0.000010
0.217060 0.035492 0.025306 0.417539 0.052425 0.000010 0.000010 0.252147 0.000010
0.378517 0.000010 0.118770 0.266770 0.000010 0.007992 0.039818 0.188103 0.000010
0.465828 0.000010 0.000010 0.300648 0.000010 0.000010 0.069883 0.163591 0.000010
0.000010 0.000010 0.828768 0.000010 0.022500 0.000010 0.148672 0.000010 0.000010
0.000010 0.000010 0.547122 0.000010 0.000010 0.000010 0.452808 0.000010 0.000010
0.000010 0.000010 0.617292 0.000010 0.000010 0.001706 0.380942 0.000010 0.000010
0.000010 0.074650 0.678950 0.000010 0.133965 0.000010 0.112385 0.000010 0.000010
0.000010 0.000010 0.740987 0.000010 0.000010 0.000010 0.258943 0.000010 0.000010
0.000010 0.098958 0.659220 0.025214 0.000010 0.000010 0.216557 0.000010 0.000010
0.000010 0.000010 0.662654 0.000010 0.000010 0.000010 0.337276 0.000010 0.000010
0.000010 0.000010 0.490652 0.000010 0.011597 0.000010 0.464894 0.000010 0.032807
0.000010 0.000010 0.604964 0.000010 0.000010 0.055744 0.339232 0.000010 0.000010
0.000010 0.000010 0.507864 0.000010 0.148207 0.008485 0.335395 0.000010 0.000010
0.000010 0.151446 0.550672 0.000010 0.086608 0.000010 0.211224 0.000010 0.000010
0.031122 0.000010 0.524662 0.143977 0.000010 0.000010 0.255165 0.045034 0.000010
