0.417573 0.046971 0.025372 0.000010 0.000010 0.023452 0.050113 0.327649 0.108849
0.404197 0.000010 0.030365 0.000010 0.000010 0.038603 0.000010 0.526785 0.000010
0.098245 0.041526 0.000010 0.113574 0.021825 0.000010 0.199233 0.525567 0.000010
0.300635 0.168892 0.000010 0.170642 0.083276 0.000010 0.000010 0.276422 0.000103
0.300638 0.068838 0.000010 0.250935 0.000010 0.000010 0.004489 0.375060 0.000010
0.125632 0.000010 0.129580 0.090206 0.035291 0.000010 0.031355 0.261640 0.326276
0.249374 0.000010 0.000010 0.232266 0.040121 0.000010 0.043917 0.384071 0.050221
0.174778 0.079231 0.000010 0.013398 0.050568 0.000010 0.067657 0.614338 0.000010
0.290738 0.177861 0.000010 0.000010 0.000010 0.074533 0.000010 0.429958 0.026871
0.292638 0.071482 0.000010 0.064483 0.069215 0.036760 0.034366 0.431037 0.000010
0.257337 0.001455 0.000010 0.053557 0.000010 0.000010 0.154807 0.491844 0.040970
0.274222 0.082453 0.019210 0.000018 0.000010 0.052542 0.039805 0.529439 0.002302
0.334414 0.048040 0.074082 0.000010 0.030914 0.001284 0.000010 0.368225 0.143022
0.495045 0.093901 0.000010 0.110729 0.060471 0.000010 0.103847 0.039488 0.096499
0.066825 0.047494 0.024355 0.087500 0.000010 0.000010 0.158008 0.476483 0.139316
0.585716 0.025760 0.007905 0.000010 0.037652 0.014424 0.024161 0.304362 0.000010
0.022613 0.000010 0.000010 0.041769 0.000010 0.000010 0.493237 0.435701 0.006641
0.401641 0.105796 0.000010 0.024131 0.090993 0.000010 0.000010 0.367931 0.009479
0.362113 0.000010 0.000010 0.010947 0.000010 0.000010 0.136547 0.438449 0.051905
0.157262 0.000010 0.055410 0.118960 0.000788 0.039688 0.122788 0.505085 0.000010
0.337264 0.000010 0.058711 0.139380 0.000010 0.000010 0.000010 0.444792 0.019813
0.237698 0.000010 0.000010 0.002244 0.079647 0.032308 0.000010 0.618608 0.029465
0.127540 0.000010 0.000010 0.060270 0.105961 0.061390 0.030069 0.249880 0.364870
0.235448 0.062075 0.074454 0.229012 0.038334 0.000010 0.043439 0.283999 0.033229
0.331920 0.000010 0.000010 0.043626 0.027205 0.000010 0.000010 0.564829 0.032380
0.286337 0.000010 0.000010 0.123284 0.000010 0.000010 0.125774 0.374504 0.090062
0.281873 0.000010 0.000010 0.000010 0.040964 0.128794 0.121773 0.426556 0.000010
0.123526 0.041280 0.023570 0.223223 0.038340 0.000010 0.042920 0.507121 0.000010
0.306482 0.000010 0.000010 0.000010 0.000010 0.081439 0.062859 0.549171 0.000010
0.386624 0.000010 0.000010 0.000010 0.116119 0.077507 0.097012 0.234046 0.088662
0.385507 0.066544 0.000010 0.000010 0.000010 0.000010 0.000010 0.547889 0.000010
0.397314 0.114822 0.016125 0.000010 0.000010 0.051045 0.072267 0.348396 0.000010
0.481586 0.000010 0.031913 0.000010 0.000010 0.100764 0.134996 0.250700 0.000010
0.303004 0.000010 0.000010 0.087689 0.000010 0.000010 0.054630 0.449474 0.105162
0.289469 0.000010 0.000010 0.000010 0.000010 0.000010 0.288384 0.422087 0.000010
0.196176 0.000010 0.027241 0.262730 0.056384 0.000010 0.107945 0.335295 0.014209
0.203517 0.061820 0.000010 0.000010 0.158977 0.000010 0.026316 0.549330 0.000010
0.248907 0.015115 0.041845 0.057421 0.000010 0.013690 0.041801 0.104153 0.477058
0.450120 0.000010 0.000010 0.031763 0.000010 0.000010 0.000010 0.459604 0.058463
0.269890 0.052024 0.079022 0.000010 0.000010 0.000010 0.086284 0.472341 0.040410
0.106309 0.000010 0.000010 0.300018 0.000010 0.018756 0.020947 0.489034 0.064905
0.228485 0.000010 0.000010 0.049902 0.000010 0.000010 0.059463 0.662101 0.000010
0.201756 0.000010 0.015377 0.000010 0.011096 0.000010 0.000010 0.617143 0.154588
0.275172 0.130564 0.044218 0.145457 0.073190 0.000010 0.114833 0.137000 0.079556
0.191765 0.000010 0.000010 0.000010 0.022072 0.000010 0.125370 0.590117 0.070637
0.424131 0.000010 0.013307 0.000010 0.000010 0.000010 0.169233 0.354250 0.039039
0.255859 0.000010 0.173755 0.127636 0.000010 0.062386 0.000010 0.351950 0.028386
0.260857 0.000010 0.000010 0.113313 0.000010 0.000010 0.069304 0.556477 0.000010
0.000010 0.000010 0.457123 0.105179 0.082211 0.000010 0.157635 0.197812 0.000010
0.326967 0.110370 0.172586 0.080374 0.066956 0.000010 0.027723 0.215005 0.000010
0.000010 0.000010 0.324215 0.062425 0.015333 0.000010 0.052668 0.341044 0.204285
0.097785 0.124200 0.404467 0.108841 0.061902 0.001431 0.180490 0.020873 0.000010
0.057710 0.000010 0.132127 0.132436 0.000010 0.000010 0.025816 0.651872 0.000010
0.000010 0.119401 0.331031 0.156275 0.000010 0.000010 0.212886 0.142794 0.037583
0.158033 0.000010 0.434659 0.144202 0.000010 0.000010 0.000010 0.248005 0.015062
0.000010 0.000010 0.538010 0.096192 0.012449 0.058732 0.133285 0.135201 0.026111
0.207177 0.000010 0.351309 0.000010 0.125250 0.000010 0.176702 0.139522 0.000010
0.447180 0.005527 0.242026 0.029824 0.000010 0.000010 0.000010 0.261900 0.013514
0.027753 0.000010 0.527741 0.032782 0.000010 0.000010 0.345028 0.066657 0.000010
0.000011 0.046952 0.546750 0.014623 0.000010 0.000010 0.156567 0.235067 0.000010
0.100291 0.066863 0.264473 0.073875 0.000010 0.062657 0.151409 0.280412 0.000010
0.000010 0.000010 0.513177 0.039129 0.000010 0.013851 0.236366 0.197437 0.000010
0.000010 0.030079 0.267763 0.000010 0.006161 0.047436 0.211093 0.351877 0.085570
0.275670 0.088916 0.394666 0.029522 0.094599 0.000010 0.043761 0.021072 0.051785
0.000010 0.069199 0.352054 0.067474 0.201648 0.000010 0.000010 0.309585 0.000010
0.181342 0.076959 0.459594 0.002458 0.055137 0.057767 0.000010 0.166725 0.000010
0.105812 0.019147 0.483807 0.037832 0.073216 0.000010 0.203319 0.076848 0.000010
0.037363 0.065448 0.436320 0.000010 0.068276 0.000010 0.114655 0.230037 0.047881
0.173513 0.000010 0.399011 0.127346 0.000010 0.125841 0.174249 0.000010 0.000010
0.217652 0.081476 0.049514 0.047012 0.190622 0.000010 0.000010 0.413693 0.000010
0.378429 0.008591 0.000010 0.008981 0.000010 0.000010 0.149148 0.267312 0.187510
0.235052 0.000010 0.143187 0.155543 0.000010 0.000010 0.030202 0.435976 0.000010
0.382727 0.000010 0.000010 0.000010 0.000010 0.022578 0.128638 0.408180 0.057836
0.272092 0.120283 0.000010 0.087588 0.000010 0.047268 0.000010 0.365801 0.106938
0.309092 0.000010 0.000010 0.195588 0.016862 0.000010 0.049323 0.386922 0.042183
0.287529 0.000010 0.159217 0.000010 0.000010 0.009254 0.099729 0.411253 0.032989
0.391950 0.085888 0.000010 0.036495 0.093005 0.000010 0.037390 0.355241 0.000010
0.000010 0.004317 0.014287 0.253158 0.041298 0.129161 0.153359 0.205293 0.199116
0.297605 0.000010 0.038321 0.200905 0.000010 0.000010 0.000010 0.404712 0.058418
0.000010 0.046363 0.074686 0.151491 0.125977 0.180421 0.039634 0.243948 0.137469
0.241645 0.000010 0.000010 0.000010 0.000010 0.000010 0.245703 0.512592 0.000010
0.159065 0.013708 0.093174 0.000010 0.085482 0.011380 0.068395 0.568775 0.000010
0.415216 0.000010 0.030114 0.204943 0.048254 0.079802 0.006011 0.215640 0.000010
0.449815 0.000010 0.022177 0.011909 0.000010 0.000010 0.000010 0.472746 0.043313
0.421381 0.000010 0.063433 0.103922 0.000010 0.000010 0.065660 0.345564 0.000010
0.072964 0.071023 0.000010 0.000010 0.000010 0.084039 0.127765 0.332592 0.311588
0.236044 0.073173 0.043874 0.031121 0.000010 0.043207 0.000010 0.365720 0.206840
0.506167 0.000010 0.000010 0.100638 0.067281 0.039443 0.000010 0.286431 0.000010
0.135517 0.096268 0.000010 0.158432 0.000010 0.000010 0.000010 0.291565 0.318177
0.291992 0.000010 0.000010 0.000010 0.091618 0.000010 0.000010 0.616330 0.000010
0.343607 0.036594 0.000010 0.000010 0.000010 0.000010 0.076675 0.543074 0.000010
0.238046 0.000010 0.254978 0.062971 0.000010 0.000010 0.025953 0.418012 0.000010
0.427120 0.000010 0.100213 0.000010 0.000010 0.060595 0.000010 0.363467 0.048564
0.357177 0.108313 0.026526 0.026991 0.000010 0.014405 0.111145 0.355422 0.000010
0.397360 0.000010 0.010211 0.093436 0.091730 0.000010 0.040032 0.299064 0.068147
0.237082 0.000010 0.067030 0.037400 0.000010 0.000010 0.064219 0.530982 0.063257
0.000010 0.000010 0.000010 0.195541 0.152092 0.000010 0.117397 0.534920 0.000010
0.157698 0.000010 0.000010 0.161469 0.080824 0.033565 0.043574 0.522839 0.000010
0.231807 0.000010 0.000010 0.184593 0.000010 0.033182 0.190777 0.335818 0.023794
0.033435 0.083576 0.000010 0.331631 0.000010 0.000010 0.059047 0.492271 0.000010
0.086643 0.000010 0.034323 0.025245 0.146355 0.000010 0.147843 0.559562 0.000010
0.180007 0.030191 0.027444 0.112272 0.046875 0.053552 0.090947 0.154701 0.304010
0.156780 0.055035 0.000010 0.058520 0.000010 0.000010 0.329419 0.341631 0.058586
0.336785 0.000010 0.100869 0.026793 0.017732 0.000010 0.044365 0.452412 0.021024
0.207101 0.000010 0.000010 0.071592 0.048472 0.000010 0.087666 0.507287 0.077852
0.063681 0.118399 0.166514 0.000010 0.000010 0.037432 0.151652 0.382961 0.079343
0.015577 0.017796 0.000010 0.133909 0.074980 0.064636 0.268212 0.392329 0.032549
0.241238 0.002370 0.000010 0.078862 0.130095 0.000010 0.223546 0.300532 0.023337
0.219822 0.037906 0.104976 0.000010 0.000010 0.000010 0.000231 0.637025 0.000010
0.155881 0.063868 0.000010 0.088317 0.115065 0.000010 0.159695 0.407594 0.009560
0.143208 0.088108 0.000010 0.000010 0.074829 0.007596 0.148396 0.537833 0.000010
0.359654 0.008836 0.000010 0.000010 0.000010 0.000010 0.103903 0.527557 0.000010
0.264572 0.000010 0.000010 0.000010 0.000010 0.000010 0.213844 0.521524 0.000010
0.417069 0.000010 0.018144 0.205885 0.027132 0.000010 0.100252 0.144624 0.086873
0.222584 0.000010 0.017860 0.000010 0.183344 0.033793 0.163725 0.378664 0.000010
0.269455 0.000010 0.000010 0.070612 0.000010 0.000010 0.108152 0.507066 0.044675
0.080287 0.000010 0.065065 0.076263 0.019693 0.036675 0.394634 0.327363 0.000010
0.275683 0.000010 0.000010 0.095810 0.000010 0.025617 0.059414 0.543436 0.000010
0.157184 0.068311 0.057225 0.288779 0.000010 0.000010 0.000010 0.294305 0.134166
0.302130 0.000010 0.000010 0.000010 0.085912 0.000010 0.153356 0.458551 0.000010
0.315279 0.013024 0.065455 0.091136 0.000010 0.016601 0.123899 0.374586 0.000010
0.108057 0.027335 0.075921 0.112422 0.028397 0.011258 0.179187 0.457414 0.000010
0.087982 0.000010 0.000010 0.216411 0.035060 0.000010 0.055711 0.604797 0.000010
0.328336 0.000010 0.099687 0.000010 0.000010 0.000010 0.045280 0.410089 0.116568
0.000010 0.001188 0.026933 0.284412 0.000010 0.000010 0.200488 0.476443 0.010506
0.286014 0.000010 0.000010 0.190447 0.003757 0.046173 0.018580 0.455000 0.000010
0.130419 0.059204 0.006040 0.000010 0.000010 0.110184 0.146503 0.547621 0.000010
0.313412 0.070435 0.063854 0.010871 0.000010 0.077983 0.021522 0.441904 0.000010
0.126828 0.110867 0.000010 0.111318 0.000010 0.006737 0.153309 0.490912 0.000010
0.000010 0.033054 0.295443 0.327438 0.000010 0.000010 0.000010 0.344014 0.000010
0.000010 0.006324 0.205389 0.025808 0.029767 0.018551 0.241062 0.473079 0.000010
0.060913 0.016797 0.000010 0.160764 0.000010 0.000010 0.245346 0.491888 0.024262
0.387090 0.069925 0.000010 0.128931 0.000010 0.000010 0.106383 0.307632 0.000010
0.423905 0.000010 0.078035 0.000014 0.042784 0.008154 0.000010 0.289792 0.157295
0.232803 0.000010 0.040034 0.184943 0.000010 0.000010 0.038315 0.348932 0.154943
0.000011 0.064046 0.010351 0.090432 0.089132 0.000010 0.080179 0.665829 0.000010
0.350922 0.101419 0.001838 0.137192 0.053851 0.000010 0.008380 0.346379 0.000010
0.000011 0.069639 0.078036 0.429116 0.108638 0.000010 0.000010 0.314530 0.000010
0.315712 0.000010 0.203005 0.194555 0.068289 0.054858 0.060455 0.103106 0.000010
0.294584 0.000010 0.000010 0.077342 0.000010 0.000010 0.074727 0.553297 0.000010
0.246045 0.000010 0.051011 0.000010 0.000010 0.000010 0.124917 0.577978 0.000010
0.331872 0.000010 0.047931 0.060539 0.055900 0.060745 0.113565 0.329428 0.000010
0.206341 0.006702 0.024585 0.000010 0.000010 0.000010 0.268370 0.493962 0.000010
0.116659 0.003454 0.000010 0.147636 0.000010 0.070047 0.220184 0.435354 0.006646
0.116001 0.009242 0.000010 0.162472 0.000010 0.013221 0.207436 0.486132 0.005476
0.133431 0.000010 0.046549 0.127242 0.012164 0.000010 0.151693 0.470913 0.057987
0.238031 0.098866 0.000010 0.127657 0.047837 0.070428 0.054492 0.329489 0.033189
0.094748 0.000010 0.000010 0.042423 0.201137 0.000010 0.250690 0.410962 0.000010
0.019215 0.034435 0.125449 0.000010 0.011543 0.025779 0.227778 0.555781 0.000010
0.150567 0.000010 0.000010 0.000010 0.000010 0.125032 0.069447 0.654903 0.000010
0.199696 0.212403 0.000010 0.000012 0.000012 0.059532 0.022605 0.505721 0.000010
0.165241 0.110847 0.000010 0.019420 0.095089 0.016045 0.008806 0.584531 0.000010
0.145778 0.168919 0.000010 0.298513 0.097305 0.000010 0.079816 0.209638 0.000010
0.057808 0.013728 0.000010 0.282138 0.000010 0.012709 0.000010 0.609105 0.024482
0.205325 0.036454 0.036998 0.146032 0.000010 0.002787 0.104655 0.467729 0.000010
0.000010 0.055567 0.000010 0.173592 0.000010 0.005525 0.186243 0.579033 0.000010
0.089456 0.077942 0.116545 0.254954 0.000010 0.000010 0.047654 0.413420 0.000010
0.271110 0.000010 0.118047 0.125510 0.108040 0.000010 0.057548 0.319714 0.000010
0.122198 0.058227 0.000010 0.162499 0.000010 0.022726 0.084517 0.520939 0.028873
0.161146 0.042781 0.106376 0.177982 0.003430 0.000010 0.149026 0.359238 0.000010
0.104032 0.039413 0.178618 0.206296 0.015508 0.004351 0.191587 0.260185 0.000010
0.327503 0.053893 0.000010 0.062006 0.000010 0.080585 0.120089 0.355895 0.000010
0.146716 0.038326 0.084249 0.000010 0.131968 0.040359 0.146801 0.411562 0.000010
0.114993 0.180685 0.068075 0.344573 0.000010 0.024811 0.027501 0.239343 0.000010
0.081328 0.199922 0.068382 0.101477 0.000010 0.000010 0.076648 0.369542 0.102681
0.183336 0.123165 0.009313 0.031651 0.035613 0.000010 0.145635 0.471266 0.000010
0.249109 0.000010 0.119477 0.073385 0.110027 0.000010 0.093915 0.313988 0.040078
0.120071 0.051742 0.080642 0.000010 0.048469 0.000010 0.183266 0.386093 0.129697
0.069072 0.081669 0.075125 0.066509 0.000010 0.000010 0.310047 0.397548 0.000010
0.179350 0.000010 0.081727 0.060532 0.028221 0.000010 0.266626 0.383514 0.000010
0.050170 0.004905 0.032243 0.126522 0.092034 0.015008 0.140132 0.470675 0.068310
0.067721 0.022580 0.201314 0.056204 0.000010 0.000010 0.211668 0.440482 0.000010
0.240071 0.165588 0.052292 0.173053 0.000010 0.053408 0.107896 0.207672 0.000010
0.169229 0.000010 0.128108 0.149305 0.122366 0.000010 0.327217 0.103746 0.000010
0.078165 0.010577 0.217551 0.163946 0.000010 0.000010 0.156263 0.373469 0.000010
0.000011 0.050818 0.183519 0.208750 0.000010 0.087265 0.036068 0.433549 0.000010
0.148217 0.000010 0.132616 0.000010 0.000010 0.000010 0.387691 0.323094 0.008341
0.269793 0.016182 0.157528 0.000010 0.000010 0.022581 0.164055 0.324479 0.045363
0.232712 0.000010 0.045840 0.000010 0.000010 0.000010 0.135842 0.539246 0.046321
0.329035 0.027055 0.000010 0.000010 0.027068 0.077115 0.068814 0.360721 0.110172
0.102893 0.000010 0.085798 0.319411 0.153596 0.000010 0.000010 0.338263 0.000010
0.045181 0.000010 0.000010 0.189651 0.000010 0.074504 0.188857 0.501766 0.000010
0.275585 0.000010 0.002666 0.228202 0.052450 0.000011 0.000010 0.397354 0.043711
0.152753 0.000010 0.058876 0.000010 0.125498 0.000010 0.090271 0.502383 0.070189
0.135812 0.000010 0.073306 0.000010 0.093312 0.050975 0.155086 0.491479 0.000010
0.219148 0.008148 0.093017 0.170145 0.000010 0.000010 0.035435 0.409291 0.064796
0.000010 0.178449 0.101605 0.127455 0.000010 0.000010 0.069746 0.522705 0.000010
0.057471 0.000010 0.000010 0.000010 0.000010 0.431999 0.024809 0.000010 0.485670
0.000010 0.000010 0.049977 0.000010 0.000010 0.632681 0.086800 0.000010 0.230492
0.000010 0.036130 0.038990 0.029845 0.000010 0.497622 0.000010 0.000010 0.397373
0.000010 0.000010 0.000010 0.000010 0.028962 0.379932 0.042462 0.000010 0.548593
0.000010 0.000010 0.001637 0.000010 0.019641 0.315188 0.014191 0.069297 0.580017
0.000010 0.017775 0.000010 0.010145 0.000010 0.473965 0.000010 0.000010 0.498064
0.000010 0.000010 0.000010 0.000010 0.046660 0.580742 0.022880 0.000371 0.349307
0.000010 0.000010 0.000010 0.025288 0.019193 0.395850 0.000010 0.000010 0.559620
0.000010 0.000010 0.000010 0.000010 0.000010 0.615029 0.000010 0.000010 0.384901
0.000010 0.000010 0.000010 0.041342 0.000010 0.418233 0.000010 0.031667 0.508708
0.000010 0.000010 0.000010 0.080428 0.000010 0.248105 0.000010 0.051015 0.620402
0.087413 0.000010 0.000010 0.000010 0.000010 0.243757 0.000010 0.000010 0.668771
0.000010 0.000010 0.000010 0.000510 0.055916 0.500524 0.000010 0.000010 0.443001
0.000010 0.000010 0.000010 0.000010 0.053013 0.348669 0.000010 0.000010 0.598259
0.000010 0.000010 0.000010 0.000010 0.000010 0.399811 0.000010 0.000010 0.600119
0.000010 0.000010 0.000010 0.000010 0.000010 0.403684 0.000010 0.000010 0.596246
0.074439 0.079350 0.000010 0.000010 0.000010 0.317054 0.000010 0.000010 0.529106
0.000010 0.000010 0.000010 0.000010 0.000010 0.385748 0.094189 0.023022 0.496991
0.073124 0.000010 0.000010 0.000010 0.074138 0.239457 0.000010 0.000010 0.613231
0.000296 0.000010 0.005938 0.017331 0.016930 0.371914 0.046069 0.000010 0.541502
0.014434 0.000010 0.000010 0.000010 0.038719 0.257835 0.015831 0.045704 0.627448
0.000010 0.000010 0.000010 0.000010 0.000010 0.458606 0.000010 0.000010 0.541324
0.000010 0.000010 0.000010 0.000010 0.029116 0.380452 0.000010 0.000010 0.590372
0.000010 0.000010 0.010885 0.000010 0.026188 0.581175 0.000010 0.000010 0.381703
0.000010 0.000010 0.000010 0.010667 0.058272 0.286547 0.009490 0.000010 0.634984
0.000010 0.000010 0.028537 0.000010 0.000010 0.606693 0.013404 0.000010 0.351316
0.000010 0.000010 0.000010 0.000010 0.000010 0.338118 0.020389 0.000010 0.641432
0.000010 0.017260 0.000010 0.000010 0.024096 0.466778 0.000010 0.081463 0.410363
0.000010 0.000010 0.000010 0.000010 0.909158 0.000010 0.090772 0.000010 0.000010
0.508384 0.097426 0.120019 0.177749 0.000010 0.000010 0.000010 0.096383 0.000010
0.319469 0.000010 0.000010 0.484592 0.021030 0.000010 0.000010 0.076947 0.097922
0.352898 0.014406 0.000010 0.325588 0.023176 0.072252 0.000010 0.211650 0.000010
0.443581 0.012625 0.000010 0.280777 0.038230 0.021930 0.000010 0.202826 0.000010
0.272080 0.000010 0.000010 0.412692 0.135934 0.000010 0.000010 0.179244 0.000010
0.290011 0.056573 0.117142 0.301524 0.006224 0.000010 0.044144 0.184363 0.000010
0.329657 0.075697 0.039807 0.387822 0.039374 0.000010 0.000010 0.127612 0.000010
0.654433 0.141687 0.000010 0.155801 0.048028 0.000010 0.000010 0.000010 0.000010
0.408382 0.000010 0.000010 0.359699 0.028464 0.017493 0.037492 0.148440 0.000010
0.441072 0.000010 0.000010 0.293280 0.000010 0.000010 0.000010 0.115696 0.149902
0.528806 0.020351 0.000010 0.143555 0.000010 0.000010 0.021001 0.286247 0.000010
0.444133 0.039040 0.000010 0.217214 0.022394 0.058738 0.005397 0.213064 0.000010
0.412963 0.000010 0.036130 0.267817 0.081843 0.000010 0.023104 0.176031 0.002091
0.371196 0.078137 0.000010 0.457033 0.000010 0.046009 0.000010 0.047584 0.000010
0.543097 0.000089 0.030432 0.157998 0.000010 0.000010 0.000010 0.268345 0.000010
0.328619 0.025022 0.107642 0.338538 0.078727 0.000010 0.000010 0.121421 0.000010
0.287800 0.086272 0.052043 0.310666 0.090966 0.000010 0.000010 0.172223 0.000010
0.320643 0.190492 0.030879 0.301678 0.000010 0.000010 0.000010 0.116462 0.039817
0.402058 0.000010 0.000010 0.364035 0.000010 0.000010 0.006426 0.227430 0.000010
0.423111 0.000010 0.103906 0.241938 0.008002 0.000010 0.000010 0.223003 0.000010
0.335120 0.087881 0.000010 0.499766 0.000010 0.000010 0.053347 0.000010 0.023846
0.464418 0.011994 0.000010 0.390805 0.000010 0.000010 0.000010 0.132733 0.000010
0.631545 0.000010 0.098202 0.129524 0.140679 0.000010 0.000010 0.000010 0.000010
0.355244 0.061380 0.079859 0.283558 0.000010 0.037133 0.045018 0.137787 0.000010
0.654835 0.043118 0.059551 0.104836 0.018116 0.000010 0.058599 0.060923 0.000010
0.229390 0.055323 0.000010 0.449927 0.077355 0.141472 0.000010 0.046503 0.000010
0.447065 0.000010 0.041511 0.367849 0.036822 0.042104 0.000010 0.064619 0.000010
0.352659 0.000010 0.135529 0.403974 0.100689 0.000010 0.000010 0.007109 0.000010
0.000010 0.000010 0.000010 0.000010 0.965552 0.000010 0.034378 0.000010 0.000010
0.000010 0.000010 0.000010 0.000010 0.981884 0.000010 0.000010 0.018046 0.000010
0.000010 0.090402 0.020507 0.000010 0.889032 0.000010 0.000010 0.000010 0.000010
0.005286 0.000010 0.000010 0.000010 0.994644 0.000010 0.000010 0.000010 0.000010
0.000010 0.000010 0.059628 0.000014 0.815006 0.000010 0.125301 0.000010 0.000010
0.013946 0.000010 0.000010 0.030896 0.955098 0.000010 0.000010 0.000010 0.000010
0.065184 0.000010 0.000010 0.000010 0.934746 0.000010 0.000010 0.000010 0.000010
0.034897 0.000010 0.033382 0.020320 0.911352 0.000010 0.000010 0.000010 0.000010
0.000010 0.000010 0.036465 0.000010 0.956198 0.000010 0.005462 0.001825 0.000010
0.000010 0.000010 0.000010 0.000010 0.920090 0.000010 0.000010 0.077474 0.002375
0.000010 0.000010 0.000010 0.000010 0.897554 0.000010 0.000010 0.025711 0.076675
0.000010 0.000010 0.000010 0.000010 0.999920 0.000010 0.000010 0.000010 0.000010
0.000013 0.000010 0.006001 0.000010 0.881544 0.000010 0.112392 0.000010 0.000010
0.012138 0.000010 0.000010 0.000010 0.978957 0.000010 0.000010 0.008845 0.000010
0.000010 0.015648 0.000010 0.000010 0.967857 0.016435 0.000010 0.000010 0.000010
0.000010 0.000010 0.000010 0.000010 0.982912 0.000010 0.017018 0.000010 0.000010
0.000010 0.000010 0.000010 0.000010 0.928731 0.000537 0.000010 0.030968 0.039714
0.741371 0.086574 0.000010 0.000010 0.032487 0.000010 0.025261 0.114268 0.000010
0.254161 0.084683 0.022053 0.132450 0.000010 0.000010 0.000010 0.506613 0.000010
0.474856 0.069860 0.082921 0.116074 0.000010 0.009487 0.002669 0.202452 0.041673
0.392483 0.117564 0.005697 0.085143 0.000010 0.142565 0.000010 0.256518 0.000010
0.544514 0.000010 0.000010 0.000010 0.059447 0.008252 0.053247 0.334500 0.000010
0.764706 0.073905 0.000010 0.032811 0.040681 0.000010 0.000010 0.087857 0.000010
0.375384 0.000010 0.000010 0.217945 0.000010 0.000010 0.000010 0.406612 0.000010
0.430826 0.000010 0.056825 0.189169 0.000010 0.000010 0.012716 0.210601 0.099832
0.437921 0.049934 0.042710 0.246847 0.002760 0.000010 0.000010 0.136364 0.083444
0.573417 0.052637 0.104421 0.028318 0.000010 0.000010 0.000010 0.109206 0.131971
0.599478 0.029052 0.002300 0.013406 0.037263 0.000010 0.000010 0.318470 0.000010
0.480247 0.119352 0.000010 0.094105 0.000010 0.000010 0.000010 0.236153 0.070102
0.526325 0.000010 0.017862 0.125479 0.062640 0.000010 0.005194 0.262470 0.000010
0.650434 0.000010 0.110786 0.000010 0.000010 0.000010 0.033836 0.136144 0.068760
0.415732 0.104340 0.025958 0.141681 0.000010 0.000010 0.000010 0.293103 0.019157
0.561261 0.017656 0.018565 0.168424 0.033003 0.118592 0.000010 0.082478 0.000010
0.617986 0.000010 0.035565 0.036592 0.000010 0.022449 0.000010 0.287368 0.000010
0.582076 0.000010 0.000010 0.197947 0.000010 0.000010 0.091974 0.127953 0.000010
0.645009 0.000010 0.000010 0.067678 0.055985 0.033149 0.000010 0.198139 0.000010
0.332047 0.000010 0.000010 0.230708 0.000010 0.061549 0.000010 0.321127 0.054529
0.544308 0.030887 0.000010 0.142785 0.000010 0.000010 0.016245 0.265734 0.000010
0.535177 0.000010 0.137770 0.071661 0.000010 0.000010 0.000010 0.255342 0.000010
0.622770 0.016703 0.000010 0.016482 0.006973 0.030012 0.000010 0.302103 0.004937
0.621752 0.000010 0.021355 0.037186 0.003312 0.071772 0.058110 0.186493 0.000010
0.697687 0.000010 0.042949 0.090328 0.123745 0.000717 0.000010 0.044543 0.000010
0.555819 0.029036 0.012748 0.000010 0.022849 0.005093 0.000010 0.271666 0.102769
0.639997 0.000010 0.054180 0.065509 0.009712 0.076244 0.000010 0.138365 0.015973
0.717099 0.000010 0.012038 0.162235 0.000010 0.000010 0.070341 0.000010 0.038247
0.486249 0.011167 0.018479 0.039455 0.015280 0.000010 0.000010 0.429339 0.000010
0.297964 0.000010 0.005714 0.246655 0.038730 0.000010 0.000010 0.410897 0.000010
0.530571 0.229215 0.000010 0.121263 0.000010 0.077308 0.000010 0.000010 0.041603
0.467238 0.000010 0.021277 0.162574 0.000010 0.000010 0.000010 0.348861 0.000010
0.675904 0.000010 0.000010 0.189111 0.000010 0.000010 0.000010 0.099433 0.035502
0.478297 0.000010 0.068539 0.088230 0.017032 0.000673 0.000011 0.347198 0.000010
0.371013 0.000010 0.030160 0.225637 0.017140 0.042921 0.000010 0.288477 0.024633
0.354663 0.000010 0.028698 0.088825 0.000010 0.000010 0.000010 0.352418 0.175356
0.457172 0.000010 0.000010 0.209663 0.015603 0.000010 0.000010 0.317512 0.000010
0.657189 0.000010 0.028732 0.000010 0.089980 0.014869 0.033716 0.175484 0.000010
0.354391 0.000010 0.000010 0.319087 0.006571 0.121478 0.000010 0.155921 0.042523
0.580192 0.000010 0.000010 0.118014 0.000010 0.018782 0.000010 0.282961 0.000010
0.623190 0.000010 0.000010 0.060836 0.000010 0.080397 0.000010 0.235526 0.000010
0.194696 0.015152 0.006313 0.000010 0.000010 0.000010 0.180607 0.518688 0.084514
0.572960 0.000010 0.000010 0.000010 0.000010 0.132351 0.053517 0.067929 0.173203
0.540421 0.005134 0.069894 0.000011 0.000010 0.078014 0.000010 0.306497 0.000010
0.517802 0.009262 0.087046 0.000010 0.015134 0.000010 0.000010 0.304643 0.066083
0.570345 0.000010 0.000010 0.201360 0.000850 0.020318 0.000010 0.207087 0.000010
0.676087 0.000010 0.000010 0.040936 0.046200 0.000010 0.000010 0.052784 0.183953
0.751757 0.000010 0.000010 0.000010 0.000010 0.097866 0.020861 0.129466 0.000010
0.349022 0.089087 0.000010 0.000010 0.253884 0.058133 0.034018 0.180610 0.035225
0.562935 0.000010 0.000010 0.058175 0.000010 0.000010 0.001895 0.376944 0.000010
0.427731 0.002328 0.206401 0.000010 0.000010 0.000010 0.000010 0.238621 0.124878
0.556886 0.000010 0.012409 0.038718 0.000010 0.006719 0.000010 0.385228 0.000010
0.497069 0.000010 0.000010 0.158013 0.000010 0.149451 0.000010 0.195417 0.000010
0.627712 0.070764 0.004439 0.000010 0.066127 0.117921 0.000010 0.032944 0.080073
0.700883 0.000010 0.000010 0.000010 0.020455 0.000010 0.000010 0.243798 0.034814
0.192449 0.020840 0.000010 0.000010 0.020045 0.021937 0.023328 0.072202 0.649178
0.462847 0.021960 0.124309 0.000010 0.020361 0.114654 0.000010 0.126205 0.129643
0.816403 0.129894 0.000010 0.000010 0.000010 0.037946 0.000010 0.015707 0.000010
0.608801 0.056920 0.000010 0.059061 0.008018 0.083828 0.000010 0.183342 0.000010
0.445350 0.000010 0.000010 0.060916 0.117520 0.037373 0.000010 0.338800 0.000010
0.540086 0.035391 0.000010 0.060564 0.023362 0.000010 0.084312 0.256256 0.000010
0.507206 0.000010 0.000010 0.000010 0.000010 0.125251 0.000010 0.081169 0.286323
0.382294 0.145338 0.138228 0.000010 0.023591 0.048712 0.030078 0.231741 0.000010
0.622859 0.031885 0.000010 0.000010 0.009949 0.021266 0.000010 0.280081 0.033930
0.632475 0.000010 0.000010 0.000010 0.000010 0.068785 0.000010 0.298681 0.000010
0.757394 0.000010 0.000010 0.000010 0.000010 0.000010 0.000010 0.242536 0.000010
0.543317 0.000010 0.000010 0.054872 0.039752 0.000010 0.069999 0.012837 0.279194
0.587661 0.000010 0.000010 0.000010 0.000010 0.000010 0.000010 0.264802 0.147477
0.599785 0.035614 0.000010 0.080288 0.003377 0.107909 0.000010 0.162968 0.010038
0.508353 0.000010 0.095277 0.052017 0.000010 0.089694 0.000010 0.254619 0.000010
0.682357 0.000010 0.000010 0.071216 0.015198 0.000010 0.002207 0.169393 0.059599
0.304602 0.000010 0.000010 0.095044 0.039754 0.159813 0.000010 0.325483 0.075274
0.700075 0.046142 0.000010 0.071607 0.000010 0.000010 0.000010 0.081004 0.101132
0.659050 0.000010 0.000010 0.000010 0.000010 0.060869 0.023490 0.256542 0.000010
0.702947 0.032024 0.000010 0.000010 0.014533 0.085834 0.000010 0.164623 0.000010
0.542776 0.003051 0.038120 0.000010 0.088439 0.045793 0.000010 0.281790 0.000010
0.606261 0.000010 0.091116 0.104135 0.008955 0.030166 0.000010 0.142155 0.017193
0.692384 0.042235 0.000010 0.014661 0.000010 0.093016 0.000010 0.157664 0.000010
0.534936 0.042953 0.000010 0.044066 0.000010 0.000010 0.000010 0.367704 0.010301
0.618305 0.009307 0.000010 0.061058 0.033913 0.097698 0.000010 0.119837 0.059862
0.299609 0.000010 0.067201 0.000010 0.000010 0.135481 0.000010 0.497659 0.000010
0.741217 0.000010 0.000010 0.000010 0.000010 0.075521 0.000010 0.173521 0.009691
0.593763 0.040494 0.000010 0.014002 0.000010 0.101137 0.000010 0.214285 0.036290
0.447908 0.004531 0.000010 0.152136 0.065429 0.017486 0.000010 0.039979 0.272511
0.670347 0.015693 0.021832 0.000010 0.036386 0.079376 0.000010 0.176334 0.000010
0.483280 0.173144 0.000922 0.019927 0.000010 0.079852 0.005503 0.237351 0.000010
0.483043 0.000010 0.067005 0.000010 0.000010 0.000010 0.000010 0.337125 0.112776
0.006717 0.000010 0.001158 0.000010 0.795268 0.032380 0.157891 0.000010 0.006556
0.009796 0.000010 0.000010 0.000013 0.794306 0.000010 0.170708 0.000010 0.025136
0.016057 0.000010 0.000010 0.000010 0.772706 0.000010 0.211177 0.000010 0.000010
0.000010 0.030108 0.000010 0.000010 0.663259 0.000010 0.192239 0.000010 0.114344
0.000010 0.042382 0.000010 0.000010 0.646709 0.000010 0.310849 0.000010 0.000010
0.000010 0.000010 0.042928 0.000010 0.752868 0.000010 0.130207 0.020139 0.053818
0.000010 0.000010 0.050182 0.000010 0.574287 0.029952 0.303137 0.000010 0.042400
0.356404 0.116110 0.000010 0.297204 0.000010 0.050989 0.000010 0.085735 0.093529
0.498540 0.000010 0.000010 0.150965 0.000010 0.068348 0.043543 0.238563 0.000010
0.672081 0.014408 0.000010 0.126756 0.000010 0.000010 0.000010 0.124833 0.061882
0.465397 0.000010 0.000010 0.334972 0.000010 0.000010 0.051426 0.039809 0.108356
0.529914 0.046249 0.029252 0.295765 0.000010 0.015325 0.000010 0.083464 0.000010
0.585876 0.000010 0.029317 0.318251 0.009987 0.000010 0.003039 0.000010 0.053502
0.536595 0.000010 0.000010 0.463335 0.000010 0.000010 0.000010 0.000010 0.000010
0.408403 0.020509 0.027315 0.221236 0.033182 0.049313 0.011936 0.228096 0.000010
0.546051 0.096782 0.000010 0.200357 0.000010 0.097397 0.000010 0.045237 0.014145
0.548108 0.000010 0.000010 0.226718 0.098174 0.000010 0.000010 0.033030 0.093932
0.452451 0.000010 0.015903 0.245154 0.042569 0.012387 0.000010 0.151053 0.080462
0.586724 0.000010 0.000010 0.056798 0.019868 0.019140 0.000010 0.262936 0.054505
0.442912 0.000010 0.000010 0.187190 0.000010 0.011704 0.104632 0.253522 0.000010
0.594404 0.012044 0.000010 0.204605 0.004901 0.100382 0.000010 0.063360 0.020285
0.505215 0.154656 0.000010 0.010857 0.000010 0.030292 0.009913 0.235634 0.053413
0.681702 0.000010 0.000010 0.039549 0.000010 0.000010 0.000010 0.102574 0.176125
0.647443 0.000010 0.075933 0.028402 0.000010 0.062017 0.000010 0.186165 0.000010
0.442145 0.000010 0.049568 0.007134 0.024731 0.165251 0.000010 0.275025 0.036126
0.419998 0.049344 0.015970 0.057276 0.000010 0.000010 0.083516 0.168123 0.205753
0.675985 0.000010 0.000010 0.000010 0.000010 0.000010 0.000010 0.323945 0.000010
0.367026 0.000010 0.000010 0.131656 0.000010 0.000010 0.074760 0.329638 0.096880
0.587160 0.000010 0.122867 0.130096 0.000010 0.030263 0.000010 0.129574 0.000010
0.395729 0.000010 0.021177 0.200383 0.000010 0.115000 0.051298 0.043712 0.172681
0.508803 0.000010 0.018799 0.000010 0.000010 0.000010 0.000010 0.296159 0.176189
0.480362 0.062741 0.000010 0.163991 0.003316 0.000010 0.078537 0.211023 0.000010
0.429119 0.032373 0.000873 0.000010 0.066338 0.015046 0.034040 0.290403 0.131797
0.342740 0.017105 0.000010 0.092356 0.000010 0.086907 0.000010 0.097275 0.363587
0.689125 0.092411 0.000010 0.000668 0.000010 0.000010 0.000010 0.217747 0.000010
0.475548 0.000010 0.000010 0.211696 0.000010 0.151321 0.000010 0.161385 0.000010
0.495257 0.000010 0.008550 0.177696 0.006443 0.043484 0.000010 0.222767 0.045784
0.473790 0.000010 0.000010 0.000010 0.101180 0.045569 0.000010 0.346782 0.032639
0.678667 0.000010 0.007810 0.022273 0.033425 0.017346 0.034096 0.197040 0.009334
0.715682 0.000010 0.000010 0.066993 0.001698 0.097493 0.000010 0.118095 0.000010
0.522523 0.000010 0.000010 0.016651 0.111090 0.054726 0.059796 0.235185 0.000010
0.690622 0.000010 0.000010 0.126911 0.017252 0.114044 0.000010 0.051131 0.000010
0.000010 0.933829 0.000010 0.066101 0.000010 0.000010 0.000010 0.000010 0.000010
0.025451 0.411116 0.084722 0.320953 0.000010 0.000010 0.000010 0.090978 0.066750
0.043565 0.890927 0.060647 0.000010 0.000010 0.000010 0.004811 0.000010 0.000010
0.000010 0.846737 0.089983 0.000010 0.000010 0.000010 0.063219 0.000010 0.000010
0.000010 0.000010 0.391333 0.000010 0.000783 0.000010 0.447924 0.159909 0.000010
0.000010 0.000010 0.611812 0.000010 0.000010 0.000010 0.388118 0.000010 0.000010
0.000010 0.029113 0.609221 0.000010 0.000010 0.000010 0.287156 0.074460 0.000010
0.000010 0.000010 0.649524 0.000010 0.001533 0.000010 0.295823 0.053070 0.000010
0.081914 0.029281 0.258134 0.095252 0.016459 0.046127 0.289399 0.183424 0.000010
0.000010 0.023668 0.480613 0.022045 0.097624 0.042334 0.274456 0.052272 0.006978
0.000010 0.086504 0.505500 0.000010 0.092872 0.000010 0.315074 0.000010 0.000010
0.000010 0.000010 0.427979 0.000010 0.007410 0.000010 0.463630 0.100930 0.000010
0.000010 0.000010 0.505624 0.000010 0.089226 0.000010 0.405090 0.000010 0.000010
0.000010 0.000010 0.453506 0.082589 0.000010 0.000010 0.463846 0.000010 0.000010
0.443981 0.000010 0.000010 0.153303 0.000010 0.036892 0.000010 0.365774 0.000010
0.628194 0.000010 0.000010 0.029857 0.000010 0.050409 0.000010 0.230697 0.060803
0.485782 0.000010 0.073654 0.108405 0.000010 0.111184 0.000010 0.220934 0.000010
0.544185 0.000010 0.000010 0.078470 0.000010 0.123926 0.000010 0.253369 0.000010
0.325482 0.020325 0.000010 0.073947 0.000010 0.114184 0.068252 0.059473 0.338317
0.656850 0.000010 0.000010 0.000010 0.000010 0.000010 0.000010 0.283742 0.059348
0.175332 0.000010 0.000010 0.209389 0.000010 0.173929 0.000010 0.441300 0.000010
0.542511 0.000010 0.000010 0.000010 0.083453 0.000010 0.022892 0.120507 0.230597
0.339740 0.000010 0.000010 0.191864 0.055022 0.095124 0.044653 0.273568 0.000010
0.782645 0.000010 0.000010 0.030110 0.000010 0.097807 0.071258 0.018141 0.000010
0.551993 0.000010 0.100863 0.000010 0.000010 0.106805 0.054037 0.186262 0.000010
0.561045 0.014002 0.142789 0.071998 0.074893 0.000010 0.000010 0.079662 0.055591
0.504929 0.000010 0.000010 0.348846 0.049960 0.048156 0.007161 0.040917 0.000010
0.590852 0.000010 0.000010 0.000010 0.035105 0.101153 0.000010 0.229975 0.042875
0.528126 0.000010 0.001328 0.000010 0.000010 0.000010 0.000010 0.280697 0.189799
0.443732 0.012703 0.014417 0.029000 0.000010 0.164692 0.032370 0.236596 0.066480
0.512006 0.000010 0.000010 0.000010 0.000010 0.127524 0.000010 0.232200 0.128221
0.722840 0.000010 0.000010 0.000010 0.000010 0.000010 0.142691 0.134409 0.000010
0.621099 0.080482 0.068170 0.000010 0.000010 0.008435 0.000010 0.141916 0.079868
0.556222 0.012527 0.045608 0.039014 0.000010 0.000010 0.000010 0.169751 0.176848
0.510243 0.058241 0.000010 0.069509 0.000010 0.025836 0.000010 0.307402 0.028740
0.000010 0.050087 0.599413 0.000010 0.096446 0.000010 0.220045 0.000010 0.033970
0.000010 0.000010 0.766342 0.000010 0.000010 0.086894 0.146704 0.000010 0.000010
0.000010 0.000010 0.651495 0.000010 0.000010 0.039641 0.308804 0.000010 0.000010
0.000010 0.000010 0.629282 0.000010 0.033730 0.000010 0.329656 0.007282 0.000010
0.000010 0.000010 0.658280 0.000010 0.050831 0.000010 0.290829 0.000010 0.000010
0.000010 0.052976 0.604344 0.000010 0.000010 0.000010 0.340756 0.001874 0.000010
0.000010 0.019861 0.468328 0.000010 0.000010 0.000010 0.511751 0.000010 0.000010
0.000010 0.000010 0.697063 0.000010 0.039499 0.000010 0.263378 0.000010 0.000010
0.000010 0.000010 0.589585 0.048214 0.000010 0.018219 0.316398 0.027545 0.000010
0.000010 0.000010 0.648965 0.000010 0.000010 0.000010 0.350965 0.000010 0.000010
0.000010 0.000010 0.544415 0.000010 0.000010 0.000010 0.381188 0.074338 0.000010
0.000011 0.000010 0.625674 0.000010 0.000010 0.023690 0.350575 0.000010 0.000010
0.000010 0.000010 0.593357 0.000010 0.000010 0.018801 0.387529 0.000010 0.000263
0.003578 0.202061 0.584473 0.003525 0.000010 0.000010 0.206322 0.000010 0.000010
0.000010 0.023368 0.598263 0.000010 0.020401 0.013743 0.266974 0.077220 0.000010
0.000010 0.000010 0.511280 0.000010 0.004008 0.000010 0.484652 0.000010 0.000010
0.000010 0.057761 0.778299 0.000010 0.000010 0.000010 0.129888 0.000010 0.034003
0.000010 0.000010 0.714255 0.000010 0.000010 0.000010 0.285675 0.000010 0.000010
0.011244 0.000010 0.734901 0.000010 0.000010 0.000010 0.253795 0.000010 0.000010
0.000010 0.014536 0.690589 0.000010 0.000010 0.000010 0.278126 0.016699 0.000010
0.000010 0.000010 0.563549 0.042964 0.000010 0.000010 0.393428 0.000010 0.000010
0.000010 0.000010 0.584241 0.000010 0.047364 0.000010 0.335855 0.032490 0.000010
0.000010 0.054784 0.648322 0.000010 0.000010 0.072775 0.224069 0.000010 0.000010
0.000010 0.000010 0.695796 0.000010 0.000010 0.000010 0.304134 0.000010 0.000010
0.011793 0.076303 0.596409 0.021808 0.000010 0.000010 0.293647 0.000010 0.000010
0.000010 0.000010 0.837413 0.000010 0.000010 0.000010 0.159480 0.003046 0.000010
0.000010 0.000010 0.463962 0.000010 0.000010 0.000010 0.535968 0.000010 0.000010
0.033575 0.042914 0.777636 0.000010 0.000010 0.000010 0.145825 0.000010 0.000010
0.000010 0.000010 0.581681 0.012802 0.128415 0.000010 0.246039 0.025394 0.005640
0.048085 0.043431 0.680937 0.000010 0.000010 0.019339 0.208168 0.000010 0.000010
0.000010 0.000010 0.614534 0.078453 0.000010 0.000010 0.306952 0.000010 0.000010
0.000010 0.000010 0.441181 0.000010 0.000010 0.000010 0.558749 0.000010 0.000010
0.000010 0.000010 0.632883 0.000010 0.000010 0.000010 0.367047 0.000010 0.000010
0.000010 0.000010 0.654663 0.009678 0.000010 0.000010 0.328522 0.000010 0.007087
0.000010 0.004629 0.616421 0.000010 0.000010 0.000010 0.378890 0.000010 0.000010
0.000010 0.005545 0.688900 0.000010 0.057542 0.007296 0.240677 0.000010 0.000010
0.000010 0.000010 0.413203 0.000010 0.000010 0.000010 0.525541 0.061195 0.000010
0.000010 0.000123 0.682905 0.000010 0.000010 0.000010 0.265855 0.051067 0.000010
0.000010 0.037471 0.655151 0.060868 0.038477 0.000010 0.207993 0.000010 0.000010
0.108766 0.000010 0.017314 0.000010 0.719549 0.000010 0.154321 0.000010 0.000010
0.000010 0.000010 0.000011 0.000010 0.810992 0.000010 0.164773 0.000010 0.024174
0.020862 0.053954 0.613390 0.000010 0.000010 0.000010 0.297589 0.014165 0.000010
0.000010 0.000010 0.743591 0.000010 0.000010 0.000010 0.256339 0.000010 0.000010
0.137573 0.000010 0.000010 0.622317 0.000010 0.000010 0.000010 0.240050 0.000010
0.370540 0.035304 0.028676 0.494314 0.025614 0.031027 0.000010 0.014505 0.000010
0.489194 0.000010 0.028682 0.264309 0.000010 0.000010 0.000010 0.217765 0.000010
0.420922 0.069927 0.000010 0.293883 0.148528 0.066700 0.000010 0.000010 0.000010
0.254582 0.000010 0.000010 0.452284 0.069013 0.000010 0.000010 0.224071 0.000010
0.379275 0.000511 0.089900 0.324063 0.019754 0.000010 0.000010 0.078766 0.107711
0.431911 0.054413 0.000010 0.321839 0.063945 0.041101 0.000010 0.058352 0.028419
0.291718 0.014978 0.000010 0.373977 0.000010 0.000010 0.000010 0.307235 0.012051
0.297461 0.000010 0.000010 0.316651 0.064233 0.000010 0.000010 0.321605 0.000010
0.427684 0.083785 0.043972 0.389673 0.000010 0.000010 0.000010 0.054845 0.000010
0.642446 0.040669 0.000010 0.072701 0.035206 0.000010 0.000010 0.208939 0.000010
0.321686 0.000010 0.000010 0.470250 0.000010 0.071936 0.000010 0.000010 0.136078
0.554825 0.014049 0.000010 0.124793 0.015482 0.068546 0.000010 0.222276 0.000010
0.032142 0.000010 0.519927 0.000010 0.000010 0.000010 0.447871 0.000010 0.000010
0.000010 0.122243 0.470185 0.035908 0.000010 0.000010 0.359852 0.000010 0.011773
0.006738 0.000010 0.613093 0.000010 0.000010 0.000010 0.348436 0.031683 0.000010
0.000010 0.060405 0.820461 0.000010 0.025503 0.000010 0.014636 0.024637 0.054328
0.000010 0.000010 0.473551 0.000010 0.105763 0.017303 0.403333 0.000010 0.000010
0.000010 0.000011 0.483350 0.000010 0.020189 0.000010 0.334446 0.161965 0.000010
0.000010 0.000010 0.628323 0.000010 0.000010 0.000010 0.371607 0.000010 0.000010
0.034130 0.000010 0.578039 0.000010 0.010623 0.067156 0.305005 0.000010 0.005017
0.191610 0.000010 0.450790 0.004423 0.024725 0.000010 0.328411 0.000010 0.000010
0.000010 0.000010 0.682046 0.000010 0.000010 0.000010 0.291759 0.026135 0.000010
0.000010 0.010813 0.584022 0.039495 0.000010 0.000010 0.365621 0.000010 0.000010
0.041017 0.000010 0.663900 0.000010 0.000010 0.000010 0.295022 0.000010 0.000010
