0.190781 0.026931 0.080291 0.000010 0.033395 0.000010 0.060542 0.555572 0.052468
0.237784 0.022138 0.000010 0.000010 0.042554 0.000010 0.226781 0.470702 0.000010
0.299122 0.000010 0.020583 0.000010 0.000010 0.000010 0.240143 0.440102 0.000010
0.399999 0.000010 0.000010 0.000010 0.000010 0.000010 0.186940 0.385295 0.027717
0.260482 0.140080 0.029623 0.079953 0.037859 0.000010 0.092625 0.359357 0.000010
0.032797 0.021335 0.068878 0.000010 0.000010 0.031592 0.000010 0.518908 0.326459
0.179680 0.000010 0.100453 0.063738 0.000010 0.000010 0.071522 0.458606 0.125970
0.267081 0.000010 0.000010 0.126056 0.000010 0.000010 0.063428 0.498926 0.044469
0.000010 0.150067 0.057123 0.133922 0.000010 0.005665 0.238659 0.373875 0.040668
0.395923 0.000010 0.086221 0.159868 0.000010 0.000010 0.064073 0.155662 0.138223
0.143481 0.000010 0.082875 0.238047 0.000010 0.000010 0.030257 0.505301 0.000010
0.200777 0.005827 0.000010 0.000010 0.000010 0.000010 0.296485 0.496861 0.000010
0.154587 0.000010 0.046256 0.033915 0.130585 0.017086 0.150017 0.467534 0.000010
0.179997 0.000010 0.000010 0.000010 0.000010 0.105271 0.132088 0.251484 0.331120
0.172373 0.000010 0.061333 0.225605 0.000010 0.000010 0.036356 0.369358 0.134946
0.249625 0.000010 0.100008 0.050233 0.000010 0.000010 0.000010 0.505592 0.094502
0.410871 0.000010 0.007515 0.000010 0.000010 0.000010 0.050755 0.530809 0.000010
0.164335 0.000010 0.087121 0.000010 0.000010 0.047441 0.104321 0.596741 0.000010
0.158424 0.000010 0.000010 0.114895 0.054125 0.000010 0.213007 0.459508 0.000010
0.252708 0.000010 0.000010 0.000010 0.151737 0.000010 0.083105 0.473693 0.038717
0.236577 0.000010 0.000010 0.108452 0.000010 0.034140 0.000010 0.532092 0.088698
0.135462 0.012754 0.116493 0.283804 0.000010 0.000010 0.000010 0.361280 0.090177
0.000010 0.060732 0.000010 0.016951 0.098558 0.084147 0.157153 0.579482 0.002956
0.195892 0.000010 0.000010 0.023864 0.068366 0.000010 0.015484 0.696355 0.000010
0.558819 0.000010 0.000010 0.022824 0.071140 0.000010 0.000010 0.347167 0.000010
0.605751 0.000870 0.063301 0.000010 0.000010 0.000010 0.001314 0.328723 0.000010
0.298155 0.000010 0.000010 0.086587 0.102068 0.000010 0.164495 0.348655 0.000010
0.000010 0.000010 0.000010 0.000010 0.050006 0.245365 0.135906 0.105673 0.463010
0.377709 0.083358 0.000010 0.104846 0.000010 0.025563 0.012333 0.396160 0.000010
0.303909 0.000010 0.000010 0.000010 0.053678 0.008761 0.066121 0.354201 0.213301
0.231398 0.000010 0.000010 0.000010 0.000010 0.000010 0.219415 0.414452 0.134686
0.258510 0.000010 0.000010 0.135829 0.000010 0.016719 0.218221 0.370680 0.000010
0.596098 0.000010 0.000010 0.000010 0.000010 0.068298 0.032882 0.302672 0.000010
0.343356 0.076593 0.098263 0.074313 0.000010 0.000010 0.068104 0.337788 0.001562
0.239207 0.035379 0.000010 0.014494 0.079993 0.011659 0.128942 0.490304 0.000010
0.182414 0.035635 0.127977 0.028744 0.000010 0.000010 0.068043 0.557158 0.000010
0.501524 0.000010 0.027814 0.000010 0.000010 0.000010 0.090686 0.363168 0.016767
0.223670 0.145058 0.000010 0.101196 0.000010 0.000010 0.076486 0.395653 0.057906
0.286665 0.000010 0.031390 0.052493 0.000010 0.024232 0.178072 0.427118 0.000010
0.433751 0.008944 0.135411 0.000010 0.000010 0.000010 0.163570 0.258284 0.000010
0.373357 0.000010 0.112185 0.075091 0.000010 0.000010 0.091309 0.348018 0.000010
0.465992 0.000010 0.138918 0.000010 0.027587 0.044040 0.032828 0.290605 0.000010
0.585238 0.000010 0.000010 0.000010 0.000010 0.086368 0.097697 0.230646 0.000010
0.452270 0.053415 0.074213 0.000010 0.000010 0.000010 0.000010 0.357891 0.062171
0.107711 0.000010 0.020789 0.000010 0.141811 0.000010 0.095930 0.633719 0.000010
0.216143 0.000010 0.120716 0.020081 0.000010 0.000010 0.063879 0.579140 0.000010
0.300326 0.000010 0.113136 0.024197 0.020646 0.000010 0.039736 0.501930 0.000010
0.361268 0.000010 0.234687 0.077319 0.113018 0.000010 0.048365 0.165314 0.000010
0.110615 0.000010 0.424582 0.151681 0.000010 0.017996 0.131901 0.123652 0.039552
0.421033 0.080399 0.137832 0.000010 0.036039 0.000010 0.097021 0.226653 0.001003
0.257632 0.102009 0.268439 0.166156 0.000010 0.000010 0.100320 0.097738 0.007686
0.227936 0.000010 0.370799 0.120741 0.000010 0.034536 0.122181 0.123776 0.000010
0.093187 0.034170 0.344036 0.148986 0.000010 0.000010 0.075605 0.303986 0.000010
0.092987 0.000010 0.377662 0.170341 0.037737 0.016235 0.192225 0.112793 0.000010
0.025618 0.015997 0.434947 0.000010 0.000010 0.003605 0.272345 0.247457 0.000010
0.629276 0.012623 0.107323 0.000010 0.000010 0.000010 0.088369 0.133370 0.029009
0.136796 0.116738 0.508571 0.065619 0.072521 0.000010 0.099725 0.000010 0.000010
0.026965 0.007070 0.364667 0.243744 0.085515 0.000010 0.014199 0.257820 0.000010
0.000010 0.000010 0.395932 0.205951 0.000010 0.021333 0.143231 0.233513 0.000010
0.000010 0.000010 0.613686 0.146659 0.000010 0.010634 0.148054 0.007152 0.073784
0.177972 0.000010 0.355298 0.021295 0.000010 0.054939 0.180077 0.210390 0.000010
0.311119 0.000010 0.343258 0.265526 0.000010 0.000010 0.080046 0.000010 0.000010
0.063116 0.081946 0.225135 0.000010 0.004404 0.000010 0.160231 0.465138 0.000010
0.257359 0.000010 0.212153 0.087944 0.068877 0.035157 0.102490 0.236001 0.000010
0.181736 0.016983 0.490079 0.000010 0.085970 0.000010 0.058705 0.166497 0.000010
0.112352 0.000010 0.408473 0.000010 0.000010 0.000010 0.160667 0.318458 0.000010
0.147278 0.153791 0.339058 0.000010 0.000010 0.000010 0.062064 0.297769 0.000010
0.049743 0.000010 0.529279 0.199353 0.000010 0.012467 0.162071 0.044404 0.002663
0.169354 0.000010 0.312531 0.053324 0.000010 0.000010 0.066253 0.398498 0.000010
0.167550 0.154989 0.018643 0.073284 0.000010 0.000010 0.084773 0.500732 0.000010
0.154240 0.000010 0.000010 0.305793 0.000010 0.072891 0.000010 0.106374 0.360662
0.427814 0.003329 0.000010 0.207420 0.010662 0.000010 0.075152 0.214916 0.060688
0.391824 0.066757 0.000010 0.204619 0.000010 0.000010 0.113634 0.223126 0.000010
0.379202 0.077424 0.000010 0.000010 0.042155 0.040274 0.000010 0.441191 0.019724
0.321392 0.107396 0.000010 0.138985 0.160175 0.000010 0.000010 0.272012 0.000010
0.479808 0.000010 0.221786 0.073423 0.000010 0.003710 0.000010 0.221234 0.000010
0.437035 0.000010 0.000010 0.084127 0.073996 0.000010 0.000010 0.404792 0.000010
0.339104 0.025968 0.000010 0.000010 0.000010 0.016080 0.127364 0.489367 0.002087
0.199346 0.000010 0.230200 0.000010 0.000010 0.000010 0.105718 0.464686 0.000010
0.373535 0.000010 0.000010 0.000010 0.025279 0.059775 0.046737 0.494634 0.000010
0.409931 0.022064 0.081065 0.125539 0.000010 0.000010 0.051606 0.267360 0.042415
0.460623 0.000010 0.043408 0.000010 0.000010 0.000010 0.000010 0.495909 0.000010
0.301724 0.109052 0.106810 0.000010 0.000010 0.000010 0.023230 0.459144 0.000010
0.315744 0.000010 0.000010 0.000010 0.213350 0.013690 0.097928 0.359247 0.000010
0.391587 0.000010 0.114545 0.030330 0.000010 0.000010 0.000010 0.463488 0.000010
0.325360 0.006450 0.000010 0.162723 0.000010 0.000010 0.226530 0.278897 0.000010
0.012863 0.001816 0.036601 0.056412 0.002403 0.000010 0.174471 0.211877 0.503546
0.355769 0.000010 0.000010 0.000010 0.000010 0.026495 0.108643 0.409872 0.099181
0.428867 0.000010 0.000010 0.000010 0.000010 0.018401 0.257375 0.295307 0.000010
0.266033 0.000010 0.095732 0.117498 0.000010 0.000010 0.087749 0.432949 0.000010
0.339626 0.031116 0.000010 0.000010 0.158357 0.000010 0.062501 0.337089 0.071281
0.239558 0.000010 0.075668 0.190079 0.000010 0.000010 0.000010 0.494644 0.000010
0.197099 0.000010 0.000010 0.000010 0.141317 0.000010 0.121899 0.539635 0.000010
0.242254 0.000010 0.139212 0.375396 0.000010 0.000010 0.000010 0.243088 0.000010
0.305742 0.111909 0.000010 0.097152 0.025957 0.000010 0.000010 0.459200 0.000010
0.217376 0.023271 0.000010 0.073871 0.180937 0.090481 0.123391 0.290654 0.000010
0.179564 0.079120 0.000010 0.000010 0.000010 0.000010 0.054774 0.686492 0.000010
0.146581 0.000010 0.050069 0.006799 0.000010 0.000010 0.300825 0.495687 0.000010
0.210142 0.000010 0.009265 0.079551 0.028635 0.000010 0.139336 0.533042 0.000010
0.342469 0.050360 0.000010 0.199399 0.004301 0.000010 0.106838 0.296605 0.000010
0.125056 0.135097 0.041943 0.008163 0.000010 0.057087 0.092719 0.539916 0.000010
0.049784 0.000010 0.000010 0.000010 0.081887 0.075917 0.000010 0.000010 0.792362
0.055663 0.000010 0.046245 0.228466 0.245148 0.000010 0.055047 0.369401 0.000010
0.210667 0.148459 0.018154 0.000010 0.000010 0.013486 0.204605 0.343338 0.061272
0.113732 0.016174 0.046496 0.253321 0.087998 0.000010 0.155029 0.327137 0.000103
0.026899 0.075222 0.000010 0.000010 0.048380 0.080758 0.223967 0.516810 0.027943
0.261154 0.181862 0.060087 0.150997 0.066290 0.000010 0.060700 0.218889 0.000010
0.149303 0.000010 0.035819 0.115220 0.000010 0.000010 0.256118 0.355901 0.087608
0.172184 0.049934 0.000010 0.146580 0.113105 0.042946 0.120484 0.315280 0.039475
0.124840 0.000010 0.175531 0.120076 0.000010 0.054373 0.091419 0.433731 0.000010
0.188380 0.000010 0.000010 0.084408 0.090641 0.000010 0.093093 0.543438 0.000010
0.203856 0.000010 0.000010 0.122442 0.000010 0.000010 0.228361 0.415092 0.030209
0.199024 0.017767 0.000010 0.085944 0.111637 0.017787 0.105676 0.450073 0.012082
0.475077 0.000010 0.150325 0.000010 0.000010 0.044162 0.114828 0.215569 0.000010
0.146395 0.000010 0.178054 0.152420 0.071035 0.000010 0.095835 0.317249 0.038992
0.059002 0.000010 0.150601 0.068736 0.000010 0.000010 0.166042 0.500268 0.055320
0.000010 0.045371 0.000010 0.110307 0.098254 0.041894 0.294440 0.386595 0.023119
0.000010 0.000962 0.128117 0.238476 0.051462 0.000010 0.007247 0.523558 0.050158
0.195253 0.000010 0.000010 0.050831 0.035615 0.000010 0.070681 0.581207 0.066384
0.372530 0.109071 0.046969 0.092398 0.000010 0.047312 0.046745 0.284955 0.000010
0.323761 0.000010 0.084978 0.163141 0.000010 0.000010 0.039723 0.388357 0.000010
0.152085 0.000010 0.197219 0.384630 0.050421 0.000010 0.110023 0.082194 0.023408
0.410502 0.047906 0.000010 0.000010 0.137629 0.000010 0.000010 0.403914 0.000010
0.342680 0.000010 0.226354 0.000010 0.000010 0.000010 0.055590 0.352888 0.022448
0.362686 0.051428 0.070263 0.000010 0.030057 0.000010 0.000010 0.485527 0.000010
0.204105 0.133852 0.000010 0.066237 0.038658 0.000010 0.185702 0.371417 0.000010
0.140773 0.000010 0.163859 0.217678 0.000010 0.000010 0.080985 0.319418 0.077257
0.124083 0.000010 0.000010 0.079052 0.071632 0.023851 0.252218 0.449135 0.000010
0.377867 0.000010 0.000010 0.000038 0.000010 0.000010 0.126077 0.495968 0.000010
0.404422 0.000010 0.091670 0.000010 0.000010 0.000010 0.000010 0.503848 0.000010
0.283219 0.000010 0.000010 0.000010 0.000010 0.000010 0.091708 0.591565 0.033458
0.000010 0.065805 0.125734 0.185065 0.051660 0.000010 0.117737 0.453967 0.000010
0.186884 0.142620 0.026412 0.151572 0.000010 0.000010 0.133134 0.359348 0.000010
0.213261 0.000010 0.071291 0.229824 0.040845 0.000010 0.114508 0.330241 0.000010
0.144173 0.000010 0.130670 0.000010 0.000010 0.079589 0.211126 0.434402 0.000010
0.101725 0.031023 0.067727 0.371460 0.097971 0.009809 0.080457 0.239817 0.000010
0.192792 0.000010 0.052132 0.120558 0.000010 0.000010 0.225893 0.286974 0.121621
0.165380 0.148218 0.083327 0.161942 0.006821 0.062714 0.000010 0.371578 0.000010
0.229765 0.060825 0.150747 0.109409 0.000010 0.000010 0.062305 0.386919 0.000010
0.047117 0.000010 0.046483 0.271183 0.000010 0.000010 0.071670 0.563507 0.000010
0.417562 0.039420 0.029171 0.000010 0.000010 0.000010 0.043495 0.422714 0.047608
0.155621 0.000010 0.198162 0.087616 0.000010 0.000010 0.202645 0.355915 0.000010
0.224101 0.000010 0.059197 0.118734 0.000010 0.003318 0.177363 0.417257 0.000010
0.386679 0.000010 0.076133 0.000010 0.061138 0.000010 0.008099 0.467911 0.000010
0.380347 0.192507 0.009504 0.013808 0.000010 0.000010 0.159609 0.244195 0.000010
0.406269 0.037444 0.152741 0.000010 0.000010 0.000010 0.010701 0.392804 0.000010
0.096178 0.110767 0.027364 0.274256 0.000010 0.000010 0.192307 0.283767 0.015341
0.211153 0.000010 0.084970 0.001810 0.000010 0.016347 0.062055 0.559343 0.064302
0.120940 0.000010 0.000010 0.095962 0.062974 0.055332 0.071945 0.592817 0.000010
0.359660 0.000010 0.086923 0.000010 0.000010 0.000010 0.054991 0.498376 0.000010
0.330298 0.000010 0.114292 0.245293 0.029818 0.000010 0.000010 0.280259 0.000010
0.019173 0.000010 0.270911 0.302751 0.000010 0.000010 0.019205 0.387920 0.000010
0.058046 0.000010 0.260282 0.230527 0.000010 0.000010 0.000010 0.451094 0.000010
0.347006 0.130010 0.002705 0.182854 0.000010 0.000010 0.000010 0.337386 0.000010
0.326431 0.000010 0.014673 0.000010 0.044706 0.047255 0.124375 0.442530 0.000010
0.251485 0.119909 0.097894 0.015856 0.117347 0.000010 0.000010 0.397479 0.000010
0.227148 0.037022 0.126894 0.026213 0.000010 0.000010 0.099900 0.482794 0.000010
0.240732 0.000010 0.000010 0.000010 0.144369 0.000010 0.110890 0.503959 0.000010
0.339072 0.000010 0.012987 0.150391 0.027378 0.000010 0.069294 0.400848 0.000010
0.204486 0.000010 0.091164 0.000010 0.000010 0.000010 0.139585 0.564716 0.000010
0.215823 0.000010 0.155315 0.042804 0.031562 0.000010 0.079134 0.475333 0.000010
0.369843 0.000010 0.002844 0.040317 0.000010 0.049948 0.080602 0.437085 0.019341
0.112309 0.062375 0.131586 0.136591 0.000010 0.040062 0.025183 0.491875 0.000010
0.225691 0.000010 0.211041 0.123486 0.019574 0.000010 0.000010 0.420167 0.000010
0.307618 0.000010 0.079010 0.000010 0.057430 0.000010 0.124969 0.430933 0.000010
0.136569 0.000010 0.171856 0.285479 0.000010 0.000010 0.053024 0.353033 0.000010
0.220982 0.000010 0.155432 0.102872 0.067993 0.000010 0.065881 0.386809 0.000010
0.000010 0.066134 0.112117 0.197893 0.005651 0.000010 0.124230 0.414095 0.079859
0.234004 0.082739 0.000010 0.000010 0.000010 0.009847 0.124909 0.548461 0.000010
0.077825 0.085374 0.041594 0.191999 0.029171 0.000010 0.166789 0.407229 0.000010
0.092630 0.079577 0.308490 0.077567 0.000010 0.000010 0.123149 0.291995 0.026571
0.236281 0.034754 0.054662 0.000010 0.202947 0.017640 0.035926 0.417770 0.000010
0.252546 0.062735 0.252733 0.009154 0.013130 0.000010 0.090770 0.318911 0.000010
0.117977 0.088715 0.054866 0.179137 0.000010 0.000010 0.067742 0.491533 0.000010
0.041774 0.113195 0.063537 0.000010 0.000010 0.000010 0.187306 0.349296 0.244862
0.149034 0.076700 0.016153 0.132187 0.042928 0.019937 0.080983 0.482068 0.000010
0.228024 0.000010 0.075582 0.183855 0.005786 0.000010 0.117789 0.372041 0.016902
0.207340 0.146658 0.026538 0.000010 0.043878 0.089654 0.090004 0.392015 0.003902
0.058546 0.066643 0.163897 0.117196 0.000010 0.000010 0.169399 0.424288 0.000010
0.024246 0.000010 0.000010 0.392421 0.060476 0.000010 0.034999 0.434180 0.053648
0.359254 0.059008 0.301127 0.000010 0.000010 0.000010 0.000010 0.280560 0.000010
0.000010 0.112536 0.000010 0.236458 0.052255 0.025047 0.073499 0.500175 0.000010
0.243373 0.000010 0.116365 0.095102 0.032976 0.000010 0.027844 0.484310 0.000010
0.348652 0.092041 0.022977 0.000010 0.000010 0.000010 0.063665 0.472626 0.000010
0.400421 0.000010 0.103727 0.222473 0.000010 0.000010 0.000010 0.273329 0.000010
0.177930 0.000010 0.058635 0.256896 0.000010 0.000010 0.191992 0.314508 0.000010
0.205517 0.000010 0.113265 0.279279 0.000010 0.000010 0.123381 0.249118 0.029410
0.000010 0.000010 0.000010 0.000010 0.044272 0.613975 0.022898 0.000010 0.318805
0.000010 0.044973 0.000010 0.000010 0.000010 0.587893 0.000010 0.000010 0.367074
0.000010 0.000010 0.016391 0.000010 0.021099 0.209942 0.000010 0.017580 0.734949
0.118854 0.000010 0.000010 0.000010 0.000010 0.287792 0.000010 0.000010 0.593294
0.000010 0.000010 0.000010 0.000010 0.000010 0.310061 0.037432 0.000010 0.652447
0.000010 0.000010 0.006062 0.000010 0.000010 0.360154 0.024057 0.000010 0.609677
0.000010 0.000010 0.000010 0.000010 0.000010 0.511189 0.000010 0.000010 0.488741
0.000273 0.000010 0.000010 0.040661 0.000010 0.385847 0.000010 0.000010 0.573169
0.000010 0.000010 0.000010 0.000010 0.000010 0.240910 0.000010 0.000010 0.759020
0.000010 0.000010 0.000010 0.000010 0.000010 0.242107 0.018938 0.000010 0.738895
0.000010 0.000010 0.030963 0.000010 0.000010 0.321701 0.000010 0.000010 0.647276
0.000010 0.000010 0.000010 0.000010 0.025798 0.516227 0.000010 0.000010 0.457916
0.000010 0.000010 0.020259 0.000010 0.000010 0.650243 0.032391 0.000010 0.297057
0.068708 0.000010 0.016053 0.002201 0.031800 0.466052 0.000010 0.000010 0.415157
0.000010 0.000012 0.054774 0.016288 0.037282 0.346889 0.000010 0.000010 0.544725
0.000010 0.000010 0.043334 0.000010 0.000010 0.378663 0.000669 0.000010 0.577284
0.000010 0.000010 0.000010 0.000010 0.000010 0.383705 0.000010 0.000010 0.616225
0.028186 0.000010 0.086254 0.000010 0.000010 0.672132 0.000672 0.000010 0.212715
0.000010 0.000010 0.000010 0.000010 0.016090 0.267470 0.000010 0.000010 0.716380
0.000010 0.000010 0.000010 0.000010 0.000010 0.332965 0.000010 0.034261 0.632714
0.000010 0.000010 0.004220 0.000010 0.000010 0.559622 0.003386 0.021272 0.411459
0.000010 0.000010 0.000010 0.000010 0.050716 0.349478 0.000010 0.000010 0.599746
0.000010 0.000010 0.000010 0.000010 0.053194 0.254424 0.021134 0.000010 0.671198
0.000010 0.000010 0.000010 0.027263 0.000010 0.581764 0.000010 0.000010 0.390913
0.008788 0.000010 0.041468 0.029467 0.000010 0.549882 0.000010 0.000010 0.370355
0.000010 0.000010 0.000010 0.000010 0.000010 0.462680 0.025837 0.000010 0.511423
0.000010 0.000010 0.054798 0.000010 0.000010 0.603376 0.000010 0.000010 0.341767
0.011287 0.000010 0.000010 0.127744 0.032176 0.303299 0.000010 0.000010 0.525454
0.000010 0.240664 0.018995 0.049662 0.630768 0.000010 0.059871 0.000010 0.000010
0.568710 0.000010 0.000010 0.090272 0.000010 0.000010 0.000010 0.312634 0.028334
0.191797 0.000010 0.030240 0.273564 0.001875 0.000010 0.077369 0.425125 0.000010
0.341364 0.098895 0.000010 0.216813 0.000010 0.018192 0.082427 0.242278 0.000010
0.578594 0.000010 0.000010 0.129256 0.000010 0.000010 0.000010 0.292090 0.000010
0.552994 0.000010 0.041886 0.136836 0.016925 0.000010 0.021810 0.206794 0.022735
0.549671 0.000010 0.061456 0.231217 0.000010 0.000010 0.033423 0.124192 0.000010
0.200856 0.014399 0.047029 0.393274 0.000010 0.000010 0.039787 0.304626 0.000010
0.816999 0.000010 0.082290 0.000010 0.000010 0.000010 0.000010 0.071629 0.029032
0.306884 0.095373 0.000806 0.417279 0.000010 0.006983 0.037054 0.135601 0.000010
0.604722 0.000010 0.111523 0.111873 0.064855 0.000010 0.000010 0.106986 0.000010
0.312504 0.000010 0.035638 0.328296 0.011408 0.000010 0.040248 0.271877 0.000010
0.251109 0.000010 0.110365 0.314408 0.089183 0.000010 0.015529 0.219375 0.000010
0.692156 0.000010 0.136961 0.082970 0.052842 0.000010 0.035031 0.000010 0.000010
0.483202 0.050060 0.049898 0.203607 0.000010 0.000010 0.000010 0.213193 0.000010
0.428881 0.016904 0.100735 0.198170 0.084609 0.012668 0.000010 0.158013 0.000010
0.426011 0.000010 0.114976 0.458953 0.000010 0.000010 0.000010 0.000010 0.000010
0.523887 0.000036 0.000010 0.208727 0.000010 0.000010 0.046344 0.220966 0.000010
0.330351 0.000010 0.000010 0.453630 0.000010 0.000010 0.000010 0.182719 0.033249
0.348274 0.054791 0.123149 0.231287 0.005936 0.000010 0.141154 0.095389 0.000010
0.301695 0.000010 0.000010 0.526176 0.000010 0.000010 0.000010 0.172069 0.000010
0.458191 0.028797 0.000010 0.427201 0.002658 0.000010 0.000010 0.073589 0.009535
0.173849 0.020928 0.061363 0.455286 0.021196 0.000010 0.000010 0.267349 0.000010
0.535067 0.000010 0.078561 0.267572 0.038587 0.000010 0.000010 0.080174 0.000010
0.577148 0.134805 0.000010 0.176475 0.000010 0.000010 0.028901 0.082631 0.000010
0.277740 0.028757 0.172677 0.272333 0.000010 0.000010 0.000010 0.248453 0.000010
0.672265 0.040567 0.000010 0.045852 0.023742 0.000010 0.059858 0.157686 0.000010
0.532991 0.000010 0.011919 0.041739 0.079544 0.000010 0.084088 0.249690 0.000010
0.774099 0.000010 0.000010 0.146541 0.000010 0.000010 0.046158 0.033151 0.000010
0.000010 0.000010 0.000010 0.000010 0.984066 0.000010 0.008756 0.007118 0.000010
0.000010 0.000010 0.000010 0.000010 0.883563 0.015780 0.000010 0.100597 0.000010
0.000010 0.000010 0.000010 0.000010 0.999920 0.000010 0.000010 0.000010 0.000010
0.000010 0.000010 0.000010 0.000010 0.984374 0.000010 0.000010 0.000010 0.015556
0.000010 0.061024 0.062128 0.000010 0.782525 0.023983 0.028370 0.041941 0.000010
0.000010 0.000010 0.000010 0.054318 0.945612 0.000010 0.000010 0.000010 0.000010
0.000010 0.000010 0.000010 0.000010 0.999920 0.000010 0.000010 0.000010 0.000010
0.000010 0.000010 0.000010 0.000010 0.999920 0.000010 0.000010 0.000010 0.000010
0.000010 0.000010 0.000010 0.000010 0.957684 0.035077 0.007179 0.000010 0.000010
0.000010 0.000010 0.000010 0.000010 0.919707 0.000010 0.010786 0.000010 0.069447
0.000010 0.000010 0.000010 0.000010 0.969582 0.000010 0.000010 0.030348 0.000010
0.090212 0.000010 0.000010 0.000010 0.909718 0.000010 0.000010 0.000010 0.000010
0.000010 0.000010 0.000010 0.000010 0.941775 0.000010 0.000010 0.000010 0.058155
0.069679 0.000010 0.000010 0.000010 0.927289 0.000010 0.000010 0.002972 0.000010
0.000010 0.000010 0.000010 0.000012 0.999918 0.000010 0.000010 0.000010 0.000010
0.000010 0.000010 0.000010 0.000010 0.954427 0.000010 0.045503 0.000010 0.000010
0.000010 0.000010 0.000010 0.000010 0.976114 0.000010 0.000010 0.000010 0.023816
0.506966 0.023572 0.000010 0.096651 0.097207 0.000010 0.000010 0.275563 0.000010
0.529165 0.000010 0.194890 0.000010 0.000010 0.000010 0.001389 0.249398 0.025118
0.608976 0.000010 0.000010 0.061447 0.043967 0.000010 0.000010 0.262953 0.022617
0.479707 0.000010 0.000010 0.024491 0.018947 0.000010 0.048161 0.428654 0.000010
0.527591 0.069194 0.000010 0.000010 0.000010 0.000010 0.000010 0.305537 0.097627
0.564687 0.036133 0.000010 0.069647 0.008053 0.000010 0.130973 0.190478 0.000010
0.644502 0.000010 0.015342 0.000010 0.000010 0.000010 0.000010 0.340095 0.000010
0.695760 0.014987 0.013759 0.000010 0.065638 0.000010 0.107785 0.102043 0.000010
0.515275 0.000010 0.000010 0.167572 0.000010 0.000010 0.000010 0.317093 0.000010
0.659558 0.000010 0.000010 0.000010 0.000010 0.034005 0.000010 0.306377 0.000010
0.647198 0.058553 0.000010 0.000010 0.007798 0.000010 0.000010 0.262525 0.023886
0.793740 0.000010 0.000010 0.050267 0.000010 0.000010 0.015156 0.116240 0.024557
0.463974 0.047037 0.039616 0.078314 0.000010 0.000010 0.000010 0.371019 0.000010
0.387242 0.000010 0.000010 0.130388 0.000010 0.015149 0.000010 0.467171 0.000010
0.389213 0.000010 0.000010 0.233161 0.047777 0.000010 0.000010 0.329799 0.000010
0.577428 0.000010 0.000010 0.091902 0.000010 0.000010 0.000010 0.330610 0.000010
0.623681 0.000010 0.000010 0.000010 0.000010 0.000010 0.018017 0.358242 0.000010
0.616874 0.000010 0.000747 0.008232 0.000010 0.000010 0.118826 0.164002 0.091288
0.530195 0.061801 0.147106 0.080848 0.000010 0.000010 0.000010 0.045773 0.134246
0.632069 0.000010 0.109127 0.076884 0.000010 0.000010 0.000010 0.181870 0.000010
0.502622 0.083518 0.000010 0.003436 0.033889 0.000010 0.013511 0.362994 0.000010
0.413742 0.000010 0.043306 0.094671 0.074183 0.000010 0.205565 0.141253 0.027260
0.502762 0.000010 0.019075 0.141801 0.102155 0.000010 0.000010 0.234166 0.000010
0.645541 0.000010 0.103666 0.000010 0.051710 0.000010 0.022420 0.140072 0.036562
0.555857 0.074943 0.000010 0.000010 0.000010 0.000010 0.000010 0.269597 0.099553
0.608240 0.000010 0.025683 0.000010 0.009311 0.000010 0.000010 0.323896 0.032830
0.537167 0.052435 0.000010 0.141170 0.000010 0.043992 0.000010 0.225196 0.000010
0.676209 0.000010 0.000010 0.000010 0.080376 0.000010 0.000010 0.243356 0.000010
0.711714 0.000010 0.000010 0.000010 0.000010 0.002306 0.000010 0.285920 0.000010
0.592817 0.048425 0.040534 0.035375 0.000010 0.000010 0.000010 0.233292 0.049527
0.499997 0.000010 0.000010 0.031074 0.095337 0.034317 0.007929 0.331316 0.000010
0.528647 0.072905 0.000010 0.000010 0.000010 0.000010 0.000010 0.373743 0.024655
0.554565 0.000010 0.070271 0.000010 0.000010 0.000010 0.185805 0.189309 0.000010
0.485251 0.078604 0.000010 0.152044 0.023554 0.000010 0.000010 0.260508 0.000010
0.661986 0.035377 0.000010 0.029180 0.044067 0.020870 0.000010 0.208491 0.000010
0.613174 0.001797 0.000010 0.044614 0.049545 0.016994 0.000010 0.259720 0.014135
0.441150 0.000010 0.000010 0.159648 0.066530 0.034106 0.000010 0.298526 0.000010
0.708925 0.000010 0.000010 0.039974 0.012516 0.058731 0.000010 0.179814 0.000010
0.677426 0.003342 0.000010 0.039884 0.000010 0.000010 0.089547 0.163792 0.025979
0.660334 0.000010 0.070386 0.140998 0.034224 0.001205 0.000010 0.092823 0.000010
0.496332 0.136756 0.015574 0.000010 0.006656 0.000010 0.128254 0.216398 0.000010
0.574863 0.019563 0.000010 0.069883 0.063909 0.000010 0.106042 0.165711 0.000010
0.558049 0.039616 0.060653 0.024804 0.082147 0.000010 0.001219 0.105964 0.127537
0.515423 0.041818 0.000010 0.051957 0.000010 0.072047 0.139995 0.178730 0.000010
0.500024 0.000010 0.000010 0.115315 0.000010 0.080540 0.104538 0.000010 0.199543
0.530033 0.000010 0.000010 0.000010 0.081695 0.088367 0.000010 0.165494 0.134371
0.377663 0.000010 0.234666 0.261807 0.005429 0.120395 0.000010 0.000010 0.000010
0.681078 0.013009 0.000010 0.000010 0.010235 0.000010 0.000010 0.295627 0.000010
0.696919 0.000010 0.050087 0.000010 0.000010 0.022432 0.000010 0.230512 0.000010
0.448096 0.000010 0.000010 0.000010 0.103371 0.000010 0.257775 0.190708 0.000010
0.392961 0.000010 0.195479 0.192302 0.000010 0.000010 0.000010 0.219208 0.000010
0.685243 0.004491 0.026175 0.000010 0.000010 0.007186 0.000010 0.276865 0.000010
0.747559 0.031204 0.000010 0.000010 0.000010 0.054585 0.000010 0.166603 0.000010
0.505411 0.000010 0.039097 0.000010 0.170485 0.079413 0.000010 0.205554 0.000010
0.454751 0.000010 0.000010 0.091508 0.017273 0.000010 0.062586 0.270707 0.103145
0.100718 0.000010 0.000010 0.000010 0.000010 0.143693 0.000010 0.000010 0.755529
0.413602 0.000010 0.036722 0.146234 0.100287 0.070792 0.000010 0.208684 0.023659
0.695748 0.035256 0.000010 0.000010 0.047846 0.009664 0.009771 0.201686 0.000010
0.552269 0.044213 0.000010 0.025888 0.000010 0.000010 0.000010 0.172495 0.205095
0.398465 0.000010 0.000010 0.000010 0.000010 0.000010 0.000010 0.485665 0.115810
0.405582 0.000010 0.140765 0.105099 0.000010 0.000010 0.000010 0.253470 0.095044
0.312919 0.000010 0.000010 0.057297 0.049167 0.074944 0.032883 0.076353 0.396416
0.408674 0.023391 0.012902 0.118484 0.000010 0.000010 0.000010 0.436508 0.000010
0.677067 0.000010 0.000010 0.141326 0.000010 0.040896 0.080701 0.059969 0.000010
0.696638 0.047529 0.000010 0.000010 0.023526 0.042095 0.000010 0.078512 0.111669
0.720007 0.071879 0.000010 0.000010 0.073223 0.030677 0.000010 0.053313 0.050871
0.614510 0.000010 0.000010 0.000010 0.116784 0.000010 0.075650 0.010611 0.182405
0.552186 0.000010 0.130211 0.000010 0.000010 0.000010 0.000010 0.216309 0.101244
0.735801 0.047282 0.000010 0.000010 0.036176 0.000010 0.031850 0.127436 0.021425
0.704850 0.000010 0.000010 0.000010 0.011750 0.000010 0.000010 0.283340 0.000010
0.638110 0.000010 0.000010 0.102891 0.000010 0.000010 0.068067 0.190882 0.000010
0.409166 0.000010 0.173987 0.187121 0.000010 0.000010 0.037818 0.012087 0.179791
0.647110 0.000010 0.026026 0.024410 0.042960 0.005289 0.046931 0.207254 0.000010
0.611801 0.000010 0.117157 0.052913 0.036246 0.000010 0.000010 0.065960 0.115893
0.442711 0.000010 0.000010 0.194797 0.035248 0.014168 0.092812 0.147173 0.073070
0.553012 0.000010 0.076913 0.025096 0.000010 0.041832 0.000010 0.303107 0.000010
0.587927 0.000010 0.000010 0.000010 0.000010 0.033717 0.132752 0.245554 0.000010
0.324367 0.105251 0.005026 0.135972 0.000010 0.027576 0.000010 0.221794 0.179995
0.370656 0.000010 0.081615 0.051233 0.093499 0.009461 0.000010 0.317356 0.076160
0.565756 0.000010 0.172060 0.000010 0.000010 0.003964 0.000010 0.189885 0.068295
0.535604 0.004611 0.000010 0.000010 0.000010 0.000010 0.000010 0.372153 0.087581
0.674233 0.075257 0.000010 0.000010 0.000010 0.000010 0.018906 0.144713 0.086851
0.769439 0.000010 0.062424 0.042578 0.000010 0.061033 0.000010 0.064487 0.000010
0.604038 0.064970 0.079063 0.084740 0.000010 0.032700 0.000010 0.052928 0.081542
0.723723 0.016925 0.043483 0.022782 0.028950 0.000010 0.000010 0.070507 0.093610
0.590472 0.000010 0.000010 0.011128 0.141787 0.019705 0.000010 0.037197 0.199680
0.527217 0.000010 0.054068 0.000010 0.000010 0.045265 0.000010 0.227260 0.146149
0.000010 0.071396 0.000010 0.000010 0.876735 0.000010 0.051361 0.000010 0.000458
0.000010 0.184906 0.000010 0.000010 0.788490 0.000010 0.026544 0.000010 0.000010
0.000010 0.000010 0.016064 0.000010 0.772786 0.000010 0.211090 0.000010 0.000010
0.000010 0.252385 0.107292 0.000010 0.602459 0.026684 0.011140 0.000010 0.000010
0.000010 0.056636 0.000010 0.037693 0.901161 0.004459 0.000010 0.000010 0.000010
0.034067 0.014593 0.000010 0.000010 0.946889 0.000010 0.000010 0.000010 0.004401
0.000010 0.107477 0.048652 0.041453 0.750031 0.000010 0.052347 0.000010 0.000010
0.685424 0.086915 0.000010 0.000010 0.152298 0.026864 0.048459 0.000010 0.000010
0.611908 0.000010 0.000010 0.200482 0.000010 0.000010 0.000010 0.187550 0.000010
0.336631 0.052037 0.063641 0.232948 0.000010 0.019760 0.105248 0.043496 0.146230
0.536799 0.051358 0.000010 0.276107 0.073490 0.023471 0.000010 0.038746 0.000010
0.675324 0.000010 0.008857 0.113431 0.000010 0.000010 0.000010 0.202338 0.000010
0.720562 0.000010 0.000010 0.220560 0.012372 0.000010 0.016191 0.000010 0.030275
0.490561 0.000010 0.000010 0.243915 0.000010 0.000010 0.151809 0.113666 0.000010
0.556826 0.040843 0.000010 0.138655 0.053332 0.014977 0.013398 0.181948 0.000010
0.790936 0.000010 0.033959 0.152411 0.009442 0.013212 0.000010 0.000010 0.000010
0.552797 0.000010 0.000010 0.329830 0.000010 0.000010 0.013701 0.103622 0.000010
0.697653 0.032454 0.010121 0.093536 0.000010 0.000010 0.000010 0.159699 0.006506
0.527105 0.001125 0.024105 0.000010 0.000010 0.003884 0.022321 0.413526 0.007915
0.519196 0.000010 0.052178 0.016357 0.000010 0.083616 0.000010 0.128125 0.200498
0.632033 0.054130 0.000010 0.044570 0.000010 0.000010 0.000010 0.229490 0.039737
0.681350 0.000010 0.000010 0.056035 0.036592 0.055219 0.000010 0.159828 0.010946
0.351010 0.082501 0.000010 0.077918 0.000010 0.000010 0.000010 0.457270 0.031261
0.493751 0.000010 0.022357 0.000010 0.000010 0.007015 0.056003 0.090043 0.330801
0.593017 0.068291 0.000010 0.000010 0.000010 0.012036 0.000010 0.153188 0.173428
0.588661 0.000010 0.028835 0.149180 0.000010 0.000010 0.000010 0.233274 0.000010
0.660994 0.046321 0.000010 0.000010 0.000010 0.002385 0.047473 0.118049 0.124748
0.518690 0.000010 0.086648 0.049256 0.062514 0.000010 0.024135 0.205464 0.053273
0.532139 0.032428 0.000010 0.150241 0.000010 0.107552 0.000010 0.068029 0.109581
0.632705 0.000010 0.069566 0.100668 0.000010 0.000010 0.000010 0.169371 0.027650
0.476888 0.000010 0.000010 0.000010 0.054252 0.000010 0.067617 0.401194 0.000010
0.413207 0.021699 0.000010 0.000010 0.090079 0.058028 0.003135 0.394421 0.019411
0.647656 0.040173 0.101586 0.000010 0.098399 0.112146 0.000010 0.000010 0.000010
0.693066 0.000010 0.000010 0.000010 0.072105 0.000010 0.000010 0.139674 0.095105
0.626322 0.099325 0.000010 0.007651 0.098404 0.000010 0.000010 0.070803 0.097466
0.330302 0.000010 0.000010 0.185343 0.019609 0.000010 0.207551 0.257154 0.000010
0.439110 0.084257 0.009721 0.048760 0.000010 0.000010 0.158664 0.142201 0.117266
0.711805 0.000010 0.000010 0.104472 0.000010 0.000010 0.000010 0.183663 0.000010
0.471159 0.000010 0.005383 0.000010 0.000010 0.037781 0.044347 0.253084 0.188216
0.682508 0.123876 0.000010 0.063025 0.059879 0.000010 0.000010 0.050402 0.020279
0.359791 0.000010 0.061824 0.246989 0.000010 0.000010 0.000010 0.259027 0.072329
0.733636 0.015631 0.000010 0.019566 0.000010 0.009093 0.018094 0.119163 0.084797
0.000010 0.927112 0.000010 0.000010 0.000010 0.000010 0.000010 0.066759 0.006069
0.000010 0.887303 0.031263 0.004484 0.000010 0.000010 0.059475 0.000010 0.017435
0.000010 0.685449 0.192392 0.000010 0.000010 0.003718 0.000010 0.104939 0.013463
0.000010 0.897570 0.000010 0.000010 0.000010 0.000010 0.017977 0.084393 0.000010
0.077441 0.000010 0.322569 0.000010 0.120829 0.000010 0.451364 0.027756 0.000010
0.101391 0.029564 0.615675 0.000010 0.000010 0.074376 0.178954 0.000010 0.000010
0.000010 0.000010 0.565330 0.000010 0.001782 0.002802 0.312418 0.117627 0.000010
0.045960 0.000010 0.320984 0.092241 0.000010 0.000010 0.438501 0.054345 0.047939
0.000010 0.000914 0.575010 0.000010 0.081183 0.073459 0.269395 0.000010 0.000010
0.038018 0.080748 0.553932 0.000010 0.000010 0.000089 0.327173 0.000010 0.000010
0.000010 0.000010 0.375014 0.000010 0.000010 0.000010 0.450264 0.174662 0.000010
0.000010 0.032641 0.216296 0.000010 0.050547 0.002914 0.410794 0.286777 0.000010
0.006348 0.000010 0.459520 0.000010 0.110771 0.000010 0.395069 0.000010 0.028252
0.000010 0.000010 0.350946 0.000010 0.000010 0.000010 0.303593 0.345401 0.000010
0.475572 0.000010 0.000010 0.098403 0.000010 0.026631 0.022595 0.189533 0.187235
0.332758 0.000010 0.000010 0.000010 0.011426 0.000010 0.206946 0.013180 0.435650
0.642239 0.047968 0.051427 0.021053 0.000010 0.000010 0.000642 0.236640 0.000010
0.595316 0.000010 0.233993 0.030183 0.000010 0.000010 0.025828 0.110315 0.004335
0.522650 0.000010 0.016456 0.000010 0.000010 0.000010 0.084268 0.228405 0.148181
0.520722 0.014948 0.153929 0.046306 0.000010 0.019315 0.056311 0.188449 0.000010
0.591170 0.000010 0.000010 0.000010 0.105449 0.000010 0.000010 0.299404 0.003927
0.263742 0.037787 0.000010 0.105015 0.097644 0.000010 0.136865 0.175045 0.183882
0.620415 0.009299 0.000524 0.000010 0.000010 0.000010 0.046788 0.206288 0.116656
0.637595 0.000010 0.088402 0.000010 0.000010 0.000010 0.000010 0.170237 0.103716
0.572753 0.026243 0.000010 0.032632 0.000010 0.000010 0.028639 0.339693 0.000010
0.588763 0.002654 0.021290 0.000010 0.000010 0.001068 0.035173 0.351022 0.000010
0.683349 0.002053 0.163008 0.000010 0.000010 0.000010 0.000010 0.151540 0.000010
0.493647 0.000010 0.000010 0.074659 0.000010 0.010272 0.023340 0.240961 0.157091
0.605032 0.144041 0.000010 0.000010 0.000010 0.000010 0.000010 0.221027 0.029850
0.792978 0.021239 0.022746 0.004931 0.000010 0.000010 0.000010 0.131504 0.026572
0.441086 0.000010 0.147538 0.000010 0.000010 0.037960 0.000010 0.318679 0.054697
0.502072 0.016627 0.000010 0.017725 0.017575 0.063298 0.185145 0.145992 0.051555
0.550803 0.000010 0.000010 0.104166 0.000010 0.085138 0.035099 0.135631 0.089133
0.497576 0.000010 0.000010 0.027392 0.000010 0.000010 0.000010 0.192544 0.282439
0.614665 0.130362 0.000010 0.000010 0.000010 0.031395 0.054247 0.169291 0.000010
0.000010 0.001775 0.503558 0.000010 0.074229 0.021297 0.399101 0.000010 0.000010
0.000010 0.000010 0.706513 0.041600 0.029134 0.000010 0.194431 0.028283 0.000010
0.074321 0.000010 0.614219 0.018503 0.000010 0.031824 0.217346 0.043756 0.000010
0.080638 0.000010 0.703975 0.010353 0.000010 0.000010 0.204984 0.000010 0.000010
0.000010 0.010311 0.677637 0.000010 0.000010 0.000010 0.311991 0.000010 0.000010
0.000010 0.000010 0.476759 0.128782 0.062897 0.002989 0.328533 0.000010 0.000010
0.063235 0.000010 0.644431 0.000010 0.001041 0.072956 0.218296 0.000010 0.000010
0.066279 0.000010 0.537401 0.000010 0.000010 0.068301 0.304130 0.023849 0.000010
0.000010 0.000010 0.541778 0.091525 0.000010 0.000010 0.363403 0.003244 0.000010
0.015624 0.001961 0.740167 0.000010 0.100529 0.032508 0.097670 0.011521 0.000010
0.000010 0.079464 0.807809 0.053525 0.059152 0.000010 0.000010 0.000010 0.000010
0.000010 0.000010 0.580411 0.068367 0.129094 0.000010 0.222079 0.000010 0.000010
0.000010 0.039169 0.858992 0.000010 0.000010 0.000010 0.101778 0.000010 0.000010
0.022658 0.000010 0.841193 0.018626 0.074957 0.000010 0.042527 0.000010 0.000010
0.000010 0.034348 0.512893 0.000010 0.015154 0.000010 0.363679 0.073887 0.000010
0.000010 0.000010 0.619956 0.000010 0.000010 0.032506 0.347478 0.000010 0.000010
0.030934 0.000010 0.629166 0.000010 0.000010 0.041371 0.298479 0.000010 0.000010
0.000010 0.061438 0.575410 0.000010 0.000010 0.000010 0.304616 0.058486 0.000010
0.000010 0.012895 0.699743 0.000010 0.055918 0.000010 0.140505 0.090899 0.000010
0.064039 0.103547 0.586384 0.000010 0.000010 0.000010 0.245980 0.000010 0.000010
0.007657 0.042922 0.719212 0.000010 0.016139 0.000010 0.188707 0.000010 0.025333
0.000010 0.000010 0.686673 0.000010 0.000010 0.088880 0.224387 0.000010 0.000010
0.000010 0.000010 0.637391 0.057740 0.000010 0.000010 0.233521 0.000010 0.071297
0.000010 0.000010 0.662080 0.000010 0.000010 0.017650 0.289058 0.031162 0.000010
0.000010 0.167882 0.573828 0.000010 0.183271 0.000010 0.074968 0.000010 0.000010
0.088397 0.013914 0.608498 0.000010 0.015360 0.000010 0.262050 0.000010 0.011750
0.000010 0.166385 0.665513 0.000010 0.000010 0.000010 0.168043 0.000010 0.000010
0.000010 0.062740 0.542923 0.000010 0.018314 0.000010 0.368773 0.007210 0.000010
0.000010 0.020124 0.746715 0.000010 0.000010 0.000010 0.233101 0.000010 0.000010
0.000010 0.026860 0.737956 0.000010 0.029908 0.000010 0.205226 0.000010 0.000010
0.000010 0.156365 0.549750 0.000010 0.000010 0.000010 0.167439 0.126396 0.000010
0.000010 0.000010 0.646999 0.000010 0.000010 0.000010 0.121976 0.230965 0.000010
0.000010 0.000010 0.696293 0.000010 0.000010 0.000010 0.277465 0.026183 0.000010
0.000010 0.125892 0.613398 0.000010 0.000010 0.085897 0.174763 0.000010 0.000010
0.012032 0.000010 0.610951 0.000010 0.051366 0.000010 0.303262 0.022349 0.000010
0.000010 0.000010 0.627173 0.093718 0.000010 0.000010 0.279049 0.000010 0.000010
0.000010 0.063433 0.538037 0.000010 0.093521 0.000010 0.302626 0.000010 0.002344
0.000010 0.078383 0.597276 0.000010 0.000010 0.016493 0.297271 0.010537 0.000010
0.049209 0.000010 0.623487 0.000010 0.000010 0.000010 0.327243 0.000010 0.000010
0.000010 0.000010 0.045556 0.000010 0.725890 0.000010 0.133877 0.000010 0.094627
0.000010 0.019536 0.000010 0.060134 0.920035 0.000010 0.000245 0.000010 0.000010
0.000010 0.000010 0.668583 0.055229 0.000010 0.006122 0.263669 0.000010 0.006357
0.179372 0.132718 0.543378 0.000010 0.032226 0.000010 0.112266 0.000010 0.000010
0.277714 0.000010 0.000010 0.295081 0.104860 0.000010 0.001331 0.306692 0.014292
0.740292 0.000010 0.032652 0.000010 0.000010 0.000010 0.016372 0.210634 0.000010
0.696852 0.006271 0.052326 0.000010 0.012055 0.000010 0.092744 0.124578 0.015155
0.341378 0.009388 0.003862 0.386130 0.000010 0.000010 0.000010 0.248970 0.010242
0.325404 0.000010 0.046124 0.348786 0.033937 0.000010 0.082116 0.163603 0.000010
0.308596 0.000010 0.011536 0.387495 0.000010 0.000010 0.020473 0.271860 0.000010
0.249337 0.000010 0.060408 0.354120 0.052090 0.000010 0.037559 0.246457 0.000010
0.348410 0.000010 0.000010 0.313299 0.010418 0.000010 0.000010 0.327822 0.000010
0.479979 0.000010 0.044599 0.131740 0.060467 0.000010 0.031828 0.229619 0.021749
0.602457 0.071861 0.000010 0.176723 0.000010 0.000010 0.000010 0.148909 0.000010
0.349563 0.008253 0.143478 0.292260 0.000010 0.000010 0.000010 0.206407 0.000010
0.121118 0.000010 0.034362 0.526468 0.000010 0.000010 0.008198 0.309814 0.000010
0.010309 0.000010 0.021891 0.545187 0.147904 0.000010 0.074337 0.200342 0.000010
0.000010 0.000010 0.745865 0.000010 0.000010 0.000010 0.254065 0.000010 0.000010
0.000010 0.000010 0.632541 0.000010 0.000010 0.000010 0.321457 0.045942 0.000010
0.000010 0.034324 0.470013 0.089760 0.000010 0.000010 0.251639 0.144462 0.009772
0.000010 0.037696 0.612704 0.000010 0.000010 0.000010 0.349539 0.000010 0.000010
0.050147 0.099415 0.620205 0.000010 0.000010 0.000010 0.222961 0.007232 0.000010
0.000010 0.000010 0.782258 0.000010 0.000010 0.036775 0.180907 0.000010 0.000010
0.000010 0.000010 0.620934 0.007375 0.120843 0.000010 0.234489 0.000010 0.016320
0.000010 0.000010 0.667748 0.000010 0.000010 0.003001 0.270656 0.058545 0.000010
0.000010 0.101917 0.649821 0.000010 0.000010 0.022360 0.201279 0.000010 0.024583
0.000010 0.000010 0.628826 0.000010 0.000010 0.000010 0.371104 0.000010 0.000010
0.000010 0.042588 0.611218 0.000010 0.000010 0.000010 0.346134 0.000010 0.000010
0.000010 0.000010 0.652591 0.003935 0.110689 0.049699 0.162746 0.000010 0.020310
