0.227420 0.071870 0.000010 0.049975 0.138179 0.021556 0.031813 0.415771 0.043406
0.408985 0.081961 0.000010 0.095342 0.072933 0.000010 0.000010 0.340740 0.000010
0.236231 0.005563 0.015982 0.000010 0.000010 0.000010 0.042598 0.601574 0.098022
0.393298 0.000010 0.099511 0.000010 0.000010 0.000010 0.000010 0.435971 0.071170
0.510250 0.000010 0.022168 0.048136 0.000010 0.000010 0.146656 0.272751 0.000010
0.000010 0.051219 0.000010 0.073798 0.111533 0.103186 0.210522 0.272481 0.177241
0.293271 0.000010 0.054588 0.235059 0.057375 0.000010 0.000010 0.359667 0.000010
0.316286 0.021119 0.080536 0.002955 0.147754 0.000010 0.000010 0.431321 0.000010
0.388275 0.000010 0.119192 0.000010 0.000010 0.044157 0.000010 0.448326 0.000010
0.269670 0.000010 0.135518 0.162474 0.000010 0.000010 0.000010 0.364694 0.067605
0.367701 0.000010 0.067033 0.093457 0.000010 0.000010 0.000010 0.360816 0.110952
0.382723 0.034868 0.125595 0.057117 0.000010 0.000010 0.016547 0.383120 0.000010
0.279023 0.067907 0.000010 0.000010 0.121911 0.017725 0.004515 0.464276 0.044624
0.443560 0.000010 0.100207 0.005473 0.097422 0.006460 0.000010 0.346848 0.000010
0.118707 0.092084 0.028325 0.288029 0.163919 0.000010 0.000010 0.256380 0.052535
0.351990 0.101017 0.159754 0.000010 0.000010 0.000010 0.000010 0.387190 0.000010
0.383633 0.024923 0.056698 0.000010 0.000010 0.013616 0.115358 0.405742 0.000010
0.457829 0.000010 0.029361 0.000010 0.003684 0.025290 0.019301 0.464504 0.000010
0.224246 0.151399 0.018158 0.104633 0.000010 0.000010 0.138190 0.329811 0.033543
0.363357 0.008716 0.031177 0.128226 0.000010 0.000010 0.046750 0.305040 0.116714
0.312882 0.000010 0.072246 0.058417 0.068188 0.080706 0.000010 0.381895 0.025646
0.362321 0.044489 0.033436 0.160427 0.000010 0.000010 0.088158 0.311140 0.000010
0.252209 0.000010 0.000010 0.207830 0.000010 0.000010 0.043879 0.440097 0.055944
0.190125 0.026502 0.021935 0.198670 0.000010 0.000010 0.112737 0.409692 0.040319
0.259204 0.053019 0.000010 0.172060 0.000010 0.000010 0.010638 0.505039 0.000010
0.371488 0.143400 0.000010 0.001083 0.000010 0.000010 0.000010 0.355214 0.128775
0.209397 0.000010 0.000010 0.144318 0.105127 0.076790 0.020017 0.444321 0.000010
0.423743 0.000010 0.047235 0.000010 0.000010 0.010211 0.000010 0.331147 0.187623
0.172548 0.000010 0.004781 0.321869 0.033211 0.027209 0.069744 0.370616 0.000010
0.000010 0.000010 0.000010 0.463411 0.073963 0.000010 0.031980 0.430596 0.000010
0.180301 0.046455 0.000010 0.248135 0.089998 0.000010 0.071970 0.363111 0.000010
0.355361 0.013982 0.061107 0.111482 0.000010 0.000010 0.000010 0.458028 0.000010
0.311610 0.034514 0.016231 0.121338 0.027787 0.036625 0.021369 0.430515 0.000010
0.289731 0.040453 0.000010 0.241791 0.074610 0.000010 0.000010 0.292083 0.061303
0.197263 0.097560 0.000010 0.085120 0.056553 0.037935 0.197361 0.328188 0.000010
0.217805 0.000010 0.000010 0.134523 0.000010 0.000010 0.076962 0.560538 0.010132
0.431954 0.000010 0.110344 0.051480 0.064939 0.000010 0.000010 0.341242 0.000010
0.329257 0.068770 0.131462 0.231375 0.000010 0.016956 0.000010 0.222149 0.000010
0.293097 0.000010 0.001424 0.179643 0.000010 0.033275 0.116934 0.254274 0.121333
0.332848 0.049672 0.068562 0.000010 0.008176 0.043315 0.002751 0.475207 0.019459
0.294594 0.106477 0.000010 0.041009 0.000010 0.000572 0.132294 0.357645 0.067389
0.115780 0.157605 0.000010 0.158702 0.046460 0.000010 0.135660 0.385763 0.000010
0.087173 0.000010 0.000010 0.262537 0.037574 0.020586 0.171256 0.420844 0.000010
0.233992 0.000010 0.041505 0.097448 0.000010 0.000010 0.121517 0.505499 0.000010
0.151388 0.000010 0.165860 0.000010 0.052402 0.000010 0.069168 0.383081 0.178070
0.228218 0.044859 0.000010 0.056408 0.000010 0.000010 0.000010 0.636474 0.034001
0.140251 0.108985 0.000010 0.309170 0.005617 0.000010 0.012068 0.423878 0.000010
0.066569 0.171008 0.000010 0.000010 0.000010 0.033952 0.201809 0.526622 0.000010
0.175597 0.111975 0.288296 0.192713 0.079333 0.000010 0.086630 0.065437 0.000010
0.079160 0.000010 0.179216 0.307584 0.004251 0.012968 0.247765 0.169034 0.000010
0.370914 0.068437 0.320557 0.110457 0.017646 0.015821 0.000010 0.096148 0.000010
0.279970 0.000010 0.182302 0.153706 0.000010 0.000010 0.053184 0.330798 0.000010
0.083435 0.135935 0.339124 0.000010 0.112357 0.065750 0.015488 0.247874 0.000027
0.147968 0.119514 0.470224 0.164356 0.000010 0.000010 0.000010 0.000010 0.097897
0.000010 0.158438 0.329620 0.166146 0.000010 0.062163 0.166834 0.116770 0.000010
0.266934 0.121070 0.448483 0.000010 0.091726 0.000010 0.000010 0.071748 0.000010
0.220511 0.042048 0.310738 0.106228 0.000010 0.000010 0.130768 0.189677 0.000010
0.268551 0.079327 0.309479 0.000010 0.019715 0.000010 0.095670 0.227229 0.000010
0.191359 0.048999 0.376779 0.207707 0.051091 0.000010 0.067439 0.056606 0.000010
0.000010 0.035492 0.362133 0.000010 0.000010 0.033247 0.281402 0.287686 0.000010
0.151978 0.189611 0.408587 0.000010 0.030465 0.000010 0.002963 0.216367 0.000010
0.041774 0.119730 0.291503 0.035095 0.052457 0.000010 0.073652 0.385769 0.000010
0.115082 0.000010 0.098667 0.006822 0.000010 0.000010 0.161905 0.617484 0.000010
0.000010 0.000010 0.573324 0.181833 0.000010 0.000010 0.225814 0.018978 0.000010
0.443414 0.031142 0.233613 0.044211 0.010734 0.000010 0.045704 0.191161 0.000010
0.029143 0.097975 0.260009 0.183809 0.000010 0.000010 0.176069 0.252965 0.000010
0.298308 0.064892 0.122265 0.062432 0.000010 0.000010 0.000010 0.408825 0.043249
0.058102 0.000010 0.389031 0.017419 0.000010 0.000010 0.121742 0.350315 0.063360
0.118448 0.170176 0.208422 0.196218 0.000010 0.070200 0.035657 0.200859 0.000010
0.047394 0.093510 0.153469 0.088994 0.082574 0.023921 0.131205 0.378924 0.000010
0.000010 0.000010 0.109237 0.000010 0.056800 0.000010 0.182714 0.429589 0.221620
0.610072 0.111790 0.079949 0.000010 0.000010 0.000010 0.000010 0.195139 0.003011
0.332474 0.056455 0.000010 0.036031 0.007410 0.000010 0.041105 0.526496 0.000010
0.180448 0.017437 0.191708 0.150059 0.000010 0.000010 0.000010 0.395018 0.065301
0.127991 0.000010 0.080497 0.142897 0.076921 0.049194 0.000010 0.371513 0.150967
0.048614 0.000010 0.000010 0.024056 0.000011 0.000010 0.247756 0.585231 0.094302
0.245362 0.000010 0.000010 0.178193 0.000010 0.041714 0.000010 0.534681 0.000010
0.248822 0.000010 0.000010 0.000010 0.119549 0.000077 0.101007 0.401241 0.129274
0.301428 0.174277 0.114705 0.154221 0.050604 0.000010 0.000010 0.204734 0.000010
0.323625 0.000010 0.000010 0.000013 0.000010 0.000010 0.099270 0.577042 0.000010
0.288614 0.000010 0.075865 0.155959 0.000010 0.038526 0.007922 0.432416 0.000679
0.104210 0.000010 0.000010 0.111433 0.112576 0.000010 0.175168 0.475699 0.020885
0.355092 0.000010 0.105308 0.128215 0.127462 0.043615 0.005506 0.234783 0.000010
0.255094 0.138996 0.000010 0.076096 0.101585 0.074741 0.000010 0.353459 0.000010
0.366024 0.000010 0.039936 0.000010 0.000010 0.062806 0.095149 0.389992 0.046062
0.208122 0.034447 0.000010 0.151327 0.036277 0.148086 0.139946 0.253738 0.028048
0.070802 0.106343 0.000010 0.200543 0.034441 0.000010 0.000010 0.107254 0.480588
0.307895 0.000017 0.043479 0.000010 0.000010 0.018972 0.114526 0.401970 0.113120
0.416595 0.000010 0.000010 0.047327 0.050817 0.000010 0.031564 0.350439 0.103228
0.294178 0.000010 0.084450 0.137875 0.009616 0.114102 0.030727 0.245162 0.083880
0.310934 0.002621 0.015507 0.168940 0.000010 0.000010 0.000010 0.350780 0.151188
0.318300 0.026910 0.048283 0.052185 0.055962 0.023298 0.073476 0.227632 0.173954
0.213859 0.038146 0.000010 0.000010 0.048259 0.067763 0.216064 0.415879 0.000010
0.240154 0.045751 0.000010 0.173199 0.000010 0.000010 0.120637 0.420219 0.000010
0.202911 0.167684 0.000010 0.000010 0.000010 0.037357 0.000543 0.362867 0.228606
0.239979 0.051916 0.195178 0.000010 0.032764 0.000010 0.000010 0.402092 0.078041
0.155140 0.106091 0.000010 0.080617 0.044699 0.000010 0.135171 0.478252 0.000010
0.223423 0.094169 0.000010 0.194894 0.000010 0.010750 0.080889 0.309615 0.086240
0.338061 0.000010 0.195234 0.047476 0.000010 0.000010 0.037437 0.381752 0.000010
0.193350 0.000010 0.221708 0.026298 0.000010 0.010247 0.083907 0.360757 0.103714
0.208451 0.035947 0.161006 0.000010 0.000010 0.000010 0.114917 0.373106 0.106544
0.000010 0.000010 0.020199 0.000010 0.079184 0.296785 0.000010 0.242697 0.361096
0.042447 0.029116 0.000010 0.087051 0.000010 0.053240 0.172091 0.515279 0.100756
0.326159 0.054946 0.000010 0.136831 0.000010 0.049915 0.163321 0.268797 0.000010
0.401663 0.158881 0.000010 0.110149 0.000010 0.000010 0.013212 0.316055 0.000010
0.105998 0.264529 0.040321 0.054938 0.000010 0.000607 0.118490 0.415097 0.000010
0.236488 0.000010 0.127406 0.008482 0.124143 0.000010 0.139126 0.364326 0.000010
0.233805 0.000010 0.063204 0.025034 0.000010 0.054709 0.067817 0.555400 0.000010
0.289919 0.081372 0.020214 0.235414 0.032523 0.000010 0.072793 0.243340 0.024415
0.197960 0.081347 0.000010 0.294104 0.078326 0.000010 0.005677 0.342556 0.000010
0.140750 0.191259 0.000010 0.106111 0.019175 0.000010 0.163416 0.352581 0.026687
0.068022 0.000010 0.091512 0.147450 0.000010 0.000010 0.224295 0.431968 0.036723
0.000010 0.111831 0.066653 0.241794 0.000010 0.000010 0.178671 0.365131 0.035889
0.441861 0.007551 0.000010 0.014602 0.000010 0.000010 0.038200 0.380531 0.117224
0.387828 0.017882 0.004763 0.105707 0.000010 0.025167 0.120108 0.284773 0.053761
0.209081 0.000010 0.138501 0.028112 0.043880 0.014996 0.004291 0.561120 0.000010
0.344483 0.023346 0.239381 0.000010 0.000010 0.028331 0.213871 0.150559 0.000010
0.049507 0.106584 0.073820 0.134557 0.000010 0.012651 0.108163 0.514697 0.000010
0.310902 0.000010 0.000010 0.043802 0.000010 0.000010 0.208284 0.436962 0.000010
0.194315 0.076415 0.176378 0.100185 0.000010 0.018720 0.067438 0.299826 0.066713
0.445182 0.041848 0.016987 0.085154 0.044210 0.000010 0.000010 0.366589 0.000010
0.045831 0.024437 0.000010 0.279267 0.022178 0.000010 0.310498 0.313553 0.004215
0.136942 0.000010 0.000010 0.073684 0.217946 0.000010 0.111920 0.459467 0.000010
0.274649 0.000011 0.000010 0.000010 0.000010 0.000010 0.128486 0.596804 0.000010
0.282150 0.000010 0.000010 0.158133 0.000010 0.000010 0.155655 0.331681 0.072341
0.180992 0.005806 0.000010 0.000010 0.160175 0.000010 0.196444 0.416042 0.040510
0.033784 0.000010 0.000010 0.380308 0.286000 0.000010 0.069147 0.230721 0.000010
0.169868 0.068440 0.142985 0.000010 0.000010 0.033316 0.000010 0.585351 0.000010
0.246858 0.111944 0.053188 0.000010 0.010762 0.000010 0.000010 0.577208 0.000010
0.191161 0.002294 0.023379 0.000010 0.157151 0.000010 0.000010 0.625975 0.000010
0.166055 0.000010 0.017468 0.179281 0.006145 0.000010 0.283707 0.347313 0.000010
0.300098 0.055181 0.054769 0.000010 0.087234 0.000010 0.000010 0.378640 0.124049
0.226489 0.051355 0.033265 0.265656 0.000010 0.000010 0.069221 0.353984 0.000010
0.065479 0.000010 0.053927 0.079042 0.056932 0.000010 0.161068 0.583522 0.000010
0.000010 0.126444 0.256836 0.163012 0.000010 0.107545 0.000010 0.341822 0.004310
0.131053 0.055640 0.039341 0.040497 0.077751 0.041971 0.202039 0.395519 0.016188
0.000010 0.072068 0.000010 0.047420 0.026262 0.028311 0.272871 0.426769 0.126280
0.353765 0.058541 0.006166 0.070245 0.046414 0.000010 0.082818 0.382031 0.000010
0.276204 0.000010 0.000010 0.120692 0.190019 0.000010 0.074911 0.338133 0.000010
0.000010 0.000011 0.000010 0.245515 0.000010 0.031183 0.273854 0.449397 0.000010
0.104967 0.030299 0.000010 0.165023 0.049857 0.000010 0.177078 0.460150 0.012607
0.148806 0.044997 0.000010 0.210572 0.000010 0.000010 0.092498 0.463781 0.039316
0.051306 0.077132 0.049172 0.125456 0.103346 0.000010 0.083379 0.510189 0.000010
0.302699 0.047219 0.000010 0.035824 0.000010 0.000010 0.043933 0.570284 0.000010
0.052686 0.011607 0.000615 0.164731 0.130213 0.000010 0.109384 0.530744 0.000010
0.186467 0.000010 0.000010 0.091596 0.002869 0.000010 0.166169 0.549833 0.003038
0.325284 0.140636 0.000010 0.286735 0.002779 0.000010 0.037515 0.207021 0.000010
0.290001 0.000010 0.000012 0.160485 0.000010 0.000010 0.035718 0.512113 0.001641
0.262350 0.000010 0.000010 0.197781 0.089884 0.000010 0.000010 0.449936 0.000010
0.143318 0.029432 0.000010 0.237522 0.000010 0.000010 0.105736 0.471559 0.012403
0.254503 0.000010 0.011724 0.191428 0.158882 0.000010 0.022860 0.348958 0.011626
0.430866 0.000010 0.034894 0.050985 0.000010 0.010616 0.000010 0.472599 0.000010
0.259790 0.119595 0.000010 0.151752 0.000010 0.000010 0.023561 0.445262 0.000010
0.283004 0.071069 0.000010 0.000730 0.032036 0.000010 0.110564 0.502568 0.000010
0.232107 0.028383 0.003548 0.058075 0.000010 0.085398 0.133785 0.458684 0.000010
0.219576 0.068649 0.000010 0.207623 0.052418 0.000010 0.000010 0.398426 0.053277
0.197974 0.000010 0.000010 0.130314 0.110833 0.000010 0.000010 0.560829 0.000010
0.015404 0.000010 0.000010 0.256721 0.000010 0.000010 0.145147 0.475053 0.107634
0.349343 0.000010 0.000010 0.150753 0.052376 0.000010 0.099450 0.348038 0.000010
0.145676 0.000010 0.009662 0.397793 0.046388 0.026319 0.023802 0.350340 0.000010
0.307965 0.000011 0.000010 0.132604 0.000010 0.029705 0.000010 0.521974 0.007711
0.209097 0.000010 0.000010 0.234697 0.032099 0.000010 0.000010 0.451735 0.072331
0.000010 0.061374 0.000010 0.000010 0.000010 0.000010 0.233530 0.705036 0.000010
0.327849 0.044665 0.191227 0.239503 0.062236 0.000010 0.031380 0.103120 0.000010
0.373246 0.043069 0.000010 0.000010 0.104045 0.019850 0.021125 0.407521 0.031124
0.135090 0.000010 0.178380 0.115947 0.138586 0.000010 0.049810 0.376098 0.006068
0.128598 0.000010 0.154893 0.330301 0.000010 0.008451 0.210378 0.167350 0.000010
0.308096 0.038834 0.124584 0.000010 0.063319 0.000010 0.187703 0.221267 0.056177
0.234846 0.000010 0.003028 0.080217 0.000010 0.000010 0.167883 0.490908 0.023088
0.000010 0.081980 0.135728 0.265386 0.152794 0.000010 0.047704 0.234308 0.082079
0.195811 0.000010 0.154440 0.105103 0.040757 0.000010 0.080932 0.422926 0.000010
0.223845 0.018483 0.193223 0.049823 0.000010 0.000010 0.137219 0.377377 0.000010
0.153512 0.000010 0.016741 0.071105 0.019744 0.000010 0.176023 0.562845 0.000010
0.284788 0.083781 0.134345 0.000641 0.065572 0.000010 0.000010 0.339109 0.091744
0.000010 0.178458 0.008938 0.295783 0.062218 0.033863 0.067597 0.340335 0.012797
0.141620 0.130477 0.000010 0.192564 0.125717 0.000010 0.040610 0.368983 0.000010
0.017673 0.000010 0.298289 0.177555 0.000010 0.000010 0.226701 0.279741 0.000010
0.114857 0.000010 0.260052 0.083960 0.172763 0.000010 0.033512 0.252888 0.081948
0.353244 0.000010 0.195512 0.119568 0.000010 0.003184 0.000010 0.311707 0.016755
0.092372 0.083430 0.004001 0.186500 0.000010 0.000010 0.000010 0.633658 0.000010
0.110850 0.119866 0.000010 0.000010 0.000010 0.000010 0.328969 0.374110 0.066164
0.214687 0.011061 0.000010 0.015481 0.000010 0.000010 0.266071 0.492660 0.000010
0.091039 0.070759 0.313847 0.219695 0.028875 0.000010 0.014913 0.256234 0.004627
0.249781 0.000010 0.000010 0.198547 0.000010 0.094201 0.000010 0.457422 0.000010
0.000010 0.000010 0.032702 0.187274 0.000010 0.000010 0.110217 0.644950 0.024816
0.358033 0.000010 0.000010 0.015391 0.023267 0.000010 0.131261 0.472009 0.000010
0.130886 0.046683 0.065159 0.162224 0.080314 0.000010 0.078158 0.436558 0.000010
0.000010 0.000010 0.000010 0.000010 0.029783 0.335731 0.000010 0.019147 0.615289
0.000010 0.000010 0.000010 0.016747 0.000010 0.550209 0.031161 0.035299 0.366545
0.006422 0.000010 0.024025 0.000010 0.000010 0.479109 0.000010 0.000653 0.489751
0.000010 0.000010 0.037389 0.000010 0.000010 0.351081 0.000010 0.000010 0.611470
0.024072 0.000012 0.000010 0.032419 0.000010 0.201496 0.000010 0.000010 0.741961
0.000010 0.000010 0.000010 0.000010 0.000010 0.307549 0.000010 0.000010 0.692381
0.000010 0.006430 0.053241 0.000010 0.003695 0.466843 0.000010 0.015860 0.453901
0.028732 0.000010 0.000010 0.011073 0.000010 0.307262 0.065128 0.000010 0.587765
0.000010 0.000010 0.000010 0.000010 0.000010 0.498184 0.000010 0.000010 0.501746
0.038064 0.000010 0.000010 0.000010 0.000010 0.243884 0.000010 0.000010 0.717992
0.000010 0.000010 0.000166 0.000010 0.000010 0.278883 0.044434 0.000010 0.676467
0.000010 0.000010 0.000010 0.000010 0.137362 0.320669 0.000010 0.000010 0.541909
0.000010 0.000010 0.106184 0.000010 0.000010 0.548343 0.000010 0.000010 0.345414
0.000010 0.000010 0.000010 0.047187 0.000010 0.452626 0.000010 0.074051 0.426085
0.000010 0.000010 0.000010 0.000010 0.000010 0.321033 0.000010 0.000010 0.678897
0.000010 0.000010 0.000010 0.000010 0.000010 0.184828 0.000010 0.000010 0.815102
0.000010 0.000010 0.007338 0.000010 0.031145 0.321334 0.047642 0.000010 0.592500
0.000010 0.000010 0.000010 0.000010 0.000010 0.358979 0.000010 0.022126 0.618835
0.083048 0.006880 0.000010 0.027227 0.000010 0.456423 0.000010 0.000010 0.426383
0.000010 0.000010 0.000010 0.000010 0.000010 0.428476 0.000010 0.000010 0.571454
0.008502 0.000010 0.000010 0.000010 0.026434 0.257835 0.000010 0.000010 0.707179
0.000010 0.014930 0.002954 0.000010 0.000010 0.321753 0.007826 0.007825 0.644683
0.000010 0.000010 0.077387 0.000010 0.000010 0.453905 0.000010 0.000010 0.468648
0.000010 0.000011 0.087605 0.000010 0.000010 0.458979 0.000010 0.007506 0.445858
0.000010 0.000010 0.000010 0.000010 0.000012 0.411019 0.032258 0.000010 0.556661
0.000010 0.000941 0.039118 0.033824 0.000010 0.306686 0.000010 0.038180 0.581220
0.062242 0.012980 0.027771 0.000010 0.000010 0.439632 0.032666 0.006542 0.418147
0.000010 0.000010 0.000010 0.000010 0.000010 0.281648 0.000010 0.043855 0.674436
0.000010 0.000010 0.045261 0.000010 0.736098 0.000010 0.218580 0.000010 0.000010
0.301567 0.000010 0.000010 0.238503 0.032075 0.000010 0.017277 0.304190 0.106359
0.503229 0.000010 0.000010 0.245088 0.041901 0.012349 0.015427 0.181977 0.000010
0.674801 0.000010 0.000010 0.077852 0.000010 0.000010 0.058942 0.188355 0.000010
0.593851 0.000010 0.035806 0.191196 0.000010 0.000010 0.000010 0.062724 0.116383
0.284276 0.000010 0.066925 0.453362 0.044437 0.000010 0.000010 0.124117 0.026853
0.379257 0.021836 0.000010 0.416323 0.000010 0.000010 0.108092 0.044930 0.029532
0.338088 0.000010 0.000010 0.357441 0.000010 0.000010 0.000010 0.304411 0.000010
0.343724 0.044279 0.000010 0.244823 0.044311 0.047508 0.070737 0.204599 0.000010
0.315407 0.000010 0.000010 0.428724 0.000010 0.007495 0.000010 0.183791 0.064543
0.381078 0.000010 0.000010 0.411389 0.000010 0.069623 0.000010 0.087608 0.050262
0.241086 0.029052 0.057325 0.388372 0.000010 0.000010 0.000010 0.233548 0.050587
0.439363 0.000010 0.000010 0.186579 0.000010 0.000010 0.000010 0.305939 0.068069
0.552676 0.000010 0.000010 0.041773 0.000010 0.032362 0.015953 0.322130 0.035077
0.412300 0.000010 0.000010 0.417549 0.142873 0.027228 0.000010 0.000010 0.000010
0.375648 0.000010 0.003218 0.349310 0.019699 0.000010 0.000010 0.252085 0.000010
0.349294 0.000010 0.080919 0.310276 0.000010 0.000010 0.000010 0.249010 0.010461
0.399100 0.000010 0.015447 0.162674 0.000010 0.000010 0.045606 0.349444 0.027699
0.214515 0.000010 0.000010 0.510125 0.000010 0.000010 0.121357 0.153954 0.000010
0.393392 0.053822 0.155986 0.234357 0.000010 0.018318 0.000010 0.064785 0.079321
0.752698 0.018606 0.000010 0.156308 0.000010 0.000010 0.015969 0.056379 0.000010
0.505214 0.023891 0.000010 0.249644 0.163943 0.001641 0.000010 0.041806 0.013841
0.329962 0.000012 0.000010 0.483413 0.046374 0.000010 0.000010 0.118173 0.022036
0.177165 0.181897 0.000010 0.362824 0.000010 0.000010 0.000010 0.278063 0.000010
0.520969 0.000010 0.028186 0.178103 0.000010 0.005803 0.005352 0.225403 0.036165
0.391422 0.128168 0.000010 0.228491 0.000010 0.000010 0.000010 0.251869 0.000010
0.413764 0.000010 0.020841 0.345416 0.018809 0.000010 0.011946 0.189194 0.000010
0.434544 0.000010 0.000010 0.238635 0.000010 0.069519 0.000010 0.177325 0.079937
0.323897 0.000010 0.000010 0.408528 0.000010 0.029874 0.006456 0.204083 0.027132
0.000010 0.012949 0.000010 0.000010 0.983788 0.003203 0.000010 0.000010 0.000010
0.000010 0.000010 0.000010 0.000010 0.930400 0.000010 0.008459 0.061080 0.000010
0.000010 0.000010 0.000010 0.000010 0.999920 0.000010 0.000010 0.000010 0.000010
0.000010 0.033831 0.006401 0.000010 0.959708 0.000010 0.000010 0.000010 0.000010
0.000010 0.000010 0.000010 0.000010 0.847428 0.000010 0.152502 0.000010 0.000010
0.000010 0.000010 0.000010 0.000010 0.999920 0.000010 0.000010 0.000010 0.000010
0.000010 0.019110 0.000010 0.000010 0.980820 0.000010 0.000010 0.000010 0.000010
0.050379 0.000010 0.000010 0.000010 0.949551 0.000010 0.000010 0.000010 0.000010
0.000010 0.052430 0.000010 0.004355 0.943156 0.000010 0.000010 0.000010 0.000010
0.000010 0.000010 0.000010 0.000010 0.999920 0.000010 0.000010 0.000010 0.000010
0.000010 0.054628 0.000010 0.000010 0.945302 0.000010 0.000010 0.000010 0.000010
0.000010 0.000010 0.000010 0.000010 0.935654 0.000010 0.034502 0.029784 0.000010
0.000010 0.000010 0.000010 0.000010 0.922210 0.000010 0.000010 0.077720 0.000010
0.000010 0.000010 0.000010 0.000010 0.968194 0.000010 0.000010 0.031736 0.000010
0.000010 0.080711 0.000010 0.000010 0.919219 0.000010 0.000010 0.000010 0.000010
0.000010 0.049279 0.000010 0.000010 0.950651 0.000010 0.000010 0.000010 0.000010
0.000010 0.000010 0.000010 0.000010 0.999920 0.000010 0.000010 0.000010 0.000010
0.318809 0.149037 0.000010 0.003992 0.092773 0.000010 0.057938 0.323094 0.054336
0.542032 0.084804 0.000010 0.047779 0.000010 0.000010 0.000010 0.325335 0.000010
0.468210 0.186546 0.000010 0.059440 0.000010 0.000010 0.026916 0.258848 0.000010
0.492743 0.000010 0.000010 0.000010 0.095105 0.060558 0.000010 0.351544 0.000010
0.549132 0.000010 0.000010 0.154575 0.032576 0.000010 0.064662 0.151671 0.047355
0.606090 0.000010 0.000010 0.000010 0.000010 0.000010 0.000010 0.393840 0.000010
0.546686 0.000010 0.000010 0.111023 0.000010 0.000010 0.000010 0.182308 0.159933
0.557809 0.000010 0.133770 0.000010 0.000010 0.000010 0.000010 0.308084 0.000287
0.374451 0.000010 0.012592 0.000010 0.012794 0.000010 0.120012 0.381746 0.098375
0.635935 0.108494 0.000010 0.000010 0.000010 0.000010 0.000010 0.255511 0.000010
0.671527 0.001234 0.000010 0.024755 0.000010 0.000010 0.000010 0.269436 0.033007
0.420957 0.000010 0.156726 0.019463 0.143918 0.000010 0.000010 0.218100 0.040806
0.372314 0.001280 0.066528 0.142375 0.184732 0.000010 0.000010 0.173992 0.058759
0.544289 0.051242 0.047871 0.000010 0.001238 0.000010 0.000010 0.355319 0.000010
0.548991 0.000010 0.111970 0.014362 0.000010 0.000010 0.000010 0.324627 0.000010
0.469401 0.027864 0.000010 0.054778 0.002670 0.000010 0.000010 0.382758 0.062500
0.441226 0.000010 0.192575 0.000010 0.000010 0.016093 0.000010 0.350056 0.000010
0.396386 0.000010 0.000010 0.000010 0.055060 0.077088 0.000010 0.428832 0.042594
0.419694 0.000010 0.000010 0.270065 0.000010 0.000010 0.000010 0.172853 0.137338
0.471165 0.000010 0.096542 0.000010 0.000010 0.065214 0.000010 0.335518 0.031521
0.469384 0.000010 0.000010 0.038591 0.002761 0.016701 0.144364 0.218091 0.110088
0.546935 0.041214 0.000010 0.172746 0.000010 0.000010 0.000010 0.239055 0.000010
0.556337 0.051629 0.000010 0.049513 0.054850 0.015905 0.000010 0.268806 0.002939
0.445451 0.000010 0.095555 0.051653 0.057737 0.000010 0.000010 0.312759 0.036815
0.481659 0.038400 0.015622 0.291435 0.000010 0.000010 0.061573 0.111281 0.000010
0.609373 0.000010 0.000010 0.000010 0.067683 0.000010 0.000010 0.297053 0.025841
0.530228 0.000010 0.004753 0.136406 0.062872 0.040472 0.000010 0.212401 0.012849
0.513521 0.000010 0.031740 0.054384 0.000010 0.007197 0.041002 0.352126 0.000010
0.775024 0.000010 0.100796 0.027143 0.000010 0.051593 0.045404 0.000010 0.000010
0.419721 0.000010 0.000010 0.099943 0.000010 0.000010 0.000010 0.474806 0.005480
0.476261 0.000010 0.000010 0.155598 0.000010 0.000010 0.082345 0.285746 0.000010
0.591526 0.000010 0.000010 0.116819 0.085983 0.012690 0.045799 0.108647 0.038516
0.421401 0.000010 0.144756 0.000010 0.032596 0.000010 0.072339 0.285171 0.043707
0.653168 0.010530 0.070428 0.000010 0.000010 0.000010 0.000010 0.139685 0.126148
0.543557 0.096206 0.023734 0.046623 0.000010 0.066071 0.069149 0.154640 0.000010
0.533382 0.000010 0.141660 0.030400 0.000010 0.000010 0.000010 0.292035 0.002483
0.602274 0.000010 0.000010 0.000010 0.011994 0.078973 0.002874 0.303845 0.000010
0.508229 0.029020 0.030744 0.092621 0.052436 0.035456 0.000010 0.115153 0.136333
0.484122 0.059331 0.039314 0.005729 0.000010 0.025575 0.000010 0.385899 0.000010
0.641609 0.006194 0.061828 0.000010 0.000010 0.000010 0.161891 0.128438 0.000010
0.557016 0.047186 0.000010 0.279981 0.000010 0.021730 0.072703 0.021353 0.000010
0.750360 0.000010 0.000010 0.129125 0.082458 0.000010 0.000010 0.038006 0.000010
0.442360 0.035667 0.000010 0.119182 0.000010 0.122254 0.027731 0.211958 0.040827
0.621146 0.000010 0.000010 0.008415 0.079283 0.000010 0.000010 0.291106 0.000010
0.418760 0.009553 0.076992 0.000010 0.061119 0.000010 0.078598 0.210151 0.144807
0.612108 0.086201 0.000010 0.000010 0.000010 0.080491 0.000010 0.221150 0.000010
0.312947 0.032600 0.000010 0.132027 0.034197 0.064351 0.068424 0.261709 0.093736
0.693551 0.000010 0.000010 0.011263 0.000010 0.110121 0.055259 0.129766 0.000010
0.631971 0.000010 0.000010 0.000010 0.000010 0.000010 0.000010 0.285720 0.082249
0.457747 0.000010 0.000010 0.000010 0.000010 0.000010 0.143817 0.260048 0.138338
0.601710 0.012302 0.000607 0.112531 0.000010 0.006749 0.035390 0.156021 0.074681
0.464250 0.000010 0.000010 0.093518 0.000010 0.070695 0.032744 0.280068 0.058695
0.602918 0.000010 0.000010 0.000010 0.000010 0.128913 0.000010 0.268109 0.000010
0.589740 0.000010 0.000010 0.000010 0.000010 0.025402 0.000010 0.253301 0.131507
0.597905 0.000010 0.027588 0.000010 0.041517 0.000010 0.000010 0.332941 0.000010
0.000010 0.000010 0.000010 0.000010 0.039814 0.041644 0.000010 0.049957 0.868536
0.662307 0.000010 0.000010 0.000010 0.000010 0.000010 0.000010 0.276123 0.061509
0.537346 0.069076 0.000010 0.000010 0.000010 0.152138 0.022056 0.213863 0.005490
0.702201 0.002241 0.000010 0.000010 0.000010 0.070216 0.000010 0.188404 0.036898
0.421373 0.000010 0.041476 0.000010 0.000010 0.000010 0.079149 0.255463 0.202498
0.673309 0.000010 0.000010 0.000010 0.000010 0.025252 0.020218 0.281171 0.000010
0.556246 0.000010 0.079331 0.000010 0.000010 0.110887 0.000010 0.253486 0.000010
0.472477 0.000010 0.000011 0.079096 0.000010 0.035964 0.092524 0.319897 0.000010
0.666996 0.000010 0.024411 0.000010 0.051112 0.000010 0.000010 0.150986 0.106455
0.739077 0.000010 0.000010 0.000010 0.011650 0.000010 0.000010 0.249213 0.000010
0.445241 0.000010 0.000010 0.000010 0.058041 0.010458 0.127098 0.348523 0.010609
0.671305 0.000010 0.005916 0.000010 0.000010 0.000010 0.000010 0.083769 0.238960
0.419705 0.000010 0.151778 0.000010 0.067362 0.107640 0.000010 0.064486 0.188999
0.368945 0.059083 0.086458 0.000010 0.000010 0.042080 0.002347 0.263792 0.177275
0.444265 0.000010 0.000010 0.000010 0.000010 0.112600 0.000010 0.422579 0.020506
0.375115 0.108465 0.088302 0.000010 0.000010 0.000010 0.076962 0.247476 0.103650
0.363685 0.000010 0.093443 0.009969 0.138632 0.000010 0.000010 0.063116 0.331124
0.693758 0.000010 0.000010 0.000010 0.000010 0.000010 0.000010 0.229409 0.076773
0.491033 0.000010 0.063981 0.000010 0.000010 0.036149 0.000010 0.077980 0.330816
0.561066 0.121649 0.020728 0.000011 0.000010 0.000010 0.033078 0.263439 0.000010
0.581731 0.000010 0.044415 0.055625 0.008123 0.000010 0.056763 0.253313 0.000010
0.734999 0.000010 0.007021 0.000010 0.000010 0.075379 0.000010 0.182551 0.000010
0.526046 0.000010 0.117742 0.087741 0.051508 0.087487 0.055568 0.040956 0.032943
0.295756 0.000010 0.000010 0.268700 0.000010 0.000010 0.000010 0.113850 0.321644
0.702376 0.039455 0.000010 0.060352 0.013989 0.016931 0.000010 0.097295 0.069582
0.535937 0.029544 0.081084 0.000010 0.004367 0.020039 0.000010 0.280871 0.048138
0.556924 0.092912 0.000011 0.000010 0.000010 0.000010 0.000010 0.244380 0.105733
0.708669 0.034300 0.000010 0.000010 0.000010 0.000010 0.000010 0.250372 0.006609
0.561622 0.000010 0.000010 0.132212 0.000010 0.000010 0.000010 0.186525 0.119591
0.618238 0.000010 0.000010 0.000010 0.018090 0.000010 0.000010 0.265312 0.098310
0.308809 0.052016 0.000010 0.067214 0.224784 0.000010 0.000010 0.204390 0.142757
0.573806 0.000010 0.000010 0.000010 0.000010 0.000010 0.000010 0.404230 0.021904
0.000010 0.000010 0.064140 0.000010 0.731659 0.000010 0.204142 0.000010 0.000010
0.000010 0.000010 0.091993 0.000010 0.692498 0.000010 0.215449 0.000010 0.000010
0.000010 0.000010 0.063100 0.000010 0.932705 0.000010 0.004135 0.000010 0.000010
0.007016 0.000010 0.000010 0.000010 0.847729 0.000010 0.078486 0.066719 0.000010
0.009385 0.000010 0.045734 0.004041 0.784819 0.000010 0.155981 0.000010 0.000010
0.000010 0.000010 0.000010 0.000010 0.783299 0.000010 0.208144 0.008496 0.000010
0.000010 0.000010 0.041771 0.000010 0.811235 0.052431 0.094513 0.000010 0.000010
0.446139 0.000010 0.000010 0.302657 0.011425 0.000010 0.000010 0.239728 0.000010
0.626499 0.024745 0.057535 0.171022 0.000010 0.043318 0.000010 0.035361 0.041501
0.472695 0.061307 0.000010 0.194664 0.023869 0.000010 0.161100 0.065838 0.020507
0.595207 0.000010 0.000010 0.059634 0.047691 0.000010 0.022298 0.065076 0.210064
0.596883 0.000010 0.000010 0.046048 0.015050 0.000010 0.000010 0.249585 0.092394
0.832839 0.008567 0.000011 0.000010 0.000010 0.007354 0.125166 0.000010 0.026033
0.336795 0.060542 0.000010 0.244687 0.136394 0.033006 0.000010 0.188546 0.000010
0.522580 0.007719 0.000010 0.106824 0.138549 0.000010 0.039111 0.142789 0.042408
0.746165 0.004441 0.000010 0.042321 0.000010 0.008189 0.117688 0.079996 0.001180
0.611708 0.000010 0.000010 0.224195 0.026786 0.000010 0.040876 0.096395 0.000010
0.636562 0.096398 0.003308 0.000010 0.000010 0.034253 0.000010 0.229439 0.000010
0.541897 0.000010 0.002350 0.000010 0.009639 0.162327 0.000010 0.228429 0.055327
0.685986 0.000010 0.000010 0.075165 0.000010 0.045341 0.000010 0.189440 0.004028
0.517298 0.026472 0.055667 0.131475 0.052305 0.000010 0.085335 0.131428 0.000010
0.518113 0.000010 0.000010 0.000010 0.015094 0.062096 0.021810 0.320113 0.062744
0.619781 0.057237 0.117918 0.000010 0.000010 0.066205 0.000010 0.102248 0.036582
0.691859 0.119534 0.000010 0.043457 0.000010 0.000010 0.044158 0.073743 0.027219
0.565249 0.000010 0.000010 0.000010 0.038223 0.000010 0.000010 0.284076 0.112402
0.513511 0.000010 0.039222 0.024342 0.000010 0.082967 0.000010 0.339918 0.000010
0.526749 0.000010 0.088848 0.057629 0.000010 0.105251 0.070828 0.150665 0.000010
0.313484 0.026702 0.105356 0.184264 0.049729 0.000010 0.014169 0.092456 0.213831
0.538267 0.089263 0.017313 0.117312 0.000010 0.000010 0.000010 0.170837 0.066978
0.276989 0.111587 0.000010 0.120640 0.000010 0.099063 0.055171 0.314348 0.022183
0.392998 0.016562 0.276409 0.000010 0.000010 0.164126 0.000010 0.028510 0.121366
0.460636 0.104128 0.004655 0.028724 0.028463 0.002778 0.000466 0.151698 0.218452
0.614845 0.016949 0.000010 0.000010 0.000010 0.031667 0.000010 0.334946 0.001552
0.383560 0.000010 0.000010 0.005242 0.020360 0.116608 0.000010 0.257936 0.216264
0.384055 0.000010 0.105350 0.100816 0.037046 0.000010 0.000010 0.207315 0.165388
0.563587 0.000010 0.011888 0.000010 0.000010 0.130756 0.000010 0.192546 0.101183
0.396774 0.000010 0.000010 0.024093 0.000010 0.064421 0.014748 0.336052 0.163882
0.346088 0.000010 0.000010 0.216347 0.000010 0.033769 0.027842 0.375914 0.000010
0.438499 0.000010 0.000010 0.150801 0.220265 0.094341 0.000010 0.071546 0.024517
0.702796 0.001126 0.000010 0.061984 0.000010 0.018742 0.011013 0.172532 0.031786
0.716410 0.000010 0.000010 0.024481 0.000010 0.000010 0.000010 0.259049 0.000010
0.492270 0.000010 0.000010 0.183214 0.029194 0.054528 0.000010 0.240754 0.000010
0.000010 0.836806 0.163124 0.000010 0.000010 0.000010 0.000010 0.000010 0.000010
0.000010 0.699892 0.000010 0.076655 0.011264 0.004508 0.073996 0.133656 0.000010
0.000010 0.792946 0.133505 0.000010 0.000010 0.000010 0.050930 0.022569 0.000010
0.000010 0.905084 0.094846 0.000010 0.000010 0.000010 0.000010 0.000010 0.000010
0.000010 0.000010 0.449350 0.022732 0.001315 0.000010 0.282525 0.244038 0.000010
0.000010 0.050623 0.638723 0.110244 0.000010 0.103310 0.097059 0.000010 0.000010
0.000010 0.012984 0.455151 0.083025 0.030193 0.036256 0.346444 0.018203 0.017734
0.000010 0.000010 0.544999 0.000010 0.001889 0.000010 0.453052 0.000010 0.000010
0.150450 0.000010 0.182092 0.000010 0.000243 0.000010 0.402962 0.258975 0.005247
0.000010 0.020514 0.248747 0.000010 0.000010 0.000010 0.343031 0.136073 0.251596
0.000010 0.114998 0.423926 0.000010 0.129225 0.008362 0.323448 0.000010 0.000010
0.000010 0.000010 0.334562 0.000010 0.019093 0.000010 0.470724 0.175571 0.000010
0.000010 0.000010 0.286810 0.000010 0.025138 0.000010 0.546193 0.141809 0.000010
0.000010 0.142487 0.461208 0.000010 0.036082 0.001847 0.313279 0.031520 0.013557
0.399041 0.000010 0.104290 0.159924 0.000010 0.000010 0.000010 0.310868 0.025837
0.504488 0.162507 0.000010 0.029907 0.000010 0.000010 0.078954 0.222422 0.001692
0.339325 0.000010 0.107203 0.029644 0.045043 0.154308 0.009914 0.293017 0.021537
0.155757 0.000010 0.000010 0.138261 0.140517 0.097232 0.017033 0.451170 0.000010
0.660169 0.000010 0.000010 0.000010 0.000010 0.000010 0.000010 0.303322 0.036449
0.520391 0.000010 0.000010 0.000010 0.135841 0.069307 0.000010 0.274411 0.000010
0.410563 0.000010 0.053686 0.126243 0.000010 0.000010 0.000010 0.179846 0.229621
0.524118 0.000010 0.189611 0.000010 0.000010 0.107642 0.000010 0.178579 0.000010
0.481911 0.033363 0.007417 0.000010 0.000010 0.000010 0.000010 0.294281 0.182987
0.534751 0.000010 0.000010 0.197764 0.000010 0.000010 0.070925 0.128374 0.068146
0.571798 0.086527 0.000013 0.000010 0.008864 0.000010 0.000010 0.323541 0.009228
0.663989 0.000010 0.025267 0.015805 0.000010 0.000010 0.068630 0.226268 0.000010
0.519748 0.000010 0.000010 0.195079 0.000010 0.000010 0.000010 0.278712 0.006411
0.706561 0.070697 0.000010 0.057877 0.000010 0.016503 0.000010 0.148323 0.000010
0.420917 0.026118 0.032670 0.197567 0.000010 0.000010 0.000010 0.185944 0.136755
0.499648 0.055152 0.057107 0.078212 0.000010 0.021103 0.022613 0.023397 0.242757
0.364117 0.000010 0.000010 0.119410 0.219996 0.029535 0.000010 0.242667 0.024245
0.449738 0.059638 0.000010 0.042400 0.000010 0.045937 0.009674 0.367438 0.025155
0.539267 0.000010 0.000010 0.185077 0.000010 0.041876 0.066519 0.167221 0.000010
0.531635 0.144515 0.000010 0.007065 0.000010 0.000010 0.000010 0.198258 0.118487
0.442184 0.004305 0.000010 0.000010 0.000010 0.000010 0.110817 0.239192 0.203462
0.000010 0.127894 0.680377 0.053976 0.000010 0.000010 0.137703 0.000010 0.000010
0.000010 0.000010 0.852629 0.000010 0.000010 0.000010 0.020400 0.102376 0.024545
0.000010 0.000010 0.668520 0.000010 0.069723 0.000010 0.224465 0.037242 0.000010
0.000010 0.000010 0.759203 0.000010 0.000010 0.006180 0.234557 0.000010 0.000010
0.000010 0.112095 0.631206 0.000010 0.000010 0.000010 0.221686 0.000010 0.034963
0.000010 0.000010 0.657019 0.029260 0.000010 0.000010 0.215370 0.068648 0.029664
0.000010 0.000010 0.664385 0.000010 0.000010 0.023596 0.311959 0.000010 0.000010
0.045997 0.038802 0.650745 0.000010 0.000010 0.000010 0.238698 0.025719 0.000010
0.000010 0.067658 0.644151 0.021624 0.000010 0.000010 0.266518 0.000010 0.000010
0.000010 0.000010 0.792525 0.000010 0.037512 0.048949 0.120964 0.000010 0.000010
0.024696 0.068008 0.693604 0.000010 0.000010 0.025702 0.187951 0.000010 0.000010
0.007262 0.000010 0.567888 0.000010 0.020736 0.000010 0.341469 0.062606 0.000010
0.000010 0.041995 0.723276 0.018477 0.019214 0.029289 0.167717 0.000013 0.000010
0.000010 0.087165 0.582410 0.000010 0.000010 0.021666 0.259262 0.049457 0.000010
0.000010 0.040428 0.594886 0.000010 0.091117 0.000010 0.273519 0.000010 0.000010
0.000010 0.131562 0.526130 0.040815 0.000010 0.000010 0.301443 0.000010 0.000010
0.020867 0.000010 0.691380 0.103347 0.000010 0.000010 0.184355 0.000010 0.000010
0.000010 0.017529 0.617581 0.000010 0.000010 0.000010 0.364829 0.000010 0.000010
0.000011 0.044546 0.638909 0.000010 0.000010 0.000010 0.316483 0.000010 0.000010
0.000010 0.060183 0.601222 0.000010 0.000010 0.053270 0.285275 0.000010 0.000010
0.000010 0.003611 0.727628 0.000010 0.000010 0.009334 0.259377 0.000010 0.000010
0.000010 0.046009 0.344987 0.000010 0.219822 0.000010 0.340832 0.000010 0.048310
0.000010 0.069519 0.591844 0.000010 0.000010 0.044839 0.280623 0.000010 0.013135
0.000010 0.082893 0.650152 0.000010 0.000010 0.000010 0.266895 0.000010 0.000010
0.000010 0.000010 0.714146 0.000010 0.018843 0.000010 0.266951 0.000010 0.000010
0.000010 0.050128 0.625532 0.000010 0.000010 0.000010 0.220983 0.103307 0.000010
0.025791 0.000010 0.609298 0.016023 0.000010 0.000010 0.308455 0.040394 0.000010
0.000010 0.000010 0.719214 0.000010 0.054576 0.000010 0.134722 0.091438 0.000010
0.085289 0.000010 0.557893 0.002298 0.000010 0.000010 0.354470 0.000010 0.000010
0.021939 0.045652 0.553957 0.000010 0.000010 0.000010 0.240420 0.131798 0.006204
0.000010 0.000010 0.573783 0.014948 0.044784 0.000010 0.339406 0.000010 0.027039
0.000010 0.000010 0.627456 0.000010 0.101639 0.000010 0.270845 0.000010 0.000010
0.000010 0.000010 0.673004 0.000010 0.000010 0.000010 0.326926 0.000010 0.000010
0.000010 0.000010 0.515059 0.000010 0.000010 0.000010 0.484871 0.000010 0.000010
0.000010 0.066099 0.850289 0.000010 0.000010 0.019963 0.063599 0.000010 0.000010
0.000010 0.002462 0.675300 0.000010 0.137135 0.000010 0.185053 0.000010 0.000010
0.000010 0.011948 0.606109 0.000010 0.000010 0.000010 0.381882 0.000010 0.000010
0.000010 0.000010 0.612737 0.000010 0.028462 0.024329 0.334422 0.000010 0.000010
0.000010 0.000010 0.532918 0.000010 0.000010 0.000010 0.379175 0.000010 0.087847
0.000010 0.000010 0.074800 0.000010 0.710637 0.000010 0.214503 0.000010 0.000010
0.000010 0.000010 0.000010 0.000010 0.896960 0.000010 0.102970 0.000010 0.000010
0.000010 0.260417 0.569095 0.000010 0.000010 0.000010 0.170428 0.000010 0.000010
0.000010 0.098427 0.401894 0.054610 0.074883 0.000010 0.337473 0.000010 0.032683
0.344632 0.048679 0.000010 0.361323 0.106511 0.009887 0.000010 0.128938 0.000010
0.208873 0.022074 0.000010 0.374463 0.080455 0.003298 0.014962 0.276972 0.018893
0.263891 0.000010 0.000010 0.641769 0.094281 0.000010 0.000010 0.000010 0.000010
0.153908 0.068370 0.000010 0.340298 0.022190 0.014700 0.000010 0.297557 0.102958
0.230999 0.021620 0.000010 0.509817 0.074989 0.000010 0.000010 0.146608 0.015936
0.347247 0.000010 0.026432 0.365674 0.000010 0.000010 0.000010 0.224529 0.036078
0.414193 0.083984 0.000010 0.277618 0.144197 0.000010 0.000010 0.079968 0.000010
0.117469 0.024804 0.000010 0.623429 0.000010 0.000010 0.053567 0.180691 0.000010
0.196498 0.109963 0.000010 0.535227 0.139323 0.000010 0.000010 0.015866 0.003093
0.298504 0.019093 0.026497 0.230894 0.000010 0.000010 0.029747 0.395236 0.000010
0.530755 0.000010 0.000010 0.259892 0.000010 0.000010 0.027653 0.181650 0.000010
0.292335 0.153832 0.000010 0.297678 0.000010 0.000010 0.000010 0.195530 0.060585
0.256604 0.000010 0.000010 0.573477 0.000010 0.022998 0.000010 0.146871 0.000010
0.000010 0.000010 0.651662 0.000010 0.000010 0.000010 0.348268 0.000010 0.000010
0.000010 0.141454 0.436893 0.000010 0.016408 0.001296 0.403910 0.000010 0.000010
0.000010 0.033294 0.555844 0.004405 0.059417 0.000010 0.347000 0.000010 0.000010
0.000010 0.000010 0.514994 0.000010 0.068916 0.000010 0.294356 0.121684 0.000010
0.010705 0.000010 0.614167 0.000010 0.000010 0.042560 0.299674 0.000010 0.032854
0.000010 0.000010 0.693509 0.000010 0.000010 0.014653 0.275755 0.000010 0.016033
0.000010 0.000010 0.793072 0.000010 0.000010 0.017379 0.189489 0.000010 0.000010
0.028247 0.000010 0.646104 0.000010 0.000010 0.000010 0.254075 0.008977 0.062556
0.000010 0.087480 0.574192 0.000010 0.062214 0.000010 0.235110 0.009905 0.031069
0.050036 0.000010 0.742571 0.000010 0.016253 0.000010 0.191090 0.000010 0.000010
0.000010 0.116050 0.663502 0.000010 0.000010 0.000010 0.220388 0.000010 0.000010
0.000010 0.000010 0.690249 0.000010 0.000010 0.000010 0.309681 0.000010 0.000010
