0.407487 0.152702 0.000010 0.153435 0.000010 0.000010 0.000010 0.286326 0.000010
0.240842 0.100131 0.110708 0.092427 0.000010 0.000010 0.129750 0.326112 0.000010
0.240864 0.000010 0.000010 0.143347 0.118468 0.000010 0.024280 0.473002 0.000010
0.367518 0.000010 0.079570 0.065467 0.000010 0.000011 0.000010 0.487393 0.000010
0.431523 0.061436 0.000010 0.000011 0.000010 0.000010 0.000010 0.452198 0.054792
0.278272 0.000010 0.000010 0.000010 0.107191 0.000010 0.082783 0.403884 0.127830
0.503518 0.000010 0.000010 0.000010 0.000010 0.000010 0.064958 0.431464 0.000010
0.298227 0.000010 0.000010 0.113839 0.000010 0.000010 0.123079 0.464806 0.000010
0.229265 0.017720 0.012667 0.000010 0.000011 0.000010 0.144059 0.524294 0.071964
0.575085 0.000010 0.000010 0.000010 0.000010 0.000010 0.000010 0.424845 0.000010
0.230398 0.031357 0.060828 0.076555 0.000010 0.000010 0.062961 0.537872 0.000010
0.243909 0.000010 0.021963 0.000010 0.000011 0.087685 0.149094 0.497309 0.000010
0.576179 0.000010 0.034460 0.032909 0.034485 0.041081 0.000010 0.280857 0.000010
0.402044 0.030035 0.000010 0.045667 0.000010 0.000010 0.258659 0.263555 0.000010
0.414489 0.000010 0.000010 0.000010 0.032922 0.000010 0.053922 0.418527 0.080099
0.346460 0.000010 0.000010 0.124661 0.000010 0.038127 0.000010 0.490702 0.000010
0.210319 0.017602 0.000010 0.079168 0.000010 0.000010 0.029160 0.663711 0.000010
0.221912 0.078396 0.000010 0.136200 0.065071 0.000010 0.000010 0.498382 0.000010
0.178699 0.000010 0.000010 0.000010 0.044719 0.000010 0.269762 0.506770 0.000010
0.379804 0.000010 0.056698 0.000010 0.000010 0.002980 0.115143 0.445335 0.000010
0.317932 0.000010 0.000010 0.087332 0.000010 0.000010 0.131343 0.463343 0.000010
0.243875 0.000010 0.130228 0.000010 0.000010 0.067863 0.004502 0.553491 0.000010
0.478583 0.048525 0.000010 0.030110 0.000010 0.000010 0.000010 0.441744 0.000997
0.465216 0.000010 0.000010 0.000010 0.000010 0.013682 0.000010 0.521042 0.000010
0.314581 0.000010 0.000010 0.000010 0.019142 0.000010 0.255539 0.410688 0.000010
0.319917 0.000010 0.000010 0.000010 0.000010 0.000010 0.155847 0.463121 0.061066
0.316166 0.141318 0.000010 0.094646 0.000010 0.000010 0.009835 0.437994 0.000010
0.156718 0.000010 0.016009 0.327472 0.055930 0.122620 0.016577 0.250738 0.053925
0.538286 0.077294 0.000010 0.000010 0.000010 0.000010 0.099967 0.284404 0.000010
0.316524 0.000010 0.000010 0.134468 0.000010 0.074945 0.126905 0.325124 0.022004
0.305274 0.000010 0.036728 0.189067 0.000010 0.000010 0.000010 0.406163 0.062728
0.302476 0.000010 0.000010 0.004556 0.000010 0.011794 0.187011 0.494123 0.000010
0.579631 0.000010 0.085776 0.000013 0.000010 0.000010 0.062943 0.271596 0.000010
0.411857 0.000010 0.206867 0.047968 0.000010 0.021710 0.000010 0.311558 0.000010
0.099975 0.000233 0.045837 0.000010 0.000010 0.000010 0.274202 0.545715 0.034008
0.327155 0.075599 0.103875 0.019910 0.000010 0.000010 0.127118 0.291575 0.054748
0.256626 0.030848 0.032008 0.055678 0.000010 0.000010 0.000010 0.624799 0.000010
0.441613 0.000010 0.083428 0.002273 0.000010 0.118231 0.115384 0.239041 0.000010
0.301022 0.000010 0.097773 0.000010 0.000010 0.000010 0.004269 0.596886 0.000010
0.378147 0.000010 0.000010 0.138951 0.000010 0.000010 0.064754 0.341753 0.076355
0.422010 0.046227 0.000010 0.000010 0.096603 0.000010 0.219697 0.215421 0.000010
0.133509 0.163986 0.000010 0.131666 0.017913 0.000010 0.127962 0.424935 0.000010
0.229070 0.054639 0.000010 0.258592 0.009073 0.080218 0.005799 0.318789 0.043810
0.272504 0.076537 0.000010 0.000010 0.001770 0.000010 0.140018 0.509131 0.000010
0.170543 0.024548 0.062163 0.038080 0.000010 0.001818 0.234034 0.359913 0.108891
0.272371 0.035120 0.000010 0.058934 0.000010 0.005831 0.110873 0.504128 0.012723
0.609928 0.113833 0.000010 0.044955 0.005612 0.000010 0.030341 0.195301 0.000010
0.330662 0.041140 0.000010 0.043807 0.000010 0.000010 0.138379 0.256277 0.189705
0.296677 0.059044 0.422078 0.045005 0.000010 0.000010 0.177156 0.000010 0.000010
0.102732 0.110858 0.579715 0.068325 0.000010 0.000010 0.098850 0.000010 0.039489
0.247532 0.000010 0.281989 0.042798 0.085097 0.000010 0.096280 0.246274 0.000010
0.000010 0.108927 0.295664 0.000010 0.000010 0.000010 0.145876 0.433907 0.015586
0.107790 0.000010 0.139532 0.112843 0.000010 0.023555 0.286652 0.262047 0.067562
0.130067 0.048236 0.158100 0.073405 0.052632 0.010338 0.128719 0.398493 0.000010
0.000010 0.146654 0.431717 0.000010 0.000010 0.070962 0.241580 0.109047 0.000010
0.346482 0.217880 0.226795 0.052225 0.000010 0.069875 0.016281 0.070442 0.000010
0.220086 0.050949 0.310522 0.188254 0.047747 0.000010 0.017590 0.164832 0.000010
0.126746 0.000010 0.301459 0.000010 0.120644 0.000010 0.099571 0.316460 0.035091
0.240186 0.096547 0.349337 0.040969 0.000010 0.000010 0.111295 0.161636 0.000010
0.353486 0.046028 0.307602 0.081008 0.000010 0.000010 0.128435 0.083411 0.000010
0.129112 0.042302 0.174897 0.371197 0.008608 0.000010 0.025846 0.248017 0.000010
0.030009 0.117241 0.438434 0.000010 0.000010 0.065361 0.185659 0.163266 0.000010
0.049467 0.000010 0.335884 0.019511 0.000010 0.000010 0.163887 0.431212 0.000010
0.118073 0.219111 0.218995 0.000010 0.000586 0.016100 0.105501 0.310188 0.011436
0.308798 0.000019 0.332757 0.000010 0.000011 0.000010 0.073677 0.284708 0.000010
0.168048 0.004766 0.431830 0.038632 0.000010 0.043749 0.193798 0.119158 0.000010
0.053583 0.054508 0.517286 0.048150 0.097406 0.000010 0.177197 0.051850 0.000010
0.112646 0.000010 0.262399 0.104217 0.099527 0.000010 0.142070 0.279111 0.000010
0.000010 0.091125 0.444155 0.143012 0.000010 0.049958 0.013346 0.258374 0.000010
0.228594 0.000010 0.189012 0.102125 0.000020 0.000010 0.153446 0.326774 0.000010
0.167287 0.125895 0.000010 0.000010 0.000010 0.072498 0.000010 0.201523 0.432758
0.327131 0.046875 0.000010 0.000010 0.000010 0.000010 0.078465 0.547479 0.000010
0.387028 0.000591 0.000010 0.000010 0.000010 0.000010 0.148212 0.429038 0.035091
0.280818 0.115592 0.000010 0.000010 0.000010 0.066194 0.022045 0.515311 0.000010
0.442788 0.000010 0.000014 0.000010 0.000010 0.000010 0.099646 0.451025 0.006487
0.496982 0.004097 0.135867 0.008272 0.000010 0.000010 0.000010 0.311624 0.043128
0.411001 0.000010 0.000010 0.042650 0.000010 0.000010 0.122098 0.424201 0.000010
0.368057 0.012546 0.073059 0.000010 0.000010 0.000011 0.000010 0.546287 0.000010
0.223588 0.026564 0.137009 0.190957 0.000010 0.000010 0.021824 0.400028 0.000010
0.390742 0.000010 0.000010 0.043598 0.042447 0.000010 0.054015 0.469159 0.000010
0.212387 0.000010 0.000010 0.116148 0.027995 0.000010 0.132206 0.511224 0.000010
0.041143 0.001688 0.072967 0.099398 0.000010 0.136133 0.100705 0.547947 0.000010
0.480315 0.000010 0.000010 0.000011 0.000010 0.000010 0.042508 0.395118 0.082009
0.236046 0.000010 0.035484 0.020989 0.000010 0.000010 0.138315 0.492148 0.076988
0.296087 0.000010 0.037168 0.078059 0.000010 0.166266 0.000010 0.422380 0.000010
0.045888 0.000010 0.080593 0.116702 0.000010 0.000010 0.226279 0.507693 0.022815
0.354439 0.068464 0.000010 0.013440 0.115450 0.093107 0.025377 0.021590 0.308121
0.413926 0.089527 0.009665 0.000010 0.000010 0.000010 0.000010 0.452689 0.034153
0.322757 0.000010 0.000010 0.000010 0.000010 0.012834 0.125243 0.485091 0.054035
0.437372 0.000010 0.161983 0.000010 0.000010 0.000601 0.013878 0.277232 0.108904
0.214551 0.000010 0.000010 0.139405 0.151100 0.000010 0.000010 0.494894 0.000010
0.142583 0.120309 0.000010 0.000010 0.021288 0.018582 0.142211 0.431838 0.123169
0.205067 0.269559 0.000010 0.000010 0.000010 0.000010 0.031603 0.493721 0.000010
0.178786 0.000010 0.035768 0.013769 0.073420 0.029554 0.000010 0.668673 0.000010
0.266846 0.000012 0.000010 0.015858 0.106811 0.000010 0.070309 0.506561 0.033583
0.312921 0.221856 0.000010 0.000010 0.000010 0.000010 0.000010 0.465164 0.000010
0.236108 0.145528 0.032031 0.071877 0.000010 0.000010 0.045420 0.460688 0.008328
0.321881 0.000010 0.060364 0.000010 0.026514 0.020897 0.165480 0.404834 0.000010
0.238659 0.112942 0.000010 0.187111 0.059176 0.073668 0.044970 0.283453 0.000010
0.155008 0.138869 0.011484 0.091873 0.054667 0.000010 0.118504 0.429575 0.000010
0.185444 0.000010 0.014475 0.000010 0.062793 0.023686 0.025546 0.537662 0.150373
0.203711 0.050858 0.117738 0.000010 0.000010 0.000010 0.075596 0.426130 0.125937
0.167059 0.000010 0.159475 0.064863 0.135093 0.000010 0.000010 0.473470 0.000010
0.148127 0.000010 0.000010 0.078978 0.000010 0.000010 0.203460 0.528297 0.041098
0.225074 0.019419 0.000010 0.000010 0.016620 0.043926 0.313135 0.381795 0.000010
0.214452 0.127778 0.066791 0.128531 0.000010 0.000010 0.140195 0.322223 0.000010
0.249624 0.000010 0.000010 0.035161 0.000010 0.034125 0.088509 0.592540 0.000010
0.122908 0.000010 0.019620 0.121692 0.092381 0.018530 0.131753 0.493096 0.000010
0.000016 0.000010 0.000010 0.121729 0.000011 0.016975 0.188616 0.672623 0.000010
0.331796 0.126900 0.114269 0.000010 0.000010 0.000010 0.000010 0.426985 0.000010
0.234904 0.000010 0.000011 0.071133 0.000010 0.060591 0.109432 0.352386 0.171523
0.144140 0.010383 0.058806 0.000010 0.061790 0.067903 0.093933 0.477109 0.085928
0.019024 0.000010 0.000015 0.097129 0.000010 0.017345 0.341777 0.524680 0.000010
0.174867 0.000010 0.000010 0.057100 0.067617 0.000010 0.097091 0.493500 0.109796
0.057186 0.121917 0.009980 0.077826 0.150118 0.000010 0.205798 0.377155 0.000010
0.219435 0.019341 0.123526 0.006349 0.000010 0.000010 0.059160 0.398990 0.173179
0.305967 0.003430 0.035417 0.000010 0.094907 0.000010 0.182002 0.378247 0.000010
0.252131 0.205589 0.000650 0.143535 0.139791 0.000010 0.000010 0.258275 0.000010
0.317026 0.017503 0.047917 0.000010 0.005230 0.000010 0.107424 0.504870 0.000010
0.528479 0.000010 0.000010 0.012457 0.000011 0.000010 0.101914 0.357098 0.000010
0.349653 0.054516 0.124386 0.080834 0.000010 0.027270 0.008505 0.354816 0.000010
0.430579 0.021492 0.000010 0.000010 0.040308 0.000010 0.190461 0.317120 0.000010
0.127181 0.017381 0.053748 0.005351 0.097823 0.000010 0.164922 0.530455 0.003129
0.523787 0.058681 0.000010 0.000010 0.000010 0.022172 0.084609 0.310710 0.000010
0.098608 0.065441 0.000016 0.153576 0.141289 0.000010 0.209361 0.190222 0.141478
0.221272 0.065484 0.084792 0.034779 0.000010 0.000010 0.068045 0.441279 0.084330
0.369680 0.105962 0.000010 0.000010 0.000010 0.000010 0.031238 0.493070 0.000010
0.000010 0.049158 0.000010 0.281929 0.005287 0.000010 0.258568 0.405018 0.000010
0.337480 0.000010 0.000010 0.005476 0.000010 0.000010 0.174641 0.482353 0.000010
0.305280 0.021611 0.000010 0.026954 0.000010 0.000010 0.063239 0.499117 0.083767
0.272830 0.110541 0.000010 0.000010 0.000010 0.005917 0.153975 0.361642 0.095066
0.185942 0.068652 0.000010 0.076709 0.000010 0.000010 0.121440 0.547217 0.000010
0.180951 0.000010 0.099451 0.319166 0.055327 0.017857 0.051586 0.275642 0.000010
0.163281 0.067572 0.000010 0.211050 0.000010 0.000010 0.069808 0.488248 0.000010
0.398113 0.002375 0.112870 0.000010 0.000010 0.000010 0.042376 0.444226 0.000010
0.057067 0.048785 0.000010 0.164370 0.000010 0.000010 0.205121 0.524617 0.000010
0.451509 0.069509 0.008668 0.000010 0.000010 0.000010 0.093050 0.377224 0.000010
0.183361 0.067479 0.000010 0.154187 0.001167 0.000010 0.008473 0.585302 0.000010
0.390846 0.078146 0.068760 0.067782 0.000010 0.000010 0.137866 0.256571 0.000010
0.190928 0.074498 0.057888 0.038969 0.000010 0.000010 0.156730 0.480957 0.000010
0.576159 0.117396 0.064153 0.044800 0.000716 0.026948 0.000010 0.154574 0.015244
0.136962 0.000010 0.065269 0.104371 0.062501 0.089871 0.126223 0.377613 0.037180
0.000010 0.000010 0.050849 0.123794 0.000010 0.092876 0.198687 0.533754 0.000010
0.290469 0.094883 0.062348 0.000450 0.157649 0.000010 0.182839 0.211342 0.000010
0.191544 0.000010 0.109132 0.000010 0.000010 0.000010 0.190503 0.508771 0.000010
0.172840 0.000010 0.252861 0.090174 0.000010 0.000010 0.097391 0.386694 0.000010
0.035318 0.000010 0.179116 0.476876 0.000010 0.000010 0.078884 0.229765 0.000010
0.126403 0.105925 0.000018 0.067469 0.000838 0.000010 0.208160 0.491166 0.000010
0.497860 0.000010 0.280181 0.000010 0.077355 0.000010 0.009448 0.135116 0.000010
0.340502 0.000010 0.120317 0.000010 0.038032 0.000010 0.119603 0.381506 0.000010
0.279639 0.000010 0.096115 0.207049 0.066390 0.000010 0.045862 0.304916 0.000010
0.000016 0.011735 0.007207 0.091228 0.000010 0.024429 0.180861 0.649433 0.035080
0.309851 0.000016 0.229700 0.097914 0.000010 0.000010 0.060348 0.272222 0.029930
0.000010 0.107508 0.152540 0.143033 0.000010 0.000010 0.106886 0.489993 0.000010
0.303633 0.032008 0.264262 0.000010 0.140462 0.000010 0.029751 0.229854 0.000010
0.224513 0.000010 0.109494 0.000010 0.000010 0.000010 0.061600 0.604343 0.000010
0.175173 0.000010 0.183571 0.166636 0.000010 0.056969 0.101517 0.316104 0.000010
0.358469 0.000010 0.205427 0.011267 0.204512 0.000010 0.048203 0.172092 0.000010
0.195207 0.000010 0.086469 0.000020 0.000010 0.000010 0.181092 0.537172 0.000010
0.175413 0.029709 0.206172 0.006809 0.000010 0.000010 0.105610 0.476257 0.000010
0.388672 0.000010 0.000010 0.000010 0.025645 0.000010 0.236077 0.349555 0.000010
0.002762 0.000013 0.052443 0.067876 0.000010 0.027667 0.258811 0.590408 0.000010
0.012176 0.000010 0.078339 0.030503 0.152698 0.000010 0.180304 0.545950 0.000010
0.237312 0.148662 0.000010 0.073624 0.006706 0.000010 0.069434 0.380639 0.083603
0.000010 0.000014 0.000010 0.000010 0.130753 0.000010 0.251906 0.617278 0.000010
0.202768 0.000010 0.080448 0.000010 0.037462 0.000010 0.260828 0.383975 0.034488
0.188238 0.000010 0.176950 0.128076 0.000010 0.022902 0.026340 0.457464 0.000010
0.282737 0.063874 0.000010 0.054936 0.000010 0.000010 0.120237 0.478176 0.000010
0.000010 0.000010 0.073272 0.108105 0.000010 0.000010 0.295993 0.522580 0.000010
0.271056 0.029347 0.041089 0.043293 0.076548 0.000010 0.159003 0.311838 0.067816
0.296808 0.052679 0.295262 0.000010 0.042455 0.000010 0.044342 0.238596 0.029838
0.152960 0.000010 0.077758 0.072699 0.000010 0.000010 0.161286 0.516213 0.019053
0.156095 0.018992 0.016576 0.000012 0.035394 0.025630 0.434563 0.312728 0.000010
0.119009 0.087195 0.149526 0.079553 0.055293 0.000010 0.013850 0.495554 0.000010
0.091673 0.000010 0.014670 0.197310 0.000010 0.000010 0.206171 0.490135 0.000010
0.000010 0.051545 0.145852 0.319132 0.065180 0.000010 0.080481 0.337780 0.000010
0.052146 0.000010 0.102464 0.163845 0.000012 0.000010 0.158246 0.492378 0.030889
0.070161 0.053253 0.109881 0.090725 0.000010 0.011530 0.201799 0.395574 0.067069
0.248764 0.062665 0.000010 0.050405 0.000010 0.000010 0.179121 0.354456 0.104560
0.000010 0.010074 0.323896 0.111961 0.068217 0.000010 0.000010 0.485812 0.000010
0.289637 0.000011 0.221334 0.000013 0.000010 0.053809 0.000010 0.415771 0.019404
0.057270 0.042837 0.036079 0.154037 0.018099 0.000010 0.100498 0.591160 0.000010
0.000010 0.000010 0.139365 0.117656 0.000010 0.053851 0.185527 0.503561 0.000010
0.234673 0.000010 0.155332 0.071090 0.000010 0.000010 0.191898 0.346967 0.000010
0.077315 0.086898 0.079140 0.068414 0.000010 0.000010 0.177826 0.510376 0.000010
0.320032 0.001516 0.088316 0.075118 0.000010 0.000010 0.096022 0.418965 0.000010
0.000010 0.012156 0.000010 0.073108 0.041750 0.000010 0.305583 0.567363 0.000010
0.000010 0.089256 0.000010 0.000010 0.040205 0.519850 0.000010 0.000010 0.350639
0.000010 0.000010 0.000010 0.000010 0.000010 0.294072 0.000010 0.000010 0.705858
0.000010 0.040861 0.000010 0.000010 0.019209 0.357246 0.000010 0.014842 0.567802
0.000010 0.000010 0.000010 0.000010 0.000010 0.362286 0.000010 0.000010 0.637644
0.000010 0.000010 0.000010 0.034437 0.000010 0.348674 0.000010 0.013135 0.603704
0.001525 0.000010 0.000010 0.000010 0.000010 0.363867 0.000010 0.000010 0.634547
0.000010 0.000010 0.000010 0.000010 0.110866 0.460258 0.000010 0.000010 0.428815
0.000010 0.022508 0.000010 0.000010 0.000010 0.282719 0.000010 0.000010 0.694713
0.000010 0.053682 0.000010 0.000010 0.000010 0.375952 0.000010 0.000010 0.570305
0.000010 0.007688 0.000010 0.000010 0.098304 0.348372 0.000010 0.000010 0.545586
0.055252 0.042879 0.000010 0.015295 0.000010 0.268139 0.000010 0.000010 0.618395
0.000010 0.000010 0.000010 0.029047 0.000010 0.243897 0.000010 0.000010 0.726996
0.000010 0.133122 0.021024 0.000010 0.005889 0.484699 0.000010 0.000010 0.355227
0.023392 0.034781 0.000010 0.000010 0.000010 0.276535 0.000010 0.000010 0.665242
0.000010 0.000010 0.000010 0.000010 0.000010 0.352961 0.000010 0.016934 0.630045
0.000010 0.000010 0.000010 0.000010 0.019235 0.318487 0.000010 0.000010 0.662218
0.000010 0.000010 0.000010 0.000010 0.025469 0.414872 0.000010 0.000010 0.559598
0.072981 0.031386 0.000010 0.000010 0.000010 0.423119 0.000010 0.000010 0.472464
0.042919 0.000010 0.000010 0.000010 0.000010 0.369522 0.000010 0.030223 0.557286
0.000010 0.000010 0.000010 0.000118 0.009381 0.334196 0.000010 0.051508 0.604757
0.000010 0.073898 0.000010 0.000010 0.000010 0.465953 0.000010 0.000010 0.460089
0.024903 0.051124 0.000011 0.025520 0.000010 0.340356 0.000010 0.028448 0.529618
0.024415 0.034058 0.000010 0.000010 0.000010 0.410046 0.000010 0.000010 0.531431
0.000010 0.018572 0.000010 0.000010 0.000010 0.404770 0.000010 0.000010 0.576598
0.000010 0.032574 0.021395 0.000010 0.000010 0.368680 0.000010 0.020813 0.556498
0.085907 0.033141 0.000010 0.000010 0.052767 0.487875 0.009178 0.022400 0.308712
0.051142 0.089123 0.000010 0.000010 0.044146 0.443630 0.000010 0.000010 0.371918
0.000010 0.000010 0.000010 0.000010 0.000010 0.426221 0.095444 0.000010 0.478275
0.000010 0.000010 0.000010 0.000010 0.914113 0.035788 0.050039 0.000010 0.000010
0.366298 0.000010 0.000010 0.423833 0.000010 0.000010 0.000011 0.209808 0.000010
0.532104 0.000010 0.000010 0.314250 0.000010 0.016792 0.000010 0.136803 0.000010
0.389617 0.052985 0.012190 0.235017 0.000010 0.041728 0.043183 0.225259 0.000010
0.440306 0.000010 0.040114 0.157986 0.000010 0.022306 0.000010 0.339248 0.000010
0.365785 0.000010 0.000010 0.498929 0.000010 0.021241 0.029923 0.082636 0.001456
0.317184 0.000010 0.000010 0.246740 0.074135 0.000010 0.000010 0.361891 0.000010
0.194672 0.000010 0.000010 0.613498 0.000010 0.026658 0.000010 0.165122 0.000010
0.379503 0.082509 0.060003 0.259541 0.133812 0.019308 0.000010 0.065305 0.000010
0.471679 0.000010 0.000010 0.328424 0.023648 0.035398 0.000010 0.140810 0.000010
0.469631 0.000010 0.000010 0.236979 0.000010 0.000010 0.154318 0.139022 0.000010
0.087768 0.000010 0.000010 0.526240 0.185966 0.000010 0.000010 0.199976 0.000010
0.349686 0.000010 0.000015 0.298643 0.000010 0.000010 0.108297 0.243319 0.000010
0.418433 0.063586 0.000010 0.338771 0.039992 0.000010 0.000572 0.138616 0.000010
0.311838 0.020169 0.000010 0.326780 0.049722 0.000010 0.049644 0.241816 0.000010
0.219046 0.051678 0.000010 0.499180 0.000010 0.000010 0.010547 0.219508 0.000010
0.613556 0.015400 0.088708 0.053306 0.000010 0.000010 0.000010 0.228991 0.000010
0.199451 0.000010 0.052399 0.493299 0.043495 0.000010 0.000010 0.211317 0.000010
0.444821 0.019167 0.000010 0.457029 0.030801 0.048142 0.000010 0.000010 0.000010
0.444806 0.000010 0.000010 0.314473 0.024963 0.000010 0.000010 0.215708 0.000010
0.296690 0.000010 0.086146 0.326289 0.000010 0.000010 0.000010 0.290825 0.000010
0.568294 0.000010 0.000010 0.308921 0.072325 0.000010 0.000010 0.050410 0.000010
0.406779 0.000010 0.000010 0.356011 0.000010 0.000010 0.000010 0.237150 0.000010
0.345259 0.000010 0.000010 0.287623 0.000010 0.000010 0.000010 0.367059 0.000010
0.385287 0.000010 0.079632 0.249444 0.000010 0.000012 0.000010 0.285585 0.000010
0.298599 0.000010 0.000010 0.389819 0.021505 0.000010 0.000010 0.290026 0.000010
0.532975 0.000010 0.002275 0.125365 0.011491 0.000010 0.145063 0.182801 0.000010
0.497888 0.000010 0.039902 0.350658 0.000010 0.000010 0.028158 0.083355 0.000010
0.389267 0.000010 0.036084 0.489572 0.000010 0.018520 0.000010 0.066518 0.000010
0.000010 0.000010 0.000010 0.000010 0.979067 0.000010 0.000010 0.020863 0.000010
0.009410 0.000010 0.000010 0.032966 0.957565 0.000010 0.000010 0.000010 0.000010
0.000010 0.000010 0.000010 0.000010 0.999920 0.000010 0.000010 0.000010 0.000010
0.000010 0.000010 0.000010 0.000010 0.999920 0.000010 0.000010 0.000010 0.000010
0.000010 0.000010 0.110352 0.000010 0.829507 0.000010 0.060080 0.000011 0.000010
0.014230 0.000010 0.000010 0.000010 0.927609 0.000010 0.008693 0.000010 0.049418
0.000010 0.000010 0.000010 0.030687 0.969243 0.000010 0.000010 0.000010 0.000010
0.000010 0.000010 0.000010 0.000010 0.950114 0.000010 0.000010 0.049816 0.000010
0.000010 0.000010 0.000010 0.000010 0.986139 0.000010 0.013791 0.000010 0.000010
0.000010 0.000010 0.000010 0.000010 0.991481 0.008449 0.000010 0.000010 0.000010
0.000010 0.000010 0.000010 0.000010 0.999920 0.000010 0.000010 0.000010 0.000010
0.000010 0.000010 0.000010 0.000010 0.917153 0.000010 0.082777 0.000010 0.000010
0.000010 0.000010 0.000010 0.064458 0.935472 0.000010 0.000010 0.000010 0.000010
0.000010 0.000010 0.000010 0.000010 0.999920 0.000010 0.000010 0.000010 0.000010
0.000010 0.000010 0.000010 0.000010 0.892502 0.000010 0.058791 0.048647 0.000010
0.000010 0.000010 0.000010 0.000010 0.986620 0.000010 0.013310 0.000010 0.000010
0.000010 0.009275 0.000010 0.000010 0.944885 0.000010 0.043905 0.000010 0.001886
0.564924 0.000010 0.014865 0.000010 0.000010 0.022656 0.017403 0.290814 0.089308
0.799730 0.000010 0.000010 0.024675 0.051970 0.000010 0.000010 0.098844 0.024741
0.500797 0.000010 0.000010 0.181031 0.000010 0.000010 0.000010 0.256097 0.062026
0.612028 0.000010 0.000010 0.082630 0.000010 0.000010 0.072311 0.232981 0.000010
0.563645 0.000010 0.045961 0.109141 0.100912 0.005814 0.022137 0.152369 0.000010
0.471135 0.000010 0.000010 0.009573 0.008610 0.000010 0.025774 0.392284 0.092594
0.583677 0.000010 0.000010 0.076208 0.000010 0.032803 0.024629 0.266373 0.016281
0.652082 0.000010 0.000010 0.000010 0.021290 0.000010 0.000010 0.326568 0.000010
0.566963 0.000010 0.000010 0.000010 0.000010 0.000010 0.105689 0.291236 0.036062
0.423492 0.000010 0.000010 0.252957 0.050340 0.000010 0.000010 0.273162 0.000010
0.610653 0.000010 0.000010 0.000010 0.000010 0.000010 0.000010 0.293096 0.096191
0.505957 0.000010 0.000010 0.000010 0.041556 0.000010 0.087888 0.364549 0.000010
0.472711 0.071846 0.000010 0.036275 0.000010 0.105427 0.000010 0.278669 0.035042
0.474285 0.075954 0.000010 0.073275 0.137755 0.000010 0.000010 0.238692 0.000010
0.611957 0.045303 0.000010 0.000010 0.000010 0.000010 0.000010 0.227456 0.115234
0.644560 0.078059 0.056911 0.057545 0.000010 0.005883 0.000010 0.157013 0.000010
0.606590 0.167158 0.012520 0.000010 0.028388 0.018017 0.000010 0.167296 0.000010
0.282919 0.000010 0.083695 0.354476 0.000010 0.054331 0.012158 0.212391 0.000010
0.634208 0.000010 0.000010 0.044762 0.000010 0.000010 0.000010 0.320970 0.000010
0.098559 0.000010 0.000010 0.107658 0.000010 0.000010 0.104621 0.454700 0.234423
0.552477 0.000010 0.000010 0.062398 0.201315 0.000010 0.000010 0.107044 0.076726
0.408104 0.000010 0.000010 0.039487 0.000011 0.000010 0.179790 0.372568 0.000010
0.536433 0.000010 0.000010 0.031912 0.038063 0.000010 0.000010 0.393542 0.000010
0.549036 0.043230 0.000010 0.084128 0.043065 0.000010 0.025030 0.219222 0.036270
0.421585 0.000010 0.000010 0.177237 0.000010 0.000010 0.000010 0.401117 0.000010
0.466411 0.010239 0.132280 0.000010 0.073223 0.000010 0.000010 0.317806 0.000010
0.614285 0.000010 0.000010 0.036454 0.000010 0.000010 0.000010 0.312708 0.036502
0.492326 0.000010 0.049515 0.243051 0.000010 0.000010 0.011974 0.203094 0.000010
0.454908 0.004019 0.006727 0.000010 0.000010 0.000010 0.000010 0.371269 0.163038
0.573675 0.000010 0.000010 0.090307 0.075321 0.029735 0.000010 0.230922 0.000010
0.629446 0.000010 0.054709 0.000010 0.073075 0.000010 0.000013 0.242718 0.000010
0.641790 0.000010 0.015583 0.000010 0.000010 0.000010 0.000010 0.342567 0.000010
0.539634 0.002591 0.000010 0.073736 0.000010 0.000010 0.173473 0.210526 0.000010
0.654717 0.023989 0.000010 0.000010 0.000010 0.000010 0.000010 0.321235 0.000010
0.486186 0.000010 0.050291 0.134512 0.142559 0.000010 0.000010 0.186412 0.000010
0.712428 0.000010 0.016497 0.015232 0.000010 0.049853 0.000010 0.190879 0.015081
0.643898 0.000010 0.043842 0.046533 0.000010 0.026176 0.000010 0.239511 0.000010
0.584375 0.000010 0.000010 0.120257 0.132830 0.000010 0.000010 0.162488 0.000010
0.437473 0.000010 0.000010 0.048428 0.020697 0.000010 0.055403 0.437960 0.000010
0.415876 0.000010 0.000010 0.235557 0.000010 0.000010 0.047885 0.203764 0.096878
0.520820 0.000010 0.000010 0.100332 0.000010 0.000010 0.086857 0.291942 0.000010
0.763663 0.036813 0.000010 0.030982 0.000010 0.012539 0.030059 0.125914 0.000010
0.378110 0.039831 0.000010 0.134810 0.111267 0.010291 0.043501 0.235415 0.046765
0.390324 0.000010 0.098275 0.000012 0.000010 0.000010 0.054280 0.314641 0.142439
0.513907 0.026483 0.000010 0.031867 0.005285 0.014449 0.000010 0.312481 0.095509
0.513146 0.021130 0.154451 0.000010 0.007346 0.000010 0.000010 0.231435 0.072462
0.476439 0.000010 0.083153 0.047754 0.060958 0.059542 0.062709 0.209425 0.000010
0.365042 0.000010 0.000010 0.157487 0.000010 0.000010 0.040021 0.329377 0.108033
0.349786 0.000010 0.000010 0.205140 0.015649 0.000010 0.083684 0.345701 0.000010
0.492880 0.000010 0.000010 0.027775 0.030406 0.000010 0.000010 0.407311 0.041587
0.634767 0.024112 0.000010 0.000010 0.000010 0.000010 0.000010 0.238499 0.102572
0.566902 0.000010 0.057286 0.120967 0.000010 0.017685 0.091523 0.070731 0.074887
0.687557 0.000010 0.000010 0.072813 0.000010 0.000010 0.005513 0.234067 0.000010
0.713190 0.000010 0.000010 0.000013 0.000010 0.020612 0.000010 0.266135 0.000010
0.493740 0.000010 0.000010 0.049233 0.000010 0.026158 0.000010 0.145444 0.285384
0.159740 0.053593 0.000010 0.018777 0.000010 0.000010 0.000010 0.024661 0.743190
0.508962 0.000010 0.000010 0.228746 0.000010 0.000010 0.000010 0.224701 0.037540
0.661064 0.000010 0.000010 0.000010 0.000010 0.000010 0.000010 0.320813 0.018063
0.671318 0.000010 0.000010 0.042624 0.000010 0.045339 0.000010 0.240669 0.000010
0.626247 0.000010 0.014791 0.170556 0.000010 0.000010 0.000010 0.188356 0.000010
0.553581 0.021077 0.042719 0.164253 0.000010 0.000010 0.048486 0.161099 0.008764
0.599736 0.000010 0.077661 0.000010 0.000010 0.000010 0.007655 0.178557 0.136351
0.681588 0.064512 0.000010 0.000010 0.018799 0.000010 0.014764 0.091494 0.128813
0.420414 0.000010 0.000010 0.000010 0.138623 0.000010 0.054779 0.266587 0.119557
0.755227 0.000010 0.000010 0.036909 0.000010 0.000010 0.000010 0.207804 0.000010
0.560599 0.000010 0.143937 0.000010 0.000010 0.000010 0.008106 0.284456 0.002862
0.489807 0.000011 0.000010 0.023644 0.079624 0.000010 0.107265 0.070178 0.229451
0.635414 0.143830 0.000010 0.000010 0.000010 0.000010 0.000010 0.184670 0.036036
0.531362 0.000010 0.044359 0.185790 0.000010 0.000010 0.000010 0.228450 0.009998
0.606139 0.000010 0.000010 0.052639 0.000010 0.000010 0.088319 0.252854 0.000010
0.645319 0.059644 0.000010 0.000010 0.000010 0.000010 0.051562 0.183116 0.060319
0.388979 0.000010 0.000010 0.232042 0.000010 0.000010 0.068129 0.269480 0.041329
0.706737 0.000010 0.005861 0.058405 0.000010 0.012812 0.000010 0.216145 0.000010
0.522663 0.000010 0.000010 0.000010 0.000010 0.125339 0.000010 0.226542 0.125406
0.568643 0.000010 0.000010 0.000010 0.000010 0.000010 0.058223 0.313855 0.059228
0.810390 0.136209 0.000010 0.000010 0.042727 0.000010 0.000010 0.010623 0.000010
0.645709 0.000010 0.000010 0.000010 0.000010 0.000010 0.014997 0.106865 0.232379
0.448372 0.000010 0.000010 0.000010 0.014694 0.029335 0.000010 0.507549 0.000010
0.733482 0.000010 0.043509 0.000010 0.000010 0.000010 0.000010 0.222949 0.000010
0.658436 0.000010 0.000010 0.097368 0.000012 0.122784 0.000010 0.061356 0.060013
0.506283 0.053645 0.155626 0.000010 0.000010 0.070318 0.000010 0.214087 0.000010
0.741299 0.000010 0.000010 0.211215 0.000010 0.000010 0.008018 0.039417 0.000010
0.648298 0.013042 0.040054 0.000010 0.000010 0.003510 0.074012 0.221055 0.000010
0.695343 0.015672 0.000010 0.000010 0.003085 0.041712 0.034411 0.209747 0.000010
0.631814 0.000010 0.069643 0.000010 0.008681 0.126564 0.000010 0.163258 0.000010
0.591860 0.026727 0.000010 0.000010 0.000010 0.000010 0.114181 0.267182 0.000010
0.613370 0.000010 0.000010 0.000010 0.027766 0.000010 0.065191 0.293623 0.000010
0.000010 0.029404 0.000010 0.000010 0.849732 0.000010 0.071454 0.000010 0.049360
0.000010 0.067945 0.000010 0.000010 0.856909 0.000010 0.075086 0.000010 0.000010
0.000010 0.000010 0.000010 0.000010 0.918378 0.000010 0.081552 0.000010 0.000010
0.000010 0.048743 0.000010 0.000010 0.672326 0.000010 0.269647 0.009234 0.000010
0.000010 0.000010 0.000010 0.000010 0.954187 0.000010 0.045743 0.000010 0.000010
0.000010 0.000010 0.090953 0.000010 0.710069 0.000010 0.198918 0.000010 0.000010
0.039308 0.000010 0.000010 0.000010 0.864226 0.000010 0.096405 0.000010 0.000010
0.439703 0.000010 0.000010 0.320398 0.000010 0.000010 0.012684 0.227166 0.000010
0.480496 0.035466 0.000010 0.333661 0.017097 0.009035 0.061581 0.062645 0.000010
0.577283 0.128802 0.018179 0.220320 0.000010 0.000010 0.030264 0.025122 0.000010
0.416694 0.019051 0.040354 0.359459 0.022306 0.000010 0.034146 0.090882 0.017099
0.371257 0.000010 0.000010 0.500331 0.000010 0.000010 0.060765 0.000010 0.067597
0.570640 0.005169 0.000010 0.274282 0.000010 0.000010 0.006133 0.143736 0.000010
0.453990 0.000010 0.094920 0.181110 0.000010 0.004845 0.049569 0.215535 0.000010
0.566958 0.000010 0.000847 0.203822 0.032236 0.000010 0.196088 0.000019 0.000010
0.746181 0.000010 0.060956 0.111067 0.000010 0.008378 0.000010 0.001557 0.071831
0.519518 0.000010 0.059906 0.214179 0.000010 0.000010 0.025843 0.180515 0.000010
0.561581 0.000010 0.058547 0.043305 0.000010 0.040336 0.000010 0.166387 0.129815
0.529130 0.000010 0.000010 0.044346 0.000010 0.014747 0.090446 0.321290 0.000010
0.572801 0.010511 0.000010 0.000010 0.000010 0.054333 0.000010 0.174023 0.188292
0.655682 0.000010 0.000010 0.000010 0.000010 0.000010 0.027421 0.255124 0.061722
0.412468 0.000010 0.000010 0.032811 0.000010 0.000010 0.032799 0.482551 0.039331
0.581313 0.000010 0.074032 0.079015 0.000010 0.000010 0.000010 0.265589 0.000010
0.483413 0.101230 0.124002 0.000010 0.039178 0.037663 0.013914 0.186230 0.014362
0.415076 0.000010 0.035245 0.010257 0.130140 0.065388 0.050342 0.216306 0.077236
0.631717 0.043596 0.004956 0.000010 0.000010 0.000010 0.042435 0.239762 0.037505
0.566547 0.000010 0.016160 0.000010 0.007803 0.085328 0.000010 0.254417 0.069715
0.548779 0.000010 0.033306 0.000169 0.046612 0.000010 0.000010 0.352560 0.018543
0.318444 0.005802 0.005317 0.049870 0.063511 0.096393 0.021884 0.399155 0.039624
0.474952 0.000010 0.171911 0.000010 0.000010 0.016570 0.060760 0.186586 0.089191
0.804942 0.000010 0.000010 0.000010 0.000010 0.007598 0.000010 0.185947 0.001464
0.470373 0.000010 0.049861 0.071280 0.000010 0.088813 0.000010 0.319633 0.000010
0.449102 0.000010 0.000010 0.219199 0.000010 0.076296 0.000010 0.158253 0.097109
0.648990 0.000010 0.072362 0.005016 0.000010 0.000010 0.000010 0.265778 0.007813
0.476302 0.000010 0.000010 0.000010 0.000010 0.000010 0.102114 0.212810 0.208725
0.543009 0.062535 0.000010 0.000010 0.045669 0.022175 0.103592 0.115650 0.107349
0.639223 0.080450 0.025040 0.000010 0.000010 0.048875 0.000010 0.110080 0.096303
0.504501 0.075145 0.000010 0.004090 0.038645 0.097392 0.081517 0.123932 0.074769
0.105717 0.000010 0.000010 0.000010 0.000010 0.060156 0.000010 0.440781 0.393296
0.251669 0.000010 0.003302 0.117028 0.045748 0.077885 0.000010 0.504338 0.000010
0.367455 0.000010 0.000010 0.112782 0.000010 0.000010 0.066766 0.311083 0.141874
0.602639 0.000010 0.000010 0.206189 0.000010 0.032589 0.000010 0.158533 0.000010
0.000010 0.836852 0.027009 0.020885 0.033368 0.000010 0.081846 0.000010 0.000010
0.113348 0.630309 0.000010 0.074426 0.000010 0.009477 0.008335 0.000010 0.164075
0.000010 0.953647 0.000010 0.000010 0.000010 0.000010 0.000010 0.019056 0.027236
0.000010 0.916838 0.043631 0.000010 0.000010 0.000010 0.000010 0.000010 0.039471
0.213069 0.032032 0.246593 0.015561 0.035792 0.026933 0.393617 0.036393 0.000010
0.085857 0.000010 0.559721 0.000010 0.062579 0.000010 0.291793 0.000010 0.000010
0.022285 0.043374 0.498059 0.000010 0.000010 0.000010 0.436231 0.000010 0.000010
0.000010 0.056599 0.420410 0.000010 0.059275 0.000010 0.463665 0.000010 0.000010
0.024789 0.068652 0.413599 0.062097 0.000010 0.000010 0.392375 0.000010 0.038458
0.000010 0.000010 0.544748 0.000010 0.044248 0.000010 0.331807 0.005433 0.073725
0.000010 0.055695 0.565881 0.000010 0.063177 0.000010 0.315197 0.000010 0.000010
0.000010 0.064799 0.428669 0.000010 0.027906 0.023975 0.389601 0.065021 0.000010
0.031521 0.000010 0.518453 0.009941 0.000010 0.066471 0.340412 0.000010 0.033172
0.063477 0.000010 0.634875 0.000010 0.000010 0.000010 0.301588 0.000010 0.000010
0.456944 0.000010 0.051102 0.121281 0.015812 0.015576 0.003882 0.332352 0.003041
0.596542 0.000010 0.000010 0.000010 0.000010 0.000010 0.123136 0.037487 0.242785
0.534056 0.029850 0.000010 0.023210 0.000010 0.000010 0.000010 0.354242 0.058603
0.257490 0.000010 0.221888 0.172751 0.037945 0.016060 0.062889 0.147408 0.083558
0.582698 0.000010 0.000010 0.000010 0.022160 0.093630 0.000010 0.301462 0.000010
0.520411 0.000010 0.000696 0.000010 0.000010 0.096592 0.000010 0.382252 0.000010
0.354407 0.011996 0.032568 0.168414 0.011678 0.058462 0.081913 0.065667 0.214895
0.552701 0.131170 0.000010 0.011512 0.000012 0.000010 0.000010 0.161144 0.143431
0.578272 0.046739 0.000010 0.000010 0.000010 0.039768 0.000010 0.206371 0.128810
0.505198 0.000010 0.025604 0.158148 0.000010 0.055463 0.000010 0.188652 0.066904
0.513085 0.000010 0.000010 0.065046 0.000010 0.050189 0.083920 0.287719 0.000010
0.332665 0.000010 0.051943 0.281339 0.000010 0.022414 0.047295 0.264315 0.000010
0.498123 0.000010 0.044983 0.154465 0.000010 0.000010 0.021382 0.281008 0.000010
0.616466 0.105365 0.000010 0.000868 0.000010 0.000010 0.000010 0.234696 0.042566
0.575051 0.000010 0.000010 0.000010 0.000010 0.032490 0.000010 0.234618 0.157791
0.631695 0.017949 0.000010 0.000010 0.000010 0.000010 0.090205 0.206332 0.053779
0.523657 0.000010 0.000010 0.000010 0.000010 0.041692 0.130406 0.092474 0.211732
0.742072 0.008073 0.021723 0.032462 0.000010 0.000010 0.046534 0.149106 0.000010
0.427324 0.001557 0.055283 0.000010 0.000296 0.000010 0.179007 0.106644 0.229869
0.570871 0.000010 0.000010 0.094179 0.000010 0.000010 0.000010 0.175305 0.159595
0.602341 0.000010 0.053908 0.000010 0.000010 0.000012 0.000010 0.225584 0.118115
0.046613 0.000010 0.706688 0.000015 0.000010 0.007751 0.168884 0.013671 0.056359
0.000010 0.049801 0.731356 0.000010 0.000010 0.000010 0.218783 0.000010 0.000010
0.000010 0.030890 0.564684 0.000010 0.000010 0.000010 0.386432 0.011814 0.006140
0.000010 0.021807 0.641100 0.044716 0.000010 0.000010 0.271896 0.020441 0.000010
0.000010 0.000010 0.549449 0.022485 0.030913 0.000010 0.397104 0.000010 0.000010
0.004661 0.292387 0.362358 0.000010 0.058397 0.000010 0.282157 0.000010 0.000010
0.000010 0.119884 0.496509 0.000010 0.064954 0.000010 0.205279 0.092568 0.020777
0.000010 0.000010 0.788718 0.000010 0.000010 0.008881 0.202342 0.000010 0.000010
0.000015 0.039145 0.623486 0.000010 0.030989 0.014165 0.292171 0.000010 0.000010
0.000014 0.124336 0.582877 0.099589 0.000010 0.000010 0.133505 0.059648 0.000010
0.000010 0.000010 0.638342 0.000010 0.000010 0.000010 0.361588 0.000010 0.000010
0.000010 0.000010 0.707034 0.000010 0.027727 0.000010 0.265178 0.000010 0.000010
0.000010 0.106822 0.612184 0.031633 0.000010 0.000010 0.249311 0.000010 0.000010
0.005599 0.099400 0.614933 0.000010 0.000010 0.000010 0.280018 0.000010 0.000010
0.000010 0.000010 0.568337 0.132818 0.000018 0.000010 0.292799 0.000010 0.005989
0.000010 0.000010 0.583555 0.015922 0.000010 0.000010 0.333569 0.066904 0.000010
0.000010 0.000010 0.757459 0.000010 0.000010 0.000010 0.242471 0.000010 0.000010
0.090395 0.000010 0.564048 0.090626 0.000010 0.000010 0.234268 0.020623 0.000010
0.026584 0.103175 0.644060 0.000010 0.000010 0.000010 0.211787 0.014354 0.000010
0.000010 0.000010 0.613903 0.000010 0.086972 0.017630 0.281445 0.000010 0.000010
0.000010 0.000010 0.495352 0.113402 0.054260 0.011963 0.324983 0.000010 0.000010
0.000010 0.000010 0.738237 0.000010 0.000010 0.000010 0.261693 0.000010 0.000010
0.053935 0.148749 0.608352 0.000010 0.000010 0.000010 0.188914 0.000010 0.000010
0.000010 0.139320 0.708815 0.000010 0.000010 0.000010 0.145379 0.006435 0.000010
0.009594 0.152040 0.593885 0.000010 0.000010 0.000010 0.244432 0.000010 0.000010
0.000010 0.000010 0.667442 0.000010 0.000010 0.000010 0.267093 0.065404 0.000010
0.000010 0.000010 0.450728 0.000010 0.070180 0.089605 0.389438 0.000010 0.000010
0.000010 0.030001 0.588923 0.000010 0.000010 0.000010 0.381016 0.000010 0.000010
0.000010 0.000010 0.539269 0.000010 0.005819 0.059322 0.394100 0.000010 0.001450
0.000010 0.000010 0.506141 0.000010 0.000010 0.000010 0.367375 0.126424 0.000010
0.000010 0.000010 0.614173 0.000010 0.124440 0.000010 0.261327 0.000010 0.000010
0.000010 0.000010 0.535065 0.000010 0.062484 0.000010 0.353925 0.000010 0.048477
0.053890 0.000010 0.530112 0.000010 0.075879 0.000010 0.340069 0.000010 0.000010
0.000010 0.000010 0.483860 0.000010 0.141504 0.043286 0.331300 0.000010 0.000010
0.000010 0.000010 0.613060 0.020367 0.023185 0.000010 0.343337 0.000010 0.000010
0.000010 0.018347 0.631988 0.000010 0.052471 0.000010 0.297144 0.000010 0.000010
0.030313 0.000010 0.603142 0.051999 0.052223 0.034024 0.228269 0.000010 0.000010
0.000010 0.000010 0.619224 0.093242 0.000010 0.000010 0.287474 0.000010 0.000010
0.000010 0.000010 0.499455 0.000010 0.154587 0.000010 0.345899 0.000010 0.000010
0.007122 0.098652 0.000010 0.020717 0.579222 0.000010 0.148573 0.126285 0.019409
0.000010 0.000010 0.000010 0.066365 0.893911 0.000010 0.000010 0.000010 0.039664
0.021248 0.000010 0.636215 0.000010 0.000010 0.019070 0.283136 0.022735 0.017565
0.000010 0.000010 0.667929 0.000012 0.052543 0.000010 0.279466 0.000010 0.000010
0.441847 0.000010 0.000010 0.197895 0.000010 0.035758 0.050940 0.273519 0.000010
0.374206 0.009613 0.000010 0.353479 0.000010 0.000010 0.063576 0.199085 0.000010
0.258310 0.000010 0.096772 0.313170 0.000010 0.000010 0.000010 0.267508 0.064201
0.219020 0.000010 0.000010 0.450328 0.000010 0.018290 0.010094 0.302228 0.000010
0.250623 0.026672 0.002017 0.290742 0.000011 0.000010 0.000010 0.429905 0.000010
0.366259 0.064441 0.000010 0.423815 0.000801 0.000010 0.000010 0.144644 0.000010
0.375843 0.046700 0.018429 0.341713 0.000010 0.000010 0.056805 0.154994 0.005496
0.305394 0.000010 0.000010 0.567373 0.019553 0.000010 0.000010 0.107631 0.000010
0.438764 0.020265 0.083162 0.208550 0.000010 0.000010 0.000010 0.249219 0.000010
0.229511 0.000010 0.013834 0.387563 0.074293 0.000010 0.010875 0.283895 0.000010
0.354248 0.123998 0.020875 0.337254 0.000010 0.033324 0.016764 0.104614 0.008913
0.000010 0.000010 0.107489 0.568412 0.065164 0.000010 0.000010 0.258885 0.000010
0.525587 0.000010 0.000010 0.150370 0.093059 0.000010 0.000010 0.196174 0.034770
0.000010 0.000010 0.557085 0.000010 0.060898 0.000010 0.381956 0.000010 0.000010
0.000010 0.039029 0.419549 0.000010 0.045855 0.000010 0.495517 0.000010 0.000010
0.000010 0.070893 0.572522 0.000010 0.057438 0.000010 0.299097 0.000010 0.000010
0.000010 0.000010 0.670226 0.000010 0.000010 0.000010 0.329704 0.000010 0.000010
0.000010 0.016110 0.707240 0.000010 0.099556 0.006938 0.133674 0.036452 0.000010
0.000010 0.000010 0.604212 0.000254 0.071717 0.000010 0.258768 0.000010 0.065010
0.000010 0.000010 0.700294 0.027320 0.033234 0.000010 0.209699 0.029413 0.000010
0.000010 0.000010 0.652724 0.000010 0.000010 0.018300 0.328916 0.000010 0.000010
0.005182 0.003697 0.648653 0.000010 0.084319 0.000010 0.204293 0.050593 0.003242
0.000010 0.000010 0.712170 0.000010 0.010078 0.000010 0.271627 0.000010 0.006075
0.000010 0.000010 0.728063 0.000010 0.000010 0.000010 0.271867 0.000010 0.000010
0.048711 0.016405 0.662232 0.000010 0.117145 0.000010 0.155467 0.000010 0.000010
