0.340145 0.010409 0.155705 0.118312 0.000010 0.000010 0.041595 0.333803 0.000010
0.313424 0.000010 0.014380 0.000010 0.000010 0.067398 0.034093 0.570666 0.000010
0.377409 0.000010 0.153569 0.065943 0.000010 0.000010 0.039541 0.363498 0.000010
0.131831 0.000010 0.066586 0.054439 0.000010 0.019000 0.018012 0.554074 0.156038
0.285596 0.000010 0.163094 0.000010 0.000010 0.000010 0.079446 0.471814 0.000010
0.221076 0.000010 0.000010 0.062285 0.080965 0.029354 0.115333 0.304825 0.186142
0.099873 0.000010 0.102433 0.000010 0.062718 0.064628 0.151123 0.519196 0.000010
0.486941 0.000010 0.058410 0.000010 0.000010 0.000010 0.000010 0.454588 0.000010
0.426142 0.000010 0.120825 0.000010 0.093357 0.000010 0.037184 0.271106 0.051356
0.423167 0.000010 0.053953 0.000568 0.083378 0.157499 0.000010 0.237789 0.043626
0.303115 0.000010 0.056862 0.086562 0.000010 0.000010 0.022571 0.386581 0.144280
0.198879 0.000010 0.058154 0.098338 0.000010 0.051398 0.182950 0.369961 0.040299
0.405314 0.000010 0.176038 0.135621 0.000010 0.000010 0.001609 0.281378 0.000010
0.298363 0.000010 0.000010 0.110592 0.064707 0.000010 0.081074 0.445224 0.000010
0.553032 0.000010 0.009275 0.000010 0.000010 0.000010 0.000010 0.423795 0.013848
0.283079 0.000010 0.134689 0.000010 0.171402 0.036162 0.000511 0.374127 0.000010
0.432638 0.000010 0.026668 0.000010 0.000010 0.000010 0.052410 0.488234 0.000010
0.228941 0.084110 0.054722 0.000010 0.000010 0.052890 0.188419 0.386372 0.004526
0.313749 0.000010 0.000010 0.000010 0.062110 0.000010 0.039720 0.544394 0.039987
0.094094 0.112826 0.180348 0.182578 0.000010 0.068626 0.043418 0.318090 0.000010
0.269996 0.000010 0.082856 0.000010 0.009927 0.041801 0.092615 0.098327 0.404457
0.285666 0.000010 0.172756 0.000010 0.000010 0.000010 0.115397 0.426131 0.000010
0.446987 0.000010 0.000010 0.000010 0.057169 0.000010 0.013095 0.256189 0.226520
0.387383 0.108709 0.000010 0.083266 0.134516 0.000010 0.000010 0.286086 0.000010
0.198440 0.109275 0.094317 0.033311 0.000010 0.000010 0.000010 0.488149 0.076478
0.382999 0.000010 0.080361 0.000010 0.000010 0.000010 0.000010 0.536580 0.000010
0.223873 0.101801 0.000010 0.043028 0.112251 0.000010 0.074352 0.318660 0.126015
0.411175 0.069000 0.038213 0.221882 0.000010 0.000902 0.000010 0.258799 0.000010
0.439170 0.000010 0.000010 0.047320 0.000010 0.000010 0.243046 0.209920 0.060504
0.236391 0.271388 0.000010 0.072406 0.000010 0.030213 0.000010 0.164351 0.225220
0.095934 0.027743 0.000010 0.303337 0.118822 0.074618 0.000010 0.379517 0.000010
0.512186 0.000010 0.000010 0.052564 0.000010 0.088075 0.000010 0.303462 0.043673
0.262461 0.000010 0.046948 0.119196 0.077443 0.000010 0.000010 0.493912 0.000010
0.367475 0.005886 0.040560 0.170405 0.000010 0.000010 0.199849 0.215794 0.000010
0.150674 0.000010 0.088748 0.000010 0.000010 0.022363 0.146904 0.591271 0.000010
0.254119 0.000010 0.036858 0.105105 0.000010 0.000010 0.199217 0.395903 0.008768
0.528430 0.000010 0.028490 0.025412 0.000010 0.000010 0.056605 0.361022 0.000010
0.283524 0.000010 0.000010 0.000010 0.000010 0.000010 0.016568 0.423608 0.276250
0.230879 0.089034 0.065346 0.000010 0.046605 0.000010 0.056297 0.436106 0.075713
0.557322 0.000010 0.000010 0.000010 0.067514 0.000010 0.001510 0.308172 0.065443
0.152650 0.142943 0.070844 0.116599 0.115323 0.000010 0.031195 0.370426 0.000010
0.422643 0.022237 0.078368 0.063241 0.000010 0.050117 0.073048 0.286368 0.003968
0.311943 0.076655 0.000010 0.248489 0.000010 0.016896 0.096648 0.249340 0.000010
0.310579 0.000010 0.070186 0.078182 0.000010 0.000010 0.134121 0.406891 0.000010
0.421684 0.027326 0.080957 0.000010 0.050334 0.061627 0.011486 0.294325 0.052252
0.253950 0.000010 0.000010 0.000010 0.000010 0.003765 0.244229 0.498006 0.000010
0.261587 0.000010 0.000460 0.034625 0.000010 0.082183 0.135179 0.432646 0.053299
0.356979 0.113194 0.000010 0.000010 0.000010 0.000010 0.067521 0.462256 0.000010
0.094754 0.000010 0.329285 0.143016 0.000010 0.040970 0.284921 0.107023 0.000010
0.197710 0.002412 0.483428 0.000010 0.028827 0.088848 0.000010 0.198746 0.000010
0.368702 0.000010 0.000330 0.011080 0.005330 0.000010 0.180474 0.415790 0.018275
0.001796 0.152720 0.304284 0.072072 0.000010 0.000010 0.000010 0.469088 0.000010
0.231939 0.000010 0.196622 0.075763 0.000010 0.000010 0.166395 0.329241 0.000010
0.066566 0.234965 0.355027 0.131995 0.044535 0.011788 0.000074 0.114685 0.040366
0.062702 0.069965 0.349678 0.048977 0.081433 0.015434 0.253279 0.118522 0.000010
0.336674 0.223197 0.234090 0.000010 0.000010 0.000010 0.028912 0.177087 0.000010
0.113939 0.051200 0.279879 0.066874 0.100460 0.000010 0.161782 0.225846 0.000010
0.098858 0.150840 0.141765 0.116603 0.000010 0.000010 0.092744 0.367309 0.031861
0.230371 0.012565 0.463953 0.140823 0.000010 0.005951 0.069318 0.051469 0.025540
0.037562 0.000010 0.321619 0.016854 0.000010 0.000010 0.189215 0.400824 0.033896
0.152434 0.000010 0.462271 0.082801 0.053730 0.000010 0.053099 0.195635 0.000010
0.000010 0.000010 0.586410 0.105249 0.000010 0.000010 0.073159 0.183708 0.051434
0.247377 0.000010 0.298572 0.068040 0.000010 0.028523 0.056505 0.242702 0.058262
0.163825 0.000144 0.161245 0.036006 0.000010 0.000010 0.290660 0.274348 0.073752
0.024540 0.000010 0.357187 0.057181 0.216938 0.000010 0.082630 0.261494 0.000010
0.008445 0.066847 0.275615 0.316379 0.131397 0.030371 0.039795 0.131142 0.000010
0.107628 0.000010 0.258738 0.000010 0.056430 0.000010 0.239389 0.337775 0.000010
0.155200 0.040213 0.488955 0.000010 0.000010 0.000010 0.134043 0.181549 0.000010
0.133059 0.000010 0.412613 0.057126 0.000010 0.000010 0.105903 0.291259 0.000010
0.357473 0.111437 0.110838 0.158992 0.154961 0.000010 0.019938 0.086341 0.000010
0.192827 0.003455 0.006185 0.015547 0.000010 0.105635 0.016206 0.158445 0.501691
0.281242 0.000010 0.000010 0.127364 0.042947 0.000010 0.085649 0.462758 0.000010
0.440588 0.000010 0.169149 0.000010 0.000010 0.000010 0.000010 0.303008 0.087205
0.390521 0.000010 0.112695 0.000010 0.028746 0.000010 0.000010 0.429145 0.038853
0.106917 0.050403 0.379538 0.086931 0.000010 0.000010 0.000010 0.337167 0.039013
0.259320 0.000010 0.071272 0.274649 0.047003 0.000010 0.000010 0.062915 0.284812
0.173438 0.000010 0.096960 0.145703 0.022183 0.000010 0.082458 0.479228 0.000010
0.059599 0.000010 0.005011 0.128752 0.089989 0.159409 0.000010 0.148148 0.409071
0.367142 0.063175 0.030287 0.000010 0.024015 0.000010 0.077629 0.437723 0.000010
0.267556 0.000010 0.163929 0.112543 0.040953 0.000010 0.000010 0.414979 0.000010
0.220513 0.000010 0.156958 0.223982 0.000010 0.000010 0.033148 0.315244 0.050124
0.354767 0.021815 0.116402 0.000010 0.000010 0.000010 0.000859 0.506117 0.000010
0.393682 0.127486 0.000010 0.000010 0.040466 0.033282 0.000010 0.405045 0.000010
0.342113 0.000010 0.000010 0.000010 0.000010 0.000010 0.093115 0.495947 0.068775
0.429390 0.045450 0.000010 0.000010 0.000010 0.000010 0.059699 0.465412 0.000010
0.212029 0.013144 0.150889 0.061241 0.059845 0.000010 0.089913 0.412919 0.000010
0.152462 0.000010 0.111463 0.004816 0.081137 0.000010 0.039303 0.601315 0.009484
0.288242 0.048324 0.000010 0.182537 0.000010 0.000010 0.000010 0.480847 0.000010
0.327495 0.000010 0.010207 0.000010 0.000010 0.000010 0.056064 0.345757 0.260438
0.350249 0.000010 0.076670 0.000010 0.000010 0.000010 0.063834 0.437913 0.071294
0.292090 0.000010 0.000010 0.106665 0.102117 0.000010 0.054953 0.384571 0.059574
0.236313 0.000010 0.000010 0.000010 0.000010 0.196930 0.155129 0.388045 0.023543
0.194809 0.000010 0.056564 0.093324 0.000010 0.016099 0.163669 0.475505 0.000010
0.498752 0.000010 0.190035 0.000010 0.000010 0.000010 0.000546 0.310616 0.000010
0.327030 0.000010 0.000010 0.184421 0.000010 0.072536 0.113911 0.239471 0.062601
0.153875 0.165827 0.000010 0.127976 0.050289 0.000010 0.140517 0.361488 0.000010
0.000010 0.004557 0.088867 0.245590 0.000720 0.000010 0.049427 0.482783 0.128035
0.458029 0.000010 0.016213 0.000010 0.000010 0.000010 0.056716 0.468991 0.000010
0.184112 0.090255 0.000010 0.000010 0.016049 0.005034 0.186863 0.517657 0.000010
0.347501 0.000010 0.302816 0.000010 0.000010 0.000010 0.000010 0.349623 0.000010
0.469837 0.000010 0.069282 0.000010 0.000010 0.114414 0.151689 0.038228 0.156521
0.200066 0.046902 0.000010 0.033191 0.036311 0.117686 0.091787 0.074970 0.399076
0.054775 0.106230 0.000010 0.163869 0.231974 0.173501 0.000010 0.202454 0.067178
0.378293 0.000010 0.052565 0.000010 0.000010 0.000010 0.085453 0.483639 0.000010
0.148252 0.000010 0.000010 0.000010 0.000010 0.000010 0.211687 0.640001 0.000010
0.280487 0.000010 0.000010 0.000010 0.000010 0.000010 0.148809 0.463670 0.106984
0.311004 0.000010 0.125013 0.070448 0.000010 0.000010 0.032309 0.409334 0.051862
0.139604 0.000010 0.047318 0.128322 0.000010 0.000010 0.014938 0.669778 0.000010
0.000010 0.019597 0.000010 0.000010 0.085257 0.000010 0.368368 0.526728 0.000010
0.102473 0.000010 0.000010 0.182198 0.134405 0.000010 0.086954 0.493930 0.000010
0.187233 0.000010 0.000010 0.078583 0.225282 0.000010 0.177633 0.247188 0.084051
0.379515 0.004292 0.119317 0.007214 0.037099 0.078630 0.050746 0.323176 0.000010
0.106370 0.082741 0.072748 0.107713 0.034309 0.000010 0.144518 0.366207 0.085385
0.565856 0.000010 0.000010 0.096637 0.125745 0.000010 0.073185 0.086692 0.051855
0.253143 0.057164 0.111841 0.000010 0.000010 0.000010 0.088755 0.489057 0.000010
0.243730 0.000010 0.000010 0.073643 0.135104 0.032736 0.099943 0.275739 0.139085
0.345241 0.000010 0.102971 0.000010 0.005794 0.000010 0.255266 0.285036 0.005661
0.132931 0.000806 0.000010 0.026916 0.119929 0.015119 0.215050 0.489229 0.000010
0.282376 0.097861 0.122524 0.000010 0.000010 0.000010 0.000010 0.497190 0.000010
0.229068 0.018435 0.000010 0.132941 0.339100 0.000010 0.000010 0.280416 0.000010
0.243801 0.080738 0.000010 0.097642 0.114757 0.000010 0.000010 0.463021 0.000010
0.217238 0.000010 0.003437 0.000010 0.140256 0.000010 0.162408 0.458630 0.018001
0.217023 0.006913 0.097497 0.195787 0.028457 0.000010 0.062657 0.315324 0.076332
0.071809 0.208010 0.000010 0.000010 0.039584 0.000010 0.244705 0.435852 0.000010
0.338807 0.000010 0.025864 0.000010 0.013019 0.000010 0.027407 0.593342 0.001530
0.275180 0.166403 0.054841 0.141917 0.103634 0.000010 0.042549 0.215456 0.000010
0.298213 0.000010 0.000010 0.033785 0.000010 0.000010 0.134467 0.533485 0.000010
0.301523 0.028987 0.013422 0.032199 0.000010 0.015216 0.149954 0.458678 0.000010
0.226784 0.176136 0.000010 0.183768 0.000010 0.000010 0.000010 0.413262 0.000010
0.517242 0.000010 0.046852 0.000010 0.000010 0.000010 0.063666 0.338503 0.033697
0.258892 0.000010 0.059699 0.158818 0.000010 0.000010 0.056701 0.380743 0.085117
0.142975 0.000010 0.000010 0.000010 0.000010 0.000010 0.177079 0.634670 0.045226
0.365335 0.000010 0.000010 0.000010 0.000010 0.000010 0.155893 0.478712 0.000010
0.172974 0.000010 0.122946 0.140737 0.084667 0.000010 0.000010 0.391301 0.087344
0.129323 0.000010 0.000010 0.083434 0.023589 0.000010 0.226171 0.451112 0.086342
0.260129 0.000010 0.068643 0.000010 0.049509 0.051346 0.000010 0.550207 0.020136
0.188153 0.000010 0.044588 0.337464 0.000010 0.008726 0.116250 0.304790 0.000010
0.288277 0.101670 0.000010 0.148172 0.000010 0.026820 0.058467 0.358174 0.018401
0.440144 0.000010 0.239636 0.000010 0.000010 0.076648 0.022336 0.221196 0.000010
0.190321 0.092601 0.021637 0.032862 0.076321 0.000010 0.041013 0.545224 0.000010
0.351859 0.090926 0.009316 0.067549 0.091196 0.000010 0.000010 0.235934 0.153199
0.501460 0.061614 0.011120 0.079627 0.000010 0.000010 0.000010 0.346139 0.000010
0.640230 0.000010 0.000010 0.000010 0.000010 0.002844 0.000010 0.356866 0.000010
0.206861 0.055820 0.085537 0.062427 0.176664 0.016624 0.039794 0.356264 0.000010
0.058938 0.000010 0.257446 0.000010 0.000010 0.000010 0.073948 0.609617 0.000010
0.161212 0.000010 0.159021 0.098042 0.000010 0.000010 0.167213 0.414472 0.000010
0.247843 0.000010 0.094238 0.265332 0.000010 0.000010 0.012271 0.380277 0.000010
0.179917 0.000010 0.158267 0.023577 0.000010 0.000010 0.074273 0.563925 0.000010
0.171473 0.051216 0.061745 0.107178 0.054351 0.000010 0.060986 0.493031 0.000010
0.003396 0.000010 0.012349 0.249355 0.069468 0.000010 0.161979 0.503424 0.000010
0.237049 0.029161 0.158928 0.000010 0.000010 0.000010 0.132755 0.442067 0.000010
0.215756 0.000010 0.203814 0.283070 0.000010 0.003027 0.000010 0.294294 0.000010
0.218611 0.000010 0.142942 0.018130 0.031212 0.000010 0.142066 0.447009 0.000010
0.069135 0.000010 0.000010 0.227084 0.000010 0.000010 0.086103 0.617628 0.000010
0.000010 0.000010 0.064339 0.235281 0.000010 0.000010 0.145135 0.555195 0.000010
0.071718 0.000010 0.000010 0.226207 0.000010 0.000956 0.095169 0.591831 0.014089
0.211031 0.000010 0.269060 0.098402 0.000010 0.000010 0.183700 0.237767 0.000010
0.058950 0.000010 0.240448 0.060967 0.000010 0.000010 0.132101 0.507495 0.000010
0.162762 0.000010 0.201847 0.000010 0.000010 0.000010 0.086199 0.549143 0.000010
0.276996 0.000010 0.068370 0.013890 0.151996 0.000010 0.022542 0.466176 0.000010
0.334166 0.000010 0.202757 0.110714 0.039765 0.000010 0.000010 0.312558 0.000010
0.160897 0.000010 0.037103 0.220428 0.000010 0.000010 0.158054 0.423477 0.000010
0.225467 0.000010 0.198689 0.142690 0.005447 0.000010 0.029936 0.252623 0.145129
0.218965 0.110602 0.000010 0.233433 0.000010 0.012244 0.143931 0.280795 0.000010
0.432380 0.000010 0.127617 0.000010 0.000010 0.000010 0.098122 0.341831 0.000010
0.194556 0.000010 0.238670 0.091846 0.058280 0.030058 0.165145 0.221424 0.000010
0.425383 0.000010 0.080587 0.111272 0.000010 0.000010 0.015454 0.328307 0.038967
0.374257 0.000010 0.157506 0.068310 0.005074 0.000010 0.000010 0.394814 0.000010
0.338781 0.000010 0.024351 0.135480 0.063955 0.000010 0.041325 0.396078 0.000010
0.137170 0.105311 0.141424 0.118496 0.059678 0.000010 0.000010 0.437891 0.000010
0.360096 0.026668 0.185789 0.000010 0.063256 0.058722 0.096670 0.202410 0.006380
0.241701 0.094351 0.000010 0.214751 0.000010 0.000010 0.196668 0.252489 0.000010
0.248968 0.012883 0.000010 0.053794 0.000010 0.000010 0.241620 0.442695 0.000010
0.335724 0.000010 0.208394 0.000010 0.000010 0.000010 0.025405 0.412041 0.018396
0.141322 0.068184 0.272317 0.000010 0.000010 0.000010 0.148619 0.369518 0.000010
0.379520 0.000010 0.117760 0.000010 0.000010 0.000010 0.000010 0.502659 0.000010
0.314649 0.019467 0.144335 0.000010 0.000010 0.000010 0.274083 0.247426 0.000010
0.078498 0.082144 0.023528 0.144259 0.000010 0.000010 0.219986 0.406942 0.044623
0.197468 0.037157 0.310850 0.025401 0.131113 0.000010 0.000010 0.297981 0.000010
0.057579 0.113661 0.224409 0.062528 0.102727 0.053932 0.059485 0.325668 0.000010
0.344280 0.045449 0.183534 0.008343 0.000010 0.001030 0.000010 0.417333 0.000010
0.028316 0.000010 0.000010 0.268404 0.163986 0.000010 0.237218 0.302037 0.000010
0.225682 0.016651 0.000010 0.137427 0.000010 0.000010 0.132203 0.470970 0.017037
0.302026 0.000010 0.083755 0.000010 0.000010 0.000010 0.128432 0.453053 0.032694
0.134255 0.000010 0.075870 0.000010 0.102947 0.000010 0.165391 0.521497 0.000010
0.244257 0.051859 0.087420 0.193111 0.000010 0.000010 0.133660 0.289662 0.000010
0.456059 0.000010 0.220015 0.000010 0.000010 0.000010 0.004959 0.318918 0.000010
0.005428 0.000010 0.000010 0.000010 0.046707 0.423409 0.000010 0.046464 0.477952
0.000010 0.049650 0.006257 0.000010 0.060358 0.378093 0.000010 0.000010 0.505601
0.005279 0.000010 0.003126 0.000010 0.040225 0.380667 0.000010 0.049587 0.521086
0.000010 0.000010 0.000010 0.039424 0.012108 0.477255 0.000010 0.000010 0.471163
0.000010 0.000010 0.000010 0.000010 0.013936 0.255753 0.000010 0.000010 0.730250
0.000010 0.036541 0.000010 0.000010 0.000010 0.371245 0.000010 0.050840 0.541325
0.024660 0.000010 0.000010 0.000010 0.044863 0.211579 0.000010 0.000010 0.718848
0.000010 0.000010 0.007220 0.000010 0.000010 0.332262 0.000010 0.061181 0.599287
0.000010 0.000010 0.063551 0.000010 0.004356 0.207980 0.000010 0.000010 0.724062
0.000010 0.000010 0.000010 0.000010 0.000010 0.422800 0.000010 0.032897 0.544243
0.000010 0.000010 0.000010 0.000010 0.023926 0.381351 0.019111 0.000010 0.575562
0.000010 0.000010 0.000010 0.008227 0.000010 0.243745 0.000010 0.000010 0.747969
0.033088 0.000010 0.000010 0.000010 0.059853 0.521454 0.010403 0.000010 0.375162
0.000010 0.004478 0.000010 0.000010 0.073500 0.574239 0.000010 0.000010 0.347733
0.000010 0.000010 0.000010 0.050640 0.039798 0.459625 0.009084 0.000010 0.440813
0.002676 0.000405 0.000010 0.000010 0.000010 0.483637 0.000010 0.000010 0.513232
0.000010 0.000010 0.000010 0.000010 0.057990 0.262115 0.000010 0.007140 0.672706
0.000010 0.000010 0.027476 0.000010 0.000010 0.481619 0.000010 0.000010 0.490844
0.000010 0.006546 0.000010 0.001397 0.088761 0.175767 0.000010 0.007798 0.719701
0.000010 0.000010 0.000010 0.000010 0.000010 0.441386 0.000010 0.000010 0.558544
0.000010 0.000010 0.000010 0.000010 0.000010 0.209085 0.002043 0.039942 0.748880
0.000010 0.000010 0.000010 0.000010 0.000010 0.338751 0.000010 0.000010 0.661179
0.000010 0.001514 0.000010 0.000010 0.130953 0.351238 0.000010 0.109213 0.407042
0.000010 0.059800 0.000010 0.000010 0.024574 0.537208 0.000010 0.019263 0.359116
0.000010 0.000010 0.096974 0.000010 0.000010 0.152027 0.000010 0.000010 0.750940
0.000010 0.000010 0.004775 0.000010 0.080504 0.369865 0.000010 0.006615 0.538201
0.000010 0.000010 0.057499 0.000010 0.000010 0.507683 0.000010 0.002749 0.432018
0.000010 0.000010 0.000010 0.021773 0.000010 0.384534 0.000010 0.000010 0.593634
0.000010 0.000010 0.000010 0.035063 0.808169 0.000010 0.156707 0.000010 0.000010
0.511195 0.083705 0.000010 0.179777 0.000010 0.000010 0.034616 0.190668 0.000010
0.328256 0.055959 0.020327 0.267565 0.000010 0.000010 0.074343 0.253521 0.000010
0.188192 0.033479 0.102911 0.321122 0.000010 0.048102 0.046015 0.241634 0.018535
0.369366 0.064620 0.000010 0.140936 0.000010 0.075198 0.108944 0.240905 0.000010
0.196667 0.000010 0.048044 0.431955 0.000010 0.000010 0.072151 0.221223 0.029929
0.382600 0.000010 0.072273 0.333238 0.000010 0.045886 0.000010 0.165963 0.000010
0.412350 0.000010 0.029446 0.132357 0.000010 0.000010 0.055705 0.370102 0.000010
0.221664 0.063044 0.000010 0.342349 0.118781 0.000010 0.034165 0.200456 0.019521
0.375174 0.000010 0.019320 0.272132 0.214941 0.004023 0.000010 0.114381 0.000010
0.229428 0.000010 0.000010 0.378147 0.128454 0.000010 0.074669 0.171786 0.017485
0.172119 0.044739 0.053446 0.358362 0.000010 0.000010 0.000010 0.267054 0.104250
0.259254 0.000010 0.284709 0.324156 0.000010 0.000010 0.019861 0.097024 0.014966
0.387647 0.099776 0.000010 0.296665 0.000010 0.000010 0.000010 0.215862 0.000010
0.294688 0.088837 0.000010 0.148281 0.052791 0.000010 0.000010 0.331660 0.083713
0.445169 0.000010 0.000010 0.421428 0.000010 0.000010 0.000010 0.094184 0.039168
0.366056 0.000010 0.094459 0.132592 0.000010 0.000010 0.000010 0.406844 0.000010
0.281840 0.092369 0.063181 0.179735 0.306401 0.000010 0.076443 0.000010 0.000010
0.463307 0.003195 0.000010 0.295476 0.000010 0.000010 0.000010 0.237972 0.000010
0.548293 0.000010 0.011913 0.086073 0.040854 0.000010 0.000010 0.312828 0.000010
0.387100 0.000010 0.034702 0.390845 0.084294 0.000010 0.023181 0.079848 0.000010
0.309246 0.000010 0.000010 0.246587 0.000010 0.000010 0.000010 0.433559 0.010558
0.109683 0.001361 0.196398 0.285454 0.000010 0.000010 0.000010 0.407064 0.000010
0.472762 0.080254 0.000010 0.343152 0.000010 0.000010 0.000010 0.074116 0.029677
0.363286 0.000010 0.135498 0.397760 0.000010 0.000010 0.000010 0.103406 0.000010
0.279341 0.000010 0.129798 0.181280 0.035704 0.000010 0.012598 0.361249 0.000010
0.374504 0.000010 0.058467 0.321619 0.000010 0.000010 0.057351 0.187926 0.000102
0.459959 0.005112 0.000010 0.085457 0.000010 0.000010 0.072569 0.376863 0.000010
0.501386 0.000010 0.000010 0.223124 0.000010 0.000010 0.000010 0.275429 0.000010
0.000307 0.000010 0.000010 0.000010 0.934481 0.022287 0.022551 0.020333 0.000010
0.015964 0.000010 0.000010 0.000010 0.980851 0.000010 0.000010 0.003125 0.000010
0.000010 0.000010 0.000010 0.000010 0.857524 0.000010 0.025366 0.117050 0.000010
0.000010 0.000010 0.000010 0.000010 0.999920 0.000010 0.000010 0.000010 0.000010
0.065361 0.000010 0.185226 0.000010 0.695340 0.000010 0.046514 0.000010 0.007519
0.000010 0.000010 0.000010 0.000010 0.922832 0.000010 0.000010 0.077098 0.000010
0.000010 0.000010 0.000010 0.000010 0.879044 0.051714 0.029274 0.039919 0.000010
0.000010 0.000010 0.000010 0.000010 0.760572 0.000010 0.000010 0.239358 0.000010
0.000010 0.000010 0.000010 0.000010 0.920258 0.000010 0.000010 0.079672 0.000010
0.000010 0.000010 0.000010 0.000010 0.860849 0.000010 0.120062 0.019029 0.000010
0.057108 0.000010 0.000010 0.000010 0.827298 0.000010 0.053909 0.061635 0.000010
0.020959 0.000010 0.000010 0.000010 0.978971 0.000010 0.000010 0.000010 0.000010
0.000013 0.000010 0.000010 0.000010 0.969336 0.000010 0.030591 0.000010 0.000010
0.000010 0.000010 0.000010 0.000010 0.970858 0.011627 0.000010 0.000010 0.017455
0.053947 0.000010 0.000010 0.000010 0.945983 0.000010 0.000010 0.000010 0.000010
0.067453 0.000010 0.000010 0.000010 0.932477 0.000010 0.000010 0.000010 0.000010
0.000010 0.000010 0.000010 0.000010 0.983982 0.000010 0.000010 0.015948 0.000010
0.349005 0.000010 0.271483 0.124744 0.024455 0.024259 0.000010 0.206023 0.000010
0.420356 0.004286 0.080151 0.110088 0.008030 0.076731 0.000010 0.300339 0.000010
0.686675 0.000010 0.000010 0.000010 0.024105 0.011855 0.000010 0.277316 0.000010
0.553968 0.000010 0.067330 0.008357 0.057788 0.020161 0.003513 0.228284 0.060587
0.567285 0.030308 0.000010 0.000010 0.127927 0.000010 0.000010 0.261710 0.012731
0.346523 0.000010 0.000010 0.243227 0.000010 0.046588 0.028096 0.265754 0.069783
0.624297 0.028407 0.009725 0.000010 0.046019 0.000010 0.069428 0.222094 0.000010
0.533848 0.014137 0.126182 0.033662 0.111570 0.000010 0.000010 0.180571 0.000010
0.605164 0.000010 0.045939 0.121068 0.000010 0.000010 0.045256 0.171366 0.011178
0.542678 0.003322 0.015858 0.046990 0.010468 0.000010 0.000010 0.380654 0.000010
0.486098 0.112176 0.016228 0.003367 0.034701 0.000010 0.023342 0.324068 0.000010
0.561473 0.000010 0.055442 0.021884 0.000010 0.000010 0.000010 0.361151 0.000010
0.607298 0.000010 0.021180 0.000010 0.041651 0.000010 0.045477 0.165201 0.119162
0.213915 0.012129 0.000010 0.433294 0.120621 0.057344 0.000010 0.162667 0.000010
0.508361 0.000010 0.000010 0.000010 0.000010 0.000010 0.000010 0.402674 0.088906
0.453954 0.148772 0.162203 0.235021 0.000010 0.000010 0.000010 0.000010 0.000010
0.613637 0.000010 0.000010 0.000010 0.000010 0.000010 0.094888 0.291415 0.000010
0.438148 0.168076 0.000010 0.078427 0.023841 0.000010 0.000010 0.291469 0.000010
0.344727 0.008898 0.091767 0.080232 0.125191 0.000010 0.015650 0.333516 0.000010
0.538247 0.182612 0.000010 0.008187 0.013630 0.108117 0.000010 0.149177 0.000010
0.495381 0.027793 0.000010 0.000010 0.000010 0.000010 0.019502 0.409843 0.047441
0.650126 0.000010 0.036495 0.000010 0.000010 0.012380 0.000010 0.222634 0.078326
0.616701 0.000010 0.227817 0.000010 0.060896 0.000010 0.000010 0.094536 0.000010
0.575187 0.000010 0.135293 0.000010 0.000010 0.000010 0.000010 0.289460 0.000010
0.628999 0.148906 0.000010 0.000010 0.000010 0.000010 0.000010 0.216444 0.005601
0.602698 0.068447 0.028126 0.032193 0.000010 0.000010 0.009898 0.258607 0.000010
0.522506 0.000010 0.177324 0.100748 0.000010 0.000010 0.000010 0.199372 0.000010
0.581992 0.020038 0.000010 0.086295 0.000010 0.040042 0.000010 0.271593 0.000010
0.600460 0.070524 0.000010 0.000010 0.125520 0.002004 0.000010 0.201453 0.000010
0.533195 0.000010 0.043159 0.024153 0.035918 0.155792 0.000010 0.207754 0.000010
0.537187 0.000010 0.000010 0.057779 0.115182 0.000010 0.000010 0.280946 0.008866
0.472473 0.000010 0.119971 0.026911 0.000010 0.000010 0.000010 0.380596 0.000010
0.464930 0.000010 0.011335 0.204493 0.000010 0.000010 0.000010 0.319192 0.000010
0.510140 0.000010 0.148650 0.000010 0.000010 0.033445 0.000011 0.307714 0.000010
0.553791 0.000010 0.082866 0.000010 0.000010 0.000010 0.000010 0.363284 0.000010
0.525000 0.000010 0.011588 0.116291 0.000010 0.002810 0.000010 0.289753 0.054529
0.463622 0.000010 0.088886 0.000010 0.000010 0.000010 0.005563 0.441878 0.000010
0.550372 0.000010 0.076483 0.000010 0.000010 0.000010 0.000010 0.373085 0.000010
0.457145 0.000010 0.009723 0.000010 0.117631 0.000010 0.000010 0.415452 0.000010
0.522377 0.000010 0.000010 0.144520 0.048422 0.007258 0.080402 0.148809 0.048192
0.621189 0.000010 0.141839 0.000010 0.000010 0.000010 0.000010 0.236912 0.000010
0.503210 0.000010 0.000010 0.121137 0.000010 0.013815 0.099992 0.218728 0.043089
0.480834 0.000010 0.065668 0.000010 0.022967 0.000010 0.000010 0.425169 0.005322
0.468929 0.163184 0.000010 0.000011 0.038978 0.000010 0.000010 0.328859 0.000010
0.652872 0.091892 0.014083 0.079128 0.000010 0.074141 0.043957 0.024318 0.019599
0.726538 0.000010 0.063258 0.000010 0.037932 0.000010 0.000010 0.172221 0.000010
0.636423 0.113083 0.000010 0.000010 0.000010 0.000010 0.000010 0.030452 0.219991
0.477151 0.000010 0.080017 0.000010 0.000010 0.010156 0.000010 0.323372 0.109265
0.577044 0.044874 0.000010 0.000010 0.000010 0.000010 0.031040 0.346991 0.000010
0.520259 0.000010 0.000010 0.000010 0.022173 0.030459 0.016243 0.410554 0.000282
0.471518 0.000010 0.000010 0.175545 0.000010 0.029456 0.000010 0.323431 0.000010
0.404453 0.000010 0.147590 0.000010 0.000010 0.000010 0.050056 0.347108 0.050753
0.509287 0.041351 0.011082 0.000010 0.000010 0.015443 0.000010 0.376121 0.046686
0.364684 0.018327 0.000010 0.307221 0.000010 0.091724 0.000010 0.000010 0.218004
0.504312 0.046861 0.000010 0.000010 0.044088 0.000010 0.052758 0.127021 0.224929
0.138076 0.000010 0.108875 0.000010 0.000010 0.000010 0.000010 0.084717 0.668281
0.365850 0.069616 0.000010 0.055080 0.062340 0.000010 0.038439 0.368826 0.039829
0.671047 0.000010 0.066593 0.000010 0.000010 0.018042 0.000010 0.158429 0.085849
0.533931 0.054048 0.049542 0.000010 0.000010 0.023827 0.000010 0.288498 0.050125
0.575699 0.099764 0.034906 0.074544 0.000010 0.000010 0.087250 0.070802 0.057015
0.517212 0.000010 0.000010 0.161223 0.019987 0.079775 0.000010 0.221764 0.000010
0.586922 0.000010 0.081376 0.006296 0.000010 0.071494 0.000010 0.253872 0.000010
0.647474 0.000010 0.096299 0.000010 0.000010 0.000010 0.102732 0.151004 0.002451
0.304549 0.000010 0.204447 0.088272 0.000010 0.000010 0.102127 0.193917 0.106658
0.706417 0.060037 0.000010 0.000010 0.000010 0.000010 0.000010 0.208769 0.024727
0.620202 0.000010 0.207716 0.031575 0.000010 0.022645 0.000010 0.102554 0.015276
0.557849 0.023809 0.022612 0.099608 0.000010 0.041640 0.000010 0.184893 0.069570
0.612748 0.039789 0.039726 0.003615 0.046577 0.000010 0.017010 0.009554 0.230972
0.328995 0.000010 0.000010 0.120263 0.000010 0.176456 0.076564 0.179389 0.118303
0.416361 0.096854 0.000010 0.281556 0.132831 0.020623 0.000010 0.007627 0.044127
0.618855 0.000010 0.084109 0.015381 0.025631 0.062289 0.000010 0.193705 0.000010
0.455070 0.000010 0.275211 0.000010 0.000010 0.000010 0.000010 0.011484 0.258185
0.257356 0.187886 0.148612 0.000010 0.000010 0.165620 0.000010 0.117312 0.123183
0.540123 0.000010 0.060006 0.000010 0.000010 0.000010 0.032636 0.367185 0.000010
0.685421 0.000010 0.000010 0.040343 0.000010 0.040523 0.000010 0.233663 0.000010
0.567915 0.036460 0.020157 0.000010 0.000010 0.000010 0.003722 0.315615 0.056101
0.521870 0.000010 0.000010 0.000010 0.160531 0.000010 0.011827 0.305722 0.000010
0.460014 0.172366 0.127686 0.075809 0.006083 0.047611 0.000656 0.109764 0.000010
0.278185 0.000010 0.129854 0.078616 0.000010 0.000010 0.103343 0.167125 0.242847
0.315909 0.000010 0.000010 0.044537 0.000010 0.110889 0.000010 0.528616 0.000010
0.530237 0.001112 0.112743 0.105605 0.003399 0.005670 0.000010 0.241214 0.000010
0.628931 0.000010 0.132923 0.087508 0.000010 0.003014 0.004165 0.143429 0.000010
0.486722 0.000010 0.042262 0.000010 0.000010 0.000010 0.000010 0.470956 0.000010
0.569438 0.051441 0.123865 0.000010 0.000010 0.114304 0.000010 0.140913 0.000010
0.578433 0.000010 0.000010 0.068858 0.000010 0.005593 0.139688 0.207388 0.000010
0.571132 0.034412 0.000010 0.126547 0.038457 0.055849 0.000010 0.112721 0.060862
0.485622 0.000010 0.000010 0.167736 0.000010 0.009750 0.064997 0.110042 0.161822
0.000010 0.114397 0.036900 0.000010 0.691253 0.000010 0.157400 0.000010 0.000010
0.000010 0.000010 0.000010 0.024985 0.616319 0.116265 0.242381 0.000010 0.000010
0.000010 0.021809 0.000010 0.000010 0.808521 0.000010 0.019196 0.000010 0.150425
0.000010 0.000010 0.000010 0.014294 0.922239 0.000010 0.000010 0.000010 0.063406
0.024574 0.000010 0.000010 0.000010 0.800767 0.000010 0.111897 0.000010 0.062712
0.000010 0.000010 0.000010 0.000010 0.825687 0.000010 0.049050 0.000010 0.125203
0.000010 0.000010 0.080007 0.000010 0.849087 0.038420 0.032436 0.000010 0.000010
0.492297 0.000010 0.000010 0.152259 0.069838 0.000010 0.091927 0.193639 0.000010
0.649771 0.000010 0.202689 0.000010 0.000010 0.000010 0.000010 0.147479 0.000010
0.359818 0.063613 0.051958 0.429514 0.000010 0.000010 0.075482 0.000010 0.019586
0.531037 0.000010 0.095694 0.155980 0.000010 0.000010 0.008891 0.208358 0.000010
0.484577 0.050715 0.000010 0.288186 0.000010 0.000010 0.028668 0.045097 0.102727
0.350361 0.000010 0.000010 0.393321 0.000010 0.000010 0.036011 0.220257 0.000010
0.514606 0.000010 0.035239 0.205604 0.000010 0.000010 0.067326 0.177185 0.000010
0.585662 0.000010 0.032781 0.061521 0.000010 0.007792 0.157797 0.154418 0.000010
0.536633 0.058533 0.000010 0.134423 0.000010 0.000010 0.071344 0.199027 0.000010
0.585431 0.000010 0.000010 0.001369 0.058662 0.000010 0.083317 0.252343 0.018848
0.551245 0.000010 0.000010 0.000010 0.042449 0.000010 0.194642 0.211614 0.000010
0.564952 0.025554 0.085466 0.000010 0.000010 0.000010 0.041724 0.207136 0.075139
0.354036 0.000010 0.103748 0.265796 0.113395 0.000010 0.000010 0.143868 0.019128
0.549396 0.061643 0.000010 0.013485 0.114578 0.000010 0.000010 0.233842 0.027026
0.427326 0.037231 0.021150 0.000010 0.000010 0.000010 0.096555 0.417698 0.000010
0.502321 0.000010 0.000010 0.000010 0.000010 0.164300 0.059372 0.221033 0.052934
0.604215 0.000010 0.000010 0.000010 0.069117 0.029714 0.123757 0.173157 0.000010
0.681097 0.000010 0.140316 0.000010 0.000010 0.000010 0.000010 0.105124 0.073413
0.521116 0.000010 0.053851 0.000010 0.000010 0.000010 0.010487 0.153979 0.260526
0.477051 0.043762 0.097880 0.000010 0.000010 0.173723 0.000010 0.207544 0.000010
0.546879 0.000010 0.130098 0.000010 0.000010 0.000010 0.000010 0.322964 0.000010
0.507725 0.060251 0.090592 0.000010 0.000010 0.000010 0.044105 0.297287 0.000010
0.615644 0.000010 0.000010 0.000010 0.097458 0.000010 0.000010 0.265946 0.020903
0.362371 0.099826 0.000010 0.000010 0.076438 0.000010 0.010583 0.327156 0.123596
0.768020 0.000010 0.108485 0.000010 0.055147 0.037512 0.030796 0.000010 0.000010
0.610053 0.000010 0.000010 0.000010 0.000010 0.000010 0.008206 0.306221 0.075470
0.326757 0.000010 0.003707 0.042424 0.000010 0.052634 0.095195 0.091847 0.387414
0.481826 0.109329 0.000010 0.074720 0.000010 0.000010 0.024491 0.180823 0.128781
0.512074 0.095450 0.043870 0.000010 0.010863 0.000010 0.109691 0.181864 0.046168
0.595973 0.000010 0.000010 0.000010 0.033928 0.000010 0.083561 0.286487 0.000010
0.322366 0.049780 0.033667 0.135935 0.000010 0.068414 0.097048 0.261066 0.031714
0.313648 0.000010 0.183028 0.000010 0.002810 0.074710 0.000010 0.215551 0.210224
0.516598 0.072110 0.024985 0.081935 0.000010 0.000010 0.000010 0.304332 0.000010
0.426681 0.032957 0.134099 0.000010 0.000010 0.000010 0.009872 0.284452 0.111909
0.557619 0.000010 0.090036 0.000010 0.000010 0.093910 0.000010 0.258385 0.000010
0.000010 0.999920 0.000010 0.000010 0.000010 0.000010 0.000010 0.000010 0.000010
0.000011 0.685670 0.090473 0.101235 0.000010 0.000010 0.113878 0.008704 0.000010
0.000010 0.857177 0.125048 0.000010 0.000010 0.017715 0.000010 0.000010 0.000010
0.036708 0.818790 0.026104 0.069569 0.000010 0.000010 0.000010 0.048789 0.000010
0.000010 0.000010 0.307269 0.072729 0.010512 0.000491 0.395538 0.163099 0.050342
0.000010 0.000010 0.488319 0.084472 0.035530 0.000010 0.391629 0.000010 0.000010
0.000010 0.045187 0.417619 0.000010 0.000010 0.000010 0.537135 0.000010 0.000010
0.000010 0.000010 0.187575 0.087292 0.144485 0.015389 0.565220 0.000010 0.000010
0.003697 0.000010 0.275349 0.000010 0.155182 0.000010 0.296258 0.200668 0.068817
0.000010 0.010099 0.483998 0.048857 0.047234 0.000010 0.344299 0.000010 0.065483
0.006850 0.000010 0.424181 0.000010 0.019622 0.000010 0.428903 0.120404 0.000010
0.000010 0.000010 0.420219 0.065868 0.135902 0.019266 0.358704 0.000010 0.000010
0.054537 0.000010 0.379983 0.015245 0.000010 0.000010 0.344675 0.205520 0.000010
0.164482 0.000010 0.290706 0.070831 0.229694 0.000010 0.183521 0.060735 0.000010
0.370145 0.000010 0.000010 0.000010 0.000010 0.000010 0.194666 0.334306 0.100832
0.606643 0.000010 0.062881 0.000010 0.020042 0.042079 0.105993 0.118075 0.044267
0.471576 0.004767 0.000010 0.063688 0.000010 0.054244 0.014842 0.390853 0.000010
0.548980 0.032748 0.000010 0.031814 0.000010 0.066353 0.000010 0.256447 0.063629
0.525076 0.017675 0.000010 0.064446 0.000010 0.080184 0.000010 0.206758 0.105830
0.483572 0.075299 0.000010 0.000010 0.213223 0.016416 0.000010 0.105340 0.106119
0.628759 0.000010 0.000010 0.000010 0.000010 0.019963 0.090577 0.171854 0.088808
0.336653 0.032564 0.018283 0.120816 0.000010 0.000010 0.000010 0.250200 0.241454
0.340478 0.040402 0.022536 0.031670 0.112350 0.150429 0.000010 0.178541 0.123585
0.400988 0.000010 0.000010 0.127237 0.032271 0.000010 0.000010 0.377900 0.061564
0.613140 0.000010 0.146832 0.027591 0.000010 0.000010 0.033197 0.179201 0.000010
0.359876 0.016322 0.007491 0.158202 0.000010 0.076892 0.000010 0.381188 0.000010
0.609785 0.000010 0.086268 0.000010 0.000010 0.129266 0.000010 0.174632 0.000010
0.671346 0.000010 0.000010 0.016323 0.000010 0.000010 0.110256 0.119341 0.082694
0.458041 0.008249 0.000010 0.071342 0.131591 0.046316 0.000010 0.284431 0.000010
0.520383 0.102099 0.054446 0.000010 0.058249 0.040667 0.035826 0.050349 0.137971
0.506015 0.000010 0.092902 0.130293 0.000010 0.000010 0.000010 0.142553 0.128196
0.463436 0.106967 0.000010 0.000010 0.138002 0.000010 0.022516 0.269039 0.000010
0.397207 0.000010 0.069860 0.183572 0.030232 0.080587 0.000010 0.238512 0.000010
0.517508 0.000010 0.000010 0.026721 0.000010 0.138407 0.000010 0.154635 0.162689
0.478770 0.000010 0.000010 0.000010 0.159537 0.000010 0.073025 0.288619 0.000010
0.015598 0.003810 0.843568 0.000010 0.000010 0.000010 0.136974 0.000010 0.000010
0.047971 0.017012 0.619011 0.030061 0.000010 0.000010 0.285906 0.000010 0.000010
0.000010 0.096351 0.535629 0.000010 0.029102 0.000010 0.338869 0.000010 0.000010
0.000010 0.000010 0.678182 0.000010 0.047502 0.000010 0.268113 0.000010 0.006154
0.000010 0.049115 0.498668 0.048944 0.000010 0.000010 0.403223 0.000010 0.000010
0.000010 0.043640 0.643419 0.000010 0.000010 0.000010 0.219723 0.093168 0.000010
0.000010 0.000010 0.710403 0.000010 0.000010 0.000010 0.289527 0.000010 0.000010
0.000010 0.000010 0.559468 0.000010 0.000010 0.000010 0.210832 0.229639 0.000010
0.000010 0.000010 0.616883 0.000010 0.000010 0.000010 0.280188 0.102869 0.000010
0.181583 0.077817 0.695016 0.000010 0.000010 0.000010 0.039226 0.000010 0.006318
0.000010 0.000010 0.579610 0.000010 0.000010 0.000010 0.420320 0.000010 0.000010
0.000010 0.021130 0.479937 0.000010 0.000010 0.000010 0.430339 0.000010 0.068543
0.123106 0.000010 0.521284 0.000010 0.000010 0.000010 0.355551 0.000010 0.000010
0.000010 0.000010 0.522284 0.000010 0.083462 0.014508 0.330985 0.048720 0.000010
0.000010 0.006595 0.332215 0.020608 0.000010 0.000010 0.526744 0.070004 0.043805
0.000010 0.152005 0.682922 0.000010 0.014756 0.000010 0.119880 0.000010 0.030396
0.016379 0.013011 0.588985 0.000010 0.050249 0.000010 0.319757 0.011589 0.000010
0.000010 0.122427 0.776055 0.000010 0.000010 0.000010 0.101458 0.000010 0.000010
0.000010 0.061327 0.712431 0.000010 0.100740 0.000010 0.054554 0.070908 0.000010
0.092314 0.000010 0.749912 0.000010 0.008468 0.000010 0.149256 0.000010 0.000010
0.000010 0.044644 0.572538 0.000010 0.000010 0.000010 0.382758 0.000010 0.000010
0.000010 0.000010 0.656240 0.000010 0.015895 0.000010 0.235916 0.060150 0.031759
0.105855 0.000010 0.401771 0.000010 0.000010 0.000010 0.365683 0.126641 0.000010
0.012284 0.000010 0.576997 0.000010 0.000010 0.000010 0.358763 0.000010 0.051906
0.000010 0.000010 0.533616 0.000010 0.000010 0.000010 0.378857 0.000010 0.087467
0.112929 0.011557 0.692552 0.000010 0.000010 0.000010 0.124975 0.005211 0.052747
0.000010 0.000010 0.494086 0.000010 0.000010 0.000010 0.505844 0.000010 0.000010
0.000010 0.000010 0.714886 0.000010 0.000010 0.016358 0.268696 0.000010 0.000010
0.045088 0.000010 0.626460 0.000010 0.000010 0.030601 0.297802 0.000010 0.000010
0.000010 0.000010 0.591896 0.000010 0.137786 0.000010 0.270258 0.000010 0.000010
0.000010 0.000010 0.529408 0.000010 0.000010 0.000010 0.470522 0.000010 0.000010
0.000010 0.000010 0.554130 0.000010 0.000010 0.021956 0.361240 0.000010 0.062625
0.000010 0.000010 0.595141 0.000010 0.081848 0.000010 0.322951 0.000010 0.000010
0.068622 0.000010 0.461838 0.000010 0.074666 0.003176 0.391658 0.000010 0.000010
0.000010 0.157850 0.603212 0.054161 0.000010 0.000010 0.184727 0.000010 0.000010
0.000010 0.000010 0.569599 0.000010 0.000010 0.000010 0.335380 0.094961 0.000010
0.000010 0.099088 0.580921 0.000010 0.069369 0.000010 0.250572 0.000010 0.000010
0.000010 0.000010 0.697887 0.000010 0.000010 0.000010 0.302043 0.000010 0.000010
0.000010 0.000010 0.618284 0.000010 0.001618 0.000010 0.380037 0.000010 0.000010
0.000010 0.000010 0.000010 0.000010 0.814689 0.118449 0.010933 0.000010 0.055879
0.000010 0.000010 0.033794 0.000010 0.850947 0.000010 0.115199 0.000010 0.000010
0.000010 0.000010 0.738178 0.000010 0.000010 0.025612 0.211754 0.000010 0.024405
0.000010 0.000010 0.628750 0.000010 0.029233 0.000010 0.304477 0.023538 0.013962
0.286991 0.105199 0.059000 0.070996 0.048794 0.000010 0.000010 0.422081 0.006919
0.292101 0.067695 0.066818 0.324656 0.046948 0.000010 0.000010 0.172398 0.029364
0.091845 0.000010 0.057127 0.532407 0.000010 0.000010 0.000010 0.318571 0.000010
0.477939 0.000010 0.233729 0.124591 0.000010 0.038845 0.001502 0.123364 0.000010
0.322987 0.000010 0.026596 0.403599 0.000010 0.000010 0.011383 0.235395 0.000010
0.342765 0.001718 0.094802 0.394325 0.000010 0.000010 0.000010 0.132799 0.033561
0.517315 0.000010 0.143998 0.159089 0.000010 0.000010 0.000010 0.179548 0.000010
0.343366 0.000010 0.050212 0.221322 0.000010 0.000010 0.000010 0.385050 0.000010
0.389150 0.115477 0.040759 0.231260 0.000010 0.000010 0.016333 0.206990 0.000010
0.420033 0.000010 0.234119 0.244812 0.000010 0.000010 0.100986 0.000010 0.000010
0.334994 0.000010 0.000010 0.355384 0.000010 0.000010 0.000010 0.309562 0.000010
0.054997 0.108892 0.019933 0.408421 0.063841 0.000010 0.000010 0.236383 0.107512
0.331964 0.000010 0.151134 0.516842 0.000010 0.000010 0.000010 0.000010 0.000010
0.000010 0.000010 0.602814 0.000010 0.000010 0.000010 0.397116 0.000010 0.000010
0.000010 0.000010 0.546196 0.093949 0.000010 0.000010 0.322026 0.000010 0.037779
0.039554 0.000010 0.439122 0.000010 0.000010 0.000010 0.521263 0.000010 0.000010
0.000010 0.000010 0.598400 0.146787 0.013991 0.000010 0.208389 0.032392 0.000010
0.000010 0.000010 0.675592 0.000010 0.000010 0.000010 0.324338 0.000010 0.000010
0.015835 0.000011 0.443703 0.000010 0.000010 0.000010 0.489943 0.000010 0.050468
0.000010 0.000010 0.773727 0.000010 0.063750 0.000010 0.162463 0.000010 0.000010
0.000010 0.000010 0.707683 0.000010 0.000010 0.000010 0.292247 0.000010 0.000010
0.000010 0.098334 0.517351 0.000010 0.000010 0.000010 0.384255 0.000010 0.000010
0.000010 0.000010 0.707906 0.000010 0.000010 0.000010 0.264382 0.027652 0.000010
0.000010 0.000010 0.527476 0.000010 0.000010 0.014180 0.458284 0.000010 0.000010
0.000010 0.000010 0.622496 0.019025 0.000010 0.025244 0.317512 0.015684 0.000010
