0.298593 0.000010 0.000010 0.000010 0.000010 0.000010 0.125863 0.429140 0.146354
0.255376 0.000010 0.000010 0.000010 0.014800 0.078099 0.201356 0.351698 0.098639
0.175917 0.000977 0.011541 0.285103 0.124624 0.000010 0.132952 0.268866 0.000010
0.335466 0.000011 0.000010 0.145174 0.003286 0.000010 0.117073 0.398960 0.000010
0.184932 0.011271 0.000010 0.025334 0.000010 0.000010 0.120503 0.657920 0.000010
0.296532 0.000010 0.026828 0.000010 0.142228 0.000010 0.021267 0.466290 0.046825
0.085548 0.000010 0.185651 0.216063 0.000010 0.000010 0.022713 0.442451 0.047543
0.455752 0.003887 0.005063 0.018126 0.000010 0.028615 0.039723 0.448815 0.000010
0.148293 0.000010 0.000010 0.267691 0.058864 0.000010 0.000010 0.525103 0.000010
0.258666 0.075215 0.000010 0.210050 0.031343 0.000010 0.031985 0.357052 0.035670
0.339248 0.057632 0.000010 0.135818 0.000010 0.039726 0.000010 0.427535 0.000010
0.170235 0.152042 0.000010 0.138676 0.088837 0.000010 0.101217 0.348963 0.000010
0.478626 0.000010 0.000010 0.054625 0.000010 0.022077 0.000010 0.444622 0.000010
0.164797 0.000010 0.000010 0.146095 0.110562 0.033527 0.074963 0.311524 0.158512
0.382296 0.000010 0.026211 0.030689 0.000010 0.035386 0.086244 0.419171 0.019984
0.266129 0.013687 0.000010 0.109637 0.107542 0.000010 0.054078 0.448897 0.000010
0.232035 0.000010 0.247246 0.000010 0.000010 0.009065 0.056145 0.345698 0.109782
0.413415 0.067861 0.060201 0.141739 0.006603 0.000010 0.071242 0.238919 0.000010
0.441062 0.007043 0.000010 0.000010 0.001353 0.000010 0.057127 0.304671 0.188714
0.344337 0.056120 0.089109 0.209803 0.000010 0.000010 0.000010 0.300590 0.000010
0.349655 0.020488 0.000010 0.000010 0.000010 0.078055 0.046614 0.430099 0.075060
0.341318 0.010983 0.122003 0.000010 0.000010 0.042478 0.074100 0.404434 0.004664
0.467059 0.019729 0.000010 0.000010 0.049967 0.019032 0.085134 0.359047 0.000010
0.390658 0.000010 0.000010 0.000010 0.063507 0.000010 0.056263 0.369354 0.120179
0.535546 0.003842 0.000010 0.102438 0.159146 0.002208 0.000010 0.196790 0.000010
0.173954 0.000010 0.000010 0.080170 0.109419 0.000010 0.097092 0.438260 0.101076
0.002181 0.000010 0.000010 0.267744 0.073946 0.000010 0.132356 0.523733 0.000010
0.407330 0.000010 0.000010 0.000010 0.000010 0.038973 0.000010 0.174889 0.378757
0.255504 0.000010 0.000010 0.001599 0.000010 0.000010 0.121467 0.564286 0.057104
0.354115 0.000010 0.027236 0.005760 0.141679 0.002909 0.038279 0.348661 0.081352
0.176708 0.000010 0.030575 0.000010 0.043699 0.000010 0.183740 0.565239 0.000010
0.339848 0.032737 0.000010 0.233569 0.000010 0.000010 0.000010 0.393796 0.000010
0.378636 0.000010 0.000010 0.000010 0.008410 0.081202 0.144434 0.387278 0.000010
0.367896 0.000010 0.000010 0.053462 0.040094 0.003404 0.082925 0.328871 0.123328
0.156846 0.065401 0.000010 0.157728 0.000010 0.000010 0.176131 0.443855 0.000010
0.252809 0.000010 0.021534 0.097683 0.033370 0.000010 0.049095 0.503914 0.041576
0.020080 0.000010 0.000010 0.280465 0.120417 0.000010 0.071776 0.507222 0.000010
0.432103 0.000010 0.000010 0.077775 0.000010 0.000010 0.000010 0.463183 0.026888
0.252406 0.006823 0.000010 0.198848 0.013217 0.019494 0.041606 0.467585 0.000010
0.383951 0.000010 0.000010 0.015324 0.043689 0.000010 0.000010 0.341963 0.215033
0.146899 0.037744 0.000010 0.371117 0.103968 0.000010 0.061093 0.279149 0.000010
0.302510 0.000010 0.000010 0.046937 0.000010 0.000010 0.103450 0.547053 0.000010
0.267976 0.000010 0.044418 0.290086 0.001709 0.000010 0.000010 0.395771 0.000010
0.248840 0.000010 0.112548 0.000010 0.000010 0.000010 0.169372 0.469190 0.000010
0.188237 0.066553 0.000010 0.126684 0.072175 0.000010 0.147748 0.398574 0.000010
0.095111 0.000010 0.029243 0.185873 0.000010 0.000010 0.000010 0.689724 0.000010
0.000010 0.000010 0.025608 0.172075 0.000010 0.119521 0.111662 0.571094 0.000010
0.191936 0.053871 0.000010 0.115779 0.000010 0.000010 0.136612 0.501762 0.000010
0.400736 0.066314 0.336280 0.000010 0.000010 0.133005 0.063626 0.000010 0.000010
0.000010 0.037087 0.172659 0.299523 0.000010 0.000010 0.221424 0.178890 0.090387
0.153132 0.021976 0.310520 0.101164 0.000010 0.028088 0.144671 0.125699 0.114740
0.000010 0.000010 0.463861 0.149057 0.000010 0.040193 0.118524 0.228325 0.000010
0.000010 0.003911 0.319083 0.105867 0.009031 0.000010 0.303227 0.258851 0.000010
0.198543 0.000010 0.368187 0.107753 0.020226 0.014187 0.000010 0.291075 0.000010
0.121065 0.000010 0.331944 0.000010 0.109194 0.000010 0.215651 0.222106 0.000010
0.116912 0.000010 0.368679 0.130129 0.000010 0.000010 0.373500 0.000010 0.010741
0.199257 0.047105 0.536320 0.000010 0.025564 0.000010 0.108945 0.082779 0.000010
0.000010 0.000010 0.572438 0.292744 0.000010 0.000010 0.131664 0.003103 0.000010
0.311353 0.000010 0.261701 0.000010 0.000010 0.000010 0.164948 0.261948 0.000010
0.188318 0.157211 0.239622 0.129300 0.085954 0.000010 0.000010 0.199565 0.000010
0.000010 0.000010 0.321006 0.141393 0.087286 0.000010 0.262401 0.187873 0.000010
0.059952 0.036346 0.410911 0.040556 0.000010 0.078243 0.000010 0.373963 0.000010
0.150653 0.181415 0.000010 0.280210 0.210757 0.000010 0.002825 0.174110 0.000010
0.024603 0.100400 0.467178 0.190284 0.092310 0.026200 0.099004 0.000010 0.000010
0.051386 0.000010 0.333370 0.000010 0.064969 0.000010 0.106804 0.443431 0.000010
0.093663 0.000010 0.421977 0.000010 0.000010 0.026881 0.179927 0.277512 0.000010
0.017040 0.000010 0.425449 0.202937 0.000010 0.000010 0.245877 0.108658 0.000010
0.123779 0.000010 0.220604 0.152630 0.000010 0.000010 0.166494 0.336452 0.000010
0.090558 0.000010 0.369204 0.183396 0.045255 0.000010 0.038044 0.273513 0.000010
0.240199 0.000010 0.357634 0.000010 0.000010 0.066109 0.000010 0.336008 0.000010
0.276213 0.003632 0.000010 0.000010 0.000010 0.253756 0.066614 0.073068 0.326687
0.427570 0.000010 0.000010 0.000010 0.000010 0.000010 0.002761 0.569610 0.000010
0.375217 0.000010 0.065043 0.000010 0.000010 0.000010 0.120707 0.414383 0.024611
0.534708 0.045688 0.000010 0.000010 0.007643 0.000010 0.044662 0.304643 0.062625
0.264272 0.000010 0.000010 0.160212 0.189351 0.000010 0.006052 0.305767 0.074317
0.149338 0.082830 0.214030 0.099686 0.000010 0.000010 0.000010 0.454076 0.000010
0.533599 0.000010 0.050000 0.000010 0.112437 0.000010 0.000010 0.303913 0.000010
0.418775 0.090918 0.007749 0.028624 0.023404 0.061687 0.084236 0.284597 0.000010
0.466352 0.007117 0.000010 0.059909 0.067102 0.000010 0.000010 0.399480 0.000010
0.376932 0.000010 0.000010 0.000010 0.084726 0.000010 0.000010 0.508838 0.029454
0.007579 0.171070 0.000010 0.000010 0.000010 0.000010 0.261283 0.560018 0.000010
0.228983 0.000010 0.000010 0.097856 0.000010 0.000010 0.117932 0.555179 0.000010
0.287652 0.000010 0.005196 0.000010 0.000010 0.000010 0.079137 0.265009 0.362966
0.153702 0.000010 0.000010 0.153420 0.020240 0.002280 0.134010 0.536318 0.000010
0.208747 0.003835 0.000010 0.028750 0.053388 0.000010 0.039363 0.635212 0.030684
0.371066 0.000010 0.000010 0.000010 0.000010 0.000010 0.154702 0.417342 0.056839
0.354162 0.000010 0.026861 0.000010 0.000010 0.000010 0.160802 0.458126 0.000010
0.363355 0.000010 0.000010 0.202763 0.079791 0.000010 0.111182 0.242870 0.000010
0.243446 0.000010 0.080298 0.000010 0.000010 0.005896 0.212463 0.382019 0.075849
0.356233 0.005043 0.040974 0.069160 0.000010 0.000010 0.105305 0.423255 0.000010
0.205276 0.000010 0.000010 0.089219 0.003641 0.003647 0.205099 0.493089 0.000010
0.332159 0.000010 0.000010 0.033483 0.000010 0.000010 0.164287 0.371875 0.098155
0.214844 0.077156 0.003425 0.080467 0.000010 0.000010 0.045662 0.512624 0.065802
0.429977 0.062474 0.000010 0.000010 0.000010 0.000010 0.024626 0.402625 0.080259
0.421870 0.000010 0.000010 0.000220 0.000010 0.106720 0.012490 0.458661 0.000010
0.078345 0.041156 0.000010 0.171093 0.011163 0.000010 0.183381 0.514833 0.000010
0.245376 0.124070 0.000010 0.005907 0.000010 0.000010 0.144500 0.480107 0.000010
0.186305 0.000010 0.122236 0.023336 0.000010 0.000010 0.110054 0.558028 0.000010
0.257870 0.020230 0.097138 0.000010 0.000010 0.000010 0.132732 0.491990 0.000010
0.130013 0.000010 0.000010 0.244474 0.000010 0.000010 0.042375 0.545095 0.038004
0.079887 0.000010 0.092482 0.038307 0.000010 0.000010 0.147071 0.642212 0.000010
0.024538 0.000010 0.016865 0.038505 0.000010 0.066300 0.036603 0.206395 0.610773
0.311182 0.000010 0.048907 0.000010 0.005255 0.000940 0.155096 0.444294 0.034306
0.015895 0.000010 0.018668 0.250076 0.127346 0.000010 0.019889 0.532651 0.035453
0.242261 0.000010 0.000010 0.000010 0.000010 0.000010 0.150915 0.564807 0.041967
0.056312 0.000010 0.000010 0.177444 0.030458 0.000010 0.197947 0.537799 0.000010
0.402900 0.000010 0.000010 0.049973 0.000010 0.000010 0.000010 0.547067 0.000010
0.262454 0.036668 0.000010 0.089336 0.000010 0.000010 0.102114 0.509388 0.000010
0.020217 0.000010 0.000010 0.049883 0.000010 0.000010 0.147318 0.735313 0.047230
0.140662 0.000010 0.000010 0.269296 0.061072 0.000010 0.082405 0.425174 0.021360
0.010358 0.061313 0.008219 0.000010 0.000010 0.079953 0.257052 0.458548 0.124538
0.000010 0.000010 0.000010 0.064075 0.000010 0.077546 0.314635 0.444141 0.099563
0.007198 0.000010 0.237867 0.288492 0.000010 0.000010 0.000010 0.466393 0.000010
0.262298 0.000010 0.019389 0.000010 0.000010 0.000010 0.099157 0.593502 0.025614
0.215718 0.103097 0.010390 0.000010 0.000010 0.000010 0.142316 0.423926 0.104523
0.201171 0.000010 0.089856 0.217626 0.000010 0.000010 0.074227 0.380331 0.036759
0.009056 0.047989 0.000010 0.139408 0.006472 0.036939 0.207084 0.394998 0.158045
0.000010 0.000010 0.000010 0.222315 0.000010 0.068556 0.035230 0.556599 0.117260
0.206083 0.000010 0.000010 0.018537 0.000010 0.000010 0.127906 0.647424 0.000010
0.316708 0.000010 0.012038 0.068577 0.000010 0.000010 0.053068 0.485638 0.063942
0.086622 0.056197 0.215913 0.178701 0.016578 0.000010 0.091308 0.325383 0.029289
0.060696 0.000010 0.027162 0.045577 0.000010 0.000010 0.265796 0.528010 0.072728
0.000010 0.000010 0.000010 0.226887 0.069201 0.000010 0.293203 0.410659 0.000010
0.000010 0.000010 0.000010 0.170125 0.000010 0.000010 0.107509 0.722307 0.000010
0.469788 0.126767 0.101539 0.085424 0.000010 0.000727 0.000010 0.134125 0.081611
0.284530 0.000010 0.000010 0.209340 0.068335 0.000010 0.133693 0.304062 0.000010
0.175593 0.107352 0.000010 0.024432 0.017458 0.018772 0.112851 0.395076 0.148456
0.395177 0.000010 0.000010 0.092945 0.000010 0.000010 0.085257 0.357961 0.068620
0.234304 0.229841 0.000010 0.000010 0.000010 0.092143 0.000010 0.402082 0.041591
0.250460 0.000010 0.000010 0.000010 0.000010 0.031104 0.102849 0.615538 0.000010
0.032372 0.039607 0.000010 0.380535 0.143710 0.000010 0.000010 0.403736 0.000010
0.192896 0.000010 0.083762 0.000010 0.000010 0.000010 0.232121 0.491171 0.000010
0.395228 0.067175 0.006280 0.000010 0.000010 0.000010 0.026549 0.487664 0.017074
0.300879 0.000010 0.052098 0.295285 0.005611 0.036328 0.077151 0.232628 0.000010
0.097147 0.000010 0.000010 0.178025 0.062633 0.000010 0.053593 0.608561 0.000010
0.214370 0.032069 0.011640 0.161563 0.132134 0.000010 0.000010 0.448193 0.000010
0.146415 0.015273 0.000010 0.091211 0.000010 0.000010 0.147434 0.599627 0.000010
0.136251 0.000010 0.030346 0.183480 0.130658 0.066328 0.014935 0.437982 0.000010
0.210203 0.000010 0.000010 0.116665 0.044486 0.002198 0.200108 0.426309 0.000010
0.223782 0.033064 0.157089 0.100865 0.094748 0.000010 0.187096 0.203336 0.000010
0.499719 0.000010 0.000010 0.000010 0.000010 0.000010 0.000010 0.462917 0.037304
0.383351 0.000010 0.000010 0.004685 0.049103 0.016462 0.064948 0.481421 0.000010
0.041879 0.012866 0.000010 0.000010 0.000010 0.000010 0.159375 0.587492 0.198347
0.392135 0.000010 0.000010 0.000010 0.172055 0.039143 0.052470 0.344156 0.000010
0.268354 0.000010 0.065065 0.000010 0.064965 0.000010 0.113426 0.488150 0.000010
0.324329 0.000010 0.000010 0.024822 0.127309 0.000010 0.057782 0.463285 0.002443
0.337398 0.000010 0.000010 0.193145 0.124717 0.000010 0.160951 0.183748 0.000010
0.000010 0.000010 0.000010 0.138282 0.091192 0.000010 0.192113 0.578363 0.000010
0.087857 0.000010 0.014543 0.211854 0.080643 0.000010 0.044109 0.560964 0.000010
0.000010 0.020448 0.029669 0.215850 0.019154 0.000010 0.176232 0.374588 0.164038
0.157100 0.000010 0.005514 0.000010 0.055356 0.018746 0.181188 0.582067 0.000010
0.299907 0.008751 0.082494 0.064400 0.102124 0.000010 0.021884 0.420421 0.000010
0.071521 0.055359 0.052252 0.000010 0.058095 0.041469 0.220363 0.435874 0.065058
0.276824 0.011733 0.030044 0.058081 0.000010 0.000010 0.130982 0.492305 0.000010
0.300838 0.000010 0.000010 0.000401 0.003845 0.000010 0.025417 0.669458 0.000010
0.438149 0.000010 0.018244 0.000916 0.000010 0.000010 0.105869 0.436782 0.000010
0.491009 0.000010 0.001425 0.169846 0.000010 0.012948 0.002519 0.195315 0.126918
0.199011 0.000010 0.000010 0.108977 0.000010 0.000010 0.183504 0.508458 0.000010
0.221187 0.000010 0.113414 0.340321 0.000010 0.000010 0.046447 0.278590 0.000010
0.216371 0.000010 0.094033 0.031339 0.130373 0.000010 0.055201 0.472653 0.000010
0.191527 0.000010 0.137884 0.000010 0.000010 0.054246 0.078345 0.537958 0.000010
0.431303 0.050226 0.081454 0.000010 0.079522 0.020216 0.108671 0.228588 0.000010
0.000010 0.000010 0.343514 0.122721 0.000010 0.003440 0.139300 0.390985 0.000010
0.000010 0.000010 0.291144 0.046431 0.000010 0.002186 0.271400 0.229302 0.159507
0.053355 0.166049 0.037342 0.070339 0.000010 0.000010 0.270155 0.346857 0.055883
0.229949 0.081772 0.000010 0.025631 0.000010 0.014779 0.012712 0.635127 0.000010
0.152550 0.000010 0.017690 0.073881 0.000010 0.000010 0.221357 0.534481 0.000010
0.264803 0.140945 0.097419 0.000010 0.218067 0.001143 0.000010 0.277593 0.000010
0.000010 0.000010 0.243116 0.376271 0.000010 0.000010 0.000010 0.380553 0.000010
0.421288 0.022903 0.000010 0.000010 0.022668 0.127035 0.117980 0.288097 0.000010
0.318664 0.076372 0.202130 0.000010 0.000010 0.000010 0.009058 0.393736 0.000010
0.059615 0.053846 0.159358 0.374448 0.000010 0.029792 0.066570 0.256349 0.000010
0.000010 0.000010 0.273699 0.313145 0.000010 0.010248 0.116064 0.216031 0.070783
0.036120 0.000010 0.157008 0.183931 0.071952 0.000010 0.230322 0.320637 0.000010
0.162720 0.057235 0.112999 0.111045 0.025634 0.000010 0.190808 0.301060 0.038488
0.112713 0.000010 0.039054 0.102441 0.000010 0.111649 0.124782 0.509331 0.000010
0.000010 0.000010 0.103620 0.101358 0.000010 0.011815 0.252771 0.530396 0.000010
0.116525 0.000010 0.000010 0.117682 0.069373 0.013657 0.232952 0.449780 0.000010
0.268306 0.113502 0.090561 0.062249 0.096712 0.000010 0.184636 0.164281 0.019743
0.007790 0.000010 0.228437 0.314146 0.000010 0.027993 0.147279 0.274325 0.000010
0.000010 0.069883 0.000010 0.252538 0.000010 0.019313 0.166927 0.357547 0.133762
0.093814 0.000010 0.120757 0.208178 0.000010 0.010359 0.198563 0.368299 0.000010
0.088278 0.006447 0.190659 0.153242 0.000010 0.021106 0.175142 0.365107 0.000010
0.023218 0.000010 0.062539 0.091390 0.170609 0.041286 0.132676 0.478262 0.000010
0.245290 0.015325 0.019632 0.000010 0.000010 0.000010 0.222467 0.497245 0.000010
0.322028 0.053447 0.007093 0.097459 0.088021 0.000010 0.006764 0.425168 0.000010
0.336646 0.036876 0.000010 0.011813 0.000010 0.000010 0.071499 0.516153 0.026983
0.000010 0.000010 0.000010 0.000010 0.000010 0.393119 0.000010 0.000010 0.606811
0.000010 0.000010 0.015152 0.000010 0.000010 0.520733 0.000010 0.000010 0.464055
0.044467 0.000010 0.000010 0.000010 0.000010 0.445047 0.040594 0.000010 0.469842
0.000010 0.000010 0.000010 0.046583 0.000010 0.409729 0.003875 0.000010 0.539762
0.000010 0.000010 0.000010 0.019225 0.000010 0.391028 0.028420 0.000010 0.561277
0.014290 0.000010 0.000010 0.000010 0.022929 0.292850 0.000010 0.000010 0.669882
0.000010 0.000010 0.089766 0.000010 0.000010 0.498847 0.000010 0.000010 0.411328
0.000010 0.000010 0.000010 0.000010 0.112935 0.375953 0.085173 0.054996 0.370903
0.008405 0.000010 0.000010 0.016412 0.000010 0.221612 0.042029 0.000010 0.711502
0.000010 0.000010 0.000010 0.000010 0.073770 0.321739 0.000010 0.000010 0.604431
0.009790 0.000010 0.000010 0.000010 0.000010 0.397057 0.000010 0.018785 0.574319
0.000010 0.000010 0.000010 0.009275 0.000010 0.324597 0.101947 0.000010 0.564132
0.031049 0.008555 0.000010 0.000010 0.002649 0.269891 0.013960 0.000010 0.673866
0.000010 0.011746 0.013785 0.000010 0.008987 0.505835 0.000010 0.000010 0.459606
0.005371 0.000010 0.000010 0.000010 0.000010 0.316057 0.013911 0.000010 0.664612
0.000010 0.000010 0.000010 0.011525 0.000010 0.268234 0.000010 0.000010 0.720181
0.000010 0.000010 0.087077 0.013082 0.000010 0.201325 0.000010 0.000010 0.698467
0.000010 0.000010 0.000010 0.000010 0.000010 0.405802 0.000010 0.000010 0.594128
0.062174 0.000010 0.000010 0.000010 0.023869 0.241013 0.050121 0.000010 0.622783
0.000010 0.008325 0.000010 0.007946 0.000010 0.488558 0.000010 0.000010 0.495121
0.000010 0.000010 0.000010 0.000010 0.000010 0.397322 0.000010 0.036607 0.566011
0.000010 0.028690 0.052940 0.032488 0.000010 0.324314 0.000010 0.000010 0.561528
0.022332 0.000010 0.000010 0.059156 0.000010 0.439635 0.000010 0.000010 0.478828
0.000010 0.000011 0.000010 0.019285 0.000010 0.510989 0.000010 0.008825 0.460851
0.005305 0.000010 0.000011 0.000010 0.000010 0.368961 0.000010 0.000010 0.625673
0.000010 0.000010 0.000010 0.000010 0.039871 0.440533 0.000010 0.000010 0.519535
0.000010 0.008827 0.000010 0.002537 0.000010 0.129738 0.020092 0.000010 0.838767
0.000010 0.000010 0.018416 0.000010 0.000010 0.136753 0.000010 0.000010 0.844770
0.000010 0.048943 0.237735 0.041878 0.538601 0.000010 0.132802 0.000010 0.000010
0.341113 0.000010 0.000010 0.300496 0.107269 0.017799 0.000010 0.233284 0.000010
0.210790 0.000010 0.000011 0.422679 0.000010 0.095619 0.046550 0.224321 0.000010
0.338901 0.000010 0.000010 0.175082 0.000010 0.000010 0.000010 0.485957 0.000010
0.341771 0.091246 0.000010 0.191825 0.000010 0.000010 0.000010 0.375109 0.000010
0.217435 0.115149 0.062111 0.204434 0.052594 0.023767 0.016398 0.259896 0.048215
0.463882 0.048590 0.000010 0.152507 0.000010 0.000010 0.022431 0.312550 0.000010
0.219745 0.000010 0.048359 0.363280 0.070960 0.000010 0.053810 0.235018 0.008807
0.518442 0.000010 0.000010 0.167830 0.000010 0.000010 0.000010 0.234331 0.079348
0.532532 0.000010 0.000010 0.140449 0.097742 0.000010 0.001148 0.207027 0.021073
0.342961 0.000010 0.079582 0.388918 0.000010 0.081031 0.000010 0.089608 0.017870
0.339310 0.000010 0.000010 0.199745 0.004545 0.000010 0.078065 0.378296 0.000010
0.483914 0.000010 0.129112 0.121235 0.000010 0.000010 0.101759 0.163940 0.000010
0.298269 0.000221 0.139168 0.271159 0.000010 0.019468 0.000010 0.271684 0.000010
0.346974 0.000012 0.000010 0.326916 0.018799 0.000010 0.000010 0.307259 0.000010
0.474491 0.010115 0.000010 0.277620 0.081020 0.000204 0.000010 0.156520 0.000010
0.377827 0.000010 0.000010 0.389021 0.000010 0.081622 0.029809 0.121680 0.000010
0.400479 0.000010 0.000010 0.232353 0.127143 0.000010 0.000010 0.239975 0.000010
0.398871 0.047033 0.059683 0.206589 0.061488 0.075601 0.000010 0.140165 0.010560
0.440527 0.000010 0.020150 0.204626 0.000954 0.027943 0.000010 0.216942 0.088838
0.314500 0.142449 0.000010 0.340515 0.011002 0.017223 0.000010 0.174281 0.000010
0.367379 0.000010 0.012366 0.401271 0.000010 0.000010 0.000010 0.218934 0.000010
0.290571 0.012144 0.092033 0.297523 0.000010 0.000010 0.000010 0.307690 0.000010
0.431452 0.139256 0.000010 0.000833 0.152736 0.000010 0.053247 0.222446 0.000010
0.455626 0.000010 0.000010 0.238308 0.000010 0.000010 0.074311 0.231705 0.000010
0.321481 0.002501 0.000010 0.290879 0.210483 0.019893 0.000010 0.154733 0.000010
0.334811 0.024793 0.020996 0.442598 0.000010 0.125208 0.000010 0.051564 0.000010
0.105948 0.000010 0.162544 0.478956 0.000010 0.000010 0.000010 0.252502 0.000010
0.366974 0.146796 0.000010 0.204961 0.112661 0.000010 0.000010 0.168568 0.000010
0.000010 0.000010 0.000010 0.000010 0.985711 0.000010 0.000010 0.014219 0.000010
0.000010 0.000010 0.000010 0.000010 0.974456 0.000010 0.000010 0.025474 0.000010
0.000010 0.000010 0.000010 0.000010 0.937133 0.000010 0.000010 0.062797 0.000010
0.000010 0.000010 0.000010 0.000010 0.977152 0.015725 0.000010 0.007062 0.000010
0.000010 0.000010 0.000010 0.000010 0.851427 0.007668 0.140845 0.000010 0.000010
0.000010 0.000010 0.000010 0.000010 0.985151 0.014779 0.000010 0.000010 0.000010
0.000010 0.000010 0.000010 0.000010 0.999920 0.000010 0.000010 0.000010 0.000010
0.000010 0.000010 0.000010 0.000010 0.999920 0.000010 0.000010 0.000010 0.000010
0.000010 0.000010 0.000010 0.000010 0.999920 0.000010 0.000010 0.000010 0.000010
0.016114 0.000010 0.010100 0.000010 0.973726 0.000010 0.000010 0.000010 0.000010
0.000010 0.000010 0.000010 0.000010 0.963734 0.000010 0.036196 0.000010 0.000010
0.000014 0.000010 0.083762 0.000010 0.916164 0.000010 0.000010 0.000010 0.000010
0.000010 0.000010 0.000010 0.000010 0.999920 0.000010 0.000010 0.000010 0.000010
0.000010 0.017681 0.000010 0.000010 0.942979 0.000010 0.039280 0.000010 0.000010
0.000010 0.000010 0.000010 0.000010 0.966945 0.000010 0.000010 0.032985 0.000010
0.000010 0.000010 0.000010 0.000010 0.999920 0.000010 0.000010 0.000010 0.000010
0.000010 0.000010 0.000010 0.000010 0.888828 0.000010 0.056267 0.054845 0.000010
0.499547 0.000010 0.000010 0.000010 0.043028 0.000010 0.024168 0.364830 0.068386
0.598503 0.049078 0.027790 0.000010 0.000010 0.026263 0.027630 0.237423 0.033293
0.669262 0.000010 0.000010 0.081701 0.043382 0.000010 0.023571 0.147763 0.034289
0.290961 0.000010 0.090675 0.151987 0.063558 0.000010 0.000010 0.402778 0.000010
0.545229 0.000010 0.000010 0.000010 0.000010 0.000010 0.000010 0.405763 0.048949
0.599829 0.000010 0.010380 0.000010 0.119009 0.000010 0.004924 0.265818 0.000010
0.476761 0.000010 0.035679 0.000010 0.089644 0.005206 0.079735 0.265107 0.047848
0.480948 0.000010 0.050733 0.100839 0.000010 0.000010 0.000010 0.367430 0.000010
0.214942 0.011586 0.065158 0.203351 0.061095 0.000010 0.084501 0.359347 0.000010
0.790297 0.000010 0.000010 0.000010 0.000010 0.000010 0.000010 0.198469 0.011174
0.315565 0.000010 0.003834 0.090072 0.000010 0.000010 0.035391 0.540617 0.014491
0.437801 0.000010 0.000010 0.000010 0.050744 0.000010 0.031586 0.479819 0.000010
0.336485 0.000010 0.181497 0.000010 0.015667 0.000010 0.000010 0.466301 0.000010
0.604703 0.000010 0.000010 0.071520 0.024570 0.000010 0.000010 0.225871 0.073295
0.565028 0.000010 0.000010 0.180338 0.017649 0.003488 0.000010 0.233457 0.000010
0.465766 0.000010 0.038303 0.000010 0.138667 0.000010 0.000010 0.182475 0.174749
0.433450 0.097790 0.000010 0.000010 0.000010 0.000010 0.000010 0.468700 0.000010
0.494798 0.000010 0.000010 0.094194 0.003160 0.000010 0.035975 0.371834 0.000010
0.602837 0.000010 0.000010 0.155798 0.000010 0.000010 0.000010 0.241305 0.000010
0.245864 0.023865 0.000010 0.000010 0.125693 0.000010 0.000010 0.604528 0.000010
0.462178 0.000010 0.053602 0.000010 0.035932 0.000010 0.002283 0.374477 0.071498
0.489255 0.000010 0.000010 0.288984 0.092140 0.022237 0.000010 0.105774 0.001581
0.538023 0.002092 0.048861 0.032612 0.047843 0.000010 0.023781 0.306770 0.000010
0.611416 0.000010 0.000010 0.000010 0.013172 0.000010 0.000010 0.293528 0.081833
0.471419 0.022480 0.060628 0.147308 0.000010 0.000010 0.018432 0.279703 0.000010
0.470175 0.000010 0.000010 0.151329 0.000010 0.000010 0.046852 0.313951 0.017653
0.489726 0.046454 0.075422 0.000010 0.106141 0.000010 0.029615 0.252613 0.000010
0.281612 0.119012 0.007898 0.000010 0.062722 0.000010 0.063055 0.465671 0.000010
0.543995 0.098341 0.095688 0.019551 0.052163 0.000010 0.049936 0.140305 0.000010
0.390216 0.000010 0.015512 0.129607 0.000010 0.000010 0.000010 0.464615 0.000010
0.615680 0.000010 0.053865 0.075262 0.000010 0.000010 0.000010 0.255143 0.000010
0.206366 0.000010 0.000010 0.000010 0.265914 0.000010 0.000010 0.527660 0.000010
0.649513 0.025568 0.118795 0.021063 0.039303 0.015344 0.000010 0.130394 0.000010
0.450001 0.013929 0.017843 0.270970 0.000010 0.000010 0.000010 0.247217 0.000010
0.379857 0.000010 0.000010 0.000010 0.175265 0.000010 0.000010 0.328994 0.115835
0.752413 0.000010 0.000010 0.000010 0.067189 0.017474 0.000010 0.143088 0.019797
0.343362 0.000010 0.000010 0.074951 0.116304 0.000010 0.000010 0.465333 0.000010
0.339004 0.000010 0.072804 0.014282 0.050467 0.000010 0.140510 0.381305 0.001609
0.459665 0.000010 0.000010 0.000010 0.000010 0.000010 0.029866 0.464854 0.045565
0.598897 0.000010 0.000010 0.000010 0.025503 0.002698 0.042590 0.330271 0.000010
0.594987 0.000010 0.107349 0.000010 0.000010 0.000010 0.000010 0.297603 0.000010
0.500857 0.017541 0.000010 0.013749 0.077859 0.000010 0.039271 0.350694 0.000010
0.776391 0.037458 0.000010 0.000010 0.000010 0.018549 0.000010 0.150837 0.016726
0.610256 0.000010 0.000010 0.000010 0.047892 0.000010 0.000010 0.111304 0.230498
0.664827 0.061047 0.096362 0.071199 0.000010 0.055162 0.000010 0.051373 0.000010
0.549859 0.000010 0.000010 0.027769 0.015268 0.000010 0.051493 0.353858 0.001723
0.561514 0.000010 0.052436 0.000010 0.076854 0.000010 0.000010 0.295469 0.013688
0.554622 0.000010 0.000010 0.000010 0.000010 0.000010 0.088270 0.357048 0.000010
0.454309 0.000010 0.000010 0.165771 0.003767 0.015998 0.061622 0.187958 0.110556
0.565501 0.000010 0.000010 0.000010 0.000010 0.069171 0.000010 0.224300 0.140977
0.588453 0.000010 0.133027 0.067111 0.016390 0.014640 0.027584 0.130670 0.022115
0.567857 0.000010 0.000010 0.024857 0.000010 0.000010 0.046261 0.336388 0.024597
0.599803 0.000010 0.000010 0.000010 0.065991 0.000010 0.051858 0.177424 0.104884
0.465742 0.000010 0.000010 0.172837 0.000010 0.000010 0.020363 0.341008 0.000010
0.322203 0.000010 0.109806 0.000010 0.000010 0.000010 0.103092 0.167290 0.297568
0.081889 0.000010 0.000010 0.000010 0.000010 0.150871 0.000010 0.000010 0.767181
0.676457 0.006743 0.000010 0.034726 0.007740 0.060759 0.000010 0.188886 0.024669
0.389633 0.029613 0.000010 0.000010 0.055956 0.060166 0.000010 0.370098 0.094504
0.651421 0.000010 0.000010 0.000010 0.053056 0.000010 0.000010 0.295463 0.000010
0.606390 0.000010 0.000010 0.076338 0.044070 0.051927 0.000010 0.221234 0.000010
0.377526 0.093538 0.000010 0.036833 0.048471 0.022548 0.048614 0.372451 0.000010
0.558732 0.000010 0.000010 0.000010 0.072503 0.000010 0.000010 0.288644 0.080071
0.532563 0.000010 0.000010 0.000010 0.048287 0.000010 0.000010 0.330429 0.088671
0.389349 0.000010 0.000010 0.000010 0.000010 0.000010 0.146224 0.168568 0.295810
0.372401 0.000010 0.000010 0.000010 0.168964 0.000010 0.000010 0.429539 0.029045
0.502990 0.000010 0.000010 0.000010 0.000010 0.000010 0.000010 0.382485 0.114464
0.587303 0.000010 0.030971 0.002807 0.037741 0.000010 0.000010 0.289244 0.051905
0.412327 0.000010 0.050349 0.201902 0.000010 0.055253 0.033284 0.225468 0.021397
0.485290 0.068331 0.015882 0.000010 0.000010 0.000010 0.000010 0.030401 0.400056
0.440619 0.000010 0.000010 0.000010 0.000010 0.000010 0.031769 0.450114 0.077448
0.480640 0.000010 0.000010 0.000010 0.000010 0.000010 0.100736 0.190029 0.228545
0.420100 0.056247 0.045665 0.000010 0.009435 0.000010 0.000010 0.306383 0.162140
0.580259 0.124906 0.000010 0.001267 0.000010 0.025606 0.000010 0.235248 0.032684
0.552630 0.127230 0.061358 0.000010 0.015037 0.000010 0.000010 0.243705 0.000010
0.580552 0.000010 0.000010 0.000010 0.020411 0.000010 0.000010 0.398977 0.000010
0.547787 0.000010 0.000010 0.073806 0.084187 0.000010 0.000010 0.189228 0.104952
0.591415 0.107314 0.029026 0.000010 0.000010 0.000010 0.000010 0.200371 0.071835
0.211417 0.034776 0.000010 0.026451 0.045967 0.000010 0.057583 0.518058 0.105728
0.383607 0.000010 0.000010 0.144724 0.046872 0.044134 0.000010 0.210935 0.169698
0.507545 0.000010 0.009623 0.000010 0.089688 0.000010 0.050450 0.125280 0.217385
0.479103 0.000010 0.000010 0.000010 0.000010 0.000010 0.127395 0.188755 0.204697
0.609598 0.000010 0.023815 0.000010 0.054209 0.000010 0.000010 0.231375 0.080963
0.319954 0.048659 0.000010 0.039094 0.119294 0.127958 0.000010 0.289009 0.056012
0.560151 0.002453 0.005119 0.000010 0.031712 0.048770 0.041751 0.288167 0.021866
0.641423 0.070917 0.016016 0.000010 0.000010 0.038144 0.000010 0.192479 0.040991
0.679358 0.035974 0.000010 0.000010 0.166626 0.000010 0.000010 0.022269 0.095733
0.347620 0.090812 0.000010 0.216396 0.000010 0.046504 0.000010 0.150417 0.148222
0.000010 0.000010 0.000010 0.000010 0.727458 0.000010 0.220824 0.000010 0.051658
0.000010 0.000010 0.000010 0.000010 0.867641 0.009303 0.122996 0.000010 0.000010
0.000010 0.000010 0.000010 0.047951 0.935070 0.000010 0.016919 0.000010 0.000010
0.000010 0.000010 0.038683 0.015451 0.895463 0.000010 0.036084 0.000010 0.014278
0.000010 0.000010 0.000010 0.000010 0.911951 0.000010 0.087979 0.000010 0.000010
0.000010 0.000010 0.105575 0.000010 0.802203 0.000010 0.092163 0.000010 0.000010
0.081599 0.000010 0.103973 0.000010 0.647430 0.000010 0.101643 0.000010 0.065315
0.550339 0.000010 0.000010 0.170547 0.158435 0.000010 0.083699 0.036941 0.000010
0.731764 0.015387 0.000010 0.034580 0.012897 0.000010 0.022951 0.182391 0.000010
0.392224 0.053095 0.000010 0.306761 0.141674 0.000010 0.000010 0.106206 0.000010
0.820322 0.000010 0.000010 0.115711 0.008000 0.000010 0.000010 0.055917 0.000010
0.422187 0.047901 0.000010 0.004847 0.108489 0.005113 0.010571 0.400872 0.000010
0.563471 0.000010 0.012275 0.083756 0.047086 0.018903 0.024060 0.250429 0.000010
0.539149 0.056089 0.000010 0.231756 0.000010 0.000010 0.000010 0.172956 0.000010
0.238819 0.000010 0.058448 0.212982 0.119020 0.019709 0.020026 0.330976 0.000010
0.524373 0.000010 0.000010 0.229457 0.000010 0.136380 0.000010 0.109739 0.000010
0.859813 0.069685 0.000010 0.000010 0.000010 0.000010 0.030614 0.039839 0.000010
0.363285 0.000010 0.064468 0.050827 0.000010 0.099935 0.000010 0.253937 0.167519
0.819165 0.000010 0.000010 0.000010 0.000010 0.000010 0.000010 0.180765 0.000010
0.319019 0.057172 0.000010 0.000010 0.038216 0.000010 0.000010 0.314246 0.271308
0.433099 0.000010 0.000010 0.000010 0.000010 0.000010 0.045995 0.474474 0.046382
0.324947 0.000010 0.127366 0.000010 0.000010 0.115013 0.000010 0.405899 0.026734
0.567716 0.019279 0.000010 0.000010 0.112829 0.000010 0.105656 0.194480 0.000010
0.508978 0.048624 0.000010 0.000010 0.000010 0.060438 0.000010 0.381910 0.000010
0.780083 0.000010 0.051639 0.000010 0.000010 0.000010 0.000010 0.060411 0.107818
0.422178 0.136968 0.026813 0.108664 0.000010 0.019458 0.008561 0.257958 0.019390
0.427320 0.000010 0.000010 0.000010 0.036947 0.000010 0.128434 0.229720 0.177538
0.563701 0.000010 0.004460 0.000010 0.110793 0.000010 0.000010 0.173896 0.147111
0.463264 0.078071 0.000010 0.000010 0.000010 0.000010 0.000010 0.166419 0.292196
0.681155 0.000010 0.000010 0.000010 0.000010 0.014497 0.000010 0.285104 0.019194
0.385197 0.020861 0.011669 0.228885 0.005819 0.000010 0.069549 0.278000 0.000010
0.725597 0.000010 0.000010 0.017758 0.000010 0.000010 0.000010 0.183552 0.073044
0.358318 0.000010 0.000771 0.226724 0.113528 0.000010 0.013215 0.287415 0.000010
0.277074 0.000010 0.000010 0.000010 0.025999 0.032425 0.077538 0.155677 0.431256
0.110998 0.081492 0.075894 0.106248 0.000010 0.000010 0.000010 0.264585 0.360753
0.388921 0.070118 0.079390 0.017688 0.116020 0.019309 0.000010 0.308534 0.000010
0.521526 0.000010 0.000010 0.024331 0.000010 0.000010 0.059603 0.360962 0.033538
0.463063 0.000010 0.000010 0.000010 0.000010 0.000010 0.166852 0.370025 0.000010
0.578591 0.000010 0.037946 0.000010 0.067587 0.000010 0.023740 0.194037 0.098069
0.466732 0.000010 0.000010 0.108437 0.017533 0.035725 0.033904 0.208801 0.128849
0.441739 0.021593 0.000010 0.000010 0.083020 0.000010 0.086879 0.288623 0.078116
0.595529 0.091971 0.011271 0.000010 0.000010 0.011239 0.000010 0.118517 0.171443
0.000010 0.862051 0.000010 0.000010 0.000010 0.000010 0.100252 0.000010 0.037637
0.000010 0.964547 0.000010 0.000010 0.000010 0.035383 0.000010 0.000010 0.000010
0.000010 0.907129 0.000010 0.000010 0.000010 0.000010 0.061873 0.030938 0.000010
0.000010 0.875065 0.000010 0.000832 0.004403 0.030282 0.033998 0.055391 0.000010
0.000010 0.000010 0.252076 0.000010 0.180291 0.000010 0.265296 0.170445 0.131852
0.000010 0.023944 0.416707 0.000010 0.000010 0.000010 0.452651 0.064075 0.042582
0.000010 0.052810 0.292808 0.087734 0.086892 0.000010 0.451792 0.000010 0.027934
0.000010 0.044497 0.511990 0.054275 0.134270 0.000010 0.254928 0.000010 0.000010
0.000010 0.184020 0.214516 0.000010 0.000010 0.000010 0.422773 0.178641 0.000010
0.000010 0.015205 0.465800 0.196107 0.000010 0.000010 0.322838 0.000010 0.000010
0.015347 0.000010 0.570400 0.043436 0.115263 0.000010 0.209413 0.019990 0.026132
0.000010 0.000010 0.359317 0.000010 0.000010 0.000010 0.561805 0.010314 0.068513
0.025247 0.040099 0.410627 0.000010 0.000010 0.000010 0.479899 0.044088 0.000010
0.000010 0.133667 0.299419 0.000010 0.084219 0.000010 0.482645 0.000010 0.000010
0.451603 0.000010 0.000010 0.000010 0.000010 0.000010 0.126709 0.304382 0.117256
0.491747 0.000010 0.001686 0.000010 0.048275 0.000010 0.072053 0.386199 0.000010
0.411182 0.000010 0.000010 0.000010 0.020888 0.000010 0.083882 0.279502 0.204506
0.556418 0.000010 0.035022 0.000010 0.000010 0.000010 0.000010 0.248767 0.159742
0.563251 0.000010 0.000010 0.000010 0.000010 0.066638 0.077615 0.256594 0.035861
0.368468 0.000010 0.000010 0.108896 0.006312 0.002204 0.017466 0.496623 0.000010
0.579094 0.000010 0.000010 0.067054 0.079656 0.042633 0.000010 0.185661 0.045872
0.403662 0.000010 0.000010 0.139841 0.000010 0.000010 0.047751 0.408696 0.000010
0.618575 0.000010 0.000010 0.000010 0.138521 0.000010 0.000010 0.163153 0.079701
0.499876 0.030335 0.000010 0.000010 0.000010 0.034821 0.048657 0.251620 0.134660
0.745917 0.067776 0.000010 0.000010 0.000010 0.038157 0.039371 0.108738 0.000010
0.560866 0.009146 0.015041 0.000010 0.000010 0.000010 0.027387 0.303745 0.083784
0.530098 0.004800 0.046125 0.031297 0.014717 0.000010 0.216988 0.059689 0.096276
0.368813 0.000010 0.000010 0.109888 0.108177 0.000010 0.000010 0.413073 0.000010
0.709602 0.000010 0.000010 0.076338 0.000010 0.000010 0.034019 0.169248 0.010753
0.546113 0.000010 0.000010 0.086699 0.068961 0.000010 0.000010 0.269043 0.029145
0.502094 0.000010 0.000010 0.034778 0.000010 0.000010 0.081244 0.378877 0.002967
0.459059 0.000010 0.034938 0.000010 0.000010 0.000010 0.057519 0.448434 0.000010
0.420805 0.000010 0.000010 0.000010 0.159139 0.000010 0.000010 0.419995 0.000010
0.561153 0.000010 0.000010 0.000010 0.082962 0.000010 0.042046 0.223429 0.090370
0.569129 0.001801 0.046478 0.024033 0.020020 0.000010 0.000010 0.253222 0.085297
0.092432 0.000010 0.501928 0.000010 0.000010 0.000010 0.265397 0.017141 0.123063
0.000010 0.000010 0.637616 0.054553 0.000010 0.000010 0.257489 0.050293 0.000010
0.000010 0.000010 0.627356 0.076471 0.072311 0.000010 0.151925 0.036582 0.035325
0.000010 0.079025 0.562779 0.000010 0.000010 0.044509 0.313637 0.000010 0.000010
0.000010 0.128546 0.587634 0.033959 0.000010 0.000010 0.245522 0.000010 0.004299
0.000010 0.000010 0.495540 0.047792 0.000010 0.000010 0.456608 0.000010 0.000010
0.057629 0.000010 0.661326 0.000010 0.061840 0.000010 0.219155 0.000010 0.000010
0.000010 0.010707 0.539347 0.008104 0.047684 0.000010 0.394118 0.000010 0.000010
0.000010 0.109918 0.661397 0.070166 0.000010 0.000010 0.158469 0.000010 0.000010
0.000010 0.048397 0.680353 0.025645 0.117643 0.014591 0.103152 0.010198 0.000010
0.000010 0.000010 0.726035 0.000010 0.000010 0.000010 0.273895 0.000010 0.000010
0.108181 0.000010 0.692018 0.000010 0.020584 0.000010 0.179168 0.000010 0.000010
0.061731 0.000010 0.660520 0.000010 0.000010 0.013194 0.264505 0.000010 0.000010
0.000010 0.000010 0.851263 0.001842 0.000010 0.000010 0.117915 0.000010 0.028931
0.000010 0.082156 0.787385 0.004995 0.000010 0.000010 0.125415 0.000010 0.000010
0.000010 0.000010 0.749772 0.056108 0.013579 0.000010 0.175195 0.005305 0.000010
0.000010 0.091864 0.631585 0.000010 0.000010 0.000010 0.276491 0.000010 0.000010
0.000010 0.000010 0.734797 0.000010 0.000010 0.000010 0.241442 0.000010 0.023701
0.000010 0.000010 0.663739 0.000327 0.000010 0.000010 0.335532 0.000010 0.000352
0.000010 0.000010 0.739998 0.000010 0.040840 0.013856 0.205255 0.000010 0.000010
0.000010 0.080643 0.688038 0.000010 0.054583 0.000010 0.176685 0.000010 0.000010
0.000010 0.044249 0.536339 0.000010 0.017329 0.000010 0.252389 0.149654 0.000010
0.051121 0.102805 0.631852 0.000010 0.000010 0.000010 0.139521 0.000010 0.074661
0.000010 0.000010 0.701927 0.084099 0.000010 0.000010 0.213914 0.000010 0.000010
0.000010 0.000010 0.766975 0.037792 0.070707 0.000010 0.113650 0.000010 0.010836
0.000010 0.000010 0.706571 0.018781 0.000010 0.000010 0.240829 0.000010 0.033769
0.000010 0.021357 0.724278 0.000010 0.000010 0.000010 0.235551 0.000010 0.018764
0.000010 0.000010 0.675035 0.052363 0.000010 0.000010 0.269443 0.003109 0.000010
0.000010 0.000010 0.688021 0.000010 0.000010 0.000010 0.266228 0.000010 0.045691
0.000010 0.000010 0.440985 0.103059 0.032767 0.023323 0.399825 0.000010 0.000010
0.000010 0.000010 0.807248 0.000010 0.000010 0.000010 0.192682 0.000010 0.000010
0.000010 0.000010 0.644324 0.000010 0.000010 0.000010 0.342969 0.000010 0.012647
0.000010 0.000010 0.656269 0.000010 0.035462 0.000010 0.274863 0.033356 0.000010
0.000010 0.000010 0.481616 0.000010 0.148000 0.000010 0.353431 0.016903 0.000010
0.000010 0.000010 0.612168 0.072729 0.000010 0.000010 0.271457 0.017805 0.025801
0.000010 0.000010 0.722561 0.000010 0.093190 0.000010 0.184189 0.000010 0.000010
0.000010 0.000010 0.459357 0.054329 0.028357 0.000010 0.283462 0.068583 0.105882
0.000010 0.099589 0.521671 0.084875 0.049940 0.000010 0.233151 0.010744 0.000010
0.000010 0.094365 0.578459 0.000010 0.000010 0.000010 0.327117 0.000010 0.000010
0.000010 0.000010 0.240541 0.010932 0.503151 0.000010 0.245326 0.000010 0.000010
0.000010 0.000010 0.000010 0.000010 0.999920 0.000010 0.000010 0.000010 0.000010
0.000010 0.009858 0.759594 0.000010 0.075413 0.000010 0.155086 0.000010 0.000010
0.000010 0.000010 0.826104 0.034623 0.000010 0.000010 0.139213 0.000010 0.000010
0.642073 0.000010 0.059852 0.018074 0.000010 0.059453 0.000010 0.220509 0.000010
0.298682 0.000010 0.129094 0.345459 0.121263 0.000010 0.000010 0.082891 0.022580
0.499021 0.035155 0.046319 0.086797 0.061759 0.023762 0.014524 0.232653 0.000010
0.489530 0.000010 0.004885 0.000010 0.000010 0.000010 0.096761 0.355259 0.053526
0.312006 0.000010 0.022999 0.295361 0.000010 0.023925 0.094817 0.250862 0.000010
0.659422 0.000010 0.018464 0.000010 0.000010 0.021493 0.041927 0.253805 0.004859
0.554685 0.000010 0.000010 0.023561 0.000010 0.000010 0.021653 0.362611 0.037450
0.451000 0.067487 0.000010 0.162669 0.000010 0.000010 0.000010 0.318794 0.000010
0.497766 0.272798 0.000010 0.000010 0.000010 0.019732 0.000010 0.209654 0.000010
0.587690 0.177436 0.000010 0.000010 0.070986 0.021122 0.000010 0.060557 0.082178
0.462504 0.000010 0.003497 0.360168 0.000010 0.009854 0.000010 0.163937 0.000010
0.517604 0.063327 0.000010 0.122556 0.075682 0.000010 0.045465 0.158551 0.016795
0.443153 0.200406 0.000010 0.019207 0.000010 0.000010 0.000010 0.337184 0.000010
0.000010 0.000010 0.685871 0.000010 0.018011 0.000010 0.296058 0.000010 0.000010
0.000010 0.000010 0.646334 0.000010 0.000010 0.000010 0.353596 0.000010 0.000010
0.000010 0.041292 0.603316 0.000010 0.000010 0.000010 0.340784 0.000010 0.014557
0.022757 0.008533 0.668783 0.000010 0.132727 0.000010 0.167160 0.000010 0.000010
0.000010 0.000010 0.653074 0.108018 0.000010 0.000010 0.238849 0.000010 0.000010
0.000010 0.060783 0.599489 0.064175 0.000010 0.000010 0.234078 0.041436 0.000010
0.000010 0.000010 0.627388 0.054515 0.043543 0.000010 0.267674 0.006840 0.000010
0.000010 0.087476 0.760016 0.000010 0.000010 0.000010 0.152448 0.000010 0.000010
0.000010 0.000010 0.672439 0.000010 0.000010 0.000010 0.327491 0.000010 0.000010
0.000010 0.000010 0.610286 0.000010 0.000010 0.000010 0.389644 0.000010 0.000010
0.000010 0.000010 0.704987 0.000010 0.000010 0.000010 0.231598 0.043544 0.019821
0.000010 0.172800 0.682976 0.000010 0.000010 0.016492 0.127682 0.000010 0.000010
