0.417150 0.046174 0.000010 0.024121 0.000010 0.000010 0.000010 0.363705 0.148811
0.312605 0.112833 0.035207 0.032947 0.000010 0.000010 0.174500 0.196909 0.134979
0.375365 0.000010 0.049038 0.000010 0.096708 0.027160 0.000128 0.437414 0.014167
0.422427 0.000010 0.000010 0.000010 0.000010 0.000010 0.051724 0.525789 0.000010
0.269073 0.000010 0.128086 0.059397 0.011248 0.000010 0.076653 0.442070 0.013453
0.001138 0.031818 0.083395 0.000010 0.060017 0.237191 0.039061 0.162954 0.384416
0.222365 0.000010 0.000010 0.168010 0.082478 0.000010 0.000010 0.527097 0.000010
0.122494 0.056340 0.050095 0.225129 0.126451 0.087848 0.055884 0.275749 0.000010
0.176903 0.000010 0.086627 0.106959 0.000010 0.000010 0.209285 0.420185 0.000010
0.474894 0.027756 0.000010 0.157944 0.000010 0.048879 0.000010 0.257492 0.033006
0.257884 0.000010 0.000010 0.147594 0.000010 0.000010 0.086481 0.507991 0.000010
0.131283 0.096874 0.000010 0.183736 0.015743 0.000010 0.216800 0.355533 0.000010
0.000010 0.000010 0.209267 0.000010 0.000010 0.000010 0.159661 0.330469 0.300552
0.000221 0.033284 0.000010 0.230497 0.002413 0.064590 0.250647 0.302087 0.116250
0.403574 0.000010 0.000010 0.000010 0.000010 0.000010 0.101737 0.429903 0.064737
0.493430 0.078873 0.012594 0.047045 0.013429 0.000010 0.000010 0.218320 0.136289
0.356840 0.000010 0.045460 0.259988 0.000010 0.000010 0.000010 0.337662 0.000010
0.408505 0.037798 0.000010 0.000010 0.000010 0.059496 0.000010 0.395346 0.098815
0.475977 0.050155 0.000010 0.119355 0.037539 0.112076 0.023305 0.113519 0.068064
0.415727 0.000010 0.000010 0.226993 0.000010 0.021604 0.000010 0.264401 0.071235
0.423890 0.000010 0.000010 0.009549 0.000010 0.000010 0.000010 0.566502 0.000010
0.524599 0.000010 0.000010 0.000010 0.000010 0.060902 0.000010 0.414439 0.000010
0.499013 0.090646 0.000010 0.032355 0.000010 0.000010 0.070067 0.307880 0.000010
0.293039 0.000010 0.039813 0.000010 0.087184 0.000010 0.047855 0.504219 0.027859
0.140149 0.000010 0.071256 0.095399 0.018017 0.000010 0.092932 0.536071 0.046156
0.337440 0.000010 0.025981 0.253648 0.001768 0.018808 0.000010 0.362325 0.000010
0.412567 0.077585 0.000010 0.000010 0.000010 0.000010 0.026390 0.367485 0.115932
0.456355 0.000010 0.027446 0.054283 0.031339 0.000010 0.025417 0.299746 0.105394
0.099191 0.022846 0.000010 0.141261 0.000010 0.000010 0.210259 0.425443 0.100970
0.178315 0.000010 0.000010 0.070152 0.000010 0.000010 0.061085 0.522605 0.167802
0.374157 0.131663 0.000010 0.000010 0.000010 0.000010 0.000010 0.494120 0.000010
0.291262 0.047798 0.000010 0.125477 0.000010 0.000010 0.169101 0.295928 0.070404
0.240495 0.000010 0.000010 0.000010 0.000010 0.000010 0.102109 0.657336 0.000010
0.625139 0.037849 0.000010 0.000010 0.000011 0.000010 0.000010 0.331998 0.004963
0.227692 0.000010 0.000010 0.054671 0.000010 0.000010 0.031686 0.655018 0.030893
0.484928 0.053763 0.000010 0.097250 0.000010 0.000010 0.020955 0.343065 0.000010
0.202773 0.000010 0.101757 0.149249 0.000010 0.000010 0.000010 0.546171 0.000010
0.012977 0.035827 0.079839 0.352447 0.000010 0.050236 0.000010 0.268930 0.199723
0.323537 0.067615 0.000010 0.230841 0.000010 0.000010 0.000010 0.287871 0.090096
0.302916 0.000010 0.000010 0.039955 0.036979 0.000010 0.090882 0.473114 0.056123
0.318942 0.000010 0.127382 0.175792 0.000010 0.000010 0.057675 0.320169 0.000010
0.221444 0.000010 0.000015 0.086165 0.000010 0.000010 0.178075 0.455211 0.059060
0.197779 0.044094 0.000010 0.211647 0.133574 0.044587 0.050831 0.302098 0.015380
0.323798 0.052681 0.000010 0.000010 0.085074 0.000010 0.223683 0.314724 0.000010
0.257448 0.050634 0.000010 0.037099 0.084965 0.000010 0.068190 0.501634 0.000010
0.210337 0.034173 0.152456 0.121067 0.000010 0.000010 0.000010 0.342416 0.139521
0.266990 0.000010 0.173811 0.140253 0.042868 0.000010 0.000010 0.376038 0.000010
0.285593 0.000010 0.114524 0.060440 0.152903 0.012036 0.000010 0.289610 0.084873
0.333148 0.071680 0.286610 0.000010 0.000010 0.000010 0.075898 0.232624 0.000010
0.000309 0.167741 0.308040 0.223918 0.000010 0.000010 0.000010 0.299952 0.000010
0.000010 0.115695 0.607004 0.141682 0.017704 0.000010 0.036116 0.029165 0.052614
0.000010 0.133608 0.635665 0.031457 0.043779 0.000010 0.075627 0.000010 0.079834
0.238576 0.026049 0.236617 0.071875 0.018760 0.000010 0.000010 0.396895 0.011209
0.315194 0.097282 0.207624 0.000010 0.000010 0.000010 0.000010 0.379850 0.000010
0.226112 0.000012 0.106316 0.070328 0.034586 0.069178 0.007537 0.485922 0.000010
0.125804 0.050976 0.183376 0.162883 0.279481 0.021526 0.000010 0.065997 0.109947
0.092845 0.074592 0.541798 0.000010 0.000010 0.000010 0.000010 0.229953 0.060772
0.177569 0.000010 0.107078 0.114450 0.000542 0.000010 0.101138 0.499193 0.000010
0.115162 0.199995 0.247236 0.066207 0.000010 0.007241 0.000010 0.364128 0.000010
0.311617 0.000010 0.321405 0.107212 0.000010 0.000010 0.000010 0.247433 0.012294
0.179557 0.000010 0.343489 0.095768 0.000010 0.000010 0.049778 0.331369 0.000010
0.150177 0.000010 0.096531 0.230151 0.031920 0.000010 0.053138 0.438053 0.000010
0.344993 0.117058 0.399397 0.000010 0.000010 0.000010 0.000010 0.138501 0.000010
0.213932 0.015035 0.510988 0.000012 0.000010 0.000014 0.100706 0.159293 0.000010
0.116100 0.028213 0.454549 0.191985 0.000010 0.080008 0.105451 0.000010 0.023673
0.070161 0.000010 0.425946 0.050123 0.000010 0.000010 0.000010 0.349070 0.104659
0.000010 0.103772 0.467373 0.197966 0.000010 0.000010 0.031441 0.199408 0.000010
0.103643 0.150375 0.247904 0.101928 0.107568 0.000010 0.164219 0.124343 0.000010
0.157551 0.070196 0.438772 0.000010 0.000010 0.000010 0.106012 0.227428 0.000010
0.298691 0.000012 0.190665 0.151274 0.000010 0.000010 0.049391 0.309937 0.000010
0.231993 0.058241 0.000010 0.008199 0.041096 0.144915 0.094675 0.243868 0.177004
0.330516 0.070384 0.000010 0.285939 0.000010 0.082644 0.025330 0.205157 0.000010
0.385310 0.000010 0.000010 0.000010 0.000010 0.015100 0.000010 0.551682 0.047857
0.275221 0.000010 0.060647 0.000010 0.155144 0.000010 0.000010 0.508938 0.000010
0.413220 0.000010 0.080193 0.123080 0.000010 0.000010 0.040019 0.343449 0.000010
0.442420 0.036974 0.000010 0.087243 0.000010 0.000010 0.074645 0.302719 0.055969
0.260487 0.000010 0.123974 0.000010 0.013914 0.000010 0.071151 0.523659 0.006784
0.329863 0.002159 0.043370 0.002875 0.000010 0.000010 0.024238 0.244909 0.352565
0.513191 0.000010 0.123328 0.000010 0.018955 0.000010 0.000010 0.282352 0.062135
0.195635 0.000010 0.048004 0.000010 0.000010 0.000010 0.154240 0.602071 0.000010
0.322209 0.134000 0.000010 0.040417 0.000010 0.000010 0.132710 0.370624 0.000010
0.199388 0.000013 0.243922 0.184658 0.000010 0.000010 0.023421 0.348568 0.000010
0.454736 0.066499 0.122750 0.013931 0.070874 0.000010 0.011720 0.259469 0.000010
0.302266 0.000010 0.000010 0.230280 0.000010 0.000010 0.000010 0.457464 0.009941
0.227280 0.013877 0.128748 0.233626 0.000010 0.030291 0.000010 0.190346 0.175812
0.281420 0.000010 0.000010 0.116364 0.003964 0.000010 0.078900 0.493788 0.025533
0.196077 0.000010 0.129013 0.000010 0.000010 0.000010 0.152164 0.332911 0.189795
0.455480 0.139812 0.000010 0.000010 0.027714 0.000010 0.029424 0.347530 0.000010
0.095866 0.000010 0.000010 0.116689 0.126691 0.028766 0.000010 0.264748 0.367210
0.078036 0.000010 0.177299 0.320723 0.000010 0.000010 0.000010 0.137884 0.286018
0.297342 0.033949 0.102240 0.157059 0.000010 0.000010 0.000010 0.218887 0.190494
0.347883 0.000010 0.000010 0.089718 0.000010 0.000010 0.140715 0.325290 0.096355
0.246438 0.000010 0.184624 0.000010 0.000010 0.000010 0.000010 0.484507 0.084381
0.272624 0.035828 0.000010 0.076251 0.078455 0.000010 0.000010 0.527739 0.009074
0.416170 0.000010 0.061986 0.044844 0.000010 0.022073 0.007389 0.413514 0.034003
0.236856 0.046701 0.000010 0.000010 0.000010 0.067685 0.106085 0.542633 0.000010
0.136158 0.038581 0.144949 0.013058 0.000010 0.000010 0.178021 0.393274 0.095939
0.197819 0.000010 0.011705 0.034202 0.000010 0.013678 0.148776 0.593790 0.000010
0.047916 0.000010 0.022378 0.000010 0.058404 0.000010 0.231138 0.555521 0.084613
0.133815 0.015904 0.000010 0.000010 0.000010 0.023964 0.171629 0.654648 0.000010
0.230313 0.000010 0.000010 0.145800 0.126520 0.006282 0.000010 0.249829 0.241226
0.381583 0.117283 0.029830 0.000010 0.000010 0.000010 0.087109 0.384155 0.000010
0.086986 0.061787 0.000010 0.174073 0.014365 0.000010 0.101175 0.561584 0.000010
0.079356 0.123392 0.000010 0.140626 0.108687 0.000010 0.026389 0.402963 0.118565
0.282858 0.000010 0.052928 0.012776 0.000010 0.032329 0.160864 0.458215 0.000010
0.156586 0.000010 0.000010 0.160052 0.000010 0.048531 0.102654 0.427838 0.104310
0.346720 0.046603 0.000010 0.071477 0.175640 0.000010 0.000010 0.313189 0.046340
0.382437 0.000010 0.028948 0.000010 0.000010 0.014671 0.005079 0.568825 0.000010
0.000010 0.102540 0.000010 0.198388 0.000010 0.000010 0.308530 0.390491 0.000010
0.257160 0.183245 0.000010 0.092884 0.000010 0.000010 0.058229 0.408441 0.000010
0.382441 0.000010 0.000010 0.079887 0.000010 0.000010 0.204589 0.333033 0.000010
0.170893 0.048967 0.000010 0.000010 0.059566 0.063985 0.162371 0.488796 0.005403
0.163978 0.000010 0.153749 0.000010 0.029056 0.000010 0.047221 0.605956 0.000010
0.453883 0.000010 0.018792 0.000010 0.000010 0.000010 0.123327 0.403330 0.000628
0.132374 0.000010 0.023976 0.078795 0.069618 0.031104 0.095373 0.565505 0.003246
0.344326 0.090490 0.000010 0.000010 0.000010 0.000010 0.000010 0.565124 0.000010
0.324059 0.043058 0.000010 0.000010 0.000010 0.015976 0.157932 0.458935 0.000010
0.546637 0.104536 0.000010 0.000010 0.047068 0.000010 0.019617 0.282101 0.000010
0.059115 0.151432 0.044069 0.000010 0.000010 0.000010 0.186077 0.542597 0.016681
0.266883 0.214653 0.021709 0.000010 0.100910 0.000010 0.000010 0.395806 0.000010
0.515573 0.000010 0.029229 0.017280 0.029878 0.000010 0.000010 0.336903 0.071107
0.408280 0.146591 0.020533 0.000010 0.000010 0.000010 0.000010 0.424545 0.000010
0.343726 0.000010 0.149864 0.188316 0.012548 0.000010 0.000010 0.264400 0.041115
0.108973 0.176038 0.003483 0.054247 0.093442 0.000010 0.182210 0.358383 0.023214
0.325133 0.070679 0.207696 0.000010 0.000018 0.000010 0.146192 0.250253 0.000010
0.138991 0.112043 0.078301 0.204462 0.000010 0.000010 0.170030 0.296144 0.000010
0.083961 0.000010 0.189359 0.000010 0.000010 0.101218 0.162820 0.462602 0.000010
0.105114 0.114047 0.000010 0.218269 0.120032 0.000010 0.026313 0.369546 0.046658
0.232992 0.011963 0.000010 0.058502 0.000010 0.061969 0.110715 0.523829 0.000010
0.377263 0.000010 0.000010 0.051578 0.000010 0.000010 0.000010 0.571099 0.000010
0.316913 0.000010 0.000010 0.000010 0.075495 0.000010 0.151421 0.371057 0.085074
0.122172 0.000010 0.045081 0.022458 0.029845 0.000010 0.179147 0.601267 0.000010
0.449003 0.002997 0.000010 0.166468 0.068692 0.000010 0.000010 0.312800 0.000010
0.251168 0.000010 0.000010 0.347124 0.018977 0.039678 0.075031 0.267991 0.000010
0.187664 0.000010 0.026049 0.059254 0.000010 0.000010 0.197305 0.529689 0.000010
0.302472 0.000010 0.112887 0.034571 0.082254 0.000010 0.099635 0.255708 0.112453
0.301678 0.000010 0.000010 0.000010 0.000010 0.099616 0.118226 0.480430 0.000010
0.192446 0.244768 0.000010 0.081715 0.000010 0.000010 0.280398 0.200633 0.000010
0.335346 0.000010 0.085105 0.073988 0.000010 0.016663 0.021929 0.443154 0.023794
0.018031 0.184305 0.000010 0.000010 0.052327 0.060261 0.202434 0.475971 0.006651
0.154197 0.108624 0.000010 0.168767 0.027056 0.022801 0.006456 0.422348 0.089741
0.378035 0.000010 0.041118 0.000010 0.000010 0.000010 0.049678 0.531118 0.000010
0.075673 0.000010 0.135384 0.161217 0.000010 0.000010 0.104059 0.477910 0.045728
0.363099 0.048150 0.000010 0.000010 0.000010 0.000010 0.063878 0.524823 0.000010
0.267306 0.003462 0.000010 0.185628 0.071558 0.013090 0.155862 0.303075 0.000010
0.189823 0.000010 0.198989 0.040264 0.000010 0.000010 0.118449 0.452434 0.000010
0.359939 0.064908 0.000010 0.107914 0.000010 0.000010 0.133414 0.333786 0.000010
0.309870 0.081313 0.077226 0.000010 0.000010 0.000010 0.000010 0.531541 0.000010
0.215805 0.000010 0.096203 0.109390 0.022536 0.000010 0.018643 0.490960 0.046443
0.431470 0.062853 0.048441 0.019148 0.000010 0.000010 0.000010 0.409890 0.028168
0.124481 0.000010 0.044738 0.222716 0.000010 0.000010 0.058965 0.549060 0.000010
0.255746 0.000010 0.000010 0.261409 0.000010 0.000010 0.004255 0.478539 0.000010
0.168363 0.002005 0.038102 0.088836 0.000010 0.000010 0.241539 0.461125 0.000010
0.199286 0.007510 0.076738 0.064762 0.053737 0.067380 0.156864 0.364140 0.009582
0.165329 0.000010 0.091095 0.231845 0.064128 0.015668 0.001079 0.430835 0.000010
0.254027 0.000269 0.085606 0.108399 0.000010 0.023800 0.110938 0.416942 0.000010
0.404879 0.017540 0.288719 0.097820 0.000010 0.018776 0.000010 0.172236 0.000010
0.042356 0.121979 0.000010 0.055638 0.000010 0.076429 0.232776 0.470793 0.000010
0.383197 0.000010 0.000010 0.000010 0.054078 0.017539 0.007131 0.538015 0.000010
0.413891 0.000010 0.062725 0.007331 0.000010 0.010773 0.000010 0.505241 0.000010
0.247075 0.125446 0.000010 0.133815 0.000010 0.069581 0.124003 0.300050 0.000010
0.327806 0.029021 0.000010 0.188760 0.000010 0.016156 0.167168 0.271060 0.000010
0.316244 0.234368 0.115125 0.017458 0.000010 0.000010 0.126915 0.189860 0.000010
0.285759 0.146355 0.045608 0.189815 0.000010 0.000010 0.012283 0.320149 0.000010
0.363280 0.000010 0.138122 0.054946 0.000010 0.019808 0.140746 0.283068 0.000010
0.021405 0.000010 0.089727 0.118464 0.075018 0.000010 0.136659 0.558697 0.000010
0.317214 0.095413 0.112758 0.003656 0.000010 0.000010 0.052089 0.418840 0.000010
0.155784 0.000010 0.000010 0.175915 0.173177 0.014311 0.086908 0.353205 0.040680
0.438695 0.008550 0.137481 0.000010 0.000010 0.007380 0.122595 0.285268 0.000010
0.370907 0.000010 0.000010 0.000010 0.000010 0.032425 0.119770 0.476848 0.000010
0.080455 0.000010 0.157553 0.161015 0.000010 0.014230 0.058409 0.428446 0.099873
0.422848 0.099213 0.052664 0.000010 0.000010 0.000010 0.012709 0.412525 0.000010
0.224108 0.000010 0.000010 0.000010 0.000010 0.028915 0.279653 0.450972 0.016313
0.162160 0.000010 0.000010 0.113845 0.000010 0.088984 0.155417 0.469045 0.010519
0.121369 0.000010 0.081275 0.041821 0.239004 0.011414 0.118969 0.350516 0.035623
0.487326 0.000010 0.050471 0.000010 0.026769 0.033581 0.000010 0.399838 0.001985
0.318083 0.247224 0.000128 0.008902 0.000010 0.000010 0.051914 0.306002 0.067728
0.052311 0.149599 0.000010 0.109532 0.000010 0.070935 0.239124 0.378470 0.000010
0.272764 0.104035 0.124409 0.000010 0.072188 0.003743 0.112347 0.310493 0.000010
0.297744 0.007141 0.148335 0.000010 0.000010 0.017729 0.122671 0.406350 0.000010
0.085572 0.091287 0.019087 0.000010 0.000010 0.019637 0.245633 0.423099 0.115664
0.426381 0.067111 0.000010 0.000010 0.000010 0.000010 0.187807 0.318651 0.000010
0.333817 0.030059 0.089135 0.000010 0.000010 0.000010 0.178667 0.252791 0.115501
0.145503 0.188298 0.102361 0.043002 0.000010 0.000010 0.058352 0.462454 0.000010
0.164754 0.005657 0.000010 0.000010 0.000010 0.003776 0.214592 0.611180 0.000010
0.294410 0.178029 0.314962 0.000010 0.000010 0.000010 0.000010 0.212549 0.000010
0.469667 0.097302 0.002165 0.000010 0.028576 0.000010 0.000010 0.231145 0.171115
0.044321 0.000010 0.000010 0.000010 0.038074 0.508360 0.000010 0.000010 0.409195
0.000010 0.000010 0.000010 0.000010 0.000010 0.670046 0.058965 0.000010 0.270929
0.000010 0.000010 0.000010 0.000010 0.015552 0.412674 0.000010 0.021936 0.549789
0.024423 0.005434 0.000010 0.000018 0.048472 0.414494 0.000010 0.000010 0.507129
0.054062 0.000010 0.000010 0.000010 0.041354 0.304349 0.000010 0.000010 0.600184
0.000010 0.000918 0.000010 0.027470 0.000010 0.299226 0.062694 0.000010 0.609652
0.000010 0.000010 0.000010 0.000010 0.084639 0.625251 0.000010 0.000010 0.290050
0.000010 0.000010 0.000010 0.000010 0.000010 0.364234 0.052326 0.000010 0.583380
0.000010 0.000010 0.000010 0.020729 0.000010 0.521034 0.000010 0.038843 0.419345
0.000010 0.000010 0.000010 0.000010 0.000010 0.230496 0.000010 0.018476 0.750969
0.000010 0.000010 0.000010 0.000010 0.000010 0.396497 0.000010 0.000010 0.603433
0.000010 0.000010 0.000010 0.000010 0.000010 0.235749 0.000010 0.000010 0.764181
0.087823 0.000010 0.000010 0.000010 0.000010 0.565154 0.002561 0.000010 0.344412
0.020658 0.000010 0.000010 0.001022 0.000010 0.595245 0.023906 0.000010 0.359130
0.000010 0.000010 0.014559 0.015614 0.000010 0.483134 0.000010 0.000010 0.486643
0.021208 0.022001 0.000010 0.000010 0.000010 0.467539 0.000010 0.000010 0.489202
0.074109 0.005986 0.000010 0.000010 0.000010 0.460688 0.037074 0.000010 0.422104
0.000010 0.000010 0.023468 0.000010 0.000010 0.689846 0.034946 0.006442 0.245258
0.000010 0.013939 0.000010 0.000010 0.015544 0.521844 0.030455 0.000010 0.418178
0.000010 0.000010 0.000010 0.000010 0.000010 0.368108 0.000010 0.038508 0.593324
0.000010 0.027015 0.000010 0.000010 0.000010 0.479447 0.000010 0.017030 0.476457
0.000010 0.000012 0.000010 0.000010 0.000010 0.344185 0.081919 0.000010 0.573833
0.028991 0.000010 0.000010 0.000010 0.011454 0.254036 0.000010 0.000010 0.705469
0.073167 0.000010 0.000010 0.000010 0.000010 0.648201 0.011722 0.000010 0.266859
0.000010 0.045801 0.000010 0.000010 0.000010 0.320408 0.000010 0.084107 0.549634
0.032810 0.000010 0.000010 0.000010 0.000010 0.696569 0.000010 0.000010 0.270561
0.000010 0.005029 0.000010 0.000010 0.114823 0.404715 0.000010 0.000010 0.475383
0.031981 0.000010 0.000010 0.000010 0.037594 0.393232 0.000010 0.003848 0.533305
0.000010 0.000010 0.026813 0.000010 0.843093 0.000010 0.130034 0.000010 0.000010
0.650145 0.000010 0.000010 0.186030 0.033263 0.000010 0.000010 0.130512 0.000010
0.458113 0.029290 0.000010 0.067431 0.022734 0.036838 0.159115 0.226298 0.000172
0.578285 0.008578 0.000010 0.000010 0.019921 0.000010 0.000010 0.314452 0.078724
0.363805 0.000010 0.029969 0.357989 0.000010 0.000010 0.000010 0.248187 0.000010
0.282565 0.093610 0.000010 0.270212 0.000010 0.000010 0.000010 0.353562 0.000010
0.416010 0.000010 0.062697 0.186852 0.127301 0.000010 0.000010 0.207100 0.000010
0.517475 0.000010 0.146820 0.090558 0.000010 0.045214 0.002696 0.197206 0.000010
0.532661 0.000010 0.000010 0.277349 0.000010 0.000010 0.036703 0.153238 0.000010
0.475952 0.033167 0.067133 0.287503 0.040107 0.000010 0.000010 0.000010 0.096109
0.542946 0.000010 0.000010 0.168196 0.000010 0.004198 0.000010 0.284610 0.000010
0.460888 0.082442 0.000010 0.141229 0.000010 0.000010 0.000010 0.272254 0.043147
0.567292 0.054952 0.000010 0.229766 0.000010 0.017660 0.036786 0.033919 0.059604
0.404153 0.021892 0.000010 0.322760 0.074909 0.021518 0.028727 0.126021 0.000010
0.608688 0.000010 0.000010 0.088004 0.044646 0.023316 0.000010 0.143542 0.091774
0.607606 0.122418 0.000010 0.039831 0.000010 0.000010 0.000010 0.205394 0.024712
0.639530 0.000010 0.058295 0.117367 0.072174 0.000010 0.000010 0.000010 0.112594
0.369771 0.100946 0.000010 0.331752 0.000010 0.007877 0.000010 0.189614 0.000010
0.730394 0.000010 0.045663 0.000010 0.000010 0.000010 0.000010 0.223883 0.000010
0.539749 0.061108 0.000010 0.042904 0.048270 0.000010 0.000869 0.307070 0.000010
0.347172 0.007533 0.073242 0.217749 0.108047 0.000010 0.000010 0.156425 0.089813
0.428418 0.000423 0.000010 0.206573 0.000010 0.000010 0.104168 0.188511 0.071878
0.301911 0.021208 0.000010 0.243876 0.065274 0.025948 0.000010 0.341753 0.000010
0.468650 0.000010 0.000010 0.244273 0.000010 0.039652 0.042387 0.091412 0.113597
0.378802 0.000010 0.000010 0.484351 0.000010 0.000010 0.000010 0.136787 0.000010
0.631690 0.096944 0.000010 0.088093 0.000010 0.000010 0.000010 0.055646 0.127587
0.418855 0.000010 0.000010 0.360635 0.000010 0.000010 0.000010 0.220450 0.000010
0.383487 0.007037 0.152245 0.260532 0.133247 0.009172 0.048358 0.005912 0.000010
0.531420 0.068236 0.017118 0.220972 0.000010 0.000010 0.008787 0.153437 0.000010
0.000010 0.000010 0.000010 0.000010 0.926552 0.000010 0.073378 0.000010 0.000010
0.000010 0.000010 0.121160 0.000010 0.878770 0.000010 0.000010 0.000010 0.000010
0.000010 0.000010 0.002021 0.000010 0.944419 0.000010 0.046618 0.000010 0.006892
0.000010 0.000010 0.000010 0.000010 0.890619 0.000769 0.095095 0.000010 0.013467
0.169504 0.035985 0.057773 0.000010 0.679431 0.000010 0.057267 0.000010 0.000010
0.000010 0.000010 0.011119 0.000010 0.946156 0.000010 0.014883 0.027791 0.000010
0.000010 0.000010 0.000010 0.000010 0.823571 0.000010 0.173510 0.002859 0.000010
0.000010 0.000010 0.000010 0.000010 0.999920 0.000010 0.000010 0.000010 0.000010
0.000010 0.000010 0.000010 0.000015 0.904447 0.000010 0.064841 0.000010 0.030646
0.000010 0.000010 0.000010 0.000010 0.886734 0.000010 0.000010 0.113196 0.000010
0.000010 0.000010 0.000010 0.000010 0.863947 0.000010 0.108192 0.027801 0.000010
0.000010 0.021647 0.091772 0.000010 0.695461 0.000010 0.180241 0.010840 0.000010
0.000010 0.000010 0.000010 0.000010 0.938838 0.000010 0.057871 0.000010 0.003231
0.000010 0.000010 0.000010 0.000010 0.905230 0.000010 0.048902 0.045809 0.000010
0.000010 0.000010 0.000012 0.000010 0.999915 0.000013 0.000010 0.000010 0.000010
0.000010 0.000010 0.000010 0.000010 0.972229 0.000010 0.010515 0.000010 0.017196
0.000010 0.000010 0.004362 0.000010 0.866064 0.000010 0.109207 0.020316 0.000010
0.614411 0.000010 0.000010 0.095768 0.000010 0.000010 0.113899 0.175872 0.000010
0.626141 0.036045 0.000010 0.000264 0.000010 0.000010 0.000010 0.337500 0.000010
0.597595 0.000010 0.000010 0.000010 0.000010 0.011724 0.059633 0.302314 0.028693
0.490066 0.000010 0.000010 0.064594 0.000010 0.000010 0.000010 0.324007 0.121283
0.603993 0.000010 0.091691 0.032631 0.000010 0.092061 0.041901 0.131636 0.006067
0.741065 0.000010 0.000010 0.000010 0.000010 0.018858 0.000010 0.235288 0.004738
0.606444 0.000010 0.000010 0.114301 0.000010 0.097625 0.058711 0.073530 0.049359
0.486722 0.000010 0.000010 0.206938 0.000010 0.000010 0.000010 0.305038 0.001252
0.531908 0.036048 0.000010 0.124980 0.000010 0.000010 0.080168 0.226856 0.000010
0.698272 0.000010 0.043014 0.000010 0.000010 0.000010 0.000010 0.253735 0.004929
0.327863 0.084352 0.000010 0.209730 0.000010 0.066818 0.109551 0.137723 0.063944
0.725123 0.013451 0.028814 0.035296 0.000010 0.000010 0.051525 0.088156 0.057616
0.619108 0.066457 0.000010 0.076032 0.000010 0.026981 0.040922 0.135144 0.035337
0.687300 0.000010 0.013935 0.100605 0.000010 0.000010 0.000010 0.198110 0.000010
0.733937 0.000010 0.000010 0.000010 0.000010 0.000010 0.103390 0.019328 0.143295
0.505305 0.000010 0.000010 0.000010 0.124280 0.000010 0.000010 0.346254 0.024112
0.426179 0.000010 0.000010 0.129408 0.000010 0.000010 0.092986 0.275747 0.075640
0.592048 0.079744 0.000010 0.028302 0.026657 0.000010 0.000010 0.241741 0.031477
0.478608 0.000010 0.003206 0.000010 0.000010 0.000010 0.000010 0.239746 0.278390
0.648979 0.000010 0.042168 0.018813 0.000010 0.000010 0.000010 0.289990 0.000010
0.822936 0.004504 0.000010 0.035431 0.065420 0.000010 0.002456 0.069223 0.000010
0.672369 0.000010 0.000010 0.061413 0.000010 0.000010 0.000010 0.190294 0.075874
0.661274 0.016078 0.001423 0.000010 0.000010 0.000010 0.000010 0.256975 0.064210
0.665527 0.000010 0.000010 0.000010 0.000010 0.000010 0.000010 0.282383 0.052030
0.443627 0.000010 0.000010 0.303046 0.000010 0.000010 0.000010 0.253267 0.000010
0.563450 0.000010 0.000010 0.048673 0.000010 0.000010 0.092570 0.159289 0.135979
0.512472 0.000010 0.000010 0.119924 0.000010 0.000010 0.000010 0.297045 0.070509
0.453133 0.000010 0.068089 0.189797 0.000014 0.043878 0.011403 0.233665 0.000010
0.399534 0.045990 0.153823 0.212981 0.000010 0.000010 0.000010 0.187633 0.000010
0.440338 0.159392 0.000010 0.077141 0.000010 0.000010 0.065850 0.249934 0.007315
0.652019 0.000010 0.000010 0.000010 0.000010 0.000010 0.000010 0.303576 0.044345
0.468353 0.000010 0.000010 0.095928 0.000010 0.000010 0.095153 0.340516 0.000010
0.602586 0.012369 0.032464 0.082561 0.000010 0.057692 0.024271 0.184736 0.003312
0.597767 0.034601 0.028056 0.000010 0.000010 0.000010 0.000010 0.290779 0.048757
0.705212 0.000010 0.071741 0.014485 0.000010 0.072126 0.000010 0.136397 0.000010
0.533586 0.092498 0.002352 0.000010 0.000010 0.000010 0.000010 0.325966 0.045558
0.428223 0.040387 0.000010 0.024455 0.021412 0.000010 0.011282 0.318101 0.156119
0.715516 0.048421 0.000010 0.000010 0.000010 0.108349 0.000010 0.092403 0.035271
0.756693 0.000010 0.000010 0.000010 0.000010 0.000010 0.000010 0.209222 0.034025
0.468264 0.000010 0.000010 0.000010 0.000010 0.000010 0.000010 0.531666 0.000010
0.631899 0.000010 0.000010 0.186468 0.000010 0.014591 0.041541 0.073500 0.051972
0.262153 0.000010 0.000010 0.134038 0.000010 0.000010 0.002973 0.295946 0.304851
0.489522 0.000010 0.000010 0.003930 0.088697 0.093869 0.001366 0.194122 0.128473
0.620526 0.000010 0.000010 0.011013 0.003744 0.097061 0.000010 0.226219 0.041406
0.633650 0.000010 0.000010 0.079412 0.000010 0.000010 0.001739 0.285149 0.000010
0.526089 0.021686 0.047673 0.021186 0.000010 0.000010 0.000010 0.141736 0.241601
0.690951 0.000010 0.000010 0.000010 0.051706 0.000010 0.000010 0.164382 0.092911
0.651307 0.064550 0.000012 0.000010 0.000010 0.030512 0.000010 0.253579 0.000010
0.558052 0.044868 0.029772 0.177700 0.000010 0.033928 0.000010 0.007451 0.148209
0.593466 0.000010 0.000010 0.000010 0.000010 0.000010 0.000010 0.338538 0.067936
0.572977 0.000010 0.000010 0.000010 0.000010 0.015283 0.007634 0.322811 0.081255
0.460366 0.052068 0.035489 0.000010 0.092905 0.048718 0.000010 0.287665 0.022768
0.479502 0.000010 0.000010 0.000010 0.156240 0.000010 0.000010 0.348286 0.015922
0.472271 0.070022 0.000010 0.000010 0.138133 0.172463 0.000010 0.051570 0.095512
0.550613 0.000010 0.031642 0.033985 0.223524 0.000010 0.000010 0.128367 0.031840
0.085592 0.080794 0.000010 0.000010 0.000010 0.083145 0.042805 0.016952 0.690683
0.303607 0.039135 0.000010 0.000010 0.037981 0.049375 0.004055 0.468144 0.097683
0.461528 0.000010 0.000010 0.316520 0.009749 0.112737 0.029662 0.069158 0.000626
0.305873 0.000010 0.000010 0.051346 0.086388 0.180578 0.000010 0.247934 0.127852
0.560447 0.000010 0.000010 0.108799 0.000010 0.110481 0.059825 0.160407 0.000010
0.393773 0.000010 0.000010 0.051221 0.041197 0.000010 0.091966 0.187813 0.234001
0.201294 0.000010 0.000010 0.069742 0.000010 0.113784 0.047215 0.201769 0.366166
0.353698 0.000010 0.000010 0.097433 0.000010 0.000010 0.000010 0.500793 0.048026
0.538463 0.000010 0.002295 0.000010 0.025255 0.000010 0.067933 0.366015 0.000010
0.531656 0.000010 0.000010 0.000010 0.000010 0.031712 0.000010 0.355446 0.081135
0.311430 0.095936 0.050800 0.091595 0.114757 0.000010 0.000010 0.214233 0.121228
0.314513 0.000010 0.152616 0.089350 0.000010 0.023862 0.017315 0.269708 0.132616
0.328240 0.000010 0.000010 0.215082 0.157812 0.000010 0.000010 0.204801 0.094025
0.695914 0.000010 0.018769 0.000010 0.035243 0.000010 0.038522 0.118516 0.093005
0.471782 0.027861 0.000010 0.032314 0.000010 0.000010 0.065894 0.248111 0.154007
0.491762 0.000010 0.081330 0.000010 0.000010 0.017898 0.000010 0.240474 0.168496
0.517313 0.000010 0.000010 0.000010 0.000010 0.051276 0.000010 0.171645 0.259716
0.369512 0.098213 0.000010 0.109136 0.000010 0.006632 0.071112 0.136870 0.208504
0.549333 0.000010 0.003392 0.029396 0.079667 0.000010 0.000010 0.184553 0.153629
0.234075 0.000010 0.000010 0.000010 0.000010 0.000010 0.024837 0.261109 0.479929
0.569838 0.000010 0.000010 0.028004 0.000010 0.000010 0.072618 0.329490 0.000010
0.462023 0.034128 0.000010 0.133757 0.000010 0.000010 0.000010 0.015620 0.354432
0.347750 0.132165 0.037004 0.061672 0.000010 0.060834 0.033387 0.242604 0.084574
0.460266 0.000010 0.000012 0.000010 0.000010 0.000010 0.000010 0.326162 0.213509
0.298372 0.000010 0.113938 0.051518 0.000010 0.039252 0.000010 0.427842 0.069047
0.565412 0.068901 0.012485 0.000010 0.000010 0.089708 0.000010 0.046105 0.217359
0.620245 0.000010 0.116122 0.000010 0.000010 0.024985 0.086429 0.152179 0.000010
0.780806 0.000010 0.000010 0.000010 0.000010 0.004047 0.000010 0.215087 0.000010
0.696778 0.000010 0.081501 0.000010 0.000010 0.000010 0.014032 0.207639 0.000010
0.676859 0.056572 0.000010 0.000010 0.071754 0.000010 0.000010 0.194765 0.000010
0.672203 0.031888 0.000010 0.000010 0.000010 0.095866 0.000010 0.135757 0.064246
0.530751 0.002768 0.000010 0.000010 0.006069 0.019283 0.000010 0.287364 0.153736
0.011587 0.000010 0.000010 0.000010 0.739576 0.054006 0.194781 0.000010 0.000010
0.000010 0.000010 0.000010 0.000010 0.840870 0.031532 0.127538 0.000010 0.000010
0.000010 0.000010 0.000010 0.000010 0.970272 0.029658 0.000010 0.000010 0.000010
0.000010 0.006174 0.056638 0.000010 0.650490 0.070349 0.216309 0.000010 0.000010
0.000016 0.028948 0.000010 0.000011 0.873088 0.000010 0.097897 0.000010 0.000010
0.000013 0.000010 0.000010 0.000010 0.901222 0.000010 0.066551 0.000010 0.032164
0.000010 0.049086 0.000010 0.000010 0.875213 0.075641 0.000010 0.000010 0.000010
0.654663 0.000010 0.000010 0.141624 0.000010 0.000010 0.009149 0.194514 0.000010
0.679763 0.025951 0.052103 0.112170 0.000010 0.000010 0.000010 0.129973 0.000010
0.705177 0.000010 0.000010 0.071726 0.075926 0.000010 0.000010 0.147121 0.000010
0.487953 0.080968 0.019871 0.207078 0.000010 0.000010 0.000010 0.172354 0.031745
0.619186 0.043448 0.000010 0.173970 0.000010 0.000010 0.000010 0.077986 0.085370
0.558011 0.000010 0.000010 0.158199 0.109212 0.013798 0.071623 0.064170 0.024967
0.690857 0.010110 0.029828 0.101101 0.039233 0.000010 0.080174 0.000010 0.048676
0.584363 0.000010 0.014778 0.148370 0.087250 0.000010 0.016561 0.113794 0.034865
0.735320 0.000010 0.010886 0.062617 0.000010 0.050748 0.022114 0.118285 0.000010
0.639787 0.087389 0.000010 0.080318 0.090234 0.000010 0.000010 0.068926 0.033316
0.562690 0.116802 0.000010 0.025863 0.000010 0.000010 0.000010 0.294595 0.000010
0.570386 0.000010 0.000010 0.000010 0.000010 0.064957 0.000010 0.321263 0.043343
0.730750 0.017685 0.003588 0.000010 0.000010 0.000010 0.000010 0.205346 0.042591
0.636911 0.000010 0.000010 0.091181 0.000010 0.000010 0.000010 0.271848 0.000010
0.467050 0.000010 0.000010 0.102277 0.000010 0.000010 0.074581 0.207447 0.148605
0.633825 0.000010 0.000010 0.000010 0.000010 0.116684 0.000010 0.249431 0.000010
0.554981 0.039228 0.000010 0.000010 0.000010 0.081340 0.000010 0.055435 0.268976
0.368907 0.000010 0.000010 0.141665 0.000010 0.000010 0.000010 0.175268 0.314110
0.458872 0.097316 0.000010 0.031558 0.078601 0.100034 0.000010 0.227559 0.006038
0.487947 0.072826 0.000010 0.128397 0.000010 0.042558 0.000010 0.237637 0.030604
0.702103 0.000010 0.000010 0.000017 0.000010 0.093865 0.000010 0.180317 0.023658
0.744632 0.000010 0.000010 0.000010 0.000010 0.000010 0.000010 0.199641 0.055667
0.572590 0.000010 0.001337 0.000010 0.000010 0.048493 0.000010 0.230406 0.147135
0.554085 0.013742 0.000010 0.185044 0.000010 0.000010 0.011901 0.235189 0.000010
0.774210 0.000010 0.000010 0.028540 0.011721 0.001002 0.053322 0.023746 0.107438
0.631393 0.000010 0.021432 0.022361 0.106031 0.000010 0.000010 0.218743 0.000010
0.729602 0.000010 0.110040 0.000010 0.014725 0.000010 0.049275 0.096318 0.000010
0.726994 0.000010 0.000010 0.127918 0.062950 0.000010 0.000010 0.000010 0.082088
0.500113 0.000010 0.000010 0.000010 0.225807 0.016137 0.000010 0.257893 0.000010
0.460372 0.000010 0.000010 0.209225 0.000010 0.077213 0.000010 0.253140 0.000010
0.646554 0.038138 0.050575 0.062922 0.000010 0.000010 0.000010 0.133318 0.068463
0.490617 0.000010 0.012778 0.000010 0.200478 0.023871 0.045217 0.167469 0.059551
0.483582 0.000010 0.000010 0.198497 0.000010 0.000010 0.000010 0.221636 0.096235
0.634667 0.194401 0.000010 0.000010 0.000010 0.000010 0.000010 0.037396 0.133487
0.618704 0.000010 0.000010 0.000010 0.000010 0.000010 0.000010 0.292442 0.088794
0.000010 0.737674 0.105741 0.000010 0.105948 0.000010 0.000010 0.050587 0.000010
0.000010 0.466304 0.142441 0.000010 0.000010 0.000010 0.037499 0.007511 0.346205
0.000010 0.875645 0.106291 0.000363 0.000010 0.000010 0.017651 0.000010 0.000010
0.000010 0.772230 0.084563 0.000010 0.031728 0.000010 0.020913 0.090527 0.000010
0.000010 0.000792 0.376160 0.000010 0.000010 0.000010 0.564543 0.058455 0.000010
0.000010 0.000010 0.653315 0.000010 0.108875 0.000010 0.181816 0.055945 0.000010
0.000010 0.000010 0.616520 0.084518 0.006494 0.003949 0.230181 0.000010 0.058308
0.000010 0.026361 0.635023 0.000010 0.000010 0.000010 0.338556 0.000010 0.000010
0.056360 0.000010 0.589828 0.000010 0.000010 0.000010 0.346767 0.006994 0.000010
0.000010 0.150567 0.443454 0.000010 0.000010 0.000010 0.298195 0.104877 0.002867
0.000010 0.093785 0.431715 0.000010 0.090720 0.022262 0.331847 0.000010 0.029642
0.000010 0.096161 0.063996 0.152245 0.077137 0.000010 0.447282 0.163148 0.000010
0.000010 0.000010 0.545798 0.000010 0.034441 0.000010 0.365249 0.054462 0.000010
0.000010 0.033501 0.197911 0.000010 0.192269 0.060457 0.419663 0.096168 0.000010
0.335897 0.029934 0.004401 0.285282 0.057781 0.020878 0.000010 0.054531 0.211287
0.489825 0.049644 0.000010 0.000010 0.000010 0.000010 0.000010 0.205282 0.255199
0.639784 0.000010 0.000010 0.051871 0.000010 0.000010 0.053340 0.254955 0.000010
0.601680 0.000010 0.000010 0.000010 0.000011 0.000010 0.000010 0.398249 0.000010
0.650372 0.000010 0.000010 0.140133 0.091562 0.074712 0.004317 0.000010 0.038874
0.588416 0.008520 0.028940 0.000010 0.086064 0.000010 0.000010 0.252456 0.035573
0.676380 0.000010 0.000010 0.068320 0.000010 0.055796 0.000010 0.199454 0.000010
0.423095 0.000010 0.104730 0.184246 0.000010 0.000010 0.000010 0.287879 0.000010
0.729659 0.056598 0.023883 0.000010 0.000010 0.000010 0.002311 0.176823 0.010697
0.722138 0.014925 0.000010 0.000010 0.000010 0.039907 0.000010 0.222980 0.000010
0.653194 0.000010 0.000010 0.000010 0.000010 0.000010 0.062176 0.110245 0.174336
0.561562 0.000010 0.000010 0.049795 0.000010 0.016017 0.000010 0.259475 0.113111
0.598710 0.077792 0.000347 0.143497 0.000010 0.000010 0.056600 0.123023 0.000010
0.436723 0.000010 0.050673 0.154579 0.004769 0.000010 0.040238 0.312988 0.000010
0.603059 0.000011 0.101736 0.000010 0.000010 0.000010 0.000010 0.149470 0.145684
0.458415 0.000010 0.000010 0.000010 0.138127 0.018706 0.006558 0.157752 0.220412
0.583806 0.000010 0.000010 0.015691 0.000010 0.013172 0.031090 0.153739 0.202471
0.491983 0.101793 0.000010 0.000010 0.000010 0.069155 0.000010 0.311785 0.025243
0.443139 0.000010 0.008011 0.290067 0.126517 0.000010 0.000010 0.056615 0.075621
0.569667 0.050617 0.022907 0.000010 0.000010 0.099791 0.056857 0.101113 0.099028
0.667254 0.000010 0.109373 0.000010 0.029751 0.000010 0.000010 0.136153 0.057429
0.003474 0.000010 0.677933 0.000010 0.069985 0.000010 0.243314 0.005254 0.000010
0.053547 0.016413 0.579344 0.000010 0.000010 0.000010 0.238480 0.000010 0.112175
0.000010 0.000010 0.722723 0.000010 0.116993 0.000010 0.160225 0.000010 0.000010
0.000010 0.025239 0.705343 0.000010 0.000010 0.000010 0.269359 0.000010 0.000010
0.000010 0.000010 0.541338 0.000010 0.097126 0.000010 0.173088 0.188398 0.000010
0.000010 0.078267 0.535856 0.000010 0.080192 0.000010 0.305635 0.000010 0.000010
0.000010 0.000010 0.627122 0.000010 0.000010 0.000328 0.372490 0.000010 0.000010
0.000010 0.000010 0.744868 0.000010 0.000010 0.000010 0.217080 0.000010 0.037992
0.000010 0.000010 0.608483 0.000010 0.000010 0.000010 0.321958 0.069499 0.000010
0.000010 0.000010 0.891881 0.000010 0.000692 0.000010 0.107367 0.000010 0.000010
0.000012 0.000010 0.688664 0.000010 0.000010 0.037785 0.227528 0.009899 0.036081
0.000010 0.156281 0.607083 0.000010 0.000010 0.000010 0.204899 0.000010 0.031687
0.015333 0.000010 0.676924 0.000010 0.000010 0.000010 0.307683 0.000010 0.000010
0.000010 0.149386 0.639684 0.000010 0.000010 0.000010 0.210870 0.000010 0.000010
0.000010 0.000010 0.781750 0.000010 0.000010 0.000010 0.218180 0.000010 0.000010
0.000010 0.023754 0.683127 0.000010 0.014148 0.000010 0.210154 0.000010 0.068777
0.000010 0.000010 0.752160 0.000010 0.000010 0.000010 0.153060 0.094720 0.000010
0.000010 0.038064 0.556981 0.000010 0.000010 0.000010 0.404895 0.000010 0.000010
0.000010 0.000010 0.707219 0.000010 0.000010 0.013011 0.265296 0.014423 0.000010
0.062169 0.000010 0.815534 0.021717 0.046472 0.009607 0.044471 0.000010 0.000010
0.000010 0.000010 0.637550 0.000010 0.000010 0.000010 0.264800 0.097590 0.000010
0.000010 0.000010 0.705843 0.000010 0.000010 0.000010 0.261416 0.019422 0.013269
0.000010 0.027241 0.766560 0.010550 0.012531 0.000012 0.183075 0.000010 0.000010
0.000010 0.041763 0.774205 0.000010 0.000010 0.047150 0.120551 0.016291 0.000010
0.007976 0.000010 0.764826 0.017556 0.000010 0.014803 0.194600 0.000010 0.000209
0.000010 0.000010 0.595946 0.000010 0.000010 0.064925 0.291036 0.005642 0.042412
0.000010 0.000010 0.750866 0.000010 0.000010 0.000010 0.249064 0.000010 0.000010
0.000010 0.000010 0.550283 0.000010 0.158282 0.000010 0.291375 0.000010 0.000010
0.000010 0.000010 0.668280 0.000010 0.037375 0.000010 0.294285 0.000010 0.000010
0.024464 0.038970 0.760182 0.000010 0.059531 0.000010 0.093243 0.000010 0.023579
0.000010 0.000010 0.656777 0.000010 0.066273 0.023087 0.253813 0.000010 0.000010
0.000010 0.044425 0.498547 0.000010 0.000010 0.000010 0.362137 0.094840 0.000010
0.000010 0.015079 0.598570 0.000010 0.000010 0.026013 0.319323 0.005556 0.035428
0.000010 0.000010 0.740329 0.000010 0.030852 0.000010 0.206015 0.022754 0.000010
0.000010 0.000010 0.550315 0.000010 0.000010 0.000010 0.375213 0.074412 0.000010
0.000010 0.098254 0.649928 0.046955 0.016813 0.000010 0.188010 0.000010 0.000010
0.000010 0.004627 0.565376 0.000010 0.000010 0.000010 0.429938 0.000010 0.000010
0.000010 0.000010 0.669573 0.000010 0.000010 0.000010 0.330357 0.000010 0.000010
0.000010 0.000015 0.833714 0.000010 0.000010 0.000010 0.166210 0.000010 0.000010
0.000010 0.017663 0.000010 0.000010 0.856557 0.008155 0.117575 0.000010 0.000010
0.000010 0.000298 0.000010 0.000010 0.957925 0.000010 0.041717 0.000010 0.000010
0.000010 0.000016 0.863714 0.000010 0.000010 0.000010 0.136209 0.000010 0.000010
0.000012 0.095337 0.596636 0.000010 0.088133 0.016022 0.203498 0.000342 0.000010
0.268436 0.000010 0.067110 0.512325 0.000010 0.000010 0.000010 0.068831 0.083257
0.036113 0.000010 0.000010 0.619152 0.000010 0.042574 0.140858 0.140741 0.020533
0.502179 0.142444 0.071744 0.110184 0.000010 0.000010 0.000010 0.125517 0.047902
0.000010 0.000010 0.022513 0.665927 0.144098 0.000010 0.000010 0.167412 0.000010
0.384325 0.160371 0.000010 0.218151 0.000010 0.000010 0.000010 0.237103 0.000010
0.310477 0.060681 0.000010 0.527210 0.000010 0.000010 0.000010 0.101581 0.000010
0.369664 0.000010 0.000560 0.269940 0.042695 0.029712 0.000010 0.249892 0.037517
0.538056 0.027743 0.029903 0.120806 0.017214 0.000010 0.031513 0.234746 0.000010
0.544824 0.059396 0.000010 0.246708 0.000010 0.002831 0.000010 0.146202 0.000010
0.316968 0.026029 0.000010 0.439615 0.000010 0.000010 0.150769 0.066579 0.000010
0.525286 0.000010 0.000010 0.153671 0.096932 0.001740 0.067225 0.075666 0.079460
0.493978 0.000010 0.000010 0.294655 0.000010 0.000010 0.000010 0.135182 0.076135
0.286685 0.061873 0.000010 0.166462 0.000010 0.000010 0.000010 0.484929 0.000010
0.000010 0.000010 0.594182 0.000010 0.000010 0.000010 0.341538 0.000010 0.064220
0.000013 0.096193 0.587338 0.000010 0.000010 0.024584 0.291832 0.000010 0.000010
0.000010 0.035778 0.605273 0.000010 0.000010 0.000010 0.350064 0.000010 0.008834
0.000010 0.000010 0.693311 0.000010 0.000010 0.000010 0.306619 0.000010 0.000010
0.000010 0.000010 0.700964 0.000010 0.080968 0.000010 0.218008 0.000010 0.000010
0.000010 0.033437 0.678494 0.000010 0.000010 0.013298 0.274721 0.000010 0.000010
0.000010 0.000010 0.629466 0.000010 0.000010 0.000010 0.368865 0.000010 0.001609
0.000010 0.000010 0.516945 0.000010 0.015565 0.054855 0.402551 0.000010 0.010044
0.000010 0.028578 0.656641 0.000010 0.000010 0.048543 0.250640 0.000010 0.015557
0.000010 0.085180 0.524623 0.000010 0.119121 0.000010 0.271027 0.000010 0.000010
0.000010 0.000010 0.684610 0.000010 0.113543 0.000010 0.161065 0.017469 0.023273
0.000010 0.005719 0.652478 0.000010 0.000010 0.000010 0.238861 0.102892 0.000010
