0.358842 0.000010 0.000010 0.026148 0.044369 0.000010 0.102114 0.468487 0.000010
0.159011 0.000010 0.002396 0.255064 0.000010 0.000010 0.181705 0.401785 0.000010
0.208638 0.000010 0.000010 0.025938 0.139768 0.000010 0.059962 0.463078 0.102586
0.140493 0.000010 0.042222 0.105730 0.000010 0.000010 0.109843 0.586571 0.015110
0.363348 0.000010 0.000010 0.139778 0.000010 0.000010 0.027218 0.469606 0.000010
0.374646 0.000010 0.000010 0.000010 0.000010 0.114339 0.035357 0.394803 0.080815
0.220407 0.000010 0.000010 0.137827 0.000010 0.009220 0.113537 0.518969 0.000010
0.412807 0.000010 0.000010 0.112178 0.056161 0.000010 0.000010 0.365855 0.052959
0.096374 0.132475 0.000010 0.175027 0.028584 0.000010 0.000010 0.512584 0.054926
0.275519 0.073790 0.047704 0.039698 0.056502 0.008974 0.069363 0.365488 0.062962
0.353758 0.050292 0.000010 0.134848 0.000010 0.000010 0.000010 0.461052 0.000010
0.447999 0.000010 0.015477 0.099218 0.016047 0.000010 0.105942 0.281479 0.033818
0.244427 0.148579 0.000010 0.117967 0.044700 0.000010 0.000010 0.444102 0.000194
0.000010 0.091444 0.149288 0.046542 0.000010 0.016301 0.041660 0.309549 0.345197
0.324180 0.000010 0.000010 0.000010 0.000010 0.000010 0.143909 0.455093 0.076768
0.524547 0.000010 0.000010 0.001360 0.033493 0.000010 0.000010 0.404023 0.036537
0.383804 0.000010 0.063634 0.000010 0.022732 0.000010 0.072659 0.424962 0.032179
0.535412 0.000010 0.000010 0.000010 0.000010 0.036458 0.056756 0.371324 0.000010
0.473625 0.000010 0.000010 0.082264 0.009988 0.047686 0.070124 0.316283 0.000010
0.335711 0.000010 0.000010 0.000010 0.000010 0.000010 0.070244 0.487688 0.106307
0.428950 0.057703 0.162697 0.062270 0.000010 0.000010 0.000010 0.288340 0.000010
0.382919 0.000010 0.000010 0.009124 0.082563 0.035947 0.037293 0.452124 0.000010
0.177747 0.000010 0.174273 0.209644 0.000010 0.000010 0.000010 0.436107 0.002189
0.138727 0.000010 0.061462 0.132591 0.136348 0.000010 0.000010 0.530832 0.000010
0.130012 0.000010 0.000010 0.224066 0.000010 0.000010 0.156601 0.489271 0.000010
0.491770 0.000010 0.000010 0.000010 0.000010 0.082019 0.264083 0.162077 0.000010
0.287838 0.014916 0.000010 0.000010 0.000010 0.000010 0.141759 0.505996 0.049451
0.277732 0.000010 0.000010 0.023071 0.000010 0.056692 0.086845 0.320970 0.234660
0.318750 0.000010 0.033473 0.000010 0.121332 0.053780 0.003477 0.469158 0.000010
0.298899 0.029766 0.018291 0.305402 0.068903 0.046971 0.108256 0.123501 0.000010
0.401232 0.000010 0.078078 0.012483 0.000010 0.000010 0.009786 0.484462 0.013929
0.403251 0.000010 0.181158 0.040926 0.000010 0.000010 0.000010 0.360997 0.013628
0.268742 0.000010 0.124952 0.086843 0.061661 0.000010 0.003287 0.454485 0.000010
0.202989 0.050418 0.162642 0.165198 0.016980 0.027850 0.068780 0.305134 0.000010
0.000010 0.000010 0.000388 0.077393 0.092321 0.007878 0.159335 0.662655 0.000010
0.265357 0.043650 0.035092 0.065115 0.000010 0.000010 0.195305 0.361384 0.034076
0.305953 0.000010 0.087911 0.036832 0.109754 0.000010 0.000010 0.433701 0.025818
0.382490 0.000010 0.044769 0.141754 0.000010 0.000010 0.102605 0.328342 0.000010
0.367615 0.000010 0.000010 0.000010 0.000010 0.148227 0.014248 0.379102 0.090768
0.373336 0.000010 0.094105 0.053845 0.000010 0.000010 0.169493 0.247449 0.061741
0.290844 0.052306 0.067606 0.323794 0.000010 0.000010 0.000010 0.265410 0.000010
0.220858 0.000010 0.031157 0.020647 0.000010 0.027846 0.147797 0.551664 0.000010
0.188516 0.000010 0.000010 0.098778 0.000010 0.000010 0.102766 0.609889 0.000010
0.181409 0.000010 0.000010 0.000010 0.000010 0.000010 0.139008 0.620496 0.059037
0.363366 0.000010 0.000010 0.008368 0.102875 0.056892 0.000010 0.468460 0.000010
0.262878 0.018779 0.000010 0.000010 0.000010 0.000010 0.096975 0.621318 0.000010
0.228364 0.018507 0.000010 0.114874 0.020266 0.000010 0.028670 0.531283 0.058015
0.245617 0.118552 0.000010 0.141196 0.090240 0.000010 0.000010 0.404355 0.000010
0.000010 0.107223 0.346199 0.000010 0.178323 0.007735 0.084252 0.276238 0.000010
0.146188 0.131528 0.018701 0.198921 0.000010 0.000010 0.057341 0.447291 0.000010
0.203917 0.134443 0.422098 0.077655 0.000010 0.000010 0.135517 0.026340 0.000010
0.023421 0.174115 0.367433 0.134915 0.116868 0.030032 0.061285 0.085197 0.006734
0.045157 0.036944 0.000010 0.168294 0.052045 0.022509 0.212037 0.376939 0.086064
0.161658 0.023167 0.453920 0.000010 0.000010 0.000010 0.084486 0.118762 0.157977
0.018982 0.000010 0.427442 0.057468 0.000010 0.000010 0.316552 0.179516 0.000010
0.174354 0.114114 0.491243 0.093002 0.000010 0.000010 0.073466 0.019142 0.034659
0.170910 0.000010 0.301702 0.206625 0.000010 0.000010 0.000010 0.320713 0.000010
0.213207 0.095259 0.416824 0.000010 0.019064 0.000010 0.225199 0.030417 0.000010
0.279992 0.181441 0.000010 0.115761 0.049488 0.017920 0.092304 0.244918 0.018165
0.000010 0.000010 0.311701 0.087240 0.000010 0.000010 0.228353 0.372656 0.000010
0.011643 0.004820 0.420091 0.113522 0.000010 0.000010 0.255417 0.152794 0.041694
0.000010 0.072948 0.365126 0.111449 0.000010 0.034171 0.061818 0.354458 0.000010
0.112910 0.000010 0.271433 0.041113 0.014389 0.000010 0.259424 0.300701 0.000010
0.380240 0.000010 0.382854 0.063448 0.036507 0.004264 0.000010 0.132657 0.000010
0.183179 0.064823 0.443355 0.047927 0.039137 0.000010 0.000010 0.183002 0.038557
0.108364 0.000010 0.635890 0.000010 0.021243 0.000010 0.048201 0.028465 0.157807
0.054490 0.000010 0.535949 0.250219 0.079290 0.000010 0.014665 0.065356 0.000010
0.228069 0.120597 0.376869 0.115911 0.000010 0.000010 0.086664 0.071860 0.000010
0.216914 0.043761 0.137137 0.082343 0.012895 0.000010 0.114935 0.384099 0.007906
0.103346 0.029280 0.147841 0.135961 0.111916 0.000010 0.088044 0.383592 0.000010
0.272247 0.000010 0.000010 0.000010 0.006718 0.000010 0.000010 0.225123 0.495862
0.214483 0.064881 0.002957 0.181993 0.031817 0.000010 0.081525 0.422323 0.000010
0.379806 0.000010 0.024378 0.264179 0.010794 0.033210 0.068875 0.218738 0.000010
0.314714 0.000010 0.026692 0.000010 0.122268 0.000010 0.034413 0.501874 0.000010
0.235695 0.055045 0.051105 0.211817 0.000010 0.000010 0.080334 0.324396 0.041588
0.168457 0.000010 0.000010 0.165813 0.000010 0.014436 0.063271 0.450006 0.137987
0.295267 0.092655 0.000010 0.008474 0.000010 0.000010 0.067277 0.382129 0.154170
0.264200 0.000010 0.000010 0.000010 0.000010 0.028355 0.071811 0.635584 0.000010
0.249246 0.066507 0.000010 0.084704 0.000010 0.083197 0.055625 0.460692 0.000010
0.323426 0.095584 0.000010 0.000010 0.021034 0.075030 0.020399 0.440340 0.024167
0.181666 0.006339 0.000010 0.188895 0.041412 0.020075 0.194883 0.303284 0.063437
0.342039 0.000010 0.029568 0.140933 0.000010 0.000010 0.079833 0.368380 0.039217
0.296578 0.008100 0.000010 0.053123 0.000010 0.000010 0.173127 0.469033 0.000010
0.298292 0.000010 0.000010 0.000010 0.000010 0.000010 0.067700 0.621599 0.012359
0.122908 0.000010 0.029312 0.176218 0.000010 0.000010 0.169849 0.501673 0.000010
0.193173 0.000010 0.000010 0.000010 0.000010 0.030967 0.159936 0.615874 0.000010
0.230190 0.019227 0.033419 0.149920 0.000010 0.174005 0.000010 0.373281 0.019938
0.000012 0.114751 0.011954 0.117322 0.000010 0.128810 0.000010 0.481647 0.145484
0.257876 0.000010 0.000010 0.000010 0.079187 0.000010 0.000010 0.662877 0.000010
0.207207 0.017654 0.140015 0.022099 0.110389 0.182022 0.000010 0.277985 0.042618
0.239922 0.000010 0.025570 0.046724 0.022947 0.000010 0.000010 0.638388 0.026419
0.451134 0.079979 0.031234 0.109134 0.024505 0.000010 0.000010 0.303984 0.000010
0.345939 0.025053 0.000010 0.069691 0.000010 0.064359 0.086193 0.377264 0.031481
0.298193 0.116176 0.000010 0.063616 0.116174 0.010215 0.077340 0.318267 0.000010
0.265533 0.021239 0.000010 0.248192 0.000010 0.000010 0.098712 0.322039 0.044255
0.198463 0.000011 0.055695 0.000010 0.000010 0.000010 0.188436 0.557355 0.000010
0.305671 0.000010 0.224955 0.000010 0.000010 0.019826 0.063007 0.386501 0.000010
0.000010 0.077112 0.000010 0.000010 0.089778 0.000010 0.131967 0.622656 0.078446
0.229641 0.067253 0.000010 0.102681 0.063762 0.074472 0.139287 0.322883 0.000010
0.000010 0.026935 0.105623 0.216506 0.000010 0.000010 0.161870 0.489027 0.000010
0.145283 0.062154 0.256682 0.000010 0.039162 0.082819 0.030033 0.282677 0.101181
0.000010 0.018926 0.000010 0.157616 0.000010 0.000010 0.071347 0.188324 0.563747
0.134204 0.212681 0.000010 0.020362 0.000010 0.000010 0.124204 0.508509 0.000010
0.208057 0.047945 0.000010 0.028378 0.000010 0.000010 0.184420 0.488866 0.042303
0.086358 0.015833 0.000010 0.198199 0.051196 0.000010 0.210856 0.437528 0.000010
0.292182 0.141083 0.000010 0.078708 0.000010 0.000010 0.177048 0.307081 0.003868
0.082151 0.000010 0.000010 0.341310 0.000010 0.000010 0.143138 0.433350 0.000010
0.441193 0.000010 0.000010 0.000010 0.000010 0.045385 0.098148 0.388276 0.026958
0.000016 0.000010 0.004737 0.111955 0.000011 0.024406 0.217781 0.641074 0.000010
0.116473 0.000010 0.251815 0.000010 0.000010 0.000010 0.062138 0.569524 0.000010
0.340590 0.000010 0.000011 0.163919 0.000010 0.000010 0.131002 0.364438 0.000010
0.253435 0.159256 0.058842 0.000010 0.044505 0.000010 0.012907 0.471024 0.000010
0.242149 0.000010 0.017121 0.142606 0.000010 0.000010 0.048842 0.506774 0.042477
0.195811 0.081151 0.000010 0.247580 0.086767 0.000010 0.008947 0.336594 0.043129
0.110035 0.085232 0.027114 0.334142 0.000010 0.045871 0.151321 0.230156 0.016119
0.141350 0.000010 0.009178 0.043677 0.000010 0.000010 0.250675 0.555079 0.000010
0.494009 0.000010 0.062066 0.041673 0.058945 0.046718 0.087343 0.209226 0.000010
0.000010 0.033443 0.000010 0.070070 0.162295 0.000010 0.117609 0.516555 0.099998
0.254421 0.000010 0.140010 0.000010 0.000307 0.000010 0.213219 0.357595 0.034417
0.194314 0.000010 0.000010 0.284135 0.000011 0.000010 0.000010 0.521490 0.000010
0.490414 0.000010 0.035730 0.164764 0.006192 0.017438 0.000010 0.285432 0.000010
0.187496 0.000010 0.000010 0.267048 0.027613 0.000010 0.237958 0.279844 0.000010
0.319611 0.000010 0.086760 0.055892 0.060698 0.000010 0.108215 0.341884 0.026919
0.308753 0.002831 0.023118 0.036479 0.000010 0.026326 0.104264 0.498210 0.000010
0.242066 0.000010 0.063872 0.022893 0.031090 0.000010 0.337719 0.302330 0.000010
0.407142 0.240584 0.000010 0.000010 0.011904 0.028027 0.000010 0.280579 0.031734
0.179669 0.086954 0.000010 0.190992 0.000010 0.000010 0.259582 0.282763 0.000010
0.053602 0.000010 0.100562 0.238920 0.000010 0.000010 0.226015 0.380861 0.000010
0.007234 0.000010 0.000010 0.250005 0.000010 0.005816 0.110103 0.626802 0.000010
0.338136 0.060939 0.067785 0.036643 0.048327 0.000010 0.108819 0.339332 0.000010
0.040623 0.101366 0.110757 0.117718 0.071781 0.006484 0.061997 0.489263 0.000010
0.149871 0.006612 0.000010 0.006583 0.094076 0.022139 0.212756 0.507944 0.000010
0.000010 0.000010 0.050299 0.175924 0.058314 0.000010 0.266299 0.449123 0.000010
0.167833 0.000010 0.000010 0.131770 0.000010 0.023469 0.121509 0.555380 0.000010
0.075179 0.000010 0.123502 0.087411 0.067600 0.000010 0.079188 0.567091 0.000010
0.311957 0.107936 0.000010 0.000011 0.000010 0.000010 0.142997 0.437059 0.000010
0.069941 0.000010 0.000010 0.155260 0.000010 0.080516 0.191630 0.495627 0.006995
0.223679 0.000010 0.027802 0.090146 0.000010 0.005816 0.202203 0.416054 0.034280
0.187048 0.059319 0.000010 0.000010 0.000010 0.000010 0.221571 0.532013 0.000010
0.141380 0.049405 0.103937 0.219441 0.000010 0.000010 0.110436 0.375371 0.000010
0.378189 0.000010 0.013413 0.000010 0.016741 0.128852 0.142167 0.320609 0.000010
0.193578 0.108247 0.000010 0.000010 0.027422 0.000010 0.128761 0.447665 0.094297
0.217760 0.084378 0.000010 0.051759 0.043108 0.000010 0.114434 0.449290 0.039250
0.052157 0.000010 0.053160 0.167793 0.000010 0.014024 0.244398 0.468439 0.000010
0.192137 0.013448 0.000010 0.206716 0.000010 0.000010 0.177843 0.342216 0.067611
0.405117 0.000010 0.000010 0.000010 0.145143 0.000010 0.053243 0.396447 0.000010
0.264798 0.076270 0.000010 0.229354 0.082369 0.000010 0.119524 0.227655 0.000010
0.196770 0.000010 0.000018 0.260432 0.015210 0.000010 0.108628 0.391616 0.027306
0.452659 0.137484 0.000010 0.133553 0.003352 0.000010 0.000010 0.272911 0.000010
0.180891 0.098173 0.190441 0.181725 0.000010 0.000010 0.000010 0.348730 0.000010
0.221126 0.000010 0.016544 0.321618 0.045185 0.008793 0.053412 0.333303 0.000010
0.188996 0.000010 0.168256 0.010739 0.000010 0.000010 0.102770 0.529199 0.000010
0.238658 0.007905 0.126458 0.309209 0.000010 0.001450 0.068995 0.247305 0.000010
0.324738 0.000010 0.000010 0.000010 0.000010 0.005159 0.173993 0.422801 0.073269
0.178331 0.091661 0.077558 0.012002 0.009303 0.000010 0.211743 0.419383 0.000010
0.121230 0.043110 0.000010 0.062328 0.090281 0.000010 0.097077 0.585944 0.000010
0.473688 0.010629 0.007833 0.062754 0.095497 0.000010 0.016686 0.332893 0.000010
0.299525 0.071026 0.085064 0.019147 0.031560 0.000010 0.052806 0.389330 0.051531
0.263153 0.014197 0.012178 0.006529 0.175115 0.000010 0.031808 0.444393 0.052615
0.273437 0.171333 0.000010 0.000010 0.000010 0.000010 0.050524 0.435510 0.069156
0.045807 0.012485 0.021099 0.236214 0.134844 0.025452 0.079650 0.399031 0.045418
0.121393 0.071357 0.025375 0.097870 0.095173 0.000010 0.052047 0.478949 0.057826
0.000010 0.000010 0.000010 0.124115 0.015016 0.035499 0.252986 0.572344 0.000010
0.302993 0.000010 0.093630 0.040894 0.009544 0.004294 0.082026 0.466599 0.000010
0.000010 0.058835 0.059681 0.383922 0.022285 0.000010 0.255633 0.114321 0.105303
0.340140 0.013634 0.000010 0.143562 0.098851 0.000010 0.160301 0.243483 0.000010
0.176048 0.143882 0.167920 0.183368 0.000010 0.071486 0.035470 0.221806 0.000010
0.383763 0.000010 0.022829 0.163392 0.092083 0.000010 0.022746 0.315157 0.000010
0.391905 0.000010 0.065306 0.144991 0.000010 0.000010 0.000010 0.397749 0.000010
0.390473 0.000010 0.087685 0.034513 0.000010 0.040687 0.000010 0.446601 0.000010
0.287873 0.000010 0.176624 0.211085 0.000010 0.000010 0.049454 0.274924 0.000010
0.197533 0.000010 0.006507 0.128578 0.000010 0.058784 0.304757 0.303811 0.000010
0.000010 0.000010 0.007803 0.194273 0.102643 0.000010 0.434671 0.260569 0.000010
0.388368 0.098267 0.015668 0.000010 0.044531 0.000010 0.097574 0.294494 0.061078
0.122748 0.032135 0.155705 0.152292 0.000010 0.000010 0.178639 0.358450 0.000010
0.238486 0.000010 0.198349 0.019941 0.000010 0.000010 0.128525 0.414660 0.000010
0.257240 0.082100 0.128413 0.080380 0.000012 0.000010 0.146362 0.305473 0.000010
0.071008 0.028848 0.024084 0.263761 0.070500 0.000010 0.209350 0.242007 0.090432
0.278340 0.010720 0.034383 0.023041 0.000010 0.000010 0.147040 0.482775 0.023681
0.058808 0.116971 0.208260 0.151320 0.000010 0.070308 0.029026 0.365287 0.000010
0.011917 0.068715 0.192288 0.060950 0.000010 0.058220 0.162410 0.445480 0.000010
0.274105 0.095100 0.000010 0.034525 0.000010 0.000010 0.195470 0.400760 0.000010
0.121890 0.070768 0.000010 0.233857 0.061015 0.000010 0.094947 0.417493 0.000010
0.178773 0.133803 0.166829 0.013359 0.000010 0.000010 0.006604 0.500602 0.000010
0.202036 0.075309 0.000010 0.152524 0.000010 0.009927 0.209880 0.350294 0.000010
0.305563 0.063676 0.029129 0.000010 0.000010 0.000010 0.188465 0.413127 0.000010
0.196653 0.011025 0.049154 0.000010 0.053728 0.000010 0.274405 0.415004 0.000010
0.000010 0.000010 0.000010 0.000010 0.000010 0.436066 0.000010 0.000010 0.563864
0.000010 0.000010 0.000010 0.000010 0.015117 0.396770 0.000010 0.000010 0.588053
0.066795 0.000286 0.000010 0.000010 0.000010 0.229241 0.000010 0.000010 0.703628
0.000010 0.000010 0.000010 0.031917 0.000010 0.394815 0.000010 0.006793 0.566425
0.000010 0.000010 0.000010 0.063260 0.000010 0.402392 0.063347 0.000010 0.470950
0.000010 0.036675 0.047520 0.000010 0.000010 0.196064 0.000010 0.000010 0.719691
0.000010 0.000010 0.000010 0.000010 0.020577 0.381874 0.000010 0.000010 0.597489
0.024803 0.000010 0.000010 0.000010 0.000010 0.374848 0.012159 0.000010 0.588140
0.000010 0.013154 0.027511 0.000010 0.000010 0.330204 0.000010 0.029554 0.599538
0.000010 0.000010 0.000010 0.000010 0.000010 0.223206 0.000010 0.032195 0.744539
0.052646 0.000010 0.000010 0.031733 0.000010 0.269892 0.000010 0.000010 0.645679
0.000010 0.000010 0.000010 0.000010 0.000010 0.266130 0.024789 0.000010 0.709021
0.000010 0.025979 0.001684 0.033660 0.000010 0.387640 0.009092 0.000010 0.541916
0.060698 0.000010 0.000010 0.000010 0.000010 0.189233 0.000010 0.000010 0.750009
0.000760 0.000010 0.000010 0.000010 0.000010 0.287179 0.058009 0.000010 0.654002
0.000010 0.000010 0.000010 0.018579 0.088978 0.309736 0.000010 0.000010 0.582657
0.000010 0.000010 0.000010 0.029827 0.000010 0.315317 0.000010 0.000010 0.654796
0.000010 0.000010 0.000010 0.000010 0.040970 0.467968 0.000010 0.000010 0.491001
0.132900 0.000010 0.000010 0.000010 0.000010 0.236387 0.000010 0.000010 0.630653
0.000010 0.059593 0.000010 0.000010 0.000010 0.323004 0.000010 0.000010 0.617343
0.000010 0.000010 0.000010 0.000010 0.055723 0.444921 0.000010 0.025592 0.473714
0.000010 0.022434 0.000011 0.058163 0.000010 0.299980 0.064880 0.008545 0.545966
0.000010 0.000010 0.000010 0.000010 0.000010 0.309204 0.000010 0.000010 0.690726
0.000010 0.000010 0.000010 0.000010 0.012379 0.292560 0.005317 0.000010 0.689694
0.000010 0.000010 0.000010 0.000010 0.000844 0.399659 0.001819 0.000010 0.597628
0.000010 0.000010 0.000010 0.004094 0.000010 0.491361 0.000010 0.000010 0.504485
0.000010 0.000010 0.000010 0.000010 0.000010 0.492528 0.000010 0.000010 0.507402
0.000010 0.000010 0.000010 0.000010 0.000010 0.279863 0.032824 0.000010 0.687253
0.000010 0.099952 0.091874 0.000010 0.784312 0.000010 0.023811 0.000010 0.000010
0.390949 0.000010 0.144281 0.394986 0.000010 0.012065 0.000011 0.057679 0.000010
0.237613 0.006030 0.064441 0.463033 0.005981 0.000010 0.000010 0.222872 0.000010
0.372193 0.000010 0.052840 0.299657 0.009820 0.000010 0.000010 0.265449 0.000010
0.384347 0.000010 0.067080 0.197249 0.000010 0.000010 0.041285 0.309999 0.000010
0.358661 0.018482 0.000010 0.417587 0.000010 0.000010 0.034006 0.107842 0.063392
0.362327 0.000010 0.051834 0.275746 0.000010 0.026532 0.097923 0.185608 0.000010
0.219185 0.000010 0.000010 0.508192 0.053262 0.000010 0.019178 0.200143 0.000010
0.425975 0.000010 0.014840 0.347191 0.055303 0.000010 0.009010 0.147651 0.000010
0.308608 0.000010 0.000010 0.397487 0.039398 0.000010 0.009676 0.212634 0.032166
0.415658 0.000010 0.016728 0.348236 0.000010 0.008701 0.038556 0.172091 0.000010
0.499964 0.000010 0.000010 0.138095 0.000010 0.000010 0.048532 0.313359 0.000010
0.355795 0.000010 0.043311 0.390150 0.022673 0.029365 0.026821 0.105959 0.025915
0.442727 0.038547 0.000010 0.383742 0.000010 0.000010 0.000010 0.134934 0.000010
0.370580 0.000010 0.071408 0.365009 0.000010 0.000010 0.000010 0.192954 0.000010
0.439671 0.031049 0.000010 0.233579 0.000010 0.006340 0.000010 0.289321 0.000010
0.240008 0.129283 0.000010 0.395388 0.000010 0.000010 0.000010 0.235271 0.000010
0.387548 0.048462 0.000010 0.281254 0.000010 0.000010 0.008474 0.274223 0.000010
0.268714 0.000010 0.000010 0.493363 0.008193 0.000010 0.018944 0.210747 0.000010
0.506364 0.000010 0.000010 0.075086 0.000010 0.023009 0.097333 0.297149 0.001029
0.378997 0.000010 0.000010 0.309241 0.000010 0.048369 0.020948 0.242406 0.000010
0.215285 0.000010 0.115054 0.355588 0.000010 0.000010 0.000010 0.215635 0.098398
0.373881 0.027611 0.000010 0.318896 0.071007 0.000010 0.066226 0.052982 0.089377
0.578595 0.000010 0.000010 0.046247 0.000010 0.017432 0.000010 0.198198 0.159488
0.332662 0.033755 0.000010 0.390526 0.000010 0.020613 0.000010 0.222404 0.000010
0.334708 0.000010 0.000010 0.312274 0.015473 0.000010 0.103626 0.233879 0.000010
0.369759 0.052815 0.061020 0.261500 0.000010 0.012678 0.000010 0.242198 0.000010
0.445673 0.000010 0.000010 0.375427 0.017350 0.000010 0.000010 0.161500 0.000010
0.201563 0.032664 0.000010 0.502423 0.022644 0.000010 0.031780 0.208894 0.000010
0.000010 0.000010 0.001924 0.077702 0.909303 0.011021 0.000010 0.000010 0.000010
0.000010 0.000010 0.000010 0.002554 0.931883 0.000010 0.000010 0.065502 0.000010
0.000010 0.000010 0.027844 0.016081 0.956015 0.000010 0.000010 0.000010 0.000010
0.000010 0.000010 0.000010 0.000010 0.999920 0.000010 0.000010 0.000010 0.000010
0.000010 0.074012 0.091963 0.000010 0.833964 0.000010 0.000010 0.000011 0.000010
0.012361 0.000010 0.000010 0.000010 0.863850 0.000010 0.108725 0.015013 0.000010
0.023349 0.045832 0.000010 0.012731 0.841519 0.000010 0.012206 0.064333 0.000010
0.014407 0.000010 0.000010 0.000010 0.948159 0.000010 0.000010 0.037374 0.000010
0.000010 0.000010 0.065807 0.000010 0.899771 0.006949 0.027422 0.000010 0.000010
0.000010 0.000010 0.000010 0.000010 0.999920 0.000010 0.000010 0.000010 0.000010
0.000010 0.001922 0.118193 0.078535 0.801300 0.000010 0.000010 0.000010 0.000010
0.061348 0.000010 0.044886 0.025802 0.847795 0.000010 0.020129 0.000010 0.000010
0.000010 0.000010 0.043257 0.000010 0.936023 0.020661 0.000010 0.000010 0.000010
0.000010 0.000010 0.084244 0.000010 0.883345 0.005959 0.000010 0.013407 0.013004
0.000010 0.062380 0.000010 0.000010 0.937550 0.000010 0.000010 0.000010 0.000010
0.000010 0.027052 0.000010 0.000010 0.972878 0.000010 0.000010 0.000010 0.000010
0.000010 0.198730 0.000010 0.000010 0.777394 0.000010 0.023817 0.000010 0.000010
0.583285 0.000010 0.000010 0.000010 0.016209 0.000010 0.000010 0.400445 0.000010
0.547683 0.000010 0.168180 0.000010 0.000010 0.000010 0.000010 0.284077 0.000010
0.559849 0.000010 0.064069 0.049878 0.000010 0.041120 0.000010 0.157481 0.127573
0.373641 0.000010 0.024295 0.406064 0.000010 0.000010 0.000010 0.195950 0.000010
0.689142 0.000010 0.000010 0.010251 0.000010 0.039801 0.109101 0.080137 0.071537
0.568492 0.000010 0.000010 0.146549 0.000010 0.000010 0.083545 0.201365 0.000010
0.889137 0.000010 0.000010 0.000010 0.000010 0.000010 0.000010 0.000010 0.110793
0.437339 0.000010 0.000010 0.326736 0.055057 0.000010 0.065027 0.115801 0.000010
0.647287 0.035763 0.000010 0.000010 0.106162 0.000010 0.000010 0.041277 0.169471
0.696418 0.026316 0.000010 0.033897 0.006274 0.037552 0.000010 0.199513 0.000010
0.475314 0.000010 0.000010 0.004941 0.091830 0.000010 0.000010 0.398232 0.029643
0.402346 0.035880 0.038365 0.221411 0.029249 0.017502 0.000010 0.255227 0.000010
0.543246 0.000010 0.077829 0.030966 0.000010 0.026040 0.036698 0.285192 0.000010
0.647605 0.017428 0.000010 0.190943 0.000010 0.000010 0.022800 0.118407 0.002788
0.443334 0.042364 0.000010 0.212653 0.000010 0.000010 0.143177 0.158431 0.000010
0.802266 0.000010 0.000010 0.048304 0.011500 0.000010 0.000010 0.137880 0.000010
0.381818 0.000010 0.000010 0.275692 0.000010 0.000010 0.000010 0.339665 0.002775
0.473304 0.052798 0.000010 0.106555 0.051942 0.027876 0.040711 0.246793 0.000010
0.601521 0.000010 0.073683 0.000010 0.000010 0.039836 0.000010 0.192777 0.092142
0.343223 0.000010 0.071616 0.355571 0.000010 0.000010 0.000011 0.229539 0.000010
0.531866 0.000010 0.000010 0.072714 0.000010 0.041633 0.000010 0.337366 0.016382
0.667136 0.000010 0.032319 0.000010 0.000011 0.013478 0.000010 0.287015 0.000010
0.423129 0.000010 0.082462 0.151086 0.000010 0.000010 0.043511 0.299772 0.000010
0.334525 0.000010 0.018075 0.149730 0.015001 0.004315 0.027441 0.450893 0.000010
0.653348 0.000010 0.069739 0.000010 0.000010 0.000010 0.111238 0.165624 0.000010
0.434089 0.000010 0.000010 0.000010 0.041441 0.060547 0.000010 0.402492 0.061392
0.562314 0.004188 0.132910 0.175467 0.000010 0.014589 0.000010 0.110501 0.000010
0.795305 0.008649 0.000010 0.044597 0.000010 0.000010 0.000010 0.151399 0.000010
0.413081 0.000010 0.000010 0.238438 0.000997 0.000010 0.000010 0.150855 0.196589
0.503484 0.045110 0.000010 0.000010 0.020754 0.000010 0.000010 0.430602 0.000010
0.720638 0.000010 0.000010 0.000010 0.000010 0.000010 0.000013 0.279289 0.000010
0.412462 0.122650 0.000010 0.097421 0.000010 0.011632 0.000010 0.355794 0.000010
0.701654 0.000010 0.000371 0.000010 0.041897 0.031961 0.000010 0.224077 0.000010
0.352651 0.084947 0.018778 0.225898 0.149463 0.040173 0.000010 0.128070 0.000010
0.491117 0.000010 0.117327 0.074290 0.075343 0.013885 0.000010 0.171286 0.056732
0.647781 0.064172 0.000010 0.113976 0.080982 0.000010 0.000010 0.093048 0.000010
0.503400 0.007321 0.000655 0.094203 0.000010 0.019963 0.000010 0.374429 0.000010
0.555738 0.000010 0.000010 0.152165 0.020268 0.000010 0.025525 0.246263 0.000010
0.482899 0.118692 0.020524 0.130568 0.012581 0.000010 0.000010 0.234707 0.000010
0.419452 0.020334 0.104320 0.232794 0.000010 0.019570 0.011098 0.192323 0.000100
0.549637 0.103605 0.000010 0.145037 0.009808 0.000010 0.000010 0.191873 0.000010
0.670087 0.000010 0.000010 0.000010 0.023240 0.029666 0.039315 0.237652 0.000010
0.576547 0.000010 0.016928 0.092333 0.000010 0.000010 0.000010 0.027582 0.286570
0.734657 0.000010 0.134850 0.000012 0.000010 0.000010 0.000010 0.130431 0.000010
0.666370 0.003588 0.000010 0.000010 0.000010 0.000010 0.017964 0.312028 0.000010
0.673628 0.000010 0.056865 0.000010 0.000010 0.000010 0.046788 0.119485 0.103193
0.403573 0.013301 0.046052 0.055441 0.000010 0.031316 0.005005 0.017307 0.427995
0.544098 0.000010 0.000010 0.110489 0.063733 0.000010 0.000010 0.268578 0.013062
0.393713 0.043749 0.124381 0.168030 0.000010 0.049717 0.066338 0.123753 0.030308
0.621211 0.000010 0.000010 0.000010 0.018856 0.027985 0.000010 0.142053 0.189856
0.689783 0.000010 0.056557 0.017498 0.000010 0.031409 0.099799 0.040901 0.064033
0.415049 0.000010 0.073419 0.051521 0.159444 0.000010 0.000010 0.300527 0.000010
0.551084 0.000010 0.108306 0.000010 0.000010 0.079705 0.000010 0.235311 0.025554
0.452179 0.000010 0.000010 0.124393 0.220523 0.025930 0.000010 0.176935 0.000010
0.405986 0.000010 0.135664 0.001877 0.000010 0.000010 0.000010 0.255930 0.200504
0.000010 0.000010 0.000010 0.017852 0.020259 0.198557 0.000010 0.000010 0.763282
0.384331 0.000010 0.000010 0.336668 0.000010 0.064619 0.000010 0.058614 0.155728
0.560750 0.114405 0.073951 0.148013 0.000010 0.000010 0.000010 0.046373 0.056478
0.646693 0.000010 0.102084 0.118219 0.000010 0.000010 0.000010 0.132954 0.000010
0.616030 0.101003 0.000010 0.069717 0.000010 0.000010 0.086106 0.009555 0.117559
0.459286 0.034402 0.000010 0.207522 0.098506 0.000010 0.000010 0.002463 0.197791
0.437612 0.000010 0.009188 0.000010 0.000010 0.000010 0.105642 0.128045 0.319474
0.477786 0.000010 0.012802 0.166259 0.060878 0.000010 0.000010 0.194301 0.087944
0.199374 0.147911 0.071278 0.116438 0.000010 0.000010 0.109371 0.225200 0.130408
0.624717 0.085815 0.000010 0.000010 0.000010 0.061882 0.000010 0.199934 0.027613
0.527852 0.024896 0.025317 0.000010 0.000010 0.000010 0.102526 0.318757 0.000622
0.663862 0.017692 0.000010 0.000010 0.062085 0.010015 0.000010 0.205302 0.041014
0.489407 0.000010 0.000010 0.000010 0.000010 0.000010 0.000010 0.298575 0.211958
0.412172 0.000010 0.000010 0.054750 0.000703 0.037742 0.000010 0.293888 0.200715
0.723236 0.032942 0.000010 0.000010 0.000010 0.000946 0.033651 0.145410 0.063784
0.691428 0.018571 0.000010 0.000010 0.000010 0.000010 0.031787 0.060166 0.198007
0.645309 0.061015 0.000010 0.000010 0.000010 0.015861 0.000011 0.000010 0.277765
0.489394 0.000010 0.090861 0.121871 0.122175 0.000010 0.000010 0.090919 0.084750
0.315784 0.064725 0.059924 0.000010 0.000010 0.000010 0.000010 0.316136 0.243391
0.544262 0.000010 0.000010 0.092088 0.056831 0.000010 0.000010 0.160149 0.146629
0.414947 0.000010 0.093505 0.203239 0.000010 0.044068 0.000010 0.201404 0.042808
0.411916 0.000010 0.079189 0.000010 0.064276 0.000010 0.062570 0.382009 0.000010
0.626985 0.000010 0.010284 0.095422 0.115776 0.031314 0.027657 0.092541 0.000010
0.420088 0.064233 0.054908 0.040991 0.008644 0.000010 0.000010 0.386038 0.025078
0.538046 0.000010 0.000010 0.047215 0.000010 0.074884 0.000010 0.226252 0.113562
0.575014 0.092626 0.000010 0.000010 0.127588 0.000010 0.000010 0.103678 0.101055
0.635158 0.000010 0.105589 0.000010 0.006542 0.000010 0.087074 0.062382 0.103225
0.618523 0.000010 0.000010 0.000010 0.073853 0.013584 0.000010 0.149539 0.144461
0.668093 0.000010 0.053425 0.000010 0.002380 0.000010 0.030181 0.125319 0.120572
0.552867 0.000010 0.146472 0.000010 0.000010 0.040079 0.000010 0.076974 0.183568
0.652077 0.000010 0.000010 0.000010 0.000010 0.055502 0.115935 0.176435 0.000010
0.444162 0.135029 0.000010 0.075890 0.000010 0.007784 0.000010 0.331383 0.005722
0.000010 0.000010 0.000010 0.000010 0.920355 0.000010 0.079575 0.000010 0.000010
0.052483 0.028132 0.016420 0.000010 0.760503 0.000010 0.142422 0.000010 0.000010
0.000010 0.000010 0.000010 0.000015 0.868084 0.000010 0.131841 0.000010 0.000010
0.013171 0.081176 0.025176 0.027140 0.836286 0.000010 0.000010 0.017021 0.000010
0.000010 0.000010 0.000010 0.000010 0.822605 0.000010 0.177325 0.000010 0.000010
0.000010 0.001459 0.135689 0.000010 0.795607 0.000010 0.067195 0.000010 0.000010
0.000010 0.000010 0.000010 0.000010 0.861445 0.000010 0.138485 0.000010 0.000010
0.481376 0.000010 0.000010 0.262732 0.000010 0.000010 0.000010 0.255832 0.000010
0.555014 0.000010 0.000010 0.126706 0.000010 0.000010 0.000010 0.318220 0.000010
0.664542 0.000010 0.098112 0.173531 0.059963 0.000010 0.003812 0.000010 0.000010
0.640587 0.000010 0.000010 0.138329 0.000010 0.000010 0.030521 0.190512 0.000010
0.602766 0.000010 0.145281 0.000012 0.000010 0.000010 0.057967 0.193933 0.000010
0.599128 0.000010 0.000010 0.176411 0.009967 0.000010 0.039707 0.171624 0.003132
0.748660 0.000010 0.000010 0.000010 0.000010 0.000010 0.170799 0.080481 0.000010
0.486094 0.000010 0.026213 0.207480 0.076932 0.000010 0.078077 0.092197 0.032986
0.691150 0.000010 0.000010 0.045168 0.000010 0.000010 0.000010 0.263621 0.000010
0.433333 0.012485 0.051941 0.161335 0.000010 0.000010 0.028752 0.289295 0.022839
0.558695 0.000010 0.000010 0.137735 0.116965 0.046753 0.000010 0.139813 0.000010
0.542045 0.000010 0.020148 0.002354 0.000010 0.000010 0.000010 0.363381 0.072032
0.503152 0.110077 0.000010 0.119272 0.089478 0.034675 0.000010 0.143318 0.000010
0.600607 0.016613 0.000010 0.104600 0.157633 0.000010 0.061555 0.058961 0.000010
0.678922 0.000010 0.000010 0.000010 0.000010 0.000010 0.063234 0.132633 0.125160
0.403200 0.060592 0.000010 0.141866 0.000010 0.088646 0.036443 0.233984 0.035249
0.369350 0.000010 0.125368 0.144361 0.000010 0.047120 0.066517 0.245669 0.001594
0.570032 0.000010 0.049003 0.027619 0.095074 0.000010 0.000010 0.245129 0.013114
0.395075 0.058235 0.016553 0.020915 0.042040 0.042724 0.027470 0.207333 0.189655
0.559204 0.087776 0.003424 0.101544 0.000010 0.000010 0.096268 0.125492 0.026273
0.490234 0.048738 0.000010 0.000010 0.021254 0.000010 0.000010 0.311563 0.128171
0.625621 0.000010 0.000010 0.000010 0.064104 0.000010 0.023815 0.276507 0.009914
0.622525 0.000010 0.003370 0.000010 0.027520 0.006723 0.000010 0.312640 0.027191
0.407259 0.000010 0.031665 0.024450 0.000010 0.077939 0.011581 0.200382 0.246704
0.451664 0.000010 0.000010 0.065445 0.013090 0.034979 0.000010 0.434781 0.000010
0.546313 0.000010 0.000010 0.000010 0.155346 0.000010 0.000010 0.224639 0.073652
0.607296 0.000010 0.000010 0.000010 0.000010 0.000010 0.116216 0.276428 0.000010
0.490425 0.000010 0.025900 0.022808 0.014782 0.105448 0.022265 0.318353 0.000010
0.471993 0.000010 0.000010 0.141964 0.002634 0.046490 0.011862 0.280924 0.044114
0.288281 0.000011 0.106961 0.249376 0.000010 0.017301 0.013923 0.324128 0.000010
0.665322 0.000010 0.123443 0.000010 0.000010 0.000010 0.000010 0.128352 0.082833
0.310511 0.000010 0.000010 0.206057 0.000010 0.000010 0.194793 0.176763 0.111837
0.714568 0.000010 0.002362 0.067254 0.015206 0.000010 0.126258 0.074322 0.000010
0.459674 0.000010 0.007485 0.001405 0.050993 0.039952 0.000964 0.439508 0.000010
0.472593 0.000010 0.071836 0.000010 0.000010 0.014199 0.003603 0.224990 0.212750
0.000010 0.962506 0.016798 0.000010 0.000010 0.005604 0.000010 0.015043 0.000010
0.094049 0.655331 0.000010 0.000010 0.000010 0.006414 0.067530 0.176637 0.000010
0.000010 0.852518 0.000010 0.061215 0.024151 0.011648 0.050428 0.000010 0.000010
0.000010 0.912566 0.000010 0.066537 0.000010 0.010859 0.000010 0.000010 0.009988
0.000010 0.000010 0.512424 0.000010 0.010684 0.026310 0.450532 0.000010 0.000010
0.000010 0.000010 0.752695 0.000010 0.000010 0.000010 0.247235 0.000010 0.000010
0.000010 0.000010 0.510748 0.000010 0.008830 0.000010 0.385497 0.094875 0.000010
0.000010 0.000010 0.617443 0.000909 0.025652 0.000010 0.355946 0.000010 0.000010
0.089472 0.000010 0.440677 0.011905 0.036478 0.000010 0.361251 0.060188 0.000010
0.000010 0.013932 0.667827 0.000010 0.000010 0.000010 0.262611 0.004882 0.050708
0.062003 0.000010 0.393563 0.000010 0.000010 0.000010 0.372683 0.000010 0.171701
0.000010 0.000010 0.205734 0.000010 0.044738 0.000010 0.455337 0.042887 0.251263
0.000010 0.174888 0.369408 0.010471 0.083401 0.000010 0.361792 0.000010 0.000010
0.082727 0.000010 0.332389 0.044273 0.000010 0.000010 0.493578 0.046993 0.000010
0.550303 0.000010 0.023863 0.000010 0.000010 0.022848 0.063238 0.339708 0.000010
0.377675 0.019248 0.122594 0.082143 0.000010 0.000010 0.000010 0.358843 0.039468
0.422740 0.000010 0.000010 0.054638 0.179468 0.000010 0.000010 0.062859 0.280255
0.485604 0.165553 0.000010 0.055411 0.000010 0.007427 0.000010 0.181131 0.104844
0.497710 0.014144 0.017359 0.265557 0.000010 0.000010 0.000010 0.205189 0.000010
0.539128 0.000010 0.028867 0.071707 0.068103 0.002066 0.000010 0.290099 0.000010
0.627181 0.013441 0.000010 0.000010 0.046097 0.027062 0.151310 0.134880 0.000010
0.446844 0.000010 0.003919 0.165186 0.000010 0.037292 0.011539 0.335190 0.000010
0.435311 0.169077 0.000010 0.099605 0.000010 0.000010 0.061506 0.058386 0.176085
0.527878 0.000010 0.000010 0.155381 0.044317 0.016861 0.000010 0.225060 0.030473
0.538885 0.000010 0.000242 0.124033 0.000010 0.123985 0.057381 0.155444 0.000010
0.510293 0.000010 0.033722 0.000010 0.038601 0.000010 0.001748 0.322944 0.092661
0.780038 0.000010 0.029208 0.013753 0.035427 0.000010 0.003457 0.138087 0.000010
0.357298 0.015250 0.104726 0.259715 0.092226 0.029609 0.017341 0.084764 0.039071
0.473787 0.000010 0.074972 0.071279 0.016060 0.096420 0.012493 0.254970 0.000010
0.575584 0.006486 0.146741 0.000010 0.000010 0.000010 0.000010 0.232485 0.038664
0.513059 0.000010 0.015804 0.114693 0.081377 0.000010 0.000010 0.275027 0.000010
0.439295 0.000011 0.105007 0.085393 0.068468 0.000010 0.000010 0.258399 0.043409
0.210790 0.053026 0.154714 0.231046 0.000010 0.062197 0.000010 0.275659 0.012546
0.560516 0.000010 0.000010 0.000010 0.000010 0.057536 0.000010 0.132086 0.249812
0.290083 0.000010 0.000010 0.129440 0.000010 0.000012 0.000010 0.238090 0.342336
0.000010 0.108803 0.548434 0.000010 0.033116 0.000010 0.309597 0.000010 0.000010
0.000010 0.000010 0.684149 0.000010 0.000010 0.037527 0.234935 0.000010 0.043339
0.013306 0.000010 0.615687 0.000010 0.015155 0.000010 0.341249 0.000010 0.014562
0.000010 0.055365 0.620589 0.054281 0.021251 0.000010 0.248475 0.000010 0.000010
0.000010 0.000010 0.761699 0.027771 0.075426 0.000010 0.135054 0.000010 0.000010
0.000010 0.117501 0.420747 0.000010 0.077244 0.008502 0.342676 0.000010 0.033299
0.000010 0.105894 0.581806 0.000010 0.000968 0.000010 0.311282 0.000010 0.000010
0.000010 0.000010 0.635235 0.000010 0.034576 0.000010 0.261169 0.068971 0.000010
0.000015 0.064319 0.692831 0.000010 0.000010 0.000010 0.242785 0.000010 0.000010
0.000014 0.015153 0.559167 0.117323 0.000010 0.000010 0.308303 0.000010 0.000010
0.000010 0.033081 0.750461 0.003879 0.000010 0.000010 0.212529 0.000010 0.000010
0.000010 0.000010 0.650319 0.049159 0.000010 0.010809 0.289662 0.000010 0.000010
0.000010 0.158164 0.618705 0.000010 0.151308 0.000010 0.071774 0.000010 0.000010
0.000010 0.188454 0.452090 0.000010 0.094923 0.000010 0.257755 0.006738 0.000010
0.000010 0.013747 0.569400 0.000010 0.000018 0.000010 0.357490 0.000010 0.059307
0.000010 0.018781 0.693798 0.020075 0.086396 0.000010 0.180911 0.000010 0.000010
0.000010 0.012498 0.723406 0.000010 0.061139 0.000010 0.182973 0.000010 0.019944
0.000010 0.108409 0.553422 0.000010 0.099570 0.000010 0.238548 0.000010 0.000010
0.055630 0.000010 0.680003 0.000010 0.000010 0.000010 0.194114 0.002490 0.067723
0.000010 0.000010 0.414548 0.090932 0.021704 0.000010 0.406632 0.066145 0.000010
0.000010 0.037633 0.701104 0.066867 0.000010 0.000010 0.122528 0.000010 0.071828
0.000010 0.000010 0.565340 0.029501 0.000010 0.000010 0.405100 0.000010 0.000010
0.000010 0.026473 0.578937 0.000010 0.079101 0.000010 0.315438 0.000010 0.000010
0.000010 0.042793 0.699975 0.000010 0.062369 0.000010 0.194813 0.000010 0.000010
0.000010 0.008394 0.597087 0.026088 0.049589 0.000010 0.203565 0.115247 0.000010
0.076814 0.144781 0.345782 0.000010 0.065814 0.000010 0.364634 0.000010 0.002145
0.000010 0.000010 0.750497 0.000010 0.000010 0.016337 0.219481 0.000010 0.013634
0.000010 0.000010 0.599987 0.000010 0.001980 0.053201 0.255380 0.030029 0.059392
0.000010 0.260155 0.584920 0.000010 0.072558 0.000010 0.054799 0.027528 0.000010
0.000010 0.037829 0.672536 0.040594 0.000010 0.000010 0.248991 0.000010 0.000010
0.000010 0.215877 0.471279 0.000010 0.039929 0.000010 0.219739 0.000010 0.053137
0.010068 0.040357 0.754721 0.000010 0.000010 0.000010 0.194804 0.000010 0.000010
0.000010 0.000010 0.529726 0.000010 0.015638 0.012709 0.413052 0.028834 0.000010
0.000010 0.028063 0.696532 0.000010 0.023739 0.000010 0.234090 0.000010 0.017536
0.000010 0.068121 0.649165 0.000010 0.161849 0.009090 0.111734 0.000010 0.000010
0.000010 0.000010 0.523019 0.072274 0.005368 0.000010 0.399289 0.000010 0.000010
0.000010 0.000010 0.607993 0.000010 0.000010 0.000010 0.347627 0.000010 0.044319
0.000010 0.000010 0.447785 0.000010 0.056749 0.000010 0.495405 0.000010 0.000010
0.000010 0.082753 0.639632 0.000010 0.015096 0.000010 0.262469 0.000010 0.000010
0.000010 0.000010 0.039582 0.000010 0.797820 0.025588 0.136961 0.000010 0.000010
0.000010 0.000010 0.000010 0.000010 0.850203 0.000010 0.149727 0.000010 0.000010
0.000010 0.038947 0.528811 0.000010 0.175559 0.013057 0.190816 0.000010 0.052779
0.000010 0.000710 0.488775 0.000010 0.000010 0.000010 0.393449 0.117015 0.000010
0.230308 0.000010 0.000010 0.501053 0.000010 0.000010 0.080018 0.188571 0.000010
0.362656 0.017614 0.000010 0.386275 0.024020 0.000010 0.000010 0.209395 0.000010
0.326493 0.000010 0.184018 0.186653 0.020453 0.000010 0.064238 0.218114 0.000010
0.057502 0.000010 0.000010 0.640982 0.000010 0.093910 0.014895 0.192671 0.000010
0.514104 0.000010 0.005443 0.173535 0.000010 0.029913 0.058211 0.218764 0.000010
0.307200 0.097539 0.066725 0.312100 0.000010 0.000010 0.000010 0.216396 0.000010
0.329800 0.000010 0.000010 0.421379 0.000010 0.000010 0.000010 0.248761 0.000010
0.316512 0.000010 0.000010 0.307078 0.085140 0.022976 0.024962 0.243302 0.000010
0.319618 0.000010 0.018706 0.476352 0.000010 0.006550 0.086421 0.092323 0.000010
0.339336 0.000010 0.000010 0.444538 0.003485 0.000010 0.127685 0.084917 0.000010
0.465820 0.025282 0.015187 0.396618 0.016789 0.000010 0.018897 0.061388 0.000010
0.230640 0.000010 0.000010 0.535877 0.000010 0.000010 0.034829 0.198604 0.000010
0.249180 0.000010 0.000010 0.363005 0.000010 0.040154 0.087002 0.260620 0.000010
0.000010 0.000010 0.544346 0.000010 0.139684 0.000010 0.315910 0.000010 0.000010
0.000010 0.000010 0.530241 0.000010 0.102473 0.000010 0.319110 0.000010 0.048126
0.000010 0.054918 0.608737 0.044953 0.059340 0.000880 0.174893 0.056260 0.000010
0.000010 0.118836 0.462294 0.000010 0.018476 0.000010 0.346733 0.053621 0.000010
0.015731 0.021484 0.589863 0.000010 0.000010 0.000010 0.308324 0.064558 0.000010
0.000010 0.021476 0.620599 0.000010 0.000010 0.000010 0.347045 0.010830 0.000010
0.000010 0.000010 0.690833 0.000010 0.055917 0.000010 0.228227 0.000010 0.024974
0.000010 0.000010 0.630728 0.000011 0.037115 0.000010 0.274961 0.057145 0.000010
0.000010 0.000010 0.620375 0.000010 0.044517 0.000010 0.293757 0.000010 0.041301
0.000010 0.021310 0.501717 0.000010 0.109084 0.002668 0.365181 0.000010 0.000010
0.009692 0.000010 0.616242 0.000010 0.066758 0.011630 0.206744 0.000010 0.088904
0.000010 0.109307 0.695177 0.000010 0.028494 0.000010 0.166972 0.000010 0.000010
