0.346664 0.057952 0.029764 0.000010 0.000010 0.060298 0.000010 0.505283 0.000010
0.308856 0.000010 0.000010 0.000010 0.084175 0.000010 0.129198 0.477721 0.000010
0.386701 0.000010 0.000492 0.115649 0.000010 0.000010 0.136236 0.360882 0.000010
0.173774 0.000010 0.000010 0.303236 0.000010 0.000010 0.200745 0.322195 0.000010
0.233365 0.046113 0.034595 0.000010 0.000010 0.000010 0.040484 0.645403 0.000010
0.157754 0.000010 0.035719 0.313526 0.000010 0.000010 0.118161 0.374801 0.000010
0.556581 0.000010 0.062315 0.000010 0.000010 0.000010 0.000010 0.381045 0.000010
0.457229 0.000010 0.174668 0.016138 0.008378 0.004927 0.000010 0.338630 0.000010
0.351412 0.000010 0.087009 0.000010 0.170401 0.000010 0.000010 0.391128 0.000010
0.361640 0.009520 0.000010 0.044175 0.010449 0.113289 0.104033 0.356874 0.000010
0.241055 0.067589 0.043831 0.000010 0.000010 0.000010 0.176492 0.470993 0.000010
0.422409 0.000010 0.000010 0.085552 0.000010 0.000010 0.112802 0.379186 0.000010
0.314115 0.041617 0.034860 0.134417 0.000010 0.000010 0.044488 0.430473 0.000010
0.105883 0.014571 0.009880 0.141759 0.000010 0.000010 0.229611 0.498265 0.000010
0.140516 0.110710 0.000010 0.279263 0.030917 0.000010 0.094816 0.343747 0.000010
0.320559 0.000010 0.000010 0.052268 0.000010 0.030444 0.099515 0.497173 0.000010
0.287548 0.163615 0.011900 0.000010 0.000010 0.028130 0.034389 0.474388 0.000010
0.462345 0.026423 0.000010 0.032999 0.000010 0.069222 0.000010 0.364928 0.044053
0.154972 0.000010 0.000010 0.075973 0.000010 0.000010 0.157370 0.611635 0.000010
0.000010 0.066059 0.054212 0.226767 0.000010 0.000010 0.098507 0.554415 0.000010
0.336405 0.000010 0.014257 0.134763 0.000010 0.000010 0.020889 0.493646 0.000010
0.345243 0.030876 0.000010 0.126091 0.000010 0.000010 0.027968 0.469782 0.000010
0.242313 0.000010 0.000010 0.000010 0.005493 0.000010 0.092236 0.634824 0.025094
0.534653 0.014239 0.000010 0.029778 0.000010 0.000010 0.000010 0.276770 0.144519
0.406721 0.069197 0.000010 0.162504 0.011267 0.018238 0.110936 0.185210 0.035917
0.413657 0.022679 0.000010 0.000010 0.000010 0.000010 0.023796 0.539819 0.000010
0.000010 0.037515 0.000010 0.025866 0.000010 0.038340 0.165532 0.732707 0.000010
0.304528 0.000010 0.065106 0.000010 0.000010 0.017451 0.082391 0.426824 0.103670
0.266993 0.000010 0.000010 0.200492 0.000010 0.000010 0.000010 0.532455 0.000010
0.256177 0.000010 0.000010 0.022395 0.041540 0.000010 0.129673 0.371249 0.178936
0.408640 0.000010 0.231913 0.000010 0.000010 0.000010 0.004987 0.354410 0.000010
0.251291 0.000010 0.173904 0.000010 0.000010 0.074881 0.000010 0.499874 0.000010
0.237259 0.000010 0.000010 0.263761 0.026544 0.000010 0.003480 0.403153 0.065772
0.257902 0.071311 0.350077 0.000010 0.000010 0.000010 0.133150 0.187520 0.000010
0.051873 0.031796 0.000010 0.148305 0.131217 0.000010 0.283154 0.308764 0.044871
0.139553 0.000010 0.110010 0.036630 0.000010 0.000010 0.045007 0.668759 0.000010
0.371746 0.000010 0.000010 0.136986 0.000010 0.000010 0.187198 0.304020 0.000010
0.159267 0.099951 0.000107 0.039090 0.000010 0.000010 0.084975 0.379255 0.237334
0.463783 0.000010 0.000010 0.015381 0.026081 0.000010 0.000010 0.456303 0.038412
0.359621 0.000010 0.039668 0.055853 0.000010 0.000010 0.019797 0.525020 0.000010
0.277341 0.008310 0.000010 0.001573 0.000010 0.051722 0.006023 0.655001 0.000010
0.219592 0.070273 0.024757 0.009113 0.000010 0.000010 0.000010 0.676224 0.000010
0.251053 0.000010 0.000010 0.085222 0.015367 0.080612 0.211602 0.329371 0.026752
0.173427 0.000010 0.006420 0.068236 0.000010 0.105238 0.158941 0.487708 0.000010
0.464402 0.000010 0.000010 0.000010 0.000010 0.015429 0.036153 0.483967 0.000010
0.346809 0.102379 0.000010 0.327440 0.000010 0.045678 0.000010 0.177654 0.000010
0.054257 0.010102 0.000010 0.172981 0.189931 0.168779 0.024857 0.379073 0.000010
0.346253 0.082504 0.019587 0.000010 0.000010 0.000010 0.027781 0.511242 0.012603
0.182429 0.132055 0.097644 0.120572 0.000010 0.000010 0.000010 0.467261 0.000010
0.153873 0.000010 0.362499 0.000010 0.000010 0.000010 0.124424 0.359154 0.000010
0.058016 0.000010 0.135774 0.186896 0.000010 0.000010 0.365073 0.254201 0.000010
0.202116 0.000010 0.284333 0.000010 0.000010 0.000010 0.236010 0.242169 0.035332
0.146354 0.000010 0.201215 0.259683 0.000010 0.000010 0.180406 0.212302 0.000010
0.262534 0.129063 0.162106 0.000010 0.081200 0.091214 0.076966 0.196898 0.000010
0.032980 0.048847 0.170408 0.148552 0.000010 0.000010 0.152346 0.446837 0.000010
0.182818 0.182827 0.032917 0.000010 0.091626 0.099000 0.112745 0.298047 0.000010
0.429752 0.000010 0.063994 0.149569 0.037919 0.000010 0.000010 0.318727 0.000010
0.241190 0.090255 0.130040 0.108578 0.072913 0.000010 0.000010 0.260234 0.096769
0.000010 0.117534 0.301203 0.049600 0.000010 0.000010 0.138849 0.392773 0.000010
0.246653 0.183996 0.309256 0.120463 0.000010 0.023430 0.052209 0.063973 0.000010
0.336185 0.018826 0.330045 0.000010 0.000010 0.000010 0.103203 0.211701 0.000010
0.187932 0.000010 0.166673 0.198763 0.158598 0.000010 0.105479 0.182524 0.000010
0.059075 0.177998 0.506014 0.119654 0.038090 0.000010 0.093547 0.000010 0.005602
0.008512 0.262599 0.084755 0.198195 0.012160 0.002869 0.107081 0.323818 0.000010
0.069025 0.000010 0.512733 0.000010 0.125539 0.000010 0.278776 0.013887 0.000010
0.111090 0.000010 0.566063 0.059744 0.000010 0.000010 0.177544 0.085520 0.000010
0.000010 0.215480 0.414199 0.055062 0.000010 0.000010 0.045942 0.269276 0.000010
0.452773 0.000010 0.000010 0.134180 0.008267 0.000010 0.152409 0.252331 0.000010
0.265844 0.136554 0.282792 0.061352 0.000010 0.000010 0.037146 0.216282 0.000010
0.410871 0.000010 0.112852 0.000010 0.027818 0.000010 0.130075 0.318345 0.000010
0.209499 0.050919 0.000010 0.133953 0.000010 0.047902 0.000010 0.215218 0.342480
0.319773 0.032896 0.005549 0.105754 0.000010 0.126028 0.016441 0.393539 0.000010
0.421029 0.000010 0.164328 0.000010 0.000010 0.024672 0.069705 0.320226 0.000010
0.240776 0.000010 0.053349 0.000010 0.000010 0.032984 0.005561 0.594195 0.073104
0.450229 0.000010 0.000010 0.139272 0.000010 0.000010 0.000010 0.410439 0.000010
0.270263 0.021688 0.000010 0.161684 0.000010 0.000010 0.154661 0.391664 0.000010
0.009209 0.000010 0.103023 0.126013 0.000010 0.004857 0.123170 0.633697 0.000010
0.114103 0.000010 0.245626 0.000010 0.000010 0.029723 0.000010 0.610498 0.000010
0.312700 0.172301 0.047540 0.000010 0.000010 0.034390 0.000010 0.419012 0.014027
0.233132 0.000010 0.173480 0.000010 0.000010 0.000010 0.033648 0.559690 0.000010
0.079019 0.123365 0.013873 0.167006 0.000010 0.000010 0.173463 0.443244 0.000010
0.383725 0.000010 0.000010 0.239423 0.041137 0.000010 0.000010 0.229144 0.106530
0.491090 0.020802 0.000010 0.000010 0.000010 0.000010 0.000010 0.488047 0.000010
0.405989 0.113971 0.000010 0.000010 0.000010 0.003620 0.000010 0.476369 0.000010
0.277604 0.000010 0.000010 0.124879 0.000010 0.000010 0.055050 0.508812 0.033615
0.276038 0.016805 0.046672 0.000010 0.000010 0.000010 0.106427 0.554019 0.000010
0.307740 0.000010 0.000010 0.136057 0.000010 0.135199 0.116092 0.154070 0.150813
0.354761 0.025500 0.000010 0.208952 0.000010 0.000010 0.041204 0.276944 0.092609
0.359016 0.000010 0.000010 0.068956 0.029946 0.000010 0.094281 0.447762 0.000010
0.458146 0.000010 0.029479 0.140110 0.000010 0.000010 0.000010 0.372214 0.000010
0.293611 0.000010 0.122303 0.000010 0.000010 0.011947 0.045799 0.526299 0.000010
0.425236 0.000010 0.000010 0.067919 0.000010 0.000010 0.136571 0.370224 0.000010
0.449884 0.033122 0.000010 0.000010 0.000010 0.000010 0.000010 0.478070 0.038874
0.333296 0.018376 0.010965 0.000010 0.000010 0.038724 0.138022 0.460587 0.000010
0.284533 0.000010 0.000010 0.308188 0.000010 0.000010 0.008553 0.398677 0.000010
0.404714 0.020546 0.000010 0.063441 0.000010 0.000010 0.258494 0.252766 0.000010
0.035005 0.000010 0.000010 0.080085 0.018881 0.036984 0.120589 0.642320 0.066116
0.269843 0.007166 0.000010 0.181032 0.004017 0.000010 0.123862 0.379999 0.034061
0.317152 0.000010 0.000010 0.032133 0.118234 0.017059 0.082760 0.432632 0.000010
0.307496 0.088052 0.048643 0.025666 0.000010 0.055772 0.223661 0.250689 0.000010
0.247089 0.032582 0.000010 0.000010 0.128687 0.000010 0.147396 0.444206 0.000010
0.006136 0.000010 0.000010 0.141520 0.000010 0.013663 0.050120 0.040767 0.747765
0.202907 0.000010 0.027983 0.107343 0.000010 0.000010 0.164773 0.013643 0.483322
0.203434 0.206942 0.000010 0.188080 0.074216 0.000010 0.010988 0.316311 0.000010
0.269465 0.017055 0.080149 0.013921 0.000010 0.013682 0.216779 0.388929 0.000010
0.220337 0.000010 0.090849 0.327744 0.000010 0.000010 0.000010 0.361021 0.000010
0.379892 0.000010 0.101366 0.017198 0.000010 0.000010 0.000010 0.501494 0.000010
0.124524 0.038230 0.000010 0.244290 0.112068 0.000010 0.126090 0.354768 0.000010
0.111168 0.143746 0.000010 0.000010 0.000010 0.000010 0.232117 0.463230 0.049699
0.231097 0.000010 0.000010 0.225159 0.000010 0.000010 0.190576 0.296396 0.056732
0.160748 0.042983 0.000010 0.000010 0.000010 0.000010 0.282675 0.513544 0.000010
0.063165 0.004978 0.000010 0.240136 0.027982 0.000010 0.198062 0.465647 0.000010
0.092572 0.077847 0.000010 0.009964 0.104453 0.063846 0.211339 0.439958 0.000010
0.458618 0.005190 0.000010 0.000010 0.000010 0.015436 0.016822 0.471482 0.032422
0.330186 0.013414 0.000010 0.000010 0.000010 0.018262 0.214850 0.423249 0.000010
0.000010 0.050561 0.008312 0.095520 0.000010 0.036694 0.068140 0.740742 0.000010
0.254938 0.080965 0.000010 0.051207 0.010445 0.000010 0.127629 0.464975 0.009821
0.437389 0.000010 0.012019 0.028359 0.014065 0.000010 0.101583 0.332239 0.074326
0.130571 0.100821 0.000010 0.131842 0.036566 0.000010 0.069689 0.509986 0.020505
0.410390 0.000010 0.021490 0.000010 0.000010 0.000245 0.105265 0.462570 0.000010
0.325875 0.101465 0.000010 0.131110 0.010451 0.000010 0.032598 0.398471 0.000010
0.040227 0.008815 0.000010 0.100564 0.096882 0.000010 0.270840 0.440106 0.042546
0.336869 0.000010 0.028034 0.061503 0.000010 0.000010 0.036648 0.476085 0.060831
0.010423 0.000010 0.043194 0.229652 0.000010 0.000010 0.135907 0.534010 0.046785
0.262221 0.073049 0.106312 0.121194 0.000010 0.000010 0.128592 0.306591 0.002020
0.342888 0.053894 0.000010 0.064034 0.059929 0.022088 0.000010 0.457138 0.000010
0.016957 0.101684 0.000010 0.332468 0.000010 0.000010 0.112701 0.436150 0.000010
0.182864 0.000010 0.139210 0.049959 0.000010 0.000010 0.142021 0.485906 0.000010
0.475029 0.000010 0.000010 0.002181 0.000010 0.019414 0.082649 0.420687 0.000010
0.159812 0.000010 0.164110 0.129347 0.000010 0.000010 0.206659 0.340033 0.000010
0.002719 0.027760 0.000010 0.133608 0.000010 0.000010 0.142364 0.661977 0.031544
0.078956 0.035388 0.000010 0.131937 0.000010 0.000010 0.265263 0.488079 0.000348
0.223908 0.000010 0.025163 0.083187 0.000010 0.000010 0.276821 0.390882 0.000010
0.514294 0.000010 0.000010 0.012771 0.000010 0.000010 0.029882 0.443003 0.000010
0.161859 0.072970 0.051512 0.000010 0.000010 0.000010 0.108014 0.564009 0.041606
0.030258 0.019216 0.115283 0.220326 0.000010 0.004757 0.081895 0.528245 0.000010
0.029007 0.000010 0.000010 0.136245 0.011342 0.000010 0.220590 0.528410 0.074377
0.182073 0.056246 0.006733 0.062425 0.000010 0.000010 0.194807 0.478174 0.019522
0.286652 0.000010 0.099517 0.092794 0.129090 0.064739 0.073405 0.229318 0.024475
0.000010 0.050705 0.148114 0.279321 0.000010 0.030264 0.008432 0.483135 0.000010
0.321291 0.035628 0.000010 0.047967 0.000010 0.000010 0.175701 0.419373 0.000010
0.000010 0.000010 0.116525 0.220827 0.000010 0.000010 0.224077 0.438521 0.000010
0.157525 0.019390 0.000010 0.235177 0.087428 0.019412 0.000010 0.481039 0.000010
0.176470 0.034349 0.027463 0.163159 0.000010 0.000010 0.000010 0.598519 0.000010
0.286758 0.038856 0.080722 0.042827 0.000010 0.037924 0.000010 0.502585 0.010307
0.191078 0.073881 0.000010 0.000010 0.000010 0.000010 0.161522 0.573469 0.000010
0.305857 0.000010 0.000010 0.000010 0.000010 0.000010 0.029453 0.614646 0.049993
0.167872 0.070481 0.000010 0.182438 0.033204 0.000010 0.065058 0.480917 0.000010
0.151398 0.161849 0.000010 0.301265 0.055872 0.000010 0.048482 0.281105 0.000010
0.181717 0.000010 0.000010 0.156780 0.000010 0.000010 0.193792 0.467661 0.000010
0.361489 0.038777 0.000010 0.017863 0.000010 0.003223 0.030155 0.548465 0.000010
0.245411 0.000010 0.129128 0.033210 0.029726 0.024534 0.000010 0.537962 0.000010
0.016768 0.043203 0.000010 0.347093 0.000010 0.000010 0.165899 0.426996 0.000010
0.158398 0.014303 0.048923 0.118098 0.000010 0.070219 0.048864 0.541175 0.000010
0.168150 0.098994 0.000010 0.013061 0.000010 0.000010 0.156366 0.563389 0.000010
0.247358 0.116409 0.002951 0.017474 0.000010 0.000010 0.186000 0.429777 0.000010
0.075751 0.000010 0.000010 0.272435 0.149263 0.009085 0.129552 0.363885 0.000010
0.203896 0.000010 0.000010 0.077528 0.000010 0.000010 0.002575 0.715950 0.000010
0.159046 0.000010 0.000010 0.247716 0.000010 0.067940 0.002943 0.522315 0.000010
0.163491 0.000010 0.000010 0.032189 0.043407 0.000010 0.318219 0.442654 0.000010
0.192306 0.022000 0.000010 0.224725 0.000010 0.033918 0.008369 0.518652 0.000010
0.103192 0.127729 0.000010 0.370545 0.009910 0.000010 0.033137 0.355457 0.000010
0.055682 0.078373 0.000010 0.072659 0.030395 0.000010 0.164919 0.597941 0.000010
0.370479 0.183335 0.026731 0.000010 0.000010 0.019991 0.095296 0.302306 0.001841
0.213652 0.122258 0.020439 0.171264 0.093786 0.038538 0.071244 0.243826 0.024992
0.115418 0.001579 0.116402 0.154555 0.012609 0.000010 0.255098 0.344320 0.000010
0.000010 0.000010 0.074871 0.223771 0.168291 0.103730 0.000010 0.427742 0.001565
0.279789 0.110508 0.000010 0.075812 0.072315 0.000010 0.000010 0.461536 0.000010
0.163495 0.026423 0.000010 0.042465 0.000010 0.000010 0.154837 0.612741 0.000010
0.312190 0.056298 0.138565 0.238313 0.090227 0.000010 0.044832 0.103377 0.016188
0.029781 0.000010 0.000010 0.517322 0.066086 0.027391 0.132540 0.208870 0.017990
0.010689 0.078039 0.000010 0.063374 0.000010 0.000010 0.268774 0.526451 0.052642
0.063052 0.000010 0.035270 0.341927 0.066319 0.000010 0.159637 0.210557 0.123218
0.125439 0.178494 0.100051 0.269196 0.000010 0.067213 0.022994 0.236593 0.000010
0.187983 0.051326 0.326359 0.102990 0.065566 0.000010 0.028680 0.237076 0.000010
0.436473 0.000010 0.034841 0.000010 0.000010 0.000010 0.000010 0.451313 0.077323
0.183334 0.082514 0.026280 0.069999 0.000010 0.000010 0.088922 0.548921 0.000010
0.192082 0.000010 0.137209 0.000010 0.056910 0.000010 0.177011 0.436749 0.000010
0.104265 0.132924 0.000010 0.076181 0.000010 0.004579 0.283914 0.398107 0.000010
0.207833 0.022885 0.013013 0.098904 0.103973 0.031806 0.202084 0.261374 0.058129
0.202243 0.000010 0.307479 0.000010 0.000010 0.000010 0.104284 0.361103 0.024850
0.000010 0.195008 0.000010 0.423897 0.000010 0.000010 0.114647 0.266398 0.000010
0.000010 0.088749 0.088329 0.352389 0.000010 0.000010 0.124059 0.270183 0.076261
0.072139 0.000010 0.066303 0.206052 0.000010 0.000010 0.188153 0.458908 0.008415
0.067874 0.167226 0.000010 0.201381 0.000010 0.000010 0.150576 0.364795 0.048119
0.228260 0.050765 0.113297 0.000010 0.000010 0.000010 0.210456 0.397182 0.000010
0.232535 0.053041 0.212811 0.145815 0.031020 0.000010 0.000010 0.299262 0.025497
0.000010 0.064076 0.000010 0.000010 0.000010 0.420998 0.000010 0.000010 0.514867
0.000010 0.000010 0.000010 0.000010 0.000010 0.313939 0.000010 0.033148 0.652854
0.000010 0.030532 0.000010 0.000010 0.000010 0.445265 0.018895 0.000010 0.505259
0.042744 0.011213 0.000010 0.000010 0.000010 0.318079 0.000010 0.000010 0.627914
0.081583 0.000010 0.000010 0.000010 0.000010 0.313427 0.000010 0.052245 0.552695
0.069940 0.054168 0.000010 0.000010 0.000010 0.301414 0.000010 0.020344 0.554094
0.000010 0.000010 0.000010 0.000010 0.000010 0.501121 0.040147 0.000010 0.458672
0.033088 0.000010 0.000010 0.047161 0.000010 0.257370 0.000010 0.000010 0.662331
0.000010 0.014128 0.000010 0.000010 0.000010 0.260091 0.000010 0.037840 0.687891
0.000010 0.000010 0.000010 0.002261 0.000010 0.433102 0.050028 0.000010 0.514559
0.100521 0.006654 0.000943 0.000010 0.000010 0.227426 0.007335 0.000010 0.657091
0.000010 0.000010 0.000010 0.034845 0.000010 0.460392 0.065186 0.000010 0.439527
0.000010 0.000010 0.000010 0.030902 0.000010 0.420960 0.000010 0.000010 0.548077
0.000010 0.000010 0.000010 0.000010 0.000010 0.397284 0.076692 0.000010 0.525964
0.131115 0.000010 0.000010 0.000010 0.000010 0.252530 0.000010 0.000010 0.616295
0.067694 0.000010 0.000010 0.030951 0.000010 0.219124 0.000010 0.000010 0.682181
0.000010 0.004526 0.008985 0.000010 0.029674 0.330277 0.000010 0.045384 0.581124
0.000010 0.000010 0.000010 0.000010 0.000010 0.508359 0.022730 0.016299 0.452562
0.000010 0.000010 0.000010 0.000010 0.000010 0.301933 0.000010 0.097535 0.600472
0.035222 0.050322 0.000010 0.000010 0.000010 0.290229 0.000010 0.008668 0.615518
0.000010 0.000010 0.000010 0.000010 0.000010 0.597001 0.000010 0.000010 0.402929
0.000010 0.000010 0.000010 0.098790 0.000010 0.350689 0.007469 0.000010 0.543001
0.000010 0.000010 0.000010 0.000010 0.000010 0.410002 0.011338 0.000010 0.578600
0.000010 0.000010 0.000010 0.000010 0.000010 0.473481 0.031940 0.000010 0.494520
0.000010 0.000010 0.000010 0.000010 0.000010 0.362363 0.051840 0.000010 0.585737
0.000010 0.000010 0.000010 0.000010 0.000010 0.550091 0.040376 0.000010 0.409474
0.000010 0.000010 0.000010 0.000010 0.000010 0.388209 0.000010 0.003436 0.608295
0.000010 0.000010 0.000010 0.000010 0.000010 0.309633 0.000868 0.015616 0.673833
0.000010 0.073034 0.000010 0.025533 0.770253 0.000010 0.131130 0.000010 0.000010
0.314002 0.000010 0.000010 0.450591 0.000010 0.000010 0.152321 0.083035 0.000010
0.197357 0.097801 0.035294 0.360909 0.000010 0.000010 0.049012 0.259599 0.000010
0.182828 0.172889 0.000010 0.347443 0.000010 0.000010 0.000010 0.296790 0.000010
0.329093 0.000010 0.000010 0.392043 0.020456 0.000010 0.012448 0.131018 0.114912
0.294767 0.038412 0.179581 0.298602 0.034963 0.000010 0.000010 0.153645 0.000010
0.503627 0.000010 0.000010 0.000010 0.000010 0.009735 0.079245 0.359298 0.048054
0.450991 0.000010 0.000010 0.334744 0.000010 0.016608 0.000010 0.197607 0.000010
0.183112 0.102118 0.000010 0.325651 0.000010 0.035279 0.000010 0.310707 0.043104
0.062834 0.125502 0.000010 0.226956 0.000010 0.082358 0.088309 0.390820 0.023201
0.383081 0.000010 0.000010 0.326516 0.000010 0.000010 0.003904 0.286448 0.000010
0.293799 0.025778 0.000010 0.370945 0.036581 0.000010 0.117792 0.154796 0.000289
0.172069 0.037320 0.019917 0.444927 0.084413 0.000010 0.000010 0.208380 0.032954
0.416607 0.186112 0.000010 0.361298 0.000010 0.000010 0.035933 0.000010 0.000010
0.355288 0.000010 0.000010 0.227817 0.016507 0.000010 0.000010 0.343940 0.056408
0.204536 0.073362 0.045597 0.550430 0.028380 0.000010 0.000010 0.000010 0.097664
0.460219 0.000010 0.100279 0.231318 0.000010 0.000010 0.131649 0.076495 0.000010
0.263750 0.008492 0.015208 0.401097 0.052943 0.000010 0.000010 0.258480 0.000010
0.379496 0.022298 0.000010 0.260798 0.000010 0.000010 0.021713 0.315655 0.000010
0.448257 0.003238 0.026410 0.206785 0.000010 0.000010 0.000010 0.315270 0.000010
0.387837 0.000010 0.074639 0.275417 0.000010 0.000010 0.000010 0.262058 0.000010
0.425632 0.000010 0.141392 0.216237 0.000010 0.000010 0.000010 0.154347 0.062352
0.456445 0.115844 0.025790 0.290546 0.002782 0.000010 0.067863 0.040711 0.000010
0.151145 0.000010 0.000010 0.348957 0.159066 0.000010 0.000010 0.249210 0.091582
0.413632 0.000010 0.057328 0.157051 0.012781 0.049116 0.004276 0.305796 0.000010
0.329324 0.000010 0.038303 0.502470 0.056855 0.000010 0.014838 0.058180 0.000010
0.000010 0.065855 0.229582 0.442353 0.000010 0.000010 0.000010 0.262161 0.000010
0.479090 0.000010 0.000010 0.269755 0.000010 0.000010 0.000010 0.251094 0.000010
0.084534 0.076449 0.000010 0.551878 0.102135 0.000010 0.000010 0.184964 0.000010
0.000010 0.000010 0.000010 0.000010 0.978976 0.020954 0.000010 0.000010 0.000010
0.000010 0.000010 0.000010 0.000010 0.917559 0.000010 0.082371 0.000010 0.000010
0.000010 0.005132 0.000010 0.016847 0.977961 0.000010 0.000010 0.000010 0.000010
0.000010 0.000010 0.064641 0.000010 0.874355 0.000010 0.036328 0.024627 0.000010
0.001490 0.110005 0.000010 0.000010 0.663786 0.000010 0.195151 0.029528 0.000010
0.000010 0.045270 0.000010 0.000010 0.954660 0.000010 0.000010 0.000010 0.000010
0.000010 0.000010 0.000010 0.000010 0.971275 0.010212 0.000010 0.018453 0.000010
0.000010 0.028965 0.000010 0.000010 0.970962 0.000010 0.000010 0.000013 0.000010
0.000010 0.064738 0.000010 0.000010 0.851256 0.000010 0.052071 0.031884 0.000010
0.000010 0.006972 0.000010 0.000010 0.992958 0.000010 0.000010 0.000010 0.000010
0.000010 0.032593 0.000010 0.000010 0.967337 0.000010 0.000010 0.000010 0.000010
0.013937 0.000010 0.000010 0.000010 0.985993 0.000010 0.000010 0.000010 0.000010
0.020967 0.000010 0.000010 0.000010 0.978963 0.000010 0.000010 0.000010 0.000010
0.000010 0.000010 0.000010 0.000010 0.999920 0.000010 0.000010 0.000010 0.000010
0.011305 0.015831 0.000010 0.000010 0.972803 0.000010 0.000010 0.000010 0.000010
0.000010 0.000010 0.000010 0.024093 0.933407 0.000201 0.000010 0.042249 0.000010
0.000010 0.004176 0.000010 0.000010 0.995754 0.000010 0.000010 0.000010 0.000010
0.559225 0.000010 0.025689 0.081856 0.000010 0.022366 0.000010 0.310824 0.000010
0.658559 0.000010 0.072799 0.009403 0.000010 0.000010 0.068167 0.191031 0.000010
0.492370 0.044219 0.000010 0.197451 0.000010 0.004342 0.000010 0.261578 0.000010
0.595573 0.000010 0.043291 0.033303 0.000010 0.005735 0.000010 0.275372 0.046696
0.626307 0.000010 0.000010 0.066722 0.012624 0.000010 0.052453 0.241855 0.000010
0.483680 0.140292 0.066549 0.155914 0.000010 0.000010 0.000010 0.074228 0.079308
0.757964 0.064824 0.000010 0.000010 0.076902 0.000010 0.000010 0.100261 0.000010
0.649530 0.019874 0.031462 0.000010 0.000010 0.000010 0.000010 0.299083 0.000010
0.606414 0.041689 0.000010 0.143886 0.000010 0.017601 0.000010 0.190370 0.000010
0.528026 0.000010 0.000010 0.124254 0.000010 0.055568 0.000010 0.190618 0.101494
0.628670 0.000010 0.000010 0.005035 0.000010 0.000010 0.000010 0.366235 0.000010
0.517493 0.058109 0.035134 0.184876 0.000010 0.011157 0.000010 0.128778 0.064433
0.568960 0.000010 0.019777 0.033054 0.000010 0.000592 0.000010 0.302038 0.075549
0.325700 0.058035 0.146715 0.190285 0.000010 0.014799 0.000010 0.264436 0.000010
0.606661 0.026041 0.000010 0.000010 0.000010 0.000010 0.000010 0.297167 0.070081
0.383057 0.065373 0.006465 0.056613 0.000010 0.000010 0.000010 0.426951 0.061511
0.221592 0.000010 0.000010 0.323604 0.050630 0.025798 0.054184 0.324162 0.000010
0.275403 0.024252 0.161621 0.398594 0.054587 0.016484 0.000010 0.000010 0.069039
0.313272 0.000010 0.066277 0.015427 0.000010 0.000010 0.100627 0.369687 0.134680
0.464959 0.098971 0.000010 0.303854 0.000010 0.000010 0.000010 0.132166 0.000010
0.384279 0.084798 0.000010 0.165240 0.038680 0.020807 0.053763 0.252413 0.000010
0.663413 0.000010 0.003552 0.000010 0.019350 0.011250 0.000010 0.068116 0.234290
0.459093 0.050104 0.077237 0.000010 0.000010 0.000010 0.000010 0.282199 0.131328
0.607906 0.000010 0.083953 0.099842 0.013490 0.000010 0.062334 0.132445 0.000010
0.504722 0.000010 0.153258 0.006849 0.065369 0.000010 0.000010 0.269762 0.000010
0.604212 0.024835 0.004689 0.000010 0.000010 0.000010 0.000010 0.269789 0.096435
0.513481 0.039580 0.033287 0.252517 0.075916 0.000010 0.019922 0.065276 0.000010
0.576621 0.000010 0.000010 0.000010 0.000010 0.000010 0.137377 0.285942 0.000010
0.415845 0.000010 0.000010 0.262667 0.013318 0.000010 0.000010 0.308120 0.000010
0.718798 0.000010 0.000010 0.000010 0.000010 0.000010 0.075406 0.205736 0.000010
0.556867 0.000010 0.000010 0.162228 0.000010 0.000010 0.000010 0.152063 0.128792
0.347513 0.005330 0.000010 0.030366 0.019655 0.050926 0.000010 0.327313 0.218876
0.407299 0.042454 0.002897 0.072543 0.000010 0.002001 0.044868 0.243927 0.184001
0.663824 0.000010 0.000010 0.053803 0.000010 0.056701 0.000010 0.225622 0.000010
0.345966 0.090687 0.026986 0.224015 0.026029 0.000010 0.000010 0.286287 0.000010
0.338910 0.171855 0.000010 0.108834 0.000010 0.000010 0.000010 0.380351 0.000010
0.416419 0.011639 0.091211 0.207102 0.000010 0.000010 0.000010 0.254144 0.019456
0.501103 0.000010 0.022582 0.238344 0.105527 0.000010 0.000010 0.132404 0.000010
0.613141 0.000010 0.000010 0.000010 0.000010 0.026481 0.067459 0.236570 0.056309
0.495925 0.000010 0.023981 0.000010 0.000010 0.033123 0.000010 0.440887 0.006044
0.477395 0.000010 0.000010 0.113114 0.079955 0.000010 0.000010 0.329485 0.000010
0.373065 0.003985 0.000010 0.143261 0.014367 0.018917 0.032592 0.399524 0.014278
0.396067 0.000010 0.069676 0.005421 0.082937 0.070934 0.040134 0.241381 0.093442
0.753425 0.000010 0.000010 0.000010 0.004304 0.076434 0.000010 0.162223 0.003574
0.726786 0.002433 0.000010 0.000010 0.000010 0.000010 0.000010 0.197716 0.073015
0.608190 0.048566 0.000010 0.000010 0.018018 0.041130 0.000010 0.284056 0.000010
0.375269 0.000010 0.000010 0.198915 0.004336 0.085085 0.110398 0.165936 0.060042
0.578632 0.010179 0.000010 0.025635 0.000010 0.000010 0.000010 0.385505 0.000010
0.385239 0.000010 0.000010 0.000010 0.090309 0.000010 0.026856 0.370978 0.126577
0.466108 0.061895 0.000010 0.000010 0.000010 0.050834 0.058159 0.267380 0.095593
0.574381 0.006146 0.000010 0.193533 0.000010 0.000010 0.000010 0.225890 0.000010
0.554251 0.000010 0.174923 0.086659 0.000010 0.000010 0.000010 0.184117 0.000010
0.702186 0.000010 0.015022 0.009022 0.086039 0.000010 0.000010 0.137099 0.050602
0.508347 0.072809 0.001633 0.052300 0.000010 0.000010 0.104755 0.166800 0.093336
0.755135 0.000010 0.008068 0.000010 0.000010 0.021000 0.000010 0.084407 0.131351
0.158849 0.000010 0.000010 0.029668 0.000010 0.061768 0.000010 0.009821 0.739854
0.169657 0.000010 0.000010 0.312883 0.139265 0.080027 0.089662 0.208475 0.000010
0.479928 0.000010 0.000010 0.031456 0.000010 0.093899 0.058548 0.276975 0.059164
0.526959 0.000010 0.081845 0.000010 0.032271 0.051949 0.104931 0.148987 0.053038
0.609316 0.000010 0.000010 0.107707 0.004108 0.092642 0.000010 0.113883 0.072313
0.334377 0.092572 0.000010 0.215237 0.000010 0.000010 0.112309 0.201496 0.043979
0.400751 0.049320 0.000010 0.112960 0.000010 0.061199 0.100232 0.192042 0.083476
0.298114 0.000010 0.000010 0.165398 0.000010 0.000010 0.189135 0.322864 0.024449
0.687823 0.072062 0.021202 0.034837 0.004787 0.000010 0.000010 0.127429 0.051840
0.552160 0.000010 0.206336 0.140903 0.000010 0.000010 0.038749 0.061813 0.000010
0.446199 0.000010 0.032275 0.043106 0.046822 0.000010 0.000010 0.233975 0.197593
0.508314 0.016831 0.004984 0.086411 0.000010 0.000010 0.023069 0.274859 0.085512
0.439765 0.053595 0.000010 0.087985 0.000010 0.133100 0.000010 0.204045 0.081479
0.452398 0.000010 0.000010 0.134405 0.000010 0.000010 0.002130 0.411017 0.000010
0.445625 0.000010 0.002837 0.000010 0.034086 0.021664 0.000010 0.151880 0.343878
0.587150 0.000010 0.000010 0.081067 0.000010 0.015046 0.000010 0.220155 0.096543
0.573877 0.035383 0.044699 0.047415 0.000010 0.027374 0.000010 0.127088 0.144145
0.688435 0.102900 0.000010 0.084056 0.000010 0.000010 0.000010 0.097906 0.026663
0.486801 0.000010 0.177576 0.056443 0.000010 0.000010 0.000010 0.264881 0.014259
0.559436 0.000010 0.000010 0.021981 0.000010 0.000010 0.000010 0.362267 0.056266
0.399330 0.000010 0.000010 0.335953 0.027609 0.000010 0.022112 0.178131 0.036835
0.620649 0.000010 0.000010 0.000010 0.000010 0.015839 0.000010 0.332494 0.030967
0.780251 0.000010 0.000010 0.037382 0.000010 0.000010 0.040388 0.036517 0.105423
0.407453 0.000010 0.000010 0.000010 0.000010 0.008740 0.262330 0.212468 0.108968
0.560651 0.009710 0.000010 0.000010 0.000010 0.000010 0.049265 0.236512 0.143822
0.454068 0.000010 0.083259 0.000010 0.000010 0.000010 0.031667 0.315972 0.114994
0.574612 0.115805 0.000010 0.044957 0.008089 0.092666 0.000010 0.084759 0.079092
0.643349 0.000010 0.000010 0.084541 0.047480 0.000010 0.123226 0.101364 0.000010
0.617626 0.105537 0.000010 0.000010 0.000010 0.015621 0.000010 0.261166 0.000010
0.738735 0.024362 0.000010 0.000010 0.000010 0.000010 0.000010 0.211204 0.025649
0.584192 0.000010 0.046592 0.000010 0.013528 0.000010 0.060983 0.152932 0.141743
0.295187 0.000010 0.009028 0.182842 0.000010 0.005161 0.000010 0.343767 0.163985
0.000010 0.105739 0.000010 0.000010 0.732295 0.000010 0.161906 0.000010 0.000010
0.000010 0.000010 0.112375 0.000010 0.717950 0.000010 0.169615 0.000010 0.000010
0.000010 0.066173 0.000010 0.006512 0.798596 0.000010 0.046105 0.055141 0.027443
0.000010 0.000010 0.000010 0.000010 0.722764 0.000010 0.277166 0.000010 0.000010
0.031283 0.003320 0.000010 0.000010 0.800525 0.000010 0.137879 0.020863 0.006101
0.000010 0.000010 0.000010 0.000010 0.914540 0.000010 0.085390 0.000010 0.000010
0.000010 0.000010 0.000010 0.000010 0.976677 0.000010 0.023253 0.000010 0.000010
0.403572 0.000010 0.031289 0.190254 0.045617 0.000010 0.087467 0.235717 0.006063
0.600394 0.000010 0.000010 0.211109 0.037699 0.000010 0.030111 0.120648 0.000010
0.659477 0.000010 0.000010 0.167802 0.000010 0.006100 0.000010 0.166570 0.000010
0.491623 0.000010 0.064846 0.000010 0.000010 0.037331 0.000010 0.406150 0.000010
0.305664 0.000010 0.000010 0.292575 0.000010 0.000010 0.164870 0.236841 0.000010
0.494910 0.000010 0.000010 0.090938 0.000010 0.000010 0.059417 0.354685 0.000010
0.549185 0.000010 0.000010 0.223120 0.000010 0.000010 0.000010 0.227634 0.000010
0.422279 0.052585 0.002503 0.336363 0.000010 0.000010 0.061206 0.125034 0.000010
0.552385 0.082841 0.013680 0.109099 0.000010 0.000010 0.000010 0.241956 0.000010
0.659145 0.000010 0.016584 0.240702 0.046529 0.000010 0.000010 0.037001 0.000010
0.510088 0.096239 0.000010 0.116458 0.020020 0.007920 0.000010 0.059512 0.189745
0.538811 0.000010 0.068051 0.000010 0.000010 0.053365 0.109595 0.230138 0.000010
0.640245 0.023225 0.000010 0.086880 0.000010 0.000010 0.000010 0.151202 0.098407
0.529852 0.014269 0.000010 0.013543 0.000010 0.090812 0.089170 0.262324 0.000010
0.675163 0.000010 0.000010 0.117338 0.077992 0.023472 0.046287 0.059718 0.000010
0.447399 0.153899 0.000010 0.000010 0.000010 0.020817 0.000010 0.178038 0.199807
0.490769 0.000010 0.000010 0.000010 0.000010 0.000010 0.179385 0.329787 0.000010
0.421769 0.000010 0.000010 0.218864 0.000010 0.000010 0.017171 0.342146 0.000010
0.474675 0.082078 0.000010 0.000010 0.047925 0.003267 0.000010 0.223249 0.168776
0.512642 0.000010 0.000010 0.241846 0.014257 0.000010 0.093105 0.138110 0.000010
0.402915 0.000010 0.000010 0.170285 0.000010 0.010876 0.017795 0.250069 0.148030
0.684525 0.000010 0.000010 0.000010 0.019049 0.029164 0.068349 0.198873 0.000010
0.751489 0.000010 0.000010 0.000010 0.000010 0.033520 0.049817 0.165124 0.000010
0.619336 0.000010 0.000010 0.128412 0.000010 0.000010 0.000010 0.252192 0.000010
0.434847 0.000010 0.000010 0.176371 0.098185 0.048016 0.039134 0.203416 0.000010
0.462475 0.000010 0.000010 0.137003 0.000010 0.000010 0.046292 0.234383 0.119807
0.451420 0.000010 0.000010 0.058630 0.078969 0.000010 0.093768 0.262680 0.054503
0.653639 0.000010 0.048589 0.000010 0.000010 0.000010 0.069457 0.228265 0.000010
0.499700 0.103857 0.000010 0.125734 0.129530 0.000010 0.022663 0.118486 0.000010
0.298937 0.020579 0.058381 0.136455 0.002121 0.000010 0.028090 0.340679 0.114748
0.529074 0.000010 0.206328 0.000010 0.000010 0.039536 0.000010 0.096530 0.128492
0.627363 0.031361 0.069995 0.000010 0.000010 0.000010 0.000010 0.161305 0.109935
0.610547 0.003439 0.020449 0.032817 0.000010 0.046597 0.000010 0.281930 0.004201
0.645773 0.000010 0.018770 0.004510 0.000010 0.062992 0.000010 0.199364 0.068562
0.709960 0.000010 0.000010 0.001931 0.010563 0.000010 0.000010 0.127635 0.149870
0.000010 0.786150 0.108753 0.000010 0.000010 0.033411 0.000010 0.000010 0.071635
0.000010 0.550038 0.000010 0.000010 0.082240 0.000010 0.101149 0.053203 0.213330
0.000010 0.691600 0.275961 0.000010 0.000010 0.000010 0.032378 0.000010 0.000010
0.000010 0.730424 0.107676 0.000010 0.120244 0.000010 0.041607 0.000010 0.000010
0.029913 0.122553 0.446785 0.002956 0.062895 0.032054 0.227684 0.000010 0.075150
0.000010 0.056314 0.583259 0.000010 0.125111 0.000010 0.235267 0.000010 0.000010
0.038259 0.050283 0.488560 0.076892 0.000010 0.000010 0.328560 0.017417 0.000010
0.007015 0.000010 0.481714 0.000010 0.148707 0.015676 0.275772 0.035679 0.035417
0.038816 0.000010 0.368937 0.059697 0.035064 0.000010 0.497447 0.000010 0.000010
0.000010 0.041218 0.525519 0.000010 0.058729 0.005348 0.369145 0.000010 0.000010
0.000010 0.000010 0.471376 0.000010 0.141524 0.000010 0.310843 0.035589 0.040628
0.000010 0.000010 0.246264 0.000010 0.000010 0.000010 0.359983 0.393693 0.000010
0.069328 0.000010 0.290719 0.000010 0.150717 0.056636 0.309978 0.122592 0.000010
0.079360 0.068173 0.338708 0.000010 0.000010 0.060084 0.286070 0.167575 0.000010
0.445877 0.000010 0.184524 0.158884 0.000010 0.000010 0.000010 0.210665 0.000010
0.427368 0.014396 0.144039 0.027329 0.004520 0.019186 0.000010 0.130272 0.232880
0.318686 0.142718 0.069854 0.000319 0.081963 0.000010 0.000010 0.296601 0.089839
0.468671 0.000010 0.140423 0.000010 0.000010 0.000010 0.000010 0.249703 0.141154
0.648344 0.000010 0.040671 0.085392 0.000010 0.000010 0.000010 0.218268 0.007284
0.516610 0.000010 0.000010 0.181060 0.000010 0.068769 0.000010 0.233512 0.000010
0.463289 0.000010 0.000010 0.047635 0.000010 0.045364 0.000010 0.277121 0.166551
0.458806 0.000010 0.000010 0.195238 0.096882 0.024382 0.000010 0.138009 0.086653
0.457572 0.000010 0.060154 0.055623 0.000010 0.118370 0.000010 0.298740 0.009510
0.496723 0.000010 0.101747 0.000010 0.000010 0.052382 0.031997 0.085479 0.231642
0.620941 0.000010 0.000010 0.000010 0.076206 0.000010 0.000010 0.205201 0.097602
0.321008 0.027478 0.064005 0.129304 0.000010 0.000010 0.000010 0.295003 0.163172
0.608507 0.080481 0.057869 0.009388 0.000010 0.030633 0.002559 0.210542 0.000010
0.585212 0.000010 0.189086 0.025087 0.000010 0.000010 0.000010 0.200565 0.000010
0.512936 0.076755 0.000010 0.244291 0.000010 0.000010 0.000010 0.165968 0.000010
0.559094 0.000010 0.078533 0.129858 0.000010 0.000010 0.000010 0.149090 0.083385
0.466163 0.000010 0.000010 0.164907 0.000010 0.002347 0.110026 0.107940 0.148587
0.398038 0.000010 0.000010 0.113859 0.000010 0.006967 0.227181 0.253915 0.000010
0.397572 0.000010 0.089279 0.019336 0.033251 0.031325 0.127941 0.256423 0.044863
0.634023 0.000010 0.000010 0.082995 0.000010 0.000010 0.110764 0.172168 0.000010
0.533953 0.000010 0.104360 0.159715 0.000010 0.000010 0.021818 0.172618 0.007506
0.000010 0.000622 0.910666 0.000010 0.000010 0.000010 0.088651 0.000010 0.000010
0.000010 0.146860 0.531479 0.000010 0.012677 0.000010 0.299117 0.009827 0.000010
0.000010 0.000010 0.517660 0.000010 0.081619 0.000010 0.400661 0.000010 0.000010
0.000010 0.052891 0.580320 0.000010 0.030056 0.000010 0.273081 0.063612 0.000010
0.000010 0.000010 0.480941 0.000010 0.177043 0.000010 0.341956 0.000010 0.000010
0.046941 0.126549 0.577911 0.000010 0.010986 0.079062 0.158521 0.000010 0.000010
0.000010 0.231745 0.444775 0.000010 0.000010 0.089261 0.149370 0.084810 0.000010
0.045215 0.062645 0.743829 0.024956 0.008517 0.051791 0.063027 0.000010 0.000010
0.000010 0.000010 0.593390 0.011804 0.056639 0.000010 0.252901 0.000010 0.085226
0.000010 0.176807 0.600128 0.111943 0.000010 0.000010 0.111071 0.000010 0.000010
0.051175 0.000010 0.683549 0.000010 0.000010 0.000010 0.245617 0.015498 0.004121
0.000010 0.000010 0.546401 0.000010 0.020583 0.000010 0.432956 0.000010 0.000010
0.000010 0.000010 0.520847 0.018775 0.223732 0.000010 0.235490 0.000010 0.001117
0.000010 0.122331 0.656324 0.000010 0.000010 0.000010 0.155790 0.000010 0.065505
0.000010 0.000010 0.578679 0.000010 0.086749 0.000010 0.334511 0.000010 0.000010
0.000010 0.000010 0.553273 0.000010 0.150069 0.000010 0.296599 0.000010 0.000010
0.000010 0.134521 0.514330 0.009169 0.071508 0.000010 0.270432 0.000010 0.000010
0.000010 0.000010 0.688485 0.019137 0.037857 0.000010 0.240837 0.013644 0.000010
0.000010 0.000010 0.570630 0.000010 0.200155 0.000010 0.229154 0.000010 0.000010
0.000010 0.000010 0.583659 0.000010 0.121035 0.021376 0.234070 0.039819 0.000010
0.000010 0.189006 0.666233 0.000010 0.017025 0.000010 0.113772 0.000010 0.013924
0.111832 0.013495 0.635992 0.045756 0.057650 0.000010 0.135245 0.000010 0.000010
0.000010 0.003646 0.831198 0.000010 0.000010 0.000010 0.165096 0.000010 0.000010
0.000010 0.038631 0.644535 0.024683 0.000010 0.000010 0.269775 0.022336 0.000010
0.006252 0.000010 0.701884 0.000011 0.000010 0.000010 0.291803 0.000010 0.000010
0.000010 0.002033 0.558102 0.146277 0.000010 0.000010 0.293538 0.000010 0.000010
0.012721 0.049591 0.642112 0.000010 0.000010 0.019515 0.276022 0.000010 0.000010
0.000010 0.224264 0.494934 0.000010 0.000010 0.000010 0.280743 0.000010 0.000010
0.000010 0.083304 0.484095 0.046236 0.095679 0.000010 0.290646 0.000010 0.000010
0.000010 0.087571 0.670227 0.032515 0.000010 0.000010 0.209638 0.000010 0.000010
0.000010 0.073984 0.583826 0.000010 0.000010 0.037076 0.305064 0.000010 0.000010
0.000010 0.000010 0.710554 0.000010 0.000010 0.000010 0.289376 0.000010 0.000010
0.019185 0.000010 0.517693 0.001344 0.000010 0.030274 0.375762 0.000010 0.055711
0.000010 0.014643 0.620194 0.000010 0.027610 0.000010 0.337503 0.000010 0.000010
0.009871 0.114272 0.346444 0.000010 0.193231 0.000010 0.220355 0.037912 0.077895
0.000010 0.000010 0.563900 0.002966 0.000010 0.000010 0.298948 0.097458 0.036689
0.004809 0.000010 0.631065 0.000010 0.000010 0.000010 0.319626 0.044450 0.000010
0.000010 0.221371 0.372542 0.000010 0.045991 0.000010 0.355651 0.000010 0.004405
0.000010 0.000010 0.752821 0.000010 0.000010 0.026123 0.220996 0.000010 0.000010
0.000010 0.000010 0.000010 0.000010 0.839339 0.000010 0.160591 0.000010 0.000010
0.001338 0.000010 0.000010 0.000010 0.915846 0.000010 0.082757 0.000010 0.000010
0.000010 0.073100 0.695332 0.000010 0.000010 0.040983 0.190535 0.000010 0.000010
0.000010 0.054219 0.699700 0.000010 0.000010 0.076231 0.136381 0.033127 0.000311
0.253825 0.006404 0.051690 0.396730 0.055201 0.000010 0.000010 0.236120 0.000010
0.258973 0.052820 0.097031 0.256534 0.035885 0.000010 0.000010 0.295869 0.002866
0.211329 0.080581 0.000010 0.388025 0.000010 0.000010 0.000010 0.320016 0.000010
0.372152 0.097445 0.000010 0.282306 0.000010 0.000010 0.000010 0.248047 0.000010
0.255060 0.000010 0.047119 0.224072 0.009991 0.000010 0.053682 0.400782 0.009275
0.316857 0.000010 0.094240 0.207421 0.000010 0.000010 0.000010 0.381432 0.000010
0.371115 0.000010 0.000010 0.295012 0.000010 0.000010 0.000010 0.333813 0.000010
0.135135 0.000010 0.062487 0.452871 0.000010 0.000010 0.029643 0.275757 0.044077
0.344108 0.000010 0.000010 0.371514 0.014187 0.000010 0.000010 0.270142 0.000010
0.015053 0.000010 0.142514 0.480738 0.000010 0.037767 0.000010 0.323889 0.000010
0.278251 0.070119 0.000010 0.436540 0.000235 0.000010 0.000010 0.214814 0.000010
0.458156 0.116972 0.000010 0.216300 0.009977 0.000010 0.000010 0.198555 0.000010
0.361360 0.000010 0.000010 0.449790 0.000010 0.000010 0.000010 0.138752 0.050047
0.000010 0.026780 0.693165 0.000010 0.053557 0.000010 0.226448 0.000010 0.000010
0.000010 0.000010 0.396993 0.015698 0.006550 0.000010 0.476446 0.104273 0.000010
0.000010 0.003488 0.509074 0.000010 0.059225 0.000010 0.428163 0.000010 0.000010
0.000010 0.000010 0.655255 0.050746 0.078559 0.000010 0.181908 0.000010 0.033492
0.000010 0.017649 0.781338 0.000010 0.000010 0.000010 0.200953 0.000010 0.000010
0.000010 0.131651 0.540025 0.000010 0.122882 0.000010 0.205392 0.000010 0.000010
0.000010 0.000010 0.596749 0.000010 0.000010 0.000010 0.403181 0.000010 0.000010
0.007831 0.000010 0.587877 0.062502 0.086234 0.000010 0.255516 0.000010 0.000010
0.000010 0.189121 0.418670 0.000010 0.058996 0.000010 0.333164 0.000010 0.000010
0.021206 0.011903 0.645318 0.000010 0.000010 0.000010 0.301789 0.019744 0.000010
0.000010 0.001960 0.636318 0.000010 0.000010 0.000010 0.357036 0.000010 0.004636
0.024691 0.000010 0.712022 0.071575 0.000010 0.001212 0.190460 0.000010 0.000010
