0.314807 0.000010 0.000010 0.000010 0.000010 0.000010 0.000010 0.616854 0.068279
0.407465 0.000010 0.000010 0.100626 0.000010 0.000010 0.046188 0.351236 0.094445
0.216465 0.000010 0.216840 0.000951 0.000010 0.000010 0.067784 0.459405 0.038526
0.322734 0.084205 0.065385 0.000010 0.109573 0.000010 0.005471 0.344613 0.067998
0.108878 0.118200 0.000010 0.234493 0.000010 0.012304 0.110731 0.399862 0.015511
0.271522 0.000010 0.000010 0.016011 0.023063 0.000010 0.118552 0.515240 0.055583
0.221012 0.127123 0.091926 0.065217 0.000010 0.000010 0.109068 0.371538 0.014097
0.402496 0.115227 0.000010 0.000010 0.000010 0.000010 0.182548 0.292883 0.006807
0.054128 0.058901 0.071777 0.119262 0.138218 0.034140 0.129520 0.394044 0.000010
0.141243 0.004096 0.026151 0.105765 0.050830 0.000010 0.160764 0.495102 0.016039
0.263274 0.000010 0.121971 0.137356 0.004707 0.016156 0.101832 0.354684 0.000010
0.238854 0.000010 0.193854 0.003707 0.012970 0.000010 0.000010 0.484276 0.066308
0.031438 0.000010 0.022212 0.288042 0.206703 0.000010 0.170420 0.281156 0.000010
0.171456 0.152903 0.039971 0.131377 0.099781 0.000010 0.087657 0.316836 0.000010
0.477066 0.125016 0.000010 0.000010 0.083536 0.000010 0.050563 0.263779 0.000010
0.171180 0.126758 0.035411 0.138055 0.024777 0.001180 0.000010 0.449924 0.052706
0.364574 0.031217 0.056162 0.038845 0.020856 0.000010 0.038338 0.449989 0.000010
0.274085 0.113927 0.042299 0.000010 0.000010 0.031572 0.049847 0.488241 0.000010
0.153388 0.068003 0.000441 0.054476 0.000010 0.024639 0.200504 0.431000 0.067539
0.222373 0.000010 0.000010 0.149298 0.000010 0.088982 0.151013 0.383251 0.005053
0.146620 0.000010 0.000010 0.044923 0.000010 0.000010 0.242484 0.565923 0.000010
0.490874 0.018288 0.101137 0.000843 0.060194 0.000010 0.053898 0.274746 0.000010
0.291394 0.030317 0.033982 0.000010 0.113510 0.016877 0.132080 0.381820 0.000010
0.234960 0.133119 0.131635 0.000010 0.052231 0.000010 0.063172 0.381058 0.003805
0.207039 0.000010 0.000010 0.000010 0.000010 0.085542 0.291977 0.358759 0.056644
0.253645 0.025673 0.000010 0.040234 0.000010 0.000010 0.239042 0.421683 0.019693
0.187358 0.015658 0.115357 0.096817 0.001254 0.000010 0.114515 0.434051 0.034979
0.389784 0.000010 0.000010 0.061432 0.031690 0.051563 0.000010 0.352637 0.112864
0.263468 0.000010 0.054732 0.000010 0.082633 0.041393 0.088014 0.469730 0.000010
0.073630 0.000010 0.000010 0.196329 0.000010 0.098355 0.126090 0.457589 0.047977
0.290291 0.000010 0.000010 0.021969 0.050253 0.078143 0.000010 0.468247 0.091067
0.172464 0.000010 0.096373 0.257222 0.000010 0.000010 0.035303 0.438599 0.000010
0.478202 0.002120 0.000010 0.085595 0.000010 0.000010 0.239985 0.166662 0.027405
0.407600 0.000010 0.133349 0.168284 0.000010 0.000010 0.114627 0.176100 0.000010
0.124744 0.000010 0.094965 0.279871 0.000010 0.000010 0.085070 0.415311 0.000010
0.177120 0.013207 0.000010 0.348969 0.000010 0.021484 0.034935 0.404255 0.000010
0.394747 0.000010 0.000010 0.000010 0.000010 0.000010 0.272998 0.280621 0.051585
0.271895 0.150785 0.000010 0.131841 0.000010 0.033806 0.000010 0.339207 0.072436
0.251224 0.000010 0.000010 0.000010 0.000010 0.000010 0.000010 0.572656 0.176060
0.231988 0.104049 0.042432 0.227222 0.000010 0.000010 0.132904 0.261376 0.000010
0.283600 0.000010 0.000010 0.000010 0.000010 0.060693 0.071141 0.584516 0.000010
0.223928 0.000010 0.000010 0.195358 0.082133 0.000010 0.105925 0.392615 0.000010
0.273019 0.031197 0.000010 0.000010 0.000010 0.000010 0.158322 0.537412 0.000010
0.343085 0.000010 0.004177 0.051737 0.000010 0.038677 0.184486 0.377809 0.000010
0.485066 0.000010 0.000010 0.055404 0.000010 0.000336 0.090246 0.368908 0.000010
0.321386 0.039847 0.000010 0.113460 0.000010 0.059227 0.118252 0.335539 0.012269
0.255854 0.000010 0.009187 0.056672 0.000010 0.000010 0.204519 0.420499 0.053239
0.292574 0.000010 0.000010 0.070070 0.000010 0.060349 0.172076 0.288218 0.116684
0.000010 0.056554 0.678040 0.000010 0.000010 0.098431 0.097408 0.069527 0.000010
0.175121 0.148003 0.315850 0.115422 0.042315 0.000010 0.041713 0.161556 0.000010
0.250678 0.000010 0.214992 0.091877 0.113218 0.000010 0.164870 0.121944 0.042400
0.040418 0.000010 0.390613 0.000010 0.000010 0.022106 0.211573 0.335250 0.000010
0.076098 0.103050 0.125616 0.049428 0.037768 0.018124 0.156596 0.433310 0.000010
0.148696 0.119089 0.411996 0.029536 0.084027 0.050423 0.000010 0.156213 0.000010
0.093355 0.041341 0.508165 0.000010 0.000010 0.039307 0.139579 0.178224 0.000010
0.339373 0.000010 0.225616 0.073894 0.119227 0.000010 0.115866 0.088808 0.037196
0.052233 0.112721 0.091016 0.043644 0.000010 0.000010 0.217282 0.338440 0.144644
0.268537 0.078160 0.413707 0.000010 0.000010 0.018143 0.076615 0.125565 0.019254
0.303839 0.125181 0.175246 0.000010 0.169567 0.000010 0.166230 0.059907 0.000010
0.000010 0.075514 0.296080 0.091414 0.000010 0.000010 0.201459 0.335493 0.000010
0.260072 0.124904 0.200520 0.019933 0.000010 0.015942 0.102646 0.232606 0.043366
0.030029 0.033268 0.370722 0.000010 0.173587 0.026935 0.188766 0.143443 0.033240
0.285244 0.005399 0.335365 0.144691 0.029059 0.000010 0.162846 0.037377 0.000010
0.128342 0.091530 0.240907 0.113081 0.000010 0.000010 0.073451 0.352659 0.000010
0.123093 0.117171 0.220318 0.151719 0.039972 0.041661 0.099739 0.206317 0.000010
0.023793 0.003826 0.258663 0.133366 0.021402 0.090516 0.081368 0.369355 0.017713
0.466781 0.111946 0.253344 0.000010 0.005665 0.004658 0.094062 0.063526 0.000010
0.143468 0.064681 0.404441 0.000010 0.000010 0.000010 0.307092 0.080278 0.000010
0.241050 0.058272 0.306281 0.000010 0.197403 0.000010 0.117971 0.078992 0.000010
0.032660 0.137566 0.255389 0.000010 0.120325 0.077177 0.218641 0.158223 0.000010
0.146152 0.020929 0.152955 0.015840 0.053724 0.030494 0.179018 0.083013 0.317875
0.354595 0.000010 0.032742 0.000010 0.043701 0.050169 0.052051 0.375380 0.091342
0.221835 0.000010 0.040814 0.210119 0.000010 0.000010 0.000010 0.527181 0.000010
0.407566 0.000010 0.000010 0.076930 0.000010 0.000010 0.176235 0.286226 0.053003
0.137230 0.000010 0.000010 0.078575 0.020068 0.059498 0.159478 0.438860 0.106270
0.412890 0.075626 0.021526 0.050130 0.041665 0.000010 0.000010 0.398132 0.000010
0.277227 0.000010 0.000010 0.000010 0.000010 0.000010 0.138766 0.583947 0.000010
0.426349 0.000010 0.011861 0.000010 0.040452 0.091366 0.017197 0.286383 0.126372
0.438494 0.077738 0.000011 0.157145 0.000010 0.000010 0.000010 0.271414 0.055169
0.276182 0.000010 0.000010 0.137628 0.000010 0.143860 0.000010 0.442280 0.000010
0.166042 0.000010 0.000010 0.182065 0.000010 0.080664 0.221585 0.332379 0.017234
0.320825 0.045020 0.114040 0.160861 0.059929 0.058582 0.026920 0.213812 0.000010
0.542636 0.068685 0.000010 0.000010 0.000010 0.073272 0.024069 0.230390 0.060918
0.432302 0.000010 0.000010 0.039486 0.000010 0.000010 0.066114 0.433261 0.028798
0.347747 0.000010 0.000010 0.016506 0.000010 0.045840 0.016826 0.573042 0.000010
0.070107 0.085280 0.026836 0.202072 0.005192 0.000010 0.024853 0.268113 0.317537
0.161989 0.000010 0.106546 0.063164 0.000010 0.000010 0.184367 0.171191 0.312713
0.381328 0.000010 0.000010 0.203495 0.006971 0.075056 0.062688 0.270433 0.000010
0.326584 0.022073 0.067632 0.111129 0.046841 0.000010 0.000010 0.425711 0.000010
0.329086 0.033681 0.000010 0.000010 0.002386 0.026965 0.026114 0.470857 0.110891
0.263613 0.000010 0.130113 0.142287 0.000010 0.000010 0.117707 0.337950 0.008300
0.256749 0.000010 0.000010 0.000010 0.000010 0.031794 0.112162 0.599245 0.000010
0.338727 0.039460 0.000010 0.095243 0.016084 0.000010 0.062336 0.448121 0.000010
0.316275 0.000010 0.156250 0.000010 0.000584 0.028916 0.021546 0.476398 0.000010
0.344600 0.070397 0.000010 0.000010 0.000010 0.000010 0.000010 0.584943 0.000010
0.165138 0.022876 0.000010 0.029515 0.023518 0.260132 0.090599 0.275502 0.132710
0.247280 0.000010 0.000010 0.000010 0.000010 0.012357 0.181680 0.558633 0.000010
0.066354 0.037962 0.000010 0.177669 0.005698 0.000010 0.184867 0.527419 0.000010
0.128598 0.000010 0.000010 0.177432 0.000010 0.000010 0.042342 0.595637 0.055951
0.179320 0.000010 0.056023 0.158629 0.000010 0.000010 0.187658 0.418330 0.000010
0.326931 0.012780 0.015651 0.000010 0.067664 0.000010 0.123120 0.047199 0.406634
0.041329 0.079276 0.000010 0.000010 0.033277 0.042017 0.271137 0.532935 0.000010
0.303190 0.000010 0.000010 0.047894 0.000010 0.000010 0.197794 0.451071 0.000010
0.094175 0.011433 0.000010 0.151439 0.000010 0.027721 0.189047 0.526155 0.000010
0.000010 0.000010 0.000010 0.141475 0.000010 0.000010 0.136517 0.613502 0.108456
0.281713 0.013210 0.000010 0.000010 0.030068 0.000010 0.211955 0.453708 0.009315
0.213780 0.156144 0.030023 0.167851 0.000010 0.000010 0.024173 0.407999 0.000010
0.207576 0.123706 0.000010 0.006755 0.082236 0.019631 0.064885 0.495192 0.000010
0.157607 0.000010 0.349914 0.200745 0.000010 0.000010 0.070524 0.221171 0.000010
0.176422 0.000010 0.000010 0.216612 0.000010 0.092232 0.053878 0.460815 0.000010
0.287033 0.000010 0.031714 0.000010 0.000010 0.000010 0.169734 0.511470 0.000010
0.236861 0.111057 0.000010 0.000010 0.013170 0.123668 0.293909 0.221304 0.000010
0.195951 0.000010 0.000010 0.105609 0.000010 0.000010 0.145337 0.553053 0.000010
0.483306 0.000010 0.000010 0.000010 0.070938 0.000010 0.067827 0.377879 0.000010
0.120970 0.095210 0.000010 0.072461 0.047589 0.024798 0.105827 0.498915 0.034222
0.162569 0.000010 0.130803 0.000010 0.042587 0.000010 0.092979 0.571022 0.000010
0.268977 0.000010 0.000010 0.000010 0.093491 0.000010 0.056641 0.580841 0.000010
0.303704 0.011711 0.000010 0.003629 0.000010 0.000010 0.126992 0.505073 0.048861
0.223103 0.012372 0.000010 0.000010 0.050418 0.027673 0.245705 0.440699 0.000010
0.450981 0.000363 0.000010 0.090299 0.000010 0.040440 0.048119 0.364829 0.004950
0.190785 0.000010 0.053854 0.105870 0.196326 0.045648 0.124386 0.283111 0.000010
0.308930 0.059142 0.123193 0.059597 0.000010 0.000010 0.141950 0.307158 0.000010
0.325615 0.000010 0.145786 0.128560 0.019780 0.122477 0.049275 0.208488 0.000010
0.201778 0.099061 0.054958 0.129089 0.000010 0.000010 0.140249 0.374835 0.000010
0.447443 0.057577 0.000010 0.000010 0.000010 0.000010 0.096584 0.398346 0.000010
0.280243 0.075384 0.072447 0.169039 0.017475 0.000010 0.202466 0.182926 0.000010
0.107516 0.157415 0.000010 0.041069 0.000010 0.175342 0.152815 0.349991 0.015833
0.187449 0.000010 0.058583 0.157944 0.000010 0.000010 0.081000 0.514984 0.000010
0.027405 0.000010 0.000010 0.242790 0.062503 0.000010 0.140420 0.449098 0.077754
0.022990 0.239556 0.000010 0.114851 0.056846 0.000010 0.133474 0.432253 0.000010
0.198751 0.000010 0.000010 0.000010 0.000010 0.000010 0.298726 0.388139 0.114334
0.206450 0.046546 0.000010 0.092745 0.000010 0.007164 0.363344 0.283722 0.000010
0.395884 0.000010 0.124111 0.033711 0.000010 0.000010 0.030950 0.395144 0.020170
0.406745 0.105900 0.000010 0.000010 0.000010 0.015169 0.073880 0.398267 0.000010
0.212016 0.000010 0.000010 0.256567 0.000010 0.000010 0.155182 0.356721 0.019473
0.105900 0.036931 0.014896 0.173652 0.000010 0.000010 0.151245 0.456073 0.061282
0.448179 0.058207 0.000010 0.039914 0.000010 0.018175 0.098002 0.337492 0.000010
0.117566 0.000010 0.272386 0.038039 0.000010 0.000010 0.093482 0.478486 0.000010
0.304930 0.073634 0.000010 0.075495 0.000010 0.000010 0.095520 0.450381 0.000010
0.000010 0.027901 0.041986 0.153438 0.000010 0.064090 0.104083 0.608472 0.000010
0.218526 0.036619 0.000010 0.040059 0.073272 0.000010 0.117748 0.513746 0.000010
0.294695 0.000010 0.000010 0.101200 0.000010 0.000010 0.149357 0.454697 0.000010
0.396903 0.000010 0.000010 0.065875 0.000010 0.000010 0.081594 0.455578 0.000010
0.229368 0.000010 0.000011 0.031580 0.135832 0.004700 0.157746 0.440744 0.000010
0.201788 0.066833 0.037196 0.087691 0.000010 0.000010 0.057550 0.547699 0.001222
0.060910 0.141329 0.000010 0.049626 0.041593 0.000010 0.128689 0.577824 0.000010
0.321253 0.069840 0.000010 0.212309 0.088591 0.000010 0.058707 0.234535 0.014745
0.251099 0.051852 0.175804 0.228934 0.016859 0.000010 0.023226 0.252205 0.000010
0.173836 0.102821 0.037455 0.185634 0.057130 0.000010 0.000010 0.344099 0.099005
0.111929 0.175429 0.000010 0.144257 0.022214 0.000010 0.133037 0.392503 0.020610
0.396751 0.000010 0.101810 0.045373 0.028896 0.055081 0.000010 0.372059 0.000010
0.176255 0.000010 0.000010 0.147642 0.035688 0.046435 0.228306 0.365644 0.000010
0.393704 0.000010 0.046050 0.095487 0.000010 0.000010 0.196600 0.241866 0.026261
0.091153 0.098856 0.144781 0.134200 0.000010 0.000010 0.176563 0.354417 0.000010
0.153186 0.063668 0.054457 0.045987 0.088176 0.000010 0.114586 0.479921 0.000010
0.052589 0.037127 0.203807 0.302714 0.000010 0.000010 0.030569 0.373163 0.000010
0.265693 0.000010 0.159216 0.369930 0.000010 0.000010 0.074419 0.130703 0.000010
0.039695 0.132798 0.010420 0.000010 0.000010 0.000010 0.194702 0.622346 0.000010
0.133570 0.143189 0.027247 0.000010 0.098616 0.000010 0.072548 0.457886 0.066924
0.321117 0.004518 0.012011 0.116127 0.000010 0.000010 0.184142 0.362054 0.000010
0.325587 0.000010 0.044203 0.014906 0.016874 0.000010 0.117790 0.480609 0.000010
0.150542 0.090232 0.016861 0.162089 0.019068 0.067285 0.023432 0.428077 0.042416
0.151496 0.051920 0.000010 0.020380 0.000010 0.000010 0.218878 0.557286 0.000010
0.289118 0.000639 0.116567 0.000010 0.000010 0.044533 0.118472 0.357939 0.072712
0.097257 0.008371 0.328723 0.055620 0.083449 0.003288 0.037615 0.385666 0.000010
0.093525 0.211652 0.146745 0.248261 0.070304 0.000010 0.048572 0.180921 0.000010
0.122587 0.000010 0.246877 0.000010 0.000010 0.000010 0.260871 0.369616 0.000010
0.000010 0.000010 0.128005 0.108284 0.000010 0.000010 0.215762 0.547899 0.000010
0.075032 0.165062 0.065579 0.117885 0.000010 0.032311 0.153143 0.350933 0.040045
0.031019 0.037321 0.000010 0.000010 0.000010 0.032086 0.268400 0.559095 0.072049
0.452383 0.000010 0.000010 0.038412 0.029985 0.000010 0.161153 0.245642 0.072396
0.107396 0.204511 0.005229 0.226447 0.000010 0.000010 0.070448 0.368640 0.017309
0.074669 0.000010 0.000010 0.018523 0.000010 0.019832 0.311435 0.545048 0.030463
0.170190 0.015995 0.154055 0.104866 0.000010 0.000010 0.137495 0.417370 0.000010
0.046397 0.000010 0.074101 0.167292 0.004233 0.052730 0.224689 0.426784 0.003764
0.308057 0.165741 0.000010 0.047464 0.000010 0.000010 0.052441 0.326863 0.099404
0.293227 0.000010 0.000010 0.132971 0.000010 0.074296 0.056492 0.442974 0.000010
0.138015 0.000010 0.101294 0.161497 0.000010 0.002562 0.193183 0.351625 0.051805
0.302431 0.103912 0.009862 0.105866 0.000010 0.077255 0.026058 0.374597 0.000010
0.000010 0.012705 0.226541 0.101670 0.000010 0.000010 0.110293 0.548751 0.000010
0.005643 0.042677 0.086416 0.133522 0.000010 0.000010 0.311950 0.368821 0.050951
0.072830 0.022489 0.148419 0.237190 0.000010 0.000010 0.120744 0.364429 0.033880
0.178673 0.252091 0.123191 0.000010 0.000010 0.000010 0.047204 0.398800 0.000010
0.211497 0.044643 0.028189 0.000010 0.000010 0.034959 0.226635 0.454046 0.000010
0.164267 0.068764 0.066208 0.010982 0.068556 0.000010 0.135588 0.485614 0.000010
0.060066 0.155466 0.034461 0.115113 0.056771 0.070323 0.181829 0.325961 0.000010
0.151593 0.000010 0.117093 0.013844 0.090028 0.000010 0.207977 0.419435 0.000010
0.000010 0.000010 0.000010 0.000010 0.000010 0.459764 0.000010 0.000010 0.540166
0.026820 0.000010 0.000010 0.025643 0.000010 0.283451 0.000010 0.000010 0.664036
0.000010 0.000010 0.000010 0.000010 0.022303 0.279013 0.011258 0.000010 0.687376
0.000010 0.000010 0.000010 0.000010 0.000010 0.165192 0.056106 0.000010 0.778642
0.000010 0.000010 0.000010 0.000010 0.000010 0.303197 0.000010 0.000010 0.696733
0.000010 0.000010 0.000010 0.000010 0.000010 0.343969 0.000010 0.002704 0.653267
0.000010 0.002876 0.000010 0.000010 0.040701 0.573638 0.000010 0.000010 0.382735
0.000010 0.000010 0.018253 0.000010 0.000010 0.402094 0.000010 0.000010 0.579593
0.000010 0.000010 0.000010 0.000010 0.000010 0.184912 0.048444 0.000010 0.766584
0.000010 0.000010 0.000010 0.000010 0.019910 0.301983 0.000010 0.000010 0.678047
0.000010 0.000010 0.000010 0.000010 0.000010 0.357305 0.000010 0.000010 0.642625
0.000010 0.000010 0.007044 0.000010 0.000010 0.285792 0.000010 0.025148 0.681965
0.004153 0.000010 0.022606 0.000010 0.000010 0.627160 0.018826 0.000010 0.327214
0.000010 0.000010 0.017765 0.011652 0.000010 0.503975 0.000010 0.000010 0.466557
0.034966 0.000010 0.009359 0.000010 0.000010 0.200750 0.000010 0.000010 0.754874
0.000010 0.000010 0.000010 0.000010 0.038649 0.260814 0.000010 0.000010 0.700476
0.000010 0.000010 0.000010 0.000010 0.000010 0.383468 0.000010 0.000010 0.616462
0.000010 0.007589 0.000010 0.000010 0.000010 0.484627 0.000010 0.021255 0.486479
0.079876 0.000010 0.000010 0.000010 0.000010 0.191914 0.000010 0.000010 0.728149
0.000010 0.000010 0.000010 0.000010 0.000010 0.244814 0.000010 0.000010 0.755116
0.000010 0.000010 0.000010 0.000010 0.000010 0.460105 0.000010 0.017578 0.522257
0.000010 0.000010 0.000010 0.000010 0.000010 0.286427 0.000010 0.000010 0.713503
0.000010 0.000010 0.000010 0.000010 0.000010 0.376485 0.000010 0.000010 0.623445
0.000010 0.000010 0.000010 0.000965 0.000010 0.521559 0.000010 0.023142 0.454285
0.024925 0.000010 0.000010 0.004395 0.000010 0.189318 0.000010 0.000010 0.781312
0.000010 0.000010 0.000010 0.000010 0.090379 0.486380 0.000010 0.000010 0.423181
0.000010 0.000010 0.000010 0.000010 0.000010 0.518078 0.000010 0.000010 0.481852
0.000010 0.000010 0.000010 0.025892 0.000010 0.328691 0.000010 0.000010 0.645358
0.000010 0.000010 0.000010 0.000010 0.851207 0.000010 0.148723 0.000010 0.000010
0.441185 0.073388 0.000010 0.397591 0.000261 0.023396 0.000010 0.064149 0.000010
0.344225 0.000010 0.000010 0.395969 0.000010 0.000010 0.024568 0.235188 0.000010
0.118911 0.026514 0.066452 0.443231 0.000010 0.000010 0.000010 0.344852 0.000010
0.424259 0.042146 0.022216 0.151840 0.031128 0.022251 0.000010 0.264813 0.041337
0.457978 0.000010 0.048060 0.147463 0.000010 0.020513 0.000010 0.325946 0.000010
0.352463 0.000010 0.000010 0.258616 0.002032 0.000010 0.035533 0.245778 0.105548
0.395304 0.000010 0.187697 0.263984 0.000010 0.000010 0.001231 0.151744 0.000010
0.546444 0.000010 0.000010 0.309781 0.000010 0.000010 0.086123 0.057602 0.000010
0.461349 0.026643 0.006441 0.299110 0.022442 0.000010 0.103800 0.065250 0.014955
0.578614 0.059694 0.000010 0.303096 0.000010 0.000010 0.036931 0.004449 0.017186
0.508270 0.040522 0.000010 0.160015 0.000010 0.000010 0.194429 0.096724 0.000010
0.419839 0.000010 0.000010 0.103751 0.046170 0.000010 0.000010 0.430189 0.000010
0.292261 0.017186 0.304949 0.358632 0.000010 0.000010 0.000010 0.026932 0.000010
0.171518 0.000010 0.000010 0.466449 0.088084 0.000010 0.045921 0.202253 0.025745
0.529540 0.041922 0.000010 0.428478 0.000010 0.000010 0.000010 0.000010 0.000010
0.252811 0.036158 0.000010 0.302498 0.015513 0.000010 0.000010 0.392980 0.000010
0.379434 0.089502 0.000010 0.265894 0.000010 0.000010 0.104673 0.137750 0.022716
0.293296 0.000010 0.144685 0.233996 0.000010 0.044075 0.039232 0.244687 0.000010
0.605569 0.023375 0.074742 0.194892 0.000010 0.000010 0.000010 0.101383 0.000010
0.367961 0.000010 0.082546 0.084181 0.000010 0.000010 0.132853 0.332419 0.000010
0.369710 0.000010 0.000010 0.331904 0.000010 0.019837 0.000010 0.278499 0.000010
0.289820 0.056257 0.000010 0.236600 0.038077 0.045498 0.006273 0.327455 0.000010
0.500136 0.012446 0.086158 0.136896 0.000010 0.000010 0.028601 0.132214 0.103528
0.271250 0.047603 0.017570 0.429426 0.073611 0.000010 0.069040 0.091478 0.000010
0.635963 0.000010 0.000010 0.189854 0.000010 0.000010 0.046103 0.128030 0.000010
0.295682 0.000010 0.045373 0.308111 0.014553 0.000010 0.000010 0.324489 0.011762
0.605200 0.000010 0.000010 0.279789 0.006319 0.000010 0.014825 0.000010 0.093826
0.321507 0.000010 0.000010 0.167733 0.094594 0.047615 0.008157 0.360363 0.000010
0.000010 0.000010 0.000010 0.000010 0.999920 0.000010 0.000010 0.000010 0.000010
0.067608 0.000010 0.000010 0.000010 0.932322 0.000010 0.000010 0.000010 0.000010
0.000010 0.060033 0.000010 0.000010 0.939897 0.000010 0.000010 0.000010 0.000010
0.000010 0.000010 0.000010 0.000010 0.915172 0.019581 0.045537 0.019660 0.000010
0.000010 0.000010 0.254356 0.000016 0.579295 0.028914 0.135539 0.000010 0.001851
0.019960 0.000010 0.000010 0.003669 0.942693 0.000010 0.000010 0.033628 0.000010
0.000010 0.043728 0.000010 0.035364 0.800249 0.016701 0.000010 0.103918 0.000010
0.012478 0.000010 0.000010 0.000010 0.941732 0.000010 0.045730 0.000010 0.000010
0.000010 0.000010 0.000010 0.035661 0.964269 0.000010 0.000010 0.000010 0.000010
0.000010 0.000010 0.039788 0.006070 0.954081 0.000010 0.000010 0.000010 0.000010
0.021813 0.002663 0.000010 0.000010 0.926615 0.048858 0.000010 0.000010 0.000010
0.016404 0.000010 0.000010 0.000010 0.983526 0.000010 0.000010 0.000010 0.000010
0.000010 0.000010 0.000010 0.000010 0.999920 0.000010 0.000010 0.000010 0.000010
0.000010 0.000010 0.077282 0.000010 0.922648 0.000010 0.000010 0.000010 0.000010
0.000010 0.000010 0.000010 0.000010 0.983578 0.016352 0.000010 0.000010 0.000010
0.000010 0.000010 0.000010 0.000010 0.944403 0.000010 0.000010 0.055527 0.000010
0.000010 0.000010 0.019571 0.000010 0.980359 0.000010 0.000010 0.000010 0.000010
0.485613 0.000010 0.035184 0.155190 0.063687 0.005563 0.000010 0.254733 0.000010
0.379460 0.000010 0.000010 0.262752 0.000010 0.004731 0.000010 0.353008 0.000010
0.323324 0.000010 0.000010 0.147011 0.000010 0.130654 0.162016 0.233257 0.003708
0.507534 0.000010 0.000010 0.060369 0.068120 0.000010 0.000010 0.294125 0.069813
0.420524 0.000010 0.020758 0.000010 0.122097 0.000010 0.016918 0.280671 0.139001
0.561672 0.027091 0.000010 0.000010 0.062386 0.065668 0.037968 0.245186 0.000010
0.547482 0.000010 0.030989 0.122284 0.000010 0.000010 0.000010 0.296827 0.002377
0.537877 0.056150 0.000010 0.012591 0.059709 0.115516 0.000010 0.218127 0.000010
0.626911 0.000010 0.038524 0.000010 0.000010 0.000010 0.088444 0.210350 0.035731
0.658953 0.000010 0.000010 0.047392 0.032013 0.045087 0.092073 0.124453 0.000010
0.641684 0.000010 0.022990 0.045460 0.183718 0.000010 0.058985 0.040218 0.006924
0.541160 0.000010 0.022723 0.119713 0.000010 0.063759 0.000010 0.252605 0.000010
0.553785 0.044941 0.000010 0.060969 0.010812 0.065594 0.023031 0.240848 0.000010
0.475649 0.000010 0.146992 0.158390 0.056894 0.042915 0.010192 0.091943 0.017015
0.423767 0.025962 0.000010 0.054413 0.004386 0.005528 0.171994 0.309254 0.004686
0.496381 0.000010 0.000010 0.000010 0.000010 0.000010 0.000010 0.248729 0.254830
0.685150 0.000010 0.000010 0.000010 0.000010 0.000010 0.038539 0.276250 0.000010
0.504453 0.000010 0.046466 0.087186 0.000010 0.057123 0.000010 0.304732 0.000010
0.499013 0.000010 0.000010 0.234087 0.000010 0.000010 0.016319 0.225059 0.025482
0.487540 0.075395 0.000010 0.000010 0.012639 0.058563 0.045275 0.300518 0.020050
0.651892 0.000010 0.000010 0.107833 0.000010 0.000010 0.017047 0.139261 0.083927
0.690614 0.000010 0.000010 0.009545 0.000010 0.000010 0.000010 0.259959 0.039833
0.533060 0.000010 0.016767 0.052036 0.035095 0.000010 0.000010 0.363002 0.000010
0.649457 0.067215 0.040884 0.024018 0.000010 0.026725 0.000010 0.191670 0.000010
0.481032 0.000010 0.070708 0.187133 0.000010 0.000010 0.000010 0.200830 0.060257
0.530527 0.000010 0.000010 0.164406 0.000010 0.067115 0.000010 0.237902 0.000010
0.419436 0.000010 0.018077 0.347254 0.000010 0.068993 0.000010 0.130840 0.015370
0.509964 0.000010 0.000010 0.000010 0.148476 0.000010 0.049918 0.273944 0.017658
0.533258 0.000010 0.000010 0.075540 0.134657 0.011369 0.000010 0.245135 0.000010
0.775656 0.000010 0.000010 0.000010 0.004271 0.060361 0.000010 0.159663 0.000010
0.609959 0.000010 0.064704 0.093693 0.000010 0.000010 0.000010 0.231594 0.000010
0.652996 0.069155 0.000010 0.000010 0.000010 0.019481 0.000010 0.257009 0.001319
0.401866 0.015186 0.000010 0.187558 0.000010 0.132800 0.000010 0.262550 0.000010
0.698062 0.000010 0.001449 0.053014 0.047321 0.028297 0.003353 0.144527 0.023967
0.568940 0.008304 0.010457 0.011571 0.000010 0.000010 0.000010 0.215219 0.185478
0.451179 0.066638 0.000010 0.129072 0.000010 0.000010 0.018693 0.195779 0.138608
0.560424 0.000010 0.000010 0.097321 0.000010 0.000010 0.000010 0.328664 0.013541
0.588305 0.054052 0.032134 0.000010 0.049089 0.000010 0.000010 0.250580 0.025810
0.664616 0.028619 0.073690 0.000010 0.000010 0.031278 0.069479 0.132288 0.000010
0.548733 0.094656 0.000010 0.000010 0.000010 0.063441 0.000010 0.293119 0.000010
0.620044 0.000010 0.000010 0.032991 0.000010 0.000010 0.000010 0.346905 0.000010
0.686226 0.000010 0.041512 0.000010 0.000010 0.000010 0.000010 0.166937 0.105275
0.631955 0.084403 0.000010 0.000010 0.000010 0.000010 0.061839 0.155622 0.066140
0.495743 0.126022 0.000010 0.000010 0.051185 0.000010 0.000010 0.074980 0.252030
0.676988 0.003919 0.024972 0.000010 0.000010 0.038790 0.000010 0.168643 0.086657
0.716075 0.000010 0.000010 0.104363 0.000010 0.002083 0.000010 0.177429 0.000010
0.612146 0.000010 0.019915 0.000010 0.000010 0.178989 0.000010 0.157238 0.031672
0.608400 0.119737 0.009245 0.000010 0.000010 0.000010 0.000010 0.262567 0.000010
0.362266 0.010253 0.000010 0.093534 0.000010 0.085184 0.056653 0.292635 0.099455
0.495102 0.000010 0.000010 0.000010 0.000010 0.088666 0.000010 0.269643 0.146539
0.392904 0.000010 0.000010 0.020681 0.007015 0.000010 0.194163 0.334423 0.050783
0.619530 0.000010 0.000010 0.045592 0.000010 0.000010 0.000010 0.207561 0.127267
0.676001 0.000010 0.000010 0.000010 0.017670 0.043505 0.000010 0.214084 0.048700
0.836205 0.000010 0.039214 0.000010 0.000010 0.000010 0.000010 0.014276 0.110255
0.481052 0.034370 0.000010 0.002971 0.000010 0.011072 0.041334 0.185559 0.243622
0.055208 0.000010 0.098283 0.000010 0.065338 0.069962 0.000010 0.000010 0.711170
0.192723 0.000010 0.092221 0.244610 0.000010 0.237258 0.013510 0.083459 0.136199
0.709802 0.000010 0.019044 0.042092 0.000010 0.000010 0.000010 0.183669 0.045353
0.530099 0.000010 0.000010 0.316705 0.000010 0.046653 0.000010 0.106493 0.000010
0.503001 0.000010 0.000010 0.119320 0.000010 0.000010 0.000010 0.264432 0.113197
0.493346 0.000010 0.000010 0.000010 0.000010 0.000010 0.083477 0.275171 0.147955
0.628855 0.018597 0.000010 0.005756 0.000010 0.000010 0.015614 0.235230 0.095919
0.421191 0.001689 0.027097 0.092085 0.077435 0.000010 0.000010 0.380474 0.000010
0.473777 0.031647 0.052429 0.000010 0.035167 0.000010 0.000010 0.270966 0.135984
0.704593 0.000010 0.056770 0.000010 0.000010 0.090999 0.000010 0.147588 0.000010
0.718903 0.000010 0.000010 0.020177 0.000010 0.000010 0.000010 0.260859 0.000010
0.550434 0.114642 0.000010 0.030418 0.000010 0.023414 0.022247 0.182619 0.076207
0.278237 0.000010 0.000010 0.041862 0.017393 0.128963 0.145995 0.386183 0.001347
0.524002 0.002167 0.000010 0.000010 0.000010 0.000010 0.223612 0.044881 0.205297
0.471818 0.028391 0.000010 0.140533 0.015941 0.025920 0.043798 0.138458 0.135130
0.471284 0.000010 0.000010 0.116652 0.063689 0.025929 0.073742 0.247206 0.001478
0.559735 0.000010 0.000010 0.000010 0.000010 0.000010 0.014351 0.343745 0.082118
0.435195 0.000010 0.035059 0.165582 0.009221 0.013109 0.048668 0.140654 0.152501
0.520298 0.089643 0.012030 0.000010 0.000010 0.013272 0.000010 0.206135 0.158592
0.617066 0.000010 0.095342 0.000010 0.000010 0.043247 0.000010 0.166922 0.077384
0.539724 0.000010 0.000010 0.035162 0.000010 0.000010 0.052138 0.181031 0.191905
0.688902 0.027433 0.000010 0.000010 0.043256 0.000010 0.071046 0.110504 0.058829
0.391350 0.025209 0.137748 0.000010 0.052185 0.074027 0.071377 0.129069 0.119026
0.755489 0.000010 0.000010 0.000010 0.000010 0.000010 0.000010 0.108547 0.135904
0.652126 0.000010 0.026287 0.000010 0.000010 0.115739 0.000010 0.205798 0.000010
0.652569 0.000010 0.000010 0.094678 0.000010 0.000010 0.000010 0.167481 0.085223
0.765069 0.000010 0.029971 0.050562 0.001138 0.000827 0.000010 0.131631 0.020782
0.712721 0.010104 0.000010 0.000010 0.000010 0.023825 0.008184 0.153719 0.091418
0.727051 0.082811 0.000010 0.000010 0.000010 0.062914 0.039750 0.087434 0.000010
0.583240 0.052052 0.000010 0.000010 0.000010 0.062653 0.031086 0.177895 0.093044
0.692514 0.044431 0.000010 0.000010 0.000010 0.000010 0.000010 0.210295 0.052711
0.575719 0.114383 0.009697 0.000010 0.137106 0.000010 0.000010 0.000010 0.163054
0.000010 0.000010 0.041039 0.055079 0.802968 0.005652 0.095221 0.000010 0.000010
0.000010 0.000010 0.000010 0.000010 0.850352 0.000010 0.149578 0.000010 0.000010
0.000010 0.000010 0.000010 0.000010 0.850373 0.000010 0.149557 0.000010 0.000010
0.074462 0.037803 0.042913 0.000010 0.712374 0.000010 0.132407 0.000010 0.000010
0.000010 0.044540 0.011548 0.000010 0.770334 0.000010 0.173528 0.000010 0.000010
0.000010 0.000010 0.000010 0.000010 0.766579 0.000010 0.233351 0.000010 0.000010
0.000010 0.000010 0.000010 0.054109 0.918815 0.000010 0.027016 0.000010 0.000010
0.667274 0.000010 0.000010 0.141850 0.045530 0.064002 0.067720 0.000010 0.013594
0.580002 0.000010 0.137279 0.224320 0.058349 0.000010 0.000010 0.000010 0.000010
0.527244 0.000010 0.000010 0.242613 0.118413 0.062852 0.000010 0.048837 0.000010
0.488630 0.000010 0.000010 0.304453 0.000010 0.023583 0.107087 0.076207 0.000010
0.323444 0.000010 0.000010 0.307991 0.000010 0.075545 0.087483 0.205497 0.000010
0.619190 0.078934 0.000010 0.139856 0.000010 0.000010 0.088961 0.000010 0.073018
0.501406 0.007109 0.000010 0.224072 0.136182 0.000010 0.015360 0.034704 0.081147
0.427657 0.000010 0.041828 0.348951 0.000010 0.097311 0.000010 0.084213 0.000010
0.517692 0.193287 0.000010 0.222350 0.015759 0.000010 0.000010 0.050871 0.000010
0.665696 0.000010 0.000010 0.000010 0.035792 0.125689 0.060813 0.111969 0.000010
0.423049 0.092781 0.000010 0.186677 0.000010 0.000010 0.008675 0.084824 0.203964
0.473897 0.000010 0.000010 0.151757 0.000010 0.027444 0.000010 0.182140 0.164722
0.585844 0.000010 0.028010 0.070217 0.000010 0.000010 0.010212 0.295524 0.010164
0.685758 0.071790 0.044451 0.023110 0.030996 0.000010 0.060170 0.012201 0.071513
0.773504 0.000010 0.146863 0.000010 0.000010 0.000010 0.000010 0.000010 0.079573
0.604256 0.000010 0.000010 0.021145 0.036055 0.000010 0.012710 0.170116 0.155687
0.536775 0.000010 0.110699 0.082044 0.000249 0.129069 0.000010 0.090400 0.050743
0.720284 0.000010 0.041064 0.097599 0.072543 0.038715 0.000010 0.029766 0.000010
0.475061 0.088700 0.067980 0.136062 0.000010 0.000010 0.000010 0.141484 0.090684
0.661528 0.000010 0.000010 0.000010 0.064751 0.000010 0.000010 0.273662 0.000010
0.660632 0.000010 0.084096 0.000010 0.000010 0.000010 0.000010 0.241529 0.013693
0.565486 0.000010 0.000010 0.000010 0.000010 0.000010 0.000010 0.282801 0.151653
0.488825 0.000010 0.071552 0.129660 0.000010 0.024134 0.000010 0.190186 0.095613
0.442969 0.000010 0.000010 0.012056 0.061104 0.012283 0.049992 0.238963 0.182612
0.555025 0.030492 0.000010 0.027451 0.000010 0.000010 0.000010 0.204729 0.182262
0.620057 0.000010 0.046704 0.027109 0.000222 0.000010 0.000010 0.192583 0.113295
0.550588 0.000010 0.000010 0.000010 0.000010 0.063320 0.084137 0.199370 0.102545
0.535850 0.000010 0.000010 0.000010 0.000010 0.000010 0.027796 0.253536 0.182768
0.634452 0.041903 0.016828 0.012537 0.000010 0.000010 0.031550 0.262636 0.000075
0.296445 0.000010 0.000010 0.199833 0.000010 0.090630 0.058726 0.354326 0.000010
0.678626 0.000010 0.000010 0.000010 0.052816 0.000010 0.106352 0.114968 0.047197
0.636203 0.000010 0.067552 0.000010 0.000010 0.033945 0.000010 0.143669 0.118592
0.483567 0.000010 0.000010 0.000010 0.019656 0.000010 0.054493 0.431403 0.010841
0.434761 0.110917 0.000010 0.000010 0.114107 0.085834 0.000010 0.254341 0.000010
0.717871 0.006536 0.000010 0.000010 0.000010 0.000550 0.017222 0.189863 0.067928
0.000010 0.853159 0.046697 0.075958 0.011995 0.000010 0.000010 0.000010 0.012151
0.000010 0.757552 0.150357 0.000010 0.016867 0.075174 0.000010 0.000010 0.000010
0.000010 0.843107 0.011923 0.010031 0.032780 0.000010 0.000010 0.102118 0.000010
0.000010 0.747714 0.073233 0.000010 0.000010 0.000010 0.178993 0.000010 0.000010
0.000010 0.000010 0.250741 0.022243 0.201668 0.000010 0.398999 0.126309 0.000010
0.000010 0.000010 0.608110 0.027066 0.000765 0.000010 0.364009 0.000010 0.000010
0.080991 0.069634 0.516820 0.000010 0.000010 0.000010 0.332505 0.000010 0.000010
0.000010 0.000010 0.516148 0.058777 0.068538 0.000010 0.347519 0.008978 0.000010
0.093010 0.069758 0.343902 0.000010 0.180537 0.000010 0.259940 0.052823 0.000010
0.000010 0.000010 0.511519 0.103071 0.042644 0.000010 0.226208 0.116518 0.000010
0.000010 0.000010 0.422614 0.000010 0.096754 0.031942 0.393343 0.055306 0.000010
0.030586 0.034421 0.558897 0.047086 0.042536 0.000010 0.286443 0.000010 0.000010
0.000010 0.005323 0.269828 0.000010 0.102334 0.000010 0.543209 0.079267 0.000010
0.063398 0.091506 0.337799 0.000010 0.111774 0.004777 0.390714 0.000011 0.000010
0.512698 0.010852 0.056240 0.000010 0.000010 0.000010 0.082189 0.289590 0.048401
0.368549 0.000010 0.000010 0.047643 0.000010 0.054288 0.003732 0.361177 0.164581
0.433671 0.000010 0.094453 0.207662 0.000010 0.000010 0.106247 0.157926 0.000010
0.542007 0.053960 0.000010 0.000010 0.000010 0.068170 0.000010 0.271131 0.064693
0.582423 0.033712 0.000010 0.027153 0.015843 0.000010 0.000010 0.124896 0.215943
0.376830 0.000010 0.051155 0.208810 0.031859 0.000010 0.064739 0.196202 0.070385
0.431049 0.000010 0.000010 0.213392 0.000010 0.046993 0.000010 0.308516 0.000010
0.417011 0.028391 0.000010 0.175720 0.000010 0.000010 0.000010 0.378828 0.000010
0.648898 0.000010 0.026490 0.000010 0.025485 0.003301 0.000010 0.116560 0.179236
0.654513 0.011075 0.000010 0.019031 0.000010 0.000010 0.000010 0.300141 0.015200
0.521351 0.106673 0.000010 0.000010 0.000010 0.000010 0.022133 0.302340 0.047463
0.553731 0.000010 0.000010 0.000010 0.000010 0.000010 0.000010 0.413938 0.032272
0.613350 0.000010 0.000010 0.000010 0.018051 0.066979 0.000010 0.301569 0.000010
0.397691 0.000010 0.000010 0.179948 0.000010 0.112262 0.019699 0.185417 0.104953
0.473045 0.000010 0.000010 0.064926 0.000010 0.063965 0.000010 0.380624 0.017400
0.420121 0.000010 0.000010 0.196692 0.000010 0.131775 0.063756 0.187616 0.000010
0.484129 0.000010 0.051584 0.082695 0.000010 0.013572 0.000994 0.169539 0.197467
0.786327 0.000010 0.000010 0.050352 0.000010 0.000010 0.000010 0.163261 0.000010
0.663004 0.086728 0.028022 0.000010 0.000010 0.000010 0.000010 0.208915 0.013291
0.392655 0.000010 0.134714 0.000010 0.000010 0.023855 0.000010 0.192815 0.255920
0.474731 0.083001 0.056750 0.198667 0.045655 0.071443 0.002835 0.066909 0.000010
0.001074 0.000010 0.511746 0.000010 0.072812 0.000010 0.315324 0.099005 0.000010
0.000010 0.000010 0.755336 0.000010 0.078435 0.000010 0.166169 0.000010 0.000010
0.000010 0.010518 0.595650 0.000010 0.017604 0.000010 0.376178 0.000010 0.000010
0.000010 0.000010 0.412605 0.000010 0.148380 0.000010 0.264724 0.167590 0.006660
0.000010 0.084975 0.463277 0.000010 0.112034 0.000010 0.332303 0.007371 0.000010
0.109465 0.027009 0.455251 0.000010 0.005879 0.000010 0.307478 0.065773 0.029124
0.000010 0.000010 0.655297 0.000010 0.000010 0.000016 0.344627 0.000010 0.000010
0.000010 0.000010 0.564591 0.073953 0.000010 0.000010 0.361396 0.000010 0.000010
0.081449 0.087975 0.566988 0.000010 0.020631 0.000010 0.225520 0.017408 0.000010
0.000010 0.000010 0.568794 0.000010 0.163829 0.000010 0.267317 0.000010 0.000010
0.124503 0.140760 0.569136 0.000010 0.000010 0.000010 0.118907 0.046654 0.000010
0.000010 0.000010 0.589471 0.000010 0.000010 0.000010 0.410459 0.000010 0.000010
0.000010 0.000010 0.709381 0.000010 0.000010 0.000010 0.279536 0.001615 0.009418
0.005021 0.062159 0.443211 0.000010 0.000010 0.000010 0.235252 0.254317 0.000010
0.000010 0.167666 0.408013 0.043786 0.023085 0.000010 0.295504 0.061916 0.000010
0.000010 0.000010 0.596869 0.000010 0.084008 0.000010 0.310027 0.009046 0.000010
0.000010 0.000010 0.443778 0.152854 0.027165 0.000010 0.376154 0.000010 0.000010
0.000010 0.005224 0.583580 0.000010 0.022623 0.000010 0.313454 0.075079 0.000010
0.025863 0.039284 0.691116 0.000010 0.000010 0.000010 0.180565 0.063132 0.000010
0.148083 0.109541 0.511184 0.000010 0.000010 0.000010 0.231143 0.000010 0.000010
0.014637 0.000010 0.638315 0.034919 0.043722 0.000010 0.268367 0.000010 0.000010
0.153218 0.044022 0.504005 0.000010 0.000010 0.000010 0.290075 0.008640 0.000010
0.031702 0.000010 0.482400 0.000010 0.000010 0.000010 0.338828 0.147020 0.000010
0.015777 0.000010 0.660491 0.052299 0.000010 0.000010 0.132023 0.139370 0.000010
0.000010 0.129986 0.616170 0.000011 0.027766 0.000010 0.226028 0.000010 0.000010
0.000010 0.000010 0.552271 0.000010 0.060430 0.005612 0.325233 0.056414 0.000010
0.079725 0.056635 0.462476 0.000010 0.000010 0.000010 0.401114 0.000010 0.000010
0.019025 0.000206 0.744369 0.000010 0.000010 0.000010 0.181531 0.008686 0.046153
0.000010 0.000010 0.650165 0.068090 0.000010 0.000010 0.277518 0.000366 0.003821
0.000010 0.014830 0.624766 0.000010 0.034528 0.008909 0.316928 0.000010 0.000010
0.036210 0.016785 0.405992 0.005812 0.000010 0.019076 0.446907 0.063860 0.005348
0.000010 0.000010 0.735157 0.000010 0.000010 0.000010 0.264773 0.000010 0.000010
0.000010 0.056848 0.535724 0.000010 0.000010 0.000010 0.407369 0.000010 0.000010
0.027235 0.021008 0.544782 0.000010 0.012597 0.000010 0.394339 0.000010 0.000010
0.000010 0.000010 0.645105 0.000010 0.077204 0.000010 0.277630 0.000010 0.000010
0.000010 0.088239 0.481793 0.042897 0.052525 0.008850 0.308854 0.000010 0.016821
0.039240 0.007112 0.564457 0.000010 0.000010 0.000010 0.389140 0.000010 0.000010
0.000010 0.000010 0.455747 0.041810 0.000010 0.020669 0.425199 0.056535 0.000010
0.000010 0.000010 0.494357 0.003394 0.107328 0.000010 0.394871 0.000010 0.000010
0.000010 0.057822 0.044281 0.000010 0.859711 0.000010 0.038136 0.000010 0.000010
0.000010 0.000010 0.000010 0.000010 0.844383 0.000010 0.155547 0.000010 0.000010
0.000010 0.049092 0.666390 0.023140 0.059388 0.000010 0.201950 0.000010 0.000010
0.032423 0.154007 0.495760 0.000010 0.000010 0.000010 0.317759 0.000010 0.000010
0.580490 0.028760 0.000010 0.179734 0.000010 0.109607 0.062561 0.038818 0.000010
0.528295 0.024773 0.000010 0.306994 0.000010 0.048958 0.000010 0.067456 0.023493
0.362170 0.095629 0.120846 0.340596 0.034736 0.000010 0.000010 0.000010 0.045993
0.383408 0.021859 0.000010 0.228455 0.000010 0.000010 0.000010 0.290567 0.075671
0.342387 0.152088 0.000010 0.309042 0.000010 0.100167 0.061946 0.034340 0.000010
0.474205 0.000010 0.000010 0.199932 0.000010 0.000010 0.046005 0.213959 0.065858
0.432771 0.024844 0.000010 0.235470 0.096651 0.000010 0.014427 0.195808 0.000010
0.351374 0.009508 0.041323 0.356079 0.000010 0.000010 0.083172 0.158515 0.000010
0.688681 0.000010 0.202817 0.099747 0.000010 0.000010 0.008705 0.000010 0.000010
0.387500 0.000010 0.108637 0.294789 0.000010 0.000010 0.000010 0.209024 0.000010
0.344607 0.000010 0.103653 0.336221 0.000010 0.000010 0.000010 0.204185 0.011294
0.405815 0.000010 0.000010 0.262517 0.000010 0.000010 0.022410 0.299130 0.010089
0.364312 0.000010 0.076539 0.397135 0.000928 0.000010 0.000010 0.084400 0.076656
0.000010 0.000010 0.607469 0.000010 0.024058 0.000010 0.368413 0.000010 0.000010
0.000010 0.033660 0.626962 0.000010 0.000010 0.000010 0.307188 0.009417 0.022733
0.000010 0.033632 0.686763 0.000010 0.000010 0.000010 0.256582 0.000010 0.022972
0.000010 0.044843 0.573830 0.000010 0.000010 0.000010 0.381267 0.000010 0.000010
0.000010 0.000010 0.698187 0.011286 0.000010 0.045934 0.207768 0.000010 0.036785
0.000010 0.050889 0.590616 0.000010 0.000010 0.014310 0.344135 0.000010 0.000010
0.000010 0.000010 0.627155 0.000010 0.018445 0.000010 0.332810 0.021539 0.000010
0.000010 0.000010 0.687538 0.000010 0.000010 0.000010 0.278563 0.033840 0.000010
0.000010 0.025230 0.608729 0.000010 0.064430 0.000010 0.232056 0.065985 0.003540
0.000010 0.000010 0.571487 0.000010 0.000010 0.104491 0.323961 0.000010 0.000010
0.000010 0.000010 0.562040 0.000010 0.006376 0.000010 0.337866 0.093668 0.000010
0.000010 0.000010 0.723702 0.000010 0.000010 0.020853 0.255385 0.000010 0.000010
