0.209178 0.151017 0.000010 0.000010 0.032183 0.035444 0.000010 0.507607 0.064541
0.362135 0.008567 0.045128 0.034491 0.000010 0.103873 0.002968 0.442819 0.000010
0.017511 0.000010 0.000010 0.427397 0.000010 0.000010 0.128797 0.247468 0.178785
0.445549 0.000010 0.000010 0.016708 0.047619 0.045093 0.000010 0.379947 0.065054
0.279953 0.000010 0.000010 0.121925 0.000010 0.000010 0.000010 0.598063 0.000010
0.260359 0.000010 0.000010 0.212817 0.074567 0.000010 0.055204 0.397013 0.000010
0.434814 0.000010 0.116231 0.032547 0.021926 0.000010 0.000010 0.394442 0.000010
0.295428 0.089449 0.000010 0.086074 0.000010 0.033601 0.119356 0.376062 0.000010
0.073571 0.000010 0.056398 0.144487 0.230543 0.000010 0.008669 0.384042 0.102270
0.311196 0.000010 0.061522 0.084630 0.078176 0.000010 0.000010 0.461407 0.003039
0.218965 0.075058 0.000010 0.207049 0.000010 0.000010 0.050860 0.448028 0.000010
0.175541 0.000010 0.000010 0.257868 0.000010 0.000010 0.102811 0.463729 0.000010
0.117277 0.000010 0.000010 0.004783 0.086281 0.067742 0.171652 0.552234 0.000010
0.260216 0.065159 0.000010 0.188909 0.000010 0.000010 0.057718 0.214255 0.213712
0.613052 0.000010 0.000010 0.000010 0.046536 0.000010 0.003018 0.337345 0.000010
0.218081 0.130348 0.029054 0.000010 0.009177 0.000010 0.127239 0.486070 0.000010
0.285743 0.000010 0.000010 0.159568 0.085756 0.045890 0.084176 0.338837 0.000010
0.331928 0.000010 0.000010 0.105045 0.076727 0.109313 0.000010 0.376947 0.000010
0.200089 0.046568 0.144230 0.007571 0.000010 0.076141 0.033723 0.491659 0.000010
0.244164 0.073029 0.000010 0.217123 0.000010 0.000010 0.000010 0.465634 0.000010
0.380840 0.000010 0.000010 0.113658 0.046485 0.000010 0.016555 0.442423 0.000010
0.122766 0.067895 0.000010 0.009013 0.155820 0.000010 0.118540 0.450357 0.075590
0.293181 0.000010 0.116529 0.125719 0.000010 0.000010 0.000010 0.451711 0.012819
0.664736 0.024006 0.000010 0.074527 0.000010 0.000010 0.023277 0.213414 0.000010
0.600451 0.000010 0.000010 0.115405 0.000010 0.000010 0.000010 0.284084 0.000010
0.134862 0.000010 0.000010 0.004317 0.039260 0.000010 0.180917 0.640605 0.000010
0.278436 0.174520 0.164307 0.062772 0.000010 0.000010 0.040829 0.261234 0.017882
0.087006 0.000010 0.000010 0.261444 0.025247 0.000010 0.000010 0.431648 0.194615
0.278340 0.039175 0.122759 0.040422 0.000010 0.000010 0.212849 0.306425 0.000010
0.403340 0.000010 0.000010 0.000010 0.000010 0.031563 0.166761 0.349507 0.048790
0.243010 0.021920 0.140365 0.052280 0.039222 0.000010 0.000010 0.503173 0.000010
0.327689 0.157619 0.000010 0.143650 0.000010 0.000010 0.069253 0.301749 0.000010
0.303243 0.150307 0.003471 0.230332 0.000010 0.000010 0.001785 0.310833 0.000010
0.343990 0.142212 0.000010 0.000010 0.000010 0.000010 0.195614 0.318133 0.000010
0.131031 0.000010 0.125158 0.252050 0.079007 0.009643 0.014945 0.388146 0.000010
0.048358 0.140584 0.000010 0.136455 0.094344 0.008387 0.106008 0.465843 0.000010
0.331007 0.000010 0.024604 0.105468 0.020112 0.000010 0.060253 0.458525 0.000010
0.320831 0.000010 0.064014 0.104370 0.000010 0.000010 0.100652 0.380508 0.029595
0.139709 0.000010 0.000010 0.077516 0.016692 0.032075 0.035390 0.374827 0.323773
0.064447 0.000010 0.000010 0.280690 0.000010 0.000010 0.101118 0.552555 0.001149
0.402624 0.000010 0.000010 0.054071 0.077581 0.000010 0.000010 0.465674 0.000010
0.338268 0.007549 0.000010 0.140667 0.000010 0.000010 0.071828 0.394751 0.046907
0.100385 0.000010 0.000010 0.022587 0.055557 0.000010 0.186391 0.635040 0.000010
0.167951 0.000010 0.000010 0.292770 0.053108 0.000010 0.021439 0.464692 0.000010
0.098975 0.058458 0.000010 0.192711 0.000010 0.000010 0.302261 0.347554 0.000010
0.285931 0.000010 0.000010 0.000010 0.023716 0.000010 0.226434 0.463869 0.000010
0.313212 0.000010 0.000010 0.000010 0.043612 0.000010 0.113624 0.529502 0.000010
0.271647 0.000010 0.171938 0.000010 0.000010 0.000010 0.079311 0.477054 0.000010
0.070383 0.037417 0.670673 0.135071 0.000010 0.000010 0.063113 0.023312 0.000010
0.189041 0.207508 0.167577 0.148633 0.090734 0.000010 0.078032 0.024740 0.093724
0.000010 0.082923 0.446820 0.092643 0.067132 0.015295 0.174792 0.120375 0.000010
0.000010 0.072353 0.399650 0.099685 0.089883 0.028487 0.000010 0.309913 0.000010
0.146912 0.020474 0.489153 0.000010 0.006057 0.000010 0.181878 0.155496 0.000010
0.524230 0.096344 0.161791 0.000010 0.000010 0.000010 0.000010 0.217585 0.000010
0.040161 0.225983 0.363511 0.135138 0.144460 0.000010 0.010833 0.000010 0.079893
0.249675 0.000010 0.247079 0.183943 0.157738 0.000010 0.023949 0.137587 0.000010
0.073445 0.215520 0.043351 0.019143 0.287577 0.000010 0.211302 0.149641 0.000010
0.294883 0.113898 0.216518 0.073517 0.000010 0.000010 0.282053 0.019102 0.000010
0.034216 0.019479 0.559088 0.136898 0.000010 0.019369 0.066389 0.164542 0.000010
0.000010 0.000010 0.202336 0.174047 0.153510 0.070226 0.140204 0.259647 0.000010
0.113716 0.054671 0.442139 0.045783 0.000010 0.000010 0.035958 0.307704 0.000010
0.236902 0.000010 0.196341 0.000010 0.000010 0.007340 0.266238 0.287686 0.005464
0.134623 0.220628 0.053449 0.011282 0.162663 0.066262 0.194941 0.156143 0.000010
0.218543 0.000010 0.061566 0.228185 0.054268 0.003961 0.109352 0.283852 0.040262
0.415779 0.000010 0.000010 0.089690 0.021079 0.034851 0.088233 0.347775 0.002575
0.168730 0.225504 0.233927 0.225334 0.000010 0.000010 0.000010 0.146465 0.000010
0.205000 0.000010 0.151858 0.156639 0.000010 0.000010 0.112813 0.333828 0.039833
0.000010 0.072212 0.800829 0.000010 0.004503 0.000010 0.122405 0.000010 0.000010
0.132029 0.000010 0.376270 0.136853 0.000010 0.058598 0.096194 0.144485 0.055552
0.315237 0.033519 0.031110 0.057095 0.136631 0.000010 0.042383 0.384004 0.000010
0.000010 0.002783 0.000010 0.013348 0.163079 0.000010 0.064785 0.164377 0.591598
0.388768 0.000010 0.000010 0.120149 0.000010 0.069420 0.041726 0.379897 0.000010
0.323572 0.081035 0.072346 0.090540 0.000010 0.000010 0.000010 0.432466 0.000010
0.353542 0.071415 0.004957 0.053444 0.000010 0.000010 0.044496 0.472116 0.000010
0.089543 0.000010 0.000010 0.290254 0.059143 0.000010 0.095189 0.465831 0.000010
0.341861 0.000010 0.000010 0.066567 0.002735 0.000010 0.053559 0.450752 0.084495
0.507869 0.000010 0.027230 0.000010 0.096245 0.000010 0.061714 0.306902 0.000010
0.019854 0.116239 0.000010 0.000010 0.000010 0.000010 0.154831 0.277959 0.431078
0.277063 0.054047 0.000010 0.072437 0.011749 0.000010 0.173833 0.410841 0.000010
0.379571 0.000010 0.072781 0.056034 0.000010 0.000010 0.000010 0.319953 0.171622
0.000010 0.003583 0.000010 0.010296 0.135550 0.000010 0.232951 0.542127 0.075463
0.331387 0.000010 0.019051 0.109734 0.048387 0.000010 0.028302 0.463109 0.000010
0.045139 0.076644 0.000010 0.231092 0.026080 0.075891 0.122467 0.422667 0.000010
0.486596 0.000010 0.000010 0.000010 0.231389 0.000010 0.000010 0.281954 0.000010
0.177366 0.072834 0.000010 0.110363 0.000010 0.000010 0.148726 0.490671 0.000010
0.146221 0.083701 0.027994 0.000010 0.000010 0.039490 0.089921 0.500437 0.112217
0.405637 0.000010 0.000010 0.016789 0.000010 0.000010 0.012285 0.476496 0.088753
0.246496 0.000010 0.000010 0.000010 0.012797 0.000010 0.149203 0.584156 0.007308
0.000010 0.053022 0.067098 0.061128 0.057941 0.000010 0.000010 0.338156 0.422625
0.386137 0.000010 0.000010 0.000010 0.082876 0.000010 0.166837 0.364100 0.000010
0.525368 0.087561 0.058971 0.000010 0.000010 0.002678 0.001195 0.324197 0.000010
0.094351 0.000010 0.068002 0.157473 0.000010 0.010114 0.131396 0.538633 0.000010
0.446447 0.000010 0.000010 0.060264 0.000010 0.000010 0.078027 0.415213 0.000010
0.283299 0.042741 0.000010 0.062876 0.000010 0.000010 0.049990 0.561054 0.000010
0.266755 0.000010 0.130628 0.000010 0.000010 0.138033 0.079974 0.384571 0.000010
0.167395 0.000010 0.000010 0.101050 0.000010 0.000010 0.134051 0.597453 0.000010
0.292498 0.000010 0.107793 0.018675 0.000010 0.000010 0.023628 0.557366 0.000010
0.209551 0.009899 0.000010 0.000010 0.000010 0.060808 0.185058 0.514517 0.020136
0.160806 0.042897 0.084463 0.000010 0.090138 0.000010 0.240907 0.380759 0.000010
0.081025 0.000010 0.149541 0.151369 0.000010 0.000010 0.000010 0.618015 0.000010
0.160779 0.154237 0.000010 0.074681 0.047676 0.000010 0.024510 0.226102 0.311994
0.038772 0.000010 0.000329 0.061277 0.000010 0.075234 0.000010 0.007780 0.816579
0.035020 0.000010 0.115733 0.118717 0.000010 0.118445 0.000010 0.612045 0.000010
0.118839 0.024544 0.000010 0.125598 0.020077 0.000010 0.043626 0.600979 0.066318
0.191293 0.159404 0.000010 0.216288 0.083327 0.000010 0.062300 0.287358 0.000010
0.008541 0.000010 0.112449 0.194744 0.020747 0.078849 0.155559 0.429091 0.000010
0.225187 0.127522 0.090810 0.164613 0.000010 0.066278 0.059072 0.266498 0.000010
0.149488 0.117151 0.000010 0.179461 0.177764 0.000010 0.023259 0.352848 0.000010
0.182120 0.042478 0.000010 0.000010 0.000010 0.000010 0.247893 0.488355 0.039114
0.169071 0.015247 0.000010 0.197773 0.000010 0.024130 0.198427 0.395323 0.000010
0.144036 0.105296 0.000010 0.067223 0.000010 0.000010 0.058543 0.624861 0.000010
0.224388 0.000010 0.035888 0.000010 0.000010 0.000010 0.081770 0.657904 0.000010
0.250436 0.000010 0.000010 0.057947 0.000010 0.056237 0.161246 0.451966 0.022139
0.300389 0.089244 0.000010 0.000010 0.081902 0.000010 0.120027 0.408398 0.000010
0.131801 0.000010 0.000010 0.258742 0.106752 0.000010 0.089952 0.412713 0.000010
0.290392 0.000010 0.033673 0.021256 0.000010 0.052983 0.000010 0.541096 0.060570
0.210225 0.000010 0.000010 0.172843 0.020649 0.000010 0.083220 0.513022 0.000010
0.126577 0.000010 0.144819 0.000010 0.000010 0.000010 0.077624 0.613205 0.037736
0.173312 0.004440 0.050863 0.255694 0.000010 0.049606 0.000010 0.466056 0.000010
0.248329 0.089083 0.070262 0.000010 0.000010 0.000010 0.160659 0.431627 0.000010
0.284177 0.125631 0.030541 0.128109 0.092838 0.000010 0.162639 0.176044 0.000010
0.152475 0.044891 0.159560 0.224102 0.000010 0.021445 0.056741 0.249505 0.091271
0.257385 0.037625 0.021864 0.143514 0.000010 0.000010 0.000010 0.509638 0.029944
0.154841 0.021271 0.030283 0.160744 0.011973 0.000010 0.126590 0.494278 0.000010
0.108769 0.076524 0.007520 0.107859 0.000010 0.014967 0.161994 0.522348 0.000010
0.361490 0.131118 0.109451 0.117689 0.053450 0.000010 0.047305 0.179477 0.000010
0.188607 0.174193 0.000010 0.000010 0.000010 0.011631 0.072753 0.552775 0.000010
0.010329 0.000010 0.000010 0.126363 0.030487 0.025065 0.244921 0.562804 0.000010
0.199774 0.217275 0.023223 0.147439 0.000010 0.000010 0.101479 0.310781 0.000010
0.251313 0.000010 0.000010 0.000010 0.000010 0.036151 0.133838 0.578648 0.000010
0.283922 0.000010 0.022555 0.102497 0.177953 0.047593 0.000010 0.365450 0.000010
0.000010 0.095480 0.000010 0.188322 0.102410 0.000010 0.049497 0.564250 0.000010
0.243728 0.000010 0.075098 0.000010 0.000010 0.027868 0.069728 0.567238 0.016309
0.232678 0.000010 0.051832 0.307214 0.000010 0.000010 0.000010 0.408226 0.000010
0.178875 0.147677 0.000010 0.102928 0.039319 0.000010 0.075286 0.455884 0.000010
0.229142 0.000010 0.008113 0.217520 0.000010 0.000010 0.000010 0.545175 0.000010
0.136311 0.000010 0.000010 0.316890 0.044550 0.000010 0.022461 0.479748 0.000010
0.089121 0.000010 0.000010 0.528717 0.000010 0.086933 0.083967 0.211222 0.000010
0.102875 0.000010 0.000010 0.229186 0.000010 0.051895 0.145344 0.470660 0.000010
0.374852 0.000010 0.000010 0.022964 0.037403 0.000010 0.107177 0.457564 0.000010
0.078759 0.000010 0.070020 0.524783 0.000010 0.000010 0.000010 0.326388 0.000010
0.193428 0.000010 0.369144 0.089111 0.000010 0.000010 0.065606 0.282671 0.000010
0.287637 0.000010 0.000010 0.000010 0.000010 0.013771 0.165553 0.532989 0.000010
0.243503 0.000010 0.247450 0.007043 0.000010 0.000010 0.061705 0.440259 0.000010
0.228041 0.000010 0.157647 0.000010 0.036554 0.000010 0.010252 0.567465 0.000010
0.308830 0.000010 0.134082 0.031996 0.041887 0.000010 0.000010 0.483165 0.000010
0.582686 0.000010 0.000010 0.000010 0.000010 0.000010 0.000010 0.417244 0.000010
0.379137 0.000010 0.000010 0.000010 0.031374 0.000010 0.005140 0.584299 0.000010
0.071591 0.008121 0.039002 0.214521 0.000010 0.053652 0.000010 0.613082 0.000010
0.140150 0.000010 0.110768 0.104926 0.000010 0.000010 0.134031 0.510086 0.000010
0.186937 0.035044 0.118650 0.086202 0.025714 0.000010 0.098694 0.391691 0.057058
0.347284 0.000010 0.000010 0.130978 0.116556 0.000010 0.000010 0.358802 0.046339
0.308998 0.127265 0.000010 0.011288 0.000010 0.026023 0.000010 0.526386 0.000010
0.056426 0.000010 0.000010 0.105707 0.130391 0.000010 0.131426 0.576011 0.000010
0.466933 0.000010 0.049003 0.000010 0.000010 0.002837 0.000010 0.365856 0.115331
0.366340 0.000010 0.067358 0.031955 0.000010 0.002829 0.019883 0.511605 0.000010
0.163887 0.089564 0.188777 0.000010 0.000010 0.000010 0.000010 0.557721 0.000010
0.263492 0.088915 0.107067 0.034487 0.000010 0.000010 0.012705 0.493303 0.000010
0.266585 0.133386 0.168384 0.007232 0.024194 0.000010 0.053089 0.347109 0.000010
0.384983 0.000010 0.000010 0.000010 0.000010 0.000010 0.073054 0.497674 0.044239
0.315828 0.000010 0.141200 0.000010 0.057868 0.008945 0.000010 0.476119 0.000010
0.215270 0.000010 0.117186 0.000010 0.082947 0.000010 0.122336 0.462220 0.000010
0.110699 0.000010 0.032607 0.125244 0.070596 0.000010 0.181932 0.435154 0.043749
0.115389 0.000010 0.192273 0.000010 0.255731 0.000010 0.095623 0.340944 0.000010
0.003056 0.099519 0.041412 0.253359 0.000010 0.071093 0.065132 0.399328 0.067091
0.239861 0.071815 0.000010 0.184796 0.048876 0.000010 0.017374 0.437248 0.000010
0.116039 0.001077 0.077819 0.000010 0.000010 0.016656 0.146093 0.642286 0.000010
0.071435 0.029897 0.000010 0.239719 0.131448 0.003815 0.067439 0.407445 0.048792
0.234758 0.083537 0.047935 0.116095 0.000010 0.000010 0.134602 0.383043 0.000010
0.028663 0.077218 0.000010 0.120151 0.188254 0.027793 0.183219 0.351195 0.023496
0.021465 0.148360 0.050422 0.104017 0.063050 0.000010 0.000010 0.612656 0.000010
0.221396 0.088754 0.159191 0.000010 0.000010 0.000010 0.121680 0.311039 0.097910
0.229580 0.041966 0.027106 0.253057 0.000010 0.004139 0.095548 0.348584 0.000010
0.191274 0.000010 0.000010 0.051141 0.000010 0.000010 0.173235 0.584300 0.000010
0.115029 0.000010 0.045974 0.066160 0.011529 0.000010 0.307744 0.452563 0.000981
0.256092 0.000010 0.015960 0.073101 0.131637 0.000010 0.143394 0.379785 0.000010
0.252614 0.049871 0.000010 0.114359 0.072667 0.000010 0.078586 0.423139 0.008743
0.027181 0.000010 0.032228 0.291110 0.000010 0.000010 0.060294 0.559122 0.030035
0.000010 0.022040 0.000010 0.000010 0.029830 0.000010 0.296949 0.651131 0.000010
0.323724 0.017185 0.169796 0.000010 0.057653 0.000010 0.067385 0.364228 0.000010
0.046287 0.165618 0.091247 0.171583 0.000010 0.000010 0.034626 0.490609 0.000010
0.171157 0.024834 0.000010 0.241348 0.000010 0.000010 0.072960 0.373329 0.116343
0.108024 0.000010 0.040001 0.080564 0.000010 0.166272 0.000010 0.584896 0.020213
0.250078 0.000010 0.138314 0.051243 0.000010 0.035291 0.000010 0.525034 0.000010
0.208509 0.000010 0.055691 0.000010 0.021357 0.003741 0.000010 0.591249 0.119423
0.069802 0.031217 0.000010 0.359911 0.023824 0.000010 0.150495 0.319725 0.045006
0.101753 0.156900 0.448001 0.000010 0.000010 0.045409 0.145797 0.102111 0.000010
0.000010 0.000010 0.000010 0.000010 0.000010 0.547719 0.000010 0.000010 0.452211
0.000010 0.000010 0.000010 0.000010 0.007450 0.583952 0.000010 0.000010 0.408538
0.000010 0.000010 0.002045 0.000010 0.019728 0.436538 0.000010 0.000010 0.541639
0.051970 0.000010 0.000010 0.000010 0.000010 0.343983 0.000010 0.030500 0.573498
0.000010 0.000010 0.066141 0.000010 0.000010 0.495892 0.000010 0.000010 0.437907
0.000010 0.000010 0.000010 0.032471 0.000010 0.382639 0.004924 0.000010 0.579916
0.000010 0.000010 0.000010 0.000010 0.032769 0.614333 0.030477 0.000010 0.322371
0.000010 0.000010 0.000010 0.000200 0.003108 0.417820 0.000010 0.000010 0.578822
0.000010 0.000010 0.000010 0.000010 0.000010 0.542072 0.000010 0.000358 0.457510
0.000010 0.000010 0.000010 0.000010 0.013548 0.434408 0.056275 0.020281 0.475448
0.000010 0.032990 0.000010 0.000010 0.000010 0.187325 0.000010 0.000010 0.779625
0.000010 0.030068 0.000010 0.000010 0.000010 0.412925 0.000010 0.000010 0.556947
0.017406 0.000010 0.000010 0.000010 0.000010 0.393145 0.000010 0.000010 0.589389
0.000010 0.000010 0.000010 0.000010 0.000010 0.616681 0.000010 0.000010 0.383249
0.000010 0.000010 0.000010 0.000010 0.000010 0.319420 0.000010 0.000010 0.680510
0.000010 0.010243 0.000010 0.000010 0.000010 0.476248 0.000010 0.000010 0.513449
0.000010 0.003596 0.000010 0.021313 0.065207 0.327279 0.038644 0.000010 0.543931
0.017454 0.000010 0.021211 0.000010 0.000010 0.582831 0.000010 0.000010 0.378454
0.000010 0.032802 0.000431 0.000010 0.000010 0.382396 0.000010 0.000010 0.584321
0.030301 0.000010 0.000010 0.000010 0.000010 0.548637 0.000010 0.000010 0.421002
0.000010 0.001974 0.000010 0.000010 0.000010 0.339695 0.000010 0.000010 0.658272
0.000010 0.000010 0.000010 0.000010 0.000010 0.620091 0.000010 0.000010 0.379839
0.000015 0.000010 0.000010 0.000010 0.000010 0.524627 0.000010 0.002994 0.472314
0.000010 0.000010 0.000010 0.000010 0.000010 0.585672 0.000010 0.000010 0.414258
0.000010 0.000010 0.000010 0.000010 0.000010 0.305264 0.014410 0.000010 0.680267
0.000010 0.000010 0.000010 0.000010 0.000010 0.644244 0.000010 0.000010 0.355686
0.007325 0.000010 0.000010 0.000010 0.000010 0.616079 0.017993 0.000010 0.358552
0.000010 0.000010 0.000010 0.000010 0.000010 0.183979 0.000010 0.000010 0.815951
0.000010 0.000010 0.095196 0.000010 0.805000 0.000010 0.099745 0.000010 0.000010
0.497096 0.000010 0.000010 0.427141 0.000010 0.000010 0.000010 0.075703 0.000010
0.202334 0.000010 0.165932 0.191873 0.009467 0.026818 0.044441 0.357224 0.001900
0.483494 0.000010 0.065101 0.194322 0.024820 0.000010 0.000010 0.232223 0.000010
0.092759 0.000010 0.123359 0.589527 0.000010 0.000010 0.000010 0.194305 0.000010
0.342280 0.000010 0.000010 0.442168 0.000010 0.000010 0.000010 0.215491 0.000010
0.481951 0.000010 0.000010 0.218799 0.000010 0.000010 0.000010 0.299190 0.000010
0.376614 0.022089 0.061650 0.280045 0.000010 0.000010 0.000010 0.259562 0.000010
0.556729 0.000010 0.052933 0.194628 0.037717 0.000010 0.000010 0.157954 0.000010
0.209180 0.168878 0.128124 0.493768 0.000010 0.000010 0.000010 0.000010 0.000010
0.508982 0.000010 0.000010 0.192713 0.000010 0.000010 0.120764 0.177490 0.000010
0.457606 0.000010 0.000010 0.376879 0.000010 0.008137 0.000010 0.157328 0.000010
0.464682 0.000010 0.000010 0.361331 0.000010 0.000010 0.000010 0.173927 0.000010
0.189385 0.052876 0.023535 0.216514 0.159348 0.049560 0.062489 0.246284 0.000010
0.391066 0.000010 0.134148 0.239820 0.000010 0.000010 0.000010 0.234917 0.000010
0.412706 0.102969 0.000010 0.416939 0.042960 0.000010 0.000010 0.024386 0.000010
0.464173 0.000010 0.036715 0.319411 0.001745 0.000010 0.000010 0.177916 0.000010
0.454145 0.000010 0.000010 0.363340 0.039192 0.000010 0.091641 0.051641 0.000010
0.403518 0.000010 0.000010 0.330107 0.031040 0.002763 0.000010 0.232532 0.000010
0.344347 0.146571 0.107369 0.401664 0.000010 0.000010 0.000010 0.000010 0.000010
0.310048 0.000010 0.000010 0.604894 0.000010 0.016722 0.000010 0.068287 0.000010
0.747604 0.000010 0.000010 0.000010 0.056156 0.000010 0.000010 0.196180 0.000010
0.254560 0.000010 0.022258 0.110610 0.000010 0.000010 0.170770 0.441762 0.000010
0.516090 0.000010 0.000010 0.274118 0.111488 0.000010 0.000010 0.098254 0.000010
0.446737 0.028320 0.000010 0.217904 0.000010 0.000010 0.069011 0.237988 0.000010
0.367859 0.002653 0.000010 0.475985 0.000010 0.000010 0.000010 0.153453 0.000010
0.498795 0.000010 0.000010 0.306238 0.000010 0.032834 0.000010 0.162083 0.000010
0.435881 0.043681 0.000010 0.247951 0.000010 0.000010 0.085115 0.187332 0.000010
0.208977 0.034589 0.105363 0.555039 0.000010 0.000010 0.000010 0.075992 0.020009
0.000010 0.000010 0.000010 0.000010 0.859318 0.000010 0.091656 0.048966 0.000010
0.000010 0.000010 0.026595 0.000010 0.967312 0.000010 0.000010 0.006033 0.000010
0.000010 0.000010 0.000010 0.000010 0.931194 0.000010 0.055168 0.013578 0.000010
0.000010 0.007134 0.000010 0.000010 0.990318 0.000010 0.000010 0.002487 0.000010
0.000010 0.000010 0.000010 0.000010 0.976444 0.000010 0.023486 0.000010 0.000010
0.000010 0.000010 0.000010 0.000010 0.855891 0.017390 0.126659 0.000010 0.000010
0.000010 0.000010 0.000010 0.000010 0.918088 0.000010 0.081842 0.000010 0.000010
0.000010 0.000010 0.096293 0.000010 0.903637 0.000010 0.000010 0.000010 0.000010
0.000010 0.025411 0.000017 0.000010 0.934936 0.000010 0.039586 0.000010 0.000010
0.000010 0.000010 0.000010 0.000010 0.914422 0.000010 0.085508 0.000010 0.000010
0.000010 0.000010 0.000010 0.000010 0.792865 0.000010 0.207065 0.000010 0.000010
0.000010 0.000010 0.000010 0.000010 0.827061 0.027662 0.145217 0.000010 0.000010
0.000010 0.000010 0.000010 0.000010 0.999920 0.000010 0.000010 0.000010 0.000010
0.000010 0.000010 0.000010 0.000010 0.999920 0.000010 0.000010 0.000010 0.000010
0.000010 0.000010 0.046817 0.000010 0.936735 0.016388 0.000010 0.000010 0.000010
0.000010 0.000010 0.000010 0.000010 0.966197 0.013744 0.000010 0.000010 0.019998
0.000010 0.000010 0.007716 0.000010 0.953143 0.000010 0.039081 0.000010 0.000010
0.407269 0.000010 0.000010 0.239215 0.000010 0.000010 0.000010 0.353456 0.000010
0.507911 0.029649 0.000010 0.123260 0.000010 0.012344 0.000010 0.286947 0.039858
0.489369 0.000010 0.010936 0.189703 0.000010 0.000010 0.000010 0.309942 0.000010
0.471858 0.000010 0.145758 0.000010 0.000010 0.000010 0.023360 0.358974 0.000010
0.423396 0.008376 0.060698 0.249406 0.000010 0.000010 0.000010 0.258084 0.000010
0.645162 0.191654 0.076783 0.000010 0.000010 0.000010 0.000010 0.086350 0.000010
0.448660 0.000010 0.000010 0.054867 0.091672 0.000010 0.000010 0.404751 0.000010
0.429902 0.000010 0.000010 0.029149 0.000010 0.000010 0.000010 0.540889 0.000010
0.548170 0.000010 0.000010 0.068900 0.000010 0.000010 0.000010 0.382870 0.000010
0.660934 0.000010 0.000010 0.000010 0.000010 0.000010 0.046792 0.209215 0.083009
0.388451 0.000010 0.072423 0.154236 0.000010 0.000010 0.000010 0.384841 0.000010
0.527390 0.000010 0.065901 0.000010 0.000010 0.000010 0.000010 0.406649 0.000010
0.423115 0.000010 0.012691 0.310352 0.000010 0.000010 0.000010 0.201669 0.052134
0.594597 0.000010 0.042430 0.000010 0.000010 0.019597 0.000010 0.343325 0.000010
0.510477 0.000010 0.000010 0.003307 0.064493 0.000010 0.000010 0.421674 0.000010
0.471237 0.000010 0.000010 0.287024 0.000010 0.000010 0.000010 0.241679 0.000010
0.513483 0.075687 0.000010 0.000010 0.000010 0.000010 0.000010 0.324592 0.086188
0.512898 0.000010 0.015257 0.198088 0.000010 0.000010 0.000010 0.273708 0.000010
0.492053 0.000010 0.043246 0.206290 0.000010 0.000010 0.000010 0.234335 0.024036
0.497741 0.004005 0.000010 0.229153 0.000010 0.000010 0.000010 0.261214 0.007847
0.500467 0.020013 0.000010 0.182445 0.000010 0.000010 0.000010 0.297025 0.000010
0.454377 0.000010 0.170033 0.102617 0.080242 0.000010 0.000010 0.192692 0.000010
0.563850 0.000010 0.000010 0.138627 0.000010 0.035614 0.000010 0.261859 0.000010
0.383111 0.072414 0.009972 0.226831 0.000010 0.026363 0.000010 0.281279 0.000010
0.556190 0.000010 0.000010 0.101221 0.053531 0.000010 0.000010 0.289008 0.000010
0.388672 0.002274 0.039394 0.000010 0.000010 0.112885 0.056926 0.379338 0.020491
0.333928 0.000010 0.125697 0.228874 0.001985 0.051911 0.000010 0.257576 0.000010
0.234177 0.030065 0.000010 0.263150 0.035199 0.040159 0.111311 0.275338 0.010591
0.493054 0.000010 0.000010 0.143873 0.000010 0.000010 0.071805 0.291217 0.000010
0.525860 0.000010 0.000010 0.247757 0.000010 0.000010 0.000010 0.226322 0.000010
0.564426 0.000010 0.026062 0.066973 0.000010 0.007331 0.000010 0.335167 0.000010
0.448033 0.000010 0.000010 0.209609 0.000010 0.000010 0.000010 0.333409 0.008899
0.693562 0.130307 0.000010 0.032800 0.000010 0.000010 0.000010 0.143281 0.000010
0.528168 0.076424 0.000010 0.167462 0.000010 0.019911 0.000010 0.180990 0.027014
0.486214 0.000010 0.000010 0.027552 0.000010 0.037572 0.000010 0.448612 0.000010
0.541589 0.032058 0.045519 0.000010 0.000010 0.000010 0.000010 0.310606 0.070188
0.576485 0.000010 0.000010 0.144070 0.000010 0.000010 0.000010 0.279386 0.000010
0.599033 0.000010 0.000010 0.138209 0.000010 0.000010 0.000010 0.262697 0.000010
0.253288 0.000010 0.055311 0.243973 0.000010 0.000010 0.210905 0.236483 0.000010
0.637400 0.000010 0.034755 0.127180 0.000010 0.000010 0.000010 0.136403 0.064221
0.494092 0.000010 0.000010 0.043076 0.000010 0.095670 0.075020 0.288048 0.004064
0.498718 0.000010 0.000010 0.325291 0.000010 0.000010 0.000010 0.175931 0.000010
0.614942 0.000010 0.041527 0.187284 0.000010 0.000010 0.000010 0.118809 0.037399
0.777166 0.038115 0.067968 0.000010 0.000010 0.000010 0.000010 0.035016 0.081694
0.371023 0.096448 0.000010 0.102853 0.002294 0.000010 0.000010 0.166225 0.261127
0.442551 0.022638 0.068867 0.000010 0.000010 0.000010 0.000010 0.376897 0.089007
0.681019 0.089781 0.000010 0.000010 0.018176 0.000010 0.000010 0.210973 0.000010
0.613841 0.000010 0.000010 0.000010 0.000010 0.000010 0.000010 0.368573 0.017526
0.329623 0.000010 0.172211 0.180460 0.000010 0.000010 0.000010 0.274635 0.043031
0.156066 0.079570 0.027161 0.335205 0.033528 0.045209 0.000010 0.246762 0.076489
0.752568 0.000010 0.059909 0.160259 0.009096 0.000010 0.000010 0.018128 0.000010
0.301229 0.074934 0.000010 0.158722 0.000010 0.000010 0.000010 0.125153 0.339921
0.649210 0.000010 0.000010 0.000010 0.000010 0.000010 0.000010 0.325232 0.025498
0.711522 0.000010 0.000010 0.056570 0.000010 0.000010 0.000010 0.231848 0.000010
0.401136 0.000010 0.070432 0.219429 0.000010 0.000010 0.000010 0.302437 0.006526
0.000010 0.000010 0.049744 0.000010 0.000010 0.115666 0.003429 0.020621 0.810501
0.756917 0.004175 0.098286 0.000010 0.140573 0.000010 0.000010 0.000010 0.000010
0.651564 0.001846 0.000010 0.039458 0.124117 0.025927 0.000010 0.157058 0.000010
0.647171 0.000010 0.000010 0.119339 0.000010 0.000010 0.000010 0.233430 0.000010
0.631964 0.000010 0.000010 0.062137 0.000010 0.000010 0.103433 0.202416 0.000010
0.604049 0.000010 0.009195 0.189259 0.000010 0.043685 0.000010 0.153773 0.000010
0.646712 0.062443 0.000010 0.000010 0.000010 0.000010 0.000010 0.095278 0.195517
0.353766 0.000010 0.120166 0.328332 0.111974 0.000010 0.000010 0.085723 0.000010
0.702758 0.116113 0.000010 0.053041 0.000010 0.051776 0.000010 0.076272 0.000010
0.375722 0.030184 0.000010 0.237656 0.028754 0.000010 0.000010 0.327644 0.000010
0.550031 0.000010 0.253770 0.000010 0.000010 0.000010 0.000010 0.061637 0.134512
0.676346 0.034371 0.000010 0.111679 0.020601 0.000010 0.000010 0.003192 0.153781
0.239864 0.090117 0.000010 0.063888 0.000010 0.031811 0.000010 0.122748 0.451542
0.653318 0.127337 0.000010 0.085072 0.000010 0.048431 0.002219 0.083593 0.000010
0.572096 0.094699 0.014444 0.031219 0.000010 0.000010 0.000010 0.287501 0.000010
0.807812 0.000010 0.047835 0.000010 0.000010 0.000010 0.000010 0.076867 0.067436
0.455328 0.041116 0.066546 0.410091 0.000010 0.026878 0.000010 0.000010 0.000010
0.461161 0.000010 0.000010 0.084060 0.000010 0.000010 0.000010 0.363677 0.091052
0.266766 0.000010 0.000010 0.197603 0.141279 0.000010 0.000010 0.145419 0.248892
0.592536 0.034090 0.109100 0.022456 0.000010 0.000010 0.000010 0.195180 0.046608
0.719754 0.000010 0.000050 0.000010 0.000010 0.009858 0.000010 0.270288 0.000010
0.573077 0.165653 0.000010 0.076379 0.000010 0.000010 0.000010 0.171124 0.013728
0.689467 0.000010 0.000010 0.042550 0.000010 0.053994 0.037851 0.176098 0.000010
0.720585 0.058079 0.000010 0.042664 0.000010 0.003511 0.000010 0.159297 0.015833
0.591104 0.000010 0.000010 0.190006 0.124062 0.042296 0.000010 0.000010 0.052492
0.454142 0.000010 0.000010 0.170197 0.079329 0.000010 0.000010 0.184452 0.111840
0.545573 0.000010 0.000010 0.085416 0.000010 0.071537 0.000010 0.232234 0.065201
0.616789 0.000010 0.000010 0.000010 0.000010 0.000010 0.000010 0.307370 0.075781
0.523050 0.099756 0.054489 0.069114 0.002418 0.000010 0.033078 0.125150 0.092935
0.632811 0.000010 0.000010 0.054449 0.000010 0.000010 0.000010 0.292998 0.019692
0.426341 0.000010 0.000010 0.174652 0.000010 0.000010 0.000010 0.226163 0.172794
0.233095 0.131853 0.012820 0.309082 0.000010 0.000010 0.026455 0.248920 0.037755
0.000010 0.086187 0.094917 0.000010 0.590778 0.000833 0.194671 0.032585 0.000010
0.000010 0.000010 0.229691 0.000010 0.640927 0.000010 0.129322 0.000010 0.000010
0.000010 0.092283 0.012224 0.000010 0.779821 0.000010 0.115623 0.000010 0.000010
0.000010 0.031750 0.124292 0.000010 0.747869 0.000010 0.055026 0.041023 0.000010
0.000010 0.009951 0.029562 0.022830 0.781798 0.000010 0.078288 0.030530 0.047022
0.000010 0.000010 0.000010 0.046219 0.848923 0.000010 0.104798 0.000010 0.000010
0.000010 0.000010 0.093976 0.015535 0.753242 0.000010 0.000010 0.121698 0.015509
0.833177 0.000010 0.046995 0.073348 0.000010 0.000010 0.000010 0.046430 0.000010
0.600920 0.000010 0.074548 0.207229 0.032373 0.000010 0.000010 0.036094 0.048807
0.372155 0.000010 0.000010 0.399723 0.166280 0.000010 0.000010 0.061792 0.000010
0.478613 0.000010 0.000010 0.310828 0.174559 0.000010 0.000010 0.035951 0.000010
0.237506 0.000010 0.013665 0.438480 0.091652 0.036615 0.040492 0.141570 0.000010
0.486729 0.000010 0.184090 0.215641 0.000010 0.000010 0.000010 0.113489 0.000010
0.647931 0.000010 0.000010 0.321951 0.000010 0.000010 0.000010 0.030058 0.000010
0.578340 0.000010 0.000010 0.323813 0.000010 0.000010 0.000010 0.097787 0.000010
0.580727 0.000010 0.000010 0.203402 0.145360 0.014226 0.000010 0.056245 0.000010
0.604887 0.000010 0.000010 0.248555 0.000010 0.000010 0.000010 0.146498 0.000010
0.541262 0.089332 0.000010 0.018062 0.000010 0.000010 0.000010 0.351294 0.000010
0.622366 0.000010 0.000010 0.138453 0.000010 0.006763 0.000010 0.180561 0.051816
0.730234 0.000010 0.000010 0.011860 0.027083 0.000010 0.000010 0.230774 0.000010
0.507240 0.056438 0.000010 0.098197 0.014411 0.000010 0.000010 0.323674 0.000010
0.642512 0.079804 0.051486 0.000010 0.000010 0.000010 0.000010 0.226148 0.000010
0.624924 0.000010 0.092012 0.000010 0.058030 0.000010 0.000010 0.224984 0.000010
0.553570 0.000010 0.049850 0.243864 0.000010 0.006193 0.000010 0.146483 0.000010
0.382702 0.000010 0.000010 0.060233 0.000010 0.000010 0.000010 0.357106 0.199909
0.616734 0.000010 0.000010 0.197668 0.000010 0.000010 0.000010 0.185538 0.000010
0.560439 0.000010 0.000010 0.028046 0.070843 0.077222 0.000010 0.263411 0.000010
0.752003 0.000010 0.000010 0.036047 0.000010 0.000010 0.048023 0.088894 0.074993
0.354082 0.000010 0.000010 0.237723 0.000010 0.000010 0.080767 0.327378 0.000010
0.701445 0.063257 0.019462 0.000010 0.116377 0.000010 0.000010 0.030619 0.068810
0.682030 0.013692 0.000010 0.000010 0.010943 0.000010 0.030151 0.263144 0.000010
0.589765 0.000010 0.000010 0.000010 0.037546 0.000010 0.039222 0.333417 0.000010
0.509597 0.000010 0.003954 0.000010 0.000010 0.108043 0.062155 0.232402 0.083818
0.258771 0.030694 0.000010 0.039350 0.038089 0.025061 0.012448 0.310745 0.284831
0.569226 0.000010 0.000010 0.165172 0.000010 0.000010 0.000010 0.265542 0.000010
0.668689 0.010846 0.000010 0.000010 0.000010 0.016881 0.000010 0.303534 0.000010
0.690530 0.000010 0.000010 0.000010 0.038421 0.000010 0.000010 0.180216 0.090783
0.586605 0.000010 0.048121 0.010009 0.000010 0.000010 0.000010 0.234778 0.120448
0.585651 0.000010 0.053674 0.000010 0.000010 0.000010 0.000010 0.294286 0.066340
0.740240 0.000010 0.000010 0.052349 0.000010 0.000010 0.000010 0.127034 0.080327
0.499561 0.054722 0.000010 0.000010 0.000010 0.117568 0.047553 0.167280 0.113286
0.572773 0.049818 0.000010 0.034838 0.000010 0.000010 0.000010 0.283891 0.058640
0.000010 0.730621 0.000010 0.048895 0.000010 0.000010 0.083937 0.136496 0.000010
0.000010 0.727809 0.191169 0.000010 0.000010 0.002263 0.051979 0.026739 0.000010
0.000010 0.888903 0.110704 0.000010 0.000010 0.000010 0.000332 0.000010 0.000010
0.000010 0.793638 0.000010 0.000010 0.005485 0.000010 0.164882 0.000010 0.035945
0.000010 0.000010 0.276997 0.000010 0.131029 0.000010 0.532295 0.055071 0.004568
0.000010 0.054681 0.690675 0.000010 0.000010 0.000010 0.229962 0.024632 0.000010
0.000010 0.124812 0.164305 0.000010 0.032851 0.000010 0.378680 0.246552 0.052770
0.000010 0.094655 0.608651 0.000010 0.066683 0.000010 0.229961 0.000010 0.000010
0.124668 0.000010 0.525368 0.000010 0.071709 0.000010 0.191749 0.000010 0.086467
0.075540 0.166615 0.329453 0.000010 0.007459 0.000010 0.344655 0.000010 0.076248
0.076840 0.000010 0.611017 0.078922 0.000010 0.000010 0.233172 0.000010 0.000010
0.133762 0.000010 0.433159 0.041018 0.076226 0.000010 0.315795 0.000010 0.000010
0.038344 0.017124 0.364255 0.009072 0.113874 0.000010 0.370555 0.086756 0.000010
0.013625 0.000010 0.266954 0.000010 0.310470 0.000010 0.172468 0.236442 0.000010
0.403241 0.000010 0.000010 0.123970 0.000010 0.033810 0.123008 0.315931 0.000010
0.544281 0.000010 0.000010 0.299945 0.044500 0.000010 0.000010 0.111225 0.000010
0.539935 0.000010 0.000010 0.170980 0.070287 0.000010 0.000010 0.218748 0.000010
0.725907 0.006211 0.034033 0.000010 0.000010 0.000010 0.000010 0.233799 0.000010
0.573073 0.000010 0.000010 0.000010 0.050667 0.000010 0.000010 0.317723 0.058487
0.371009 0.000010 0.000010 0.346116 0.069737 0.000010 0.000010 0.158437 0.054661
0.534696 0.046562 0.000010 0.143929 0.000010 0.000010 0.000010 0.274763 0.000010
0.556474 0.139566 0.000010 0.000010 0.000010 0.031463 0.034204 0.173102 0.065162
0.311007 0.000010 0.103512 0.112483 0.023432 0.010189 0.024638 0.254953 0.159776
0.743122 0.000010 0.000010 0.000010 0.000010 0.000010 0.000010 0.256808 0.000010
0.714437 0.000010 0.000010 0.000010 0.052654 0.000010 0.000010 0.232850 0.000010
0.561269 0.045392 0.000010 0.021310 0.078855 0.000010 0.000010 0.293134 0.000010
0.545715 0.114026 0.000010 0.000010 0.000010 0.000010 0.000010 0.140698 0.199512
0.588733 0.141552 0.000010 0.049786 0.000010 0.000010 0.044527 0.175363 0.000010
0.711535 0.000010 0.000010 0.000010 0.000010 0.000010 0.013760 0.274646 0.000010
0.597865 0.015389 0.000010 0.055735 0.000010 0.190660 0.117158 0.008404 0.014770
0.710908 0.000010 0.000010 0.109439 0.000010 0.000010 0.000010 0.179593 0.000010
0.492506 0.000010 0.000010 0.168591 0.000010 0.000010 0.062986 0.275867 0.000010
0.431670 0.029534 0.000010 0.224299 0.078235 0.022953 0.042770 0.170519 0.000010
0.642044 0.002749 0.000010 0.060240 0.000010 0.000010 0.000010 0.294917 0.000010
0.588725 0.000010 0.043191 0.042405 0.000010 0.000010 0.000010 0.325630 0.000010
0.000010 0.000010 0.646505 0.001785 0.193359 0.000010 0.158300 0.000010 0.000010
0.000010 0.099837 0.672023 0.002782 0.000010 0.000010 0.225308 0.000010 0.000010
0.017416 0.213876 0.317009 0.000010 0.014466 0.000010 0.437193 0.000010 0.000010
0.000010 0.000010 0.673103 0.000010 0.000010 0.000010 0.326827 0.000010 0.000010
0.007216 0.270350 0.412231 0.000010 0.027582 0.016534 0.266057 0.000010 0.000010
0.000010 0.018492 0.630820 0.000010 0.000010 0.019871 0.316856 0.013921 0.000010
0.000010 0.100742 0.589780 0.000010 0.000010 0.000010 0.261592 0.047837 0.000010
0.025013 0.006485 0.818375 0.000010 0.044391 0.000010 0.105695 0.000010 0.000010
0.000010 0.031370 0.717688 0.000010 0.000010 0.000010 0.246026 0.004867 0.000010
0.000010 0.165776 0.671411 0.000010 0.016822 0.000010 0.145942 0.000010 0.000010
0.000010 0.000010 0.611872 0.000010 0.001909 0.000010 0.386158 0.000010 0.000010
0.000010 0.000010 0.644566 0.000010 0.106583 0.000010 0.204586 0.044215 0.000010
0.000010 0.000010 0.661911 0.000010 0.130153 0.031422 0.176464 0.000010 0.000010
0.000010 0.280397 0.502714 0.000010 0.000010 0.000010 0.216829 0.000010 0.000010
0.000010 0.038304 0.542979 0.000010 0.125940 0.041173 0.234935 0.016639 0.000010
0.000010 0.000010 0.562074 0.000010 0.018755 0.000010 0.419111 0.000010 0.000010
0.000010 0.067507 0.475641 0.056750 0.237138 0.000010 0.162923 0.000010 0.000010
0.077706 0.108197 0.504188 0.000010 0.050319 0.000010 0.259549 0.000010 0.000010
0.000010 0.113699 0.695398 0.000010 0.000010 0.000010 0.190844 0.000010 0.000010
0.000010 0.000010 0.645237 0.000010 0.000010 0.000010 0.326176 0.028527 0.000010
0.000010 0.000010 0.707788 0.000010 0.133739 0.000010 0.158413 0.000010 0.000010
0.000010 0.000010 0.788575 0.028923 0.000010 0.000010 0.182442 0.000010 0.000010
0.036209 0.003350 0.652495 0.000010 0.000010 0.005865 0.302042 0.000010 0.000010
0.000010 0.000010 0.845708 0.000010 0.000010 0.038427 0.115805 0.000010 0.000010
0.000010 0.000010 0.754654 0.000010 0.000010 0.000010 0.245276 0.000010 0.000010
0.000010 0.020975 0.653267 0.000010 0.148862 0.000010 0.167842 0.009013 0.000010
0.000010 0.000010 0.911179 0.000010 0.000010 0.000010 0.088751 0.000010 0.000010
0.024307 0.149600 0.671450 0.000010 0.000010 0.000010 0.154593 0.000010 0.000010
0.000010 0.089157 0.610655 0.000010 0.000010 0.000010 0.300129 0.000010 0.000010
0.000010 0.000010 0.684974 0.000010 0.000010 0.000010 0.314956 0.000010 0.000010
0.000010 0.181837 0.551452 0.005959 0.000010 0.000010 0.247011 0.000010 0.013701
0.007814 0.141953 0.489258 0.000010 0.008889 0.000010 0.306557 0.045499 0.000010
0.000010 0.000010 0.677080 0.000010 0.047931 0.012238 0.262701 0.000010 0.000010
0.018706 0.168312 0.503258 0.000010 0.000010 0.001002 0.308683 0.000010 0.000010
0.000010 0.141104 0.602752 0.000010 0.000010 0.000010 0.256084 0.000010 0.000010
0.000010 0.000010 0.727125 0.000010 0.000010 0.000010 0.272805 0.000010 0.000010
0.000010 0.000010 0.626105 0.000010 0.056905 0.000010 0.316930 0.000010 0.000010
0.000010 0.000010 0.599806 0.000010 0.012857 0.002199 0.385088 0.000010 0.000010
0.000010 0.112622 0.633723 0.021501 0.000010 0.073639 0.158474 0.000010 0.000010
0.000010 0.000010 0.070047 0.000010 0.878932 0.000010 0.050961 0.000010 0.000010
0.000010 0.000010 0.000010 0.000010 0.971161 0.000010 0.028769 0.000010 0.000010
0.000010 0.000010 0.657813 0.011683 0.043441 0.000010 0.287013 0.000010 0.000010
0.015091 0.083760 0.653556 0.000010 0.000010 0.058860 0.151590 0.037112 0.000010
0.256228 0.000010 0.000010 0.398114 0.130729 0.000010 0.000010 0.214879 0.000010
0.427600 0.002795 0.000010 0.544272 0.000010 0.000010 0.000010 0.000010 0.025284
0.275939 0.077231 0.000010 0.432296 0.000010 0.018338 0.000010 0.196156 0.000010
0.289929 0.000010 0.000010 0.384081 0.000010 0.000010 0.072278 0.253662 0.000010
0.292674 0.063253 0.000010 0.393946 0.000010 0.000010 0.000010 0.250077 0.000010
0.245040 0.021491 0.000010 0.612073 0.095722 0.025636 0.000010 0.000010 0.000010
0.376655 0.000010 0.055141 0.378136 0.000010 0.000010 0.065886 0.124141 0.000010
0.177787 0.117061 0.000010 0.317286 0.043524 0.000010 0.000010 0.344302 0.000010
0.119501 0.000010 0.032442 0.647264 0.000010 0.000010 0.015406 0.185347 0.000010
0.129253 0.000010 0.000010 0.512294 0.000010 0.000010 0.066418 0.291985 0.000010
0.240100 0.067953 0.034517 0.480523 0.005804 0.000010 0.000010 0.171073 0.000010
0.180252 0.060465 0.000010 0.534525 0.110993 0.000010 0.000010 0.113725 0.000010
0.404068 0.000010 0.000010 0.284794 0.000010 0.000010 0.000010 0.311077 0.000010
0.000010 0.000010 0.616562 0.000010 0.036223 0.000010 0.347155 0.000010 0.000010
0.029690 0.181473 0.577610 0.000010 0.000010 0.000010 0.211176 0.000010 0.000010
0.000010 0.227363 0.467195 0.000010 0.006991 0.000010 0.298400 0.000010 0.000010
0.000010 0.040936 0.647812 0.000010 0.000010 0.009122 0.289682 0.012408 0.000010
0.000010 0.107922 0.594490 0.000010 0.000010 0.003290 0.294247 0.000010 0.000010
0.000010 0.047758 0.629452 0.000010 0.083285 0.000010 0.239455 0.000010 0.000010
0.026635 0.113618 0.437310 0.000010 0.082982 0.033147 0.306278 0.000010 0.000010
0.000010 0.189526 0.530496 0.000010 0.028882 0.000010 0.251047 0.000010 0.000010
0.000010 0.260106 0.542541 0.000010 0.000010 0.000010 0.197293 0.000010 0.000010
0.000010 0.073682 0.778077 0.000010 0.000010 0.000010 0.148181 0.000010 0.000010
0.000010 0.000010 0.923642 0.000010 0.000010 0.000010 0.076288 0.000010 0.000010
0.072135 0.065024 0.465262 0.029933 0.000010 0.004246 0.363369 0.000010 0.000010
