0.213367 0.019888 0.000010 0.213550 0.034619 0.000010 0.000010 0.518536 0.000010
0.234760 0.000010 0.000010 0.005473 0.000010 0.000010 0.136319 0.623398 0.000010
0.195348 0.000010 0.000010 0.086328 0.047943 0.105226 0.117315 0.447810 0.000010
0.513215 0.000010 0.000010 0.000010 0.000010 0.114653 0.042417 0.323692 0.005983
0.163899 0.000010 0.000010 0.000010 0.000010 0.000010 0.116361 0.690224 0.029466
0.109903 0.046824 0.094828 0.034122 0.000010 0.039442 0.162298 0.373085 0.139487
0.313081 0.000010 0.000010 0.000010 0.000010 0.000010 0.110727 0.565004 0.011137
0.277780 0.000010 0.065179 0.109995 0.005423 0.000010 0.088713 0.452880 0.000010
0.238180 0.000010 0.044795 0.000010 0.000010 0.000010 0.168413 0.548562 0.000010
0.168021 0.000010 0.000010 0.277764 0.000010 0.046591 0.026360 0.434404 0.046829
0.084379 0.020889 0.000010 0.254109 0.000010 0.036904 0.037568 0.566121 0.000010
0.342253 0.000010 0.035130 0.000010 0.000010 0.074996 0.136467 0.411114 0.000010
0.299343 0.033480 0.000010 0.156775 0.000010 0.000010 0.226948 0.283414 0.000010
0.451751 0.046323 0.000010 0.012355 0.000010 0.000010 0.005229 0.484302 0.000010
0.367583 0.000010 0.000010 0.049673 0.227469 0.055115 0.075864 0.224266 0.000010
0.482981 0.000010 0.052938 0.054697 0.000010 0.000010 0.050216 0.359128 0.000010
0.252248 0.035159 0.002923 0.000010 0.000010 0.000010 0.096616 0.564391 0.048632
0.259277 0.000010 0.000010 0.080177 0.012393 0.009456 0.216592 0.422076 0.000010
0.027739 0.000010 0.083906 0.070723 0.082229 0.000010 0.194280 0.541094 0.000010
0.283199 0.000010 0.109498 0.095794 0.056736 0.024641 0.131768 0.298343 0.000010
0.194446 0.087997 0.000010 0.216412 0.021342 0.117000 0.162149 0.200635 0.000010
0.092720 0.000010 0.000010 0.173404 0.193211 0.000010 0.139076 0.401550 0.000010
0.350556 0.000010 0.000010 0.173935 0.006480 0.019555 0.000010 0.299941 0.149503
0.350842 0.061410 0.000010 0.130289 0.000010 0.000010 0.113537 0.343881 0.000010
0.339909 0.000010 0.000010 0.058621 0.000010 0.000010 0.094866 0.506554 0.000010
0.454375 0.038263 0.000010 0.000011 0.000010 0.000010 0.049777 0.457535 0.000010
0.264535 0.038073 0.000010 0.000010 0.158180 0.002347 0.146571 0.390264 0.000010
0.436415 0.048786 0.004378 0.076317 0.000010 0.067576 0.000010 0.366498 0.000010
0.258226 0.000010 0.000010 0.000010 0.000010 0.061016 0.203892 0.476816 0.000010
0.216432 0.000010 0.048687 0.096969 0.036217 0.023938 0.187455 0.388500 0.001793
0.167763 0.044576 0.000010 0.096565 0.008724 0.008716 0.035315 0.288894 0.349437
0.424744 0.000010 0.000010 0.000010 0.000010 0.000010 0.170526 0.373631 0.031050
0.291643 0.000010 0.000010 0.009731 0.037715 0.000010 0.226375 0.434496 0.000010
0.515326 0.005726 0.042344 0.107070 0.001442 0.000010 0.045645 0.282428 0.000010
0.015336 0.076782 0.000010 0.135133 0.072131 0.000010 0.301350 0.374394 0.024853
0.511497 0.088339 0.000010 0.035246 0.000010 0.000010 0.039059 0.325819 0.000010
0.469626 0.130426 0.000010 0.000010 0.000010 0.000010 0.127041 0.272857 0.000010
0.434453 0.000010 0.067462 0.094547 0.068048 0.000010 0.000010 0.251701 0.083758
0.345793 0.000010 0.000010 0.131016 0.167847 0.000010 0.000010 0.355294 0.000010
0.197901 0.095078 0.014600 0.136144 0.069506 0.041501 0.000014 0.445246 0.000010
0.174434 0.000010 0.018889 0.184161 0.000010 0.000010 0.046407 0.576069 0.000010
0.173200 0.000010 0.000010 0.034324 0.055661 0.000010 0.108570 0.628205 0.000010
0.379500 0.093212 0.000010 0.171960 0.042371 0.000010 0.146524 0.166403 0.000010
0.219354 0.000011 0.000010 0.175056 0.069410 0.020573 0.031489 0.466501 0.017596
0.026455 0.000010 0.000010 0.277789 0.000010 0.000010 0.200209 0.495497 0.000010
0.251252 0.000010 0.024500 0.278457 0.000010 0.000010 0.106862 0.338889 0.000010
0.169154 0.000010 0.000010 0.277029 0.000010 0.006842 0.000010 0.435562 0.111372
0.404471 0.000010 0.000010 0.185130 0.000010 0.000010 0.000010 0.385588 0.024761
0.180145 0.196920 0.146553 0.003822 0.104250 0.000010 0.148792 0.219496 0.000010
0.106386 0.029029 0.356175 0.142018 0.047748 0.000010 0.000010 0.318613 0.000010
0.078244 0.000010 0.363353 0.140416 0.062881 0.019742 0.108973 0.217087 0.009294
0.119249 0.054724 0.213101 0.124219 0.132415 0.004538 0.181577 0.170166 0.000010
0.164715 0.120544 0.130605 0.232865 0.000010 0.067700 0.000183 0.205732 0.077644
0.000011 0.076388 0.194989 0.146171 0.000010 0.000010 0.199474 0.310410 0.072537
0.458975 0.000010 0.121086 0.123698 0.031266 0.000010 0.058920 0.206025 0.000010
0.226557 0.067842 0.417842 0.057229 0.000010 0.000010 0.074076 0.156424 0.000010
0.504477 0.050784 0.136372 0.000010 0.000010 0.000010 0.073833 0.234495 0.000010
0.168849 0.000010 0.089387 0.037330 0.000010 0.000010 0.262391 0.442002 0.000010
0.129454 0.125969 0.356031 0.123637 0.098565 0.000010 0.000011 0.166313 0.000010
0.022192 0.112864 0.250827 0.183175 0.046660 0.009671 0.201952 0.172649 0.000010
0.259705 0.026247 0.368124 0.037827 0.000010 0.000010 0.204388 0.103679 0.000010
0.168596 0.053329 0.382972 0.144510 0.000010 0.000010 0.087279 0.116229 0.047065
0.314135 0.086937 0.000010 0.014873 0.000010 0.016522 0.255288 0.312215 0.000010
0.330313 0.000010 0.500911 0.000010 0.000010 0.000010 0.010575 0.158151 0.000010
0.281757 0.000010 0.000010 0.000010 0.024344 0.000010 0.283992 0.409857 0.000010
0.260879 0.000010 0.000013 0.000010 0.029917 0.000010 0.233911 0.475239 0.000010
0.107008 0.038844 0.300239 0.123288 0.124326 0.000010 0.070955 0.235320 0.000010
0.179399 0.101162 0.280480 0.000010 0.000010 0.000010 0.179457 0.259461 0.000010
0.162060 0.181847 0.200936 0.293366 0.000010 0.000010 0.000011 0.161750 0.000010
0.079097 0.018015 0.437981 0.229014 0.000010 0.000010 0.051640 0.184222 0.000010
0.142643 0.135070 0.000010 0.199828 0.062241 0.000010 0.131207 0.328981 0.000010
0.331725 0.050108 0.124772 0.109824 0.000010 0.000010 0.037118 0.346423 0.000010
0.422211 0.000010 0.000010 0.009542 0.000010 0.000010 0.000010 0.499000 0.069197
0.300626 0.000010 0.000010 0.000010 0.000010 0.112445 0.219853 0.367026 0.000010
0.291140 0.048676 0.000010 0.164278 0.000010 0.000010 0.186778 0.309087 0.000010
0.315085 0.000010 0.216017 0.000010 0.072034 0.000010 0.110084 0.238336 0.048414
0.291611 0.018144 0.000010 0.039686 0.000010 0.000010 0.168393 0.437923 0.044213
0.408921 0.000010 0.011962 0.066305 0.000010 0.000010 0.145678 0.367094 0.000010
0.557625 0.000010 0.000011 0.000010 0.000010 0.000010 0.000013 0.442301 0.000010
0.425384 0.000010 0.000010 0.000010 0.000010 0.002574 0.035284 0.536707 0.000010
0.150166 0.000010 0.029430 0.189537 0.037037 0.000010 0.144505 0.449295 0.000010
0.233905 0.000010 0.000010 0.022634 0.000010 0.000010 0.238842 0.504569 0.000010
0.078923 0.096887 0.000010 0.000010 0.000010 0.000010 0.111193 0.510769 0.202188
0.274775 0.165261 0.000010 0.016671 0.000010 0.000010 0.078689 0.380837 0.083737
0.324133 0.009052 0.000010 0.023196 0.078847 0.000010 0.065146 0.499596 0.000010
0.133706 0.111469 0.073937 0.302778 0.017265 0.015390 0.000010 0.276469 0.068976
0.327879 0.040754 0.000010 0.008128 0.000010 0.000010 0.059309 0.454417 0.109484
0.409772 0.000010 0.000010 0.019451 0.000010 0.029497 0.103145 0.438095 0.000010
0.217122 0.092040 0.000010 0.021928 0.000010 0.000010 0.166498 0.427262 0.075119
0.343174 0.086240 0.000010 0.223624 0.000010 0.000010 0.000010 0.346911 0.000010
0.177864 0.043314 0.000010 0.137456 0.048640 0.000010 0.069802 0.522893 0.000010
0.239610 0.142894 0.000010 0.101158 0.078045 0.000010 0.001613 0.436649 0.000010
0.509241 0.000010 0.000010 0.140025 0.047976 0.000010 0.000010 0.302708 0.000010
0.351982 0.000010 0.000010 0.021111 0.000010 0.000010 0.083881 0.542976 0.000010
0.292307 0.000010 0.000010 0.139898 0.035577 0.056518 0.000010 0.475660 0.000010
0.188291 0.002442 0.000010 0.137360 0.108363 0.028630 0.241029 0.293445 0.000429
0.215224 0.000010 0.000010 0.102136 0.000010 0.037547 0.190648 0.454405 0.000010
0.115620 0.000010 0.000010 0.347026 0.063569 0.038789 0.000010 0.387027 0.047938
0.196817 0.008326 0.074792 0.059868 0.000010 0.000010 0.270409 0.375473 0.014295
0.165845 0.124307 0.101779 0.210925 0.055441 0.044360 0.000011 0.297321 0.000010
0.178227 0.012571 0.000011 0.000010 0.000010 0.000010 0.156317 0.652834 0.000010
0.232710 0.019082 0.000010 0.000010 0.000010 0.000010 0.047082 0.701076 0.000010
0.309023 0.112271 0.000010 0.060216 0.000010 0.023188 0.106408 0.388865 0.000010
0.206633 0.000010 0.000010 0.000010 0.008248 0.000010 0.141733 0.643336 0.000010
0.222650 0.152959 0.031798 0.000010 0.000010 0.000010 0.117163 0.475390 0.000010
0.157706 0.000010 0.000010 0.010726 0.119011 0.037301 0.259090 0.416136 0.000010
0.044869 0.026076 0.079726 0.319448 0.000010 0.000010 0.118738 0.383260 0.027863
0.308248 0.103708 0.000010 0.109421 0.000010 0.000010 0.000010 0.478573 0.000010
0.127706 0.000010 0.000010 0.259092 0.153522 0.000010 0.000010 0.459630 0.000010
0.000010 0.068568 0.000010 0.307018 0.000374 0.029913 0.198388 0.395710 0.000010
0.249418 0.107291 0.042747 0.228875 0.000010 0.008085 0.028165 0.335399 0.000010
0.263074 0.088572 0.000010 0.000010 0.000010 0.000010 0.090771 0.557533 0.000010
0.088941 0.257334 0.054182 0.141257 0.000010 0.000010 0.186466 0.271789 0.000010
0.406584 0.000010 0.000010 0.008453 0.000010 0.000010 0.000010 0.512791 0.072121
0.091234 0.000010 0.043353 0.058756 0.000010 0.000010 0.299472 0.507146 0.000010
0.304218 0.000010 0.000010 0.000016 0.004554 0.000010 0.218688 0.472484 0.000010
0.000010 0.010420 0.000010 0.140910 0.166500 0.000010 0.094108 0.588022 0.000010
0.277380 0.040413 0.000010 0.203996 0.000010 0.000010 0.000010 0.478162 0.000010
0.197050 0.161269 0.000010 0.000010 0.016228 0.000010 0.130120 0.495293 0.000010
0.294933 0.000010 0.000010 0.095058 0.000010 0.000010 0.210632 0.399328 0.000010
0.249921 0.043782 0.159742 0.133364 0.000010 0.000010 0.000011 0.413150 0.000010
0.177607 0.000010 0.000010 0.030840 0.000010 0.000010 0.071299 0.720204 0.000010
0.242237 0.000010 0.000010 0.146953 0.110895 0.000010 0.000010 0.499865 0.000010
0.311447 0.158358 0.044116 0.000010 0.059276 0.013812 0.078441 0.334530 0.000010
0.209959 0.038848 0.000010 0.163679 0.012487 0.000010 0.129455 0.445542 0.000010
0.268012 0.139551 0.000010 0.142400 0.000010 0.000010 0.063170 0.386827 0.000010
0.368753 0.092223 0.000010 0.019880 0.022533 0.000010 0.056947 0.439635 0.000010
0.229878 0.049009 0.009478 0.000010 0.000010 0.000010 0.212101 0.499493 0.000010
0.113694 0.000010 0.000010 0.080487 0.094296 0.000010 0.215107 0.496375 0.000010
0.521035 0.000010 0.020661 0.000010 0.000010 0.000010 0.082604 0.375650 0.000010
0.176677 0.017455 0.075277 0.061477 0.042390 0.000010 0.105398 0.521307 0.000010
0.221469 0.000010 0.000010 0.058830 0.057536 0.000010 0.208309 0.410060 0.043765
0.087214 0.068456 0.000010 0.156295 0.000010 0.000010 0.058581 0.629414 0.000010
0.241450 0.000010 0.017484 0.020209 0.108860 0.000010 0.052341 0.559625 0.000010
0.140225 0.000010 0.000010 0.238821 0.091768 0.000010 0.000010 0.504176 0.024970
0.256793 0.121734 0.000010 0.062402 0.007679 0.009273 0.153135 0.388963 0.000010
0.162455 0.000010 0.000010 0.166242 0.011378 0.000010 0.110029 0.515385 0.034480
0.000013 0.000010 0.076902 0.174666 0.000010 0.000010 0.187386 0.556622 0.004380
0.167651 0.116234 0.063783 0.000010 0.000010 0.000010 0.224192 0.428100 0.000010
0.245242 0.138607 0.000010 0.195645 0.000010 0.024783 0.000011 0.395682 0.000010
0.430044 0.059558 0.000010 0.000010 0.145532 0.000010 0.000010 0.328127 0.036699
0.235871 0.072807 0.000010 0.178498 0.009385 0.028885 0.006596 0.421134 0.046813
0.272908 0.073632 0.000010 0.115342 0.062477 0.000010 0.109554 0.366057 0.000010
0.072157 0.000010 0.000011 0.292178 0.000010 0.000010 0.181467 0.454148 0.000010
0.144608 0.000010 0.053218 0.120938 0.065470 0.034216 0.150874 0.430655 0.000010
0.365344 0.000010 0.050766 0.145375 0.000010 0.022272 0.105098 0.281264 0.029861
0.268462 0.070433 0.023886 0.000010 0.072160 0.000010 0.106331 0.458698 0.000010
0.101302 0.000010 0.000010 0.252508 0.218456 0.029547 0.014904 0.364308 0.018956
0.146636 0.033531 0.043465 0.334456 0.182571 0.000010 0.000010 0.237183 0.022139
0.097258 0.086316 0.000010 0.351433 0.016811 0.000010 0.026521 0.421631 0.000010
0.491800 0.000010 0.000010 0.016740 0.055942 0.000010 0.000010 0.435468 0.000010
0.158620 0.142436 0.000010 0.118296 0.000010 0.000010 0.243471 0.337137 0.000010
0.158428 0.000010 0.000010 0.198981 0.110880 0.054470 0.000010 0.477201 0.000010
0.180214 0.000010 0.008611 0.146092 0.038943 0.000010 0.085293 0.491152 0.049675
0.060259 0.000010 0.000010 0.254896 0.000010 0.000010 0.090834 0.593961 0.000010
0.166263 0.000010 0.000010 0.168426 0.009622 0.000010 0.183992 0.471658 0.000010
0.067116 0.000010 0.000010 0.240084 0.103229 0.018613 0.147108 0.384313 0.039517
0.116986 0.085708 0.036261 0.198248 0.083892 0.000010 0.000010 0.405894 0.072991
0.240082 0.023221 0.000010 0.091287 0.000010 0.026921 0.002347 0.590009 0.026112
0.233737 0.129164 0.000010 0.074424 0.000010 0.017365 0.000010 0.523673 0.021607
0.143591 0.000010 0.000010 0.358579 0.073586 0.000010 0.175431 0.248773 0.000010
0.116581 0.007450 0.080057 0.140563 0.000010 0.000010 0.025961 0.615316 0.014051
0.373220 0.143574 0.000010 0.087623 0.053014 0.000010 0.000010 0.219900 0.122639
0.198805 0.100973 0.083032 0.039759 0.000010 0.052304 0.128367 0.341127 0.055623
0.133564 0.000010 0.215936 0.251831 0.072499 0.000010 0.069411 0.256730 0.000010
0.288240 0.000010 0.000010 0.000010 0.000010 0.000010 0.133022 0.578678 0.000010
0.266943 0.000010 0.000010 0.000010 0.000010 0.000010 0.183701 0.549296 0.000010
0.171330 0.010525 0.000010 0.209705 0.044706 0.000010 0.178019 0.385686 0.000010
0.124026 0.000010 0.000010 0.093145 0.169755 0.000010 0.194639 0.418395 0.000010
0.000010 0.128264 0.167656 0.134795 0.010368 0.040347 0.177796 0.280566 0.060198
0.090573 0.018566 0.141294 0.145363 0.000010 0.000010 0.099415 0.504759 0.000010
0.147680 0.098130 0.008940 0.263598 0.000010 0.000010 0.214576 0.267046 0.000010
0.320507 0.051334 0.069676 0.169853 0.000010 0.036291 0.030794 0.321525 0.000010
0.371050 0.002355 0.015556 0.051468 0.000010 0.031606 0.039455 0.333721 0.154780
0.162770 0.115490 0.000010 0.123539 0.019579 0.000010 0.087186 0.491406 0.000010
0.148976 0.066998 0.084585 0.135022 0.000010 0.000010 0.076360 0.488029 0.000010
0.340610 0.038428 0.000010 0.011219 0.000010 0.000010 0.183456 0.426247 0.000010
0.434150 0.020734 0.051539 0.074101 0.050822 0.000010 0.014998 0.349517 0.004129
0.078239 0.109220 0.000013 0.000010 0.109473 0.095951 0.122011 0.433410 0.051673
0.215464 0.050892 0.000010 0.000010 0.088508 0.000010 0.155217 0.489879 0.000010
0.176064 0.143625 0.034136 0.058828 0.040943 0.000010 0.129127 0.417257 0.000010
0.372192 0.009901 0.000010 0.000010 0.000013 0.000010 0.201388 0.416466 0.000010
0.181472 0.081365 0.000010 0.160828 0.000010 0.000010 0.161589 0.414707 0.000010
0.184161 0.064634 0.094808 0.260958 0.000010 0.000010 0.143395 0.157928 0.094096
0.071441 0.001940 0.000010 0.126768 0.072883 0.000010 0.150139 0.542260 0.034548
0.306860 0.000010 0.136405 0.000010 0.028172 0.000010 0.122551 0.405971 0.000010
0.140902 0.006955 0.037510 0.220400 0.000010 0.000010 0.123131 0.471073 0.000010
0.000010 0.000010 0.112592 0.007529 0.000010 0.426250 0.054523 0.000010 0.399066
0.000010 0.000010 0.003676 0.026583 0.000010 0.436569 0.000010 0.000010 0.533122
0.000010 0.000630 0.000010 0.000010 0.000010 0.327827 0.000010 0.054882 0.616610
0.000010 0.000010 0.012054 0.000010 0.000010 0.484393 0.000010 0.030801 0.472702
0.000010 0.000010 0.000010 0.000010 0.039720 0.283643 0.000010 0.028161 0.648426
0.000010 0.000010 0.000010 0.000010 0.000010 0.295636 0.000010 0.000010 0.704294
0.000010 0.071419 0.000010 0.000011 0.000011 0.472841 0.000010 0.037444 0.418244
0.000010 0.000010 0.000010 0.000010 0.000010 0.202852 0.000010 0.007530 0.789558
0.000010 0.000010 0.000010 0.000010 0.000010 0.191897 0.000010 0.102719 0.705324
0.000010 0.000010 0.000010 0.000010 0.000010 0.212637 0.000010 0.021596 0.765707
0.000010 0.009568 0.015005 0.000010 0.000010 0.172428 0.000010 0.013812 0.789147
0.000010 0.044989 0.000010 0.000010 0.017616 0.355045 0.000010 0.004528 0.577782
0.000010 0.011972 0.028238 0.000010 0.000010 0.387124 0.000010 0.039767 0.532859
0.000010 0.000010 0.045885 0.000010 0.000010 0.197461 0.108484 0.000010 0.648120
0.000010 0.000010 0.000010 0.022073 0.000010 0.307481 0.000010 0.025953 0.644443
0.000010 0.000010 0.000010 0.000010 0.000010 0.276477 0.000010 0.000010 0.723453
0.000010 0.000010 0.092405 0.000010 0.000010 0.367108 0.000010 0.000010 0.540428
0.000010 0.000010 0.093914 0.000010 0.000010 0.431136 0.000010 0.000010 0.474889
0.000010 0.000010 0.000010 0.000010 0.000010 0.279417 0.000010 0.000010 0.720513
0.000010 0.000010 0.000010 0.000010 0.000010 0.240975 0.000010 0.058835 0.700130
0.000010 0.024639 0.048097 0.000010 0.000010 0.438199 0.005305 0.087551 0.396180
0.000010 0.000010 0.000134 0.000010 0.000010 0.243388 0.000010 0.000010 0.756418
0.000010 0.000010 0.000010 0.017452 0.000010 0.434649 0.000010 0.000010 0.547839
0.000010 0.142556 0.000010 0.000011 0.000010 0.353447 0.000010 0.000010 0.503936
0.000010 0.074444 0.000010 0.000010 0.000010 0.170950 0.000010 0.000010 0.754546
0.000010 0.000010 0.000010 0.006275 0.000010 0.463907 0.041729 0.000010 0.488040
0.000010 0.017344 0.000010 0.000010 0.015594 0.428304 0.000010 0.036254 0.502464
0.000010 0.000010 0.000010 0.006987 0.000010 0.277625 0.000010 0.053648 0.661690
0.000010 0.000010 0.000010 0.000010 0.804103 0.000010 0.195827 0.000010 0.000010
0.339555 0.017422 0.000010 0.444932 0.000010 0.000010 0.004620 0.193432 0.000010
0.531397 0.073189 0.000010 0.197190 0.000010 0.000010 0.000010 0.166930 0.031254
0.273008 0.000010 0.000010 0.492989 0.028064 0.000010 0.019491 0.115359 0.071058
0.253860 0.120983 0.000010 0.384210 0.090012 0.046306 0.000010 0.104598 0.000010
0.461831 0.000010 0.000010 0.281677 0.000010 0.000010 0.000010 0.249808 0.006634
0.336798 0.000010 0.000010 0.389404 0.015862 0.000010 0.007473 0.207087 0.043347
0.443828 0.000010 0.000010 0.264427 0.029640 0.000010 0.019051 0.208889 0.034134
0.283589 0.035285 0.000010 0.500229 0.000010 0.000010 0.047090 0.133766 0.000010
0.599215 0.000010 0.000010 0.283114 0.046523 0.000010 0.000010 0.039511 0.031598
0.455751 0.022670 0.020406 0.048572 0.024932 0.044920 0.019381 0.363360 0.000010
0.344188 0.000010 0.022245 0.217051 0.000011 0.000010 0.141219 0.275256 0.000010
0.401252 0.049899 0.000010 0.286695 0.000010 0.000010 0.080409 0.181705 0.000010
0.427157 0.046328 0.000010 0.173001 0.000010 0.000010 0.090219 0.262145 0.001120
0.568452 0.000010 0.101751 0.170129 0.097139 0.000010 0.062490 0.000010 0.000010
0.215552 0.060906 0.000010 0.372715 0.000010 0.000010 0.059895 0.290892 0.000010
0.330270 0.014346 0.000010 0.587371 0.016547 0.000970 0.002743 0.047733 0.000010
0.343045 0.008915 0.022635 0.241795 0.003558 0.000010 0.068193 0.311840 0.000010
0.575650 0.055078 0.027334 0.268396 0.006983 0.000010 0.038802 0.000010 0.027737
0.576047 0.000010 0.000010 0.110757 0.000010 0.000010 0.000010 0.313136 0.000010
0.252629 0.000010 0.000010 0.455093 0.000010 0.000010 0.000010 0.292218 0.000010
0.523045 0.000010 0.081663 0.269930 0.084837 0.000010 0.010610 0.029885 0.000010
0.277854 0.000010 0.000010 0.301497 0.049098 0.037983 0.090671 0.242868 0.000010
0.317633 0.004945 0.046377 0.395155 0.000010 0.019996 0.082521 0.133352 0.000010
0.113276 0.047854 0.000010 0.430174 0.000010 0.000010 0.100748 0.307907 0.000010
0.172993 0.050658 0.000010 0.537436 0.019774 0.000010 0.033736 0.142377 0.043006
0.430878 0.000010 0.000010 0.435402 0.000010 0.116133 0.000010 0.017536 0.000010
0.398105 0.000010 0.000010 0.457353 0.000010 0.000010 0.000010 0.094074 0.050418
0.576175 0.000010 0.087772 0.226140 0.000010 0.005017 0.019970 0.084896 0.000010
0.003924 0.000010 0.005516 0.009845 0.945985 0.010161 0.024539 0.000010 0.000010
0.000010 0.000010 0.000010 0.000010 0.959130 0.000010 0.040800 0.000010 0.000010
0.000010 0.000010 0.042703 0.000010 0.942590 0.000010 0.000010 0.014647 0.000010
0.000010 0.018349 0.000010 0.000010 0.913042 0.041807 0.026752 0.000010 0.000010
0.069359 0.000013 0.000010 0.000010 0.748774 0.000010 0.150968 0.000010 0.030847
0.000010 0.000010 0.000010 0.000010 0.999920 0.000010 0.000010 0.000010 0.000010
0.000010 0.000010 0.000010 0.000010 0.998530 0.000010 0.001400 0.000010 0.000010
0.000010 0.039611 0.000010 0.000010 0.960319 0.000010 0.000010 0.000010 0.000010
0.000010 0.000010 0.000015 0.000010 0.922387 0.000010 0.000010 0.044401 0.033147
0.000010 0.000010 0.000010 0.032108 0.920065 0.024157 0.023619 0.000010 0.000010
0.000010 0.000010 0.000010 0.000010 0.961564 0.000010 0.000010 0.038366 0.000010
0.000010 0.000010 0.022847 0.000010 0.977083 0.000010 0.000010 0.000010 0.000010
0.000010 0.000010 0.000010 0.000010 0.985011 0.000010 0.000010 0.000010 0.014919
0.000010 0.000010 0.000010 0.000010 0.999920 0.000010 0.000010 0.000010 0.000010
0.007107 0.000010 0.000010 0.000010 0.949212 0.000010 0.005297 0.000010 0.038334
0.000010 0.000010 0.000010 0.007150 0.979361 0.013429 0.000010 0.000010 0.000010
0.000010 0.000010 0.000010 0.000010 0.948860 0.000010 0.000010 0.051070 0.000010
0.462835 0.000010 0.000010 0.205151 0.000010 0.000010 0.045346 0.286617 0.000010
0.582439 0.000010 0.000010 0.000010 0.000010 0.000010 0.000010 0.386786 0.030715
0.519052 0.052217 0.000010 0.135722 0.000010 0.084496 0.000010 0.172943 0.035541
0.632070 0.000010 0.032620 0.000010 0.000010 0.012015 0.000010 0.298477 0.024778
0.567400 0.000010 0.000010 0.041584 0.000010 0.000010 0.000010 0.365639 0.025328
0.681070 0.000011 0.000010 0.034807 0.000010 0.082841 0.000010 0.201232 0.000010
0.500023 0.000010 0.000010 0.165706 0.000010 0.000010 0.039135 0.295086 0.000010
0.682075 0.000010 0.000010 0.036046 0.000010 0.000010 0.000010 0.162897 0.118933
0.600876 0.000010 0.000010 0.071648 0.061280 0.065342 0.000010 0.167137 0.033687
0.560669 0.004797 0.000010 0.231155 0.000010 0.022264 0.063353 0.028713 0.089028
0.568006 0.049172 0.002362 0.209877 0.016687 0.000010 0.000010 0.153866 0.000010
0.674179 0.000010 0.204745 0.102131 0.004395 0.000010 0.000010 0.014510 0.000010
0.744499 0.000010 0.176460 0.000010 0.000010 0.000010 0.000010 0.078981 0.000010
0.458720 0.114721 0.000010 0.039955 0.086274 0.054084 0.000010 0.246216 0.000010
0.554574 0.000010 0.000010 0.000010 0.008089 0.048114 0.000010 0.356632 0.032552
0.475115 0.000010 0.000010 0.113866 0.000010 0.043599 0.000010 0.367370 0.000010
0.618977 0.000010 0.000010 0.155591 0.000010 0.000010 0.000010 0.225372 0.000010
0.480575 0.036542 0.000010 0.215000 0.000010 0.000010 0.000010 0.267833 0.000010
0.441265 0.062785 0.000010 0.154800 0.106507 0.049456 0.000010 0.086444 0.098723
0.515814 0.053209 0.000010 0.000010 0.000010 0.000010 0.000010 0.397792 0.033135
0.639468 0.000010 0.000010 0.000010 0.000010 0.115644 0.000010 0.173787 0.071051
0.726307 0.028193 0.000010 0.052211 0.024270 0.000010 0.070934 0.094113 0.003953
0.575591 0.018500 0.000010 0.019003 0.000010 0.000010 0.025457 0.298303 0.063116
0.512454 0.074213 0.000010 0.000010 0.000010 0.000010 0.000010 0.413273 0.000010
0.501153 0.062192 0.000010 0.178656 0.000010 0.000010 0.000010 0.257949 0.000010
0.489043 0.000010 0.050913 0.055383 0.071391 0.000010 0.030017 0.303223 0.000010
0.714383 0.000010 0.000010 0.035972 0.000010 0.000010 0.000010 0.249586 0.000010
0.636790 0.000010 0.000010 0.133142 0.000010 0.000010 0.000010 0.230008 0.000010
0.733892 0.000010 0.000010 0.160433 0.086302 0.000010 0.000010 0.019323 0.000010
0.779603 0.000010 0.000010 0.012517 0.000010 0.000010 0.000010 0.207792 0.000037
0.468376 0.000010 0.000010 0.201082 0.000010 0.000014 0.000010 0.330478 0.000010
0.555744 0.000010 0.000010 0.070479 0.000010 0.000010 0.000010 0.373717 0.000010
0.606543 0.000010 0.000010 0.000010 0.000010 0.080336 0.074482 0.217089 0.021510
0.714555 0.000010 0.064673 0.000010 0.016756 0.062024 0.000010 0.141951 0.000010
0.615113 0.004116 0.000010 0.070560 0.000010 0.000010 0.000010 0.310161 0.000010
0.631648 0.047278 0.000010 0.068239 0.000010 0.042509 0.037709 0.172588 0.000010
0.666385 0.016331 0.000010 0.014788 0.043236 0.000010 0.000010 0.253030 0.006199
0.372403 0.000262 0.101326 0.035094 0.000010 0.037266 0.000010 0.331982 0.121646
0.733694 0.054535 0.000010 0.021312 0.014329 0.000010 0.000010 0.143729 0.032372
0.554405 0.000010 0.000010 0.000010 0.127092 0.019298 0.023063 0.241695 0.034416
0.579623 0.027241 0.018404 0.000010 0.025798 0.000010 0.000010 0.331614 0.017289
0.545227 0.000010 0.000010 0.072978 0.000010 0.000010 0.000010 0.381735 0.000010
0.693505 0.000010 0.000010 0.000010 0.000010 0.012160 0.000010 0.160409 0.133876
0.710739 0.000010 0.000010 0.033377 0.000010 0.000010 0.000010 0.255824 0.000010
0.287725 0.015719 0.058258 0.252814 0.000010 0.082978 0.049417 0.001969 0.251111
0.741340 0.022160 0.050422 0.000010 0.000010 0.000010 0.000010 0.186027 0.000010
0.200468 0.000010 0.015309 0.000010 0.000010 0.039067 0.051587 0.349276 0.344264
0.664993 0.000010 0.000010 0.000010 0.000010 0.002593 0.069064 0.186777 0.076533
0.655112 0.000010 0.000010 0.000010 0.000010 0.000010 0.000010 0.075775 0.269053
0.469069 0.089167 0.000010 0.028165 0.000010 0.000010 0.006444 0.177499 0.229626
0.490787 0.000010 0.000010 0.008843 0.000010 0.000010 0.000010 0.366319 0.134001
0.630237 0.090582 0.000010 0.023159 0.000010 0.108774 0.068085 0.079132 0.000010
0.576198 0.000010 0.000010 0.000010 0.000010 0.036790 0.000010 0.314192 0.072771
0.553190 0.000010 0.000010 0.000010 0.066535 0.000010 0.000010 0.238009 0.142216
0.462838 0.000010 0.066647 0.000010 0.032775 0.132683 0.000010 0.255080 0.049947
0.134092 0.000010 0.000010 0.040688 0.000010 0.163590 0.000010 0.079601 0.581988
0.335749 0.146284 0.000010 0.058217 0.000010 0.024110 0.119244 0.042923 0.273453
0.609263 0.000010 0.005348 0.024042 0.000010 0.083322 0.051805 0.182360 0.043841
0.563776 0.000010 0.000010 0.105355 0.000010 0.000010 0.018423 0.169417 0.142989
0.635796 0.000010 0.000010 0.062529 0.099567 0.000010 0.000010 0.171170 0.030898
0.430473 0.000010 0.000010 0.079838 0.000010 0.020921 0.000010 0.311380 0.157346
0.532946 0.000010 0.000010 0.000010 0.000010 0.073540 0.017886 0.321502 0.054086
0.607670 0.026955 0.000010 0.013099 0.000010 0.010418 0.046328 0.270959 0.024551
0.530703 0.000010 0.032492 0.085542 0.085399 0.074802 0.000010 0.191032 0.000010
0.698813 0.000010 0.000010 0.000010 0.020164 0.006713 0.000010 0.240265 0.034005
0.894827 0.000010 0.000010 0.000010 0.000010 0.000010 0.000010 0.105103 0.000010
0.458462 0.000010 0.000010 0.090600 0.000010 0.078351 0.144147 0.228400 0.000010
0.613889 0.124269 0.051304 0.006581 0.000010 0.009550 0.004164 0.049961 0.140272
0.546312 0.156648 0.000010 0.088438 0.000011 0.149536 0.000010 0.059024 0.000010
0.677410 0.000010 0.000010 0.067792 0.000010 0.003271 0.000010 0.248675 0.002812
0.392335 0.012726 0.000010 0.126729 0.064596 0.000010 0.000010 0.385990 0.017594
0.571430 0.018281 0.038812 0.000010 0.000010 0.000010 0.000010 0.371427 0.000010
0.561431 0.000010 0.000010 0.000010 0.077704 0.021914 0.000010 0.217935 0.120976
0.444012 0.000010 0.041998 0.151239 0.000010 0.056198 0.000010 0.251293 0.055229
0.844865 0.073121 0.000010 0.000010 0.000010 0.056159 0.018553 0.007262 0.000010
0.539740 0.000010 0.000010 0.087853 0.000010 0.000010 0.000010 0.303256 0.069101
0.861671 0.000011 0.000010 0.000010 0.000010 0.000010 0.000010 0.138259 0.000010
0.486881 0.000010 0.000010 0.182351 0.000010 0.000010 0.000010 0.330708 0.000010
0.596033 0.000010 0.000010 0.007463 0.000010 0.048236 0.000010 0.348218 0.000010
0.569547 0.000010 0.028335 0.096099 0.044525 0.016707 0.000010 0.169124 0.075642
0.622748 0.000010 0.009719 0.108948 0.000010 0.019194 0.000010 0.212814 0.026547
0.734412 0.000010 0.029472 0.000010 0.000010 0.000010 0.000010 0.236055 0.000010
0.742046 0.000010 0.000010 0.162290 0.000010 0.000010 0.023997 0.071616 0.000010
0.644636 0.000010 0.007641 0.000014 0.000010 0.042446 0.084441 0.145054 0.075748
0.473460 0.018413 0.000015 0.029655 0.000010 0.006673 0.000010 0.211967 0.259798
0.535258 0.000010 0.000010 0.000010 0.000010 0.000010 0.000010 0.370870 0.093813
0.389420 0.017209 0.184793 0.124278 0.000010 0.000010 0.000010 0.284260 0.000010
0.000010 0.063102 0.000010 0.025920 0.659561 0.024628 0.177066 0.043009 0.006695
0.000010 0.000010 0.000010 0.000010 0.709904 0.000010 0.290026 0.000010 0.000010
0.000010 0.088937 0.000010 0.000015 0.859684 0.000010 0.051313 0.000010 0.000010
0.000010 0.124957 0.000010 0.000010 0.793462 0.000010 0.081521 0.000010 0.000010
0.000010 0.000010 0.000010 0.000010 0.961296 0.000010 0.038634 0.000010 0.000010
0.000010 0.000010 0.019727 0.000010 0.742692 0.000010 0.237521 0.000010 0.000010
0.084407 0.018630 0.018728 0.000010 0.601865 0.000010 0.276329 0.000010 0.000010
0.586280 0.039671 0.000010 0.173996 0.114088 0.000010 0.000010 0.080522 0.005412
0.537954 0.045386 0.000010 0.280868 0.048115 0.010599 0.077049 0.000010 0.000010
0.493206 0.000011 0.000010 0.400497 0.000010 0.006198 0.000010 0.043730 0.056328
0.693975 0.095389 0.000010 0.010357 0.044442 0.000010 0.000010 0.155797 0.000010
0.548862 0.000010 0.000010 0.255422 0.012648 0.069590 0.000010 0.054682 0.058766
0.595360 0.000010 0.000010 0.314825 0.000010 0.000010 0.000010 0.000010 0.089755
0.537565 0.000010 0.000010 0.398030 0.000010 0.000010 0.064345 0.000010 0.000010
0.474408 0.000010 0.000010 0.307186 0.000010 0.000010 0.000010 0.218346 0.000010
0.713960 0.000010 0.000010 0.186433 0.000010 0.000010 0.000010 0.090957 0.008600
0.619505 0.096584 0.000010 0.228018 0.000010 0.000010 0.000010 0.055843 0.000010
0.416867 0.051854 0.000010 0.000010 0.056089 0.033859 0.057543 0.352019 0.031749
0.603430 0.000010 0.000010 0.114865 0.000010 0.000010 0.000010 0.234656 0.046998
0.539237 0.021377 0.000010 0.322072 0.000010 0.000010 0.000010 0.117264 0.000010
0.394904 0.000010 0.000010 0.003263 0.000010 0.000010 0.000010 0.317310 0.284472
0.555054 0.000010 0.183834 0.000010 0.000010 0.000010 0.000010 0.242375 0.018688
0.455403 0.000010 0.000010 0.107864 0.000010 0.070042 0.000010 0.366642 0.000010
0.359457 0.000010 0.108807 0.011220 0.093796 0.052344 0.183683 0.165738 0.024944
0.470607 0.000010 0.004739 0.098728 0.000010 0.030906 0.000010 0.339126 0.055864
0.460688 0.000010 0.000010 0.000010 0.074177 0.130621 0.000010 0.323840 0.010635
0.389677 0.008754 0.000010 0.266441 0.000010 0.000010 0.000010 0.248560 0.086528
0.543591 0.000480 0.000010 0.000010 0.000010 0.062972 0.000010 0.218909 0.174008
0.642419 0.000010 0.000010 0.156257 0.000011 0.000010 0.000011 0.201261 0.000010
0.857861 0.000010 0.076810 0.000010 0.000010 0.000010 0.062916 0.002363 0.000010
0.690784 0.000010 0.000010 0.145364 0.000010 0.114967 0.000010 0.048834 0.000010
0.535405 0.000010 0.000010 0.013782 0.010058 0.059513 0.000010 0.381203 0.000010
0.224715 0.034397 0.000010 0.005932 0.052491 0.000010 0.091421 0.406926 0.184096
0.769011 0.000010 0.000010 0.007191 0.000010 0.061056 0.000010 0.104734 0.057967
0.628311 0.000010 0.000010 0.052280 0.000010 0.000010 0.132517 0.186842 0.000010
0.337791 0.000010 0.000010 0.389221 0.000011 0.106250 0.000010 0.052945 0.113752
0.502442 0.075517 0.145726 0.031392 0.000013 0.000010 0.005268 0.239623 0.000010
0.560376 0.000010 0.000010 0.147681 0.044113 0.098351 0.000010 0.149439 0.000010
0.397013 0.069630 0.000010 0.003621 0.000010 0.024263 0.000010 0.345174 0.160269
0.538488 0.000010 0.000010 0.186738 0.038703 0.016641 0.000010 0.219390 0.000010
0.361857 0.102748 0.000010 0.292985 0.000010 0.019586 0.075140 0.147654 0.000010
0.636732 0.000010 0.039289 0.000010 0.003792 0.060200 0.015581 0.244376 0.000010
0.000010 0.820781 0.179149 0.000010 0.000010 0.000010 0.000010 0.000010 0.000010
0.000010 0.902383 0.000010 0.000010 0.000010 0.000010 0.000010 0.097547 0.000010
0.000010 0.937038 0.000010 0.000010 0.000010 0.000010 0.062892 0.000010 0.000010
0.000010 0.999920 0.000010 0.000010 0.000010 0.000010 0.000010 0.000010 0.000010
0.108362 0.000010 0.255884 0.000010 0.264424 0.000010 0.303901 0.000010 0.067389
0.000010 0.070264 0.534290 0.000010 0.073906 0.000010 0.317756 0.003743 0.000010
0.029824 0.000010 0.482287 0.024007 0.147266 0.000010 0.217349 0.098387 0.000861
0.074001 0.000010 0.546357 0.000010 0.000010 0.000010 0.379583 0.000010 0.000010
0.000010 0.000010 0.353714 0.154014 0.000010 0.131997 0.264364 0.095871 0.000010
0.037421 0.076105 0.381021 0.000010 0.227149 0.000010 0.229563 0.031819 0.016903
0.033316 0.081040 0.419828 0.000010 0.159860 0.000010 0.299686 0.000010 0.006242
0.000010 0.000010 0.446743 0.000010 0.000010 0.000010 0.307826 0.175890 0.069491
0.073690 0.062767 0.398880 0.072176 0.012111 0.000010 0.379682 0.000674 0.000010
0.000010 0.000010 0.515863 0.012805 0.178827 0.064380 0.228085 0.000010 0.000010
0.703719 0.000010 0.000010 0.036966 0.000010 0.055100 0.017065 0.182121 0.005000
0.521535 0.000010 0.024902 0.108895 0.000010 0.093430 0.000010 0.194982 0.056226
0.357405 0.000010 0.000010 0.325632 0.001706 0.128339 0.000010 0.186878 0.000010
0.717167 0.032777 0.000010 0.072921 0.000010 0.053508 0.123587 0.000010 0.000010
0.727189 0.000010 0.000010 0.004002 0.000010 0.037512 0.000010 0.206183 0.025074
0.591779 0.088119 0.000010 0.000010 0.000010 0.000010 0.000010 0.320042 0.000010
0.550744 0.000010 0.000010 0.000010 0.000010 0.017196 0.020701 0.208931 0.202387
0.580910 0.000010 0.000010 0.000010 0.000010 0.116751 0.000010 0.302279 0.000010
0.591136 0.000010 0.111119 0.000010 0.000010 0.000010 0.000010 0.148078 0.149617
0.576468 0.000010 0.000010 0.107775 0.000010 0.065751 0.000010 0.226525 0.023441
0.444133 0.000010 0.000010 0.050372 0.000010 0.110048 0.000010 0.395397 0.000010
0.399943 0.015476 0.000010 0.108632 0.000010 0.003401 0.000010 0.182203 0.290314
0.804313 0.000010 0.000010 0.021042 0.015382 0.000010 0.000010 0.159213 0.000010
0.583542 0.000010 0.000010 0.105313 0.000010 0.000010 0.000010 0.276456 0.034638
0.388221 0.057336 0.082790 0.217201 0.000010 0.000010 0.000010 0.186068 0.068354
0.509781 0.050447 0.000010 0.000010 0.000010 0.190516 0.000010 0.068681 0.180535
0.573193 0.076855 0.000010 0.172153 0.000010 0.000010 0.000010 0.177749 0.000010
0.621471 0.000010 0.139807 0.000010 0.007034 0.000010 0.000010 0.231638 0.000010
0.545395 0.000010 0.000010 0.111135 0.037069 0.000010 0.000010 0.306352 0.000010
0.374980 0.111942 0.025396 0.110337 0.013732 0.010771 0.023718 0.292182 0.036943
0.597353 0.006015 0.048503 0.096822 0.000010 0.000010 0.021988 0.225120 0.004180
0.000010 0.000010 0.727778 0.000010 0.093738 0.000010 0.178425 0.000010 0.000010
0.000010 0.193738 0.574558 0.000010 0.081600 0.000010 0.150054 0.000010 0.000010
0.000010 0.329766 0.381980 0.074700 0.002525 0.000010 0.210989 0.000010 0.000010
0.000010 0.003389 0.590734 0.000010 0.143760 0.000010 0.256569 0.005509 0.000010
0.000010 0.115097 0.621968 0.000010 0.046957 0.000010 0.215928 0.000010 0.000010
0.039527 0.000010 0.548985 0.019377 0.100159 0.000010 0.291911 0.000010 0.000010
0.000010 0.000010 0.676486 0.000010 0.021269 0.006646 0.295550 0.000010 0.000010
0.009129 0.088891 0.749796 0.023092 0.023752 0.000010 0.105311 0.000010 0.000010
0.000010 0.151209 0.567020 0.000010 0.000010 0.000010 0.159923 0.121798 0.000010
0.000014 0.059823 0.609687 0.000010 0.000010 0.000010 0.233013 0.073790 0.023644
0.000010 0.004444 0.732932 0.011523 0.059919 0.000010 0.177439 0.000010 0.013712
0.000010 0.124682 0.508138 0.028373 0.000010 0.000010 0.330237 0.000010 0.008531
0.000010 0.143914 0.693903 0.000010 0.138668 0.000010 0.023465 0.000010 0.000010
0.000010 0.007348 0.734605 0.000010 0.000010 0.000010 0.257987 0.000010 0.000010
0.000010 0.000010 0.704370 0.014471 0.000010 0.000010 0.222076 0.000618 0.058425
0.083059 0.054522 0.589494 0.000010 0.000010 0.019995 0.252890 0.000010 0.000010
0.000010 0.000010 0.618317 0.000010 0.047111 0.000010 0.334512 0.000010 0.000010
0.000010 0.000010 0.705215 0.030801 0.000434 0.000010 0.263500 0.000010 0.000010
0.020979 0.090281 0.609155 0.000010 0.177657 0.000010 0.090330 0.000010 0.011568
0.000010 0.014048 0.723641 0.000010 0.059740 0.051362 0.151170 0.000010 0.000010
0.000010 0.041378 0.632380 0.000010 0.041023 0.000010 0.285168 0.000010 0.000010
0.000010 0.083261 0.598860 0.000010 0.053191 0.000010 0.264639 0.000010 0.000010
0.000010 0.095681 0.622697 0.000010 0.035229 0.000010 0.246343 0.000010 0.000010
0.000010 0.126448 0.580066 0.000010 0.077628 0.000010 0.215808 0.000010 0.000010
0.000010 0.000010 0.805393 0.000010 0.000010 0.000010 0.194537 0.000010 0.000010
0.033263 0.053598 0.534201 0.000010 0.068668 0.000010 0.310229 0.000010 0.000010
0.000010 0.000010 0.669516 0.000010 0.000010 0.000010 0.330414 0.000010 0.000010
0.000010 0.141009 0.421005 0.000010 0.000010 0.000010 0.307053 0.000010 0.130883
0.000010 0.000010 0.610678 0.000010 0.000010 0.000010 0.389252 0.000010 0.000010
0.035236 0.000010 0.628750 0.000010 0.060795 0.061112 0.187478 0.026599 0.000010
0.000010 0.073530 0.734090 0.028192 0.004399 0.000010 0.113120 0.046640 0.000010
0.000010 0.000010 0.761970 0.009687 0.000010 0.000010 0.228283 0.000010 0.000010
0.000010 0.056487 0.503987 0.000010 0.000010 0.000010 0.293377 0.136911 0.009198
0.000010 0.040549 0.576852 0.058377 0.145936 0.000010 0.178246 0.000010 0.000010
0.000010 0.128715 0.659152 0.002879 0.019850 0.000010 0.162391 0.000010 0.026983
0.000010 0.000010 0.720285 0.000010 0.000010 0.052648 0.227007 0.000010 0.000010
0.000010 0.000010 0.731496 0.000010 0.000010 0.000010 0.169933 0.098511 0.000010
0.000010 0.015189 0.670672 0.000010 0.081207 0.000010 0.232882 0.000010 0.000010
0.000010 0.000010 0.625268 0.031024 0.023467 0.000010 0.320192 0.000010 0.000010
0.000010 0.002614 0.000010 0.000010 0.738310 0.031786 0.227240 0.000010 0.000010
0.000010 0.000010 0.063827 0.000010 0.905265 0.000010 0.000010 0.000010 0.030848
0.000010 0.037129 0.635093 0.007351 0.127838 0.000010 0.153761 0.000010 0.038799
0.000010 0.000010 0.807449 0.000010 0.000010 0.000010 0.120682 0.064114 0.007704
0.507005 0.000010 0.000010 0.241687 0.191384 0.000010 0.050460 0.009423 0.000010
0.345283 0.091315 0.000010 0.340201 0.087863 0.000010 0.008451 0.109324 0.017542
0.263566 0.099031 0.000010 0.422421 0.000010 0.000010 0.061269 0.078003 0.075680
0.187125 0.050714 0.000010 0.335704 0.000010 0.000010 0.000010 0.407317 0.019100
0.424425 0.191768 0.000010 0.310902 0.000252 0.000010 0.005527 0.067096 0.000010
0.485323 0.007232 0.000010 0.242342 0.172944 0.029998 0.000010 0.038899 0.023243
0.354324 0.015581 0.000010 0.478205 0.000010 0.000010 0.000010 0.151840 0.000010
0.404652 0.015714 0.014115 0.313698 0.000010 0.000010 0.053918 0.197873 0.000010
0.399451 0.023981 0.000010 0.347670 0.064191 0.000010 0.000010 0.164667 0.000010
0.157921 0.000010 0.000010 0.557333 0.000010 0.047489 0.119354 0.091758 0.026115
0.258714 0.000010 0.000010 0.284523 0.184686 0.000010 0.000010 0.272027 0.000010
0.432751 0.138860 0.000010 0.250783 0.088315 0.000010 0.002951 0.005796 0.080525
0.331777 0.000010 0.000010 0.430437 0.024982 0.000010 0.101068 0.111695 0.000010
0.000010 0.000012 0.618755 0.000010 0.000011 0.000010 0.340011 0.041171 0.000010
0.000010 0.027860 0.517577 0.057237 0.000010 0.000010 0.397276 0.000010 0.000010
0.000010 0.000010 0.680730 0.000010 0.019691 0.000010 0.269922 0.029607 0.000010
0.000010 0.000010 0.597681 0.000010 0.000010 0.000010 0.402249 0.000010 0.000010
0.000010 0.023861 0.658162 0.000010 0.036819 0.000010 0.267357 0.000010 0.013761
0.000010 0.000010 0.626689 0.000010 0.079852 0.000010 0.293398 0.000010 0.000010
0.020917 0.007980 0.667908 0.000010 0.043599 0.000010 0.209654 0.049913 0.000010
0.000010 0.000010 0.710222 0.000011 0.032009 0.000010 0.257709 0.000010 0.000010
0.000010 0.042930 0.568113 0.000010 0.089218 0.000010 0.273583 0.026117 0.000010
0.000010 0.013001 0.620055 0.000010 0.110474 0.000010 0.256420 0.000010 0.000010
0.000010 0.046984 0.629974 0.000010 0.000010 0.000010 0.318564 0.004428 0.000010
0.088035 0.000010 0.525605 0.000010 0.045255 0.000010 0.341055 0.000010 0.000010
