0.522010 0.039364 0.000010 0.000010 0.000010 0.002464 0.095919 0.340202 0.000010
0.087457 0.072205 0.000010 0.197160 0.038244 0.000010 0.000010 0.499088 0.105814
0.273778 0.000010 0.186365 0.038622 0.000010 0.004144 0.000010 0.482237 0.014823
0.387839 0.044771 0.000010 0.009487 0.000010 0.001311 0.033091 0.411802 0.111678
0.027071 0.000397 0.000010 0.043213 0.124612 0.000010 0.192739 0.611938 0.000010
0.192893 0.000010 0.000010 0.236878 0.026275 0.000010 0.096425 0.447489 0.000010
0.412738 0.000010 0.000010 0.000010 0.000010 0.000010 0.147139 0.440064 0.000010
0.447092 0.134738 0.000010 0.000010 0.000010 0.000010 0.041853 0.376267 0.000010
0.649502 0.000010 0.000010 0.108435 0.000010 0.004002 0.000010 0.238010 0.000010
0.587490 0.000010 0.000010 0.000010 0.000010 0.000010 0.000010 0.263686 0.148764
0.352479 0.020427 0.145368 0.000014 0.000010 0.003189 0.080698 0.397805 0.000010
0.408349 0.000010 0.016480 0.167463 0.000010 0.000010 0.000010 0.407659 0.000010
0.148565 0.000010 0.000010 0.099161 0.069193 0.000010 0.075633 0.551398 0.056020
0.239148 0.008547 0.081098 0.000010 0.052055 0.075421 0.000010 0.533694 0.010017
0.069879 0.000010 0.000010 0.134503 0.000010 0.000010 0.235455 0.387976 0.172149
0.304747 0.000010 0.000010 0.000010 0.000010 0.000010 0.121241 0.513709 0.060252
0.248005 0.060640 0.141174 0.000010 0.001553 0.000010 0.000010 0.280519 0.268080
0.316226 0.066030 0.006764 0.000010 0.005881 0.021124 0.156669 0.427285 0.000010
0.280993 0.154216 0.064761 0.000010 0.001795 0.000010 0.018987 0.427586 0.051642
0.112955 0.113695 0.112067 0.000010 0.066816 0.000010 0.145630 0.290451 0.158366
0.000010 0.000010 0.156742 0.160200 0.000010 0.000010 0.092463 0.584525 0.006030
0.531939 0.039596 0.000010 0.000010 0.000010 0.025705 0.078787 0.323933 0.000010
0.300053 0.000010 0.030549 0.115306 0.151521 0.000010 0.000010 0.078922 0.323619
0.150955 0.000010 0.211632 0.000010 0.000010 0.000010 0.095655 0.541707 0.000010
0.129167 0.051199 0.025208 0.231291 0.001208 0.000010 0.183320 0.378587 0.000010
0.381820 0.156224 0.000010 0.000010 0.009641 0.000010 0.000010 0.410359 0.041916
0.340969 0.022755 0.000010 0.000010 0.000010 0.000010 0.019798 0.616428 0.000010
0.501569 0.034121 0.000010 0.000010 0.000010 0.004531 0.120149 0.339590 0.000010
0.288986 0.000010 0.023125 0.000010 0.000010 0.000010 0.127187 0.560652 0.000010
0.243687 0.000010 0.000010 0.271533 0.000010 0.000010 0.000010 0.484720 0.000010
0.316713 0.000010 0.079701 0.000010 0.000010 0.000010 0.123663 0.461393 0.018490
0.320132 0.077038 0.000010 0.014087 0.000010 0.000010 0.138295 0.450408 0.000010
0.373211 0.034855 0.000010 0.106300 0.048560 0.000010 0.000010 0.405268 0.031776
0.302831 0.046049 0.000010 0.210068 0.000010 0.005644 0.091809 0.272401 0.071177
0.100102 0.200401 0.000010 0.000010 0.000010 0.000010 0.241465 0.378195 0.079798
0.482697 0.000010 0.018991 0.000010 0.027153 0.000010 0.000010 0.471109 0.000010
0.416932 0.020596 0.067045 0.069383 0.000010 0.004534 0.030678 0.390813 0.000010
0.312928 0.000010 0.306125 0.000010 0.000010 0.000010 0.053798 0.327099 0.000010
0.389535 0.042278 0.000010 0.246615 0.000010 0.002828 0.058241 0.258375 0.002108
0.384378 0.000010 0.000010 0.043093 0.000010 0.000010 0.000010 0.459051 0.113428
0.150097 0.022236 0.133009 0.074744 0.000010 0.000010 0.174234 0.411262 0.034397
0.430426 0.000010 0.000010 0.000010 0.000010 0.000010 0.000010 0.569504 0.000010
0.274532 0.000010 0.000010 0.033723 0.000010 0.000010 0.049743 0.578514 0.063449
0.259261 0.073938 0.065776 0.141678 0.000010 0.003183 0.099939 0.356205 0.000010
0.367815 0.000010 0.000010 0.186976 0.000010 0.000010 0.046618 0.398541 0.000010
0.092833 0.019648 0.059286 0.175103 0.077230 0.000010 0.033794 0.542085 0.000010
0.325053 0.000010 0.000010 0.000010 0.116494 0.078379 0.000010 0.402606 0.077428
0.253706 0.000010 0.000010 0.078635 0.025258 0.000010 0.002379 0.639982 0.000010
0.000010 0.090149 0.189542 0.130502 0.063657 0.000010 0.066456 0.319095 0.140579
0.081852 0.021898 0.315725 0.163168 0.000010 0.000010 0.150396 0.266932 0.000010
0.061516 0.000010 0.549646 0.000010 0.000010 0.000010 0.169392 0.219396 0.000010
0.000010 0.053598 0.301866 0.085206 0.004529 0.000010 0.333683 0.221088 0.000010
0.316204 0.000610 0.089114 0.284597 0.052699 0.000010 0.000010 0.256746 0.000010
0.109050 0.000010 0.662858 0.000010 0.000010 0.000010 0.228031 0.000010 0.000010
0.067008 0.053728 0.388899 0.278332 0.115980 0.000010 0.000010 0.096023 0.000010
0.039115 0.153884 0.526820 0.000010 0.025370 0.000010 0.096772 0.123542 0.034477
0.000010 0.000010 0.623445 0.132216 0.000010 0.000010 0.244279 0.000010 0.000010
0.016896 0.055432 0.481839 0.169567 0.000010 0.021889 0.058064 0.138630 0.057674
0.150891 0.000010 0.389582 0.000010 0.000010 0.000010 0.225501 0.233977 0.000010
0.158379 0.087938 0.167328 0.000010 0.037988 0.027836 0.079954 0.440555 0.000010
0.076595 0.159062 0.238731 0.170626 0.203750 0.000010 0.097130 0.054086 0.000010
0.000011 0.168558 0.030534 0.349611 0.142894 0.000010 0.000010 0.308363 0.000010
0.529104 0.000010 0.107826 0.109955 0.000010 0.000010 0.000010 0.253065 0.000010
0.034305 0.147929 0.481758 0.011342 0.017828 0.014588 0.108464 0.183776 0.000010
0.006087 0.000010 0.707679 0.000010 0.000010 0.000010 0.163781 0.122403 0.000010
0.000010 0.152452 0.171891 0.271801 0.136050 0.000010 0.065519 0.081947 0.120321
0.000010 0.224544 0.263668 0.060084 0.000010 0.035399 0.133714 0.248454 0.034117
0.122173 0.000010 0.502184 0.000010 0.077224 0.000010 0.081877 0.147580 0.068931
0.369807 0.000010 0.431501 0.000010 0.043476 0.003722 0.121517 0.029949 0.000010
0.152354 0.016792 0.317439 0.174695 0.142624 0.035095 0.105797 0.055193 0.000010
0.477539 0.039634 0.054966 0.075125 0.000010 0.000010 0.079659 0.218994 0.054063
0.187936 0.011469 0.000010 0.157678 0.000010 0.057937 0.208463 0.376486 0.000010
0.404644 0.000010 0.046756 0.113871 0.046154 0.000010 0.000010 0.388535 0.000010
0.500403 0.000010 0.000010 0.000015 0.095028 0.000010 0.000010 0.404504 0.000010
0.185544 0.120428 0.000010 0.000010 0.007564 0.040603 0.067674 0.520083 0.058083
0.184158 0.000010 0.067606 0.000010 0.000010 0.054115 0.000010 0.694071 0.000010
0.274473 0.000010 0.000010 0.061162 0.037999 0.000010 0.000010 0.542259 0.084066
0.679886 0.000010 0.074686 0.000010 0.079763 0.000010 0.000010 0.029861 0.135764
0.336213 0.000010 0.023521 0.233758 0.000010 0.000010 0.083077 0.288369 0.035031
0.317862 0.000010 0.000010 0.000010 0.000010 0.000010 0.250209 0.431869 0.000010
0.159066 0.000010 0.204661 0.125709 0.028351 0.000010 0.012189 0.469994 0.000010
0.086861 0.018583 0.053151 0.149687 0.012892 0.107932 0.172972 0.397911 0.000010
0.148835 0.019626 0.000010 0.160189 0.088669 0.000010 0.193142 0.389510 0.000010
0.471346 0.000010 0.000010 0.000010 0.000010 0.062298 0.000010 0.354542 0.111765
0.139597 0.000010 0.046907 0.000010 0.000010 0.058783 0.309176 0.445497 0.000010
0.262602 0.000010 0.088932 0.000010 0.000010 0.000010 0.105837 0.243191 0.299398
0.086580 0.055262 0.000010 0.059287 0.018330 0.157854 0.000010 0.137494 0.485174
0.470712 0.000010 0.000010 0.060753 0.000010 0.000010 0.079729 0.388757 0.000010
0.212773 0.000010 0.142432 0.000010 0.005048 0.041541 0.189762 0.374261 0.034163
0.257841 0.000010 0.000010 0.229938 0.041933 0.000010 0.056106 0.405214 0.008939
0.470505 0.000010 0.000010 0.000010 0.000010 0.000010 0.112902 0.402190 0.014353
0.257290 0.010915 0.012444 0.000010 0.136910 0.068713 0.066775 0.446933 0.000010
0.213235 0.098900 0.000010 0.000010 0.001062 0.000010 0.085060 0.546296 0.055416
0.383161 0.022654 0.000010 0.092492 0.000010 0.000010 0.000010 0.501644 0.000010
0.571724 0.009815 0.000010 0.031012 0.000010 0.009036 0.073789 0.304595 0.000010
0.032967 0.088426 0.095550 0.000010 0.000010 0.000010 0.394386 0.388631 0.000010
0.138285 0.000010 0.128786 0.090999 0.000010 0.000010 0.191027 0.359056 0.091816
0.143635 0.000816 0.000010 0.000010 0.000010 0.000010 0.236658 0.618840 0.000010
0.269067 0.000010 0.003429 0.000010 0.000010 0.000010 0.195921 0.498330 0.033212
0.005149 0.000010 0.065467 0.234330 0.000011 0.000010 0.272908 0.422105 0.000010
0.059704 0.000010 0.001774 0.172633 0.000010 0.000010 0.041033 0.334170 0.390656
0.145702 0.017103 0.000010 0.104436 0.000010 0.000010 0.000010 0.281344 0.451374
0.000010 0.111388 0.024337 0.196717 0.090478 0.000010 0.246394 0.287472 0.043193
0.252488 0.000010 0.000010 0.000010 0.058217 0.000010 0.227113 0.462133 0.000010
0.220044 0.115977 0.065303 0.084420 0.000010 0.007900 0.013355 0.450070 0.042920
0.260856 0.000010 0.000010 0.193644 0.000010 0.000010 0.061428 0.484022 0.000010
0.035828 0.000010 0.000010 0.407930 0.000010 0.064458 0.200721 0.291022 0.000010
0.279718 0.000010 0.000010 0.022970 0.033734 0.095163 0.000010 0.535591 0.032793
0.000010 0.000010 0.050544 0.167156 0.000010 0.000010 0.282973 0.499277 0.000010
0.318695 0.034393 0.000010 0.062647 0.000010 0.000010 0.091823 0.466909 0.025503
0.225072 0.019495 0.000010 0.139253 0.000010 0.000010 0.081924 0.534216 0.000010
0.197668 0.000010 0.000010 0.000010 0.000010 0.000010 0.102450 0.670939 0.028893
0.339590 0.000010 0.000010 0.000010 0.000010 0.003568 0.058524 0.587627 0.010650
0.187032 0.127494 0.000010 0.104577 0.018560 0.021222 0.000010 0.468399 0.072697
0.265472 0.081374 0.000010 0.197312 0.000010 0.000010 0.076884 0.322137 0.056791
0.285052 0.000010 0.000010 0.122051 0.134026 0.000010 0.000010 0.443757 0.015073
0.000010 0.000010 0.000010 0.209255 0.000010 0.015674 0.405837 0.369185 0.000010
0.401884 0.000010 0.001395 0.181449 0.083711 0.076497 0.000010 0.229187 0.025856
0.000010 0.095567 0.049148 0.000018 0.018191 0.000010 0.185471 0.651574 0.000010
0.382290 0.000010 0.059430 0.102229 0.000010 0.065874 0.000010 0.390137 0.000010
0.290407 0.040385 0.035664 0.165965 0.000010 0.000010 0.086522 0.381027 0.000010
0.140891 0.063570 0.042448 0.227287 0.044174 0.000010 0.076543 0.405066 0.000010
0.001631 0.017606 0.033103 0.159049 0.000010 0.000010 0.251739 0.501243 0.035609
0.223892 0.000010 0.002717 0.015751 0.000010 0.004412 0.118561 0.634637 0.000010
0.320363 0.035701 0.000010 0.071472 0.000010 0.000010 0.000010 0.572414 0.000010
0.290461 0.000010 0.060753 0.159668 0.000010 0.000010 0.000010 0.489068 0.000010
0.297137 0.000010 0.000010 0.000010 0.000010 0.000010 0.124721 0.578082 0.000010
0.302754 0.000010 0.000010 0.068494 0.000010 0.000010 0.086033 0.542670 0.000010
0.298465 0.098574 0.000010 0.159885 0.035482 0.000010 0.000010 0.407554 0.000010
0.123008 0.000010 0.045562 0.000010 0.146341 0.000010 0.095350 0.532729 0.056980
0.302943 0.094594 0.000010 0.123779 0.054880 0.000010 0.171026 0.252747 0.000010
0.271570 0.004066 0.093305 0.157213 0.000010 0.000010 0.000010 0.473806 0.000010
0.235601 0.000010 0.000010 0.071122 0.000610 0.000010 0.325719 0.366908 0.000010
0.202544 0.110108 0.053468 0.089457 0.000010 0.001460 0.000010 0.542933 0.000010
0.070986 0.014457 0.041208 0.043046 0.023333 0.012224 0.383468 0.411267 0.000010
0.375850 0.000010 0.000010 0.000010 0.062600 0.000010 0.000010 0.561490 0.000010
0.180738 0.000010 0.000010 0.187056 0.000010 0.014343 0.179709 0.438114 0.000010
0.352698 0.005817 0.117674 0.073850 0.000010 0.031372 0.121664 0.296905 0.000010
0.269397 0.000010 0.083817 0.104404 0.000010 0.047589 0.025896 0.422717 0.046160
0.309761 0.096415 0.000010 0.046161 0.000010 0.048008 0.000010 0.499615 0.000010
0.247281 0.158361 0.000014 0.000010 0.095980 0.000010 0.006402 0.480711 0.011232
0.225983 0.049612 0.008677 0.052939 0.021992 0.027503 0.048284 0.565001 0.000010
0.086749 0.084762 0.000010 0.197792 0.000010 0.043612 0.160762 0.408371 0.017931
0.353088 0.054159 0.082577 0.236228 0.000010 0.000010 0.000010 0.273908 0.000010
0.075039 0.051018 0.009039 0.200450 0.000010 0.000010 0.135964 0.528460 0.000010
0.121630 0.000010 0.000010 0.170312 0.000010 0.069307 0.092250 0.517001 0.029470
0.294698 0.213916 0.055497 0.000010 0.000010 0.000010 0.000010 0.435839 0.000010
0.338221 0.142680 0.000010 0.098105 0.004805 0.000010 0.000010 0.416149 0.000010
0.000010 0.073983 0.087405 0.253760 0.000012 0.000010 0.068447 0.516363 0.000010
0.054001 0.021666 0.000010 0.248850 0.000010 0.000010 0.121106 0.552559 0.001788
0.138478 0.125638 0.015228 0.331692 0.000011 0.000010 0.081598 0.238764 0.068581
0.000010 0.000010 0.062251 0.175682 0.000010 0.001745 0.181399 0.531453 0.047441
0.269372 0.267124 0.063267 0.000010 0.009381 0.029806 0.002199 0.358830 0.000010
0.049154 0.000010 0.186002 0.173699 0.000010 0.093429 0.137294 0.360392 0.000010
0.146194 0.118571 0.000010 0.298720 0.000010 0.000010 0.039936 0.396539 0.000010
0.206408 0.266420 0.011089 0.127559 0.000010 0.055535 0.101102 0.231867 0.000010
0.136377 0.052284 0.000010 0.092350 0.052065 0.026003 0.180715 0.460186 0.000010
0.385032 0.047779 0.133664 0.131200 0.000010 0.052175 0.000010 0.250120 0.000010
0.116059 0.093059 0.039434 0.271719 0.000010 0.160748 0.106058 0.194434 0.018480
0.150896 0.000010 0.109600 0.170546 0.000010 0.039283 0.230977 0.260367 0.038311
0.179027 0.028453 0.000010 0.045948 0.000010 0.061501 0.089344 0.546803 0.048904
0.156049 0.125447 0.002666 0.098167 0.000010 0.000010 0.003558 0.509796 0.104298
0.112399 0.000010 0.132905 0.088386 0.002733 0.000010 0.277841 0.304723 0.080993
0.094042 0.047517 0.000010 0.000010 0.000010 0.000010 0.183336 0.675055 0.000010
0.057325 0.000456 0.084910 0.061549 0.000010 0.000010 0.240626 0.555105 0.000010
0.034568 0.140589 0.100533 0.043128 0.002378 0.000010 0.098835 0.579949 0.000010
0.460308 0.205581 0.000010 0.028113 0.023699 0.026205 0.045583 0.210491 0.000010
0.036073 0.000010 0.094879 0.259514 0.187724 0.007953 0.112145 0.269924 0.031778
0.320129 0.000010 0.000010 0.000010 0.018663 0.000010 0.086156 0.567412 0.007601
0.312483 0.000010 0.000010 0.047466 0.076092 0.000010 0.137441 0.426478 0.000010
0.308269 0.000010 0.127367 0.025991 0.135388 0.024280 0.000010 0.348647 0.030038
0.175918 0.000010 0.312661 0.035768 0.000010 0.000010 0.207220 0.268393 0.000010
0.071971 0.070291 0.241011 0.000010 0.027345 0.000011 0.062555 0.526797 0.000010
0.230753 0.035832 0.042398 0.034179 0.106168 0.000010 0.127808 0.422841 0.000010
0.033128 0.051169 0.191061 0.000010 0.017409 0.070911 0.112700 0.480788 0.042823
0.216481 0.096231 0.000010 0.000010 0.020663 0.000010 0.125123 0.541462 0.000010
0.000010 0.027125 0.104273 0.214510 0.000010 0.000010 0.287521 0.366531 0.000010
0.108535 0.132942 0.000327 0.010594 0.007763 0.000010 0.316328 0.403878 0.019623
0.105241 0.031796 0.167450 0.000012 0.000010 0.030108 0.195070 0.470304 0.000010
0.288419 0.062428 0.098132 0.220578 0.047538 0.000010 0.000010 0.282875 0.000010
0.345487 0.000010 0.000010 0.270820 0.006350 0.000010 0.000010 0.377294 0.000010
0.431360 0.074320 0.000010 0.071123 0.000010 0.000010 0.011044 0.412114 0.000010
0.048227 0.000010 0.309620 0.186496 0.000010 0.000010 0.039300 0.416317 0.000010
0.266514 0.073555 0.076720 0.000010 0.223546 0.090884 0.011844 0.213375 0.043552
0.340697 0.072981 0.000010 0.009343 0.000010 0.000010 0.035082 0.520256 0.021611
0.216046 0.000010 0.051403 0.096665 0.010701 0.000010 0.191903 0.425723 0.007539
0.102798 0.047071 0.000010 0.000010 0.260940 0.000010 0.144229 0.444922 0.000010
0.000010 0.000010 0.012345 0.000010 0.000010 0.469552 0.000010 0.041880 0.476173
0.000010 0.010553 0.000010 0.000010 0.000010 0.544876 0.043655 0.000010 0.400865
0.000010 0.000010 0.000010 0.039296 0.009972 0.331227 0.000010 0.000010 0.619455
0.000010 0.000010 0.000010 0.000010 0.000010 0.355270 0.000010 0.017531 0.627138
0.000010 0.027698 0.000010 0.000010 0.000010 0.203527 0.000010 0.000010 0.768715
0.000010 0.000010 0.055791 0.000010 0.000010 0.283262 0.000010 0.000010 0.660886
0.000010 0.014560 0.000010 0.066968 0.000010 0.340953 0.000010 0.000010 0.577470
0.016848 0.000010 0.044528 0.000010 0.013403 0.247555 0.000010 0.000010 0.677626
0.104674 0.000010 0.000010 0.000010 0.000010 0.395447 0.018709 0.000010 0.481119
0.000010 0.000010 0.000010 0.000010 0.000010 0.233319 0.000010 0.031346 0.735275
0.000010 0.000010 0.000010 0.058066 0.021549 0.516072 0.000010 0.000010 0.404263
0.000010 0.000010 0.000010 0.000010 0.000010 0.376404 0.047958 0.000010 0.575578
0.000010 0.000010 0.000010 0.000010 0.000010 0.495949 0.027306 0.000010 0.476685
0.000010 0.011567 0.000010 0.000010 0.000010 0.368836 0.033637 0.000010 0.585911
0.000010 0.000010 0.000010 0.000010 0.000010 0.264131 0.016129 0.000010 0.719680
0.012495 0.027564 0.000010 0.000010 0.000010 0.479101 0.000010 0.000010 0.480791
0.000010 0.000010 0.000010 0.043660 0.064742 0.405972 0.000010 0.000010 0.485576
0.000010 0.000010 0.000010 0.000010 0.034826 0.514722 0.000010 0.000010 0.450392
0.000010 0.085602 0.000010 0.000010 0.049277 0.203807 0.000010 0.000010 0.661264
0.000010 0.007689 0.000010 0.000010 0.000010 0.355321 0.000010 0.000010 0.636930
0.000010 0.000010 0.059462 0.000010 0.000010 0.493903 0.000010 0.000010 0.446575
0.000010 0.074635 0.000010 0.053302 0.000010 0.390692 0.017817 0.002580 0.460943
0.000015 0.000010 0.000010 0.000010 0.000010 0.388330 0.000010 0.000010 0.611595
0.000010 0.021838 0.000010 0.011034 0.000010 0.397699 0.000010 0.000010 0.569378
0.000010 0.001383 0.000010 0.000010 0.000010 0.385586 0.000010 0.000010 0.612971
0.000010 0.031022 0.000010 0.000010 0.000010 0.420906 0.014025 0.000010 0.533997
0.000010 0.034990 0.000010 0.000010 0.000010 0.495363 0.000010 0.000010 0.469587
0.000010 0.000010 0.000010 0.000010 0.076098 0.391195 0.015928 0.000010 0.516730
0.000010 0.000010 0.204354 0.000010 0.570150 0.000010 0.186228 0.039218 0.000010
0.224600 0.130281 0.000010 0.369523 0.065454 0.000010 0.028052 0.182060 0.000010
0.491316 0.015958 0.000010 0.347765 0.107182 0.000010 0.000010 0.037739 0.000010
0.576835 0.000010 0.057342 0.181860 0.183913 0.000010 0.000010 0.000010 0.000010
0.323675 0.000010 0.000010 0.348087 0.098224 0.000010 0.000010 0.229964 0.000010
0.521377 0.103010 0.000010 0.290894 0.000010 0.000010 0.000010 0.050751 0.033928
0.457027 0.015667 0.000010 0.154333 0.000010 0.000010 0.008729 0.364204 0.000010
0.250940 0.094562 0.000010 0.485106 0.000010 0.000010 0.033186 0.136166 0.000010
0.287665 0.000010 0.000010 0.404114 0.000010 0.032487 0.095583 0.111128 0.068994
0.492000 0.000010 0.000010 0.202916 0.068185 0.049691 0.000010 0.146039 0.041138
0.453872 0.000010 0.000010 0.154956 0.030410 0.000010 0.000010 0.360712 0.000010
0.447517 0.113609 0.000010 0.249871 0.000010 0.000010 0.000010 0.188954 0.000010
0.682721 0.097150 0.000010 0.093890 0.000010 0.000010 0.000010 0.101586 0.024613
0.513469 0.000010 0.000010 0.474713 0.000010 0.000010 0.011758 0.000010 0.000010
0.290529 0.038763 0.000010 0.161840 0.069189 0.014748 0.072819 0.352091 0.000010
0.193618 0.029558 0.000010 0.313362 0.092653 0.000010 0.001595 0.336247 0.032947
0.463581 0.022200 0.000010 0.336571 0.137280 0.000010 0.000010 0.040328 0.000010
0.184525 0.000010 0.075990 0.357160 0.049262 0.000010 0.000010 0.333023 0.000010
0.356593 0.120850 0.003315 0.253457 0.044409 0.006233 0.000010 0.215123 0.000010
0.662677 0.000010 0.000010 0.337253 0.000010 0.000010 0.000010 0.000010 0.000010
0.148301 0.124396 0.000010 0.412598 0.000010 0.000010 0.000010 0.314655 0.000010
0.267053 0.000809 0.000010 0.465349 0.000010 0.000010 0.031199 0.235549 0.000010
0.281921 0.000010 0.000010 0.456531 0.139310 0.000010 0.000010 0.116526 0.005672
0.201955 0.150409 0.000010 0.403711 0.045594 0.041901 0.009466 0.146943 0.000010
0.485244 0.000010 0.090851 0.281925 0.036687 0.000010 0.000010 0.105252 0.000010
0.165982 0.000010 0.000010 0.375874 0.082480 0.000010 0.000010 0.341439 0.034185
0.480895 0.000010 0.000010 0.313777 0.000010 0.000010 0.000010 0.179122 0.026156
0.330508 0.017581 0.000010 0.554928 0.000010 0.019373 0.034373 0.000010 0.043207
0.404983 0.000010 0.000010 0.382058 0.020837 0.000010 0.000010 0.155660 0.036422
0.000012 0.000010 0.000010 0.000010 0.941165 0.000010 0.000010 0.058763 0.000010
0.000010 0.000950 0.000010 0.000010 0.934530 0.001320 0.063150 0.000010 0.000010
0.000010 0.051062 0.000010 0.000010 0.907167 0.000010 0.000010 0.041712 0.000010
0.000010 0.000010 0.000010 0.000010 0.938013 0.000010 0.061917 0.000010 0.000010
0.000010 0.002189 0.087591 0.101655 0.673940 0.000010 0.134585 0.000010 0.000010
0.000010 0.065992 0.000010 0.000010 0.850707 0.000010 0.056690 0.000010 0.026561
0.000010 0.000010 0.000010 0.032813 0.967117 0.000010 0.000010 0.000010 0.000010
0.000010 0.063524 0.000017 0.000017 0.877713 0.000010 0.000010 0.058689 0.000010
0.000010 0.000010 0.000017 0.000010 0.898883 0.000010 0.101040 0.000010 0.000010
0.000010 0.000010 0.000010 0.060890 0.932166 0.000010 0.006885 0.000010 0.000010
0.000010 0.061141 0.000010 0.000010 0.869886 0.000010 0.068913 0.000010 0.000010
0.000010 0.000010 0.000010 0.047393 0.943137 0.000010 0.009410 0.000010 0.000010
0.000013 0.000010 0.000010 0.000010 0.934015 0.000010 0.005046 0.060876 0.000010
0.000010 0.000010 0.000010 0.000010 0.891686 0.000010 0.108244 0.000010 0.000010
0.000010 0.000010 0.000010 0.000010 0.930577 0.018534 0.035323 0.010764 0.004762
0.000010 0.000010 0.000010 0.000010 0.876723 0.000010 0.105919 0.017298 0.000010
0.000010 0.000010 0.000010 0.000010 0.982549 0.000010 0.017381 0.000010 0.000010
0.589575 0.000010 0.000010 0.069353 0.046213 0.018474 0.000010 0.276345 0.000010
0.469340 0.000010 0.000010 0.034206 0.054737 0.000010 0.078614 0.321529 0.041544
0.273076 0.000010 0.190705 0.201591 0.000010 0.000010 0.088953 0.245635 0.000010
0.396263 0.030513 0.002854 0.288842 0.035607 0.000010 0.000010 0.245890 0.000010
0.513884 0.000010 0.000010 0.158319 0.000010 0.000010 0.000010 0.306398 0.021348
0.526110 0.052760 0.018887 0.000010 0.063496 0.011292 0.075907 0.187440 0.064098
0.600638 0.083418 0.006671 0.000010 0.022188 0.000010 0.007514 0.266948 0.012604
0.651869 0.000010 0.139946 0.000010 0.000010 0.000010 0.000010 0.202767 0.005368
0.455102 0.160742 0.000010 0.018808 0.000010 0.000010 0.099054 0.266255 0.000010
0.627518 0.033012 0.000010 0.216429 0.000010 0.000010 0.000010 0.071926 0.051075
0.432792 0.000010 0.000010 0.293248 0.163713 0.000010 0.010334 0.084200 0.015682
0.435363 0.098958 0.000010 0.215111 0.000010 0.000010 0.000010 0.122152 0.128376
0.479378 0.009573 0.046283 0.194585 0.132889 0.000010 0.000010 0.137261 0.000010
0.367165 0.000010 0.000010 0.080190 0.042339 0.000010 0.000010 0.391224 0.119042
0.433398 0.066187 0.010729 0.216972 0.054600 0.000010 0.000010 0.218084 0.000010
0.629260 0.000010 0.000010 0.014912 0.072553 0.000010 0.000010 0.283225 0.000010
0.603387 0.000010 0.012901 0.034829 0.048441 0.014262 0.000010 0.286150 0.000010
0.646246 0.000010 0.000010 0.000010 0.094565 0.000010 0.000010 0.205056 0.054082
0.356631 0.000010 0.000010 0.000010 0.205205 0.000010 0.032409 0.300815 0.104900
0.494713 0.112519 0.016823 0.000010 0.040488 0.026028 0.116654 0.080016 0.112749
0.462097 0.000010 0.000010 0.075331 0.062311 0.000010 0.000010 0.400211 0.000010
0.532748 0.000010 0.000010 0.132448 0.000010 0.000010 0.070346 0.264407 0.000010
0.749473 0.000010 0.000010 0.028615 0.000010 0.000010 0.000010 0.157478 0.064384
0.455923 0.067296 0.044434 0.044243 0.071122 0.000010 0.000010 0.316953 0.000010
0.344943 0.000010 0.096514 0.117215 0.000010 0.000010 0.000010 0.369775 0.071513
0.593402 0.000010 0.000010 0.131997 0.000010 0.000010 0.000010 0.158161 0.116390
0.422811 0.000010 0.072544 0.108255 0.000010 0.000010 0.070893 0.325457 0.000010
0.592248 0.095288 0.000010 0.000010 0.000010 0.000010 0.036782 0.275631 0.000010
0.727877 0.082524 0.000010 0.000010 0.000010 0.000010 0.000010 0.189538 0.000010
0.436219 0.000010 0.000010 0.018051 0.046248 0.000010 0.000010 0.440562 0.058880
0.545799 0.036265 0.033135 0.088227 0.000010 0.000010 0.000010 0.249490 0.047054
0.416232 0.115956 0.000010 0.000010 0.000010 0.000010 0.000010 0.371869 0.095892
0.405708 0.000010 0.000010 0.108641 0.105028 0.000010 0.178614 0.180676 0.021303
0.531335 0.000010 0.157045 0.000010 0.000010 0.000010 0.000010 0.254138 0.057431
0.512822 0.000010 0.115130 0.000010 0.108853 0.003120 0.000010 0.203169 0.056876
0.536918 0.006623 0.000010 0.176356 0.000010 0.019181 0.022787 0.154193 0.083920
0.556151 0.000010 0.047654 0.085941 0.000010 0.037314 0.000010 0.246575 0.026336
0.410724 0.165272 0.000010 0.000010 0.000010 0.000010 0.043901 0.318191 0.061872
0.436440 0.140918 0.075258 0.000010 0.000933 0.049083 0.000010 0.297338 0.000010
0.484037 0.000010 0.000010 0.049339 0.070328 0.000010 0.113942 0.274636 0.007689
0.653796 0.000010 0.000010 0.000010 0.048512 0.000010 0.000010 0.286078 0.011565
0.580684 0.003058 0.140326 0.000010 0.010684 0.042250 0.028670 0.194308 0.000010
0.550204 0.000010 0.000010 0.018463 0.064276 0.021590 0.014550 0.330887 0.000010
0.572670 0.000010 0.000010 0.045988 0.222669 0.000010 0.000010 0.127550 0.031083
0.673139 0.004528 0.000010 0.087825 0.000010 0.000010 0.069525 0.084905 0.080047
0.740647 0.000010 0.000010 0.000010 0.035142 0.035961 0.000010 0.187371 0.000840
0.520877 0.000010 0.000010 0.270709 0.145990 0.000010 0.000010 0.062374 0.000010
0.669137 0.000010 0.000010 0.000010 0.000010 0.100437 0.000010 0.230366 0.000010
0.598940 0.113030 0.000010 0.000010 0.000010 0.000010 0.068574 0.145629 0.073787
0.471276 0.141993 0.031605 0.000010 0.164772 0.000010 0.000010 0.149401 0.040923
0.667965 0.069531 0.000010 0.000010 0.085752 0.004422 0.008787 0.163513 0.000010
0.667723 0.013692 0.002010 0.005950 0.000010 0.021444 0.000010 0.289150 0.000010
0.528226 0.000010 0.027020 0.000010 0.000010 0.056568 0.079201 0.202688 0.106267
0.486257 0.000010 0.000010 0.239238 0.000010 0.000010 0.000010 0.085965 0.188490
0.424200 0.057056 0.071059 0.169192 0.000010 0.000010 0.219766 0.004585 0.054122
0.052113 0.000010 0.004782 0.000010 0.067833 0.058771 0.000010 0.000010 0.816461
0.497100 0.044533 0.000010 0.000010 0.004271 0.049954 0.071459 0.214076 0.118588
0.652517 0.000010 0.000010 0.000010 0.000010 0.001592 0.000010 0.345831 0.000010
0.767907 0.000010 0.000010 0.000010 0.150105 0.000010 0.000010 0.081928 0.000010
0.556823 0.098375 0.000010 0.000010 0.067448 0.030403 0.000010 0.000010 0.246911
0.699182 0.019524 0.000010 0.000010 0.138807 0.000010 0.000010 0.142437 0.000010
0.586720 0.011315 0.000010 0.000010 0.144519 0.023284 0.000010 0.185285 0.048848
0.444719 0.006521 0.000010 0.000010 0.019102 0.000010 0.108204 0.411545 0.009878
0.564941 0.045875 0.000010 0.021850 0.000010 0.000010 0.000010 0.306808 0.060486
0.558052 0.000010 0.000010 0.000010 0.078996 0.028970 0.048093 0.241135 0.044723
0.806345 0.000010 0.000010 0.000012 0.000010 0.000010 0.000010 0.193583 0.000010
0.651801 0.000010 0.000010 0.134485 0.047192 0.035707 0.000010 0.000010 0.130774
0.738948 0.000010 0.022250 0.000010 0.000010 0.050846 0.000010 0.051888 0.136028
0.597265 0.043403 0.000010 0.000010 0.000010 0.000010 0.000010 0.278669 0.080613
0.634541 0.022096 0.000010 0.037977 0.169769 0.021240 0.069279 0.041020 0.004068
0.373487 0.000475 0.000010 0.090882 0.195582 0.053412 0.030930 0.108221 0.147000
0.584350 0.062684 0.000010 0.031958 0.000010 0.013746 0.000010 0.069799 0.237433
0.528066 0.003210 0.000010 0.000010 0.057237 0.000010 0.033757 0.253217 0.124483
0.517543 0.000010 0.051086 0.020814 0.080171 0.000010 0.000010 0.216279 0.114076
0.641620 0.000010 0.000010 0.000010 0.000010 0.000010 0.019736 0.187307 0.151287
0.454558 0.000010 0.287700 0.000012 0.105394 0.038489 0.000010 0.096235 0.017591
0.530647 0.000010 0.000010 0.045354 0.096230 0.000010 0.000010 0.327718 0.000010
0.632674 0.000010 0.000010 0.095060 0.000010 0.038365 0.093813 0.090786 0.049272
0.501875 0.277108 0.000010 0.186528 0.000010 0.000010 0.028282 0.000010 0.006166
0.642922 0.000010 0.000010 0.000010 0.003550 0.000010 0.023812 0.192068 0.137608
0.539004 0.000010 0.046261 0.000010 0.000010 0.000010 0.069309 0.333576 0.011810
0.471923 0.024893 0.000010 0.034438 0.072359 0.015699 0.000010 0.380658 0.000010
0.394111 0.000010 0.000010 0.110401 0.000010 0.000010 0.111268 0.384169 0.000010
0.557137 0.002132 0.000010 0.000010 0.042999 0.040424 0.118387 0.191720 0.047181
0.441414 0.000010 0.076207 0.000010 0.000010 0.017257 0.000010 0.435600 0.029482
0.733867 0.000010 0.026242 0.000010 0.037474 0.058279 0.000010 0.144099 0.000010
0.670482 0.063055 0.000010 0.042294 0.000010 0.000010 0.000010 0.223064 0.001064
0.000010 0.000010 0.000010 0.000010 0.833694 0.022604 0.143642 0.000010 0.000010
0.000010 0.000010 0.000010 0.000010 0.977258 0.000015 0.022667 0.000010 0.000010
0.000010 0.052087 0.009451 0.000010 0.891119 0.000010 0.047293 0.000010 0.000010
0.000010 0.000010 0.000010 0.000010 0.883063 0.008161 0.100146 0.000010 0.008580
0.000010 0.013205 0.120759 0.000010 0.642643 0.000010 0.223344 0.000010 0.000010
0.000010 0.000010 0.000010 0.000010 0.932354 0.000010 0.067306 0.000010 0.000281
0.000010 0.000014 0.000010 0.000010 0.903565 0.000010 0.096361 0.000010 0.000010
0.537796 0.000010 0.000010 0.234007 0.028080 0.000010 0.200066 0.000010 0.000010
0.646731 0.045555 0.000010 0.178670 0.024158 0.000010 0.104846 0.000010 0.000010
0.536456 0.017993 0.000010 0.399275 0.006398 0.000010 0.000010 0.011761 0.028086
0.378526 0.014509 0.000010 0.266236 0.043773 0.000010 0.158961 0.137965 0.000010
0.762764 0.000010 0.000010 0.011668 0.008325 0.000010 0.000010 0.139400 0.077804
0.708814 0.068976 0.000010 0.151987 0.000010 0.000010 0.000010 0.070172 0.000010
0.184452 0.000010 0.071209 0.381918 0.024223 0.000010 0.067840 0.246878 0.023460
0.468869 0.062073 0.124463 0.245558 0.070372 0.000010 0.028636 0.000010 0.000010
0.379564 0.002902 0.000010 0.494765 0.083028 0.000010 0.000010 0.038886 0.000825
0.684882 0.046153 0.000010 0.265557 0.000010 0.000010 0.000010 0.003358 0.000010
0.585488 0.000010 0.000010 0.000010 0.000010 0.035986 0.000010 0.290645 0.087831
0.510847 0.000010 0.107576 0.069425 0.000010 0.000010 0.131094 0.164075 0.016953
0.521887 0.000010 0.015452 0.000010 0.116780 0.019546 0.020825 0.269512 0.035978
0.557311 0.083138 0.001044 0.000010 0.000010 0.019858 0.035650 0.302969 0.000010
0.364067 0.000010 0.000010 0.197047 0.004605 0.047943 0.170621 0.173382 0.042315
0.584131 0.000010 0.000010 0.080863 0.005732 0.000010 0.100710 0.074782 0.153751
0.482878 0.000010 0.000010 0.000010 0.059286 0.048201 0.068632 0.227896 0.113078
0.458854 0.056683 0.000010 0.004471 0.000010 0.000010 0.093108 0.090873 0.295982
0.326500 0.018885 0.023029 0.132059 0.000010 0.000010 0.000010 0.330333 0.169163
0.352779 0.034665 0.000010 0.000010 0.179798 0.081899 0.000010 0.135723 0.215106
0.131773 0.000010 0.080327 0.103868 0.000010 0.003556 0.254909 0.425536 0.000010
0.415163 0.046721 0.000010 0.074413 0.040009 0.119711 0.176983 0.126979 0.000010
0.481069 0.000010 0.000010 0.053343 0.007953 0.000010 0.086895 0.337523 0.033186
0.625355 0.000010 0.000010 0.102644 0.135235 0.000010 0.000010 0.068797 0.067929
0.466948 0.106753 0.006235 0.066654 0.036402 0.000010 0.011647 0.278714 0.026637
0.553126 0.000010 0.000010 0.059244 0.120594 0.011721 0.000010 0.233688 0.021597
0.422966 0.000010 0.000010 0.000010 0.000010 0.066303 0.000010 0.204745 0.305935
0.630688 0.004402 0.000010 0.079146 0.000010 0.000010 0.000010 0.193360 0.092364
0.538521 0.016608 0.000017 0.157468 0.137113 0.015767 0.005717 0.128779 0.000010
0.555623 0.000010 0.000010 0.021553 0.000010 0.069996 0.000010 0.191733 0.161055
0.429562 0.048052 0.000010 0.005005 0.000010 0.076632 0.038444 0.401306 0.000979
0.518687 0.057312 0.000010 0.088519 0.123514 0.037619 0.000010 0.150416 0.023914
0.611019 0.000010 0.000010 0.110380 0.000010 0.000010 0.108029 0.024817 0.145715
0.352830 0.018841 0.113410 0.122541 0.059227 0.000010 0.000010 0.253736 0.079395
0.481533 0.074295 0.020388 0.036239 0.092093 0.098730 0.090738 0.086207 0.019777
0.000010 0.868876 0.000010 0.000010 0.000010 0.065809 0.000010 0.061094 0.004171
0.000010 0.538944 0.000010 0.333898 0.000010 0.000010 0.030854 0.089520 0.006744
0.000010 0.989266 0.005621 0.000010 0.000010 0.000010 0.000010 0.005054 0.000010
0.000010 0.925664 0.000010 0.000010 0.000010 0.000010 0.000010 0.074266 0.000010
0.000010 0.003667 0.519813 0.000010 0.000010 0.000010 0.476460 0.000010 0.000010
0.000010 0.181649 0.559609 0.000010 0.000010 0.000010 0.258682 0.000010 0.000010
0.000010 0.021154 0.348560 0.047288 0.051451 0.023838 0.412078 0.000010 0.095610
0.000010 0.000010 0.343412 0.000010 0.121296 0.000010 0.535232 0.000010 0.000010
0.057894 0.036188 0.383438 0.000010 0.106929 0.033747 0.381773 0.000010 0.000010
0.000010 0.044597 0.665585 0.000010 0.000010 0.000010 0.289758 0.000010 0.000010
0.066156 0.000010 0.430984 0.000010 0.077682 0.000010 0.372790 0.008403 0.043955
0.000010 0.081036 0.362723 0.000013 0.046617 0.000010 0.447361 0.062220 0.000010
0.000010 0.000010 0.495251 0.000010 0.000010 0.000010 0.377100 0.127590 0.000010
0.022526 0.000010 0.567804 0.000010 0.000010 0.000010 0.408801 0.000010 0.000819
0.381126 0.000010 0.000010 0.166222 0.000010 0.000010 0.038098 0.308472 0.106042
0.588962 0.065453 0.000010 0.010569 0.000010 0.000010 0.043071 0.147054 0.144861
0.816889 0.000010 0.000010 0.018631 0.130795 0.020616 0.000010 0.000010 0.013029
0.437599 0.100233 0.000010 0.000010 0.011828 0.000010 0.046038 0.309980 0.094292
0.490084 0.008651 0.000010 0.087621 0.000010 0.039560 0.035165 0.131637 0.207261
0.793669 0.000010 0.000010 0.074345 0.099760 0.000010 0.000010 0.032175 0.000010
0.518246 0.000010 0.000010 0.026525 0.055184 0.015635 0.009383 0.361936 0.013072
0.622952 0.000010 0.105627 0.022092 0.010710 0.000010 0.030148 0.200731 0.007721
0.601100 0.081829 0.000010 0.000010 0.121824 0.000010 0.006512 0.124932 0.063773
0.237629 0.000010 0.048235 0.127351 0.000010 0.030424 0.168445 0.118231 0.269664
0.433423 0.000010 0.032007 0.359235 0.102665 0.015721 0.000010 0.056919 0.000010
0.625462 0.000010 0.000010 0.041063 0.067601 0.000010 0.000010 0.216895 0.048940
0.570289 0.070536 0.066148 0.000010 0.000010 0.000010 0.106945 0.186041 0.000010
0.527927 0.000010 0.000010 0.159839 0.000010 0.000010 0.047660 0.250058 0.014476
0.459229 0.000010 0.020908 0.000010 0.163477 0.031152 0.000010 0.325194 0.000010
0.463482 0.000010 0.000010 0.040500 0.048411 0.080117 0.000010 0.117028 0.250432
0.617558 0.004338 0.000010 0.188609 0.000010 0.056438 0.000010 0.116677 0.016349
0.555550 0.000010 0.000010 0.200160 0.014194 0.000010 0.097478 0.105786 0.026803
0.604298 0.000571 0.000010 0.092442 0.004528 0.000010 0.000010 0.262280 0.035851
0.484634 0.000010 0.000010 0.205674 0.000010 0.049126 0.000010 0.260517 0.000010
0.427310 0.000010 0.000010 0.000010 0.000010 0.028601 0.000010 0.440650 0.103389
0.000010 0.054406 0.532864 0.000010 0.071552 0.000010 0.341127 0.000010 0.000010
0.009186 0.000010 0.771436 0.000010 0.057325 0.008697 0.147576 0.004244 0.001516
0.000010 0.036628 0.694971 0.000010 0.000010 0.018600 0.200563 0.049198 0.000010
0.000010 0.000010 0.657491 0.000010 0.000010 0.000010 0.315164 0.027285 0.000010
0.000010 0.000010 0.754506 0.000010 0.000010 0.000010 0.159325 0.086110 0.000010
0.000010 0.000010 0.785162 0.000010 0.042648 0.009733 0.118478 0.043939 0.000010
0.000010 0.000010 0.606599 0.000010 0.115886 0.000010 0.277456 0.000010 0.000010
0.000010 0.000010 0.679009 0.000010 0.090493 0.003255 0.227193 0.000010 0.000010
0.022045 0.032727 0.664556 0.000010 0.000010 0.000010 0.271342 0.009291 0.000010
0.000010 0.000010 0.744636 0.000010 0.000010 0.000010 0.255294 0.000010 0.000010
0.000010 0.000010 0.626401 0.066529 0.068696 0.000010 0.238324 0.000010 0.000010
0.000010 0.000010 0.641122 0.000010 0.000010 0.000010 0.240830 0.117988 0.000010
0.000010 0.147685 0.648093 0.000010 0.000010 0.000010 0.196102 0.008070 0.000010
0.000010 0.128818 0.639636 0.000010 0.083007 0.000010 0.148490 0.000010 0.000010
0.092707 0.071583 0.502976 0.000010 0.073894 0.000010 0.258799 0.000010 0.000010
0.000010 0.000010 0.731585 0.000010 0.056576 0.000010 0.211779 0.000010 0.000010
0.000010 0.000010 0.768916 0.000010 0.000010 0.000010 0.221240 0.009784 0.000010
0.000010 0.063305 0.746782 0.000010 0.000010 0.000010 0.189853 0.000010 0.000010
0.000010 0.153334 0.619990 0.000010 0.100370 0.000010 0.126256 0.000010 0.000010
0.000010 0.000010 0.565843 0.000010 0.041168 0.000010 0.290764 0.102176 0.000010
0.000010 0.061929 0.475454 0.000010 0.020732 0.000010 0.408399 0.033446 0.000010
0.000010 0.067778 0.494766 0.000010 0.000010 0.000010 0.397669 0.039737 0.000010
0.000010 0.092490 0.651394 0.000010 0.000010 0.000010 0.256055 0.000010 0.000010
0.000010 0.000010 0.613910 0.042044 0.032631 0.000010 0.311366 0.000010 0.000010
0.000010 0.000010 0.613370 0.000010 0.000010 0.000010 0.360741 0.000010 0.025829
0.000010 0.000010 0.643317 0.000010 0.057492 0.000010 0.299131 0.000010 0.000010
0.000010 0.000010 0.648384 0.000010 0.000010 0.000010 0.344776 0.000010 0.006779
0.000010 0.000010 0.659612 0.000010 0.000010 0.032074 0.282837 0.025427 0.000010
0.004378 0.000010 0.542935 0.073151 0.000010 0.000010 0.312245 0.000010 0.067251
0.000010 0.122587 0.744317 0.000010 0.000010 0.000010 0.130951 0.002095 0.000010
0.000010 0.000010 0.703194 0.000010 0.000010 0.000010 0.239799 0.054736 0.002221
0.000010 0.014829 0.484351 0.000010 0.076431 0.000010 0.334576 0.089773 0.000010
0.022899 0.000010 0.592213 0.000010 0.000010 0.000010 0.367580 0.017258 0.000010
0.000010 0.000010 0.823151 0.000010 0.000010 0.000010 0.176779 0.000010 0.000010
0.000010 0.000010 0.860614 0.000010 0.000010 0.000010 0.139316 0.000010 0.000010
0.000010 0.000010 0.677026 0.000010 0.044287 0.000010 0.235070 0.043567 0.000010
0.000010 0.004566 0.463155 0.000010 0.034193 0.000010 0.492598 0.005448 0.000010
0.049078 0.125688 0.543412 0.000010 0.000010 0.000010 0.281771 0.000010 0.000010
0.000010 0.105247 0.531217 0.037328 0.000010 0.000010 0.319314 0.000010 0.006854
0.000010 0.000010 0.272293 0.000010 0.677751 0.000010 0.049256 0.000010 0.000649
0.000010 0.000010 0.000010 0.000010 0.999918 0.000012 0.000010 0.000010 0.000010
0.000010 0.019541 0.760157 0.000010 0.000010 0.000010 0.220242 0.000010 0.000010
0.000010 0.000010 0.548235 0.000010 0.000010 0.000010 0.451695 0.000010 0.000010
0.477817 0.000010 0.000010 0.335876 0.107468 0.000010 0.000010 0.078788 0.000010
0.448181 0.000010 0.000010 0.190277 0.030786 0.010931 0.014595 0.305201 0.000010
0.458717 0.000010 0.000010 0.332709 0.000010 0.000010 0.084547 0.123977 0.000010
0.451375 0.000010 0.000010 0.391872 0.067309 0.000010 0.000010 0.089394 0.000010
0.332177 0.000010 0.047403 0.424652 0.106915 0.000010 0.015469 0.000010 0.073354
0.512798 0.000010 0.000010 0.128293 0.058780 0.000010 0.016446 0.273911 0.009742
0.396150 0.000010 0.000010 0.216615 0.214728 0.000010 0.000010 0.172457 0.000010
0.285475 0.183880 0.037396 0.197677 0.017117 0.075578 0.000010 0.202856 0.000010
0.354385 0.041577 0.000010 0.425844 0.037954 0.000010 0.000010 0.140199 0.000010
0.499407 0.000010 0.000010 0.235636 0.093853 0.000010 0.000010 0.171054 0.000010
0.288528 0.000010 0.000010 0.476216 0.003338 0.000010 0.231868 0.000010 0.000010
0.404746 0.000010 0.000010 0.334554 0.000010 0.000010 0.076519 0.184132 0.000010
0.292464 0.139418 0.000010 0.288129 0.059144 0.000010 0.000010 0.220805 0.000010
0.000010 0.000010 0.632824 0.000010 0.056743 0.032539 0.277843 0.000010 0.000010
0.000010 0.103686 0.463985 0.000010 0.021129 0.000010 0.411150 0.000010 0.000010
0.000010 0.094335 0.579277 0.000010 0.000010 0.000010 0.326329 0.000010 0.000010
0.000010 0.000010 0.714468 0.000010 0.126710 0.000010 0.158762 0.000010 0.000010
0.000010 0.103701 0.610336 0.000010 0.000010 0.000010 0.285903 0.000010 0.000010
0.000010 0.000010 0.624342 0.000010 0.000010 0.000010 0.375588 0.000010 0.000010
0.000010 0.096033 0.683046 0.000010 0.000010 0.009017 0.211855 0.000010 0.000010
0.000010 0.042719 0.582024 0.028309 0.005219 0.015781 0.319758 0.000010 0.006171
0.000010 0.000010 0.489935 0.000010 0.187181 0.000010 0.322824 0.000010 0.000010
0.000010 0.000010 0.688873 0.000010 0.000010 0.000010 0.241195 0.069872 0.000010
0.000010 0.000010 0.617691 0.000010 0.000010 0.000010 0.382239 0.000010 0.000010
0.000010 0.000010 0.632704 0.000010 0.036767 0.000010 0.299358 0.031121 0.000010
