0.190891 0.005205 0.062654 0.000010 0.004473 0.000010 0.152680 0.549780 0.034297
0.385544 0.126140 0.024216 0.103471 0.017685 0.000010 0.059483 0.283441 0.000010
0.200573 0.099162 0.000010 0.000010 0.000010 0.000010 0.133739 0.495399 0.071088
0.068258 0.066409 0.048203 0.253314 0.000010 0.037372 0.101347 0.366423 0.058665
0.093095 0.105832 0.000654 0.088196 0.095946 0.005059 0.008626 0.535552 0.067040
0.114997 0.000010 0.041157 0.057947 0.012639 0.024548 0.000010 0.568292 0.180399
0.297345 0.008342 0.073401 0.000053 0.000010 0.000010 0.120712 0.500118 0.000010
0.192368 0.131765 0.175892 0.146855 0.000010 0.000010 0.020979 0.332112 0.000010
0.348315 0.067165 0.196291 0.000010 0.000010 0.000010 0.000010 0.388179 0.000010
0.244007 0.000010 0.170823 0.236726 0.059492 0.034471 0.000017 0.254445 0.000010
0.290715 0.000010 0.169609 0.000014 0.000010 0.000010 0.000010 0.489873 0.049749
0.202642 0.028006 0.055125 0.142898 0.045757 0.000010 0.000010 0.525542 0.000010
0.000010 0.115040 0.000010 0.117984 0.044247 0.000010 0.117742 0.539223 0.065733
0.160974 0.005753 0.000010 0.000010 0.000010 0.000010 0.183875 0.341733 0.307624
0.302638 0.059088 0.000010 0.004515 0.138273 0.000010 0.088134 0.407322 0.000010
0.284679 0.207231 0.095391 0.000010 0.000010 0.000010 0.000010 0.412650 0.000010
0.388572 0.000010 0.000010 0.069959 0.000010 0.000010 0.067354 0.474065 0.000010
0.473970 0.176170 0.059681 0.008857 0.000010 0.000010 0.000010 0.281282 0.000010
0.237632 0.160502 0.000010 0.118147 0.074951 0.000010 0.007179 0.401559 0.000010
0.199207 0.029529 0.000010 0.076611 0.000010 0.000010 0.157672 0.497754 0.039197
0.167034 0.160212 0.059828 0.040385 0.000010 0.000010 0.000010 0.572501 0.000010
0.443054 0.054168 0.000010 0.087306 0.035037 0.093386 0.000010 0.269431 0.017597
0.227629 0.075791 0.022784 0.000010 0.035335 0.117016 0.000010 0.089045 0.432381
0.241808 0.000010 0.065859 0.061182 0.000010 0.000010 0.091409 0.522812 0.016901
0.193074 0.106564 0.045830 0.251235 0.009074 0.000010 0.000010 0.394193 0.000010
0.107810 0.026069 0.060594 0.173946 0.049585 0.040807 0.046396 0.494783 0.000010
0.159731 0.121080 0.000010 0.000010 0.079223 0.020890 0.145054 0.473992 0.000010
0.311188 0.001909 0.079920 0.091647 0.000010 0.000010 0.064770 0.374539 0.076007
0.157595 0.222955 0.039061 0.000010 0.000010 0.075859 0.126620 0.377881 0.000010
0.455114 0.000010 0.022616 0.000010 0.000010 0.000010 0.187252 0.334968 0.000010
0.338363 0.000010 0.000010 0.043004 0.000010 0.000010 0.000010 0.463104 0.155479
0.253323 0.000010 0.229177 0.000010 0.028584 0.000010 0.000010 0.361873 0.127003
0.319491 0.000010 0.141702 0.045073 0.054415 0.000010 0.046884 0.392405 0.000010
0.230599 0.000010 0.111960 0.240819 0.000010 0.083352 0.082981 0.250259 0.000010
0.000010 0.028973 0.069231 0.033188 0.194944 0.000010 0.258024 0.413157 0.002463
0.268333 0.000010 0.069509 0.000010 0.000010 0.079312 0.105690 0.477116 0.000010
0.230986 0.135987 0.000010 0.027006 0.032533 0.000010 0.145701 0.427758 0.000010
0.216686 0.045700 0.066145 0.137965 0.000010 0.030537 0.127767 0.375180 0.000010
0.231296 0.105289 0.025420 0.028935 0.000010 0.080276 0.000010 0.512080 0.016683
0.261379 0.130593 0.026746 0.000020 0.028236 0.048639 0.057011 0.447365 0.000010
0.636455 0.017289 0.126183 0.000012 0.047075 0.000010 0.017034 0.155932 0.000010
0.210870 0.141458 0.040787 0.000010 0.000010 0.000010 0.000010 0.606835 0.000010
0.266636 0.310158 0.135838 0.000014 0.000010 0.000010 0.000012 0.287312 0.000010
0.346821 0.000010 0.167322 0.113024 0.000010 0.063060 0.040255 0.269488 0.000010
0.286609 0.000010 0.158283 0.000010 0.000010 0.000010 0.050201 0.504857 0.000010
0.262665 0.000010 0.000014 0.000010 0.000010 0.000010 0.000010 0.646064 0.091207
0.331711 0.003299 0.053242 0.005515 0.000010 0.000010 0.118166 0.473896 0.014152
0.290159 0.051591 0.095831 0.000010 0.074818 0.000010 0.054082 0.433489 0.000010
0.000010 0.001021 0.654188 0.000010 0.040064 0.000010 0.229178 0.075509 0.000010
0.197932 0.000010 0.437451 0.000010 0.078448 0.000010 0.282510 0.003619 0.000010
0.080211 0.023105 0.357300 0.177906 0.000010 0.000010 0.251036 0.000010 0.110413
0.035545 0.096743 0.454591 0.069568 0.077875 0.021380 0.170295 0.022862 0.051141
0.000010 0.036263 0.217224 0.155646 0.000010 0.000010 0.220365 0.370462 0.000010
0.000010 0.000010 0.520656 0.002977 0.028730 0.053169 0.238631 0.155806 0.000010
0.078486 0.000010 0.309394 0.000010 0.074722 0.054658 0.261066 0.185495 0.036159
0.000010 0.020118 0.335814 0.159273 0.000010 0.000010 0.330374 0.116351 0.038040
0.000010 0.000010 0.427275 0.005174 0.090244 0.000010 0.235987 0.241280 0.000010
0.000010 0.043957 0.000010 0.217417 0.100046 0.000010 0.235737 0.373883 0.028930
0.076395 0.078003 0.345970 0.000010 0.006398 0.000010 0.212736 0.280468 0.000010
0.230971 0.000010 0.162273 0.000010 0.068394 0.000010 0.205594 0.332728 0.000010
0.000010 0.000010 0.504077 0.021139 0.031572 0.046944 0.079392 0.316847 0.000010
0.000011 0.000010 0.488348 0.105173 0.076783 0.036686 0.000010 0.292969 0.000010
0.116590 0.000010 0.537723 0.073681 0.105924 0.000010 0.127558 0.038493 0.000010
0.119763 0.014632 0.434660 0.047444 0.119387 0.000010 0.223033 0.041061 0.000010
0.046008 0.018954 0.687688 0.012963 0.097660 0.000010 0.083769 0.023079 0.029871
0.088754 0.000010 0.560814 0.000013 0.138667 0.000010 0.148257 0.063464 0.000010
0.150775 0.000010 0.415650 0.000010 0.000010 0.000010 0.298249 0.135276 0.000010
0.172568 0.108578 0.510364 0.038866 0.000010 0.000010 0.000010 0.169584 0.000010
0.000010 0.218229 0.228413 0.165673 0.000010 0.000010 0.000011 0.387634 0.000010
0.239163 0.000011 0.239025 0.000010 0.082231 0.036357 0.135066 0.268126 0.000010
0.067408 0.038948 0.077360 0.050706 0.071171 0.114452 0.000010 0.190604 0.389342
0.398777 0.081724 0.000010 0.000010 0.000010 0.081402 0.000011 0.438047 0.000010
0.320910 0.022277 0.000010 0.000010 0.167495 0.000010 0.000010 0.450877 0.038401
0.416478 0.112035 0.000016 0.000015 0.000010 0.000010 0.000010 0.471416 0.000010
0.137227 0.092902 0.044804 0.161164 0.000010 0.038271 0.053425 0.472188 0.000010
0.294835 0.042920 0.000010 0.023351 0.071013 0.065390 0.052601 0.040434 0.409448
0.297870 0.000010 0.020054 0.000010 0.010925 0.114884 0.169700 0.286163 0.100384
0.271295 0.060960 0.000010 0.094412 0.003679 0.000010 0.033395 0.382396 0.153842
0.000010 0.049000 0.031124 0.000250 0.059784 0.132654 0.057498 0.465870 0.203809
0.213443 0.000010 0.000010 0.177158 0.086395 0.000010 0.136622 0.386342 0.000010
0.005626 0.000010 0.055575 0.000010 0.000010 0.000010 0.427418 0.511331 0.000010
0.268322 0.063132 0.058052 0.000010 0.000010 0.037954 0.000010 0.382750 0.189760
0.028046 0.003167 0.000010 0.247081 0.073086 0.000013 0.000010 0.487435 0.161152
0.292704 0.000010 0.000010 0.000010 0.150792 0.000010 0.027212 0.529242 0.000010
0.076374 0.024716 0.165805 0.000010 0.000010 0.121503 0.015507 0.580302 0.015773
0.151480 0.115612 0.026730 0.089960 0.000010 0.007159 0.183453 0.425586 0.000010
0.318730 0.019629 0.165998 0.000012 0.055117 0.041368 0.000010 0.399126 0.000010
0.458805 0.027311 0.000010 0.000010 0.000010 0.052078 0.000010 0.461756 0.000010
0.183889 0.111305 0.231153 0.000010 0.000010 0.000010 0.000010 0.473603 0.000010
0.233454 0.000010 0.000010 0.189680 0.000010 0.000010 0.000010 0.484729 0.092087
0.150863 0.163280 0.046288 0.062270 0.000010 0.000010 0.045664 0.373073 0.158543
0.285573 0.053787 0.000010 0.094041 0.004815 0.000010 0.000010 0.526690 0.035064
0.278056 0.143499 0.074593 0.000010 0.000909 0.000010 0.020262 0.441466 0.041195
0.334595 0.056510 0.000010 0.035380 0.000010 0.000010 0.000010 0.495289 0.078186
0.030742 0.000010 0.179679 0.213905 0.049333 0.000010 0.086471 0.343765 0.096086
0.078171 0.039244 0.000010 0.000010 0.035312 0.000010 0.131048 0.571240 0.144955
0.291800 0.077496 0.000010 0.000010 0.045458 0.000010 0.055836 0.529370 0.000010
0.159244 0.000010 0.099641 0.000010 0.000010 0.000010 0.252628 0.488436 0.000010
0.000010 0.023674 0.197728 0.198763 0.029251 0.000010 0.142284 0.408271 0.000010
0.000010 0.070093 0.133735 0.252013 0.000011 0.000010 0.004792 0.539326 0.000010
0.000010 0.160689 0.162652 0.000010 0.046712 0.000010 0.166005 0.458927 0.004985
0.000010 0.031111 0.000010 0.007282 0.021106 0.039664 0.288661 0.269461 0.342694
0.165606 0.000010 0.005000 0.000010 0.000010 0.027188 0.102543 0.622282 0.077350
0.287561 0.000010 0.050594 0.024675 0.000010 0.000010 0.040722 0.596409 0.000010
0.182026 0.091553 0.000010 0.009288 0.000010 0.000010 0.118215 0.598878 0.000010
0.178895 0.076382 0.035749 0.241723 0.000010 0.013179 0.052228 0.401823 0.000010
0.046619 0.020357 0.000010 0.133253 0.031715 0.000010 0.155216 0.583068 0.029752
0.353165 0.039333 0.052895 0.000010 0.004175 0.000010 0.000010 0.531561 0.018841
0.133830 0.000010 0.029744 0.178554 0.000010 0.000010 0.126016 0.445066 0.086759
0.000010 0.077414 0.087992 0.111273 0.000010 0.031834 0.100271 0.591187 0.000010
0.138154 0.317810 0.000010 0.166602 0.000010 0.000010 0.086332 0.291062 0.000010
0.101574 0.118613 0.000010 0.000010 0.000010 0.000010 0.185396 0.594367 0.000010
0.006725 0.000010 0.115192 0.377352 0.085106 0.000010 0.008621 0.406974 0.000010
0.378746 0.000013 0.000010 0.080863 0.236962 0.000010 0.000010 0.303375 0.000010
0.275950 0.100812 0.000010 0.000010 0.051210 0.036744 0.077406 0.453546 0.004312
0.307436 0.000010 0.000010 0.082000 0.038723 0.000010 0.216303 0.341595 0.013913
0.295368 0.000010 0.000010 0.000010 0.155032 0.000010 0.158548 0.391002 0.000010
0.354544 0.030844 0.000010 0.007921 0.102100 0.020220 0.003375 0.480975 0.000010
0.047112 0.121443 0.000010 0.000018 0.091157 0.000010 0.078398 0.661842 0.000010
0.092877 0.010215 0.126239 0.117212 0.062418 0.052066 0.000010 0.531062 0.007902
0.409223 0.043480 0.028234 0.000010 0.000010 0.000010 0.117682 0.401340 0.000010
0.057680 0.140744 0.022029 0.161338 0.107657 0.000010 0.000010 0.421759 0.088773
0.000010 0.019399 0.316706 0.000013 0.000010 0.000010 0.240592 0.379176 0.044083
0.057127 0.186784 0.000010 0.276398 0.006906 0.000010 0.057276 0.415479 0.000010
0.353593 0.001533 0.021646 0.143497 0.000010 0.019336 0.099824 0.303725 0.056836
0.389242 0.096305 0.000010 0.214159 0.000010 0.000010 0.000010 0.300244 0.000010
0.270745 0.084677 0.000010 0.101532 0.051583 0.018413 0.053471 0.412101 0.007467
0.481640 0.068084 0.068822 0.000010 0.000010 0.008561 0.066556 0.306306 0.000010
0.000010 0.000010 0.000010 0.044879 0.000010 0.000010 0.334986 0.512597 0.107489
0.187593 0.006735 0.057812 0.152399 0.042843 0.000010 0.131176 0.421423 0.000010
0.212907 0.135572 0.029792 0.114908 0.000010 0.043210 0.127219 0.336373 0.000010
0.088146 0.000010 0.121985 0.072460 0.042988 0.004551 0.213673 0.412312 0.043875
0.094939 0.000010 0.060908 0.112429 0.000010 0.000010 0.087318 0.644366 0.000010
0.215902 0.006758 0.000010 0.000011 0.000010 0.020155 0.137513 0.573929 0.045712
0.082515 0.101404 0.031809 0.000010 0.000010 0.000010 0.135404 0.596726 0.052112
0.234210 0.015557 0.025636 0.000010 0.023882 0.000010 0.238882 0.461803 0.000010
0.302611 0.027383 0.004534 0.000010 0.008474 0.000010 0.114528 0.542440 0.000010
0.140198 0.000010 0.071798 0.000010 0.000010 0.000010 0.178062 0.609892 0.000010
0.393788 0.134062 0.081793 0.103934 0.086029 0.000010 0.061465 0.138909 0.000010
0.076954 0.016985 0.083497 0.116351 0.000010 0.027855 0.129846 0.548492 0.000010
0.368226 0.000015 0.000014 0.000010 0.000010 0.013164 0.153242 0.465309 0.000010
0.239224 0.000010 0.014340 0.000010 0.000010 0.000010 0.178496 0.567890 0.000010
0.348668 0.149241 0.000010 0.038089 0.000010 0.026823 0.183295 0.253855 0.000010
0.144269 0.000010 0.288834 0.418685 0.000010 0.000010 0.095564 0.033842 0.018776
0.123412 0.150954 0.000010 0.056408 0.021117 0.000010 0.169390 0.478689 0.000010
0.000010 0.000010 0.012487 0.202548 0.156087 0.109568 0.059713 0.459568 0.000010
0.256378 0.082276 0.055356 0.188281 0.000010 0.000010 0.110177 0.307502 0.000010
0.076729 0.031769 0.076995 0.321021 0.000010 0.000010 0.000010 0.493447 0.000010
0.166086 0.188426 0.000010 0.000010 0.000012 0.000010 0.178015 0.467422 0.000010
0.241913 0.047966 0.168542 0.337151 0.000010 0.000010 0.000010 0.204388 0.000010
0.140733 0.043945 0.007409 0.051267 0.000011 0.000010 0.188619 0.491774 0.076232
0.057038 0.000010 0.101637 0.000010 0.102528 0.108767 0.006220 0.568151 0.055640
0.010470 0.028377 0.189592 0.301569 0.000010 0.000010 0.170373 0.299589 0.000010
0.188121 0.000327 0.153602 0.084134 0.000010 0.031796 0.000010 0.541991 0.000010
0.165221 0.000010 0.215815 0.324640 0.000010 0.000010 0.091387 0.202898 0.000010
0.146007 0.062335 0.154423 0.124656 0.024865 0.000011 0.000010 0.463334 0.024359
0.000018 0.026963 0.000010 0.147983 0.031808 0.013719 0.181165 0.584624 0.013710
0.331005 0.000010 0.097822 0.258812 0.000010 0.000010 0.197905 0.114417 0.000010
0.068207 0.051203 0.137745 0.274319 0.000010 0.000010 0.190765 0.277732 0.000010
0.144046 0.000010 0.056066 0.000010 0.051675 0.074789 0.154907 0.518487 0.000010
0.231504 0.173011 0.000010 0.121247 0.049502 0.000010 0.061539 0.363166 0.000010
0.104280 0.073047 0.000010 0.261758 0.009764 0.000010 0.206364 0.344757 0.000010
0.087199 0.000010 0.152481 0.000010 0.139551 0.040272 0.089257 0.426889 0.064330
0.211532 0.000010 0.174730 0.108472 0.001018 0.000010 0.169634 0.334585 0.000010
0.057277 0.041176 0.074963 0.053553 0.000010 0.000010 0.103343 0.619163 0.050505
0.074376 0.000010 0.194316 0.116708 0.118814 0.001635 0.000010 0.494122 0.000010
0.057709 0.000010 0.000010 0.226011 0.130930 0.000010 0.194763 0.390548 0.000010
0.000010 0.106226 0.203280 0.314935 0.059879 0.000011 0.044534 0.271115 0.000010
0.263204 0.000010 0.225887 0.000010 0.000010 0.027132 0.027139 0.368201 0.088408
0.130811 0.034437 0.000010 0.213275 0.000010 0.000010 0.193078 0.428360 0.000010
0.000010 0.040814 0.334988 0.270159 0.000010 0.000010 0.115147 0.238851 0.000010
0.190905 0.109929 0.037615 0.148103 0.000010 0.000010 0.095563 0.345626 0.072238
0.000010 0.066539 0.201613 0.114611 0.000010 0.000011 0.211712 0.405484 0.000010
0.245332 0.084178 0.000010 0.000010 0.000010 0.000010 0.240478 0.429961 0.000010
0.098988 0.057597 0.056569 0.000010 0.000010 0.000010 0.111320 0.628433 0.047063
0.000010 0.182810 0.157508 0.038613 0.000010 0.000010 0.212717 0.408313 0.000010
0.179158 0.000010 0.000010 0.000011 0.056914 0.000010 0.319072 0.444805 0.000010
0.066122 0.000010 0.292045 0.000010 0.000010 0.000010 0.163595 0.470569 0.007629
0.226304 0.087099 0.068614 0.000012 0.000010 0.000010 0.172094 0.445847 0.000010
0.384240 0.000010 0.092496 0.014409 0.000010 0.077753 0.053191 0.377881 0.000010
0.195065 0.000010 0.000010 0.143144 0.134274 0.000010 0.111975 0.415502 0.000010
0.076997 0.000010 0.188624 0.206333 0.067148 0.000010 0.286975 0.173893 0.000010
0.130243 0.000010 0.100862 0.338451 0.041692 0.085540 0.109374 0.124087 0.069740
0.209889 0.008355 0.035781 0.088064 0.000010 0.000010 0.286991 0.359322 0.011576
0.000011 0.065033 0.110512 0.101083 0.125996 0.006404 0.283934 0.307018 0.000010
0.000014 0.000010 0.197824 0.127550 0.000010 0.058566 0.052489 0.563527 0.000010
0.024690 0.052185 0.059217 0.120808 0.209281 0.000010 0.049108 0.432506 0.052195
0.000010 0.000010 0.070908 0.000010 0.024625 0.473897 0.000010 0.000010 0.430521
0.000010 0.071819 0.000010 0.002372 0.029521 0.449637 0.000010 0.000010 0.446611
0.000010 0.000010 0.000010 0.000010 0.000010 0.311765 0.000010 0.100050 0.588125
0.000010 0.024809 0.000010 0.000010 0.022599 0.518958 0.011558 0.000010 0.422036
0.000010 0.000010 0.000010 0.000010 0.014566 0.456855 0.000010 0.024979 0.503550
0.000010 0.000010 0.033524 0.000010 0.000010 0.352916 0.000010 0.000304 0.613207
0.000010 0.000010 0.000010 0.000010 0.000010 0.558183 0.000010 0.000010 0.441747
0.000010 0.000010 0.009632 0.000010 0.007363 0.342209 0.000010 0.034828 0.605929
0.000010 0.000010 0.053126 0.000010 0.018886 0.530355 0.000010 0.000010 0.397584
0.000010 0.000010 0.000010 0.000010 0.001133 0.464415 0.034875 0.000010 0.499527
0.000010 0.000010 0.000010 0.000010 0.000010 0.582851 0.000010 0.019568 0.397520
0.020830 0.000010 0.000010 0.000010 0.000010 0.465244 0.015400 0.000010 0.498476
0.000010 0.000010 0.099456 0.000010 0.000010 0.695483 0.000010 0.000010 0.205001
0.005346 0.043715 0.000010 0.023608 0.000010 0.378196 0.034995 0.000010 0.514110
0.000010 0.009284 0.000010 0.000010 0.000010 0.483131 0.000010 0.000010 0.507524
0.000010 0.000010 0.003494 0.000010 0.000010 0.475387 0.000010 0.002900 0.518169
0.000010 0.000010 0.000010 0.000010 0.000010 0.467162 0.000010 0.000010 0.532768
0.000010 0.000010 0.042144 0.010014 0.000010 0.436150 0.000010 0.025108 0.486544
0.000010 0.000010 0.000010 0.000010 0.000010 0.175333 0.026920 0.000010 0.797687
0.000010 0.000010 0.024404 0.000010 0.000010 0.499347 0.000010 0.000010 0.476189
0.036077 0.000010 0.040135 0.000010 0.038565 0.595123 0.001790 0.000010 0.288280
0.000010 0.002987 0.000010 0.000010 0.000010 0.513280 0.006861 0.000010 0.476823
0.000015 0.000010 0.000010 0.028051 0.000010 0.391981 0.000010 0.000010 0.579903
0.000010 0.000010 0.055424 0.000010 0.000010 0.545185 0.000010 0.008799 0.390543
0.022314 0.000010 0.000010 0.000010 0.004362 0.274594 0.000010 0.000010 0.698680
0.000010 0.000010 0.000010 0.000010 0.000010 0.435905 0.000010 0.000010 0.564025
0.000010 0.000010 0.081514 0.000010 0.000010 0.644029 0.000010 0.000010 0.274397
0.000010 0.000010 0.000010 0.000010 0.000010 0.349923 0.055630 0.000010 0.594388
0.000010 0.000010 0.000010 0.000010 0.928296 0.000010 0.071634 0.000010 0.000010
0.407260 0.000010 0.000010 0.274205 0.066049 0.012062 0.000010 0.240384 0.000010
0.612744 0.000010 0.088950 0.113352 0.000010 0.004987 0.051516 0.117705 0.010725
0.060989 0.011813 0.059233 0.462359 0.079817 0.000010 0.045273 0.242410 0.038096
0.434621 0.069711 0.000010 0.365219 0.000010 0.000010 0.000010 0.069425 0.060984
0.521036 0.000010 0.000010 0.359623 0.000010 0.000010 0.000010 0.119281 0.000010
0.382286 0.000010 0.150275 0.222831 0.019166 0.000010 0.000010 0.225402 0.000010
0.355409 0.000010 0.000010 0.361982 0.009638 0.000010 0.074751 0.198181 0.000010
0.350625 0.000010 0.000010 0.259751 0.098365 0.000010 0.000010 0.291210 0.000010
0.195808 0.051288 0.000010 0.414099 0.062461 0.000010 0.133310 0.143004 0.000010
0.558155 0.009200 0.012453 0.189041 0.000010 0.029770 0.070085 0.131274 0.000010
0.308011 0.000010 0.000010 0.493662 0.000010 0.000010 0.024235 0.000010 0.174042
0.248668 0.166267 0.000010 0.266714 0.000010 0.069819 0.005981 0.188669 0.053862
0.598934 0.061548 0.053656 0.180165 0.000010 0.063428 0.000010 0.042239 0.000010
0.478139 0.023082 0.041346 0.412774 0.024830 0.000010 0.007843 0.011966 0.000010
0.264261 0.000010 0.076822 0.443705 0.007369 0.012494 0.000010 0.195319 0.000010
0.435049 0.000010 0.000010 0.382122 0.000010 0.000010 0.000010 0.182769 0.000010
0.473461 0.134401 0.027362 0.088019 0.000010 0.037459 0.000010 0.238611 0.000667
0.501313 0.000010 0.000010 0.315666 0.023229 0.030296 0.000010 0.129456 0.000010
0.415975 0.000010 0.000010 0.254308 0.105702 0.000010 0.053180 0.100610 0.070195
0.197481 0.000010 0.150474 0.503707 0.000010 0.000010 0.000010 0.129031 0.019268
0.276289 0.078080 0.000010 0.336658 0.000010 0.000010 0.130414 0.178519 0.000010
0.288363 0.000010 0.138857 0.221195 0.000010 0.000010 0.000010 0.351535 0.000010
0.323133 0.000010 0.015460 0.433472 0.000010 0.012188 0.189011 0.012659 0.014056
0.452729 0.108447 0.000010 0.196416 0.000010 0.000010 0.000010 0.242359 0.000010
0.372864 0.000010 0.000010 0.374116 0.000010 0.019270 0.000010 0.233700 0.000010
0.133434 0.083509 0.028757 0.612120 0.016344 0.037535 0.000010 0.088280 0.000010
0.187575 0.000010 0.028577 0.615419 0.091204 0.000010 0.000010 0.077184 0.000010
0.251780 0.097699 0.000010 0.328992 0.000010 0.000010 0.113196 0.208292 0.000010
0.000010 0.000010 0.014023 0.000010 0.985907 0.000010 0.000010 0.000010 0.000010
0.000010 0.000010 0.000010 0.000010 0.982674 0.000010 0.000010 0.000010 0.017256
0.000010 0.000010 0.000010 0.000010 0.954438 0.000010 0.000010 0.023386 0.022117
0.039233 0.000010 0.000010 0.000010 0.960697 0.000010 0.000010 0.000010 0.000010
0.088090 0.008085 0.000010 0.025044 0.803577 0.014072 0.000010 0.061101 0.000010
0.000010 0.000010 0.087458 0.000010 0.910174 0.002308 0.000010 0.000010 0.000010
0.000010 0.000010 0.000010 0.000010 0.971186 0.000010 0.000010 0.000010 0.028744
0.000010 0.000010 0.000010 0.000010 0.999920 0.000010 0.000010 0.000010 0.000010
0.000010 0.000010 0.000017 0.000010 0.941667 0.038776 0.019489 0.000010 0.000010
0.023768 0.000010 0.000010 0.000010 0.976162 0.000010 0.000010 0.000010 0.000010
0.000010 0.000010 0.038329 0.022932 0.914235 0.000010 0.000010 0.024454 0.000010
0.000010 0.000010 0.084449 0.000010 0.899426 0.000010 0.000010 0.016065 0.000010
0.000013 0.000010 0.000010 0.000010 0.999917 0.000010 0.000010 0.000010 0.000010
0.000010 0.000010 0.039849 0.083221 0.876870 0.000010 0.000011 0.000010 0.000010
0.000010 0.047553 0.000010 0.000010 0.952377 0.000010 0.000010 0.000010 0.000010
0.000010 0.000010 0.000010 0.043545 0.896373 0.002328 0.043649 0.000010 0.014065
0.063893 0.000010 0.000010 0.000010 0.936037 0.000010 0.000010 0.000010 0.000010
0.722896 0.000010 0.000010 0.111654 0.000010 0.000010 0.049585 0.109625 0.006200
0.595223 0.118930 0.000010 0.111445 0.000010 0.000010 0.000010 0.156768 0.017595
0.510798 0.020988 0.029310 0.186683 0.000010 0.077880 0.059690 0.114631 0.000010
0.500630 0.000010 0.072033 0.023237 0.072511 0.000010 0.163987 0.085317 0.082265
0.450215 0.070906 0.029330 0.071731 0.038080 0.000010 0.000010 0.339709 0.000010
0.316894 0.000010 0.000010 0.036559 0.000010 0.035615 0.166048 0.392511 0.052343
0.558462 0.000010 0.000010 0.000010 0.025546 0.000010 0.183408 0.232534 0.000010
0.310439 0.090833 0.000010 0.123652 0.000010 0.014216 0.024769 0.436061 0.000010
0.724290 0.029940 0.037882 0.000010 0.000010 0.033329 0.000010 0.144163 0.030366
0.806364 0.043975 0.000010 0.000012 0.000010 0.000010 0.000010 0.149599 0.000010
0.401521 0.098083 0.047557 0.145331 0.000010 0.000010 0.000010 0.307468 0.000010
0.485770 0.000010 0.000010 0.000010 0.000010 0.000010 0.066664 0.402571 0.044944
0.500844 0.000652 0.000010 0.066758 0.000010 0.000010 0.127771 0.282776 0.021169
0.548442 0.000623 0.000010 0.114030 0.000010 0.000010 0.051559 0.285307 0.000010
0.573938 0.044578 0.000010 0.056234 0.000010 0.000010 0.000010 0.325200 0.000010
0.431273 0.000010 0.000010 0.042529 0.099413 0.000010 0.000010 0.426735 0.000010
0.772545 0.034819 0.000010 0.000010 0.000010 0.000010 0.073082 0.119504 0.000010
0.555388 0.000010 0.000010 0.116045 0.000010 0.000010 0.101498 0.193380 0.033648
0.496268 0.035687 0.055172 0.096638 0.000010 0.078120 0.000010 0.238085 0.000010
0.616935 0.000010 0.000010 0.000010 0.000010 0.033235 0.000010 0.199632 0.150148
0.679931 0.000500 0.058735 0.025107 0.113895 0.000010 0.000010 0.121803 0.000010
0.713491 0.000010 0.000010 0.000010 0.000093 0.000010 0.036067 0.250299 0.000010
0.472552 0.009141 0.000010 0.193669 0.000010 0.000010 0.000010 0.295108 0.029490
0.389669 0.000010 0.000010 0.218504 0.056113 0.000010 0.066843 0.268830 0.000010
0.517267 0.000010 0.000010 0.000010 0.064785 0.007264 0.110046 0.300599 0.000010
0.607086 0.000010 0.003416 0.000010 0.000010 0.009871 0.053827 0.325759 0.000010
0.615563 0.000010 0.000010 0.015035 0.006823 0.029242 0.052945 0.231633 0.048739
0.788637 0.000010 0.000010 0.032739 0.000010 0.000010 0.008723 0.169851 0.000010
0.376139 0.000010 0.000010 0.302168 0.008178 0.022718 0.026551 0.258911 0.005315
0.621913 0.000010 0.208651 0.116113 0.031876 0.000010 0.000010 0.021407 0.000010
0.426954 0.075929 0.000010 0.054698 0.052289 0.000010 0.005007 0.385094 0.000010
0.613420 0.072972 0.000010 0.034832 0.000010 0.000010 0.066525 0.212211 0.000010
0.268836 0.000010 0.000010 0.179607 0.000010 0.029258 0.225536 0.196238 0.100495
0.563851 0.000010 0.058078 0.000010 0.000010 0.000614 0.095220 0.254657 0.027551
0.317930 0.082538 0.014638 0.150552 0.000010 0.009988 0.014214 0.379479 0.030651
0.582236 0.090292 0.000010 0.010617 0.119214 0.000010 0.048859 0.148752 0.000010
0.608806 0.000010 0.071149 0.180915 0.000010 0.000010 0.004208 0.108266 0.026627
0.520397 0.000010 0.000010 0.020108 0.012343 0.000010 0.006980 0.440132 0.000010
0.385237 0.000010 0.000010 0.047389 0.000010 0.000010 0.101147 0.458356 0.007832
0.595919 0.053034 0.000010 0.000012 0.000010 0.012366 0.000010 0.175957 0.162682
0.506774 0.112318 0.000010 0.000010 0.044130 0.036572 0.000010 0.300165 0.000010
0.642955 0.000010 0.015869 0.000010 0.026502 0.068096 0.000010 0.174037 0.072512
0.426566 0.007731 0.000010 0.000010 0.000010 0.000010 0.000010 0.229961 0.335692
0.733137 0.077825 0.000010 0.000010 0.012579 0.065244 0.000010 0.100503 0.010682
0.456849 0.000010 0.000010 0.000010 0.000010 0.000010 0.041083 0.078283 0.423735
0.659398 0.000010 0.000010 0.043611 0.072486 0.083604 0.000010 0.140861 0.000010
0.403284 0.026095 0.000010 0.118506 0.000010 0.000010 0.094438 0.129566 0.228081
0.671824 0.000010 0.114176 0.000010 0.000010 0.000192 0.000010 0.159410 0.054359
0.692224 0.000010 0.000010 0.000010 0.010868 0.000010 0.029024 0.122588 0.145256
0.310589 0.000010 0.000010 0.221025 0.000010 0.000010 0.000010 0.362722 0.105613
0.655949 0.000010 0.000010 0.000010 0.000010 0.000010 0.000010 0.335543 0.008448
0.797414 0.020325 0.000010 0.007041 0.080207 0.047953 0.008709 0.032054 0.006288
0.676450 0.000010 0.000010 0.042687 0.000010 0.000010 0.000010 0.193482 0.087331
0.384615 0.000010 0.000010 0.301674 0.000010 0.000010 0.000010 0.247303 0.066359
0.636258 0.000010 0.001822 0.170703 0.000010 0.007205 0.006785 0.064591 0.112615
0.000010 0.000010 0.000010 0.000010 0.011828 0.161601 0.000010 0.000010 0.826511
0.362200 0.000010 0.000010 0.025931 0.038941 0.003723 0.187143 0.225035 0.157007
0.680040 0.054228 0.000010 0.000010 0.092250 0.000010 0.000010 0.032185 0.141258
0.581422 0.079555 0.000010 0.000010 0.000010 0.003698 0.008701 0.326585 0.000010
0.533400 0.002878 0.000010 0.086378 0.000010 0.000010 0.000010 0.292122 0.085182
0.229810 0.000010 0.090983 0.123444 0.000010 0.042029 0.008219 0.501473 0.004022
0.742943 0.000010 0.000010 0.018374 0.061418 0.000010 0.000010 0.177215 0.000010
0.584573 0.000010 0.000010 0.092095 0.000010 0.000010 0.000010 0.283698 0.039584
0.583751 0.011640 0.000010 0.053993 0.128723 0.055513 0.000010 0.166350 0.000010
0.449966 0.000010 0.000010 0.000010 0.000010 0.012949 0.000010 0.406590 0.130446
0.608902 0.050703 0.000010 0.000012 0.000010 0.000010 0.000010 0.226436 0.113908
0.419869 0.000010 0.000010 0.044660 0.017269 0.012769 0.112837 0.219921 0.172656
0.667325 0.000010 0.000010 0.000010 0.000010 0.012892 0.089533 0.089737 0.140472
0.504041 0.000010 0.014846 0.172320 0.036826 0.030950 0.168148 0.072849 0.000010
0.443772 0.054733 0.000010 0.115574 0.000010 0.000010 0.000010 0.350605 0.035276
0.298117 0.000010 0.000010 0.124817 0.000010 0.115899 0.191174 0.258006 0.011958
0.428360 0.000010 0.000010 0.150580 0.000010 0.048737 0.000010 0.364638 0.007645
0.762034 0.000010 0.000010 0.000010 0.000010 0.000707 0.000010 0.205172 0.032037
0.511720 0.000010 0.000010 0.104025 0.000010 0.000010 0.125797 0.152040 0.106379
0.542029 0.080968 0.000010 0.223190 0.000010 0.000010 0.034016 0.119757 0.000010
0.564130 0.010658 0.056202 0.000012 0.028322 0.000010 0.000010 0.340646 0.000010
0.564566 0.000010 0.006513 0.000010 0.014007 0.000010 0.000010 0.338100 0.076774
0.593893 0.000010 0.000010 0.000010 0.061961 0.000010 0.020866 0.267533 0.055707
0.510383 0.000010 0.042617 0.000010 0.000567 0.000010 0.001247 0.237378 0.207777
0.237436 0.003189 0.000010 0.052097 0.000010 0.027930 0.241605 0.208161 0.229560
0.481060 0.078873 0.000010 0.000819 0.000010 0.067268 0.000010 0.327053 0.044898
0.569646 0.000010 0.009071 0.275461 0.058428 0.035888 0.000010 0.010977 0.040508
0.597599 0.026157 0.000010 0.041653 0.013285 0.011207 0.000010 0.245107 0.064972
0.706985 0.000010 0.000010 0.069064 0.000010 0.116938 0.000010 0.106963 0.000010
0.526656 0.185756 0.000010 0.023074 0.000010 0.067007 0.000010 0.119717 0.077759
0.693877 0.015649 0.000010 0.079089 0.038525 0.146557 0.026273 0.000010 0.000010
0.540323 0.000010 0.000010 0.001711 0.000010 0.049100 0.000010 0.408815 0.000010
0.000010 0.000010 0.170885 0.000010 0.722149 0.000010 0.106906 0.000010 0.000010
0.000010 0.000010 0.126813 0.022922 0.632323 0.000015 0.217887 0.000010 0.000010
0.000010 0.010189 0.000010 0.000010 0.824102 0.017898 0.126530 0.000010 0.021241
0.000010 0.004220 0.000010 0.000010 0.860919 0.000010 0.105103 0.000010 0.029708
0.000010 0.000010 0.000010 0.000010 0.746266 0.000010 0.241903 0.011771 0.000010
0.000010 0.000010 0.000010 0.000010 0.870559 0.000010 0.105001 0.000010 0.024380
0.000010 0.000014 0.000010 0.000010 0.683365 0.000010 0.316561 0.000010 0.000010
0.458031 0.000010 0.050448 0.250521 0.015258 0.000010 0.050987 0.174725 0.000010
0.794016 0.000010 0.000010 0.109130 0.025614 0.000010 0.000010 0.071190 0.000010
0.670335 0.000012 0.000010 0.000011 0.042958 0.057294 0.000010 0.194597 0.034773
0.579909 0.066344 0.000010 0.177937 0.000010 0.055430 0.070210 0.050141 0.000010
0.501130 0.041137 0.000010 0.219330 0.056272 0.076394 0.000010 0.105707 0.000010
0.567089 0.000251 0.000010 0.245643 0.046691 0.121051 0.019246 0.000010 0.000010
0.581039 0.029133 0.000010 0.177760 0.012841 0.019101 0.050072 0.130035 0.000010
0.570076 0.000010 0.000010 0.386884 0.000010 0.041895 0.000010 0.001095 0.000010
0.541372 0.000010 0.000010 0.265156 0.000010 0.043051 0.013534 0.106417 0.030439
0.633677 0.000010 0.000010 0.027148 0.043711 0.035527 0.036835 0.221188 0.001895
0.678612 0.000010 0.000010 0.001614 0.012006 0.000010 0.114721 0.193007 0.000010
0.363214 0.064826 0.000010 0.272006 0.000010 0.000010 0.000010 0.120300 0.179614
0.699375 0.000010 0.005129 0.037143 0.000010 0.047434 0.014247 0.196643 0.000010
0.503090 0.000010 0.010528 0.026815 0.036025 0.000010 0.000010 0.285387 0.138125
0.630316 0.000010 0.000010 0.030511 0.000010 0.037555 0.012775 0.223081 0.065733
0.418970 0.073865 0.000010 0.000010 0.075814 0.000010 0.035872 0.000010 0.395439
0.452945 0.000010 0.000010 0.000010 0.000010 0.000010 0.033869 0.418683 0.094453
0.624650 0.111087 0.000010 0.069430 0.116389 0.000010 0.000010 0.078405 0.000010
0.491344 0.091733 0.080212 0.084286 0.000010 0.000010 0.077156 0.131100 0.044149
0.506348 0.000010 0.000010 0.000010 0.000010 0.000010 0.113198 0.319998 0.060406
0.567579 0.017498 0.000010 0.004461 0.037154 0.000010 0.046816 0.178644 0.147828
0.706161 0.000010 0.000010 0.000010 0.000010 0.000010 0.000883 0.292896 0.000010
0.555792 0.000010 0.000010 0.011090 0.054073 0.000010 0.075153 0.259364 0.044498
0.719236 0.000010 0.000010 0.000010 0.000010 0.000010 0.000010 0.280694 0.000010
0.685469 0.000010 0.000010 0.000010 0.000010 0.000010 0.021022 0.250953 0.042506
0.565067 0.000010 0.060004 0.111681 0.000010 0.099618 0.000010 0.123013 0.040587
0.621252 0.053416 0.000010 0.000010 0.000010 0.023838 0.015018 0.230030 0.056416
0.535794 0.155465 0.000010 0.151788 0.025253 0.002181 0.034044 0.004302 0.091163
0.589124 0.000010 0.073884 0.005513 0.000010 0.000010 0.003433 0.328006 0.000010
0.451221 0.073025 0.000010 0.000010 0.000010 0.008935 0.000010 0.321969 0.144810
0.598214 0.000010 0.016895 0.042074 0.008052 0.079544 0.053827 0.201374 0.000010
0.795381 0.036207 0.008811 0.000010 0.000010 0.000010 0.075377 0.051852 0.032342
0.440984 0.082742 0.003927 0.211852 0.000010 0.000010 0.000010 0.216987 0.043478
0.673813 0.058009 0.082568 0.000010 0.000010 0.100535 0.000010 0.045875 0.039170
0.671450 0.000010 0.000010 0.000010 0.085554 0.000010 0.020793 0.222153 0.000010
0.000010 0.978498 0.000010 0.000010 0.000010 0.000010 0.000010 0.000010 0.021432
0.000010 0.814892 0.047154 0.012559 0.015310 0.000010 0.000010 0.110045 0.000010
0.000010 0.953590 0.000010 0.000010 0.005184 0.000010 0.000010 0.000010 0.041166
0.000010 0.935541 0.000010 0.000010 0.026895 0.000010 0.000010 0.000010 0.037504
0.000010 0.000010 0.362040 0.000010 0.175833 0.000010 0.448018 0.014059 0.000010
0.000010 0.000010 0.556711 0.000010 0.012160 0.000010 0.431070 0.000010 0.000010
0.056211 0.093484 0.305471 0.000010 0.000010 0.138534 0.387127 0.019143 0.000010
0.000010 0.075349 0.464849 0.000010 0.000010 0.007717 0.452035 0.000010 0.000010
0.000010 0.025717 0.239436 0.099900 0.036655 0.000010 0.476091 0.122171 0.000010
0.000010 0.058840 0.562039 0.000010 0.000010 0.007828 0.371244 0.000010 0.000010
0.000010 0.000010 0.666868 0.000010 0.000010 0.000010 0.333062 0.000010 0.000010
0.000010 0.173052 0.244869 0.000013 0.000010 0.000010 0.433317 0.148708 0.000010
0.000010 0.000010 0.562220 0.000010 0.023606 0.000010 0.378227 0.000010 0.035897
0.069731 0.064218 0.346266 0.027187 0.155154 0.000010 0.292746 0.008520 0.036168
0.259221 0.000010 0.000010 0.022242 0.000010 0.074266 0.000010 0.335026 0.309205
0.434800 0.000010 0.000010 0.054971 0.001005 0.000010 0.000010 0.388184 0.120999
0.440940 0.000010 0.199653 0.125043 0.000010 0.000010 0.000010 0.234313 0.000010
0.333151 0.028502 0.000010 0.377885 0.058414 0.013378 0.000010 0.151598 0.037054
0.517864 0.000506 0.000010 0.147207 0.010966 0.114928 0.003021 0.205488 0.000010
0.687515 0.009672 0.000010 0.023487 0.000010 0.000010 0.074323 0.165431 0.039541
0.524373 0.083510 0.000010 0.056738 0.001254 0.143346 0.000010 0.190750 0.000010
0.638914 0.000010 0.000010 0.000010 0.064840 0.000010 0.000010 0.255602 0.040594
0.663772 0.000010 0.000010 0.028028 0.000010 0.000010 0.031754 0.223860 0.052547
0.555738 0.000010 0.000010 0.026629 0.018297 0.109236 0.000010 0.211691 0.078379
0.429385 0.078439 0.000010 0.000010 0.019744 0.064118 0.118368 0.289917 0.000010
0.614064 0.000010 0.000010 0.037709 0.000010 0.000010 0.165915 0.138688 0.043584
0.392580 0.022917 0.077534 0.000010 0.000010 0.070621 0.000010 0.322540 0.113778
0.327860 0.030536 0.022080 0.280667 0.105744 0.000010 0.006114 0.213289 0.013700
0.664141 0.000010 0.000010 0.000010 0.000010 0.000010 0.075142 0.219767 0.040900
0.382558 0.155264 0.000010 0.248548 0.053884 0.000010 0.025211 0.105931 0.028585
0.526834 0.075038 0.027453 0.104958 0.000010 0.023450 0.000010 0.242237 0.000010
0.600328 0.000010 0.011832 0.000010 0.000010 0.054627 0.146315 0.186857 0.000010
0.446095 0.000010 0.000010 0.023888 0.016426 0.051548 0.069775 0.193636 0.198612
0.518455 0.016794 0.019940 0.053763 0.024435 0.059165 0.013896 0.293542 0.000010
0.853070 0.000010 0.013400 0.100496 0.032984 0.000010 0.000010 0.000010 0.000010
0.000010 0.000010 0.502384 0.000010 0.025278 0.000010 0.401133 0.000010 0.071155
0.000010 0.060753 0.561655 0.000010 0.000010 0.000010 0.377532 0.000010 0.000010
0.000010 0.000010 0.591597 0.000010 0.000010 0.000010 0.263283 0.060218 0.084851
0.000010 0.000010 0.697689 0.000010 0.000010 0.000010 0.302241 0.000010 0.000010
0.004695 0.000010 0.853947 0.000010 0.000010 0.000010 0.141298 0.000010 0.000010
0.000010 0.000010 0.562672 0.000010 0.095945 0.000010 0.341323 0.000010 0.000010
0.000010 0.019806 0.652856 0.000010 0.000010 0.000010 0.327277 0.000010 0.000010
0.000010 0.060131 0.630645 0.000010 0.000010 0.000010 0.254349 0.054825 0.000010
0.000010 0.000010 0.606705 0.000010 0.047694 0.000010 0.294055 0.000010 0.051496
0.000010 0.007276 0.619731 0.000010 0.000010 0.000010 0.372932 0.000010 0.000010
0.097710 0.000010 0.612312 0.058450 0.000010 0.016979 0.214509 0.000010 0.000010
0.000010 0.033063 0.610015 0.000010 0.000010 0.107702 0.249171 0.000010 0.000010
0.000010 0.062328 0.616699 0.000010 0.000010 0.070390 0.250533 0.000010 0.000010
0.000010 0.000010 0.695233 0.000010 0.000010 0.023823 0.280884 0.000010 0.000010
0.000010 0.003690 0.654562 0.000010 0.000010 0.000010 0.341687 0.000010 0.000010
0.000010 0.000010 0.596836 0.000010 0.000010 0.000010 0.368424 0.029487 0.005202
0.000010 0.041553 0.797231 0.000010 0.000010 0.000010 0.161156 0.000010 0.000010
0.000010 0.000010 0.478892 0.000010 0.045576 0.000010 0.365288 0.070577 0.039627
0.066694 0.067042 0.589415 0.021101 0.000010 0.000010 0.255709 0.000010 0.000010
0.000010 0.000010 0.601950 0.000010 0.070556 0.040734 0.281488 0.005232 0.000010
0.000010 0.000010 0.588310 0.000010 0.019743 0.000010 0.389974 0.000010 0.001923
0.000010 0.005142 0.659977 0.047409 0.029303 0.000010 0.253032 0.000010 0.005107
0.000010 0.000010 0.689279 0.000010 0.000010 0.000010 0.269970 0.000010 0.040691
0.000010 0.000010 0.630935 0.000010 0.054740 0.000010 0.314265 0.000010 0.000010
0.000010 0.131901 0.775732 0.000010 0.000010 0.053698 0.032723 0.000010 0.005906
0.000010 0.000010 0.639956 0.000010 0.000010 0.004270 0.313132 0.000010 0.042592
0.000010 0.087360 0.590365 0.000010 0.023103 0.000010 0.299122 0.000010 0.000010
0.000010 0.000010 0.499077 0.000010 0.000010 0.000010 0.463322 0.037541 0.000010
0.000010 0.000010 0.608234 0.000010 0.011811 0.000010 0.379895 0.000010 0.000010
0.000010 0.000010 0.628796 0.000010 0.000010 0.015765 0.311939 0.000010 0.043450
0.000010 0.003548 0.598461 0.000010 0.000010 0.013113 0.384828 0.000010 0.000010
0.000010 0.027146 0.733009 0.000010 0.000010 0.000010 0.234294 0.005501 0.000010
0.000010 0.000010 0.452202 0.032554 0.116729 0.004773 0.352338 0.006172 0.035212
0.000010 0.000010 0.480084 0.000010 0.000971 0.025006 0.487368 0.004797 0.001744
0.000010 0.000010 0.739989 0.000010 0.000010 0.000010 0.246169 0.000010 0.013782
0.000010 0.024907 0.381564 0.000010 0.045509 0.000010 0.504167 0.043812 0.000010
0.000010 0.000010 0.625787 0.000010 0.091858 0.000010 0.269176 0.000010 0.013129
0.000010 0.000010 0.529198 0.000010 0.058864 0.000010 0.411879 0.000010 0.000010
0.000010 0.000010 0.541218 0.000010 0.000010 0.000010 0.458712 0.000010 0.000010
0.000010 0.000010 0.047100 0.000010 0.838593 0.000010 0.065523 0.000010 0.048734
0.000010 0.000010 0.000010 0.000010 0.851306 0.000012 0.148622 0.000010 0.000010
0.000010 0.000010 0.741895 0.006085 0.000010 0.000010 0.251960 0.000010 0.000010
0.000010 0.000010 0.641618 0.000010 0.016968 0.006846 0.322835 0.000010 0.011693
0.309852 0.000010 0.011837 0.338251 0.000010 0.000010 0.096873 0.124447 0.118710
0.449410 0.086624 0.000010 0.346486 0.000010 0.015133 0.017242 0.085074 0.000010
0.155782 0.044533 0.141550 0.573177 0.000010 0.000010 0.025732 0.038369 0.020838
0.060949 0.000010 0.000010 0.588694 0.000010 0.000010 0.027839 0.322468 0.000010
0.417558 0.050578 0.068043 0.463771 0.000010 0.000010 0.000010 0.000010 0.000010
0.552891 0.002829 0.028987 0.304848 0.052491 0.016673 0.000010 0.040381 0.000889
0.287995 0.027136 0.000010 0.281971 0.000010 0.000010 0.016284 0.386574 0.000010
0.248411 0.209432 0.081154 0.285818 0.036116 0.036516 0.006941 0.095601 0.000010
0.045703 0.106838 0.000010 0.506793 0.000010 0.041887 0.043428 0.255321 0.000010
0.359301 0.000010 0.000010 0.422542 0.000010 0.000010 0.000010 0.218097 0.000010
0.075421 0.000010 0.000010 0.586473 0.000010 0.022526 0.000010 0.284746 0.030793
0.406922 0.026655 0.030092 0.300956 0.000010 0.010349 0.029916 0.195091 0.000010
0.366384 0.019752 0.092076 0.363240 0.000010 0.000010 0.064639 0.093880 0.000010
0.000010 0.000010 0.437329 0.000010 0.079345 0.000010 0.483266 0.000010 0.000010
0.000010 0.000010 0.510038 0.070379 0.000010 0.000010 0.407807 0.000010 0.011727
0.000010 0.000010 0.552969 0.000010 0.107549 0.000010 0.339423 0.000010 0.000010
0.000010 0.000010 0.699621 0.000010 0.040841 0.000010 0.259478 0.000010 0.000010
0.000010 0.000010 0.629513 0.000010 0.057450 0.000010 0.292137 0.000010 0.020850
0.000010 0.069654 0.668420 0.000010 0.000010 0.000010 0.213795 0.048081 0.000010
0.000010 0.000010 0.569641 0.000010 0.013130 0.000010 0.376608 0.000010 0.040571
0.000010 0.000010 0.551625 0.075967 0.000010 0.000010 0.372348 0.000010 0.000010
0.000010 0.000010 0.591004 0.000010 0.249374 0.000010 0.159561 0.000010 0.000010
0.000010 0.018983 0.629582 0.000010 0.000010 0.000010 0.351375 0.000010 0.000010
0.000010 0.041899 0.589499 0.004527 0.075723 0.059264 0.225461 0.003608 0.000010
0.000010 0.000010 0.811129 0.000010 0.000010 0.000010 0.188801 0.000010 0.000010
