0.332012 0.037909 0.000010 0.059076 0.010606 0.000010 0.102755 0.457612 0.000010
0.282364 0.078266 0.148479 0.074972 0.007820 0.000010 0.000010 0.329900 0.078179
0.289209 0.072164 0.000010 0.154295 0.067046 0.042297 0.011613 0.363356 0.000010
0.324012 0.076481 0.000010 0.144821 0.000010 0.000469 0.031054 0.404266 0.018876
0.305145 0.068675 0.054926 0.058467 0.000010 0.000010 0.031979 0.453700 0.027088
0.304635 0.043161 0.000010 0.000010 0.000010 0.066229 0.079510 0.430265 0.076170
0.346618 0.009788 0.000010 0.037351 0.000010 0.000010 0.025779 0.549769 0.030665
0.274811 0.017247 0.085967 0.206324 0.028616 0.015294 0.149676 0.222056 0.000010
0.285200 0.000010 0.097771 0.000010 0.044448 0.058498 0.033820 0.480233 0.000010
0.387173 0.000010 0.180447 0.034548 0.000010 0.000010 0.021972 0.318443 0.057387
0.241916 0.012463 0.098166 0.235167 0.004286 0.010715 0.006507 0.352628 0.038152
0.312534 0.000010 0.000010 0.123562 0.000010 0.002366 0.009327 0.552172 0.000010
0.380229 0.067793 0.000010 0.050651 0.045440 0.000010 0.000010 0.455847 0.000010
0.292486 0.023651 0.010705 0.093715 0.000010 0.000010 0.079996 0.426250 0.073177
0.239982 0.008463 0.000010 0.186855 0.065084 0.000010 0.064939 0.341750 0.092907
0.547307 0.000010 0.000010 0.003850 0.036627 0.000010 0.058257 0.353920 0.000010
0.214759 0.034114 0.000010 0.176373 0.120509 0.000010 0.051916 0.402301 0.000010
0.335381 0.000010 0.102846 0.000010 0.000010 0.057689 0.000010 0.504034 0.000010
0.191308 0.000010 0.072295 0.079339 0.000010 0.003226 0.082092 0.388402 0.183317
0.405916 0.038533 0.000010 0.023047 0.000010 0.018166 0.084080 0.430228 0.000010
0.325022 0.044575 0.000010 0.026049 0.000010 0.089919 0.000010 0.514395 0.000010
0.369366 0.064131 0.063295 0.099627 0.020291 0.000010 0.019467 0.357327 0.006486
0.468261 0.049908 0.000010 0.075331 0.005621 0.000010 0.108490 0.292360 0.000010
0.228618 0.000010 0.007551 0.220570 0.000010 0.008543 0.068360 0.466328 0.000010
0.456224 0.000010 0.000010 0.000010 0.000010 0.029185 0.018881 0.492559 0.003111
0.329162 0.032448 0.093875 0.000010 0.000010 0.027121 0.042179 0.465379 0.009817
0.212073 0.022698 0.229248 0.133632 0.030591 0.000010 0.028101 0.329813 0.013835
0.364093 0.000010 0.000010 0.000010 0.000010 0.012414 0.036267 0.418436 0.168749
0.216230 0.000010 0.133408 0.073459 0.000010 0.000010 0.115283 0.376789 0.084800
0.413703 0.000010 0.094206 0.000010 0.000010 0.000010 0.053313 0.419632 0.019106
0.285481 0.000010 0.000010 0.195995 0.118371 0.013866 0.035775 0.350268 0.000224
0.463723 0.000010 0.001345 0.000010 0.064457 0.002142 0.089185 0.323921 0.055206
0.319339 0.000010 0.000010 0.045617 0.000010 0.000010 0.086889 0.524773 0.023342
0.221837 0.000010 0.044756 0.032032 0.006001 0.000010 0.202471 0.471840 0.021042
0.107631 0.051601 0.000010 0.000010 0.044924 0.015014 0.196528 0.584272 0.000010
0.241708 0.000010 0.013674 0.180321 0.046634 0.024778 0.018485 0.474379 0.000010
0.198418 0.041697 0.026486 0.062062 0.000010 0.000010 0.074952 0.596354 0.000010
0.381377 0.077592 0.073922 0.077735 0.000010 0.020448 0.059731 0.296508 0.012676
0.388723 0.000010 0.076276 0.086471 0.000010 0.027016 0.038671 0.375739 0.007084
0.316345 0.000010 0.102572 0.014696 0.000010 0.026004 0.000010 0.517686 0.022667
0.369698 0.141467 0.000010 0.120989 0.000010 0.000010 0.000010 0.290657 0.077150
0.291586 0.000010 0.000010 0.113105 0.006502 0.000010 0.000010 0.516063 0.072704
0.337360 0.148148 0.000010 0.000010 0.058854 0.008555 0.000010 0.354329 0.092723
0.198199 0.167768 0.000010 0.061518 0.000010 0.049364 0.000010 0.523112 0.000010
0.260499 0.000010 0.000010 0.051060 0.012560 0.000010 0.161375 0.506391 0.008084
0.252082 0.000010 0.000010 0.088399 0.074471 0.000010 0.107561 0.477446 0.000010
0.229988 0.028668 0.038473 0.176867 0.012464 0.000010 0.000010 0.509079 0.004441
0.281874 0.000010 0.068340 0.081577 0.000010 0.031380 0.042701 0.431218 0.062890
0.108791 0.149638 0.450439 0.027519 0.000010 0.000010 0.000010 0.263573 0.000010
0.229675 0.000010 0.170713 0.157199 0.000010 0.000010 0.183901 0.258471 0.000010
0.194073 0.158421 0.090733 0.092115 0.056734 0.000010 0.100284 0.307620 0.000010
0.242718 0.013352 0.379906 0.007437 0.121184 0.000010 0.130600 0.104782 0.000010
0.341290 0.030638 0.209461 0.000010 0.098889 0.003389 0.013851 0.302463 0.000010
0.269058 0.067639 0.353021 0.108255 0.003423 0.005129 0.000010 0.193455 0.000010
0.049883 0.000010 0.546396 0.000010 0.000010 0.000010 0.190840 0.212832 0.000010
0.087711 0.000010 0.294569 0.066638 0.002994 0.019611 0.227493 0.300966 0.000010
0.085414 0.077170 0.417595 0.071144 0.041841 0.000010 0.146912 0.113905 0.046008
0.032351 0.000010 0.610204 0.036357 0.000010 0.000010 0.209520 0.111527 0.000010
0.136207 0.082064 0.564885 0.008778 0.000010 0.026690 0.045623 0.135732 0.000010
0.291685 0.000010 0.512605 0.000010 0.000010 0.000010 0.067863 0.127796 0.000010
0.000011 0.169773 0.309974 0.000010 0.083625 0.055923 0.113617 0.267057 0.000010
0.246891 0.111950 0.206764 0.020671 0.100918 0.043270 0.035431 0.234095 0.000010
0.138337 0.000010 0.267266 0.189653 0.052084 0.000010 0.087267 0.265362 0.000010
0.133591 0.012520 0.080099 0.128739 0.022755 0.016178 0.118038 0.445718 0.042362
0.050836 0.082554 0.397184 0.147833 0.000010 0.000010 0.077744 0.243819 0.000010
0.065897 0.087841 0.162335 0.000010 0.081784 0.000010 0.192917 0.409196 0.000010
0.000010 0.011260 0.274846 0.280675 0.000010 0.000010 0.086345 0.334359 0.012484
0.158333 0.094579 0.310859 0.137951 0.000010 0.026525 0.114415 0.157318 0.000010
0.203101 0.033176 0.268400 0.090507 0.019116 0.000010 0.100757 0.265277 0.019657
0.258856 0.025350 0.227968 0.099874 0.102861 0.038564 0.028310 0.218206 0.000010
0.249879 0.153313 0.000010 0.040825 0.014707 0.000010 0.000010 0.298936 0.242310
0.342667 0.108505 0.000010 0.000010 0.000010 0.000010 0.019987 0.488215 0.040586
0.275964 0.000361 0.115872 0.298907 0.014480 0.010512 0.056085 0.227810 0.000010
0.371867 0.089311 0.029915 0.064904 0.033381 0.000010 0.022604 0.354483 0.033526
0.204301 0.035953 0.059894 0.037616 0.092079 0.000010 0.060813 0.509323 0.000010
0.236897 0.020228 0.062151 0.027566 0.045254 0.016394 0.102035 0.332954 0.156521
0.401480 0.000010 0.051310 0.013130 0.000010 0.028908 0.046807 0.458334 0.000010
0.159207 0.000010 0.000010 0.000010 0.000010 0.000010 0.191007 0.282339 0.367398
0.350846 0.000010 0.000010 0.018423 0.000010 0.000010 0.103424 0.527257 0.000010
0.282038 0.000010 0.111785 0.082679 0.000010 0.000010 0.000010 0.502301 0.021157
0.282320 0.000010 0.000010 0.000010 0.000010 0.064139 0.220059 0.376634 0.056809
0.456870 0.095213 0.062002 0.000010 0.000010 0.000010 0.001910 0.362235 0.021740
0.240730 0.000010 0.000010 0.149195 0.074284 0.006367 0.159480 0.318671 0.051253
0.288651 0.032716 0.042702 0.114360 0.016924 0.000010 0.076624 0.363131 0.064881
0.230463 0.072212 0.000010 0.083546 0.000010 0.000010 0.045038 0.509869 0.058842
0.245975 0.000010 0.125854 0.048022 0.000010 0.019395 0.142574 0.379686 0.038475
0.297122 0.000010 0.005547 0.000010 0.000010 0.000010 0.171555 0.296659 0.229078
0.303361 0.000010 0.000010 0.000010 0.000010 0.000010 0.128396 0.513129 0.055064
0.285669 0.010508 0.093114 0.104960 0.078295 0.000010 0.039456 0.387978 0.000010
0.491432 0.000010 0.053318 0.000010 0.090769 0.045021 0.000010 0.299073 0.020358
0.477885 0.000010 0.051764 0.101292 0.000010 0.000010 0.078453 0.218257 0.072319
0.381174 0.006370 0.000010 0.146464 0.000010 0.020060 0.033340 0.412561 0.000010
0.435961 0.101419 0.000010 0.016911 0.000010 0.000010 0.000010 0.441968 0.003702
0.355019 0.017074 0.000010 0.115214 0.025817 0.000010 0.000010 0.486835 0.000010
0.438006 0.000010 0.010078 0.019804 0.102245 0.000010 0.054722 0.315387 0.059738
0.176484 0.008018 0.055573 0.037414 0.000010 0.000010 0.183445 0.539036 0.000010
0.107315 0.000010 0.016960 0.058310 0.032941 0.000010 0.207477 0.524760 0.052218
0.228347 0.017744 0.164264 0.018773 0.060284 0.009492 0.094024 0.404790 0.002283
0.337348 0.000010 0.000010 0.014228 0.000010 0.000010 0.161956 0.415283 0.071145
0.273696 0.000010 0.000010 0.100325 0.000010 0.004679 0.079040 0.454322 0.087908
0.162922 0.007317 0.000010 0.195364 0.000010 0.000010 0.114359 0.519998 0.000010
0.213141 0.000010 0.000010 0.000010 0.038996 0.000010 0.142506 0.320338 0.284979
0.223308 0.000010 0.000010 0.000010 0.000010 0.033772 0.288213 0.454656 0.000010
0.261497 0.000010 0.000010 0.000010 0.000010 0.000010 0.185608 0.552835 0.000010
0.268375 0.122706 0.000010 0.091732 0.000010 0.061604 0.052606 0.386470 0.016486
0.158078 0.116075 0.019456 0.062367 0.000010 0.000010 0.139471 0.458489 0.046045
0.237630 0.000010 0.035747 0.066396 0.023990 0.000010 0.140638 0.445797 0.049781
0.167044 0.000010 0.017260 0.145081 0.000010 0.004656 0.172040 0.419018 0.074881
0.124910 0.070031 0.020515 0.156815 0.000010 0.000010 0.219086 0.404271 0.004352
0.354979 0.054360 0.073794 0.000010 0.050464 0.000010 0.085785 0.380587 0.000010
0.123312 0.000010 0.000010 0.095689 0.094144 0.000010 0.157055 0.459861 0.069910
0.254193 0.013445 0.000010 0.019112 0.054992 0.000010 0.204067 0.454161 0.000010
0.375307 0.000010 0.168314 0.000010 0.000010 0.000010 0.086571 0.366913 0.002855
0.168879 0.081945 0.000010 0.087733 0.024170 0.029296 0.000010 0.484958 0.122998
0.098740 0.065206 0.000010 0.209427 0.028762 0.000010 0.100230 0.497605 0.000010
0.290799 0.000010 0.000010 0.132436 0.005788 0.059865 0.137118 0.332640 0.041334
0.047620 0.131840 0.050762 0.000010 0.077686 0.000010 0.143225 0.530084 0.018763
0.155754 0.011247 0.000010 0.144314 0.000010 0.043192 0.170583 0.474880 0.000010
0.273650 0.116090 0.080826 0.017978 0.004487 0.000010 0.126701 0.343253 0.037005
0.355913 0.008683 0.013296 0.128956 0.039903 0.000010 0.101573 0.351656 0.000010
0.319334 0.000010 0.074469 0.110064 0.043167 0.000010 0.000010 0.363137 0.089798
0.191405 0.000010 0.019776 0.129627 0.000010 0.000010 0.145371 0.429676 0.084116
0.293721 0.077334 0.000010 0.038468 0.000010 0.031784 0.056886 0.501776 0.000010
0.191480 0.004583 0.075792 0.000010 0.000010 0.000010 0.136704 0.544904 0.046508
0.190066 0.029562 0.095241 0.098242 0.000010 0.000010 0.079139 0.507720 0.000010
0.362505 0.026914 0.185063 0.000010 0.019672 0.009080 0.000010 0.396735 0.000010
0.270613 0.089405 0.045374 0.000010 0.000010 0.000010 0.148690 0.435165 0.010723
0.193301 0.071896 0.154720 0.111066 0.000010 0.030899 0.000010 0.438089 0.000010
0.280007 0.094243 0.000010 0.000010 0.000010 0.000010 0.158443 0.467256 0.000010
0.269866 0.079036 0.000010 0.085214 0.097425 0.001563 0.098710 0.368166 0.000010
0.179507 0.016530 0.128564 0.101725 0.000010 0.063266 0.115302 0.395086 0.000010
0.312101 0.000010 0.077571 0.089708 0.000010 0.000010 0.010239 0.510341 0.000010
0.225347 0.055743 0.088791 0.196823 0.043316 0.013731 0.000010 0.371981 0.004258
0.312271 0.067093 0.042111 0.089013 0.000010 0.000361 0.038638 0.450492 0.000010
0.157097 0.000010 0.000534 0.187151 0.000010 0.047857 0.233276 0.374054 0.000010
0.086521 0.000010 0.067275 0.089666 0.000010 0.000010 0.216781 0.436594 0.103133
0.221651 0.000010 0.000010 0.081058 0.000010 0.000010 0.266749 0.430492 0.000010
0.056627 0.066943 0.006597 0.191913 0.010425 0.000010 0.186735 0.408716 0.072034
0.292709 0.000909 0.082707 0.071655 0.073859 0.000010 0.107205 0.370936 0.000010
0.214721 0.000010 0.061169 0.082419 0.031969 0.000010 0.136875 0.472817 0.000010
0.212153 0.000010 0.000010 0.172541 0.029093 0.000010 0.140435 0.445738 0.000010
0.272133 0.001551 0.034032 0.142422 0.000010 0.000010 0.022232 0.527601 0.000010
0.253194 0.080885 0.044694 0.152124 0.010670 0.024901 0.036102 0.397419 0.000010
0.109606 0.081757 0.132343 0.034778 0.000010 0.000010 0.106112 0.475703 0.059680
0.233431 0.065184 0.008814 0.107028 0.000010 0.000010 0.191538 0.393975 0.000010
0.173791 0.000010 0.196970 0.212793 0.000010 0.000010 0.109700 0.239439 0.067277
0.000010 0.000010 0.052767 0.175083 0.071174 0.018258 0.107508 0.559382 0.015808
0.414296 0.031837 0.178300 0.038584 0.004388 0.000010 0.000010 0.322451 0.010124
0.200245 0.020248 0.193994 0.113099 0.000010 0.005044 0.000010 0.414828 0.052522
0.180665 0.012243 0.205774 0.076711 0.000010 0.000011 0.000010 0.474583 0.049994
0.238024 0.000010 0.164190 0.098699 0.000010 0.053860 0.000010 0.445188 0.000010
0.304916 0.127915 0.035184 0.000010 0.070962 0.000010 0.063904 0.364609 0.032490
0.351037 0.169966 0.000010 0.027183 0.000010 0.000010 0.035862 0.364653 0.051269
0.264531 0.141887 0.075783 0.000010 0.019413 0.000010 0.000010 0.498345 0.000010
0.253037 0.018132 0.032225 0.173143 0.073458 0.044173 0.100561 0.305261 0.000010
0.034394 0.128929 0.015761 0.127167 0.042359 0.000010 0.097402 0.502368 0.051610
0.162002 0.004519 0.041467 0.121016 0.039767 0.000010 0.187547 0.412888 0.030784
0.284359 0.082225 0.127128 0.008365 0.040759 0.000010 0.000010 0.457134 0.000010
0.129518 0.139406 0.030508 0.172738 0.074886 0.000010 0.005166 0.386754 0.061014
0.322594 0.056157 0.069311 0.212616 0.000010 0.000010 0.075163 0.245834 0.018304
0.216611 0.000010 0.033465 0.115743 0.004641 0.000010 0.124935 0.504575 0.000010
0.370820 0.062354 0.082895 0.092766 0.000010 0.000010 0.061236 0.298164 0.031745
0.312799 0.092341 0.000010 0.015526 0.058737 0.024906 0.136955 0.334460 0.024266
0.292797 0.000010 0.196259 0.034573 0.078952 0.035660 0.071720 0.290020 0.000010
0.068790 0.105026 0.190424 0.192683 0.000010 0.000010 0.000010 0.427319 0.015729
0.091779 0.106554 0.167430 0.000010 0.012416 0.007316 0.103870 0.388283 0.122342
0.090251 0.089751 0.090622 0.108839 0.000010 0.003373 0.200515 0.400193 0.016445
0.247257 0.000010 0.111833 0.058944 0.107949 0.000010 0.047088 0.341758 0.085151
0.093055 0.151919 0.140029 0.125306 0.000010 0.024950 0.073845 0.390876 0.000010
0.172681 0.000700 0.133178 0.061967 0.070858 0.000010 0.078996 0.474125 0.007485
0.078404 0.000010 0.303708 0.017270 0.121963 0.085533 0.058068 0.327867 0.007177
0.247079 0.090496 0.000010 0.000010 0.028561 0.000010 0.086172 0.466592 0.081070
0.000010 0.000010 0.239197 0.042092 0.000010 0.015715 0.177298 0.477708 0.047961
0.163335 0.081192 0.059691 0.033814 0.021200 0.028247 0.193847 0.418089 0.000584
0.228291 0.119543 0.015868 0.095184 0.132980 0.000010 0.142957 0.265157 0.000010
0.180194 0.195576 0.000010 0.036650 0.004244 0.000010 0.068679 0.514628 0.000010
0.231428 0.014428 0.013840 0.093478 0.084799 0.000010 0.194155 0.338373 0.029489
0.288633 0.000010 0.164302 0.000010 0.000010 0.000010 0.111725 0.372551 0.062750
0.132384 0.058994 0.114823 0.175017 0.017228 0.000010 0.231190 0.270344 0.000010
0.112543 0.122323 0.068404 0.071198 0.034128 0.045295 0.120633 0.425466 0.000010
0.230935 0.089455 0.120501 0.104178 0.000010 0.000010 0.072172 0.382728 0.000010
0.201959 0.000010 0.106355 0.006591 0.064182 0.000010 0.142439 0.458589 0.019865
0.083918 0.140904 0.056497 0.060630 0.047722 0.000010 0.175174 0.435135 0.000010
0.111900 0.055719 0.000010 0.200307 0.052668 0.019363 0.110121 0.449903 0.000010
0.186875 0.000010 0.104379 0.000010 0.106973 0.000010 0.155673 0.429689 0.016381
0.219661 0.000010 0.010058 0.000010 0.084723 0.000010 0.100566 0.547349 0.037613
0.122957 0.000010 0.176897 0.154812 0.139337 0.020350 0.103662 0.281965 0.000010
0.004699 0.000010 0.000010 0.000010 0.000010 0.532145 0.000010 0.024982 0.438124
0.000010 0.000010 0.000010 0.000010 0.000010 0.591439 0.044640 0.000010 0.363861
0.000010 0.024755 0.000010 0.000010 0.024415 0.224690 0.024749 0.000010 0.701351
0.000010 0.000010 0.000010 0.000010 0.044283 0.343282 0.000010 0.000010 0.612375
0.000011 0.000010 0.000010 0.000010 0.000010 0.434660 0.042167 0.042867 0.480256
0.000010 0.000010 0.000010 0.011293 0.000010 0.365876 0.000010 0.034020 0.588762
0.019299 0.000010 0.000010 0.000010 0.000010 0.459420 0.026669 0.000010 0.494562
0.000010 0.000010 0.000010 0.000010 0.000010 0.259433 0.000010 0.018463 0.722044
0.000010 0.000010 0.000010 0.000010 0.028055 0.147461 0.000010 0.000010 0.824424
0.000010 0.000010 0.000010 0.000012 0.056441 0.468432 0.000010 0.000010 0.475065
0.000011 0.000010 0.000010 0.000010 0.000010 0.385535 0.005927 0.060274 0.548213
0.000010 0.000010 0.000010 0.000010 0.020768 0.340534 0.000010 0.001829 0.636820
0.000010 0.000010 0.000010 0.000010 0.000010 0.432326 0.000010 0.057558 0.510056
0.002266 0.000010 0.000010 0.023935 0.000010 0.543862 0.000010 0.050694 0.379203
0.040953 0.000010 0.000010 0.000010 0.000010 0.408653 0.000010 0.000010 0.550334
0.006400 0.000010 0.000010 0.000010 0.056439 0.352933 0.000010 0.000010 0.584178
0.000010 0.000010 0.000010 0.000010 0.000010 0.346711 0.000010 0.000010 0.653219
0.005077 0.000010 0.000010 0.000010 0.000010 0.601914 0.000010 0.002875 0.390084
0.007740 0.000010 0.000010 0.000010 0.000010 0.255249 0.000010 0.000010 0.736951
0.020440 0.000010 0.000010 0.007944 0.000010 0.319468 0.000010 0.000010 0.652097
0.000010 0.000010 0.000010 0.000010 0.000010 0.539972 0.024212 0.002814 0.432952
0.061079 0.000010 0.000010 0.000010 0.000010 0.338874 0.000010 0.000010 0.599986
0.000010 0.000010 0.000010 0.000010 0.000010 0.274764 0.000010 0.019536 0.705640
0.000010 0.000010 0.000010 0.000010 0.000010 0.579394 0.000010 0.014121 0.406425
0.007482 0.000010 0.000010 0.000010 0.000010 0.323033 0.057743 0.000010 0.611692
0.007530 0.000010 0.000010 0.000010 0.038476 0.550966 0.021937 0.000010 0.381050
0.000010 0.000010 0.000010 0.000010 0.000010 0.597961 0.013218 0.000010 0.388761
0.000010 0.000010 0.000010 0.000010 0.000010 0.366247 0.000010 0.010242 0.623450
0.000010 0.000010 0.000010 0.000010 0.887277 0.000010 0.112653 0.000010 0.000010
0.510221 0.000010 0.000010 0.231115 0.050072 0.021040 0.048031 0.139491 0.000010
0.540868 0.002159 0.037491 0.175599 0.034962 0.000010 0.008791 0.200109 0.000010
0.454065 0.000011 0.006919 0.171926 0.029045 0.000010 0.048645 0.278324 0.011055
0.373123 0.098028 0.020905 0.282243 0.000010 0.000010 0.022274 0.192804 0.010603
0.454897 0.000010 0.000010 0.314332 0.000010 0.020159 0.000010 0.210562 0.000010
0.282055 0.025632 0.018624 0.295444 0.014399 0.019250 0.000010 0.344577 0.000010
0.359456 0.063067 0.000010 0.338073 0.000010 0.000010 0.014635 0.174064 0.050674
0.393919 0.000010 0.001283 0.316765 0.021197 0.000010 0.116007 0.150800 0.000010
0.289667 0.000010 0.009987 0.317285 0.078735 0.027496 0.000010 0.276800 0.000010
0.464988 0.042467 0.000010 0.215896 0.000010 0.000010 0.000010 0.222846 0.053762
0.380191 0.007390 0.047222 0.312583 0.000010 0.000010 0.000010 0.214532 0.038053
0.360794 0.023121 0.000010 0.400745 0.065298 0.010868 0.000010 0.139143 0.000010
0.251205 0.048508 0.039136 0.293987 0.000010 0.000010 0.025887 0.283136 0.058122
0.457811 0.056023 0.028839 0.266319 0.045350 0.053645 0.065033 0.026970 0.000010
0.373256 0.050342 0.134387 0.242874 0.027282 0.000010 0.000010 0.157134 0.014704
0.385180 0.007956 0.105719 0.270810 0.020808 0.000010 0.031507 0.177999 0.000010
0.488310 0.042457 0.000010 0.177335 0.000010 0.000010 0.018706 0.266407 0.006754
0.409898 0.048007 0.000010 0.291545 0.092497 0.026475 0.000010 0.106260 0.025299
0.413074 0.101023 0.092827 0.183491 0.085310 0.000010 0.020161 0.104093 0.000010
0.350346 0.000010 0.014194 0.422592 0.000010 0.000010 0.079543 0.133286 0.000010
0.348763 0.049243 0.054996 0.163675 0.074421 0.000010 0.000010 0.308872 0.000010
0.373635 0.000012 0.015965 0.212752 0.057163 0.000010 0.085471 0.254983 0.000010
0.364936 0.045237 0.000010 0.280039 0.057631 0.010747 0.000010 0.241380 0.000010
0.317709 0.102082 0.000010 0.302015 0.109514 0.000010 0.000010 0.133270 0.035380
0.216430 0.000012 0.165046 0.360967 0.000010 0.000010 0.000010 0.200964 0.056551
0.405704 0.000010 0.057511 0.263809 0.019975 0.040343 0.137569 0.075068 0.000010
0.397991 0.072528 0.019378 0.296198 0.000010 0.000010 0.010649 0.203225 0.000010
0.345734 0.003538 0.043444 0.227267 0.000010 0.000010 0.088006 0.273764 0.018227
0.000010 0.000010 0.000010 0.000010 0.930878 0.000010 0.069052 0.000010 0.000010
0.000010 0.000010 0.000010 0.000010 0.979052 0.009612 0.011276 0.000010 0.000010
0.000010 0.000010 0.000010 0.000010 0.971319 0.000010 0.028611 0.000010 0.000010
0.000010 0.000010 0.000010 0.000010 0.940072 0.050948 0.003642 0.005287 0.000010
0.000010 0.000010 0.000010 0.000010 0.856010 0.000010 0.143920 0.000010 0.000010
0.000010 0.000010 0.000010 0.000010 0.999918 0.000010 0.000012 0.000010 0.000010
0.000010 0.000010 0.000010 0.000010 0.966964 0.000010 0.000010 0.032966 0.000010
0.000010 0.000010 0.000010 0.000010 0.988760 0.000010 0.011170 0.000010 0.000010
0.000010 0.000010 0.000010 0.000010 0.999920 0.000010 0.000010 0.000010 0.000010
0.000010 0.000010 0.002714 0.000010 0.950054 0.047172 0.000010 0.000010 0.000010
0.000010 0.000010 0.000010 0.000010 0.982738 0.000010 0.017192 0.000010 0.000010
0.000010 0.000010 0.000010 0.000010 0.985250 0.014680 0.000010 0.000010 0.000010
0.011842 0.000010 0.000010 0.000010 0.941802 0.000010 0.005714 0.040592 0.000010
0.000010 0.000010 0.000010 0.000010 0.999920 0.000010 0.000010 0.000010 0.000010
0.000010 0.000011 0.000010 0.000010 0.875021 0.000010 0.124908 0.000010 0.000010
0.000010 0.000010 0.000010 0.000010 0.964855 0.000010 0.035075 0.000010 0.000010
0.000010 0.000010 0.000010 0.000010 0.999920 0.000010 0.000010 0.000010 0.000010
0.619367 0.000010 0.004727 0.023272 0.022747 0.000010 0.045398 0.107075 0.177395
0.609214 0.000010 0.000010 0.000010 0.000010 0.030848 0.050865 0.267946 0.041087
0.530356 0.045935 0.000010 0.000010 0.045382 0.008250 0.000010 0.290599 0.079449
0.539796 0.019726 0.000010 0.102026 0.028452 0.000010 0.031956 0.240480 0.037545
0.721649 0.000010 0.038377 0.000010 0.000010 0.000010 0.008790 0.214888 0.016256
0.536866 0.000010 0.100479 0.000010 0.000010 0.018543 0.000010 0.299792 0.044280
0.605116 0.032901 0.000010 0.000010 0.000010 0.000010 0.018151 0.276575 0.067217
0.589221 0.000010 0.000010 0.138211 0.044837 0.000010 0.000010 0.227681 0.000010
0.557552 0.000010 0.037340 0.021042 0.011101 0.000010 0.000010 0.295303 0.077632
0.536886 0.045081 0.022949 0.000010 0.028344 0.000010 0.000010 0.360864 0.005846
0.468349 0.022782 0.083136 0.087113 0.050665 0.000010 0.000010 0.246345 0.041589
0.603777 0.000010 0.000010 0.019169 0.000010 0.010440 0.014922 0.253664 0.097999
0.628646 0.000010 0.000010 0.000010 0.026840 0.000010 0.000010 0.262914 0.081550
0.433505 0.000010 0.002048 0.093242 0.000010 0.037181 0.046269 0.347299 0.040436
0.491006 0.000010 0.028033 0.000010 0.000011 0.047886 0.000010 0.340092 0.092942
0.510555 0.000010 0.013864 0.000010 0.000010 0.000010 0.000010 0.352167 0.123364
0.515253 0.000010 0.085461 0.189153 0.000010 0.000473 0.000010 0.174310 0.035320
0.550895 0.018893 0.114239 0.000010 0.003433 0.000010 0.000010 0.298711 0.013800
0.605653 0.016412 0.064172 0.036618 0.039265 0.000010 0.000010 0.203384 0.034476
0.631547 0.000010 0.013114 0.075293 0.000010 0.000010 0.011488 0.229148 0.039381
0.611807 0.000010 0.000010 0.003259 0.000010 0.019225 0.000010 0.365660 0.000010
0.643948 0.009920 0.000010 0.138118 0.023943 0.000010 0.123990 0.052879 0.007182
0.356166 0.000010 0.000010 0.155126 0.000010 0.000010 0.000010 0.385270 0.103387
0.671088 0.022243 0.019354 0.040728 0.014915 0.085025 0.000010 0.117426 0.029212
0.421189 0.069361 0.020417 0.169337 0.009088 0.024957 0.000010 0.285631 0.000010
0.570899 0.002643 0.000010 0.104200 0.000010 0.000010 0.000010 0.175702 0.146516
0.571869 0.000010 0.135405 0.000010 0.000010 0.028742 0.000010 0.263934 0.000010
0.453977 0.000010 0.098490 0.000010 0.000010 0.000010 0.000010 0.388706 0.058777
0.678797 0.057549 0.000010 0.060730 0.000010 0.000010 0.000010 0.202874 0.000010
0.534775 0.086515 0.011111 0.047161 0.015008 0.000010 0.000010 0.305399 0.000010
0.594597 0.000010 0.040767 0.071280 0.000010 0.000010 0.022434 0.269337 0.001554
0.642147 0.000010 0.000010 0.122158 0.029984 0.000010 0.041107 0.164564 0.000010
0.753796 0.000010 0.000010 0.012038 0.000010 0.000010 0.007726 0.226391 0.000010
0.562560 0.091014 0.071795 0.031734 0.000010 0.037726 0.000010 0.205141 0.000010
0.623288 0.034685 0.022222 0.050468 0.000010 0.000010 0.000010 0.212939 0.056368
0.509890 0.000010 0.052702 0.000010 0.085649 0.000010 0.002975 0.178607 0.170147
0.574965 0.000010 0.060207 0.064180 0.000735 0.000010 0.000010 0.299874 0.000010
0.534595 0.008953 0.027802 0.009211 0.000010 0.000010 0.055624 0.354361 0.009434
0.563069 0.012269 0.022275 0.064153 0.000010 0.000010 0.041481 0.267147 0.029585
0.568594 0.096711 0.000010 0.000010 0.000010 0.000010 0.011927 0.322719 0.000010
0.592751 0.010644 0.027858 0.105723 0.000010 0.000010 0.000010 0.232212 0.030783
0.655057 0.000010 0.066044 0.000010 0.000010 0.000010 0.000010 0.278839 0.000010
0.735431 0.000010 0.000010 0.000010 0.000010 0.084681 0.000010 0.077377 0.102461
0.507356 0.000010 0.069515 0.189537 0.000010 0.024904 0.000010 0.192333 0.016324
0.507178 0.000010 0.000010 0.000010 0.043051 0.061726 0.036156 0.201875 0.149984
0.493695 0.053062 0.000010 0.074855 0.105800 0.000010 0.000010 0.272548 0.000010
0.659248 0.000010 0.000010 0.000010 0.000010 0.000010 0.000010 0.239715 0.100977
0.533872 0.000010 0.000010 0.000010 0.000010 0.080158 0.000010 0.385909 0.000010
0.441420 0.000010 0.082478 0.052699 0.104265 0.047006 0.000010 0.030086 0.242025
0.452665 0.000010 0.051988 0.001815 0.000010 0.000010 0.004365 0.223867 0.265270
0.741581 0.133992 0.028007 0.039067 0.000010 0.000010 0.000010 0.042981 0.014343
0.517162 0.000010 0.000010 0.000010 0.007529 0.029914 0.000010 0.358491 0.086864
0.601197 0.000010 0.001884 0.056367 0.000010 0.005794 0.000010 0.301221 0.033508
0.434119 0.000010 0.000010 0.163804 0.043387 0.058111 0.000010 0.288453 0.012096
0.496607 0.000010 0.000010 0.121423 0.000010 0.011901 0.000010 0.129301 0.240729
0.058898 0.000010 0.000010 0.000010 0.052673 0.244665 0.000010 0.117949 0.525776
0.579917 0.000010 0.000010 0.000010 0.000010 0.000010 0.073645 0.241952 0.104436
0.560421 0.000010 0.000010 0.015430 0.000010 0.007196 0.000010 0.341035 0.075878
0.647931 0.000010 0.000010 0.000010 0.026685 0.069124 0.000010 0.256211 0.000010
0.490014 0.000010 0.033054 0.154407 0.041654 0.000010 0.018045 0.242794 0.020012
0.658885 0.000010 0.000010 0.055825 0.043305 0.000010 0.020043 0.221902 0.000010
0.531012 0.000010 0.000010 0.048056 0.086808 0.000010 0.000010 0.330501 0.003583
0.540070 0.163120 0.000010 0.000010 0.000010 0.037668 0.034779 0.179024 0.045309
0.635603 0.000010 0.000010 0.000010 0.000010 0.000010 0.035454 0.251067 0.077826
0.505355 0.000010 0.000011 0.023050 0.000010 0.015022 0.000010 0.439307 0.017224
0.674589 0.000010 0.000010 0.000010 0.000010 0.000010 0.000010 0.325341 0.000010
0.539801 0.084117 0.000010 0.040556 0.040848 0.057959 0.012189 0.172976 0.051545
0.589256 0.000010 0.000010 0.051514 0.000010 0.000010 0.064208 0.269113 0.025868
0.550341 0.000010 0.003685 0.051366 0.095291 0.000010 0.000010 0.226915 0.072371
0.636574 0.000010 0.000010 0.000010 0.013535 0.001933 0.018336 0.328081 0.001511
0.520231 0.107501 0.044555 0.171299 0.045712 0.000010 0.000010 0.084396 0.026285
0.493610 0.012502 0.000010 0.101443 0.000010 0.022675 0.000010 0.212763 0.156977
0.588393 0.000010 0.000010 0.000010 0.071375 0.050901 0.014671 0.218376 0.056254
0.484098 0.075958 0.101479 0.000010 0.000010 0.022235 0.014930 0.219881 0.081398
0.577826 0.013781 0.000010 0.090849 0.000010 0.000010 0.000010 0.246516 0.070987
0.651415 0.000010 0.009576 0.000010 0.000010 0.000010 0.017569 0.213408 0.107992
0.540542 0.034335 0.000010 0.000010 0.000010 0.000010 0.000010 0.353998 0.071075
0.504582 0.000011 0.048419 0.000010 0.063105 0.017416 0.019272 0.347175 0.000010
0.570981 0.000010 0.000010 0.181381 0.000010 0.004776 0.000010 0.242813 0.000010
0.537605 0.000010 0.000010 0.119511 0.025930 0.092967 0.000010 0.223947 0.000010
0.464244 0.021744 0.000010 0.000010 0.000010 0.000010 0.040873 0.316395 0.156705
0.604956 0.000010 0.000010 0.000010 0.000010 0.162033 0.000010 0.202998 0.029963
0.501377 0.047430 0.016286 0.098384 0.023024 0.045655 0.018448 0.186577 0.062820
0.601666 0.060704 0.000010 0.000010 0.018460 0.103055 0.000010 0.216074 0.000010
0.493043 0.077892 0.000010 0.039297 0.078109 0.009382 0.014270 0.201347 0.086651
0.479948 0.030514 0.000010 0.082505 0.037498 0.036023 0.000010 0.255541 0.077951
0.448957 0.093994 0.035708 0.021080 0.000010 0.048295 0.000010 0.337416 0.014531
0.000010 0.015086 0.026341 0.000010 0.691020 0.000010 0.267503 0.000010 0.000010
0.000010 0.000010 0.000010 0.001850 0.772890 0.000010 0.224775 0.000010 0.000435
0.000010 0.000010 0.000010 0.000010 0.887739 0.000010 0.112191 0.000010 0.000010
0.013257 0.039594 0.000010 0.000010 0.776820 0.000010 0.170279 0.000010 0.000010
0.000010 0.000010 0.057434 0.000016 0.833013 0.000010 0.109487 0.000010 0.000010
0.000010 0.000010 0.000010 0.000010 0.862105 0.000010 0.137825 0.000010 0.000010
0.000010 0.000010 0.000010 0.000010 0.811976 0.000010 0.187954 0.000010 0.000010
0.551575 0.000010 0.065051 0.268807 0.000010 0.000010 0.011963 0.070632 0.031942
0.581585 0.000010 0.010042 0.274927 0.000416 0.001093 0.000010 0.108591 0.023326
0.593251 0.000010 0.000010 0.169979 0.000010 0.019798 0.014844 0.202088 0.000010
0.541968 0.000010 0.000010 0.128652 0.206136 0.000010 0.000010 0.123195 0.000010
0.531798 0.018742 0.000010 0.204887 0.006472 0.000010 0.081990 0.156081 0.000010
0.634435 0.000010 0.072844 0.090656 0.047692 0.015034 0.000558 0.138761 0.000010
0.411678 0.000010 0.000010 0.338187 0.000010 0.010981 0.038914 0.200200 0.000010
0.572741 0.033885 0.004559 0.156133 0.064083 0.055739 0.000011 0.112839 0.000010
0.401834 0.000010 0.006446 0.170708 0.062125 0.000010 0.031536 0.214441 0.112890
0.526386 0.022574 0.051131 0.173610 0.000010 0.000010 0.072162 0.153725 0.000391
0.437486 0.000010 0.080886 0.138676 0.029374 0.000010 0.000010 0.195943 0.117605
0.607380 0.000010 0.026470 0.000010 0.040340 0.000010 0.029834 0.187757 0.108189
0.628031 0.000010 0.058795 0.000010 0.094903 0.022838 0.000010 0.180530 0.014874
0.467407 0.000010 0.000010 0.027991 0.000010 0.000010 0.000010 0.385886 0.118665
0.515552 0.000010 0.000010 0.000010 0.000010 0.039359 0.000010 0.344309 0.100731
0.370697 0.000010 0.000010 0.189948 0.027677 0.051039 0.000010 0.315787 0.044822
0.671129 0.002166 0.033423 0.000010 0.030212 0.000010 0.021300 0.180257 0.061492
0.462838 0.022192 0.044014 0.141120 0.000010 0.001284 0.001442 0.277615 0.049486
0.595443 0.000010 0.000010 0.000010 0.000010 0.000010 0.074129 0.248169 0.082209
0.560967 0.036518 0.000010 0.007233 0.050275 0.029506 0.003103 0.189226 0.123162
0.600142 0.029631 0.000010 0.102841 0.000010 0.012102 0.058527 0.196727 0.000010
0.571958 0.000010 0.049193 0.029447 0.000010 0.030142 0.023894 0.223673 0.071673
0.636129 0.000010 0.036500 0.065579 0.000010 0.005426 0.039920 0.180434 0.035992
0.586655 0.014144 0.000010 0.058731 0.000010 0.039018 0.025071 0.244270 0.032091
0.660635 0.030427 0.000010 0.023678 0.000010 0.008700 0.010804 0.265726 0.000010
0.515759 0.000010 0.099763 0.016467 0.000010 0.005893 0.027393 0.167792 0.166913
0.557156 0.000010 0.000010 0.017168 0.000010 0.000010 0.020544 0.264699 0.140393
0.613602 0.000010 0.047914 0.000010 0.000010 0.080530 0.014000 0.243914 0.000010
0.494119 0.013584 0.000010 0.172873 0.000010 0.000354 0.000010 0.139504 0.179535
0.593124 0.000010 0.000010 0.098029 0.000010 0.000010 0.016633 0.281337 0.010837
0.537339 0.000010 0.000010 0.043087 0.000010 0.015757 0.025475 0.368091 0.010221
0.615305 0.038970 0.000010 0.021170 0.084516 0.000010 0.000010 0.239999 0.000010
0.518955 0.000010 0.005843 0.035150 0.036760 0.082632 0.038205 0.282435 0.000010
0.567015 0.000010 0.000010 0.000010 0.031210 0.000010 0.000010 0.296346 0.105379
0.660774 0.044673 0.000010 0.000010 0.018150 0.083046 0.013779 0.179548 0.000010
0.000010 0.862164 0.074235 0.063541 0.000010 0.000010 0.000010 0.000010 0.000010
0.000010 0.530453 0.097847 0.000010 0.000010 0.040412 0.000010 0.000010 0.331238
0.000010 0.938746 0.061184 0.000010 0.000010 0.000010 0.000010 0.000010 0.000010
0.000010 0.875043 0.054151 0.056946 0.007745 0.000010 0.006075 0.000010 0.000010
0.000010 0.084275 0.330344 0.126694 0.000010 0.000010 0.439659 0.014605 0.004393
0.000010 0.000010 0.614035 0.000010 0.027098 0.000010 0.358336 0.000010 0.000482
0.000010 0.041543 0.270620 0.046456 0.027899 0.000010 0.456760 0.156691 0.000010
0.000010 0.048132 0.520168 0.020962 0.043016 0.000010 0.325078 0.000010 0.042614
0.000010 0.016237 0.403724 0.000010 0.059732 0.000010 0.340747 0.155088 0.024442
0.030243 0.101929 0.412822 0.000010 0.140062 0.000010 0.307516 0.007398 0.000010
0.000010 0.033283 0.365751 0.000010 0.115837 0.000010 0.418939 0.035403 0.030756
0.025181 0.000010 0.456618 0.077718 0.089794 0.000010 0.300091 0.050567 0.000010
0.000010 0.066454 0.398984 0.066149 0.000010 0.000010 0.335265 0.107473 0.025646
0.023433 0.000010 0.390742 0.006769 0.090346 0.000010 0.377058 0.111622 0.000010
0.566602 0.000010 0.139979 0.000010 0.000010 0.000010 0.031683 0.217991 0.043706
0.513222 0.020855 0.000010 0.006534 0.023639 0.045009 0.072500 0.318219 0.000010
0.637082 0.000010 0.058240 0.000010 0.053944 0.000010 0.000010 0.091924 0.158770
0.427030 0.000010 0.000010 0.180683 0.000010 0.056760 0.028410 0.245658 0.061428
0.420660 0.000010 0.077788 0.036110 0.000010 0.028359 0.000010 0.235634 0.201419
0.571968 0.000010 0.000010 0.000010 0.000010 0.000627 0.068313 0.258355 0.100697
0.668547 0.000010 0.075064 0.000010 0.000010 0.056426 0.000010 0.198336 0.001587
0.525910 0.000010 0.000010 0.054701 0.030175 0.000010 0.000010 0.389164 0.000010
0.490536 0.000010 0.013649 0.000010 0.118964 0.000010 0.000010 0.277789 0.099022
0.529365 0.040879 0.014336 0.020053 0.072925 0.039146 0.081583 0.201702 0.000010
0.513360 0.059680 0.021956 0.000010 0.074070 0.000010 0.000010 0.227489 0.103415
0.574711 0.022944 0.119545 0.000010 0.000010 0.085058 0.027996 0.169715 0.000010
0.581200 0.000010 0.000010 0.000010 0.000010 0.082141 0.000010 0.314417 0.022192
0.364166 0.000010 0.027847 0.233668 0.000010 0.061624 0.000010 0.283281 0.029384
0.672591 0.000010 0.023398 0.001471 0.014607 0.058641 0.019862 0.203650 0.005769
0.617871 0.000010 0.000010 0.039658 0.144480 0.034536 0.000010 0.122143 0.041283
0.605376 0.000010 0.047360 0.067227 0.000010 0.000010 0.000010 0.214001 0.065996
0.532057 0.043820 0.155158 0.000010 0.012468 0.000010 0.000010 0.153881 0.102586
0.563577 0.000010 0.032699 0.020321 0.047301 0.000010 0.000010 0.224214 0.111858
0.509932 0.058508 0.000010 0.000010 0.000010 0.107902 0.017215 0.196898 0.109515
0.519660 0.062967 0.042974 0.000010 0.000010 0.035326 0.054013 0.285030 0.000010
0.000010 0.144672 0.701212 0.000010 0.000010 0.000431 0.153635 0.000010 0.000010
0.000010 0.000010 0.659555 0.000010 0.053600 0.026388 0.213156 0.047261 0.000010
0.000010 0.039503 0.632239 0.000010 0.034259 0.000010 0.194856 0.099103 0.000010
0.000010 0.140522 0.578218 0.000010 0.000010 0.000010 0.281200 0.000010 0.000010
0.000010 0.000010 0.750764 0.037372 0.000010 0.000010 0.211803 0.000010 0.000010
0.000010 0.000010 0.633366 0.000010 0.000010 0.000010 0.292251 0.074324 0.000010
0.000010 0.023019 0.588943 0.024192 0.016966 0.000010 0.323232 0.023617 0.000010
0.000010 0.000010 0.675549 0.000010 0.000010 0.015394 0.249944 0.014604 0.044470
0.000010 0.068294 0.699967 0.000010 0.030781 0.000010 0.191730 0.000010 0.009188
0.008117 0.005022 0.649396 0.000010 0.019858 0.020612 0.296963 0.000010 0.000010
0.000010 0.000010 0.672358 0.000010 0.000010 0.000010 0.258289 0.069293 0.000010
0.000010 0.056890 0.597875 0.000010 0.000010 0.000010 0.251650 0.049366 0.044180
0.053858 0.012094 0.601297 0.000010 0.005164 0.015776 0.311781 0.000010 0.000010
0.000010 0.000010 0.626368 0.000010 0.076457 0.016818 0.280306 0.000010 0.000010
0.000010 0.000010 0.860474 0.005467 0.000010 0.000010 0.116296 0.000010 0.017714
0.000010 0.038350 0.666141 0.000010 0.000010 0.000010 0.295450 0.000010 0.000010
0.000010 0.062356 0.609610 0.000010 0.042169 0.000010 0.240318 0.045507 0.000010
0.000010 0.033904 0.708598 0.000010 0.026819 0.000010 0.183825 0.026634 0.020189
0.084988 0.000010 0.621100 0.000010 0.000010 0.000010 0.229627 0.064235 0.000010
0.000010 0.081062 0.648421 0.000010 0.060562 0.000010 0.209905 0.000010 0.000010
0.035851 0.095671 0.612043 0.000010 0.051314 0.025674 0.179416 0.000010 0.000010
0.000010 0.038927 0.598440 0.006499 0.024432 0.010340 0.306977 0.000010 0.014364
0.000010 0.017348 0.595897 0.000010 0.010246 0.000010 0.286659 0.089810 0.000010
0.000010 0.056100 0.737325 0.000010 0.042698 0.000010 0.147544 0.016294 0.000010
0.000010 0.000010 0.770258 0.000010 0.020955 0.000010 0.194995 0.000010 0.013742
0.019779 0.000010 0.665163 0.000010 0.000010 0.000010 0.210338 0.104669 0.000010
0.000010 0.104201 0.465644 0.000010 0.000010 0.019604 0.373509 0.000010 0.037003
0.000010 0.074600 0.569764 0.000010 0.004689 0.000010 0.342757 0.000010 0.008150
0.000010 0.016250 0.593013 0.000010 0.041636 0.000010 0.296616 0.035324 0.017131
0.000010 0.000010 0.670096 0.000010 0.029397 0.000010 0.293797 0.006660 0.000010
0.000010 0.000010 0.706053 0.000010 0.040067 0.000010 0.253820 0.000010 0.000010
0.000010 0.064732 0.718911 0.000010 0.000010 0.000010 0.193173 0.000010 0.023134
0.000010 0.000010 0.563569 0.010028 0.000010 0.011027 0.415326 0.000010 0.000010
0.000010 0.082102 0.536516 0.000010 0.063328 0.000010 0.318004 0.000010 0.000010
0.000010 0.000010 0.679081 0.000010 0.031231 0.000010 0.289628 0.000010 0.000010
0.000010 0.000010 0.460432 0.019316 0.045668 0.000010 0.326269 0.148275 0.000010
0.140796 0.087257 0.497841 0.000011 0.020310 0.000010 0.242510 0.000010 0.011256
0.000010 0.000010 0.610426 0.019445 0.018972 0.000010 0.351107 0.000010 0.000010
0.000010 0.051625 0.502783 0.051505 0.029817 0.000010 0.364230 0.000010 0.000010
0.000010 0.000010 0.008385 0.001662 0.813325 0.000010 0.082444 0.000010 0.094145
0.000010 0.000010 0.000010 0.013223 0.933799 0.000010 0.052918 0.000010 0.000010
0.000010 0.000010 0.646361 0.000010 0.047984 0.000010 0.267705 0.037900 0.000010
0.000010 0.038893 0.631282 0.058271 0.023210 0.000010 0.235553 0.012761 0.000010
0.209143 0.001861 0.064154 0.472712 0.000010 0.000010 0.000010 0.247721 0.004378
0.341411 0.000010 0.000010 0.204931 0.000010 0.006227 0.034236 0.344219 0.068946
0.290235 0.103749 0.000010 0.459296 0.000010 0.000010 0.000010 0.146670 0.000010
0.410650 0.018932 0.000010 0.226877 0.049765 0.000010 0.008528 0.285218 0.000010
0.202110 0.033621 0.011251 0.485089 0.000010 0.000010 0.059999 0.207899 0.000010
0.265917 0.053970 0.000010 0.345957 0.000010 0.000010 0.000010 0.334106 0.000010
0.273359 0.000010 0.001671 0.469562 0.000010 0.007565 0.000010 0.191963 0.055850
0.009205 0.099715 0.000010 0.571010 0.067647 0.000010 0.015966 0.236428 0.000010
0.160794 0.000010 0.005382 0.378036 0.060876 0.001689 0.000010 0.363382 0.029822
0.300029 0.000010 0.066753 0.202471 0.052581 0.000010 0.046734 0.331402 0.000010
0.299132 0.010201 0.002924 0.333008 0.044070 0.000010 0.000010 0.292462 0.018183
0.252388 0.000010 0.000010 0.346896 0.027935 0.018747 0.100449 0.253555 0.000010
0.363696 0.035393 0.000010 0.373006 0.028862 0.000010 0.000010 0.199003 0.000010
0.000010 0.000010 0.612743 0.000010 0.000010 0.000010 0.387187 0.000010 0.000010
0.000010 0.055245 0.511952 0.000010 0.039317 0.000010 0.393437 0.000010 0.000010
0.000010 0.013725 0.559162 0.000010 0.079458 0.000010 0.272843 0.000010 0.074773
0.000010 0.000010 0.680864 0.002455 0.055439 0.000010 0.261192 0.000010 0.000010
0.000010 0.089055 0.637124 0.000010 0.000010 0.000010 0.272593 0.001177 0.000010
0.024746 0.079539 0.465560 0.050532 0.123427 0.000010 0.256166 0.000010 0.000010
0.000010 0.086620 0.646389 0.000010 0.000010 0.000010 0.265591 0.000010 0.001350
0.000010 0.006215 0.648412 0.036744 0.000010 0.000010 0.248920 0.059669 0.000010
0.000010 0.029983 0.608564 0.000010 0.000010 0.000010 0.336436 0.024967 0.000010
0.000010 0.000010 0.661849 0.000010 0.000010 0.000010 0.235197 0.078083 0.024821
0.000010 0.000010 0.764530 0.000010 0.056053 0.000010 0.168236 0.000010 0.011130
0.000010 0.107226 0.525950 0.000010 0.096120 0.049710 0.218836 0.002129 0.000010
