0.343914 0.000010 0.018003 0.057120 0.000010 0.000010 0.116358 0.464565 0.000010
0.253888 0.089345 0.000010 0.067780 0.038381 0.003479 0.119451 0.353430 0.074235
0.460979 0.000010 0.000010 0.000010 0.052308 0.033393 0.064074 0.389206 0.000010
0.371884 0.000010 0.000010 0.035454 0.000010 0.002522 0.132128 0.403037 0.054946
0.153501 0.000010 0.028506 0.097410 0.070807 0.015183 0.183573 0.451000 0.000010
0.173771 0.005209 0.000010 0.018828 0.000010 0.000010 0.141377 0.376730 0.284056
0.262588 0.000010 0.000010 0.014143 0.092747 0.002565 0.192914 0.435013 0.000010
0.017442 0.000010 0.000010 0.218236 0.075438 0.000010 0.073013 0.556520 0.059322
0.441434 0.000010 0.024498 0.122433 0.000010 0.042490 0.049608 0.309906 0.009610
0.124503 0.000010 0.000010 0.109246 0.000010 0.056818 0.239673 0.469719 0.000010
0.240479 0.116969 0.064500 0.020157 0.032243 0.000010 0.119553 0.406080 0.000010
0.364425 0.000010 0.000010 0.084977 0.096293 0.000010 0.047498 0.406767 0.000010
0.248849 0.000010 0.004572 0.122484 0.000010 0.000010 0.093084 0.530972 0.000010
0.399248 0.000010 0.000010 0.009337 0.074130 0.095906 0.068804 0.327247 0.025307
0.311954 0.000010 0.000010 0.012568 0.000010 0.000010 0.030656 0.554652 0.090130
0.200369 0.004652 0.000010 0.041101 0.122488 0.000010 0.144370 0.486991 0.000010
0.260092 0.000010 0.012627 0.033853 0.042729 0.000010 0.036823 0.565355 0.048500
0.155060 0.067355 0.057566 0.000010 0.111695 0.000010 0.027367 0.508581 0.072356
0.331224 0.000010 0.028786 0.000010 0.004707 0.000010 0.031345 0.495613 0.108296
0.260097 0.036725 0.000010 0.048274 0.000010 0.000010 0.089931 0.553680 0.011263
0.195899 0.074096 0.019832 0.075165 0.085258 0.003843 0.118654 0.411014 0.016239
0.228904 0.000010 0.000010 0.000010 0.005442 0.022854 0.177654 0.420040 0.145077
0.135290 0.000010 0.000010 0.000010 0.036005 0.028302 0.219070 0.505682 0.075622
0.279699 0.000010 0.000010 0.113645 0.034598 0.031847 0.000010 0.540171 0.000010
0.284676 0.000010 0.000010 0.108948 0.000010 0.000010 0.000010 0.588109 0.018218
0.295246 0.000010 0.000010 0.000010 0.070127 0.000010 0.086996 0.488668 0.058923
0.294239 0.088466 0.010748 0.047064 0.058134 0.000010 0.197044 0.304286 0.000010
0.122487 0.033532 0.012790 0.025149 0.028875 0.068079 0.113821 0.440641 0.154626
0.397367 0.051826 0.000010 0.000010 0.064719 0.000010 0.055341 0.430707 0.000010
0.177479 0.000010 0.022674 0.124991 0.098101 0.000010 0.000010 0.371136 0.205589
0.314887 0.000010 0.000010 0.155734 0.006513 0.000010 0.158889 0.341587 0.022361
0.274544 0.032049 0.000010 0.054207 0.000010 0.036192 0.125335 0.477643 0.000010
0.235219 0.000010 0.097520 0.117024 0.000010 0.000010 0.121212 0.428984 0.000010
0.413725 0.000010 0.041973 0.000010 0.013447 0.000010 0.107469 0.423345 0.000010
0.025859 0.039260 0.018214 0.000010 0.000010 0.000010 0.222916 0.607505 0.086215
0.333223 0.000010 0.000010 0.006421 0.000010 0.000010 0.144847 0.515460 0.000010
0.351201 0.000010 0.050063 0.061666 0.063249 0.000010 0.004108 0.469683 0.000010
0.347727 0.000010 0.003336 0.000010 0.000010 0.032647 0.117822 0.498428 0.000010
0.057202 0.000010 0.019099 0.185917 0.000010 0.007041 0.271128 0.459583 0.000010
0.215562 0.000010 0.036726 0.051807 0.000010 0.000010 0.148586 0.493775 0.053515
0.261576 0.006542 0.023708 0.257683 0.002970 0.000010 0.048235 0.399265 0.000010
0.427329 0.044775 0.000010 0.093613 0.000010 0.000010 0.137342 0.296901 0.000010
0.260980 0.053533 0.000010 0.068111 0.040320 0.014917 0.026798 0.535321 0.000010
0.202352 0.048785 0.000010 0.181380 0.000010 0.027810 0.089170 0.409979 0.040504
0.377604 0.000010 0.000010 0.082896 0.066885 0.026460 0.014481 0.426755 0.004899
0.206324 0.000010 0.100872 0.070044 0.000010 0.000010 0.049758 0.562505 0.010467
0.050149 0.000010 0.000010 0.191443 0.006741 0.000010 0.148551 0.583544 0.019543
0.297331 0.000010 0.003347 0.079625 0.000010 0.000010 0.077574 0.542084 0.000010
0.003226 0.024519 0.425361 0.129596 0.000010 0.000010 0.075698 0.341571 0.000010
0.287808 0.000010 0.283938 0.155861 0.048722 0.000010 0.098365 0.125277 0.000010
0.023662 0.008388 0.334524 0.095241 0.106604 0.005004 0.253583 0.172982 0.000010
0.204624 0.070593 0.261338 0.014120 0.010842 0.002359 0.186654 0.249461 0.000010
0.049215 0.089451 0.264675 0.127541 0.068005 0.000010 0.038300 0.362794 0.000010
0.155320 0.052477 0.148900 0.053929 0.069820 0.067902 0.136462 0.315182 0.000010
0.160418 0.147252 0.184489 0.111663 0.045507 0.039266 0.020970 0.264471 0.025963
0.106458 0.000010 0.202848 0.188489 0.051523 0.000010 0.093562 0.321320 0.035779
0.138273 0.039354 0.503064 0.000010 0.000010 0.000010 0.123434 0.160168 0.035676
0.262608 0.045691 0.256331 0.039820 0.004872 0.085559 0.101401 0.203710 0.000010
0.171655 0.056626 0.356514 0.000010 0.000010 0.000010 0.246834 0.153082 0.015258
0.144139 0.076946 0.282660 0.061997 0.000010 0.000010 0.131682 0.287410 0.015147
0.116670 0.090797 0.439700 0.054729 0.000010 0.000010 0.082746 0.113217 0.102120
0.151098 0.041464 0.295250 0.142432 0.015141 0.000010 0.084576 0.270019 0.000010
0.236406 0.002167 0.085786 0.067110 0.053504 0.000010 0.244885 0.310121 0.000010
0.056190 0.000010 0.413687 0.011626 0.000010 0.000010 0.247439 0.271018 0.000010
0.000010 0.014224 0.321296 0.112158 0.000010 0.000010 0.254377 0.297905 0.000010
0.058787 0.000010 0.450380 0.221514 0.000010 0.000010 0.067221 0.202059 0.000010
0.277876 0.001491 0.265616 0.018973 0.079388 0.000010 0.101878 0.254757 0.000010
0.328593 0.076740 0.283316 0.047942 0.000010 0.009483 0.061896 0.192010 0.000010
0.268023 0.056893 0.302447 0.048179 0.010356 0.000010 0.249186 0.064896 0.000010
0.237114 0.014505 0.245815 0.094938 0.000010 0.000010 0.077286 0.311704 0.018618
0.184462 0.000010 0.000010 0.124860 0.056514 0.107730 0.020481 0.180995 0.324938
0.344228 0.000010 0.062381 0.000010 0.000010 0.000010 0.018781 0.557962 0.016608
0.386394 0.105518 0.000010 0.048489 0.000010 0.000010 0.000010 0.418665 0.040894
0.417795 0.000010 0.000010 0.000010 0.000010 0.000010 0.177197 0.396774 0.008184
0.387367 0.026192 0.000010 0.058627 0.000010 0.009775 0.090593 0.427417 0.000010
0.253817 0.000010 0.000010 0.000010 0.213806 0.000010 0.047394 0.484933 0.000010
0.205945 0.051590 0.000010 0.074629 0.000010 0.000010 0.101746 0.483705 0.082355
0.190247 0.000010 0.011877 0.148284 0.002545 0.011083 0.060161 0.502242 0.073551
0.353089 0.061131 0.018753 0.169101 0.000010 0.000010 0.087253 0.238042 0.072611
0.299877 0.000010 0.033462 0.089145 0.000010 0.000010 0.030576 0.546900 0.000010
0.089437 0.105348 0.000010 0.031333 0.000010 0.056903 0.149673 0.563828 0.003458
0.138878 0.000010 0.018579 0.113493 0.000010 0.000010 0.071610 0.656978 0.000432
0.386037 0.129290 0.049000 0.093950 0.000010 0.000010 0.014938 0.326754 0.000010
0.507007 0.026312 0.000010 0.000010 0.000010 0.039898 0.139386 0.287358 0.000010
0.211555 0.027436 0.033380 0.020642 0.000010 0.011082 0.109126 0.446417 0.140352
0.248675 0.000010 0.000010 0.015678 0.012273 0.000010 0.172303 0.459178 0.091864
0.179489 0.034658 0.000010 0.000010 0.000010 0.000010 0.088589 0.349060 0.348164
0.371119 0.089596 0.000010 0.000010 0.017618 0.000010 0.001898 0.425743 0.093996
0.184757 0.027842 0.000010 0.033732 0.051483 0.034123 0.000010 0.320467 0.347576
0.228110 0.020158 0.000010 0.111152 0.000010 0.000010 0.167644 0.472896 0.000010
0.479934 0.000010 0.000010 0.174818 0.085521 0.000010 0.004863 0.111205 0.143630
0.354703 0.119303 0.000010 0.027253 0.011146 0.032719 0.000010 0.454846 0.000010
0.317482 0.000010 0.000010 0.000010 0.000010 0.000010 0.252085 0.407781 0.022602
0.116322 0.005815 0.000885 0.195073 0.000010 0.000010 0.158763 0.523112 0.000010
0.382636 0.025286 0.010998 0.064268 0.000010 0.028675 0.096708 0.330719 0.060700
0.190778 0.000010 0.062374 0.109169 0.000010 0.000010 0.093647 0.535612 0.008390
0.311794 0.102389 0.000010 0.000219 0.000010 0.000010 0.159745 0.425813 0.000010
0.144160 0.111530 0.000010 0.000010 0.000010 0.000010 0.268482 0.470268 0.005520
0.000010 0.000010 0.000010 0.105823 0.000010 0.000010 0.285131 0.608986 0.000010
0.344439 0.000010 0.000010 0.000010 0.045626 0.034744 0.116969 0.458183 0.000010
0.205024 0.090435 0.000010 0.128234 0.000010 0.000010 0.082022 0.289063 0.205192
0.000010 0.110640 0.000010 0.000010 0.062105 0.061999 0.000010 0.150208 0.615007
0.145987 0.024067 0.129478 0.052683 0.000010 0.000010 0.040234 0.575679 0.031852
0.053097 0.107160 0.012295 0.131759 0.015175 0.004567 0.214224 0.440225 0.021496
0.269893 0.030754 0.080731 0.104521 0.000010 0.000010 0.045041 0.469030 0.000010
0.143438 0.055752 0.000010 0.152165 0.000010 0.000010 0.281287 0.367319 0.000010
0.240373 0.041768 0.012748 0.068830 0.051859 0.000010 0.077708 0.451860 0.054845
0.161100 0.000010 0.083694 0.120936 0.048523 0.001517 0.079589 0.504620 0.000010
0.288447 0.057069 0.000010 0.042079 0.066785 0.000010 0.159941 0.385650 0.000010
0.246015 0.073053 0.000010 0.008428 0.000010 0.000010 0.199373 0.473091 0.000010
0.218902 0.053145 0.000010 0.000010 0.082334 0.000010 0.097178 0.548402 0.000010
0.198921 0.007793 0.000010 0.037311 0.048066 0.048019 0.215063 0.444120 0.000696
0.239308 0.156831 0.057071 0.089933 0.029826 0.000010 0.003043 0.423970 0.000010
0.189278 0.000010 0.000010 0.179005 0.095632 0.046652 0.000010 0.489393 0.000010
0.000010 0.057760 0.030697 0.214818 0.000010 0.035230 0.248349 0.412191 0.000935
0.129144 0.000010 0.000010 0.156352 0.000010 0.000010 0.170279 0.544175 0.000010
0.092365 0.023719 0.000010 0.121816 0.014868 0.000010 0.240039 0.507162 0.000010
0.236973 0.000010 0.000010 0.061373 0.000010 0.000010 0.216964 0.484640 0.000010
0.277419 0.079640 0.000010 0.000010 0.000010 0.034121 0.094548 0.514232 0.000010
0.344289 0.002530 0.003072 0.107076 0.000010 0.031164 0.107212 0.344637 0.060010
0.157085 0.071419 0.209953 0.000010 0.000010 0.000010 0.054447 0.507057 0.000010
0.086252 0.023784 0.000010 0.123392 0.000010 0.000010 0.186546 0.566725 0.013271
0.407820 0.099987 0.000010 0.000010 0.000010 0.000010 0.073173 0.418970 0.000010
0.068217 0.110497 0.000010 0.147203 0.000010 0.031635 0.150863 0.479052 0.012513
0.151022 0.038482 0.074470 0.012488 0.028597 0.000010 0.092520 0.568714 0.033696
0.191898 0.009544 0.032697 0.000010 0.000010 0.024950 0.245369 0.495513 0.000010
0.287549 0.000010 0.019090 0.128436 0.114500 0.000010 0.031400 0.418994 0.000010
0.335725 0.047582 0.029049 0.046042 0.000010 0.038778 0.141627 0.354025 0.007163
0.090950 0.000010 0.000010 0.112768 0.041813 0.000010 0.197579 0.503012 0.053847
0.229668 0.000010 0.000010 0.000010 0.000010 0.000010 0.103288 0.557229 0.109765
0.005353 0.000010 0.000010 0.068832 0.072037 0.031428 0.253682 0.568639 0.000010
0.155953 0.024270 0.000010 0.178846 0.016170 0.010879 0.058028 0.555835 0.000010
0.260552 0.002685 0.000010 0.027473 0.000010 0.071090 0.041993 0.540376 0.055811
0.179346 0.000010 0.048987 0.000010 0.000010 0.000010 0.149933 0.479430 0.142265
0.178275 0.016095 0.101361 0.044938 0.000010 0.000010 0.189175 0.470125 0.000010
0.259469 0.000010 0.000010 0.139715 0.009000 0.000010 0.152931 0.438845 0.000010
0.212718 0.000010 0.133363 0.039745 0.010866 0.047484 0.073162 0.482642 0.000010
0.142153 0.000010 0.036115 0.000010 0.070720 0.000010 0.058514 0.692458 0.000010
0.342137 0.000010 0.007197 0.013653 0.044361 0.012434 0.172224 0.407973 0.000010
0.147289 0.000010 0.073025 0.051057 0.074391 0.000010 0.220982 0.433226 0.000010
0.231190 0.000010 0.002726 0.050964 0.000010 0.000010 0.239017 0.457793 0.018280
0.357845 0.120195 0.061424 0.029756 0.000010 0.000010 0.105298 0.325452 0.000010
0.275043 0.000010 0.000010 0.000010 0.090203 0.000010 0.202456 0.417963 0.014296
0.295107 0.046719 0.000010 0.123793 0.000010 0.014519 0.034669 0.485163 0.000010
0.241264 0.028223 0.000010 0.048701 0.079391 0.000010 0.000010 0.530257 0.072135
0.139840 0.000010 0.000010 0.043418 0.047946 0.000010 0.187869 0.580887 0.000010
0.296072 0.020902 0.033055 0.000010 0.048611 0.003724 0.110301 0.435120 0.052205
0.193810 0.044375 0.070722 0.260994 0.017086 0.000010 0.045569 0.317983 0.049450
0.083051 0.056269 0.004715 0.105722 0.051616 0.022006 0.195608 0.426199 0.054814
0.236570 0.037117 0.001949 0.121209 0.000010 0.000010 0.077838 0.508618 0.016680
0.283569 0.096495 0.000503 0.095111 0.049072 0.026913 0.125458 0.322868 0.000010
0.147804 0.082136 0.000010 0.031573 0.000010 0.000010 0.162452 0.546802 0.029203
0.195404 0.032194 0.000010 0.104669 0.034407 0.000010 0.033649 0.544490 0.055166
0.115322 0.019151 0.062618 0.157734 0.000010 0.079777 0.136193 0.429186 0.000010
0.153710 0.000010 0.042204 0.038222 0.000010 0.004734 0.198371 0.562729 0.000010
0.196933 0.000010 0.000010 0.010535 0.000010 0.022448 0.156466 0.613578 0.000010
0.243690 0.051928 0.000010 0.090252 0.069544 0.015307 0.080332 0.448927 0.000010
0.217901 0.081056 0.000010 0.243069 0.000010 0.035693 0.012160 0.410091 0.000010
0.329170 0.019547 0.012870 0.057675 0.071613 0.000956 0.060095 0.448066 0.000010
0.124313 0.084232 0.005779 0.107274 0.000010 0.000010 0.082384 0.595990 0.000010
0.000010 0.000010 0.000010 0.192730 0.000010 0.000010 0.146533 0.660677 0.000010
0.328192 0.000010 0.025845 0.229468 0.012177 0.012424 0.000010 0.391864 0.000010
0.016959 0.000010 0.152316 0.024956 0.000010 0.000010 0.269869 0.535861 0.000010
0.187286 0.090015 0.126792 0.000010 0.041872 0.000010 0.024107 0.529897 0.000010
0.168541 0.043040 0.021812 0.099442 0.072718 0.126419 0.030632 0.437387 0.000010
0.183646 0.000010 0.001593 0.078377 0.000010 0.008761 0.216487 0.511107 0.000010
0.181079 0.046123 0.054916 0.109129 0.000010 0.035284 0.107729 0.465719 0.000010
0.065761 0.000010 0.270572 0.000010 0.000010 0.001410 0.193193 0.419673 0.049361
0.124162 0.260423 0.088337 0.134559 0.000010 0.000010 0.052935 0.339554 0.000010
0.268215 0.023310 0.073441 0.036516 0.007665 0.000010 0.244554 0.346280 0.000010
0.068529 0.078636 0.062199 0.109627 0.021079 0.000010 0.137257 0.522652 0.000010
0.126986 0.000010 0.064295 0.000010 0.058411 0.000010 0.179153 0.496820 0.074306
0.260834 0.032598 0.139211 0.127237 0.018761 0.000010 0.026360 0.394979 0.000010
0.370146 0.155315 0.005060 0.055801 0.000010 0.000010 0.050296 0.363352 0.000010
0.202590 0.000010 0.104915 0.000010 0.048369 0.000010 0.109642 0.534443 0.000010
0.202844 0.043689 0.145680 0.108227 0.000010 0.000010 0.103141 0.396389 0.000010
0.205580 0.000010 0.132656 0.000010 0.034475 0.000010 0.096251 0.530998 0.000010
0.163597 0.032533 0.273850 0.000010 0.000010 0.000010 0.112883 0.417097 0.000010
0.133680 0.000010 0.101586 0.036568 0.020084 0.000010 0.213435 0.494618 0.000010
0.170700 0.090070 0.000010 0.049320 0.140002 0.002790 0.165997 0.381101 0.000010
0.301856 0.086031 0.066511 0.092361 0.005574 0.000010 0.180267 0.267380 0.000010
0.210591 0.103971 0.020296 0.053374 0.000010 0.071433 0.184622 0.355693 0.000010
0.218632 0.056148 0.014575 0.257673 0.035108 0.000010 0.074667 0.343178 0.000010
0.088021 0.117834 0.068525 0.074601 0.000010 0.000010 0.191713 0.459276 0.000010
0.122581 0.000010 0.205849 0.140032 0.029082 0.000010 0.043334 0.456328 0.002775
0.172544 0.106533 0.010294 0.011100 0.078654 0.002245 0.113813 0.504808 0.000010
0.153103 0.076064 0.123488 0.041412 0.000010 0.010621 0.098235 0.491074 0.005992
0.016341 0.001999 0.000010 0.064364 0.000010 0.534428 0.000010 0.000010 0.382827
0.002447 0.021322 0.009571 0.032554 0.000010 0.466994 0.000010 0.000010 0.467082
0.000010 0.005134 0.000010 0.019295 0.000010 0.317811 0.000010 0.041558 0.616163
0.000010 0.017228 0.000010 0.000010 0.000010 0.377993 0.000010 0.000010 0.604719
0.000010 0.000010 0.000010 0.047118 0.007941 0.381469 0.000010 0.000010 0.563423
0.000010 0.000010 0.000010 0.000010 0.000010 0.302367 0.000010 0.014083 0.683490
0.000010 0.006943 0.065283 0.007797 0.000010 0.370957 0.000010 0.000010 0.548979
0.000010 0.003070 0.000010 0.000010 0.057624 0.346989 0.000010 0.012675 0.579602
0.041058 0.000010 0.000010 0.000010 0.000010 0.320869 0.000010 0.000010 0.638013
0.000762 0.016451 0.000010 0.000010 0.000010 0.447132 0.000010 0.014259 0.521355
0.000010 0.000010 0.000010 0.020079 0.000010 0.248717 0.000010 0.000010 0.731144
0.000010 0.000010 0.005516 0.047679 0.027108 0.396535 0.000010 0.000010 0.523123
0.000010 0.037319 0.010799 0.000010 0.000010 0.476043 0.000010 0.000010 0.475788
0.000010 0.025178 0.000010 0.028608 0.000010 0.430029 0.011338 0.000010 0.504807
0.000010 0.003151 0.000010 0.030063 0.006768 0.461256 0.000010 0.000010 0.498723
0.000010 0.087320 0.000010 0.000010 0.000010 0.470404 0.000010 0.000010 0.442216
0.000010 0.000010 0.000010 0.013963 0.000010 0.241262 0.000010 0.000010 0.744715
0.000010 0.017014 0.011533 0.000010 0.019981 0.392224 0.000010 0.000010 0.559207
0.000010 0.016926 0.000010 0.030136 0.000010 0.338526 0.000010 0.000010 0.614362
0.000010 0.000010 0.000010 0.025579 0.000010 0.439026 0.000010 0.010394 0.524951
0.018484 0.000010 0.007705 0.000010 0.000010 0.643583 0.021696 0.026325 0.282177
0.000010 0.000010 0.000010 0.027255 0.000010 0.413357 0.000010 0.000010 0.559328
0.000010 0.000010 0.000010 0.000010 0.027291 0.471075 0.000010 0.000010 0.501575
0.000010 0.000010 0.026920 0.000010 0.000010 0.499867 0.000010 0.000010 0.473154
0.000010 0.030829 0.000010 0.003780 0.000010 0.424334 0.000010 0.037745 0.503272
0.000010 0.014006 0.004365 0.017591 0.000010 0.448465 0.000010 0.000010 0.515532
0.000059 0.004583 0.023178 0.048814 0.012033 0.464916 0.000010 0.000010 0.446396
0.000010 0.000010 0.000010 0.023142 0.000010 0.341758 0.000010 0.000010 0.635040
0.000010 0.000010 0.044561 0.000010 0.688986 0.000010 0.266393 0.000010 0.000010
0.402076 0.074201 0.000010 0.334799 0.000010 0.000010 0.017560 0.171325 0.000010
0.310930 0.028249 0.056730 0.358999 0.000010 0.027428 0.025928 0.191717 0.000010
0.440800 0.000010 0.106622 0.260432 0.059223 0.000010 0.034873 0.080506 0.017523
0.340836 0.000010 0.000010 0.339452 0.000010 0.000010 0.095539 0.224123 0.000010
0.536790 0.000010 0.000010 0.222038 0.000010 0.040864 0.044169 0.156098 0.000010
0.408057 0.002477 0.000010 0.411794 0.051145 0.000010 0.067191 0.059306 0.000010
0.516545 0.036224 0.001124 0.243679 0.000010 0.000010 0.014115 0.188284 0.000010
0.319637 0.078292 0.000010 0.321592 0.027637 0.055918 0.000010 0.175545 0.021358
0.249756 0.000010 0.104817 0.305571 0.001131 0.013557 0.022212 0.302935 0.000010
0.464846 0.000010 0.000010 0.324700 0.026825 0.000010 0.027632 0.155957 0.000010
0.491761 0.075828 0.025918 0.196278 0.020077 0.000010 0.075442 0.114676 0.000010
0.424491 0.067724 0.000082 0.283579 0.000010 0.000010 0.061815 0.162279 0.000010
0.188272 0.035790 0.023003 0.395673 0.000010 0.000010 0.001009 0.356222 0.000010
0.580969 0.195662 0.000010 0.115338 0.000010 0.000010 0.000010 0.104713 0.003278
0.239089 0.000010 0.037059 0.194914 0.063571 0.023299 0.096229 0.345820 0.000010
0.407217 0.044238 0.000010 0.267368 0.000010 0.005084 0.000010 0.276053 0.000010
0.363440 0.089389 0.005795 0.314428 0.000010 0.011299 0.000010 0.215619 0.000010
0.175839 0.033872 0.099979 0.374145 0.012679 0.000010 0.065540 0.237925 0.000010
0.475498 0.000010 0.000010 0.328470 0.000010 0.000010 0.008903 0.187079 0.000010
0.512205 0.011562 0.000010 0.239027 0.046873 0.012844 0.000010 0.177460 0.000010
0.302886 0.050328 0.000010 0.414681 0.044456 0.000010 0.068508 0.119112 0.000010
0.437379 0.052727 0.046151 0.229546 0.000010 0.001798 0.024381 0.207999 0.000010
0.384775 0.037260 0.000010 0.423116 0.000010 0.000010 0.000010 0.154799 0.000010
0.263235 0.024631 0.001369 0.398559 0.039102 0.001287 0.044858 0.217348 0.009610
0.544244 0.000010 0.000010 0.145556 0.000010 0.000010 0.059423 0.206953 0.043784
0.429475 0.000010 0.000010 0.265339 0.082826 0.000010 0.000010 0.205897 0.016424
0.350817 0.015369 0.000010 0.337295 0.000010 0.060852 0.000010 0.235628 0.000010
0.358738 0.000010 0.000010 0.225462 0.000010 0.000010 0.072590 0.315526 0.027644
0.000010 0.000010 0.000010 0.000010 0.984367 0.000010 0.005923 0.000010 0.009651
0.000010 0.014392 0.008489 0.000010 0.977059 0.000010 0.000010 0.000010 0.000010
0.000010 0.000010 0.000010 0.000010 0.999920 0.000010 0.000010 0.000010 0.000010
0.000010 0.000010 0.000010 0.000010 0.999920 0.000010 0.000010 0.000010 0.000010
0.000010 0.000409 0.103968 0.049743 0.723014 0.000010 0.122825 0.000010 0.000010
0.000010 0.000010 0.004628 0.000010 0.988224 0.001370 0.005727 0.000010 0.000010
0.000010 0.000010 0.018252 0.005520 0.976168 0.000010 0.000010 0.000010 0.000010
0.000010 0.009541 0.000010 0.010712 0.979687 0.000010 0.000010 0.000010 0.000010
0.000010 0.026948 0.017964 0.005623 0.949414 0.000010 0.000010 0.000010 0.000010
0.000010 0.000010 0.062407 0.000010 0.937523 0.000010 0.000010 0.000010 0.000010
0.000010 0.000010 0.000010 0.000010 0.982056 0.000010 0.017874 0.000010 0.000010
0.000010 0.000010 0.000010 0.013987 0.985943 0.000010 0.000010 0.000010 0.000010
0.000010 0.041689 0.000010 0.000010 0.958241 0.000010 0.000010 0.000010 0.000010
0.000010 0.005456 0.000010 0.000010 0.977927 0.000010 0.016557 0.000010 0.000010
0.000010 0.000010 0.000010 0.000010 0.971811 0.000010 0.000010 0.000010 0.028119
0.000010 0.000010 0.000438 0.000010 0.971992 0.000010 0.027510 0.000010 0.000010
0.000010 0.006133 0.011990 0.000010 0.981816 0.000010 0.000010 0.000010 0.000010
0.549850 0.055087 0.000010 0.019385 0.020973 0.000010 0.000010 0.269945 0.084731
0.524513 0.056368 0.000010 0.000010 0.000010 0.012049 0.000010 0.407021 0.000010
0.407776 0.000010 0.000010 0.027466 0.000010 0.015863 0.195067 0.335574 0.018224
0.618644 0.005202 0.002958 0.000010 0.019898 0.000012 0.000010 0.353256 0.000010
0.718762 0.000010 0.068357 0.016975 0.000010 0.000010 0.000010 0.161059 0.034808
0.620508 0.044403 0.024425 0.000010 0.051956 0.051776 0.009696 0.169455 0.027771
0.526094 0.085462 0.000010 0.077688 0.000010 0.035607 0.000010 0.275108 0.000010
0.502264 0.006536 0.098403 0.198009 0.000010 0.037521 0.000010 0.157236 0.000010
0.465513 0.026763 0.000010 0.028153 0.000010 0.006937 0.077947 0.394655 0.000010
0.553312 0.011572 0.000010 0.215998 0.000010 0.027095 0.020000 0.146951 0.025051
0.636010 0.000010 0.001623 0.000010 0.000010 0.013097 0.010795 0.281255 0.057190
0.395668 0.009923 0.066483 0.067369 0.041020 0.055323 0.024871 0.339333 0.000010
0.561294 0.000010 0.089427 0.065713 0.000010 0.015045 0.000010 0.268480 0.000010
0.358220 0.000010 0.112800 0.161677 0.006350 0.000010 0.018375 0.316520 0.026038
0.509422 0.000010 0.000010 0.027353 0.020948 0.046897 0.021965 0.287190 0.086206
0.477283 0.000010 0.046678 0.127352 0.000010 0.026222 0.051488 0.270947 0.000010
0.618207 0.007973 0.000010 0.000010 0.000010 0.000010 0.000010 0.336758 0.037012
0.513289 0.022802 0.000010 0.079718 0.059130 0.058226 0.000010 0.251033 0.015781
0.533702 0.000010 0.000010 0.000010 0.017012 0.000010 0.033824 0.282984 0.132437
0.631118 0.022769 0.000010 0.069977 0.000010 0.019553 0.042189 0.214364 0.000010
0.367924 0.029086 0.038610 0.120647 0.000010 0.000010 0.000010 0.411103 0.032601
0.589227 0.070036 0.000010 0.045136 0.072873 0.000010 0.000010 0.195104 0.027595
0.537106 0.008044 0.030200 0.059793 0.000010 0.000010 0.000010 0.333347 0.031481
0.506794 0.000010 0.000010 0.000010 0.000010 0.000010 0.088701 0.332257 0.072198
0.498607 0.009313 0.000010 0.167151 0.002912 0.099446 0.000010 0.222539 0.000010
0.610912 0.015966 0.036339 0.002028 0.000010 0.000010 0.000010 0.334715 0.000010
0.366498 0.000010 0.037192 0.042546 0.000010 0.000010 0.065623 0.405207 0.082904
0.782857 0.000010 0.000010 0.049263 0.019169 0.018988 0.015153 0.108134 0.006416
0.321418 0.019252 0.070551 0.235274 0.000010 0.000010 0.123630 0.201515 0.028340
0.406836 0.070700 0.000010 0.193266 0.078033 0.016315 0.003557 0.231273 0.000010
0.600898 0.000010 0.000010 0.000010 0.000010 0.000010 0.074894 0.324148 0.000010
0.587396 0.000010 0.004831 0.000010 0.000010 0.000010 0.038527 0.369195 0.000010
0.530249 0.086093 0.000010 0.043692 0.000010 0.060116 0.035690 0.227048 0.017092
0.406736 0.000010 0.113704 0.090965 0.063579 0.109781 0.000010 0.183184 0.032031
0.571494 0.000010 0.000010 0.000010 0.005087 0.055553 0.000010 0.367817 0.000010
0.559168 0.000010 0.000010 0.090808 0.000010 0.000010 0.000010 0.340307 0.009667
0.556902 0.022630 0.000010 0.020635 0.008040 0.027815 0.000010 0.309545 0.054413
0.507522 0.000010 0.000010 0.104108 0.001510 0.000010 0.000010 0.337594 0.049226
0.519055 0.000010 0.000010 0.075751 0.000010 0.085544 0.083856 0.205734 0.030029
0.610764 0.000010 0.000010 0.000010 0.022800 0.077426 0.034996 0.253973 0.000010
0.454871 0.000010 0.007293 0.000010 0.000010 0.066173 0.147999 0.323625 0.000010
0.582735 0.000010 0.000010 0.000010 0.112532 0.022982 0.037972 0.231015 0.012733
0.597311 0.035589 0.029545 0.019578 0.106017 0.000010 0.004457 0.170449 0.037045
0.635394 0.000010 0.007922 0.017087 0.008687 0.000010 0.025037 0.280457 0.025396
0.684699 0.066958 0.000010 0.000010 0.086220 0.064670 0.000010 0.057065 0.040358
0.663933 0.000010 0.098369 0.000010 0.001916 0.000010 0.000010 0.173728 0.062013
0.334099 0.034829 0.035474 0.143724 0.000938 0.024447 0.000010 0.186551 0.239927
0.627245 0.007361 0.000010 0.000010 0.003525 0.100427 0.000010 0.241325 0.020087
0.395953 0.000010 0.000010 0.000010 0.000010 0.111843 0.130200 0.297959 0.064005
0.665313 0.007485 0.004165 0.000010 0.005777 0.022907 0.082889 0.135578 0.075877
0.468019 0.000010 0.000010 0.212720 0.000010 0.000010 0.002942 0.266135 0.050144
0.691578 0.049624 0.000010 0.000010 0.000010 0.071889 0.026817 0.160052 0.000010
0.631190 0.019957 0.001908 0.019322 0.000010 0.064783 0.000010 0.262809 0.000010
0.629547 0.003205 0.019436 0.000010 0.083206 0.055895 0.043195 0.147985 0.017521
0.532929 0.000010 0.000010 0.080958 0.008260 0.000010 0.062144 0.184896 0.130783
0.021520 0.000010 0.000010 0.054518 0.000010 0.020879 0.007481 0.072946 0.822626
0.448566 0.000010 0.021788 0.026476 0.000010 0.000010 0.036153 0.366193 0.100794
0.526975 0.000010 0.066534 0.000010 0.080912 0.000010 0.072880 0.189409 0.063260
0.529654 0.030513 0.129700 0.097688 0.000010 0.000010 0.035094 0.107468 0.069864
0.571267 0.000010 0.000010 0.007015 0.070785 0.000010 0.000010 0.344832 0.006062
0.468265 0.023639 0.000010 0.117460 0.053780 0.000010 0.046266 0.227962 0.062608
0.557254 0.000010 0.048158 0.000010 0.000010 0.025977 0.022330 0.151554 0.194696
0.606395 0.000010 0.000010 0.010257 0.057908 0.000010 0.014411 0.310990 0.000010
0.475025 0.000010 0.000010 0.210705 0.000010 0.000010 0.077269 0.236127 0.000835
0.515389 0.000010 0.009609 0.050013 0.000010 0.011572 0.048312 0.273628 0.091457
0.592131 0.014951 0.011074 0.060927 0.000010 0.055103 0.016720 0.169332 0.079752
0.550495 0.076246 0.000010 0.216570 0.000010 0.000010 0.073219 0.044981 0.038459
0.654441 0.000010 0.067772 0.000010 0.000010 0.000010 0.037821 0.166816 0.073110
0.550647 0.000010 0.000010 0.000010 0.053121 0.085048 0.032767 0.194004 0.084384
0.650693 0.000010 0.000010 0.000010 0.041888 0.048008 0.000010 0.245153 0.014218
0.592858 0.048980 0.053737 0.041104 0.000010 0.000010 0.000010 0.173205 0.090085
0.597332 0.000010 0.005071 0.117424 0.000010 0.012044 0.000010 0.182213 0.085887
0.561204 0.000010 0.027625 0.000010 0.046044 0.000010 0.038812 0.305027 0.021258
0.499492 0.000010 0.000010 0.000010 0.032727 0.040714 0.039613 0.292777 0.094646
0.546849 0.000010 0.000010 0.132957 0.000010 0.059288 0.058477 0.191285 0.011114
0.503998 0.000010 0.000010 0.106169 0.045517 0.031946 0.000010 0.250845 0.061496
0.642392 0.000010 0.019330 0.000010 0.012724 0.022211 0.000010 0.303302 0.000010
0.462702 0.007233 0.002845 0.260919 0.000010 0.006281 0.032840 0.227161 0.000010
0.443281 0.000010 0.019115 0.219080 0.044471 0.000010 0.045869 0.216196 0.011966
0.580497 0.034413 0.026369 0.015018 0.029717 0.144610 0.004156 0.100863 0.064359
0.620381 0.014107 0.008955 0.068226 0.039435 0.000010 0.000010 0.156003 0.092872
0.578408 0.023496 0.000010 0.000010 0.078309 0.055563 0.000010 0.174098 0.090097
0.576411 0.000010 0.050820 0.000010 0.103759 0.030086 0.000010 0.231241 0.007654
0.679557 0.000010 0.000010 0.000010 0.051293 0.000010 0.000010 0.262958 0.006142
0.536801 0.000673 0.008674 0.003489 0.000010 0.000010 0.035279 0.367039 0.048026
0.551499 0.031205 0.000010 0.124709 0.036891 0.032668 0.000010 0.222998 0.000010
0.605934 0.059206 0.000010 0.013148 0.016382 0.000010 0.015491 0.192016 0.097803
0.000010 0.000010 0.000010 0.000010 0.809241 0.000010 0.190689 0.000010 0.000010
0.000010 0.000010 0.000010 0.000010 0.742443 0.000010 0.257487 0.000010 0.000010
0.000010 0.000010 0.020138 0.009368 0.892301 0.000010 0.078143 0.000010 0.000010
0.000010 0.029375 0.000010 0.000010 0.902482 0.000010 0.068083 0.000010 0.000010
0.009204 0.000010 0.000010 0.000010 0.823598 0.001376 0.165772 0.000010 0.000010
0.005790 0.000010 0.000010 0.000010 0.751268 0.000010 0.183527 0.059365 0.000010
0.065226 0.000010 0.098540 0.000010 0.646181 0.000010 0.190003 0.000010 0.000010
0.579409 0.060032 0.057173 0.303335 0.000010 0.000010 0.000010 0.000010 0.000010
0.633042 0.000010 0.000010 0.155409 0.011040 0.000010 0.000010 0.159420 0.041049
0.509547 0.090188 0.000010 0.233180 0.004759 0.024739 0.000010 0.137559 0.000010
0.428315 0.053225 0.000010 0.202679 0.095812 0.022488 0.000010 0.197450 0.000010
0.510332 0.049034 0.000010 0.169013 0.009620 0.000010 0.067038 0.184884 0.010060
0.592078 0.000010 0.000010 0.062499 0.052170 0.047671 0.025544 0.220008 0.000010
0.702276 0.000010 0.000010 0.098277 0.044586 0.000010 0.000010 0.096349 0.058472
0.735407 0.000010 0.000010 0.082627 0.000010 0.015861 0.047186 0.118880 0.000010
0.411114 0.002041 0.022396 0.299378 0.000010 0.000010 0.000010 0.166340 0.098700
0.554887 0.030557 0.017362 0.085127 0.036273 0.021152 0.000010 0.176547 0.078085
0.566918 0.000010 0.063253 0.061688 0.061970 0.058710 0.016584 0.170857 0.000010
0.590431 0.000010 0.008886 0.043991 0.043736 0.050897 0.045132 0.214964 0.001954
0.575689 0.000010 0.000010 0.000010 0.000010 0.019801 0.113228 0.259336 0.031906
0.486790 0.092570 0.000010 0.143701 0.000010 0.014624 0.000010 0.262275 0.000010
0.723499 0.000010 0.000010 0.000010 0.002872 0.033535 0.028227 0.211827 0.000010
0.515522 0.000010 0.000010 0.140837 0.004118 0.093439 0.074877 0.171178 0.000010
0.361450 0.000010 0.000010 0.142542 0.000010 0.114498 0.032293 0.349177 0.000010
0.454191 0.006144 0.000010 0.038046 0.050076 0.000010 0.129410 0.322104 0.000010
0.540936 0.027237 0.000010 0.000010 0.000010 0.046124 0.129317 0.245550 0.010807
0.635005 0.000010 0.000010 0.046535 0.083157 0.017650 0.000010 0.144259 0.073364
0.736131 0.000010 0.000010 0.000010 0.000010 0.000010 0.022032 0.241777 0.000010
0.597074 0.000010 0.000010 0.144183 0.000010 0.000010 0.000010 0.258683 0.000010
0.513580 0.000010 0.000010 0.143155 0.094579 0.000010 0.112919 0.135727 0.000010
0.517687 0.016200 0.030831 0.000010 0.000910 0.014197 0.051564 0.301453 0.067148
0.522548 0.000010 0.000010 0.179833 0.000010 0.000010 0.000010 0.252069 0.045500
0.525561 0.000010 0.000010 0.000010 0.086379 0.041059 0.032108 0.301465 0.013397
0.383192 0.000010 0.144997 0.000010 0.000010 0.073718 0.035734 0.000010 0.362319
0.434255 0.000010 0.000010 0.141638 0.000010 0.000010 0.000010 0.237906 0.186151
0.564143 0.000010 0.000010 0.000010 0.085734 0.000010 0.063494 0.191349 0.095239
0.439979 0.061159 0.000010 0.079824 0.036533 0.000010 0.000010 0.140387 0.242088
0.548033 0.000010 0.000010 0.000010 0.076748 0.000010 0.048648 0.289068 0.037463
0.493634 0.047192 0.000010 0.000010 0.098203 0.000010 0.000010 0.187678 0.173254
0.422194 0.014430 0.076946 0.153095 0.006210 0.034305 0.050767 0.242043 0.000010
0.684173 0.000010 0.001838 0.037683 0.000010 0.000010 0.000010 0.138412 0.137854
0.671197 0.088378 0.014028 0.000010 0.000010 0.000010 0.043695 0.182662 0.000010
0.000010 0.853046 0.002942 0.038221 0.019097 0.000010 0.002625 0.084039 0.000010
0.000010 0.966218 0.000010 0.000010 0.000270 0.000010 0.033452 0.000010 0.000010
0.000010 0.957089 0.000010 0.000010 0.042841 0.000010 0.000010 0.000010 0.000010
0.000010 0.841540 0.085206 0.000010 0.000010 0.000010 0.066373 0.006831 0.000010
0.067562 0.000010 0.383301 0.043382 0.000010 0.041324 0.451291 0.013110 0.000010
0.000010 0.000010 0.581306 0.052654 0.041142 0.000010 0.324848 0.000010 0.000010
0.137437 0.000010 0.356167 0.013025 0.061375 0.000366 0.431601 0.000010 0.000010
0.000010 0.000010 0.369120 0.000010 0.048594 0.000010 0.381325 0.116922 0.083999
0.120999 0.000010 0.297861 0.000010 0.000010 0.000010 0.353603 0.163952 0.063546
0.061741 0.000010 0.553548 0.067136 0.021842 0.000010 0.295693 0.000010 0.000010
0.200072 0.018421 0.391041 0.000010 0.016620 0.000010 0.343134 0.000010 0.030682
0.055840 0.000010 0.481184 0.051408 0.007880 0.004734 0.398925 0.000010 0.000010
0.000010 0.000010 0.458689 0.000010 0.016263 0.000010 0.418839 0.086987 0.019181
0.010203 0.115531 0.178720 0.000010 0.000010 0.000010 0.453342 0.242164 0.000010
0.470580 0.000010 0.000010 0.219675 0.034960 0.056147 0.009994 0.198456 0.010168
0.442059 0.000010 0.000010 0.092001 0.000010 0.039101 0.031629 0.341573 0.053607
0.523663 0.101872 0.055644 0.000010 0.016026 0.031221 0.026724 0.159740 0.085100
0.623127 0.000010 0.000017 0.000010 0.020876 0.000010 0.021781 0.237918 0.096251
0.421188 0.024018 0.026993 0.059964 0.004887 0.000010 0.042220 0.161554 0.259166
0.427031 0.000010 0.000010 0.314732 0.000010 0.053712 0.082830 0.109627 0.012038
0.512440 0.000010 0.061684 0.054338 0.084192 0.014597 0.050010 0.091647 0.131082
0.616801 0.112284 0.000010 0.127985 0.021062 0.006388 0.000010 0.115450 0.000010
0.475846 0.000010 0.038853 0.092691 0.000010 0.078332 0.056106 0.123684 0.134467
0.575715 0.000010 0.000010 0.048694 0.000010 0.010205 0.009135 0.356211 0.000010
0.523048 0.026280 0.000010 0.138458 0.030675 0.000010 0.000010 0.130362 0.151147
0.582662 0.000010 0.023121 0.000010 0.000010 0.000010 0.011168 0.382999 0.000010
0.500933 0.071044 0.000010 0.188187 0.000010 0.024170 0.034349 0.181287 0.000010
0.564704 0.000010 0.000010 0.000010 0.018548 0.062975 0.095656 0.190791 0.067296
0.688544 0.000010 0.068488 0.000010 0.000010 0.044965 0.000010 0.131844 0.066119
0.669901 0.023613 0.039641 0.000010 0.000010 0.018470 0.066075 0.126418 0.055862
0.646076 0.000010 0.000010 0.000010 0.010126 0.000010 0.000010 0.227386 0.116362
0.640718 0.027342 0.000010 0.000010 0.000010 0.000010 0.041618 0.214037 0.076245
0.585620 0.021225 0.014042 0.034414 0.017751 0.002546 0.076571 0.228250 0.019581
0.734611 0.000010 0.000010 0.000010 0.000010 0.000905 0.064930 0.040521 0.158993
0.466408 0.000010 0.000010 0.057117 0.048439 0.000010 0.025141 0.287816 0.115048
0.000010 0.142882 0.536250 0.012391 0.000010 0.052111 0.256326 0.000010 0.000010
0.000010 0.059865 0.681381 0.065849 0.000010 0.000010 0.192855 0.000010 0.000010
0.033626 0.050233 0.473172 0.000010 0.000010 0.029247 0.400760 0.000010 0.012931
0.000010 0.016154 0.547320 0.000010 0.000010 0.000010 0.291036 0.115903 0.029546
0.000010 0.076973 0.526175 0.000010 0.002873 0.000010 0.354878 0.039062 0.000010
0.000010 0.064268 0.527090 0.000010 0.000551 0.000010 0.335648 0.050883 0.021530
0.000010 0.044846 0.646047 0.000010 0.000010 0.000010 0.309046 0.000010 0.000010
0.000010 0.068663 0.560325 0.014736 0.000010 0.037276 0.304182 0.000010 0.014788
0.000010 0.080218 0.645667 0.000010 0.000010 0.000010 0.177054 0.097011 0.000010
0.045022 0.000010 0.629817 0.062569 0.056713 0.000010 0.205839 0.000010 0.000010
0.000010 0.091279 0.645000 0.000010 0.059545 0.000010 0.204126 0.000010 0.000010
0.000010 0.000010 0.689522 0.075910 0.000010 0.000010 0.234508 0.000010 0.000010
0.000010 0.013558 0.705063 0.031585 0.023747 0.019926 0.206092 0.000010 0.000010
0.000010 0.072591 0.709239 0.000010 0.000010 0.000010 0.215689 0.002431 0.000010
0.000010 0.000010 0.488456 0.005544 0.075118 0.000010 0.373836 0.057006 0.000010
0.000010 0.005725 0.573702 0.000010 0.000010 0.000010 0.381695 0.038829 0.000010
0.016535 0.008588 0.644558 0.000010 0.000010 0.000010 0.266962 0.063316 0.000010
0.035096 0.003433 0.553006 0.021337 0.000010 0.000010 0.381157 0.005942 0.000010
0.000010 0.000010 0.701321 0.000010 0.014276 0.000010 0.259778 0.000010 0.024575
0.000010 0.087894 0.542844 0.000010 0.000010 0.008657 0.260418 0.072245 0.027912
0.000010 0.000010 0.635058 0.000010 0.000010 0.030708 0.299200 0.019442 0.015553
0.005313 0.035656 0.679273 0.000010 0.048914 0.000010 0.230805 0.000010 0.000010
0.020408 0.058379 0.596392 0.000010 0.000010 0.000010 0.324770 0.000010 0.000010
0.000010 0.000010 0.721636 0.000010 0.000010 0.000010 0.259645 0.000010 0.018659
0.000010 0.073404 0.633448 0.000010 0.000010 0.016837 0.268728 0.007543 0.000010
0.000010 0.045088 0.571959 0.011682 0.005965 0.000010 0.365266 0.000010 0.000010
0.000010 0.000010 0.650984 0.000010 0.000010 0.000010 0.325376 0.023580 0.000010
0.000010 0.068337 0.688429 0.000010 0.000010 0.000010 0.243175 0.000010 0.000010
0.000010 0.000010 0.676630 0.000010 0.060151 0.000010 0.263158 0.000010 0.000010
0.000010 0.093887 0.616135 0.000010 0.000010 0.010174 0.249460 0.030305 0.000010
0.016392 0.026540 0.544613 0.025006 0.000010 0.000010 0.387409 0.000010 0.000010
0.000010 0.003020 0.638205 0.000010 0.034716 0.000010 0.320577 0.000010 0.003443
0.000010 0.000010 0.559013 0.000010 0.000010 0.000010 0.396833 0.044094 0.000010
0.000010 0.000121 0.579935 0.000010 0.070414 0.000010 0.349479 0.000010 0.000010
0.000010 0.103866 0.600688 0.000010 0.000010 0.000010 0.295386 0.000010 0.000010
0.000010 0.025998 0.549795 0.000010 0.000010 0.000010 0.374425 0.049731 0.000010
0.000010 0.000010 0.680999 0.000010 0.000010 0.000010 0.262207 0.025125 0.031620
0.043813 0.000010 0.704572 0.000010 0.001457 0.000010 0.230358 0.019761 0.000010
0.000010 0.000010 0.539442 0.000010 0.002518 0.000010 0.424711 0.033279 0.000010
0.000010 0.000010 0.000010 0.100167 0.849270 0.000010 0.050503 0.000010 0.000010
0.000010 0.000010 0.000010 0.020198 0.962040 0.000010 0.017702 0.000010 0.000010
0.000010 0.088543 0.566005 0.000010 0.000010 0.000010 0.313964 0.031438 0.000010
0.000010 0.099106 0.458452 0.000010 0.000010 0.000010 0.355368 0.025363 0.061671
0.276575 0.054849 0.042075 0.263998 0.056325 0.000010 0.033318 0.258075 0.014777
0.378688 0.025613 0.000010 0.414568 0.000010 0.000010 0.000010 0.181082 0.000010
0.285465 0.017225 0.120852 0.304843 0.000010 0.037667 0.000010 0.233917 0.000010
0.168791 0.020902 0.000010 0.500708 0.000010 0.059189 0.000010 0.250371 0.000010
0.490373 0.000010 0.022413 0.242819 0.026452 0.000010 0.000010 0.205857 0.012056
0.532291 0.000010 0.023880 0.168093 0.000010 0.091889 0.023941 0.159875 0.000010
0.215426 0.000010 0.076333 0.422763 0.042039 0.010091 0.000010 0.233320 0.000010
0.302283 0.000010 0.000010 0.445003 0.008303 0.000010 0.000010 0.244360 0.000010
0.474589 0.082230 0.000010 0.248316 0.084742 0.000010 0.014004 0.096089 0.000010
0.430320 0.000010 0.036093 0.203540 0.065662 0.000010 0.014802 0.206898 0.042665
0.279689 0.072323 0.000010 0.256554 0.000010 0.000010 0.143105 0.248290 0.000010
0.379399 0.000010 0.000010 0.281190 0.051156 0.000010 0.089013 0.199202 0.000010
0.485673 0.026998 0.009955 0.296215 0.000010 0.003494 0.031762 0.129262 0.016632
0.000010 0.001131 0.620602 0.000010 0.000010 0.000010 0.370796 0.000010 0.007422
0.000010 0.019175 0.465881 0.043291 0.005832 0.000010 0.416187 0.049605 0.000010
0.000010 0.045377 0.615135 0.001892 0.023306 0.000010 0.300467 0.000010 0.013792
0.000010 0.013657 0.588203 0.019920 0.000010 0.000010 0.358498 0.019683 0.000010
0.000010 0.007437 0.567339 0.026977 0.000010 0.046202 0.350029 0.001986 0.000010
0.000010 0.032500 0.656764 0.000010 0.000010 0.000010 0.274127 0.036559 0.000010
0.000010 0.041370 0.583269 0.000010 0.000010 0.000010 0.375301 0.000010 0.000010
0.000010 0.000010 0.550199 0.000010 0.025417 0.000010 0.424323 0.000010 0.000010
0.000010 0.000010 0.631345 0.000010 0.000010 0.000010 0.230324 0.138272 0.000010
0.000010 0.000010 0.580977 0.000010 0.052962 0.000010 0.366001 0.000010 0.000010
0.000010 0.010563 0.669339 0.000010 0.000010 0.000010 0.320038 0.000010 0.000010
0.000010 0.036757 0.622738 0.062740 0.022300 0.000010 0.211812 0.004212 0.039422
