0.341744 0.000010 0.111752 0.038282 0.000010 0.042936 0.092200 0.373056 0.000010
0.343519 0.000010 0.020077 0.017086 0.118497 0.000010 0.078441 0.422350 0.000010
0.180177 0.042439 0.024833 0.243093 0.024165 0.000010 0.007630 0.470446 0.007207
0.308215 0.113454 0.009431 0.102040 0.000010 0.000010 0.000010 0.441246 0.025584
0.292473 0.000010 0.021023 0.043456 0.030607 0.051274 0.049976 0.502607 0.008575
0.234744 0.000010 0.037081 0.000010 0.000010 0.000010 0.152125 0.564223 0.011786
0.334974 0.000010 0.001854 0.129732 0.000010 0.000010 0.050613 0.482788 0.000010
0.223040 0.035063 0.000010 0.000010 0.000010 0.011119 0.125323 0.605415 0.000010
0.178691 0.000010 0.123928 0.121853 0.000010 0.022940 0.118846 0.412634 0.021088
0.242636 0.000010 0.000010 0.173990 0.002173 0.039738 0.105183 0.436251 0.000010
0.324965 0.002192 0.077198 0.036811 0.034890 0.049623 0.065190 0.409122 0.000010
0.233998 0.029097 0.027460 0.000010 0.082249 0.000010 0.096958 0.477531 0.052687
0.407932 0.092302 0.000010 0.037414 0.000010 0.083985 0.048971 0.329364 0.000010
0.424188 0.022816 0.048850 0.000010 0.044719 0.000010 0.074685 0.289288 0.095435
0.394928 0.069422 0.000010 0.042461 0.000010 0.000010 0.017804 0.448489 0.026866
0.295048 0.067752 0.000010 0.073208 0.000010 0.000010 0.068129 0.495823 0.000010
0.112955 0.055956 0.000010 0.001995 0.000010 0.052945 0.204758 0.571361 0.000010
0.018980 0.000010 0.050557 0.277155 0.000010 0.043377 0.164201 0.445700 0.000010
0.357383 0.000010 0.018493 0.085300 0.000010 0.000010 0.087898 0.450886 0.000010
0.441387 0.041328 0.000010 0.000010 0.099630 0.000010 0.000010 0.417605 0.000010
0.186607 0.089237 0.000869 0.000010 0.000010 0.005169 0.046112 0.663840 0.008146
0.308942 0.063150 0.013390 0.000010 0.006947 0.000010 0.128823 0.478717 0.000010
0.217688 0.000010 0.000010 0.166973 0.000010 0.027048 0.074825 0.501274 0.012162
0.331311 0.009744 0.068389 0.089721 0.000010 0.021932 0.030778 0.448107 0.000010
0.370493 0.000010 0.034353 0.000010 0.114127 0.000010 0.000010 0.345426 0.135562
0.273370 0.000010 0.068661 0.084590 0.000010 0.000010 0.112086 0.419530 0.041732
0.143164 0.000010 0.000010 0.107221 0.000010 0.033615 0.149454 0.566506 0.000010
0.173930 0.072882 0.000010 0.177506 0.000010 0.009770 0.000010 0.360694 0.205189
0.171042 0.026038 0.121685 0.127978 0.000010 0.000010 0.086117 0.467111 0.000010
0.330879 0.000010 0.000010 0.014283 0.201636 0.106925 0.019494 0.326754 0.000010
0.448827 0.000010 0.041232 0.028409 0.000010 0.032519 0.000010 0.448884 0.000098
0.423653 0.000010 0.008953 0.065434 0.024063 0.009120 0.000010 0.468747 0.000010
0.188957 0.000010 0.000010 0.193203 0.097398 0.032772 0.028680 0.458960 0.000010
0.299081 0.000010 0.151345 0.056985 0.032137 0.037492 0.000010 0.422931 0.000010
0.212703 0.000010 0.000010 0.000010 0.065322 0.000010 0.248713 0.473211 0.000010
0.335742 0.033080 0.004866 0.000010 0.000010 0.089085 0.072481 0.453213 0.011513
0.300966 0.000010 0.000010 0.070331 0.069935 0.000010 0.037453 0.514875 0.006410
0.208663 0.019195 0.073744 0.168008 0.000010 0.000010 0.162230 0.349183 0.018956
0.163872 0.000010 0.104869 0.099908 0.000010 0.002178 0.137432 0.491712 0.000010
0.226031 0.016449 0.000010 0.080646 0.083311 0.050021 0.004094 0.539428 0.000010
0.297200 0.000010 0.049612 0.000010 0.000010 0.000010 0.153900 0.449236 0.050013
0.307538 0.000010 0.017533 0.080349 0.043659 0.000010 0.042220 0.461985 0.046697
0.256682 0.047621 0.027234 0.146002 0.029631 0.038852 0.049400 0.380578 0.023999
0.296299 0.027666 0.092549 0.016684 0.000010 0.000010 0.156772 0.409999 0.000010
0.259585 0.000010 0.000010 0.100249 0.067380 0.000010 0.149663 0.423084 0.000010
0.130397 0.016237 0.065370 0.198231 0.020469 0.027318 0.114498 0.427471 0.000010
0.246353 0.000010 0.000010 0.035500 0.106883 0.000010 0.065841 0.454889 0.090504
0.196187 0.019300 0.057991 0.191650 0.000010 0.000010 0.095829 0.439013 0.000010
0.225485 0.048655 0.303329 0.019534 0.041985 0.011777 0.000010 0.322889 0.026335
0.000010 0.035089 0.411308 0.233413 0.003937 0.000010 0.132545 0.183678 0.000010
0.107452 0.000010 0.310724 0.166783 0.000010 0.000010 0.121264 0.293738 0.000010
0.087059 0.057684 0.440570 0.034941 0.015463 0.000010 0.096870 0.267392 0.000010
0.213799 0.093387 0.174948 0.069947 0.000010 0.018731 0.132383 0.296784 0.000010
0.190593 0.000010 0.327767 0.094641 0.045357 0.000010 0.102087 0.239525 0.000010
0.173490 0.000010 0.269013 0.206810 0.007805 0.028634 0.112980 0.201249 0.000010
0.143049 0.000010 0.277505 0.054738 0.093539 0.000010 0.159515 0.271623 0.000010
0.050251 0.000010 0.363285 0.000010 0.000010 0.009089 0.175980 0.381692 0.019674
0.290222 0.040667 0.260242 0.029695 0.005462 0.000010 0.158884 0.214809 0.000010
0.000010 0.086624 0.461024 0.147936 0.011224 0.000010 0.035355 0.251926 0.005891
0.180275 0.010966 0.595893 0.000010 0.000010 0.000010 0.026292 0.186534 0.000010
0.108515 0.137742 0.282770 0.134651 0.051541 0.029482 0.082326 0.172963 0.000010
0.224433 0.019175 0.279036 0.057644 0.077096 0.000010 0.201324 0.141273 0.000010
0.134979 0.015376 0.537157 0.000010 0.000010 0.014355 0.158589 0.139513 0.000010
0.155470 0.019723 0.473531 0.052393 0.000010 0.025088 0.129344 0.125702 0.018738
0.029234 0.037783 0.382804 0.138865 0.000010 0.005549 0.137306 0.268438 0.000010
0.059816 0.127254 0.385685 0.130755 0.020318 0.011249 0.159808 0.105105 0.000010
0.264438 0.136313 0.419750 0.000010 0.000010 0.000010 0.088858 0.090601 0.000010
0.178178 0.083639 0.328808 0.000010 0.013155 0.000010 0.100822 0.252381 0.042997
0.274156 0.022834 0.339478 0.126817 0.024407 0.000010 0.077880 0.134409 0.000010
0.244998 0.000010 0.284168 0.049273 0.000010 0.017393 0.111249 0.260892 0.032008
0.236860 0.015717 0.000010 0.117300 0.000010 0.089927 0.115775 0.234630 0.189770
0.239222 0.000010 0.105651 0.000010 0.000010 0.094958 0.153443 0.402873 0.003823
0.429698 0.006415 0.000010 0.032661 0.000010 0.000010 0.133482 0.397705 0.000010
0.439886 0.000010 0.104408 0.042329 0.000010 0.000010 0.000010 0.413326 0.000010
0.292584 0.033210 0.044368 0.054200 0.000010 0.000801 0.007404 0.524441 0.042983
0.316702 0.024862 0.073215 0.008375 0.000010 0.000010 0.080945 0.408736 0.087145
0.345449 0.092410 0.000010 0.000010 0.000010 0.000010 0.060204 0.473925 0.027973
0.284868 0.029275 0.026857 0.020875 0.027176 0.046719 0.078655 0.369675 0.115900
0.300963 0.026458 0.063379 0.210886 0.040975 0.025025 0.000010 0.332294 0.000010
0.318590 0.000010 0.007553 0.018342 0.000010 0.095083 0.069189 0.372116 0.119108
0.164572 0.000010 0.057667 0.000010 0.000010 0.080143 0.094015 0.542068 0.061506
0.307936 0.000010 0.049130 0.111919 0.053046 0.011701 0.042147 0.424102 0.000010
0.328744 0.012783 0.094373 0.000010 0.003081 0.052699 0.044176 0.464123 0.000010
0.336335 0.008246 0.128763 0.009632 0.021569 0.000010 0.016343 0.456361 0.022741
0.376983 0.078808 0.016910 0.005143 0.000010 0.008222 0.012011 0.493477 0.008436
0.140983 0.006984 0.000010 0.071507 0.000010 0.000010 0.139527 0.538867 0.102103
0.093932 0.000010 0.031418 0.038322 0.055482 0.014663 0.108216 0.455893 0.202065
0.480646 0.000010 0.000010 0.021884 0.155447 0.000010 0.000010 0.341974 0.000010
0.157778 0.054183 0.011614 0.069789 0.019339 0.026580 0.087603 0.280830 0.292282
0.336246 0.030572 0.104970 0.119499 0.000010 0.000010 0.068044 0.340639 0.000010
0.360277 0.000010 0.000010 0.115365 0.092503 0.021355 0.023057 0.371927 0.015497
0.145409 0.000010 0.025520 0.000010 0.000010 0.060215 0.194361 0.307090 0.267374
0.186259 0.034150 0.000010 0.072301 0.006272 0.046410 0.189150 0.409795 0.055652
0.342434 0.006624 0.067757 0.000010 0.000010 0.000010 0.134760 0.448385 0.000010
0.299323 0.000010 0.076717 0.002652 0.082140 0.000010 0.079017 0.432613 0.027518
0.136490 0.045199 0.000010 0.000010 0.000010 0.000010 0.105918 0.619326 0.093027
0.264215 0.048575 0.000010 0.000010 0.000010 0.000010 0.203539 0.468431 0.015200
0.177228 0.000010 0.118099 0.093594 0.000010 0.000010 0.145440 0.465599 0.000010
0.000010 0.000010 0.000010 0.130360 0.000010 0.000010 0.267822 0.596526 0.005242
0.118719 0.051076 0.004165 0.087311 0.075917 0.000010 0.158878 0.503914 0.000010
0.072700 0.049465 0.000010 0.126829 0.000010 0.077192 0.160831 0.449178 0.063785
0.245804 0.000010 0.056502 0.076482 0.001374 0.024423 0.058301 0.213773 0.323330
0.271817 0.051405 0.000010 0.032584 0.000010 0.017153 0.144223 0.482789 0.000010
0.139990 0.014776 0.069614 0.119168 0.022780 0.000010 0.124911 0.508741 0.000010
0.015055 0.000010 0.000010 0.103330 0.000010 0.000010 0.248794 0.632771 0.000010
0.109759 0.000010 0.004437 0.000010 0.063402 0.023431 0.232426 0.496348 0.070177
0.332340 0.000010 0.000010 0.057369 0.000010 0.002576 0.128934 0.478741 0.000010
0.065962 0.000010 0.000010 0.090520 0.000010 0.000010 0.295489 0.547980 0.000010
0.082417 0.000010 0.000010 0.052965 0.047120 0.041786 0.235059 0.540623 0.000010
0.226836 0.075898 0.000010 0.090113 0.000010 0.000010 0.199362 0.407751 0.000010
0.286339 0.069017 0.050062 0.045220 0.000010 0.000010 0.079965 0.410846 0.058530
0.203589 0.000010 0.029365 0.000010 0.026491 0.000010 0.241045 0.499470 0.000010
0.182060 0.000010 0.000010 0.140751 0.053050 0.010081 0.195534 0.418494 0.000010
0.249891 0.048890 0.000010 0.095308 0.000010 0.032997 0.100658 0.456094 0.016141
0.136595 0.076841 0.024782 0.024685 0.004619 0.005927 0.160524 0.566016 0.000010
0.266093 0.022879 0.000010 0.015764 0.000010 0.000010 0.158904 0.536321 0.000010
0.082888 0.094661 0.000010 0.213920 0.000010 0.051224 0.122347 0.398114 0.036826
0.190090 0.000010 0.000010 0.187278 0.093854 0.043173 0.100028 0.385547 0.000010
0.111672 0.000010 0.058708 0.152576 0.000010 0.000010 0.109343 0.567661 0.000010
0.064750 0.006223 0.080312 0.215204 0.000010 0.065516 0.164814 0.383928 0.019244
0.420670 0.000010 0.084402 0.068637 0.000010 0.013289 0.084065 0.328906 0.000010
0.142750 0.008454 0.106538 0.078274 0.000010 0.000010 0.091560 0.553674 0.018730
0.123313 0.085155 0.033278 0.256955 0.000010 0.000010 0.087091 0.414177 0.000010
0.335875 0.000010 0.000010 0.000010 0.000010 0.024787 0.169083 0.470205 0.000010
0.163047 0.058513 0.046854 0.118328 0.000010 0.000010 0.110861 0.424990 0.077388
0.321502 0.028815 0.064048 0.055031 0.014128 0.000010 0.174689 0.341767 0.000010
0.088390 0.070106 0.000010 0.113595 0.000010 0.000010 0.178754 0.471583 0.077542
0.140924 0.041059 0.083857 0.191558 0.013825 0.000010 0.119715 0.409042 0.000010
0.383909 0.000010 0.027489 0.000010 0.000010 0.000010 0.201599 0.386953 0.000010
0.267433 0.000010 0.032120 0.048311 0.069528 0.000010 0.105944 0.476634 0.000010
0.200053 0.000010 0.047733 0.000801 0.000010 0.000010 0.184866 0.566506 0.000010
0.245121 0.038778 0.038671 0.009220 0.000010 0.000010 0.091877 0.576304 0.000010
0.272995 0.048860 0.039598 0.000010 0.021688 0.000010 0.036863 0.579967 0.000010
0.218662 0.002502 0.000010 0.062123 0.056353 0.008141 0.083983 0.538998 0.029227
0.179311 0.026800 0.000010 0.077340 0.000010 0.000010 0.113245 0.513423 0.089850
0.301667 0.172534 0.030284 0.050004 0.013461 0.058531 0.041182 0.332327 0.000010
0.272484 0.000010 0.000010 0.078792 0.043115 0.000010 0.069838 0.508542 0.027199
0.048283 0.000010 0.000010 0.176346 0.000010 0.076117 0.197735 0.465331 0.036158
0.269289 0.035100 0.000010 0.000010 0.021781 0.000010 0.130944 0.443681 0.099176
0.230421 0.000010 0.000010 0.159951 0.097582 0.021900 0.096990 0.393126 0.000010
0.203372 0.000010 0.059405 0.000010 0.000010 0.000010 0.165526 0.571647 0.000010
0.279110 0.069369 0.000010 0.007845 0.000010 0.000010 0.228387 0.384752 0.030507
0.161621 0.000010 0.103103 0.030854 0.000010 0.000010 0.150315 0.554068 0.000010
0.214193 0.000010 0.111108 0.169569 0.000010 0.003540 0.000010 0.432764 0.068795
0.228657 0.000010 0.103532 0.143191 0.039088 0.000010 0.043787 0.441715 0.000010
0.293163 0.058435 0.000010 0.020037 0.028718 0.008408 0.088153 0.503066 0.000010
0.280186 0.000010 0.071640 0.000010 0.086175 0.050168 0.004620 0.505197 0.001994
0.346018 0.083706 0.045628 0.000010 0.064044 0.000010 0.047551 0.413022 0.000010
0.202070 0.127748 0.187106 0.069095 0.000010 0.000010 0.014376 0.399574 0.000010
0.303100 0.042755 0.094575 0.094067 0.042729 0.000010 0.000010 0.385487 0.037267
0.193924 0.000010 0.089994 0.000010 0.000010 0.000010 0.109139 0.606893 0.000010
0.313605 0.041631 0.140233 0.114311 0.010538 0.000010 0.081527 0.298136 0.000010
0.294493 0.043640 0.000010 0.081810 0.010670 0.032970 0.110141 0.426257 0.000010
0.148036 0.060691 0.014726 0.207736 0.000010 0.000010 0.137794 0.396666 0.034331
0.168646 0.000010 0.059464 0.079604 0.000010 0.000010 0.195429 0.495770 0.001056
0.357905 0.047145 0.053898 0.018459 0.000010 0.019854 0.098412 0.404307 0.000010
0.381971 0.000010 0.000010 0.013909 0.070045 0.025306 0.123114 0.385626 0.000010
0.329333 0.000010 0.125144 0.038621 0.000010 0.005442 0.068477 0.370321 0.062642
0.181042 0.137353 0.064832 0.143469 0.000010 0.000010 0.082431 0.364400 0.026453
0.149723 0.000010 0.107653 0.128651 0.066157 0.005517 0.084145 0.458135 0.000010
0.230067 0.063435 0.030134 0.049996 0.113351 0.000010 0.000010 0.512985 0.000010
0.148478 0.063189 0.158015 0.178753 0.000010 0.000010 0.048332 0.403203 0.000010
0.145610 0.096743 0.114769 0.067805 0.000010 0.013068 0.112631 0.449354 0.000010
0.268405 0.030570 0.077482 0.065080 0.010926 0.001340 0.095818 0.447288 0.003090
0.295742 0.000010 0.135133 0.000010 0.000010 0.000010 0.052954 0.516122 0.000010
0.023596 0.000010 0.112213 0.054915 0.127020 0.106783 0.084465 0.460327 0.030672
0.136379 0.000010 0.124100 0.000010 0.000010 0.050723 0.244848 0.443910 0.000010
0.075627 0.080621 0.038553 0.063350 0.068516 0.000010 0.188750 0.484563 0.000010
0.397379 0.000010 0.162887 0.025418 0.042832 0.021681 0.000010 0.349773 0.000010
0.092614 0.108128 0.017178 0.098050 0.000010 0.000010 0.208914 0.475087 0.000010
0.083759 0.000010 0.000010 0.193727 0.019317 0.034841 0.189029 0.479297 0.000010
0.214002 0.000010 0.130577 0.121181 0.000010 0.000010 0.057562 0.476639 0.000010
0.089913 0.085684 0.023980 0.000010 0.000010 0.000010 0.334704 0.465678 0.000010
0.085003 0.000010 0.096311 0.041686 0.087496 0.000010 0.217475 0.472000 0.000010
0.170319 0.000010 0.115438 0.012826 0.080227 0.000010 0.119687 0.501474 0.000010
0.151093 0.029192 0.015876 0.000010 0.000010 0.000010 0.229206 0.574593 0.000010
0.185813 0.017785 0.101164 0.088965 0.033928 0.005718 0.164174 0.402444 0.000010
0.130957 0.118481 0.124211 0.058095 0.000010 0.000010 0.137680 0.424626 0.005930
0.297175 0.051192 0.002708 0.121661 0.000010 0.000010 0.169836 0.357397 0.000010
0.024215 0.014176 0.168520 0.204165 0.000010 0.000010 0.194937 0.393957 0.000010
0.178001 0.000010 0.065613 0.000010 0.039728 0.022222 0.238737 0.406064 0.049616
0.197245 0.057820 0.102695 0.067793 0.000010 0.000010 0.085402 0.489014 0.000010
0.200889 0.050385 0.075139 0.103023 0.000010 0.005661 0.085755 0.452207 0.026930
0.361009 0.000010 0.000010 0.000010 0.000010 0.000010 0.274592 0.364339 0.000010
0.269363 0.000010 0.000010 0.041911 0.000010 0.034951 0.165214 0.488520 0.000010
0.130604 0.002554 0.018816 0.194097 0.041709 0.000010 0.068994 0.543205 0.000010
0.059823 0.007566 0.179451 0.102182 0.050044 0.000010 0.247514 0.353401 0.000010
0.000010 0.000010 0.000010 0.000010 0.000010 0.425121 0.000010 0.000010 0.574809
0.000010 0.000010 0.045899 0.000010 0.000010 0.413111 0.025682 0.018491 0.496778
0.029202 0.000010 0.000010 0.000010 0.000010 0.290757 0.000010 0.000010 0.679981
0.019469 0.000010 0.000010 0.000010 0.000010 0.282655 0.004379 0.000010 0.693448
0.000010 0.000010 0.000010 0.000010 0.000010 0.309195 0.000010 0.019930 0.670816
0.000010 0.000010 0.000010 0.000010 0.026747 0.201389 0.000010 0.000010 0.771804
0.000010 0.000010 0.000010 0.018307 0.000010 0.429032 0.000010 0.000010 0.552601
0.000010 0.031711 0.010568 0.000010 0.000010 0.232733 0.000010 0.000010 0.724939
0.009563 0.000010 0.000010 0.004660 0.041976 0.391804 0.000010 0.000010 0.551956
0.024308 0.000010 0.000010 0.000010 0.000010 0.362460 0.000010 0.026875 0.586307
0.000010 0.000010 0.000010 0.000010 0.005976 0.351295 0.025571 0.000010 0.617108
0.000010 0.000010 0.000010 0.008491 0.000010 0.343672 0.000010 0.037485 0.610303
0.000010 0.000010 0.000010 0.000010 0.000010 0.440868 0.025934 0.010128 0.523020
0.000010 0.000010 0.000010 0.000010 0.000010 0.376995 0.000010 0.031474 0.591471
0.036467 0.000010 0.020104 0.000010 0.000010 0.344235 0.000010 0.020434 0.578719
0.000010 0.000010 0.000010 0.000010 0.019728 0.492066 0.000010 0.000010 0.488146
0.000010 0.000010 0.000010 0.000010 0.039688 0.367457 0.000010 0.000010 0.592795
0.000010 0.000010 0.000010 0.000010 0.000010 0.340897 0.034591 0.000010 0.624452
0.000010 0.000010 0.000010 0.000010 0.000010 0.305614 0.000010 0.014901 0.679426
0.000010 0.000010 0.000010 0.031842 0.036572 0.277894 0.000010 0.000010 0.653641
0.000010 0.000010 0.000010 0.011847 0.000010 0.399974 0.000010 0.006317 0.581813
0.000010 0.000010 0.000010 0.000010 0.000010 0.311372 0.000010 0.046794 0.641774
0.087664 0.000010 0.000010 0.000010 0.025458 0.388266 0.000010 0.000010 0.498562
0.000010 0.000010 0.006016 0.000010 0.000010 0.341974 0.014443 0.004734 0.632793
0.000010 0.000010 0.000010 0.000010 0.035473 0.357630 0.000010 0.013417 0.593430
0.031803 0.000010 0.000010 0.000010 0.000010 0.416367 0.000010 0.029487 0.522293
0.000010 0.000010 0.000010 0.018817 0.000010 0.528772 0.000010 0.000010 0.452351
0.000010 0.000010 0.000010 0.000010 0.039272 0.393620 0.031401 0.033413 0.502255
0.000010 0.087852 0.000010 0.000010 0.758525 0.000010 0.153563 0.000010 0.000010
0.392596 0.082573 0.039395 0.272360 0.000010 0.036324 0.000010 0.167430 0.009302
0.515745 0.046179 0.000010 0.158573 0.000010 0.000010 0.037875 0.211547 0.030052
0.323397 0.033453 0.007360 0.390950 0.000010 0.007751 0.000010 0.209512 0.027556
0.354237 0.024189 0.055146 0.327179 0.050813 0.015384 0.031795 0.141247 0.000010
0.352024 0.057221 0.000010 0.344097 0.000010 0.000010 0.000010 0.166567 0.080051
0.386528 0.038540 0.041399 0.246093 0.000010 0.000010 0.031055 0.251665 0.004700
0.471368 0.029607 0.000010 0.212690 0.000010 0.027868 0.000010 0.258427 0.000010
0.361284 0.000010 0.000010 0.353114 0.000010 0.000010 0.044020 0.241533 0.000010
0.457918 0.016515 0.100721 0.222113 0.000010 0.000010 0.000010 0.202693 0.000010
0.510576 0.007911 0.023487 0.255794 0.000010 0.000010 0.031881 0.170321 0.000010
0.539696 0.000010 0.012581 0.210462 0.072265 0.000010 0.011090 0.153876 0.000010
0.457573 0.000010 0.000010 0.285161 0.073632 0.000010 0.000010 0.183584 0.000010
0.428081 0.013472 0.000010 0.307467 0.000010 0.040924 0.000010 0.210016 0.000010
0.487764 0.066116 0.000010 0.240569 0.000010 0.014361 0.000010 0.191150 0.000010
0.422252 0.122897 0.000011 0.233562 0.000010 0.000010 0.062430 0.158818 0.000010
0.288977 0.000010 0.087157 0.319107 0.000010 0.000010 0.066126 0.238593 0.000010
0.479367 0.000010 0.025505 0.244184 0.000010 0.079663 0.000010 0.171241 0.000010
0.363301 0.059877 0.000010 0.296848 0.000010 0.000010 0.021255 0.239584 0.019105
0.467400 0.000010 0.000010 0.228614 0.070381 0.011803 0.020279 0.201494 0.000010
0.451435 0.000010 0.005764 0.208830 0.019505 0.000010 0.000010 0.314427 0.000010
0.436879 0.000010 0.000010 0.365322 0.073261 0.013202 0.027122 0.084183 0.000010
0.312639 0.000010 0.087052 0.320762 0.000010 0.000010 0.000010 0.279497 0.000010
0.433672 0.063969 0.000010 0.342593 0.000010 0.000010 0.011233 0.139399 0.009104
0.466291 0.014148 0.052908 0.260756 0.000010 0.000010 0.011103 0.184653 0.010122
0.222051 0.023055 0.049916 0.478849 0.070442 0.000010 0.006239 0.149430 0.000010
0.228048 0.061271 0.035116 0.374129 0.000010 0.000010 0.018783 0.282623 0.000010
0.494905 0.000010 0.000010 0.300211 0.034037 0.000010 0.040078 0.128208 0.002531
0.347732 0.103425 0.000010 0.398058 0.000010 0.000010 0.071253 0.079491 0.000010
0.000010 0.000010 0.000010 0.000010 0.969448 0.000010 0.030482 0.000010 0.000010
0.000010 0.000010 0.000010 0.000010 0.924048 0.000010 0.075882 0.000010 0.000010
0.000010 0.000010 0.000010 0.000010 0.905725 0.000010 0.057711 0.036504 0.000010
0.017579 0.000010 0.000010 0.000010 0.951195 0.031166 0.000010 0.000010 0.000010
0.052585 0.038482 0.126682 0.000010 0.782201 0.000010 0.000010 0.000010 0.000010
0.000010 0.000010 0.056626 0.045341 0.895243 0.000010 0.002741 0.000010 0.000010
0.000010 0.043519 0.000010 0.000010 0.956411 0.000010 0.000010 0.000010 0.000010
0.000010 0.000010 0.000010 0.000010 0.910382 0.024078 0.059204 0.006286 0.000010
0.000010 0.000011 0.000010 0.000010 0.938499 0.000010 0.041378 0.018350 0.001722
0.000010 0.027703 0.000010 0.000010 0.931983 0.000010 0.040254 0.000010 0.000010
0.000010 0.000010 0.014365 0.001345 0.928502 0.000011 0.000010 0.055737 0.000010
0.000010 0.031487 0.019168 0.018942 0.885542 0.039738 0.005093 0.000010 0.000010
0.021071 0.007783 0.048113 0.000010 0.851262 0.042642 0.029100 0.000010 0.000010
0.000010 0.000010 0.090167 0.000010 0.909763 0.000010 0.000010 0.000010 0.000010
0.000010 0.000010 0.000010 0.004661 0.897174 0.000010 0.000010 0.098105 0.000010
0.000010 0.003717 0.000010 0.021808 0.957004 0.017420 0.000010 0.000010 0.000010
0.000010 0.000010 0.016990 0.000010 0.930304 0.000010 0.000010 0.052646 0.000010
0.493944 0.000010 0.044757 0.051662 0.000010 0.000011 0.000010 0.341620 0.067976
0.442916 0.000010 0.031252 0.166273 0.000010 0.030664 0.000010 0.328854 0.000010
0.411603 0.068715 0.064893 0.195635 0.000010 0.000010 0.034903 0.148760 0.075472
0.666165 0.000010 0.036060 0.000010 0.002410 0.041418 0.000010 0.248760 0.005157
0.553388 0.001415 0.071692 0.082101 0.000010 0.000010 0.067673 0.223702 0.000010
0.432073 0.000010 0.023104 0.232655 0.011947 0.000010 0.052058 0.248134 0.000010
0.437374 0.000010 0.078968 0.217677 0.005065 0.007771 0.000010 0.253115 0.000010
0.486018 0.000010 0.000010 0.078253 0.000010 0.054138 0.085769 0.295782 0.000010
0.644758 0.000010 0.000010 0.027267 0.000010 0.064116 0.000010 0.263809 0.000010
0.639536 0.038987 0.132839 0.085911 0.000010 0.000010 0.006128 0.079473 0.017107
0.566844 0.030120 0.016837 0.041411 0.000010 0.000010 0.000010 0.306760 0.037998
0.518382 0.000010 0.038188 0.086222 0.000010 0.000010 0.000010 0.288089 0.069079
0.588274 0.000010 0.000010 0.067943 0.000010 0.000010 0.000010 0.343723 0.000010
0.606037 0.000010 0.000010 0.125428 0.004911 0.000010 0.000010 0.263575 0.000010
0.373947 0.000010 0.052268 0.131297 0.028582 0.000010 0.000010 0.341533 0.072343
0.653126 0.000010 0.000010 0.031142 0.000010 0.007299 0.005749 0.302643 0.000010
0.599895 0.000010 0.050229 0.070165 0.000010 0.000010 0.000010 0.279661 0.000010
0.601946 0.021206 0.053718 0.050685 0.000010 0.000010 0.047884 0.204346 0.020195
0.592468 0.000010 0.000010 0.032515 0.015249 0.010383 0.000010 0.283812 0.065542
0.663509 0.000010 0.000010 0.113443 0.000010 0.020406 0.002023 0.200580 0.000010
0.587724 0.026413 0.031460 0.050756 0.000010 0.021535 0.070251 0.178076 0.033776
0.642698 0.000010 0.000010 0.016073 0.037966 0.000010 0.071885 0.192736 0.038611
0.569694 0.000010 0.024974 0.024177 0.017280 0.000010 0.000010 0.363835 0.000010
0.511202 0.000010 0.130777 0.000010 0.000010 0.000010 0.000010 0.357961 0.000010
0.595355 0.031021 0.000010 0.062683 0.000010 0.020098 0.000010 0.290803 0.000010
0.467621 0.000010 0.000010 0.165464 0.000010 0.000010 0.000010 0.366856 0.000010
0.685628 0.001995 0.055107 0.077079 0.003710 0.046042 0.010760 0.103267 0.016412
0.697709 0.006336 0.000010 0.007036 0.000010 0.014767 0.058144 0.215978 0.000010
0.454883 0.000010 0.005854 0.179857 0.000010 0.000010 0.000010 0.320403 0.038963
0.504074 0.000010 0.082387 0.081580 0.000010 0.030724 0.032415 0.229877 0.038924
0.497501 0.065314 0.080328 0.000010 0.005065 0.000010 0.000010 0.351751 0.000010
0.565795 0.064394 0.000010 0.064960 0.000010 0.000010 0.000010 0.304802 0.000010
0.505337 0.000010 0.000010 0.096560 0.083624 0.000010 0.054530 0.254132 0.005786
0.472594 0.000010 0.000010 0.139747 0.028031 0.000010 0.000010 0.335415 0.024173
0.535084 0.000010 0.055783 0.000010 0.011411 0.000010 0.020247 0.372045 0.005400
0.559333 0.000010 0.000010 0.002975 0.000010 0.000010 0.098946 0.338695 0.000010
0.649167 0.000010 0.045038 0.002570 0.009376 0.000010 0.040797 0.253021 0.000010
0.566062 0.086186 0.048307 0.000010 0.000010 0.000010 0.000010 0.299394 0.000010
0.635653 0.024733 0.000010 0.000010 0.000010 0.007445 0.024000 0.286250 0.021889
0.499957 0.000010 0.008993 0.166199 0.094257 0.038740 0.000010 0.191823 0.000010
0.578784 0.000010 0.037179 0.082789 0.000010 0.000010 0.000010 0.301198 0.000010
0.523946 0.042038 0.000010 0.035722 0.090937 0.039518 0.002774 0.235986 0.029070
0.714656 0.000010 0.000010 0.133390 0.052453 0.035144 0.000010 0.064317 0.000010
0.615312 0.000010 0.057218 0.100256 0.000010 0.000010 0.000010 0.146354 0.080820
0.486409 0.034468 0.000010 0.060518 0.000010 0.023202 0.056165 0.209961 0.129256
0.630384 0.048338 0.026009 0.011871 0.000010 0.000010 0.004363 0.279004 0.000010
0.412582 0.000010 0.019729 0.003620 0.000010 0.010525 0.082220 0.160679 0.310624
0.625533 0.012526 0.000010 0.000010 0.100368 0.000010 0.035638 0.225894 0.000010
0.510767 0.018593 0.034308 0.078707 0.000010 0.038462 0.000010 0.176503 0.142640
0.735528 0.009474 0.041272 0.013146 0.014486 0.000010 0.000010 0.182010 0.004064
0.623275 0.000010 0.000010 0.000010 0.069655 0.018390 0.024190 0.264450 0.000010
0.530210 0.000010 0.012141 0.068155 0.000010 0.056620 0.049411 0.188858 0.094584
0.565413 0.116099 0.054167 0.063239 0.000010 0.017064 0.000010 0.183988 0.000010
0.552382 0.000010 0.000010 0.094189 0.055314 0.011192 0.000010 0.201760 0.085132
0.368300 0.067464 0.000010 0.199044 0.000010 0.103145 0.014069 0.199688 0.048269
0.074992 0.001626 0.058745 0.000010 0.000010 0.092228 0.000010 0.060524 0.711854
0.584301 0.000010 0.000010 0.210164 0.000010 0.000010 0.014090 0.073184 0.118220
0.647866 0.008112 0.076520 0.000010 0.000010 0.024103 0.056653 0.186715 0.000010
0.611514 0.061263 0.031962 0.053237 0.034703 0.052290 0.000010 0.127587 0.027434
0.657110 0.000010 0.000010 0.000010 0.069129 0.000010 0.032427 0.241285 0.000010
0.507372 0.000010 0.000010 0.104758 0.032230 0.040971 0.000010 0.272111 0.042527
0.554280 0.000010 0.174815 0.000010 0.000010 0.000010 0.000010 0.178208 0.092647
0.453070 0.077674 0.000010 0.087875 0.099331 0.000010 0.030325 0.223377 0.028328
0.602883 0.000011 0.000010 0.114819 0.000010 0.000010 0.009459 0.217633 0.055165
0.587439 0.086842 0.048116 0.000010 0.000010 0.000010 0.000010 0.192887 0.084677
0.677741 0.000010 0.039956 0.000010 0.000010 0.011667 0.043663 0.143797 0.083144
0.476499 0.000010 0.000010 0.000010 0.000010 0.046950 0.038716 0.293497 0.144298
0.515412 0.000010 0.000010 0.087538 0.000010 0.000010 0.022004 0.228819 0.146187
0.746962 0.051026 0.000010 0.013751 0.000543 0.000010 0.000010 0.104803 0.082885
0.647056 0.010021 0.081367 0.000010 0.002836 0.033769 0.016020 0.192300 0.016620
0.497123 0.051394 0.103626 0.102149 0.000010 0.002600 0.000010 0.024193 0.218895
0.622839 0.000010 0.044056 0.035216 0.000010 0.000010 0.031820 0.266030 0.000010
0.658433 0.000010 0.064898 0.000010 0.023230 0.000010 0.000010 0.253389 0.000010
0.559315 0.089197 0.000010 0.000010 0.000010 0.043159 0.000010 0.142446 0.165844
0.543712 0.040387 0.018526 0.000010 0.000010 0.077949 0.098208 0.221187 0.000010
0.596756 0.039521 0.000010 0.028762 0.048235 0.000010 0.000010 0.215293 0.071403
0.548067 0.000010 0.020727 0.000010 0.000010 0.049122 0.000010 0.359648 0.022395
0.729810 0.001683 0.000010 0.000010 0.016861 0.000010 0.000010 0.095710 0.155896
0.572454 0.030437 0.000010 0.003633 0.000010 0.042956 0.000010 0.219967 0.130523
0.486386 0.000010 0.000010 0.044023 0.000010 0.045915 0.000010 0.240120 0.183517
0.613873 0.009945 0.000010 0.001446 0.028997 0.000010 0.078130 0.186304 0.081286
0.516958 0.000010 0.060084 0.039596 0.036593 0.000010 0.000010 0.221003 0.125736
0.562627 0.063927 0.000010 0.000010 0.123089 0.000010 0.000010 0.204793 0.045525
0.656193 0.000010 0.018926 0.019795 0.000010 0.011308 0.007354 0.203235 0.083169
0.633243 0.000010 0.066763 0.000010 0.061530 0.000010 0.000010 0.099138 0.139287
0.637712 0.065271 0.000010 0.000010 0.056813 0.016608 0.000010 0.137468 0.086098
0.528332 0.029254 0.081189 0.106438 0.000010 0.000010 0.000936 0.253821 0.000010
0.000010 0.051114 0.000010 0.000010 0.857991 0.000010 0.070705 0.020140 0.000010
0.000010 0.039761 0.000010 0.018088 0.814106 0.000010 0.127995 0.000010 0.000010
0.000010 0.000010 0.000010 0.000010 0.877751 0.000010 0.097311 0.000010 0.024879
0.002373 0.032968 0.042903 0.025794 0.741232 0.000010 0.136716 0.017995 0.000010
0.000010 0.000010 0.052400 0.000010 0.794635 0.000010 0.152906 0.000010 0.000010
0.000012 0.030322 0.022016 0.000010 0.761040 0.000010 0.186570 0.000010 0.000010
0.014022 0.000010 0.050762 0.000010 0.745479 0.000010 0.189687 0.000010 0.000010
0.745945 0.000010 0.037577 0.085548 0.065462 0.000010 0.021075 0.044363 0.000010
0.729190 0.013958 0.017425 0.122046 0.000010 0.000010 0.000010 0.117341 0.000010
0.576472 0.000010 0.121010 0.117747 0.052271 0.000010 0.012349 0.120122 0.000010
0.477045 0.000010 0.018627 0.209367 0.000010 0.037601 0.038203 0.219127 0.000010
0.559219 0.000010 0.000010 0.242947 0.019790 0.000010 0.072936 0.105069 0.000010
0.592019 0.027186 0.023934 0.096913 0.023145 0.000010 0.004169 0.232614 0.000010
0.570111 0.066101 0.009340 0.280591 0.000010 0.000010 0.026829 0.046999 0.000010
0.466404 0.009415 0.109012 0.252700 0.000010 0.039794 0.000010 0.122645 0.000010
0.679493 0.000010 0.058157 0.134215 0.024632 0.000010 0.000010 0.103464 0.000010
0.504676 0.053595 0.000010 0.315014 0.029989 0.004612 0.022919 0.050883 0.018303
0.534579 0.046949 0.000010 0.022024 0.000010 0.025775 0.054708 0.292274 0.023671
0.553899 0.078209 0.000010 0.000010 0.071563 0.000010 0.000010 0.279274 0.017015
0.584532 0.000010 0.016806 0.000010 0.000010 0.000010 0.088682 0.265521 0.044420
0.591015 0.000010 0.128400 0.000010 0.021069 0.000010 0.000010 0.208432 0.051044
0.641164 0.041959 0.028724 0.047146 0.046970 0.000010 0.000010 0.118650 0.075367
0.541917 0.013956 0.000010 0.201362 0.000010 0.000010 0.010177 0.162536 0.070022
0.670837 0.021851 0.000010 0.000010 0.045280 0.053068 0.038739 0.170195 0.000010
0.569725 0.014385 0.001355 0.134333 0.000010 0.023234 0.000010 0.166012 0.090937
0.527313 0.075072 0.000010 0.000010 0.077201 0.000010 0.000010 0.202241 0.118133
0.474038 0.022511 0.000010 0.226266 0.000010 0.000010 0.057457 0.190381 0.029317
0.604490 0.012099 0.001820 0.000010 0.032168 0.000010 0.004717 0.275372 0.069314
0.610096 0.000010 0.132864 0.047284 0.029957 0.000010 0.000010 0.081809 0.097960
0.502971 0.000010 0.000010 0.073880 0.000010 0.093177 0.089616 0.240315 0.000010
0.550955 0.000010 0.052892 0.000010 0.000010 0.061836 0.039862 0.205973 0.088453
0.532985 0.010447 0.000010 0.138422 0.000010 0.027868 0.000010 0.252192 0.038056
0.689530 0.000010 0.000010 0.000010 0.000010 0.011097 0.034899 0.236759 0.027675
0.437732 0.000010 0.067333 0.106342 0.000010 0.072286 0.000010 0.201847 0.114430
0.356410 0.000010 0.000010 0.131442 0.031330 0.010801 0.103779 0.366207 0.000010
0.606504 0.079554 0.080318 0.159149 0.062846 0.000010 0.000010 0.011599 0.000010
0.549317 0.000010 0.000010 0.000010 0.000010 0.000010 0.018131 0.363354 0.069148
0.609572 0.000010 0.015784 0.083903 0.000010 0.047080 0.034871 0.145349 0.063422
0.632744 0.089032 0.000010 0.000010 0.000010 0.000010 0.068382 0.185448 0.024355
0.520493 0.029932 0.064079 0.156545 0.000010 0.041157 0.022340 0.154613 0.010831
0.500058 0.008838 0.063911 0.000010 0.000010 0.000010 0.084476 0.242154 0.100532
0.582958 0.025007 0.000010 0.000010 0.015818 0.000010 0.099690 0.241662 0.034835
0.016969 0.911994 0.000010 0.043405 0.000010 0.017918 0.000010 0.000010 0.009674
0.130474 0.593869 0.000010 0.058909 0.033766 0.000010 0.000010 0.100725 0.082227
0.000010 0.944012 0.013438 0.000010 0.000010 0.000010 0.042490 0.000010 0.000010
0.035257 0.906369 0.029630 0.000010 0.023545 0.005159 0.000010 0.000010 0.000010
0.000010 0.022843 0.509144 0.000010 0.069389 0.026606 0.346659 0.025330 0.000010
0.000010 0.000010 0.616206 0.000010 0.000010 0.000010 0.356715 0.013351 0.013678
0.077315 0.000010 0.407919 0.000010 0.000010 0.000010 0.380033 0.134683 0.000010
0.016573 0.029261 0.345616 0.036536 0.044003 0.000010 0.383895 0.144097 0.000010
0.000010 0.000010 0.453036 0.036772 0.000010 0.024126 0.401625 0.084401 0.000010
0.000010 0.000010 0.468295 0.086202 0.000010 0.011959 0.353427 0.080077 0.000010
0.000010 0.017038 0.395234 0.040768 0.007723 0.061968 0.346513 0.130736 0.000010
0.018461 0.053271 0.451629 0.014362 0.073907 0.023695 0.296435 0.030118 0.038122
0.088072 0.000010 0.477251 0.015686 0.000010 0.000010 0.332750 0.086202 0.000010
0.106248 0.000010 0.310213 0.000010 0.000010 0.032329 0.481750 0.069420 0.000010
0.444507 0.038181 0.036706 0.116776 0.075808 0.046625 0.000010 0.143416 0.097970
0.660730 0.010418 0.000010 0.000010 0.056737 0.000116 0.000010 0.182441 0.089529
0.725755 0.026903 0.000010 0.000010 0.000010 0.000010 0.017115 0.230177 0.000010
0.567618 0.000010 0.000010 0.077256 0.000010 0.000010 0.000010 0.355066 0.000010
0.515308 0.000010 0.031667 0.000010 0.043005 0.000010 0.018451 0.348361 0.043178
0.547733 0.060104 0.000010 0.039164 0.023868 0.018837 0.000010 0.267190 0.043084
0.543887 0.004277 0.000010 0.082413 0.000010 0.037902 0.000010 0.252636 0.078855
0.632964 0.065932 0.003892 0.000010 0.042083 0.000010 0.001038 0.252316 0.001754
0.511581 0.000010 0.042208 0.081291 0.000010 0.066252 0.000010 0.272706 0.025932
0.589657 0.000010 0.002609 0.011330 0.025486 0.073096 0.034033 0.263769 0.000010
0.537827 0.000010 0.000010 0.000010 0.029220 0.034916 0.096948 0.301048 0.000010
0.365080 0.000010 0.000010 0.135865 0.112498 0.000010 0.017670 0.236346 0.132511
0.588654 0.000010 0.014521 0.030007 0.000010 0.000010 0.121747 0.245030 0.000010
0.452523 0.000010 0.000010 0.097303 0.170483 0.038629 0.009773 0.147332 0.083937
0.506890 0.000010 0.000010 0.172607 0.001126 0.000010 0.027306 0.244144 0.047898
0.439570 0.000010 0.000010 0.169379 0.029259 0.012663 0.000010 0.132360 0.216740
0.543507 0.054491 0.130717 0.000010 0.000010 0.000010 0.000010 0.182633 0.088614
0.525007 0.028515 0.040126 0.000010 0.037270 0.049623 0.000010 0.319429 0.000010
0.546095 0.000010 0.031615 0.000010 0.000010 0.000010 0.000010 0.404062 0.018177
0.599011 0.006395 0.027518 0.002880 0.046343 0.046187 0.004360 0.142001 0.125306
0.458445 0.108392 0.020807 0.100188 0.012417 0.000010 0.082061 0.058579 0.159099
0.000010 0.031549 0.673921 0.000010 0.017484 0.000010 0.270167 0.001998 0.004852
0.051579 0.124171 0.686763 0.000010 0.003755 0.000010 0.133691 0.000010 0.000010
0.000010 0.006208 0.662606 0.000010 0.000010 0.002736 0.248159 0.080251 0.000010
0.012773 0.000010 0.723271 0.000010 0.048972 0.000010 0.184884 0.030060 0.000010
0.000010 0.000010 0.794586 0.000010 0.000010 0.000010 0.185509 0.000010 0.019845
0.000010 0.000010 0.687235 0.076151 0.009981 0.000010 0.226583 0.000010 0.000010
0.069556 0.000010 0.617646 0.000010 0.000010 0.000010 0.312738 0.000010 0.000010
0.000010 0.026110 0.684973 0.000010 0.000010 0.000010 0.247157 0.041709 0.000010
0.001263 0.000010 0.569984 0.000010 0.094269 0.000010 0.295135 0.039310 0.000010
0.112401 0.002624 0.632396 0.000010 0.000010 0.000010 0.252529 0.000010 0.000010
0.000010 0.097140 0.589817 0.000010 0.052500 0.005442 0.225509 0.029563 0.000010
0.000010 0.000010 0.638089 0.000010 0.062359 0.000010 0.230277 0.069225 0.000010
0.000010 0.032634 0.697460 0.000010 0.000010 0.000010 0.269847 0.000010 0.000010
0.000010 0.108399 0.598457 0.000010 0.021329 0.000010 0.270948 0.000010 0.000827
0.000010 0.095507 0.543381 0.000010 0.000010 0.000010 0.264269 0.087182 0.009622
0.000010 0.018590 0.696892 0.000010 0.046583 0.034052 0.203843 0.000010 0.000010
0.000010 0.000010 0.700760 0.000010 0.000010 0.001035 0.214629 0.070336 0.013200
0.000010 0.000010 0.632162 0.019351 0.026490 0.000010 0.321948 0.000010 0.000010
0.000010 0.000010 0.678225 0.000010 0.000010 0.000010 0.235220 0.058149 0.028357
0.000010 0.000010 0.563443 0.000010 0.000010 0.000010 0.370985 0.065513 0.000010
0.000010 0.000010 0.659490 0.000010 0.005303 0.013589 0.283325 0.038253 0.000010
0.000010 0.032591 0.607046 0.000010 0.000010 0.000010 0.359408 0.000010 0.000905
0.000010 0.000010 0.652501 0.000010 0.000010 0.000010 0.231192 0.116248 0.000010
0.000010 0.034160 0.649380 0.000010 0.002479 0.000010 0.188949 0.124992 0.000010
0.000010 0.000010 0.741373 0.000010 0.000010 0.000010 0.258556 0.000010 0.000010
0.000010 0.056324 0.693414 0.000010 0.041540 0.000010 0.208672 0.000010 0.000010
0.000010 0.029399 0.587616 0.038560 0.000010 0.017519 0.326866 0.000010 0.000010
0.000010 0.000010 0.678643 0.000010 0.044906 0.001931 0.269359 0.000010 0.005121
0.028889 0.039039 0.628560 0.004978 0.011217 0.000010 0.287287 0.000010 0.000010
0.000010 0.010706 0.703358 0.000010 0.000010 0.000010 0.285876 0.000010 0.000010
0.007442 0.000010 0.677770 0.000010 0.008389 0.000010 0.292298 0.004455 0.009617
0.000010 0.000010 0.678544 0.000010 0.000010 0.000010 0.321386 0.000010 0.000010
0.037526 0.000010 0.507642 0.011525 0.000010 0.000018 0.443250 0.000010 0.000010
0.048516 0.074714 0.545612 0.000010 0.023801 0.000134 0.307193 0.000010 0.000010
0.000010 0.000010 0.601841 0.013919 0.008001 0.000010 0.376189 0.000010 0.000010
0.000010 0.034384 0.556843 0.000010 0.000010 0.000398 0.408326 0.000010 0.000010
0.000010 0.020833 0.697134 0.033410 0.000010 0.000010 0.248573 0.000010 0.000010
0.000010 0.000010 0.667635 0.029283 0.011355 0.010261 0.281426 0.000010 0.000010
0.000010 0.000010 0.521837 0.000010 0.073919 0.027065 0.377128 0.000010 0.000010
0.012582 0.071661 0.000010 0.000010 0.718605 0.000010 0.197102 0.000010 0.000010
0.000010 0.000010 0.000010 0.000010 0.965438 0.000010 0.034492 0.000010 0.000010
0.000010 0.000010 0.717442 0.000010 0.000010 0.001555 0.264851 0.016102 0.000010
0.000010 0.000010 0.617696 0.091926 0.000627 0.000010 0.207169 0.031762 0.050790
0.222812 0.105937 0.092363 0.297865 0.043510 0.000010 0.000010 0.237482 0.000010
0.180857 0.063138 0.017227 0.345637 0.000010 0.000010 0.027787 0.365324 0.000010
0.355189 0.139234 0.006739 0.410085 0.000010 0.015324 0.000010 0.073400 0.000010
0.436232 0.004992 0.000010 0.226629 0.000010 0.000010 0.106872 0.178807 0.046438
0.389690 0.000010 0.077871 0.178261 0.090748 0.009457 0.009013 0.244939 0.000010
0.391581 0.021485 0.068726 0.258449 0.000010 0.000010 0.000010 0.259720 0.000010
0.223181 0.034471 0.079293 0.332609 0.022731 0.000010 0.000010 0.277025 0.030671
0.458433 0.000013 0.000010 0.222550 0.030506 0.000010 0.106426 0.121679 0.060373
0.334251 0.039739 0.060009 0.376228 0.000010 0.000010 0.000010 0.189734 0.000010
0.341730 0.026761 0.000010 0.435682 0.024534 0.000010 0.000010 0.171254 0.000010
0.379353 0.000010 0.098274 0.328356 0.015184 0.018166 0.019421 0.141226 0.000010
0.316867 0.058456 0.075772 0.404785 0.062259 0.000010 0.000010 0.081830 0.000010
0.505673 0.064824 0.000010 0.283858 0.033601 0.000010 0.000011 0.112002 0.000010
0.000010 0.000010 0.620834 0.000010 0.000010 0.000010 0.379096 0.000010 0.000010
0.040864 0.000010 0.582783 0.000010 0.012776 0.000010 0.351717 0.000010 0.011821
0.000010 0.000010 0.736802 0.000010 0.000010 0.000010 0.263128 0.000010 0.000010
0.000010 0.000010 0.689490 0.004406 0.017604 0.005190 0.283269 0.000010 0.000010
0.000010 0.000010 0.674124 0.000010 0.000010 0.000010 0.290009 0.000010 0.035806
0.000010 0.000010 0.613291 0.014335 0.019822 0.011164 0.297449 0.000010 0.043908
0.000010 0.115072 0.619198 0.000010 0.000010 0.012922 0.252758 0.000010 0.000010
0.000010 0.006743 0.709241 0.000010 0.021632 0.007138 0.228857 0.000010 0.026359
0.023003 0.000010 0.613864 0.000010 0.000010 0.000010 0.363072 0.000010 0.000010
0.000010 0.014223 0.699664 0.000010 0.044867 0.000818 0.196748 0.043651 0.000010
0.011740 0.000010 0.503651 0.000010 0.060456 0.000010 0.357380 0.066732 0.000010
0.000010 0.002330 0.678731 0.000010 0.000010 0.004719 0.231761 0.036847 0.045583
