0.353061 0.003631 0.037783 0.028728 0.067122 0.007955 0.091396 0.400258 0.010066
0.336923 0.017762 0.000010 0.093523 0.087060 0.031909 0.036644 0.396160 0.000010
0.365073 0.061824 0.021286 0.003656 0.000010 0.000010 0.021700 0.474692 0.051750
0.296205 0.000010 0.089421 0.000010 0.000010 0.018550 0.092307 0.503477 0.000010
0.426469 0.000010 0.031710 0.032200 0.000010 0.000010 0.158552 0.351028 0.000010
0.069234 0.000010 0.000010 0.063934 0.072517 0.017037 0.199983 0.345854 0.231420
0.336649 0.000010 0.063154 0.037571 0.059562 0.000010 0.000010 0.503024 0.000010
0.293815 0.000010 0.067772 0.000010 0.103542 0.004933 0.000010 0.529898 0.000010
0.452125 0.000010 0.003327 0.053051 0.000010 0.024100 0.000010 0.375589 0.091777
0.292848 0.000010 0.167442 0.189717 0.012745 0.012499 0.017198 0.211733 0.095808
0.345882 0.000010 0.094953 0.120908 0.000010 0.000217 0.027025 0.350135 0.060859
0.393862 0.093613 0.071209 0.055377 0.000010 0.000010 0.000010 0.385899 0.000010
0.351946 0.021997 0.010924 0.000010 0.055774 0.023579 0.060125 0.475634 0.000010
0.422768 0.000010 0.000010 0.054971 0.077752 0.025933 0.005840 0.409661 0.003054
0.288412 0.018305 0.048162 0.164906 0.034954 0.000010 0.030997 0.361657 0.052597
0.412011 0.063671 0.176876 0.026217 0.000010 0.000010 0.000010 0.321185 0.000010
0.376279 0.057287 0.112528 0.106311 0.000010 0.020748 0.073642 0.246386 0.006809
0.525159 0.000010 0.047369 0.000010 0.020388 0.007371 0.000010 0.399674 0.000010
0.344764 0.076388 0.112091 0.134101 0.000010 0.000010 0.002828 0.293982 0.035826
0.262080 0.037188 0.098871 0.044896 0.000010 0.038743 0.106954 0.391164 0.020095
0.273929 0.000010 0.000010 0.227780 0.130722 0.063711 0.074549 0.229279 0.000010
0.366677 0.000010 0.000010 0.239307 0.000424 0.000010 0.082411 0.299839 0.011312
0.281292 0.000010 0.000010 0.271879 0.017018 0.000010 0.006518 0.376197 0.047066
0.190949 0.074409 0.092774 0.183551 0.000010 0.000010 0.039292 0.408925 0.010081
0.346234 0.000010 0.000010 0.146007 0.000010 0.000010 0.000010 0.507699 0.000010
0.360156 0.072975 0.000010 0.136818 0.029215 0.024076 0.000010 0.335729 0.041011
0.115251 0.000010 0.023676 0.071727 0.048987 0.041966 0.156757 0.519946 0.021679
0.395683 0.000010 0.021800 0.000010 0.011085 0.052891 0.066186 0.380297 0.072038
0.221223 0.000010 0.099500 0.241486 0.000010 0.013948 0.069308 0.354506 0.000010
0.144311 0.000010 0.000010 0.249552 0.096817 0.056479 0.000010 0.452802 0.000010
0.218699 0.002101 0.000010 0.199836 0.066846 0.022573 0.057177 0.432748 0.000010
0.284655 0.000010 0.002484 0.000010 0.054963 0.078845 0.010299 0.543067 0.025668
0.328267 0.069092 0.032221 0.231744 0.000010 0.003185 0.048718 0.286753 0.000010
0.254390 0.039775 0.000010 0.135808 0.032593 0.003109 0.087866 0.401464 0.044985
0.250212 0.000010 0.000010 0.000010 0.058820 0.013079 0.194827 0.466624 0.016407
0.225901 0.000010 0.000010 0.177639 0.000010 0.000010 0.102816 0.493594 0.000010
0.416204 0.000010 0.141462 0.014953 0.008576 0.000010 0.000010 0.391269 0.027506
0.367850 0.052502 0.000010 0.171953 0.024597 0.055985 0.000010 0.321802 0.005291
0.511929 0.000010 0.028724 0.114071 0.000010 0.000010 0.065320 0.255061 0.024865
0.324827 0.017638 0.019259 0.091776 0.000010 0.019996 0.095323 0.401611 0.029560
0.354852 0.085508 0.000010 0.047480 0.000010 0.000010 0.129267 0.345216 0.037647
0.166338 0.001481 0.029076 0.110192 0.073639 0.068132 0.134812 0.416320 0.000010
0.141787 0.000010 0.000010 0.330660 0.010745 0.000010 0.193127 0.323641 0.000010
0.332022 0.000010 0.000010 0.075641 0.000010 0.040117 0.104490 0.447690 0.000010
0.178427 0.000010 0.066805 0.000010 0.015345 0.000010 0.118801 0.441314 0.179277
0.331815 0.061502 0.057103 0.000010 0.000010 0.015393 0.016858 0.509583 0.007727
0.263548 0.000010 0.072607 0.152868 0.008431 0.000010 0.000010 0.502507 0.000010
0.176560 0.066159 0.000010 0.000010 0.016352 0.074175 0.160030 0.506693 0.000010
0.141904 0.097143 0.332737 0.128413 0.008000 0.000010 0.236845 0.054937 0.000010
0.097878 0.001497 0.282683 0.221433 0.000010 0.049225 0.125861 0.221404 0.000010
0.224237 0.092252 0.269703 0.226802 0.079780 0.021422 0.000010 0.085785 0.000010
0.204113 0.000010 0.205128 0.129245 0.000010 0.000010 0.188609 0.272866 0.000010
0.076091 0.139266 0.262411 0.068249 0.007646 0.019823 0.178512 0.194783 0.053219
0.162939 0.116148 0.503885 0.050169 0.019659 0.000010 0.020103 0.030863 0.096225
0.111558 0.107404 0.263493 0.208578 0.004967 0.037336 0.169663 0.096991 0.000010
0.237245 0.000010 0.362732 0.010976 0.035869 0.000010 0.071186 0.254783 0.027188
0.237493 0.096473 0.144523 0.148206 0.000010 0.000010 0.184187 0.189088 0.000010
0.295275 0.075649 0.348622 0.010093 0.035246 0.000010 0.096579 0.138516 0.000010
0.195208 0.000010 0.369855 0.212958 0.027577 0.000010 0.044691 0.149681 0.000010
0.000010 0.000010 0.468540 0.008396 0.009799 0.000010 0.269898 0.243327 0.000010
0.193444 0.123477 0.400498 0.000010 0.129331 0.012928 0.004453 0.135848 0.000010
0.023814 0.137443 0.253580 0.148294 0.024579 0.000010 0.099224 0.313047 0.000010
0.187089 0.039004 0.156566 0.050845 0.073804 0.000010 0.087341 0.405331 0.000010
0.047230 0.000010 0.542287 0.120908 0.000010 0.005489 0.187522 0.095661 0.000883
0.267060 0.094950 0.267856 0.091902 0.120123 0.000010 0.000010 0.158078 0.000010
0.103548 0.026749 0.323365 0.167117 0.000017 0.011649 0.078379 0.289165 0.000010
0.174555 0.029495 0.298044 0.076018 0.000010 0.000010 0.054835 0.294466 0.072567
0.116644 0.000010 0.428214 0.025529 0.000010 0.000010 0.138173 0.236751 0.054659
0.201807 0.047954 0.288719 0.032392 0.002593 0.010922 0.129813 0.285791 0.000010
0.186751 0.000010 0.179739 0.119276 0.085198 0.000010 0.064496 0.364510 0.000010
0.143421 0.025767 0.072007 0.000010 0.017162 0.000010 0.199001 0.432735 0.109888
0.513513 0.063898 0.064613 0.041448 0.040935 0.000010 0.000010 0.275564 0.000010
0.345003 0.059762 0.000010 0.091063 0.049278 0.000010 0.110876 0.343988 0.000010
0.154965 0.000010 0.133814 0.170753 0.000010 0.000010 0.024078 0.465713 0.050647
0.261886 0.013963 0.016383 0.052292 0.000010 0.015643 0.054348 0.483865 0.101610
0.236695 0.000010 0.000010 0.024596 0.069855 0.000010 0.074263 0.560891 0.033671
0.188684 0.097801 0.000010 0.127892 0.000010 0.115548 0.016748 0.453297 0.000010
0.415586 0.000010 0.000010 0.000010 0.058185 0.013512 0.040249 0.356237 0.116200
0.280963 0.033587 0.037078 0.037184 0.065991 0.000010 0.042800 0.502377 0.000010
0.332286 0.000010 0.000010 0.069208 0.038660 0.000010 0.027600 0.532207 0.000010
0.281391 0.000010 0.014490 0.103580 0.069379 0.008239 0.068000 0.454900 0.000010
0.337211 0.000010 0.000010 0.048893 0.088865 0.000010 0.104604 0.420387 0.000010
0.337094 0.000010 0.053622 0.153622 0.028658 0.032274 0.090947 0.264842 0.038929
0.125894 0.086112 0.000010 0.198125 0.067490 0.145102 0.000010 0.377248 0.000010
0.184286 0.000847 0.045978 0.015955 0.000010 0.018373 0.126978 0.523357 0.084217
0.267489 0.000010 0.005066 0.107176 0.020063 0.130359 0.107489 0.327293 0.035053
0.147433 0.072873 0.053824 0.023471 0.057782 0.018631 0.044913 0.261042 0.320030
0.344037 0.000010 0.036101 0.000010 0.000010 0.000010 0.101627 0.351270 0.166926
0.438762 0.000010 0.031866 0.000010 0.104293 0.000010 0.039548 0.336486 0.049015
0.291051 0.000010 0.089806 0.028917 0.000010 0.000010 0.063741 0.271521 0.254934
0.382689 0.031789 0.000010 0.105550 0.000926 0.025279 0.000010 0.403041 0.050705
0.324813 0.015507 0.000010 0.000010 0.077878 0.004343 0.083839 0.385308 0.108291
0.310736 0.018681 0.000010 0.101255 0.036281 0.012194 0.108149 0.412684 0.000010
0.220622 0.028822 0.000010 0.229601 0.000010 0.000010 0.064455 0.456460 0.000010
0.216223 0.064952 0.000010 0.076099 0.023630 0.009839 0.085574 0.373725 0.149947
0.243961 0.006847 0.152259 0.000010 0.031981 0.048130 0.118315 0.372128 0.026370
0.237043 0.116713 0.000010 0.062861 0.104178 0.000010 0.072817 0.387623 0.018744
0.068011 0.074641 0.000010 0.146654 0.000010 0.038494 0.242603 0.408679 0.020897
0.299218 0.034354 0.166568 0.049628 0.000010 0.000010 0.108700 0.341503 0.000010
0.242734 0.000010 0.113923 0.089273 0.000010 0.000010 0.087101 0.391515 0.075425
0.045845 0.054677 0.068623 0.083120 0.116872 0.000010 0.129300 0.357015 0.144538
0.009944 0.030218 0.000010 0.087832 0.082446 0.212485 0.009805 0.194375 0.372885
0.000010 0.063117 0.047681 0.094402 0.000010 0.133981 0.153817 0.346577 0.160405
0.331304 0.075478 0.000010 0.003934 0.000010 0.056635 0.129749 0.402871 0.000010
0.282876 0.119602 0.000010 0.057505 0.000010 0.000010 0.173672 0.366305 0.000010
0.107674 0.178387 0.005493 0.137335 0.000010 0.000010 0.175763 0.395318 0.000010
0.303121 0.000010 0.098410 0.000010 0.077153 0.000010 0.117998 0.403277 0.000010
0.202422 0.000010 0.118999 0.003091 0.000010 0.005129 0.106011 0.564317 0.000010
0.268888 0.038291 0.066628 0.111859 0.032583 0.000010 0.010197 0.471535 0.000010
0.198689 0.000010 0.016200 0.126922 0.054791 0.000010 0.126718 0.476649 0.000010
0.000010 0.077008 0.000010 0.237134 0.036874 0.010335 0.234246 0.300032 0.104352
0.162052 0.022645 0.097470 0.090363 0.000010 0.000010 0.164275 0.437640 0.025535
0.000010 0.151063 0.000010 0.158555 0.083653 0.000010 0.094410 0.479012 0.033277
0.364475 0.000010 0.000010 0.004336 0.000010 0.000010 0.101045 0.464770 0.065333
0.112062 0.000010 0.002274 0.204751 0.000010 0.000010 0.254278 0.387923 0.038683
0.178220 0.030445 0.125961 0.003603 0.005762 0.023039 0.059018 0.573943 0.000010
0.186853 0.031948 0.083493 0.023819 0.058022 0.057832 0.181499 0.376523 0.000010
0.211762 0.130210 0.009226 0.034217 0.000010 0.000010 0.206123 0.408432 0.000010
0.246586 0.041239 0.000010 0.040807 0.000010 0.012252 0.145089 0.459791 0.054217
0.313426 0.124136 0.080117 0.094033 0.000010 0.000010 0.034739 0.353519 0.000010
0.498453 0.010001 0.003114 0.000010 0.036285 0.000010 0.000010 0.452107 0.000010
0.130133 0.047028 0.017182 0.133694 0.000010 0.038277 0.205834 0.427833 0.000010
0.212856 0.072739 0.000010 0.144518 0.059561 0.000010 0.062059 0.448237 0.000010
0.365794 0.004853 0.017826 0.029387 0.075980 0.000010 0.039380 0.466759 0.000010
0.233806 0.000010 0.000010 0.235884 0.000010 0.000010 0.089120 0.404298 0.036852
0.286713 0.000010 0.033254 0.000010 0.103796 0.000010 0.119924 0.447877 0.008405
0.224161 0.000010 0.000010 0.272160 0.121287 0.000010 0.111529 0.270823 0.000010
0.336143 0.017478 0.112202 0.039646 0.000010 0.012048 0.054188 0.428274 0.000010
0.220381 0.115354 0.000010 0.005035 0.000010 0.013535 0.012961 0.632704 0.000010
0.186512 0.000010 0.042295 0.035202 0.032672 0.030794 0.103109 0.569397 0.000010
0.119939 0.000010 0.000010 0.165147 0.048016 0.000010 0.287711 0.379147 0.000010
0.233902 0.036031 0.069531 0.000010 0.092463 0.014419 0.027236 0.411739 0.114667
0.289938 0.070384 0.029158 0.195164 0.003076 0.000010 0.034092 0.378168 0.000010
0.050432 0.016963 0.037923 0.115412 0.000010 0.004044 0.113334 0.627195 0.034687
0.000010 0.130694 0.153415 0.220997 0.000010 0.037879 0.089403 0.367581 0.000010
0.154232 0.051321 0.100167 0.105470 0.073867 0.000010 0.150619 0.322841 0.041472
0.017279 0.058288 0.000010 0.000010 0.000010 0.000010 0.264109 0.540260 0.120024
0.239463 0.037730 0.024018 0.060766 0.098809 0.000010 0.110124 0.422760 0.006320
0.280229 0.087004 0.030083 0.106528 0.152101 0.017602 0.000010 0.321472 0.004970
0.135834 0.000010 0.000010 0.151697 0.006697 0.006831 0.223901 0.439054 0.035966
0.265484 0.022065 0.054100 0.147808 0.000010 0.001622 0.067694 0.441207 0.000010
0.179403 0.045137 0.000010 0.184940 0.000010 0.000010 0.109145 0.457035 0.024310
0.209560 0.114313 0.036523 0.028473 0.028786 0.000010 0.062569 0.475012 0.044753
0.207863 0.082610 0.008705 0.058372 0.000010 0.000010 0.085505 0.526756 0.030168
0.166867 0.115430 0.000010 0.139659 0.015756 0.000010 0.099329 0.454326 0.008612
0.119988 0.030602 0.000010 0.113168 0.000010 0.000010 0.159354 0.529065 0.047795
0.245330 0.038461 0.000010 0.142055 0.046697 0.000010 0.228071 0.299356 0.000010
0.217431 0.000010 0.000010 0.094158 0.000010 0.010507 0.061160 0.584226 0.032487
0.168217 0.000010 0.032285 0.131447 0.073018 0.000010 0.053913 0.496776 0.044324
0.028954 0.048529 0.062015 0.131153 0.000010 0.000010 0.171364 0.557956 0.000010
0.124756 0.000010 0.132689 0.088391 0.007954 0.000010 0.113330 0.477882 0.054978
0.276881 0.000010 0.045410 0.133641 0.000010 0.001017 0.037416 0.475210 0.030405
0.149810 0.036159 0.000010 0.149540 0.000010 0.035302 0.067599 0.558984 0.002587
0.271803 0.000010 0.000010 0.085044 0.000010 0.000010 0.193808 0.449295 0.000010
0.256592 0.019989 0.033705 0.117801 0.000010 0.110626 0.123573 0.327990 0.009715
0.165956 0.024787 0.000010 0.200039 0.194129 0.000010 0.000010 0.415050 0.000010
0.222869 0.000010 0.054363 0.080716 0.024191 0.000010 0.046453 0.571378 0.000010
0.286674 0.058459 0.000010 0.134078 0.000010 0.006459 0.121566 0.343657 0.049087
0.270365 0.000010 0.000010 0.152002 0.040296 0.000010 0.080076 0.457221 0.000010
0.069303 0.050034 0.053751 0.167370 0.007238 0.002849 0.169633 0.479812 0.000010
0.208329 0.000010 0.005089 0.106846 0.000010 0.029481 0.086556 0.563113 0.000565
0.148925 0.000010 0.051567 0.220431 0.023274 0.019892 0.074460 0.438438 0.023003
0.047734 0.078753 0.113046 0.000010 0.022690 0.000010 0.133007 0.604739 0.000010
0.225439 0.052163 0.251145 0.089705 0.051635 0.025247 0.008744 0.295911 0.000010
0.208882 0.063864 0.060214 0.000010 0.037519 0.031939 0.130780 0.465048 0.001743
0.108570 0.077367 0.256241 0.046133 0.083366 0.072946 0.025208 0.330159 0.000010
0.151132 0.000010 0.101401 0.209720 0.000010 0.044591 0.184144 0.308982 0.000010
0.211899 0.035660 0.066008 0.077335 0.039756 0.000010 0.191580 0.347420 0.030332
0.218495 0.043380 0.067509 0.085353 0.055829 0.027552 0.077647 0.423629 0.000606
0.000010 0.022307 0.134022 0.092954 0.130284 0.000010 0.144999 0.427744 0.047670
0.147890 0.000010 0.110684 0.008553 0.134612 0.032096 0.102407 0.463738 0.000010
0.160299 0.033736 0.053889 0.118770 0.048245 0.031131 0.145602 0.390361 0.017968
0.140622 0.058746 0.034519 0.087396 0.009986 0.000010 0.167871 0.500842 0.000010
0.254827 0.077196 0.045823 0.100839 0.095568 0.000010 0.000010 0.381650 0.044077
0.128233 0.072835 0.000010 0.183022 0.000010 0.000010 0.149780 0.415721 0.050378
0.146375 0.000010 0.009306 0.070725 0.134617 0.000010 0.059700 0.579248 0.000010
0.101532 0.014986 0.316644 0.142163 0.000010 0.072147 0.083429 0.261374 0.007714
0.139462 0.064800 0.140787 0.110272 0.111325 0.016274 0.018580 0.318298 0.080203
0.206992 0.031400 0.163985 0.161670 0.038756 0.016562 0.000010 0.380616 0.000010
0.069572 0.100213 0.035870 0.129958 0.000010 0.000010 0.078832 0.585525 0.000010
0.133730 0.025354 0.100891 0.000010 0.075732 0.045789 0.162317 0.440357 0.015821
0.267165 0.055845 0.043395 0.070460 0.000010 0.000010 0.148473 0.414632 0.000010
0.051707 0.102779 0.185734 0.164310 0.000010 0.000010 0.070130 0.331754 0.093566
0.177734 0.000010 0.000010 0.180446 0.082699 0.062465 0.004324 0.492302 0.000010
0.008477 0.000010 0.127376 0.119890 0.000010 0.000010 0.112408 0.589688 0.042131
0.259972 0.000010 0.000010 0.000010 0.133074 0.001048 0.067517 0.538349 0.000010
0.131917 0.101624 0.000010 0.083284 0.046913 0.000010 0.094944 0.523451 0.017847
0.000010 0.000010 0.000010 0.000010 0.000010 0.460635 0.000010 0.000010 0.539295
0.000010 0.000010 0.000010 0.020836 0.000010 0.485208 0.000010 0.042549 0.451357
0.026054 0.020701 0.008553 0.000010 0.000010 0.393785 0.016408 0.002639 0.531839
0.000010 0.000010 0.004435 0.031854 0.000010 0.338648 0.000010 0.000010 0.625014
0.044008 0.000010 0.000010 0.000010 0.000010 0.211751 0.000010 0.000010 0.744182
0.000010 0.000010 0.000010 0.000010 0.017469 0.345619 0.000010 0.000010 0.636852
0.000013 0.003269 0.032062 0.000010 0.000010 0.465043 0.000010 0.009933 0.489650
0.004119 0.000010 0.000010 0.000010 0.000010 0.352347 0.059664 0.000010 0.583821
0.000010 0.000010 0.000010 0.000010 0.000010 0.465473 0.019648 0.005738 0.509091
0.042822 0.000010 0.000010 0.000010 0.000010 0.358782 0.000010 0.000010 0.598336
0.000010 0.000010 0.000010 0.000010 0.000010 0.326299 0.041606 0.000010 0.632034
0.000010 0.000010 0.000010 0.000010 0.050476 0.350785 0.014321 0.000010 0.584367
0.000010 0.000010 0.036605 0.000010 0.000010 0.516123 0.000010 0.000010 0.447212
0.000010 0.000010 0.000010 0.029347 0.007140 0.412463 0.000010 0.061761 0.489249
0.023684 0.000010 0.000010 0.000010 0.000010 0.295964 0.022429 0.000010 0.657873
0.024911 0.000010 0.000010 0.000833 0.000010 0.233953 0.000010 0.000010 0.740253
0.000010 0.000010 0.000010 0.000010 0.000010 0.215501 0.034272 0.000010 0.750167
0.000010 0.000010 0.000010 0.000010 0.000010 0.437219 0.000010 0.016773 0.545947
0.052540 0.022656 0.000010 0.000010 0.000010 0.462920 0.000010 0.000010 0.461834
0.000010 0.013726 0.000010 0.000010 0.000010 0.408224 0.000010 0.000010 0.577990
0.000010 0.000010 0.000010 0.000010 0.000010 0.297324 0.000010 0.000010 0.702606
0.024299 0.002407 0.000010 0.000010 0.000010 0.412909 0.021508 0.000010 0.538837
0.000010 0.000010 0.017489 0.006733 0.000010 0.351102 0.000010 0.000010 0.624626
0.000010 0.000010 0.057646 0.000010 0.000010 0.407717 0.000010 0.041606 0.492981
0.011078 0.000010 0.000010 0.000010 0.000010 0.379722 0.004814 0.000010 0.604336
0.000010 0.028962 0.000010 0.050352 0.000010 0.371370 0.000010 0.000010 0.549266
0.000010 0.006038 0.042512 0.000010 0.000010 0.523506 0.000010 0.009913 0.417991
0.009441 0.000010 0.000010 0.000010 0.000010 0.326659 0.000010 0.034052 0.629797
0.016362 0.000010 0.000010 0.006702 0.870192 0.000010 0.106694 0.000010 0.000010
0.448760 0.064894 0.000010 0.258732 0.000010 0.000010 0.000010 0.177494 0.050080
0.390051 0.058484 0.000010 0.246543 0.025230 0.000010 0.000010 0.199488 0.080174
0.536160 0.000010 0.000010 0.152286 0.000010 0.000010 0.062700 0.248805 0.000010
0.477270 0.000010 0.012518 0.208898 0.037842 0.000010 0.028345 0.163124 0.071982
0.340247 0.000010 0.000010 0.411469 0.000010 0.000010 0.072155 0.167080 0.009010
0.341029 0.016441 0.000010 0.393722 0.000010 0.033124 0.075503 0.140150 0.000010
0.361529 0.000010 0.000010 0.413859 0.005610 0.031031 0.000010 0.171167 0.016775
0.386117 0.070035 0.000010 0.197465 0.026009 0.039206 0.056480 0.224666 0.000010
0.406217 0.000010 0.000010 0.355190 0.000010 0.006804 0.013420 0.129855 0.088483
0.363917 0.000010 0.054299 0.283724 0.014029 0.065807 0.000010 0.167262 0.050943
0.173655 0.022866 0.019377 0.344482 0.004863 0.000010 0.090771 0.343967 0.000010
0.472321 0.000010 0.027884 0.190048 0.000010 0.000010 0.000010 0.246642 0.063065
0.527512 0.000010 0.000010 0.167465 0.033277 0.027366 0.000010 0.226200 0.018149
0.404955 0.000010 0.000010 0.355464 0.039838 0.060159 0.056029 0.083526 0.000010
0.465240 0.000010 0.000010 0.289122 0.026031 0.000010 0.000010 0.219557 0.000010
0.383042 0.000010 0.072372 0.296722 0.000010 0.002867 0.000010 0.209277 0.035690
0.329571 0.000010 0.000010 0.356075 0.038511 0.000010 0.044373 0.231430 0.000010
0.362332 0.000010 0.031902 0.355349 0.023789 0.000010 0.042286 0.184312 0.000010
0.467587 0.029383 0.063293 0.233838 0.007397 0.027620 0.000010 0.157503 0.013369
0.562068 0.003445 0.000010 0.144872 0.000010 0.000010 0.091058 0.179741 0.018784
0.452681 0.000010 0.000010 0.305830 0.096442 0.000010 0.000010 0.095312 0.049695
0.264396 0.034664 0.000010 0.497039 0.000010 0.000010 0.015885 0.136615 0.051371
0.276908 0.064673 0.000010 0.364883 0.000010 0.000010 0.000010 0.293485 0.000010
0.513996 0.013985 0.000010 0.211846 0.009417 0.000010 0.000010 0.200504 0.050222
0.476960 0.036652 0.000010 0.198386 0.000010 0.000010 0.009852 0.278110 0.000010
0.436853 0.000010 0.000010 0.317465 0.041958 0.000010 0.006925 0.196758 0.000010
0.364228 0.000010 0.032960 0.277141 0.000010 0.018586 0.045892 0.244811 0.016362
0.293785 0.000010 0.000010 0.426671 0.000010 0.000554 0.000010 0.195330 0.083619
0.000010 0.019891 0.000010 0.000010 0.971709 0.000010 0.000010 0.000010 0.008340
0.000013 0.024201 0.000010 0.000010 0.929052 0.000010 0.000010 0.046683 0.000010
0.015740 0.000010 0.000010 0.000010 0.979856 0.004344 0.000010 0.000010 0.000010
0.000010 0.015296 0.000010 0.000010 0.984634 0.000010 0.000010 0.000010 0.000010
0.000010 0.000010 0.000010 0.032624 0.816359 0.000010 0.150957 0.000010 0.000010
0.000010 0.008008 0.000010 0.000010 0.991922 0.000010 0.000010 0.000010 0.000010
0.009413 0.033674 0.000010 0.000279 0.953637 0.000010 0.000010 0.002958 0.000010
0.007618 0.000010 0.000010 0.000010 0.985244 0.002958 0.004130 0.000010 0.000010
0.006362 0.010062 0.008254 0.007462 0.950833 0.000010 0.000010 0.000010 0.016997
0.000010 0.000010 0.000010 0.000010 0.975730 0.010719 0.013491 0.000010 0.000010
0.000010 0.016318 0.000010 0.000010 0.983612 0.000010 0.000010 0.000010 0.000010
0.000010 0.000010 0.000010 0.000010 0.961524 0.000010 0.038406 0.000010 0.000010
0.000010 0.000010 0.000010 0.008306 0.923409 0.000010 0.029628 0.000010 0.038607
0.000010 0.000010 0.027447 0.000010 0.929060 0.013185 0.000010 0.030258 0.000010
0.000010 0.038464 0.000010 0.000010 0.950806 0.000010 0.000010 0.000010 0.010671
0.000010 0.020143 0.000010 0.000010 0.979787 0.000010 0.000010 0.000010 0.000010
0.000010 0.000010 0.000010 0.000010 0.989770 0.000010 0.000010 0.000010 0.010160
0.500738 0.056031 0.000010 0.066596 0.080072 0.000010 0.000010 0.279353 0.017180
0.522257 0.015884 0.000010 0.087288 0.005702 0.000010 0.000010 0.368829 0.000010
0.508182 0.084573 0.049651 0.149861 0.000010 0.000010 0.000010 0.204761 0.002942
0.616570 0.000010 0.000010 0.015139 0.038688 0.019698 0.017557 0.292318 0.000010
0.543761 0.000010 0.000010 0.199969 0.000010 0.000010 0.098819 0.147939 0.009471
0.599003 0.000010 0.000010 0.000010 0.000010 0.000010 0.000010 0.358514 0.042424
0.656472 0.000010 0.000010 0.000010 0.000010 0.000010 0.000010 0.257225 0.086244
0.698613 0.000010 0.075285 0.000010 0.000010 0.000010 0.000010 0.226042 0.000010
0.629167 0.000010 0.000010 0.000010 0.000010 0.035323 0.034955 0.300505 0.000010
0.590678 0.085309 0.000010 0.000010 0.000010 0.000010 0.000010 0.280088 0.043875
0.584582 0.000010 0.000010 0.118071 0.000010 0.000010 0.037575 0.239395 0.020338
0.473752 0.000010 0.110383 0.065757 0.120337 0.030821 0.000010 0.198920 0.000010
0.407340 0.000010 0.024355 0.162095 0.069400 0.064454 0.000010 0.272326 0.000010
0.525593 0.019693 0.000010 0.000010 0.000010 0.000010 0.050670 0.403994 0.000010
0.444233 0.000010 0.016160 0.090354 0.000010 0.000010 0.040512 0.358745 0.049966
0.536951 0.028734 0.000010 0.126379 0.005066 0.000010 0.000010 0.238775 0.064065
0.629789 0.000010 0.024673 0.000010 0.000010 0.000010 0.000010 0.345479 0.000010
0.601830 0.000010 0.000010 0.006743 0.021093 0.025643 0.001732 0.340502 0.002438
0.534870 0.027998 0.000010 0.216014 0.062186 0.000010 0.000010 0.100298 0.058603
0.552674 0.000010 0.013349 0.000010 0.000010 0.045987 0.000010 0.383291 0.004659
0.551765 0.000010 0.051497 0.015361 0.013527 0.000010 0.076937 0.160372 0.130521
0.627775 0.000010 0.000010 0.038260 0.050447 0.014819 0.006493 0.262176 0.000010
0.527071 0.012402 0.010873 0.167007 0.000010 0.000010 0.000010 0.260931 0.021686
0.470847 0.000010 0.081732 0.142688 0.039557 0.000010 0.000010 0.192936 0.072210
0.596899 0.000010 0.084935 0.092446 0.000010 0.054480 0.017616 0.153595 0.000010
0.616701 0.000010 0.000010 0.087767 0.012304 0.000010 0.000010 0.283178 0.000010
0.601061 0.065116 0.000010 0.091218 0.094573 0.032850 0.026684 0.088477 0.000010
0.471789 0.000010 0.039789 0.146508 0.000010 0.082183 0.046235 0.213466 0.000010
0.585215 0.000010 0.000010 0.060456 0.000010 0.039148 0.130145 0.184996 0.000010
0.415884 0.001024 0.000010 0.134986 0.005246 0.000010 0.000010 0.398357 0.044472
0.528223 0.000010 0.000010 0.059831 0.000010 0.000010 0.042160 0.369736 0.000010
0.582272 0.000010 0.022416 0.074435 0.021590 0.050947 0.000010 0.207490 0.040829
0.619137 0.000010 0.060413 0.000010 0.011592 0.004723 0.000010 0.304094 0.000010
0.628443 0.000010 0.020522 0.061518 0.038807 0.000010 0.004538 0.148664 0.097488
0.570577 0.000010 0.035443 0.100838 0.000010 0.073778 0.023929 0.195405 0.000010
0.569131 0.011440 0.042677 0.089940 0.001190 0.000010 0.053995 0.201106 0.030511
0.505833 0.037729 0.000010 0.043183 0.079296 0.043304 0.000010 0.290624 0.000010
0.619305 0.000010 0.000010 0.122542 0.068908 0.026030 0.000010 0.093876 0.069308
0.504764 0.039025 0.000010 0.000010 0.039055 0.000010 0.000010 0.417105 0.000010
0.653505 0.000010 0.043282 0.000010 0.000010 0.000010 0.075180 0.216877 0.011116
0.582696 0.000010 0.000010 0.026637 0.000010 0.062335 0.069333 0.258959 0.000010
0.701190 0.000010 0.000010 0.045976 0.072834 0.000010 0.000010 0.132265 0.047696
0.581762 0.034360 0.000010 0.078521 0.000010 0.102091 0.020823 0.144047 0.038376
0.573124 0.000010 0.000010 0.000010 0.075641 0.000010 0.000010 0.287724 0.063461
0.552218 0.000010 0.028432 0.044847 0.038538 0.000010 0.026375 0.262557 0.047012
0.438909 0.051426 0.069109 0.000010 0.000010 0.009314 0.013516 0.213276 0.204431
0.393740 0.033022 0.000010 0.130481 0.047910 0.000010 0.000010 0.201094 0.193723
0.706278 0.019150 0.000010 0.000010 0.001398 0.056350 0.007154 0.158516 0.051135
0.669077 0.000010 0.000010 0.000010 0.000010 0.026509 0.000010 0.255827 0.048536
0.557426 0.004033 0.000010 0.000010 0.018363 0.048215 0.080365 0.198351 0.093227
0.460092 0.000010 0.000010 0.085681 0.019354 0.084043 0.048970 0.210288 0.091551
0.475992 0.000010 0.000010 0.103523 0.058333 0.048303 0.005881 0.249552 0.058395
0.567312 0.000010 0.000010 0.000010 0.000010 0.072850 0.022356 0.318271 0.019171
0.572523 0.000010 0.000010 0.020982 0.029901 0.075624 0.000010 0.220527 0.080414
0.612626 0.000010 0.002121 0.000010 0.000010 0.000010 0.000010 0.353245 0.031958
0.140568 0.000010 0.000010 0.000010 0.044457 0.077040 0.000010 0.030259 0.707636
0.696660 0.000010 0.000010 0.104076 0.000010 0.000010 0.000010 0.155899 0.043315
0.569843 0.000010 0.000010 0.000010 0.000010 0.128116 0.039529 0.261975 0.000496
0.701781 0.005107 0.000010 0.000010 0.000010 0.000010 0.000010 0.136167 0.156895
0.438796 0.000010 0.000010 0.000010 0.093295 0.000010 0.087077 0.268433 0.112359
0.596712 0.000010 0.000010 0.000010 0.043063 0.067719 0.040266 0.234091 0.018119
0.534414 0.000010 0.012953 0.000010 0.000010 0.103383 0.000010 0.346218 0.002993
0.389524 0.000010 0.043487 0.094617 0.000010 0.048731 0.057038 0.298994 0.067589
0.607936 0.000010 0.000010 0.086408 0.014812 0.011785 0.063192 0.139534 0.076314
0.676940 0.000010 0.000010 0.000010 0.007514 0.006672 0.000010 0.308824 0.000010
0.576503 0.000010 0.000010 0.000010 0.011342 0.075551 0.052696 0.283868 0.000010
0.623840 0.018563 0.000010 0.000010 0.015347 0.052047 0.000010 0.051211 0.238962
0.466612 0.018258 0.050103 0.000010 0.072747 0.000010 0.000010 0.137833 0.254417
0.526339 0.027979 0.074078 0.000010 0.000010 0.037790 0.025629 0.132545 0.175620
0.522003 0.002677 0.000010 0.039553 0.000010 0.024829 0.000010 0.269597 0.141310
0.512214 0.043822 0.102376 0.000010 0.000010 0.000010 0.000010 0.256671 0.084877
0.505894 0.000010 0.000010 0.000010 0.044129 0.054330 0.000566 0.155158 0.239892
0.677110 0.000010 0.030652 0.000010 0.000010 0.022681 0.000010 0.158185 0.111332
0.539578 0.069672 0.000010 0.000010 0.000010 0.000010 0.000010 0.191443 0.199257
0.655928 0.106747 0.000010 0.000010 0.000010 0.021655 0.022382 0.193249 0.000010
0.675996 0.000010 0.000010 0.064852 0.094416 0.013683 0.000010 0.145696 0.005327
0.682288 0.000010 0.013604 0.006663 0.080859 0.064935 0.000010 0.147582 0.004050
0.528118 0.000010 0.112834 0.121848 0.018881 0.008832 0.044564 0.044327 0.120586
0.278251 0.029034 0.000010 0.200670 0.000010 0.034908 0.000010 0.140700 0.316407
0.640881 0.010036 0.000010 0.000010 0.000010 0.072755 0.000010 0.266242 0.010046
0.506159 0.000010 0.029951 0.036448 0.013444 0.032490 0.000010 0.299791 0.081697
0.647931 0.032898 0.000010 0.011565 0.000010 0.002310 0.000010 0.185823 0.119443
0.606422 0.006936 0.000010 0.000010 0.000010 0.004328 0.000010 0.321486 0.060788
0.548646 0.000340 0.000010 0.140643 0.000010 0.000010 0.000010 0.202637 0.107694
0.688927 0.000010 0.000010 0.030710 0.033363 0.000010 0.000010 0.200384 0.046577
0.524994 0.035349 0.000010 0.075364 0.084655 0.018759 0.000010 0.173417 0.087442
0.592045 0.000010 0.062597 0.024372 0.000010 0.037531 0.000010 0.266144 0.017281
0.000010 0.000010 0.045011 0.000010 0.785720 0.000010 0.169209 0.000010 0.000010
0.000010 0.000010 0.036184 0.000010 0.799069 0.007162 0.157534 0.000010 0.000010
0.000010 0.000010 0.102242 0.000010 0.836884 0.000010 0.060814 0.000010 0.000010
0.025714 0.000010 0.000010 0.000010 0.841273 0.000010 0.053952 0.079011 0.000010
0.000010 0.000010 0.000010 0.000016 0.831829 0.000010 0.168095 0.000010 0.000010
0.038221 0.000010 0.000010 0.000010 0.880252 0.000010 0.081467 0.000010 0.000010
0.000010 0.000010 0.000010 0.000010 0.835498 0.013409 0.130612 0.020431 0.000010
0.461235 0.000010 0.000010 0.277941 0.039851 0.026680 0.000010 0.194253 0.000010
0.542104 0.000010 0.028525 0.278682 0.002072 0.026114 0.000010 0.098290 0.024192
0.446539 0.074350 0.000010 0.229312 0.052154 0.000010 0.073630 0.123986 0.000010
0.685269 0.000010 0.000010 0.009644 0.065053 0.000010 0.000010 0.181853 0.058141
0.514010 0.000010 0.000010 0.174484 0.012979 0.000010 0.000010 0.202909 0.095579
0.698710 0.030481 0.000010 0.204920 0.000010 0.000010 0.000010 0.000010 0.065839
0.454947 0.001097 0.000010 0.163027 0.123804 0.000010 0.000010 0.257084 0.000010
0.539292 0.000010 0.000010 0.208142 0.081041 0.000010 0.019940 0.066209 0.085347
0.672688 0.000127 0.000010 0.121293 0.060568 0.000010 0.047815 0.097479 0.000010
0.541625 0.000010 0.000010 0.291873 0.000010 0.000010 0.058994 0.096748 0.010720
0.588067 0.047211 0.000010 0.027372 0.000010 0.022474 0.004320 0.310525 0.000010
0.509428 0.000010 0.022180 0.000010 0.014207 0.123247 0.001054 0.303557 0.026307
0.447022 0.000010 0.000010 0.139225 0.000010 0.078197 0.010941 0.292403 0.032181
0.539251 0.011296 0.049936 0.000010 0.044622 0.000010 0.070043 0.214562 0.070270
0.553234 0.000010 0.000010 0.000010 0.006010 0.003025 0.000010 0.318518 0.119173
0.586504 0.020982 0.065244 0.000010 0.020283 0.041863 0.005381 0.207268 0.052465
0.676332 0.000010 0.039794 0.043521 0.000010 0.000010 0.068449 0.097324 0.074550
0.504405 0.000010 0.000010 0.000010 0.022555 0.027174 0.012083 0.229937 0.203816
0.614138 0.000010 0.000010 0.000010 0.016692 0.048190 0.049315 0.271625 0.000010
0.510884 0.000010 0.018388 0.091723 0.031559 0.002235 0.054007 0.197207 0.093987
0.451075 0.015472 0.028181 0.129452 0.012950 0.000010 0.016090 0.142816 0.203956
0.540150 0.000010 0.000010 0.188819 0.000010 0.056887 0.000010 0.173428 0.040676
0.420177 0.055238 0.000010 0.082564 0.000010 0.059981 0.000010 0.351404 0.030606
0.534953 0.000010 0.043258 0.000010 0.000010 0.069372 0.000010 0.276580 0.075796
0.356409 0.124744 0.000010 0.000010 0.044413 0.000010 0.000010 0.322023 0.152370
0.505948 0.000010 0.104054 0.000010 0.013844 0.046232 0.000010 0.183702 0.146190
0.453378 0.000010 0.044336 0.000010 0.000010 0.086178 0.073374 0.177295 0.165410
0.491448 0.011235 0.058219 0.089998 0.084902 0.016015 0.000271 0.234419 0.013493
0.556078 0.000010 0.000010 0.000010 0.030945 0.080039 0.000010 0.274432 0.058466
0.379801 0.000010 0.000010 0.057005 0.040603 0.051997 0.015221 0.298762 0.156590
0.433617 0.000010 0.000010 0.130848 0.000010 0.041295 0.024936 0.292477 0.076797
0.445295 0.000010 0.000010 0.099054 0.125281 0.137339 0.000010 0.160583 0.032418
0.657761 0.000010 0.000010 0.000010 0.000010 0.000010 0.050513 0.243006 0.048670
0.580402 0.000010 0.000010 0.113415 0.032970 0.080522 0.000010 0.169374 0.023287
0.475248 0.016868 0.000010 0.161003 0.069205 0.093740 0.000010 0.183906 0.000010
0.000010 0.851855 0.112377 0.035708 0.000010 0.000010 0.000010 0.000010 0.000010
0.018296 0.855025 0.004721 0.019346 0.000010 0.000010 0.020223 0.082359 0.000010
0.000010 0.878732 0.054390 0.000010 0.021864 0.000010 0.044965 0.000010 0.000010
0.000010 0.916649 0.033615 0.000010 0.000012 0.000010 0.049674 0.000010 0.000010
0.000010 0.000010 0.531982 0.008648 0.000010 0.000010 0.318239 0.141081 0.000010
0.000010 0.039834 0.611683 0.032097 0.000010 0.034100 0.282245 0.000010 0.000010
0.000010 0.058930 0.476425 0.042397 0.073762 0.000010 0.344202 0.004254 0.000010
0.028640 0.051881 0.439230 0.000010 0.000010 0.000010 0.419348 0.030047 0.030823
0.080023 0.000010 0.325431 0.000010 0.000010 0.040526 0.311034 0.219636 0.023319
0.000010 0.016357 0.334547 0.000010 0.015069 0.000010 0.409622 0.106198 0.118176
0.042636 0.101714 0.370923 0.000010 0.051389 0.013459 0.401044 0.018087 0.000738
0.031735 0.000010 0.358087 0.000010 0.062912 0.000010 0.395561 0.151665 0.000010
0.000010 0.006525 0.492861 0.000010 0.000010 0.000010 0.380340 0.120224 0.000010
0.000010 0.043226 0.544667 0.000010 0.067844 0.000010 0.283334 0.027437 0.033462
0.524723 0.000010 0.085189 0.083053 0.000010 0.000010 0.016460 0.290535 0.000010
0.492123 0.030376 0.000010 0.055696 0.000010 0.013441 0.038832 0.313932 0.055579
0.435314 0.000010 0.018575 0.123567 0.062458 0.066363 0.000010 0.293693 0.000010
0.372829 0.000010 0.000010 0.168638 0.008527 0.037681 0.053042 0.359253 0.000010
0.575809 0.000010 0.000010 0.000010 0.000010 0.010630 0.000010 0.382047 0.031464
0.602005 0.029310 0.000010 0.000010 0.027659 0.062370 0.000010 0.230380 0.048246
0.551029 0.000010 0.000010 0.019459 0.000010 0.000010 0.000010 0.255795 0.173667
0.528504 0.000010 0.045825 0.036170 0.000010 0.056192 0.065207 0.268073 0.000010
0.537175 0.037855 0.000010 0.016027 0.000010 0.008667 0.000010 0.240190 0.160056
0.470974 0.010989 0.000010 0.012424 0.000010 0.000010 0.141878 0.221749 0.141957
0.485357 0.004618 0.000010 0.079057 0.000010 0.007955 0.040867 0.382116 0.000010
0.638561 0.000010 0.066894 0.051219 0.000010 0.024273 0.000010 0.135493 0.083530
0.544924 0.000010 0.002893 0.090791 0.000010 0.000010 0.000010 0.278126 0.083225
0.582297 0.000010 0.000010 0.136075 0.016897 0.014135 0.072907 0.177659 0.000010
0.496574 0.012670 0.000010 0.119241 0.000010 0.040078 0.000010 0.252480 0.078926
0.533000 0.000010 0.000010 0.000010 0.000010 0.025568 0.116185 0.073854 0.251352
0.360338 0.000010 0.000010 0.168227 0.042913 0.035784 0.083131 0.241891 0.067698
0.452054 0.084847 0.040087 0.159722 0.011563 0.062378 0.007732 0.150445 0.031173
0.578922 0.000010 0.000010 0.059436 0.000010 0.017352 0.050731 0.214884 0.078645
0.621540 0.051695 0.000010 0.080334 0.048931 0.000010 0.002860 0.133092 0.061529
0.620765 0.062199 0.000010 0.055896 0.000010 0.002180 0.000010 0.111536 0.147395
0.000010 0.135962 0.647412 0.052724 0.000010 0.000010 0.163851 0.000010 0.000010
0.000010 0.000010 0.723976 0.000010 0.000010 0.000010 0.208736 0.067228 0.000010
0.000010 0.000010 0.632464 0.000010 0.050520 0.000010 0.284431 0.032535 0.000010
0.000010 0.028379 0.619800 0.000010 0.000010 0.003450 0.323371 0.024961 0.000010
0.000010 0.083017 0.649566 0.000010 0.002632 0.019988 0.244757 0.000010 0.000010
0.000010 0.000010 0.714685 0.010484 0.000010 0.000010 0.201409 0.073371 0.000010
0.000010 0.000010 0.654165 0.000010 0.000010 0.000010 0.301652 0.042308 0.001825
0.017822 0.019424 0.610777 0.000010 0.000010 0.005411 0.274884 0.058835 0.012828
0.000010 0.092058 0.621515 0.000010 0.000010 0.000010 0.286367 0.000010 0.000010
0.000010 0.055444 0.767423 0.000010 0.022669 0.013747 0.140677 0.000010 0.000010
0.066405 0.006778 0.761156 0.000010 0.000010 0.000010 0.165610 0.000010 0.000010
0.000010 0.000010 0.602629 0.000010 0.089883 0.000010 0.265838 0.041600 0.000010
0.000010 0.000010 0.670286 0.000010 0.016550 0.006579 0.215186 0.091359 0.000010
0.000010 0.042771 0.634047 0.000010 0.000010 0.023813 0.225419 0.073911 0.000010
0.000010 0.023193 0.535598 0.000010 0.024797 0.000010 0.388968 0.027404 0.000010
0.000010 0.130594 0.548714 0.018650 0.000010 0.000010 0.289438 0.012565 0.000010
0.000010 0.000010 0.743278 0.021569 0.000010 0.000010 0.234870 0.000233 0.000010
0.000010 0.041887 0.643192 0.000010 0.000010 0.000010 0.314861 0.000010 0.000010
0.000010 0.092627 0.620401 0.016584 0.000010 0.000010 0.270339 0.000010 0.000010
0.061086 0.032264 0.686893 0.000010 0.000010 0.030115 0.189602 0.000010 0.000010
0.000010 0.069855 0.634257 0.000010 0.000010 0.000010 0.295828 0.000010 0.000010
0.000010 0.014708 0.531356 0.000010 0.087073 0.000010 0.328820 0.038003 0.000010
0.000010 0.000010 0.679614 0.000010 0.011978 0.027811 0.280547 0.000010 0.000010
0.000010 0.022265 0.675817 0.000010 0.000010 0.000010 0.301858 0.000010 0.000010
0.000010 0.000010 0.696566 0.020877 0.000010 0.000010 0.281257 0.001250 0.000010
0.000010 0.062075 0.655538 0.000010 0.000010 0.008786 0.208997 0.064564 0.000010
0.000010 0.000010 0.552217 0.000010 0.040445 0.000010 0.374240 0.033048 0.000010
0.000010 0.000010 0.684452 0.000010 0.063130 0.000162 0.178508 0.073708 0.000010
0.000010 0.000010 0.619730 0.000010 0.000012 0.000010 0.380198 0.000010 0.000010
0.000010 0.030259 0.571531 0.000010 0.010195 0.000010 0.233495 0.154479 0.000010
0.000010 0.000010 0.645743 0.000010 0.000010 0.008301 0.339025 0.000010 0.006881
0.000010 0.000010 0.671944 0.000010 0.019998 0.008505 0.299503 0.000010 0.000010
0.000010 0.000010 0.661874 0.000010 0.000010 0.000010 0.338056 0.000010 0.000010
0.000010 0.000010 0.502253 0.000010 0.000010 0.000010 0.452719 0.044968 0.000010
0.000010 0.024049 0.840811 0.000010 0.000010 0.012946 0.122144 0.000010 0.000010
0.000010 0.071652 0.677184 0.000010 0.085142 0.000010 0.165971 0.000010 0.000010
0.000010 0.000010 0.648107 0.000010 0.000010 0.000010 0.351823 0.000010 0.000010
0.000010 0.000010 0.558227 0.000010 0.051099 0.024580 0.366044 0.000010 0.000010
0.000010 0.011213 0.634042 0.000010 0.000010 0.000010 0.309063 0.000010 0.045631
0.000010 0.000010 0.051229 0.000010 0.793932 0.000010 0.154779 0.000010 0.000010
0.000010 0.000010 0.000010 0.000010 0.939374 0.000010 0.060547 0.000019 0.000010
0.000010 0.100205 0.558134 0.000010 0.000010 0.000010 0.286456 0.055156 0.000010
0.000010 0.060844 0.515118 0.038839 0.064027 0.000010 0.321133 0.000010 0.000010
0.440150 0.026454 0.000010 0.243755 0.031767 0.016270 0.000010 0.241575 0.000010
0.317987 0.000010 0.000010 0.368544 0.000010 0.000010 0.000010 0.222143 0.091276
0.369016 0.086321 0.000010 0.465944 0.040695 0.000010 0.000010 0.037984 0.000010
0.274936 0.055841 0.000010 0.342340 0.024872 0.036313 0.000010 0.204093 0.061586
0.310737 0.065568 0.000010 0.333593 0.036991 0.051883 0.000010 0.201197 0.000010
0.283815 0.000010 0.097271 0.335744 0.000010 0.016785 0.040419 0.225936 0.000010
0.431601 0.054194 0.020629 0.274966 0.059130 0.000010 0.000010 0.125975 0.033484
0.197361 0.000010 0.027569 0.553114 0.000010 0.000010 0.000715 0.221201 0.000010
0.266918 0.066011 0.000010 0.416060 0.034883 0.008729 0.000010 0.173098 0.034281
0.384787 0.000010 0.045395 0.244142 0.000010 0.012516 0.000010 0.313120 0.000010
0.403688 0.000010 0.000010 0.382601 0.006291 0.000010 0.056702 0.150678 0.000010
0.352682 0.158625 0.000010 0.289904 0.000010 0.021493 0.000010 0.153368 0.023899
0.239448 0.000010 0.062994 0.397424 0.000010 0.069241 0.006497 0.224367 0.000010
0.000010 0.001036 0.673462 0.000010 0.000010 0.000010 0.318064 0.000010 0.007388
0.000010 0.001612 0.555843 0.000010 0.075698 0.022156 0.344651 0.000010 0.000010
0.013585 0.000010 0.571743 0.000010 0.104733 0.000010 0.309889 0.000010 0.000010
0.000010 0.000010 0.621499 0.022673 0.010067 0.000010 0.267058 0.078663 0.000010
0.025894 0.013915 0.608171 0.000010 0.000010 0.000010 0.351969 0.000010 0.000010
0.000010 0.000010 0.657076 0.000010 0.000010 0.013063 0.329801 0.000010 0.000010
0.000010 0.007809 0.715200 0.000010 0.000010 0.000010 0.273090 0.000010 0.003851
0.000010 0.012197 0.676995 0.000797 0.020815 0.000010 0.252694 0.000010 0.036473
0.000010 0.052790 0.601376 0.000010 0.071533 0.000010 0.274251 0.000010 0.000010
0.012590 0.000010 0.712906 0.000010 0.015981 0.000327 0.258155 0.000010 0.000010
0.000010 0.087139 0.644922 0.000010 0.000010 0.000010 0.267879 0.000010 0.000010
0.000010 0.039606 0.600632 0.000010 0.023936 0.004209 0.319397 0.000010 0.012189
