0.333955 0.000010 0.154220 0.000546 0.000010 0.020462 0.053944 0.436842 0.000010
0.338394 0.065833 0.029911 0.073377 0.000010 0.007008 0.131750 0.353708 0.000010
0.350813 0.000010 0.090445 0.061829 0.015939 0.000010 0.052974 0.427969 0.000010
0.416578 0.000010 0.002502 0.013645 0.000010 0.046362 0.130126 0.390757 0.000010
0.299699 0.012376 0.000010 0.131892 0.003929 0.078657 0.062636 0.410792 0.000010
0.103880 0.000010 0.091200 0.019196 0.000010 0.026007 0.089505 0.364239 0.305952
0.275129 0.000010 0.064022 0.041379 0.000010 0.000010 0.192270 0.420297 0.006872
0.324198 0.029426 0.000010 0.113381 0.025793 0.000010 0.000010 0.389903 0.117269
0.350256 0.061804 0.003108 0.189033 0.000010 0.000010 0.061002 0.292084 0.042694
0.289388 0.060929 0.055017 0.065896 0.013862 0.032820 0.050619 0.391297 0.040173
0.291609 0.000010 0.000010 0.117899 0.000010 0.000010 0.095949 0.429423 0.065080
0.264746 0.000010 0.000010 0.165511 0.000010 0.000010 0.140807 0.422206 0.006690
0.330225 0.096252 0.000010 0.013113 0.000010 0.009696 0.059402 0.491282 0.000010
0.472145 0.000010 0.022075 0.000010 0.000010 0.000010 0.120772 0.384958 0.000010
0.123250 0.073401 0.025874 0.187596 0.000010 0.052538 0.107247 0.368158 0.061926
0.403041 0.047479 0.052087 0.144074 0.000010 0.028410 0.056798 0.268092 0.000010
0.421499 0.018682 0.000010 0.033803 0.000010 0.005562 0.056066 0.398153 0.066214
0.374592 0.109682 0.000010 0.037380 0.000010 0.000010 0.113015 0.365291 0.000010
0.318288 0.004875 0.012445 0.058535 0.000010 0.000010 0.201090 0.398372 0.006374
0.289914 0.003670 0.000010 0.124359 0.000010 0.041344 0.140539 0.377125 0.023028
0.336552 0.049708 0.136857 0.000010 0.000010 0.000010 0.012614 0.464230 0.000010
0.393003 0.000010 0.003707 0.067014 0.113980 0.000010 0.023097 0.399169 0.000010
0.460496 0.045887 0.000010 0.052030 0.018457 0.000010 0.073947 0.284980 0.064181
0.385528 0.006368 0.000010 0.000010 0.000010 0.022088 0.169163 0.416812 0.000010
0.372017 0.000010 0.000010 0.040165 0.000010 0.000010 0.166204 0.421564 0.000010
0.416008 0.000010 0.022070 0.123560 0.000010 0.000010 0.000010 0.438313 0.000010
0.281240 0.001596 0.002843 0.170140 0.020170 0.017704 0.155401 0.311634 0.039273
0.417213 0.016603 0.124834 0.035813 0.000010 0.000010 0.039333 0.366174 0.000010
0.232360 0.000010 0.003927 0.039105 0.041120 0.000010 0.142867 0.446223 0.094378
0.266662 0.041657 0.000010 0.047110 0.061779 0.000010 0.053100 0.342525 0.187146
0.380757 0.000010 0.130037 0.022612 0.016688 0.023306 0.109745 0.316834 0.000010
0.405035 0.021526 0.000010 0.000010 0.003083 0.000010 0.127663 0.442653 0.000010
0.174592 0.000010 0.112642 0.000010 0.023490 0.000010 0.096875 0.592361 0.000010
0.223216 0.000010 0.064277 0.200997 0.062998 0.000010 0.047489 0.400992 0.000010
0.172296 0.053618 0.087613 0.142199 0.000010 0.000010 0.195662 0.330856 0.017736
0.272512 0.076141 0.117225 0.000010 0.000010 0.000010 0.025376 0.508706 0.000010
0.382583 0.093258 0.000010 0.000010 0.014380 0.000010 0.045784 0.452468 0.011498
0.450635 0.000010 0.023959 0.000010 0.005113 0.000010 0.000010 0.453486 0.066767
0.479384 0.000010 0.100417 0.057995 0.000010 0.024283 0.019168 0.318724 0.000010
0.343430 0.000010 0.057743 0.125283 0.086736 0.000010 0.000010 0.386767 0.000010
0.382705 0.000010 0.000010 0.117694 0.000010 0.000010 0.071755 0.421330 0.006477
0.356755 0.000010 0.000010 0.105434 0.000010 0.000010 0.062607 0.420681 0.054484
0.465745 0.056741 0.000010 0.000010 0.000010 0.000010 0.098867 0.371582 0.007026
0.433648 0.000010 0.000010 0.000010 0.023731 0.000010 0.057860 0.484711 0.000010
0.129244 0.000010 0.113925 0.108812 0.119111 0.005567 0.083944 0.427999 0.011388
0.155793 0.000010 0.000010 0.144029 0.040012 0.000010 0.173472 0.459486 0.027178
0.338339 0.000010 0.019478 0.032702 0.000010 0.000010 0.108773 0.460712 0.039966
0.354881 0.019795 0.079669 0.089201 0.000010 0.000010 0.005732 0.442036 0.008667
0.207721 0.000010 0.427924 0.115970 0.000010 0.015457 0.011436 0.221462 0.000010
0.099135 0.000010 0.162205 0.204751 0.039499 0.042440 0.194219 0.257731 0.000010
0.309437 0.230120 0.142360 0.093734 0.000010 0.000010 0.138473 0.082295 0.003561
0.095876 0.000010 0.366335 0.093694 0.000010 0.000010 0.199153 0.244902 0.000010
0.267903 0.028438 0.120335 0.243803 0.000010 0.005047 0.091599 0.242854 0.000010
0.058831 0.097942 0.454606 0.159289 0.000010 0.016979 0.088803 0.069487 0.054053
0.153437 0.248783 0.257127 0.080998 0.094734 0.000010 0.000010 0.164891 0.000010
0.235421 0.051132 0.382502 0.000010 0.000010 0.000010 0.128184 0.202722 0.000010
0.181976 0.024061 0.311063 0.213095 0.001979 0.000010 0.000010 0.187161 0.080645
0.159627 0.000010 0.231831 0.000010 0.044296 0.030877 0.182880 0.327611 0.022858
0.073873 0.015251 0.369665 0.000010 0.047318 0.051504 0.190394 0.220539 0.031444
0.129485 0.000010 0.301410 0.140910 0.097571 0.000010 0.156442 0.174152 0.000010
0.213289 0.019082 0.179803 0.084549 0.054506 0.000010 0.142577 0.306175 0.000010
0.000416 0.049314 0.363599 0.129049 0.044565 0.000010 0.172142 0.240894 0.000010
0.224887 0.016502 0.211026 0.000010 0.042916 0.037860 0.186221 0.280568 0.000010
0.136962 0.000010 0.414156 0.040893 0.119283 0.005525 0.061506 0.221654 0.000010
0.142424 0.050093 0.406812 0.016673 0.000010 0.000010 0.114179 0.269790 0.000010
0.126535 0.111240 0.069727 0.205295 0.119084 0.003658 0.081163 0.227076 0.056222
0.114962 0.000010 0.253997 0.127119 0.000010 0.000010 0.249650 0.254232 0.000010
0.140858 0.076660 0.363262 0.073587 0.051123 0.000010 0.065474 0.229015 0.000010
0.099498 0.000010 0.434516 0.199334 0.004795 0.000010 0.122649 0.139177 0.000010
0.265075 0.047055 0.180363 0.089216 0.000010 0.000010 0.103688 0.275869 0.038713
0.000010 0.000010 0.037278 0.099182 0.000010 0.108554 0.102306 0.207081 0.445570
0.292090 0.005847 0.034095 0.000010 0.044705 0.036953 0.000010 0.485853 0.100437
0.429828 0.000010 0.090749 0.000010 0.034478 0.000010 0.000010 0.374323 0.070582
0.188340 0.009952 0.000010 0.079973 0.175481 0.018526 0.000010 0.382253 0.145455
0.383005 0.000010 0.000010 0.242462 0.002524 0.000010 0.012888 0.359081 0.000010
0.376173 0.020121 0.137271 0.000010 0.022085 0.000010 0.052309 0.392011 0.000010
0.378202 0.000010 0.000010 0.124576 0.017484 0.000010 0.038453 0.327075 0.114180
0.408343 0.114002 0.000010 0.016742 0.000010 0.002019 0.002578 0.313190 0.143106
0.238468 0.000010 0.040363 0.102892 0.036778 0.037687 0.059390 0.471243 0.013169
0.550195 0.010981 0.065400 0.059571 0.000010 0.019710 0.033880 0.260243 0.000010
0.133239 0.002359 0.000010 0.220092 0.029418 0.012992 0.215038 0.386842 0.000010
0.426397 0.028957 0.000010 0.092124 0.166435 0.000010 0.014553 0.271505 0.000010
0.523912 0.099985 0.013512 0.029127 0.000010 0.009199 0.090245 0.212722 0.021289
0.425031 0.008155 0.019379 0.000010 0.004028 0.000010 0.046754 0.466105 0.030528
0.256546 0.000010 0.004976 0.210284 0.000010 0.000010 0.129100 0.334621 0.064444
0.196560 0.144172 0.000488 0.080647 0.000010 0.021670 0.110094 0.292254 0.154105
0.233105 0.061311 0.018358 0.030022 0.045249 0.157516 0.128956 0.325474 0.000010
0.252359 0.000010 0.000010 0.105042 0.067746 0.000010 0.229025 0.345789 0.000010
0.496945 0.000010 0.015031 0.059776 0.012741 0.000010 0.000010 0.391027 0.024450
0.333249 0.000010 0.087589 0.206892 0.000010 0.000010 0.011106 0.321011 0.040123
0.430703 0.000010 0.000010 0.093202 0.000010 0.000010 0.000010 0.403602 0.072442
0.547177 0.050547 0.103366 0.000010 0.000010 0.000010 0.000010 0.269482 0.029388
0.388527 0.000010 0.000010 0.055150 0.107036 0.001811 0.076672 0.351027 0.019756
0.447322 0.000010 0.067954 0.000010 0.000010 0.011634 0.025011 0.404514 0.043535
0.411069 0.000010 0.126673 0.090531 0.000010 0.000010 0.017352 0.325689 0.028656
0.226531 0.000010 0.004811 0.119231 0.069777 0.001656 0.153305 0.424669 0.000010
0.044391 0.000010 0.109763 0.145569 0.029346 0.079598 0.174996 0.317333 0.098994
0.129042 0.000010 0.000010 0.166200 0.000010 0.000010 0.188433 0.516276 0.000010
0.313166 0.000010 0.021682 0.077839 0.109055 0.037672 0.189292 0.235541 0.015743
0.455516 0.000010 0.138232 0.000010 0.000010 0.000010 0.067249 0.338953 0.000010
0.096257 0.031443 0.104544 0.030317 0.014051 0.028705 0.104200 0.590472 0.000010
0.114245 0.085508 0.057319 0.005420 0.073881 0.030819 0.011403 0.154755 0.466650
0.351168 0.042897 0.095460 0.125400 0.064604 0.000010 0.051907 0.265940 0.002614
0.222382 0.041405 0.134080 0.016727 0.000010 0.002575 0.115326 0.467485 0.000010
0.250947 0.013125 0.079289 0.054321 0.008023 0.000010 0.079487 0.472163 0.042635
0.200544 0.101646 0.000010 0.064175 0.000010 0.000010 0.216636 0.416959 0.000010
0.304587 0.000010 0.070654 0.000010 0.000010 0.034166 0.145188 0.445365 0.000010
0.357230 0.000010 0.000010 0.094471 0.012388 0.018373 0.022300 0.433709 0.061508
0.260503 0.078039 0.051952 0.030826 0.000010 0.042816 0.099359 0.436485 0.000010
0.177914 0.000010 0.039440 0.148259 0.000010 0.000010 0.173853 0.460495 0.000010
0.320572 0.000010 0.119772 0.000010 0.000010 0.013467 0.139328 0.406821 0.000010
0.105907 0.025480 0.081134 0.000010 0.000010 0.000010 0.166532 0.593047 0.027870
0.324154 0.091341 0.158505 0.000010 0.010446 0.019391 0.033179 0.358951 0.004021
0.251176 0.000010 0.036394 0.166891 0.000010 0.024130 0.147692 0.373687 0.000010
0.002286 0.007927 0.000010 0.178651 0.053772 0.000449 0.280160 0.463555 0.013190
0.130860 0.046441 0.000010 0.000010 0.075379 0.046347 0.133860 0.567083 0.000010
0.223621 0.000010 0.195098 0.043202 0.000010 0.000638 0.102975 0.434436 0.000010
0.155386 0.000010 0.000010 0.000010 0.103102 0.000010 0.202026 0.508458 0.030988
0.198027 0.000010 0.095317 0.124453 0.000010 0.013469 0.108115 0.460588 0.000010
0.264598 0.000010 0.000010 0.234375 0.093174 0.000010 0.163234 0.244579 0.000010
0.218764 0.084856 0.104281 0.101002 0.103389 0.000010 0.000010 0.322410 0.065277
0.203255 0.000010 0.105369 0.250658 0.007074 0.018825 0.051900 0.362899 0.000010
0.310372 0.070544 0.000010 0.102667 0.000010 0.000010 0.077343 0.403392 0.035652
0.160695 0.006686 0.000010 0.038134 0.000010 0.000010 0.208253 0.579908 0.006294
0.122286 0.000010 0.034566 0.155554 0.000010 0.000010 0.141762 0.535058 0.010744
0.155373 0.000010 0.090012 0.177429 0.140179 0.022177 0.061249 0.353561 0.000010
0.284788 0.066636 0.093559 0.078975 0.000010 0.015819 0.077434 0.382769 0.000010
0.137204 0.029621 0.018703 0.037543 0.000010 0.000010 0.193180 0.534095 0.049633
0.246876 0.055675 0.000010 0.044870 0.054322 0.033411 0.131962 0.378667 0.054206
0.307227 0.003917 0.000010 0.051532 0.028116 0.000010 0.107169 0.492269 0.009750
0.307211 0.000010 0.029465 0.000010 0.000010 0.050431 0.028287 0.584567 0.000010
0.117841 0.031124 0.017773 0.224679 0.000010 0.000010 0.161260 0.447292 0.000010
0.378879 0.017919 0.032631 0.077960 0.000010 0.000010 0.103264 0.389316 0.000010
0.438942 0.000010 0.007494 0.052665 0.008189 0.019744 0.035533 0.437413 0.000010
0.302544 0.122191 0.060966 0.000010 0.000010 0.000010 0.110971 0.403287 0.000010
0.105490 0.000010 0.001551 0.000010 0.073318 0.062539 0.239239 0.517833 0.000010
0.211105 0.000010 0.098629 0.121509 0.027202 0.027019 0.022335 0.492181 0.000010
0.276795 0.075943 0.000010 0.055589 0.053900 0.013875 0.121289 0.402590 0.000010
0.401258 0.000010 0.015146 0.068514 0.000010 0.006455 0.082462 0.426135 0.000010
0.254428 0.022534 0.000010 0.093542 0.034256 0.000010 0.185417 0.409794 0.000010
0.240238 0.136828 0.000010 0.185427 0.068994 0.000010 0.052666 0.315818 0.000010
0.349184 0.035073 0.029655 0.132811 0.008129 0.000010 0.000010 0.415455 0.029673
0.247942 0.000010 0.002502 0.195508 0.000010 0.011752 0.027667 0.483315 0.031294
0.306596 0.000010 0.056609 0.197686 0.024349 0.000010 0.000010 0.414719 0.000010
0.318909 0.005980 0.081973 0.256172 0.013409 0.000010 0.059336 0.264201 0.000010
0.300017 0.019067 0.066132 0.044072 0.000010 0.000010 0.045239 0.525443 0.000010
0.317924 0.000010 0.023631 0.080104 0.000010 0.009602 0.021678 0.547031 0.000010
0.443995 0.074037 0.006393 0.074069 0.000010 0.014654 0.015109 0.371724 0.000010
0.268739 0.000010 0.142969 0.309445 0.000010 0.050697 0.000010 0.176218 0.051903
0.296829 0.000010 0.152763 0.093122 0.004359 0.021718 0.059709 0.309174 0.062316
0.339954 0.000010 0.109969 0.145923 0.000010 0.000010 0.029180 0.374934 0.000010
0.223102 0.005017 0.047005 0.238970 0.000010 0.009451 0.049312 0.427123 0.000010
0.285694 0.073102 0.011225 0.127687 0.000010 0.000010 0.058556 0.426267 0.017450
0.374748 0.000010 0.000010 0.150347 0.015409 0.000010 0.000010 0.385498 0.073958
0.366821 0.000010 0.093625 0.202902 0.000010 0.007736 0.000010 0.328875 0.000010
0.362942 0.000010 0.000010 0.130007 0.000010 0.000010 0.098990 0.408011 0.000010
0.398371 0.048626 0.079126 0.081935 0.000010 0.011113 0.000010 0.352362 0.028446
0.381962 0.000010 0.072068 0.219262 0.000010 0.000010 0.000010 0.326658 0.000010
0.216385 0.000010 0.008253 0.267232 0.000010 0.062282 0.033471 0.412347 0.000010
0.297566 0.124734 0.000010 0.098112 0.036119 0.000010 0.031582 0.406623 0.005245
0.293695 0.000010 0.161156 0.187177 0.002467 0.034657 0.006897 0.313930 0.000010
0.492495 0.000010 0.062315 0.052178 0.027181 0.000010 0.078363 0.287438 0.000010
0.409872 0.024888 0.042713 0.000010 0.000010 0.000010 0.101110 0.421377 0.000010
0.240904 0.045566 0.000010 0.000010 0.077320 0.000010 0.158925 0.463520 0.013735
0.279374 0.007245 0.181201 0.092614 0.001534 0.044605 0.027119 0.339823 0.026486
0.236259 0.083659 0.012821 0.000010 0.052675 0.000010 0.127706 0.449602 0.037257
0.318478 0.024580 0.007952 0.000010 0.000010 0.009733 0.146079 0.493149 0.000010
0.208975 0.107465 0.155034 0.061753 0.079799 0.000010 0.128444 0.258511 0.000010
0.231667 0.098395 0.094573 0.029496 0.000010 0.007103 0.130546 0.408200 0.000010
0.141425 0.000010 0.085017 0.148384 0.002095 0.021690 0.073193 0.511354 0.016833
0.061584 0.042462 0.115352 0.282583 0.000010 0.000010 0.022682 0.431458 0.043859
0.146219 0.000010 0.126136 0.000010 0.000010 0.017065 0.231904 0.464493 0.014154
0.293756 0.037831 0.022152 0.000010 0.068380 0.037341 0.139602 0.400918 0.000010
0.203124 0.019214 0.124379 0.129597 0.091107 0.065429 0.042018 0.323735 0.001397
0.161152 0.068416 0.146598 0.052703 0.000010 0.037892 0.120565 0.412655 0.000010
0.107154 0.064054 0.150711 0.185540 0.006365 0.039407 0.077739 0.369020 0.000010
0.168747 0.000010 0.007666 0.225737 0.078203 0.000010 0.126791 0.392827 0.000010
0.277225 0.074797 0.177439 0.037209 0.047855 0.062946 0.014577 0.307942 0.000010
0.112477 0.058508 0.173854 0.070018 0.047387 0.021262 0.154445 0.362038 0.000010
0.327353 0.016898 0.098548 0.000010 0.000010 0.004009 0.072998 0.421812 0.058363
0.334306 0.018845 0.143074 0.106818 0.005039 0.007976 0.042403 0.341530 0.000010
0.098218 0.000010 0.072639 0.246959 0.000010 0.031099 0.144640 0.406415 0.000010
0.240663 0.000010 0.078374 0.227985 0.000010 0.000010 0.032681 0.420256 0.000010
0.240441 0.000010 0.150030 0.000010 0.000010 0.000010 0.158064 0.451415 0.000010
0.229423 0.179375 0.034298 0.139668 0.000010 0.000010 0.023472 0.376294 0.017449
0.314364 0.000010 0.124596 0.031466 0.033991 0.026833 0.101416 0.367315 0.000010
0.261121 0.071655 0.168635 0.109772 0.053088 0.000010 0.034662 0.261922 0.039133
0.000010 0.000010 0.015433 0.000010 0.000010 0.443673 0.000010 0.026139 0.514706
0.000010 0.000010 0.061383 0.000010 0.000010 0.593766 0.025543 0.011134 0.308134
0.000010 0.000010 0.000010 0.000010 0.000010 0.313346 0.000010 0.000010 0.686584
0.000010 0.000010 0.006254 0.000010 0.000010 0.248083 0.000010 0.055651 0.689963
0.000010 0.000010 0.017758 0.000010 0.030285 0.198233 0.000010 0.000010 0.753675
0.000010 0.000010 0.000010 0.000010 0.000010 0.266245 0.000010 0.020617 0.713078
0.000010 0.037045 0.000010 0.000010 0.000010 0.588727 0.000010 0.007504 0.366674
0.000010 0.000010 0.000010 0.000010 0.000010 0.347238 0.000010 0.000010 0.652692
0.000010 0.000010 0.000010 0.017399 0.000010 0.275065 0.000010 0.000010 0.707476
0.005664 0.000010 0.000010 0.000010 0.000010 0.342853 0.000010 0.056275 0.595158
0.000010 0.000010 0.000010 0.000010 0.000010 0.336685 0.010899 0.012647 0.639719
0.000010 0.000010 0.012187 0.000010 0.016842 0.355899 0.000010 0.031141 0.583891
0.000010 0.000010 0.000010 0.000010 0.000010 0.477353 0.056827 0.025899 0.439871
0.000010 0.000010 0.000010 0.000010 0.000010 0.457225 0.028259 0.080641 0.433825
0.000010 0.000010 0.000010 0.000010 0.015436 0.373783 0.000010 0.003257 0.607474
0.000010 0.000010 0.000010 0.000010 0.011320 0.328649 0.000010 0.028150 0.631831
0.000010 0.000197 0.000010 0.000010 0.000010 0.266189 0.001186 0.000010 0.732378
0.000010 0.000010 0.026576 0.000010 0.000010 0.416577 0.046208 0.000010 0.510589
0.000010 0.000010 0.008295 0.000010 0.000010 0.418661 0.014911 0.000010 0.558083
0.000010 0.000010 0.000010 0.000010 0.000010 0.360049 0.000010 0.010988 0.628902
0.000010 0.000010 0.000010 0.000010 0.000010 0.442711 0.043709 0.021636 0.491895
0.000010 0.000010 0.000010 0.000010 0.000010 0.320256 0.000010 0.000010 0.679674
0.000010 0.000010 0.000010 0.011107 0.000010 0.309380 0.000010 0.042800 0.636663
0.000010 0.000010 0.072513 0.000010 0.002204 0.419991 0.039674 0.000010 0.465578
0.000010 0.000010 0.000010 0.000010 0.019779 0.378869 0.000010 0.000010 0.601292
0.000010 0.000010 0.041915 0.000010 0.000010 0.452978 0.000010 0.039791 0.465265
0.000010 0.007309 0.000010 0.000010 0.000010 0.452122 0.024192 0.000010 0.516327
0.000010 0.000010 0.000010 0.000010 0.000010 0.352063 0.000010 0.000010 0.647867
0.000010 0.013710 0.000010 0.000010 0.836904 0.000010 0.149326 0.000010 0.000010
0.307065 0.054308 0.026460 0.521702 0.000010 0.000010 0.000010 0.090425 0.000010
0.604187 0.007707 0.007297 0.234163 0.000010 0.000010 0.029708 0.116908 0.000010
0.429840 0.000010 0.025014 0.173412 0.018600 0.014400 0.003173 0.308237 0.027314
0.249955 0.000010 0.000010 0.384340 0.105255 0.024118 0.083715 0.152587 0.000010
0.425829 0.000010 0.004410 0.317158 0.000010 0.008356 0.000010 0.170036 0.074182
0.360994 0.110454 0.015014 0.331257 0.022244 0.000010 0.000010 0.160008 0.000010
0.216364 0.000010 0.025921 0.463427 0.000010 0.012140 0.000010 0.261657 0.020461
0.322832 0.000010 0.000010 0.380175 0.166920 0.000010 0.000010 0.115155 0.014879
0.408117 0.000010 0.132172 0.267423 0.000010 0.003584 0.000010 0.188664 0.000010
0.562449 0.000010 0.085465 0.160710 0.000010 0.042973 0.000010 0.112376 0.035996
0.387785 0.000010 0.000010 0.382167 0.034781 0.000010 0.076199 0.119028 0.000010
0.366134 0.014142 0.053311 0.280248 0.000010 0.000010 0.000010 0.249964 0.036171
0.210016 0.045803 0.122071 0.502250 0.034421 0.037297 0.000010 0.048122 0.000010
0.399266 0.073639 0.033954 0.365240 0.000010 0.010610 0.000010 0.117261 0.000010
0.257451 0.094300 0.000010 0.369593 0.000010 0.000010 0.000010 0.207475 0.071142
0.440473 0.000010 0.025009 0.401851 0.091679 0.030581 0.000010 0.000010 0.010377
0.455607 0.000010 0.000010 0.245615 0.000010 0.005825 0.000010 0.282309 0.010605
0.327481 0.129012 0.000010 0.249610 0.008623 0.000010 0.014003 0.271241 0.000010
0.394183 0.000010 0.057710 0.242940 0.005506 0.000010 0.000010 0.299621 0.000010
0.459851 0.086479 0.000010 0.389499 0.000010 0.000010 0.064121 0.000010 0.000010
0.271232 0.142379 0.000010 0.459782 0.040102 0.000010 0.005670 0.080805 0.000010
0.328894 0.010377 0.030937 0.428525 0.053849 0.000010 0.000010 0.147387 0.000010
0.448200 0.000010 0.000010 0.262487 0.001382 0.043829 0.033837 0.210235 0.000010
0.403366 0.029481 0.035312 0.251926 0.026816 0.000010 0.038752 0.151061 0.063277
0.410428 0.000010 0.018765 0.312058 0.046660 0.044151 0.000010 0.167907 0.000010
0.235006 0.008282 0.100608 0.407122 0.000010 0.000010 0.000010 0.224562 0.024389
0.318316 0.000010 0.000010 0.370121 0.028384 0.019930 0.000010 0.263208 0.000010
0.374381 0.042996 0.089288 0.362638 0.000010 0.000010 0.000010 0.129572 0.001094
0.030765 0.000010 0.000010 0.000010 0.964524 0.000010 0.000010 0.000010 0.004651
0.000010 0.000010 0.000010 0.000010 0.955005 0.000010 0.044925 0.000010 0.000010
0.030395 0.000010 0.015212 0.000010 0.949403 0.000010 0.004940 0.000010 0.000010
0.046944 0.000010 0.000010 0.021358 0.931638 0.000010 0.000010 0.000010 0.000010
0.000010 0.000010 0.036553 0.000010 0.766787 0.000010 0.104209 0.092400 0.000010
0.014477 0.000010 0.000010 0.000010 0.975081 0.006007 0.000010 0.004385 0.000010
0.000010 0.000010 0.006064 0.000010 0.990919 0.000010 0.000010 0.002956 0.000010
0.000010 0.000010 0.000010 0.000010 0.972234 0.027696 0.000010 0.000010 0.000010
0.011656 0.000010 0.000010 0.000010 0.988274 0.000010 0.000010 0.000010 0.000010
0.000010 0.000010 0.000010 0.000010 0.982307 0.000010 0.000010 0.017623 0.000010
0.000010 0.000010 0.000010 0.018816 0.928695 0.000010 0.000010 0.014792 0.037647
0.000010 0.000010 0.000010 0.000010 0.965850 0.005679 0.000010 0.000010 0.028411
0.000010 0.000010 0.000010 0.000010 0.899820 0.000010 0.045444 0.000010 0.054676
0.000010 0.000010 0.000010 0.017376 0.982554 0.000010 0.000010 0.000010 0.000010
0.000010 0.000010 0.000010 0.000010 0.955777 0.000010 0.024653 0.019510 0.000010
0.005447 0.000010 0.000010 0.000010 0.921751 0.000010 0.000010 0.072742 0.000010
0.000010 0.000010 0.000010 0.000010 0.886029 0.000010 0.051445 0.018179 0.044297
0.555617 0.000010 0.070084 0.000010 0.032311 0.025386 0.000490 0.316080 0.000010
0.389409 0.031733 0.059531 0.089764 0.035455 0.064675 0.021926 0.307496 0.000010
0.542935 0.000010 0.000010 0.060625 0.003083 0.047249 0.075185 0.270298 0.000604
0.610992 0.095541 0.000010 0.080205 0.001416 0.015362 0.000010 0.196454 0.000010
0.586929 0.087929 0.032916 0.033991 0.000010 0.016059 0.005796 0.236360 0.000010
0.614031 0.003855 0.000010 0.018726 0.032192 0.031886 0.027909 0.271381 0.000010
0.571405 0.052520 0.000010 0.103279 0.008623 0.008923 0.000010 0.215383 0.039846
0.590489 0.000010 0.036365 0.105375 0.028256 0.029503 0.004470 0.205521 0.000010
0.518613 0.000010 0.025308 0.013060 0.000010 0.033825 0.000010 0.330613 0.078551
0.588730 0.000010 0.000010 0.085741 0.000010 0.000010 0.000010 0.323434 0.002045
0.562572 0.091165 0.012183 0.055463 0.056708 0.039246 0.000010 0.182643 0.000010
0.603666 0.000010 0.153171 0.000010 0.000010 0.000010 0.000010 0.243103 0.000010
0.555389 0.000010 0.049678 0.071724 0.052901 0.000010 0.000010 0.270268 0.000010
0.630910 0.000010 0.000010 0.000010 0.027864 0.066244 0.000010 0.274931 0.000010
0.679758 0.000010 0.123049 0.042740 0.029989 0.000010 0.000010 0.124424 0.000010
0.599371 0.000010 0.047416 0.178027 0.000010 0.002871 0.000010 0.141121 0.031164
0.542226 0.000010 0.083442 0.000010 0.069275 0.043700 0.014802 0.246525 0.000010
0.595696 0.019394 0.000010 0.145795 0.007393 0.072622 0.000010 0.159070 0.000010
0.567600 0.000010 0.030415 0.013189 0.042834 0.000010 0.000010 0.345031 0.000901
0.650458 0.000010 0.000010 0.000010 0.048542 0.048581 0.000010 0.180235 0.072144
0.598816 0.000010 0.103302 0.000010 0.000010 0.000010 0.013280 0.284552 0.000010
0.709731 0.014268 0.021073 0.083406 0.002807 0.000010 0.000010 0.148594 0.020101
0.476813 0.000010 0.000010 0.118402 0.069572 0.073891 0.000010 0.177485 0.083808
0.441704 0.000010 0.022651 0.149681 0.039948 0.022703 0.000010 0.323283 0.000010
0.482103 0.079354 0.019850 0.144672 0.000010 0.000010 0.000010 0.145651 0.128340
0.608563 0.056564 0.024795 0.039776 0.081966 0.028977 0.000010 0.159338 0.000010
0.592747 0.038401 0.045912 0.000010 0.021481 0.029187 0.044860 0.209318 0.018084
0.567520 0.000010 0.000010 0.082830 0.030612 0.000010 0.026530 0.234517 0.057961
0.486664 0.000010 0.000010 0.006418 0.091781 0.000010 0.056656 0.348328 0.010123
0.527066 0.000010 0.065545 0.070478 0.005934 0.002477 0.000010 0.267390 0.061089
0.398468 0.000010 0.000010 0.208920 0.000010 0.060992 0.000010 0.273176 0.058403
0.690882 0.035742 0.000010 0.000010 0.037460 0.014215 0.043603 0.149320 0.028757
0.671926 0.000010 0.064838 0.000010 0.002614 0.000010 0.000010 0.228648 0.031934
0.672306 0.007962 0.000010 0.046756 0.022872 0.000010 0.000010 0.207400 0.042674
0.697667 0.000010 0.000010 0.036758 0.000010 0.000010 0.000010 0.265515 0.000010
0.551536 0.005355 0.000010 0.151307 0.000010 0.078268 0.000010 0.213494 0.000010
0.605832 0.070523 0.000010 0.096693 0.041127 0.021387 0.000010 0.135223 0.029194
0.620633 0.000010 0.070392 0.129406 0.000010 0.000010 0.013697 0.165832 0.000010
0.481538 0.000010 0.000010 0.179515 0.043494 0.000010 0.000010 0.230905 0.064509
0.491609 0.008880 0.000010 0.079753 0.068231 0.000010 0.000010 0.351487 0.000010
0.462982 0.000010 0.000010 0.234322 0.018152 0.000010 0.000010 0.284493 0.000010
0.539574 0.000010 0.020532 0.248230 0.004887 0.000010 0.012950 0.173797 0.000010
0.632687 0.021600 0.181137 0.000010 0.019982 0.060976 0.000010 0.083587 0.000010
0.540772 0.022587 0.000010 0.082363 0.015132 0.000010 0.088807 0.205055 0.045264
0.669261 0.000010 0.000010 0.076956 0.011456 0.000010 0.000010 0.208996 0.033291
0.612977 0.000010 0.037882 0.000010 0.015250 0.000010 0.000010 0.290270 0.043582
0.391457 0.000010 0.098314 0.128584 0.040750 0.042258 0.000010 0.192098 0.106519
0.593057 0.000010 0.120535 0.000010 0.025560 0.038854 0.078378 0.116788 0.026809
0.650197 0.000010 0.000010 0.000010 0.021841 0.028671 0.000010 0.254271 0.044979
0.718875 0.000010 0.011626 0.000010 0.012223 0.080862 0.002860 0.164198 0.009337
0.420281 0.000010 0.088559 0.000010 0.035314 0.098829 0.000010 0.166804 0.190183
0.749949 0.000010 0.000010 0.000010 0.125081 0.032808 0.012990 0.079132 0.000010
0.513151 0.000010 0.047397 0.000010 0.012332 0.002874 0.000010 0.273068 0.151149
0.604972 0.000010 0.000010 0.000010 0.000010 0.079589 0.002539 0.242616 0.070243
0.588668 0.014955 0.011493 0.025089 0.051376 0.009525 0.043490 0.199545 0.055857
0.109720 0.000010 0.000010 0.000010 0.000010 0.066674 0.000010 0.123761 0.699795
0.535863 0.026833 0.000010 0.115060 0.067575 0.087405 0.000010 0.154315 0.012930
0.576482 0.000010 0.000010 0.000010 0.096619 0.030009 0.013759 0.244206 0.038895
0.645092 0.000010 0.000010 0.084348 0.045053 0.020755 0.022244 0.154011 0.028476
0.345285 0.028051 0.046627 0.170228 0.060271 0.060287 0.000010 0.180658 0.108584
0.570933 0.106962 0.066312 0.000010 0.007088 0.085061 0.000010 0.159805 0.003819
0.511974 0.000010 0.054792 0.000010 0.036176 0.006958 0.013468 0.238702 0.137910
0.590962 0.020641 0.000010 0.113766 0.041503 0.019751 0.000010 0.210958 0.002399
0.736633 0.000010 0.000010 0.075469 0.000010 0.000010 0.000010 0.104600 0.083248
0.656847 0.013724 0.022104 0.057678 0.000010 0.000010 0.049425 0.200192 0.000010
0.615575 0.000010 0.016074 0.012005 0.019432 0.000010 0.000010 0.336875 0.000010
0.594819 0.000010 0.000010 0.015519 0.050187 0.037726 0.014630 0.160770 0.126329
0.561140 0.000010 0.000010 0.011356 0.000010 0.072677 0.000010 0.354777 0.000010
0.432252 0.000010 0.003875 0.000010 0.000010 0.047034 0.056478 0.366435 0.093896
0.639018 0.000010 0.011644 0.013023 0.032501 0.000010 0.000010 0.202461 0.101323
0.586701 0.000010 0.000010 0.138787 0.059494 0.004646 0.000010 0.180509 0.029833
0.475911 0.006376 0.009049 0.176383 0.065405 0.000010 0.000010 0.191468 0.075388
0.670641 0.034765 0.013623 0.033884 0.000010 0.000010 0.006836 0.210635 0.029596
0.497050 0.146485 0.012781 0.000010 0.012514 0.039613 0.049380 0.120742 0.121424
0.574803 0.094973 0.078497 0.000010 0.060492 0.000010 0.050626 0.140579 0.000010
0.441684 0.000010 0.207491 0.000010 0.000010 0.000010 0.000010 0.126891 0.223885
0.661368 0.000010 0.029143 0.000010 0.052978 0.007617 0.000010 0.181987 0.066877
0.486529 0.000010 0.023079 0.130245 0.027518 0.000010 0.000010 0.229317 0.103282
0.584620 0.015068 0.000010 0.000010 0.072122 0.000010 0.000010 0.263677 0.064473
0.614496 0.000010 0.000010 0.016012 0.044244 0.000010 0.041690 0.186005 0.097523
0.490612 0.000010 0.010795 0.000010 0.034349 0.056807 0.000010 0.331954 0.075451
0.730335 0.000010 0.032443 0.000010 0.000010 0.013522 0.019443 0.154114 0.050112
0.419942 0.000010 0.080593 0.014517 0.002521 0.037390 0.000010 0.419695 0.025323
0.550263 0.000010 0.040208 0.073949 0.018032 0.000010 0.000010 0.271581 0.045937
0.649125 0.000010 0.000010 0.000010 0.038200 0.004681 0.000010 0.203059 0.104895
0.615108 0.024957 0.088575 0.000010 0.062171 0.000010 0.011468 0.196198 0.001502
0.457476 0.000010 0.000010 0.000010 0.000454 0.000010 0.134141 0.407879 0.000010
0.024889 0.000010 0.000010 0.000010 0.849268 0.000010 0.125783 0.000010 0.000010
0.000010 0.005083 0.000010 0.000010 0.878416 0.016805 0.099646 0.000010 0.000010
0.000010 0.000010 0.000010 0.000010 0.938553 0.000010 0.061377 0.000010 0.000010
0.000010 0.010957 0.029978 0.000010 0.811870 0.000010 0.146860 0.000010 0.000296
0.000010 0.000010 0.000010 0.000010 0.831362 0.000010 0.168568 0.000010 0.000010
0.000012 0.000263 0.000010 0.000010 0.811842 0.000010 0.187833 0.000010 0.000010
0.000010 0.000010 0.015418 0.000010 0.824313 0.000010 0.160209 0.000010 0.000010
0.486663 0.000010 0.000010 0.406648 0.000010 0.000010 0.000010 0.059779 0.046860
0.620915 0.000010 0.044482 0.232581 0.000010 0.000010 0.000246 0.101736 0.000010
0.503663 0.011550 0.022365 0.294933 0.000010 0.090099 0.000010 0.069761 0.007609
0.532316 0.076413 0.021558 0.238587 0.042495 0.000010 0.000010 0.088602 0.000010
0.580037 0.016917 0.000010 0.129978 0.000010 0.049895 0.000010 0.190098 0.033046
0.559400 0.000010 0.000010 0.169383 0.111448 0.047370 0.000010 0.038125 0.074244
0.665841 0.042456 0.000010 0.031016 0.000010 0.000010 0.000010 0.260637 0.000010
0.527046 0.049952 0.120719 0.216466 0.000883 0.000010 0.000010 0.084904 0.000010
0.508089 0.000010 0.000010 0.207828 0.015657 0.000010 0.076559 0.191827 0.000010
0.394142 0.081629 0.000010 0.283219 0.021157 0.000010 0.021767 0.192270 0.005796
0.634863 0.011166 0.028128 0.000010 0.041835 0.000010 0.000010 0.229941 0.054037
0.617254 0.000010 0.038899 0.025007 0.000010 0.000010 0.049109 0.231129 0.038572
0.427793 0.009983 0.006882 0.256475 0.096107 0.000010 0.014921 0.187820 0.000010
0.560276 0.000010 0.000010 0.000010 0.070658 0.000010 0.000010 0.327294 0.041721
0.515360 0.000010 0.113081 0.038056 0.042868 0.054191 0.000010 0.236415 0.000010
0.607939 0.000010 0.000010 0.008602 0.056369 0.000010 0.054626 0.204603 0.067830
0.502003 0.028734 0.061249 0.064552 0.047115 0.058593 0.000010 0.216202 0.021541
0.675133 0.000010 0.000010 0.085734 0.027739 0.000010 0.000010 0.211344 0.000010
0.570505 0.013794 0.055254 0.057128 0.075714 0.041695 0.000010 0.162002 0.023898
0.529847 0.022820 0.000010 0.000010 0.000010 0.000010 0.000010 0.252529 0.194754
0.490090 0.010657 0.138833 0.000010 0.079830 0.018303 0.000010 0.081367 0.180900
0.633908 0.000010 0.000010 0.029822 0.000010 0.049248 0.032006 0.254975 0.000010
0.487597 0.000010 0.027918 0.119315 0.039591 0.025006 0.046193 0.137210 0.117159
0.558694 0.000010 0.009098 0.000792 0.001520 0.000010 0.053762 0.249399 0.126715
0.521970 0.180454 0.063995 0.145823 0.000010 0.000010 0.020198 0.067530 0.000010
0.577554 0.000010 0.068014 0.063243 0.007149 0.008286 0.055526 0.141647 0.078571
0.437523 0.000010 0.000010 0.000010 0.057856 0.041800 0.000010 0.131744 0.331038
0.656632 0.018328 0.041103 0.007249 0.035073 0.000010 0.000010 0.223510 0.018085
0.358626 0.049222 0.069323 0.164443 0.000010 0.072358 0.000010 0.161110 0.124898
0.760685 0.083517 0.000010 0.000010 0.000010 0.001955 0.000010 0.143535 0.010267
0.514680 0.013007 0.058844 0.161781 0.039021 0.000010 0.000010 0.186725 0.025921
0.632744 0.000010 0.013613 0.138716 0.000010 0.000010 0.000010 0.214877 0.000010
0.505951 0.000010 0.000010 0.188554 0.000010 0.006034 0.000010 0.299412 0.000010
0.543865 0.008487 0.000010 0.000010 0.000010 0.000010 0.000010 0.267202 0.180396
0.592096 0.071143 0.049320 0.013961 0.069631 0.027639 0.009543 0.126783 0.039884
0.000010 0.960932 0.000012 0.000010 0.000010 0.000010 0.035982 0.003024 0.000010
0.000010 0.955407 0.004533 0.000010 0.000010 0.016500 0.000010 0.000010 0.023511
0.000010 0.909582 0.090348 0.000010 0.000010 0.000010 0.000010 0.000010 0.000010
0.000010 0.999852 0.000010 0.000010 0.000078 0.000010 0.000010 0.000010 0.000010
0.089364 0.123768 0.349966 0.000010 0.049412 0.031991 0.289601 0.065878 0.000010
0.000010 0.043797 0.481347 0.000010 0.000010 0.000010 0.442213 0.000010 0.032593
0.000010 0.000010 0.496898 0.000010 0.000010 0.000010 0.469569 0.000010 0.033473
0.003216 0.000010 0.584360 0.000010 0.007552 0.048357 0.356476 0.000010 0.000010
0.000010 0.000010 0.347723 0.043890 0.014545 0.000010 0.464882 0.120196 0.008734
0.000010 0.119934 0.500506 0.042656 0.000010 0.000010 0.336853 0.000010 0.000010
0.000469 0.027567 0.432014 0.000010 0.056214 0.000010 0.374043 0.109663 0.000010
0.007214 0.008367 0.637641 0.000010 0.000010 0.025242 0.316345 0.005162 0.000010
0.000010 0.116772 0.369783 0.000010 0.072755 0.000010 0.377049 0.063601 0.000010
0.010819 0.028236 0.536297 0.122453 0.000010 0.000010 0.301877 0.000010 0.000288
0.545330 0.000010 0.000010 0.026123 0.000010 0.000010 0.019614 0.288947 0.119945
0.485022 0.000010 0.000010 0.000010 0.001914 0.000010 0.056091 0.339610 0.117323
0.449427 0.000010 0.004774 0.157336 0.071698 0.047844 0.019507 0.249395 0.000010
0.558203 0.000010 0.000010 0.062816 0.041261 0.035932 0.047531 0.249633 0.004603
0.456943 0.040833 0.117987 0.032680 0.018601 0.048819 0.000010 0.284117 0.000010
0.541744 0.000010 0.114191 0.023039 0.000010 0.000010 0.000010 0.175672 0.145313
0.498908 0.029710 0.089440 0.000010 0.036668 0.017897 0.028005 0.216234 0.083129
0.549607 0.029728 0.051983 0.164599 0.000010 0.008707 0.045941 0.149414 0.000010
0.465105 0.000010 0.083922 0.140733 0.000010 0.015530 0.000010 0.087071 0.207609
0.556194 0.000010 0.000010 0.080073 0.006496 0.000010 0.038894 0.261567 0.056746
0.403485 0.000010 0.010663 0.197291 0.079160 0.000010 0.030581 0.251412 0.027388
0.633611 0.000010 0.028951 0.000010 0.052725 0.025717 0.000010 0.199777 0.059189
0.546805 0.000010 0.012568 0.000010 0.000010 0.000010 0.088680 0.235371 0.116537
0.601119 0.000010 0.000010 0.059103 0.036042 0.037610 0.000010 0.266085 0.000010
0.570203 0.028765 0.103813 0.000010 0.004662 0.013985 0.000010 0.187117 0.091435
0.613429 0.000010 0.000010 0.012536 0.000010 0.063944 0.000010 0.198238 0.111814
0.383282 0.017578 0.017641 0.156283 0.000010 0.076620 0.066056 0.197969 0.084562
0.611496 0.017446 0.000010 0.137391 0.012809 0.000010 0.048061 0.172768 0.000010
0.577737 0.046380 0.000010 0.071481 0.094684 0.000010 0.000010 0.146763 0.062924
0.566240 0.000010 0.000010 0.066730 0.000010 0.000010 0.000010 0.287802 0.079179
0.616352 0.000010 0.030853 0.058969 0.000010 0.000010 0.000010 0.150568 0.143218
0.012685 0.000010 0.681112 0.021105 0.010793 0.000010 0.260496 0.013780 0.000010
0.000011 0.077659 0.624265 0.000010 0.000010 0.000010 0.298016 0.000010 0.000010
0.000010 0.001762 0.693050 0.000010 0.106690 0.025391 0.107793 0.065283 0.000010
0.000010 0.034862 0.663233 0.000010 0.033543 0.023242 0.245079 0.000010 0.000010
0.000010 0.003502 0.703288 0.000010 0.000010 0.000010 0.229911 0.063249 0.000010
0.000010 0.096638 0.692557 0.000010 0.094454 0.000010 0.093117 0.000010 0.023194
0.000010 0.083137 0.704662 0.000010 0.057206 0.000010 0.154945 0.000010 0.000010
0.000010 0.061341 0.510148 0.124931 0.056159 0.000010 0.247381 0.000010 0.000010
0.000010 0.108129 0.644590 0.028038 0.010670 0.000010 0.198531 0.010012 0.000010
0.000010 0.000010 0.639833 0.004474 0.081836 0.000010 0.273807 0.000010 0.000010
0.037136 0.113750 0.608506 0.000010 0.000010 0.000010 0.240558 0.000010 0.000010
0.000010 0.014710 0.735120 0.000010 0.000010 0.000010 0.230105 0.000010 0.020016
0.000010 0.000010 0.625023 0.011730 0.008492 0.007864 0.346852 0.000010 0.000010
0.000010 0.056313 0.642151 0.000010 0.000010 0.000010 0.250200 0.046309 0.004987
0.008538 0.000010 0.656823 0.000010 0.052906 0.000010 0.281683 0.000010 0.000010
0.000010 0.000010 0.650431 0.000010 0.026521 0.000010 0.278885 0.010044 0.034080
0.000010 0.000010 0.674359 0.000010 0.034802 0.000010 0.273681 0.017109 0.000010
0.033000 0.093404 0.745053 0.000010 0.000010 0.000010 0.128493 0.000010 0.000010
0.000010 0.062597 0.725353 0.000010 0.032775 0.000010 0.179225 0.000010 0.000010
0.036971 0.019464 0.637768 0.000010 0.008267 0.082937 0.154340 0.060233 0.000010
0.000010 0.041499 0.693236 0.000010 0.000010 0.000010 0.265206 0.000010 0.000010
0.072607 0.042604 0.575496 0.019193 0.045932 0.000695 0.191098 0.044457 0.007917
0.000010 0.057974 0.592326 0.000010 0.000010 0.000010 0.322155 0.000010 0.027496
0.000010 0.000010 0.738011 0.000010 0.037687 0.043620 0.154858 0.025784 0.000010
0.000010 0.003318 0.696191 0.000010 0.013911 0.000010 0.286530 0.000010 0.000010
0.000010 0.000010 0.651999 0.000010 0.044756 0.000010 0.235674 0.067522 0.000010
0.000010 0.000010 0.703198 0.000010 0.000010 0.022110 0.260208 0.014434 0.000010
0.000010 0.000010 0.631802 0.000010 0.018367 0.037041 0.312740 0.000010 0.000010
0.000010 0.000010 0.642488 0.000010 0.000010 0.000010 0.357442 0.000010 0.000010
0.000010 0.000010 0.715993 0.000010 0.000010 0.015277 0.225829 0.042851 0.000010
0.000010 0.000010 0.591562 0.000010 0.000010 0.000010 0.408368 0.000010 0.000010
0.000010 0.000010 0.760329 0.000010 0.017977 0.003056 0.218588 0.000010 0.000010
0.000010 0.009924 0.686506 0.000010 0.000010 0.000010 0.303510 0.000010 0.000010
0.078105 0.038028 0.587532 0.008654 0.000010 0.000010 0.287641 0.000010 0.000010
0.061549 0.120605 0.527097 0.018824 0.022525 0.000010 0.249370 0.000010 0.000010
0.000010 0.000010 0.671328 0.000010 0.002449 0.000010 0.299058 0.027116 0.000010
0.000010 0.006963 0.584213 0.000010 0.145127 0.000010 0.263647 0.000010 0.000010
0.000010 0.043581 0.704855 0.000010 0.000010 0.000010 0.251504 0.000010 0.000010
0.000010 0.003009 0.688303 0.000010 0.000010 0.000010 0.308628 0.000010 0.000010
0.000010 0.000010 0.000010 0.000010 0.878019 0.000010 0.103359 0.018562 0.000010
0.000010 0.000010 0.035488 0.000010 0.809761 0.000010 0.154691 0.000010 0.000010
0.000010 0.000010 0.652626 0.000010 0.033140 0.000010 0.314174 0.000010 0.000010
0.000010 0.077621 0.692599 0.020581 0.105198 0.000010 0.103961 0.000010 0.000010
0.329483 0.012060 0.000010 0.193541 0.056760 0.000010 0.022528 0.271528 0.114081
0.433326 0.006747 0.163548 0.198289 0.000010 0.000010 0.010992 0.168971 0.018107
0.548164 0.157487 0.000010 0.198595 0.063254 0.032461 0.000010 0.000010 0.000010
0.473036 0.007602 0.046373 0.343255 0.027868 0.006796 0.000010 0.095051 0.000010
0.461131 0.000010 0.000010 0.305676 0.003145 0.000010 0.022810 0.186643 0.020564
0.295768 0.008885 0.109475 0.402311 0.000010 0.014147 0.000010 0.113779 0.055616
0.294621 0.000010 0.065139 0.522692 0.000010 0.000010 0.000010 0.110912 0.006596
0.467119 0.112072 0.007876 0.213055 0.000010 0.001415 0.003844 0.189546 0.005063
0.333608 0.000010 0.094171 0.336031 0.080108 0.021588 0.000010 0.134464 0.000010
0.264657 0.019500 0.059934 0.492229 0.072578 0.051389 0.000010 0.039694 0.000010
0.462568 0.000010 0.067086 0.280000 0.014907 0.000010 0.000010 0.157768 0.017640
0.327777 0.000010 0.000010 0.367465 0.044683 0.000010 0.000010 0.260025 0.000010
0.418872 0.000010 0.000010 0.273426 0.037638 0.000010 0.010307 0.188992 0.070735
0.000010 0.088373 0.540451 0.000010 0.006900 0.000010 0.359415 0.000010 0.004821
0.014964 0.000010 0.584649 0.000010 0.000010 0.003561 0.396561 0.000010 0.000225
0.026225 0.000010 0.626704 0.000010 0.000010 0.000010 0.347011 0.000010 0.000010
0.000010 0.021459 0.636889 0.000010 0.000010 0.000010 0.341591 0.000010 0.000010
0.000010 0.079219 0.622235 0.000010 0.000010 0.000010 0.298486 0.000010 0.000010
0.018033 0.000010 0.663145 0.000010 0.008418 0.000010 0.310353 0.000010 0.000010
0.000010 0.000010 0.663231 0.000010 0.082996 0.000010 0.253713 0.000010 0.000010
0.000010 0.000010 0.685504 0.000010 0.000010 0.014916 0.299520 0.000010 0.000010
0.000010 0.000010 0.620038 0.000010 0.045848 0.000010 0.299894 0.034170 0.000010
0.000010 0.000010 0.638726 0.000010 0.000010 0.000010 0.342639 0.000010 0.018575
0.000010 0.000010 0.661879 0.000010 0.042185 0.000010 0.263015 0.000386 0.032495
0.006123 0.069551 0.621393 0.025450 0.004060 0.000010 0.240592 0.000010 0.032811
