0.196988 0.071740 0.000010 0.188788 0.067278 0.000010 0.010644 0.464532 0.000010
0.257980 0.000010 0.000010 0.000010 0.000010 0.000010 0.168093 0.573866 0.000010
0.204063 0.000010 0.000010 0.153095 0.065622 0.071257 0.063310 0.442624 0.000010
0.356473 0.012882 0.000010 0.117756 0.000010 0.000010 0.097166 0.415683 0.000010
0.324698 0.054536 0.000010 0.000010 0.033352 0.000010 0.020118 0.542667 0.024599
0.175255 0.000010 0.096773 0.043988 0.000010 0.014265 0.154279 0.428608 0.086813
0.294834 0.000010 0.002547 0.087724 0.000010 0.000010 0.062148 0.552708 0.000010
0.339847 0.000010 0.006372 0.000010 0.017870 0.006531 0.161377 0.467973 0.000010
0.326529 0.009772 0.095854 0.000010 0.000010 0.000010 0.046597 0.521208 0.000010
0.258622 0.000010 0.000010 0.226824 0.000010 0.043975 0.063840 0.320996 0.085713
0.195254 0.007991 0.000010 0.120634 0.000010 0.058644 0.086959 0.530489 0.000010
0.341201 0.013091 0.036018 0.020596 0.000010 0.001844 0.050812 0.474752 0.061677
0.356346 0.031644 0.000010 0.068244 0.000010 0.008987 0.158662 0.310015 0.066083
0.461754 0.000915 0.000010 0.095638 0.000010 0.000010 0.057226 0.384427 0.000010
0.212591 0.000010 0.000015 0.109990 0.115684 0.023485 0.062059 0.476157 0.000010
0.389301 0.000010 0.056500 0.143427 0.000010 0.000010 0.063142 0.347591 0.000010
0.307920 0.030602 0.000010 0.000010 0.000010 0.000010 0.100035 0.527221 0.034182
0.309980 0.000010 0.000010 0.000010 0.000010 0.051774 0.105218 0.532977 0.000010
0.285423 0.000010 0.000010 0.073150 0.106853 0.000010 0.117517 0.408147 0.008879
0.267161 0.025030 0.072168 0.022817 0.020256 0.008139 0.164267 0.420152 0.000010
0.330909 0.088700 0.000010 0.141000 0.047548 0.072529 0.034476 0.284819 0.000010
0.290057 0.000010 0.000010 0.055789 0.156129 0.000010 0.079669 0.418317 0.000010
0.185803 0.004541 0.000010 0.105671 0.043733 0.023410 0.026206 0.380668 0.229958
0.200349 0.000012 0.044845 0.110188 0.000010 0.000010 0.071254 0.517331 0.056001
0.311879 0.000010 0.000010 0.095526 0.008875 0.000010 0.142522 0.426169 0.014999
0.446884 0.000010 0.000010 0.117615 0.000010 0.010811 0.040665 0.383985 0.000010
0.351978 0.036464 0.038445 0.000314 0.040367 0.010531 0.105468 0.416423 0.000010
0.478451 0.010544 0.000010 0.035770 0.000010 0.002070 0.000010 0.407631 0.065504
0.267413 0.002341 0.000010 0.038589 0.030251 0.019789 0.075839 0.552447 0.013321
0.337711 0.000010 0.030969 0.025194 0.002258 0.037032 0.185118 0.374304 0.007404
0.261680 0.049461 0.000010 0.051936 0.000010 0.000010 0.026933 0.372881 0.237080
0.367811 0.000010 0.019217 0.087196 0.000010 0.000010 0.039128 0.441621 0.044997
0.346580 0.061425 0.000501 0.000010 0.030433 0.000010 0.133933 0.427098 0.000010
0.485741 0.014884 0.075861 0.043640 0.030020 0.000010 0.000012 0.349822 0.000010
0.080225 0.106038 0.000010 0.079924 0.060570 0.000010 0.198730 0.435341 0.039151
0.466716 0.075713 0.000010 0.037379 0.000010 0.000010 0.014315 0.405837 0.000010
0.330169 0.058957 0.000010 0.071436 0.000010 0.000010 0.122959 0.416439 0.000010
0.483032 0.010825 0.129419 0.000012 0.000010 0.014841 0.000010 0.202488 0.159363
0.314779 0.000010 0.000010 0.115224 0.124028 0.000010 0.055340 0.390589 0.000010
0.243189 0.051401 0.000010 0.143405 0.000010 0.034271 0.101684 0.426019 0.000010
0.224743 0.000010 0.040335 0.234759 0.000010 0.000010 0.094308 0.405815 0.000010
0.443300 0.000010 0.000010 0.000010 0.044224 0.000010 0.024058 0.488368 0.000010
0.328085 0.062639 0.000010 0.180307 0.074927 0.022103 0.059043 0.219607 0.053280
0.251852 0.000010 0.000010 0.122746 0.098031 0.000010 0.011532 0.490012 0.025797
0.205944 0.000010 0.000010 0.123486 0.016353 0.000010 0.109756 0.544421 0.000010
0.139956 0.000010 0.079936 0.195961 0.000010 0.000010 0.203259 0.380848 0.000010
0.297765 0.000010 0.000010 0.146134 0.000010 0.000010 0.000010 0.493814 0.062237
0.341011 0.000010 0.000010 0.171913 0.008047 0.000010 0.003099 0.363400 0.112501
0.066050 0.134377 0.261967 0.088316 0.067628 0.005611 0.139545 0.231289 0.005215
0.039029 0.000010 0.444067 0.133250 0.000010 0.000010 0.117433 0.266181 0.000010
0.062251 0.024886 0.381295 0.108012 0.062356 0.000010 0.118441 0.164766 0.077984
0.067258 0.019392 0.349064 0.163961 0.007282 0.000010 0.137525 0.255498 0.000010
0.215248 0.019024 0.188680 0.171124 0.041060 0.007348 0.047940 0.247904 0.061673
0.023907 0.040852 0.284924 0.143021 0.036929 0.000010 0.146854 0.253302 0.070201
0.283943 0.008600 0.137921 0.168311 0.046840 0.000010 0.140969 0.213395 0.000010
0.163647 0.000010 0.615954 0.087709 0.000010 0.000010 0.066615 0.066035 0.000010
0.253324 0.050951 0.400381 0.000010 0.000010 0.000010 0.091136 0.204167 0.000010
0.195488 0.046532 0.137105 0.139956 0.000010 0.000010 0.156137 0.324751 0.000010
0.112241 0.096864 0.439333 0.182337 0.065562 0.000010 0.000010 0.103633 0.000010
0.084363 0.046133 0.296397 0.191454 0.024705 0.033014 0.164748 0.159177 0.000010
0.165610 0.062762 0.310831 0.029081 0.000010 0.000010 0.255352 0.176335 0.000010
0.254232 0.007062 0.295243 0.113619 0.000010 0.000010 0.140155 0.189658 0.000010
0.210177 0.065801 0.203892 0.058029 0.000010 0.033440 0.135660 0.276350 0.016642
0.313790 0.000010 0.368075 0.000010 0.000010 0.000010 0.027470 0.290614 0.000010
0.263626 0.000010 0.121876 0.011143 0.027439 0.000010 0.197476 0.378410 0.000010
0.196054 0.000010 0.117020 0.013673 0.094266 0.031525 0.150461 0.396982 0.000010
0.111527 0.000010 0.345274 0.083405 0.000010 0.000010 0.068294 0.391460 0.000010
0.254830 0.108178 0.266134 0.000010 0.002610 0.000010 0.175587 0.192630 0.000010
0.201886 0.184873 0.150362 0.218412 0.000010 0.000010 0.000010 0.179712 0.064725
0.284570 0.008779 0.238748 0.023727 0.060190 0.000010 0.100115 0.283851 0.000010
0.240581 0.111561 0.000010 0.192736 0.029495 0.022288 0.034883 0.368436 0.000010
0.430554 0.000010 0.059100 0.001118 0.003064 0.002567 0.017672 0.472641 0.013275
0.391964 0.000010 0.000010 0.027682 0.000010 0.000010 0.000010 0.499825 0.080479
0.383748 0.000010 0.000010 0.000010 0.000010 0.056434 0.094211 0.465557 0.000010
0.329347 0.030803 0.000010 0.109222 0.000010 0.006754 0.152929 0.354483 0.016442
0.402910 0.000010 0.065701 0.000010 0.074215 0.000010 0.054883 0.314193 0.088068
0.347305 0.061871 0.000010 0.000010 0.000010 0.025220 0.060769 0.443036 0.061769
0.360528 0.015093 0.000010 0.070512 0.032237 0.000174 0.050658 0.357547 0.113242
0.546411 0.029952 0.000010 0.000010 0.000010 0.011446 0.000010 0.412141 0.000010
0.407903 0.000010 0.073858 0.000010 0.063552 0.085564 0.002501 0.352971 0.013632
0.145808 0.091917 0.000010 0.117169 0.003096 0.000010 0.204842 0.405385 0.031762
0.359174 0.000010 0.000010 0.000010 0.000010 0.000010 0.118208 0.522120 0.000449
0.303921 0.108718 0.000010 0.000010 0.000010 0.000010 0.037451 0.446802 0.103069
0.392813 0.023605 0.000010 0.077963 0.032404 0.019786 0.006594 0.357229 0.089596
0.378602 0.049577 0.000010 0.069207 0.061797 0.000010 0.023428 0.417358 0.000010
0.303353 0.082273 0.000010 0.075309 0.000010 0.000010 0.106866 0.417102 0.015068
0.239417 0.056943 0.000010 0.048823 0.000010 0.000010 0.069166 0.336738 0.248883
0.347187 0.000010 0.048333 0.014088 0.000010 0.000598 0.078900 0.510863 0.000010
0.312249 0.002384 0.000010 0.033648 0.000010 0.010235 0.130722 0.449283 0.061460
0.352219 0.070238 0.000010 0.179011 0.000010 0.000010 0.021858 0.376634 0.000010
0.210761 0.000010 0.000010 0.084082 0.029902 0.000010 0.086286 0.533466 0.055472
0.404677 0.042767 0.000010 0.001485 0.033763 0.000010 0.000010 0.502694 0.014584
0.420271 0.000010 0.007107 0.163906 0.056093 0.000010 0.002694 0.349899 0.000010
0.330806 0.000010 0.038341 0.026083 0.000010 0.004496 0.042140 0.558104 0.000010
0.442096 0.019300 0.000010 0.088584 0.020403 0.026170 0.000010 0.403417 0.000010
0.157789 0.000010 0.002242 0.198156 0.000010 0.030235 0.209900 0.385084 0.016572
0.291003 0.000010 0.000010 0.082206 0.050947 0.028681 0.083489 0.463644 0.000010
0.114570 0.000010 0.000010 0.338225 0.042452 0.035768 0.037967 0.430987 0.000010
0.176485 0.002417 0.000010 0.020328 0.030857 0.000010 0.239253 0.473086 0.057555
0.274536 0.103259 0.044526 0.083664 0.024501 0.033187 0.052596 0.383721 0.000010
0.291497 0.000010 0.000010 0.000010 0.000010 0.019555 0.135526 0.553371 0.000010
0.152169 0.024758 0.000010 0.014258 0.001597 0.000010 0.105222 0.495725 0.206251
0.196420 0.026796 0.000010 0.104555 0.012045 0.000854 0.048158 0.584185 0.026976
0.155716 0.000010 0.000010 0.055714 0.000010 0.000010 0.197923 0.520380 0.070228
0.301695 0.081008 0.000010 0.000010 0.016634 0.000010 0.115275 0.485348 0.000010
0.220910 0.000010 0.000010 0.000010 0.049178 0.029638 0.258323 0.441911 0.000010
0.239824 0.063927 0.047433 0.153693 0.002160 0.000010 0.065685 0.392764 0.034504
0.332438 0.074797 0.000010 0.043254 0.000010 0.000010 0.028132 0.458241 0.063107
0.236864 0.055567 0.000010 0.085099 0.133448 0.000010 0.000010 0.488982 0.000010
0.170351 0.022072 0.000010 0.151713 0.055926 0.014833 0.123088 0.366110 0.095897
0.274861 0.000010 0.004048 0.178213 0.000010 0.018098 0.119724 0.405026 0.000010
0.195866 0.070829 0.000010 0.026465 0.000010 0.000010 0.145528 0.561272 0.000010
0.258812 0.130520 0.012304 0.111978 0.000010 0.000010 0.164323 0.322033 0.000010
0.368415 0.000010 0.040167 0.006322 0.025476 0.000010 0.000010 0.479703 0.079887
0.163130 0.000010 0.029769 0.055138 0.000010 0.000010 0.198232 0.551493 0.002208
0.289742 0.021435 0.001498 0.000012 0.002933 0.000010 0.189384 0.494977 0.000010
0.132560 0.058634 0.000010 0.088575 0.035710 0.011473 0.145976 0.527054 0.000010
0.245738 0.052654 0.000010 0.227714 0.000010 0.000010 0.015936 0.457919 0.000010
0.264095 0.100737 0.000010 0.000010 0.000010 0.000010 0.074477 0.560641 0.000010
0.154468 0.000010 0.000010 0.188452 0.037107 0.000010 0.115232 0.504700 0.000010
0.356957 0.042772 0.037468 0.119420 0.000010 0.000010 0.000010 0.405067 0.038287
0.209387 0.000010 0.000010 0.073358 0.013207 0.026493 0.052182 0.617460 0.007894
0.326683 0.000010 0.000010 0.112434 0.017351 0.000010 0.117547 0.425945 0.000010
0.277855 0.114843 0.000010 0.037514 0.063179 0.000010 0.093949 0.412630 0.000010
0.298116 0.036640 0.011544 0.091983 0.000010 0.000010 0.061816 0.487498 0.012383
0.273624 0.084607 0.024099 0.120077 0.002618 0.000010 0.136432 0.352809 0.005724
0.390456 0.059046 0.000010 0.065648 0.075382 0.000010 0.000010 0.358507 0.050930
0.269787 0.057661 0.000010 0.000010 0.000010 0.000010 0.216715 0.455786 0.000010
0.099374 0.000010 0.033675 0.083915 0.076905 0.000010 0.128110 0.577992 0.000010
0.422927 0.000010 0.092070 0.000010 0.000010 0.017654 0.148904 0.318406 0.000010
0.256032 0.055990 0.000010 0.076566 0.000010 0.000010 0.148961 0.462411 0.000010
0.163888 0.028022 0.000010 0.114144 0.047075 0.000010 0.166813 0.421473 0.058565
0.254085 0.018494 0.017024 0.097420 0.000010 0.000010 0.095839 0.517108 0.000010
0.240198 0.000010 0.035348 0.194486 0.004487 0.000010 0.007406 0.518045 0.000010
0.287911 0.000101 0.000010 0.140984 0.069507 0.000010 0.020182 0.463937 0.017358
0.272443 0.056090 0.017119 0.101335 0.005045 0.012438 0.108127 0.427392 0.000010
0.296478 0.003762 0.000010 0.058924 0.000010 0.013982 0.113113 0.443120 0.070602
0.047591 0.000010 0.033923 0.190657 0.000010 0.000010 0.122857 0.566406 0.038535
0.299955 0.128060 0.104759 0.000010 0.000010 0.000010 0.096943 0.370243 0.000010
0.192842 0.044406 0.027957 0.186058 0.037487 0.022012 0.056251 0.432977 0.000010
0.388349 0.064728 0.000010 0.000017 0.121995 0.000010 0.000010 0.358956 0.065924
0.177603 0.035785 0.033112 0.095216 0.000010 0.000010 0.021016 0.622381 0.014867
0.252627 0.041250 0.014497 0.101309 0.104833 0.000010 0.096574 0.388890 0.000010
0.099924 0.000010 0.000010 0.198852 0.076669 0.000010 0.041636 0.571253 0.011637
0.174974 0.000010 0.015229 0.103985 0.089660 0.013843 0.106558 0.490728 0.005013
0.290195 0.002617 0.074934 0.222621 0.029308 0.000010 0.018272 0.333784 0.028258
0.272523 0.013730 0.089687 0.050282 0.059345 0.000010 0.000010 0.497204 0.017210
0.168323 0.000010 0.000010 0.227105 0.121262 0.000010 0.033632 0.439597 0.010051
0.189395 0.014411 0.038691 0.237520 0.015732 0.000010 0.074751 0.408959 0.020530
0.166314 0.048403 0.000010 0.272049 0.057062 0.000010 0.000010 0.456132 0.000010
0.297224 0.017545 0.080915 0.153266 0.035492 0.030201 0.000010 0.385338 0.000010
0.229849 0.021169 0.049969 0.106858 0.007360 0.000010 0.136633 0.448143 0.000010
0.292996 0.000010 0.000010 0.085411 0.050722 0.067180 0.000010 0.482944 0.020716
0.215237 0.000010 0.000010 0.095989 0.083423 0.000010 0.031707 0.521553 0.052061
0.198193 0.000010 0.000010 0.207327 0.000010 0.018319 0.091207 0.484914 0.000010
0.190095 0.063573 0.000010 0.176344 0.041620 0.000010 0.121594 0.406745 0.000010
0.120696 0.000010 0.009969 0.235909 0.073618 0.000010 0.178921 0.373485 0.007383
0.141593 0.063654 0.008699 0.143712 0.025528 0.000010 0.029480 0.547119 0.040206
0.230751 0.001921 0.000010 0.170377 0.000010 0.053621 0.058152 0.476959 0.008199
0.256730 0.005257 0.028718 0.093927 0.000010 0.024123 0.078001 0.490387 0.022847
0.203998 0.000010 0.000010 0.237481 0.123970 0.000010 0.076650 0.357860 0.000010
0.163763 0.019760 0.047476 0.139519 0.049845 0.000010 0.000010 0.543610 0.036006
0.276556 0.165787 0.000010 0.137237 0.016227 0.000010 0.000010 0.282869 0.121294
0.260407 0.077474 0.028821 0.024873 0.007387 0.085542 0.129173 0.360693 0.025630
0.087549 0.000010 0.208387 0.154520 0.026342 0.000010 0.137097 0.386074 0.000010
0.167100 0.000010 0.000010 0.051390 0.000010 0.000958 0.175485 0.605028 0.000010
0.218253 0.017626 0.000012 0.113219 0.000010 0.000010 0.187665 0.463195 0.000010
0.090245 0.025665 0.009697 0.224603 0.091132 0.000010 0.124816 0.433822 0.000010
0.164895 0.006005 0.000010 0.112227 0.049594 0.000010 0.264999 0.402251 0.000010
0.071706 0.115776 0.097712 0.122797 0.005722 0.019432 0.143828 0.367246 0.055780
0.138596 0.048661 0.120359 0.022859 0.028319 0.000010 0.118093 0.505402 0.017701
0.225663 0.112148 0.000010 0.102818 0.027447 0.000010 0.116750 0.338555 0.076599
0.263298 0.000010 0.104242 0.144038 0.000010 0.016989 0.076512 0.394891 0.000010
0.264093 0.032519 0.101073 0.082391 0.000010 0.012304 0.100129 0.388641 0.018840
0.267866 0.072882 0.106514 0.045006 0.000010 0.016647 0.089669 0.401396 0.000010
0.063897 0.071694 0.000010 0.246225 0.000010 0.004610 0.111856 0.501687 0.000010
0.268178 0.076899 0.000010 0.052875 0.000010 0.025017 0.173730 0.403271 0.000010
0.189138 0.000010 0.195183 0.131311 0.000010 0.044639 0.132946 0.306754 0.000010
0.126765 0.089348 0.087063 0.107757 0.104477 0.013615 0.000010 0.418207 0.052758
0.102476 0.048288 0.000010 0.055440 0.094252 0.000010 0.190190 0.509324 0.000010
0.156455 0.101560 0.005815 0.070755 0.000010 0.077212 0.168142 0.380060 0.039992
0.348714 0.052178 0.000010 0.035725 0.058209 0.000010 0.061865 0.402699 0.040591
0.256393 0.001366 0.000010 0.060893 0.055715 0.012759 0.165772 0.427608 0.019483
0.168706 0.040114 0.139116 0.215954 0.000010 0.000010 0.169109 0.222759 0.044222
0.229979 0.092781 0.000010 0.129028 0.062813 0.000010 0.063112 0.422258 0.000010
0.287194 0.016575 0.147815 0.000010 0.000010 0.000010 0.183191 0.365185 0.000010
0.224384 0.116083 0.052001 0.113823 0.000010 0.004992 0.108610 0.379873 0.000222
0.000010 0.053056 0.029070 0.000010 0.000010 0.317224 0.024014 0.000010 0.576597
0.000010 0.000010 0.000011 0.000010 0.000010 0.445233 0.036028 0.000010 0.518679
0.000010 0.000010 0.000010 0.000010 0.000010 0.278611 0.021203 0.030989 0.669147
0.000010 0.000010 0.011710 0.005339 0.000010 0.423285 0.000010 0.004711 0.554914
0.000010 0.000010 0.017990 0.000010 0.000010 0.348538 0.012220 0.010941 0.610272
0.000010 0.014509 0.000010 0.000010 0.000010 0.310740 0.000010 0.000010 0.674692
0.000010 0.025601 0.000010 0.000010 0.067549 0.417989 0.000010 0.000010 0.488810
0.000010 0.000010 0.000010 0.000010 0.000010 0.217118 0.014574 0.003623 0.764635
0.000010 0.000010 0.000010 0.000010 0.000010 0.301553 0.000010 0.031838 0.666550
0.000010 0.030518 0.000010 0.000010 0.000010 0.224653 0.000010 0.000010 0.744769
0.000010 0.000010 0.000010 0.008207 0.016975 0.228111 0.000010 0.044581 0.702086
0.000010 0.061469 0.000010 0.000010 0.000010 0.284352 0.000010 0.000010 0.654119
0.000010 0.045589 0.000010 0.003459 0.000813 0.409014 0.000010 0.000010 0.541085
0.000010 0.000010 0.017417 0.000010 0.034084 0.328964 0.042567 0.000010 0.576928
0.000010 0.026786 0.002813 0.000010 0.000010 0.294023 0.011377 0.003027 0.661945
0.000010 0.005566 0.000010 0.000010 0.000010 0.295342 0.003337 0.000010 0.695705
0.000010 0.000012 0.027910 0.000010 0.000010 0.340227 0.000010 0.024593 0.607218
0.000010 0.000010 0.039373 0.000010 0.000010 0.368664 0.009800 0.000010 0.582113
0.000010 0.000010 0.000010 0.000010 0.000010 0.258376 0.000010 0.000010 0.741554
0.011556 0.000010 0.000010 0.000010 0.012496 0.285037 0.000010 0.010252 0.680619
0.012910 0.028479 0.011952 0.000010 0.031358 0.383275 0.033421 0.000010 0.498585
0.000010 0.000010 0.000010 0.000010 0.000010 0.324222 0.000010 0.000010 0.675708
0.000010 0.000010 0.000010 0.031847 0.000010 0.351316 0.000010 0.000010 0.616777
0.000010 0.088876 0.000010 0.000010 0.000010 0.333775 0.000010 0.000010 0.577289
0.000010 0.034397 0.000010 0.000010 0.031398 0.317096 0.000010 0.000010 0.617059
0.000010 0.000010 0.000010 0.000010 0.012923 0.398755 0.003943 0.020783 0.563556
0.000010 0.047389 0.000010 0.000010 0.000011 0.433945 0.000010 0.000010 0.518606
0.000010 0.000010 0.000010 0.032060 0.000010 0.294305 0.000010 0.020576 0.653008
0.000010 0.000010 0.000010 0.000010 0.834379 0.000010 0.157185 0.000010 0.008376
0.387749 0.021389 0.000010 0.351366 0.000010 0.000010 0.000010 0.184545 0.054911
0.504285 0.000010 0.000010 0.264822 0.040616 0.000010 0.000010 0.111847 0.078389
0.287513 0.000010 0.000010 0.396869 0.000010 0.000010 0.000010 0.230844 0.084724
0.280821 0.000012 0.000010 0.383028 0.059219 0.000010 0.043830 0.171670 0.061400
0.532434 0.000010 0.000010 0.299229 0.000010 0.000010 0.000010 0.121264 0.047023
0.327630 0.000010 0.000010 0.385849 0.029340 0.000010 0.000010 0.158704 0.098437
0.450972 0.000010 0.000010 0.314862 0.091634 0.000010 0.000010 0.087027 0.055466
0.474197 0.030682 0.000010 0.385384 0.000010 0.000010 0.000010 0.109687 0.000010
0.442227 0.000010 0.000010 0.367093 0.075519 0.000010 0.000010 0.115089 0.000032
0.420040 0.000010 0.020898 0.191745 0.000010 0.034723 0.017665 0.314900 0.000010
0.333828 0.000010 0.000010 0.316242 0.045066 0.000010 0.013579 0.291246 0.000010
0.385400 0.034333 0.000010 0.271002 0.034735 0.000010 0.008915 0.212870 0.052725
0.471118 0.000010 0.000010 0.220840 0.000010 0.000010 0.063580 0.188691 0.055731
0.543945 0.049109 0.029356 0.232439 0.059565 0.000010 0.010624 0.056562 0.018389
0.264194 0.000010 0.000010 0.337177 0.000010 0.000297 0.073691 0.324602 0.000010
0.387192 0.000010 0.000010 0.497422 0.000010 0.000010 0.047767 0.067569 0.000010
0.305549 0.000010 0.000010 0.301952 0.080316 0.000010 0.003798 0.292506 0.015849
0.572386 0.008115 0.003700 0.196377 0.051983 0.000010 0.000010 0.120223 0.047196
0.479939 0.012558 0.000010 0.208982 0.000010 0.000010 0.002951 0.246531 0.049009
0.447550 0.000010 0.000010 0.320607 0.000010 0.007861 0.000010 0.223932 0.000010
0.419152 0.000010 0.040566 0.301667 0.080514 0.000010 0.075539 0.082532 0.000010
0.434724 0.000012 0.000010 0.234999 0.000010 0.027946 0.057996 0.238964 0.005339
0.405645 0.016791 0.032761 0.303605 0.000010 0.002533 0.111829 0.126816 0.000010
0.233473 0.000010 0.000010 0.368998 0.000010 0.000010 0.030619 0.366400 0.000470
0.338680 0.000010 0.023326 0.410274 0.000010 0.000010 0.061647 0.109908 0.056134
0.471075 0.005968 0.000010 0.368863 0.000010 0.077279 0.042920 0.033866 0.000010
0.434238 0.000010 0.000010 0.402579 0.000010 0.000010 0.000010 0.162551 0.000581
0.580531 0.000010 0.045740 0.192564 0.007200 0.025295 0.004468 0.083162 0.061031
0.000010 0.000010 0.008642 0.000010 0.903934 0.050420 0.036954 0.000010 0.000010
0.006172 0.000010 0.000010 0.000010 0.968625 0.000010 0.025142 0.000010 0.000010
0.000010 0.000010 0.043088 0.000010 0.956842 0.000010 0.000010 0.000010 0.000010
0.000010 0.030196 0.000010 0.019666 0.881093 0.023332 0.038821 0.006863 0.000010
0.077800 0.000010 0.000014 0.000010 0.808015 0.000012 0.062702 0.000010 0.051427
0.022879 0.000010 0.000010 0.014719 0.951265 0.000010 0.011086 0.000010 0.000010
0.000010 0.000010 0.000010 0.000010 0.986279 0.000010 0.000010 0.000010 0.013651
0.000010 0.040622 0.000010 0.000010 0.879680 0.000010 0.000010 0.058993 0.020655
0.008652 0.004680 0.000010 0.000010 0.925642 0.000010 0.006453 0.012039 0.042505
0.000010 0.000010 0.000010 0.046962 0.920486 0.029522 0.000010 0.000010 0.002980
0.015691 0.000010 0.006326 0.000010 0.950377 0.000010 0.000010 0.007959 0.019607
0.012240 0.000010 0.026824 0.000010 0.960876 0.000010 0.000010 0.000010 0.000010
0.000010 0.000010 0.000011 0.012506 0.964845 0.000010 0.000010 0.000010 0.022587
0.025228 0.000010 0.000010 0.000010 0.974702 0.000010 0.000010 0.000010 0.000010
0.000010 0.000010 0.000010 0.000010 0.941960 0.000011 0.000010 0.000010 0.057968
0.000010 0.000010 0.000010 0.000010 0.979171 0.015403 0.000010 0.000010 0.005365
0.009703 0.003679 0.000010 0.000010 0.969752 0.000010 0.000010 0.000010 0.016816
0.506525 0.000010 0.000010 0.180608 0.000010 0.016446 0.015223 0.268298 0.012870
0.619937 0.000010 0.000010 0.000010 0.000010 0.000010 0.000010 0.305982 0.074021
0.478503 0.063655 0.010930 0.116406 0.000010 0.036953 0.000010 0.288346 0.005188
0.568913 0.000010 0.042395 0.063251 0.028804 0.000010 0.000010 0.208947 0.087661
0.554339 0.000010 0.000010 0.076077 0.000010 0.024309 0.000010 0.345225 0.000010
0.606748 0.000010 0.031236 0.000010 0.010998 0.011992 0.000010 0.252898 0.086098
0.454362 0.000010 0.000010 0.189915 0.023662 0.000010 0.034573 0.261518 0.035939
0.619524 0.013689 0.000010 0.034420 0.000010 0.000010 0.000010 0.229814 0.102513
0.610889 0.000010 0.000010 0.067397 0.000010 0.000010 0.000010 0.244252 0.077412
0.586692 0.000010 0.000010 0.158921 0.000010 0.000010 0.034759 0.134007 0.085582
0.573425 0.013758 0.000010 0.151757 0.032674 0.000010 0.018773 0.178469 0.031125
0.588670 0.016053 0.033442 0.114016 0.023568 0.010557 0.000010 0.177426 0.036258
0.710667 0.000010 0.098518 0.011959 0.000010 0.012163 0.000010 0.166653 0.000010
0.478401 0.041723 0.000010 0.027589 0.057968 0.033435 0.000010 0.305738 0.055125
0.500048 0.076472 0.000010 0.000010 0.020612 0.000010 0.000010 0.324475 0.078353
0.500570 0.000010 0.000010 0.111477 0.000010 0.027391 0.000010 0.360512 0.000010
0.629399 0.001616 0.000010 0.148015 0.024356 0.000010 0.000010 0.196574 0.000010
0.554358 0.070928 0.000010 0.106039 0.000010 0.000010 0.000010 0.268626 0.000010
0.350193 0.086593 0.000010 0.103998 0.081689 0.000010 0.000010 0.243232 0.134265
0.489827 0.056726 0.000010 0.000010 0.000010 0.000010 0.000010 0.362935 0.090462
0.624721 0.004530 0.000010 0.000010 0.000010 0.010166 0.016996 0.229204 0.114353
0.699938 0.046758 0.000010 0.117939 0.000010 0.000010 0.018404 0.116921 0.000010
0.491421 0.079575 0.000010 0.042364 0.000010 0.023143 0.053952 0.229681 0.079844
0.546772 0.000010 0.005102 0.057787 0.000010 0.023901 0.042174 0.266789 0.057454
0.525269 0.005009 0.038433 0.059824 0.000010 0.069458 0.000010 0.301978 0.000010
0.462646 0.000010 0.022771 0.069828 0.043612 0.000010 0.067723 0.280294 0.053106
0.663400 0.000010 0.000010 0.079023 0.000010 0.000010 0.000010 0.257517 0.000010
0.587650 0.000010 0.000010 0.119405 0.000010 0.033302 0.033677 0.225926 0.000010
0.655181 0.000010 0.000010 0.101486 0.102179 0.020089 0.000010 0.121026 0.000010
0.583007 0.002208 0.028964 0.042342 0.017999 0.000010 0.000010 0.268350 0.057111
0.464514 0.000010 0.000010 0.162142 0.000010 0.000010 0.000010 0.373285 0.000010
0.521873 0.007328 0.000010 0.126184 0.000010 0.007908 0.000010 0.336667 0.000010
0.598467 0.010728 0.000010 0.026209 0.000010 0.004305 0.012826 0.195055 0.152388
0.608622 0.000010 0.003444 0.070823 0.069880 0.000010 0.000010 0.193720 0.053482
0.749775 0.000010 0.000010 0.000010 0.000010 0.000010 0.000010 0.233646 0.016520
0.512783 0.062906 0.000010 0.105175 0.000010 0.006601 0.044502 0.241181 0.026832
0.663466 0.000182 0.000010 0.024074 0.005007 0.000010 0.022137 0.255926 0.029187
0.493187 0.000010 0.062911 0.027765 0.000010 0.019918 0.040495 0.254681 0.101023
0.675301 0.016963 0.030663 0.008978 0.000010 0.000010 0.000010 0.228149 0.039915
0.542571 0.000010 0.008294 0.050124 0.091273 0.000010 0.000010 0.272897 0.034812
0.646062 0.000010 0.008950 0.000010 0.009034 0.000010 0.035595 0.286578 0.013751
0.519187 0.000010 0.000010 0.113677 0.000010 0.000010 0.000010 0.363594 0.003492
0.670935 0.039489 0.009084 0.000010 0.000010 0.000010 0.005280 0.125843 0.149339
0.572708 0.000010 0.000010 0.153496 0.000010 0.000010 0.000010 0.273736 0.000010
0.395104 0.000010 0.059454 0.152984 0.000010 0.066340 0.000010 0.153926 0.172162
0.682095 0.025881 0.000010 0.030695 0.000010 0.000010 0.000010 0.222661 0.038627
0.390363 0.000010 0.000010 0.000010 0.015490 0.081444 0.041602 0.280092 0.190978
0.607341 0.000010 0.000010 0.018749 0.000010 0.000010 0.083037 0.194475 0.096358
0.591012 0.000010 0.037089 0.013448 0.000010 0.000012 0.000010 0.207122 0.151286
0.482452 0.027110 0.038271 0.000010 0.032129 0.000010 0.029208 0.268890 0.121921
0.501255 0.000010 0.000015 0.000016 0.000010 0.079556 0.003550 0.287390 0.128198
0.583826 0.000010 0.056478 0.054545 0.011886 0.091558 0.012981 0.188707 0.000010
0.529587 0.011232 0.000010 0.010519 0.000010 0.000010 0.000010 0.309108 0.139514
0.637732 0.000010 0.046259 0.000010 0.000010 0.000010 0.000010 0.262871 0.053088
0.568894 0.000010 0.096074 0.000010 0.000010 0.103913 0.000010 0.189712 0.041366
0.183028 0.004417 0.000010 0.005351 0.000032 0.156975 0.000010 0.095251 0.554928
0.473130 0.091868 0.000010 0.136992 0.000010 0.002889 0.033637 0.066225 0.195240
0.690452 0.000010 0.000010 0.000010 0.047700 0.027570 0.000010 0.153965 0.080274
0.527845 0.000010 0.000010 0.133986 0.000010 0.000010 0.101369 0.097626 0.139134
0.579928 0.000010 0.000010 0.076722 0.024653 0.000010 0.000010 0.209455 0.109202
0.498327 0.000010 0.000010 0.000010 0.000010 0.000011 0.000010 0.382413 0.119199
0.533973 0.000010 0.000010 0.000010 0.000010 0.015172 0.000010 0.261786 0.189019
0.603607 0.046118 0.000010 0.000010 0.000010 0.000010 0.000010 0.163518 0.186707
0.558618 0.000010 0.015953 0.130430 0.000010 0.058354 0.000010 0.188750 0.047865
0.676584 0.001542 0.000010 0.000010 0.000010 0.000010 0.059033 0.161751 0.101050
0.684357 0.000010 0.000010 0.076199 0.000010 0.000010 0.000010 0.210696 0.028699
0.438548 0.000010 0.068633 0.173895 0.000010 0.046989 0.031531 0.221632 0.018753
0.483783 0.120024 0.078969 0.080793 0.000010 0.000010 0.000010 0.076102 0.160300
0.482483 0.081165 0.013136 0.095369 0.053006 0.106456 0.000010 0.128270 0.040105
0.724765 0.016445 0.001394 0.034979 0.000010 0.000010 0.032415 0.182556 0.007426
0.601163 0.042853 0.000010 0.084805 0.051519 0.022930 0.000010 0.185914 0.010797
0.595082 0.000567 0.000010 0.042710 0.000010 0.047148 0.000010 0.314452 0.000010
0.522993 0.000010 0.000010 0.000010 0.045495 0.013643 0.000010 0.262027 0.155802
0.566814 0.000010 0.046991 0.109530 0.012418 0.000010 0.000010 0.173883 0.090335
0.624522 0.073628 0.000010 0.038143 0.000010 0.021024 0.012067 0.170842 0.059754
0.520297 0.026134 0.000010 0.147382 0.000010 0.000010 0.000010 0.172341 0.133805
0.793662 0.043192 0.000010 0.049163 0.000010 0.000010 0.000010 0.068261 0.045682
0.678140 0.000010 0.000010 0.022220 0.023870 0.006686 0.029267 0.239788 0.000010
0.516674 0.000010 0.000010 0.019873 0.000010 0.023863 0.000010 0.221796 0.217755
0.555176 0.000010 0.000010 0.047898 0.000010 0.006433 0.000010 0.249595 0.140858
0.545047 0.000010 0.000010 0.223680 0.057265 0.000010 0.000010 0.113250 0.060717
0.611122 0.000010 0.031499 0.000010 0.000010 0.000010 0.060959 0.199658 0.096721
0.719039 0.069320 0.000010 0.086620 0.000010 0.006528 0.000010 0.115178 0.003285
0.543058 0.000010 0.043926 0.015029 0.041743 0.026954 0.000010 0.131444 0.197826
0.535966 0.012434 0.000010 0.000010 0.000010 0.000010 0.000010 0.271046 0.180504
0.501441 0.000010 0.000010 0.075291 0.000010 0.000010 0.000010 0.329486 0.093732
0.452123 0.000010 0.096882 0.188391 0.027419 0.000010 0.016045 0.193538 0.025582
0.000010 0.061202 0.006575 0.084405 0.651069 0.000010 0.129223 0.046560 0.020946
0.000010 0.000010 0.000010 0.000010 0.771582 0.004339 0.203634 0.000010 0.020395
0.000010 0.006732 0.000010 0.022907 0.848642 0.021536 0.081900 0.000010 0.018252
0.000010 0.028137 0.028242 0.000010 0.789826 0.000010 0.153745 0.000010 0.000010
0.000010 0.000010 0.000010 0.000016 0.917143 0.000010 0.082781 0.000010 0.000010
0.000010 0.000010 0.000010 0.014998 0.779747 0.014581 0.178065 0.000010 0.012568
0.056003 0.058579 0.000010 0.003102 0.625032 0.000010 0.245083 0.000010 0.012170
0.576954 0.012815 0.041725 0.189679 0.101224 0.000010 0.000010 0.043280 0.034302
0.515705 0.026007 0.000010 0.224534 0.084879 0.000010 0.023366 0.125478 0.000010
0.535270 0.015686 0.000010 0.349481 0.000010 0.000010 0.000010 0.065133 0.034391
0.715256 0.059026 0.000010 0.000010 0.003538 0.000010 0.000010 0.195717 0.026423
0.510916 0.091494 0.000010 0.245034 0.056004 0.054168 0.000010 0.022962 0.019402
0.657669 0.000010 0.000010 0.218155 0.000010 0.000010 0.000010 0.019064 0.105063
0.529623 0.000010 0.000010 0.368079 0.000010 0.000010 0.049780 0.011992 0.040487
0.513825 0.000010 0.016265 0.297630 0.000010 0.017722 0.000010 0.154518 0.000010
0.737426 0.012609 0.000010 0.152810 0.000010 0.000010 0.000010 0.059507 0.037608
0.592245 0.057337 0.000010 0.235860 0.000010 0.000010 0.003115 0.111403 0.000010
0.430219 0.024159 0.000010 0.015443 0.043064 0.000010 0.056979 0.386064 0.044052
0.534276 0.000573 0.000010 0.136607 0.000010 0.000010 0.000010 0.268477 0.060026
0.420797 0.000010 0.000010 0.365583 0.000010 0.000010 0.000010 0.178747 0.034823
0.398091 0.000010 0.000010 0.087818 0.040204 0.000010 0.000010 0.224734 0.249113
0.616020 0.000010 0.068579 0.000010 0.003090 0.000010 0.000010 0.271605 0.040666
0.565276 0.000010 0.000010 0.035460 0.004744 0.037178 0.000010 0.352884 0.004428
0.489123 0.000010 0.138558 0.035968 0.008094 0.004481 0.011989 0.254214 0.057561
0.523918 0.000010 0.000010 0.107754 0.059366 0.078298 0.000010 0.207321 0.023313
0.415178 0.000010 0.000010 0.041221 0.055365 0.063417 0.000010 0.349446 0.075342
0.328458 0.044190 0.000010 0.265675 0.000010 0.013098 0.000010 0.246448 0.102101
0.581872 0.045851 0.000010 0.000010 0.000010 0.048699 0.025765 0.129449 0.168335
0.621079 0.000010 0.000010 0.196980 0.000010 0.000010 0.000010 0.144688 0.037202
0.704289 0.000010 0.083887 0.000010 0.000010 0.000010 0.075521 0.133628 0.002635
0.638928 0.000010 0.000010 0.132232 0.000010 0.084398 0.000010 0.136786 0.007616
0.414645 0.000010 0.000010 0.116538 0.074289 0.079783 0.000010 0.261762 0.052953
0.352517 0.000010 0.000010 0.061259 0.000010 0.000010 0.046059 0.379098 0.161027
0.618645 0.000010 0.000010 0.049822 0.000010 0.003585 0.000010 0.138906 0.189001
0.656079 0.000010 0.000010 0.039498 0.041153 0.000010 0.026930 0.236301 0.000010
0.337080 0.000010 0.000010 0.279616 0.008632 0.053393 0.000010 0.157189 0.164060
0.493468 0.000010 0.078433 0.030848 0.092741 0.010774 0.000010 0.205903 0.087813
0.501655 0.000010 0.000010 0.173869 0.065981 0.068230 0.012338 0.177898 0.000010
0.387573 0.041123 0.000010 0.050248 0.000010 0.024153 0.000010 0.297428 0.199446
0.492212 0.000010 0.000010 0.229011 0.043955 0.010059 0.000010 0.177749 0.046984
0.489937 0.046071 0.000010 0.236360 0.000010 0.061960 0.108375 0.057267 0.000010
0.685426 0.000010 0.002772 0.000010 0.000010 0.050296 0.016119 0.223280 0.022077
0.000010 0.901608 0.098322 0.000010 0.000010 0.000010 0.000010 0.000010 0.000010
0.000010 0.875941 0.000010 0.058553 0.000010 0.000010 0.047423 0.018033 0.000010
0.000010 0.910838 0.032278 0.000010 0.000010 0.000010 0.056824 0.000010 0.000010
0.000010 0.975206 0.000010 0.000010 0.000010 0.000010 0.023171 0.001563 0.000010
0.093315 0.000010 0.349853 0.039684 0.099183 0.000010 0.391194 0.000010 0.026742
0.000010 0.050431 0.566265 0.027308 0.000010 0.000010 0.355945 0.000010 0.000010
0.000010 0.000013 0.392317 0.044386 0.064834 0.000010 0.269751 0.209953 0.018725
0.019920 0.000010 0.524735 0.025106 0.017098 0.000010 0.412208 0.000010 0.000904
0.015922 0.037787 0.335187 0.057653 0.000012 0.075029 0.321564 0.156835 0.000010
0.000157 0.000010 0.469949 0.014394 0.109864 0.000010 0.376659 0.000010 0.028947
0.000010 0.090998 0.532418 0.007534 0.040753 0.000010 0.328257 0.000010 0.000010
0.000010 0.000010 0.413163 0.060749 0.000010 0.000010 0.337177 0.151324 0.037547
0.000010 0.000010 0.477472 0.095148 0.000010 0.000010 0.427320 0.000010 0.000010
0.001921 0.000012 0.439105 0.102234 0.111804 0.036999 0.307906 0.000010 0.000010
0.667346 0.000010 0.000010 0.014531 0.000010 0.000010 0.000010 0.238948 0.079125
0.598011 0.000010 0.010419 0.066082 0.000010 0.060409 0.043155 0.179886 0.042017
0.405674 0.000010 0.000010 0.256401 0.000010 0.095996 0.000010 0.241878 0.000010
0.658975 0.000010 0.000010 0.151262 0.000015 0.054042 0.130005 0.000010 0.005671
0.683400 0.003628 0.000010 0.092216 0.000010 0.023690 0.000010 0.196164 0.000873
0.614552 0.067855 0.000010 0.000010 0.018613 0.000010 0.000010 0.288681 0.010259
0.463916 0.046964 0.000010 0.000010 0.000010 0.067865 0.025002 0.254628 0.141595
0.458122 0.000010 0.000010 0.000010 0.000010 0.043874 0.030281 0.413938 0.053745
0.648424 0.000010 0.001806 0.022488 0.085776 0.000010 0.000010 0.147453 0.094024
0.536556 0.000010 0.000010 0.110282 0.000010 0.005719 0.000010 0.234374 0.113029
0.451729 0.000010 0.000010 0.150362 0.000010 0.058604 0.000010 0.303582 0.035682
0.477226 0.003521 0.013285 0.098983 0.000010 0.013475 0.000010 0.254480 0.139010
0.587538 0.000010 0.000010 0.052681 0.033436 0.000010 0.000010 0.222927 0.103378
0.419342 0.126287 0.000010 0.107308 0.000010 0.000010 0.000010 0.261861 0.085162
0.515209 0.127609 0.004557 0.117071 0.017696 0.000010 0.000010 0.079031 0.138806
0.547379 0.082104 0.000010 0.031508 0.000010 0.033118 0.017189 0.106664 0.182019
0.561858 0.033949 0.000010 0.253685 0.000010 0.000010 0.000010 0.132134 0.018333
0.612344 0.003818 0.045571 0.000010 0.053935 0.000010 0.000010 0.229984 0.054318
0.638768 0.000010 0.000010 0.090558 0.000010 0.000010 0.000010 0.270615 0.000010
0.443908 0.136924 0.000010 0.051860 0.014326 0.019794 0.006395 0.266311 0.060473
0.611336 0.025237 0.064093 0.000010 0.000010 0.000010 0.000010 0.257129 0.042166
0.031997 0.015390 0.744330 0.010015 0.020633 0.000010 0.177070 0.000010 0.000544
0.045407 0.108171 0.675572 0.000010 0.002050 0.000010 0.146141 0.022629 0.000010
0.000010 0.158896 0.573183 0.055467 0.000010 0.000010 0.212404 0.000010 0.000010
0.028377 0.005975 0.611024 0.000010 0.072249 0.000010 0.282335 0.000010 0.000010
0.010766 0.068064 0.606187 0.000010 0.023065 0.000010 0.291818 0.000010 0.000071
0.000010 0.000010 0.627276 0.046055 0.028145 0.000010 0.298474 0.000010 0.000010
0.000010 0.008518 0.648629 0.022603 0.053892 0.020419 0.236206 0.000010 0.009714
0.000010 0.085715 0.688931 0.052303 0.011507 0.000010 0.161504 0.000010 0.000010
0.000010 0.028054 0.726074 0.000010 0.000010 0.000010 0.123097 0.081390 0.041344
0.005120 0.040337 0.626406 0.000010 0.009700 0.000010 0.268892 0.000010 0.049515
0.000010 0.045610 0.662797 0.000010 0.042813 0.000010 0.198214 0.000010 0.050526
0.000010 0.075130 0.589193 0.009471 0.000010 0.000012 0.297490 0.000010 0.028674
0.000010 0.115245 0.718119 0.000010 0.050391 0.000010 0.116194 0.000010 0.000010
0.002210 0.000010 0.658645 0.000010 0.000010 0.000010 0.317714 0.000010 0.021381
0.000010 0.033535 0.645238 0.000010 0.000010 0.000010 0.242862 0.019274 0.059052
0.068013 0.085325 0.563477 0.000010 0.000010 0.022345 0.260800 0.000010 0.000010
0.037806 0.000010 0.688277 0.000010 0.000010 0.000010 0.220336 0.000010 0.053531
0.020544 0.067328 0.675071 0.000010 0.000010 0.000975 0.236042 0.000010 0.000010
0.068792 0.096991 0.686753 0.000010 0.000010 0.000010 0.139997 0.000010 0.007426
0.000010 0.025697 0.694903 0.028521 0.000010 0.017241 0.233598 0.000010 0.000010
0.000010 0.019002 0.749773 0.056153 0.000010 0.000010 0.175021 0.000010 0.000010
0.000010 0.046777 0.681907 0.038956 0.000010 0.000010 0.178662 0.052048 0.001619
0.000010 0.050169 0.600108 0.000010 0.054771 0.031372 0.263539 0.000010 0.000010
0.000010 0.056331 0.642311 0.000010 0.046185 0.000010 0.194251 0.000010 0.060883
0.039892 0.000375 0.769052 0.052274 0.011593 0.003377 0.123417 0.000010 0.000010
0.066928 0.006887 0.632775 0.000010 0.024250 0.000010 0.269118 0.000013 0.000010
0.000010 0.000010 0.618185 0.031298 0.000010 0.000010 0.348176 0.000010 0.002291
0.000010 0.067479 0.561606 0.000010 0.000010 0.000010 0.337170 0.000010 0.033695
0.031366 0.029633 0.624780 0.000010 0.000010 0.000010 0.314171 0.000010 0.000010
0.054778 0.017760 0.650543 0.037828 0.000010 0.018914 0.201249 0.018909 0.000010
0.000010 0.063438 0.620292 0.000010 0.000010 0.000010 0.275089 0.000010 0.041132
0.038672 0.000010 0.672622 0.005042 0.000010 0.000010 0.248174 0.000010 0.035449
0.000010 0.059761 0.491443 0.000010 0.000010 0.000010 0.341840 0.047668 0.059249
0.000010 0.000010 0.617927 0.081775 0.056379 0.000010 0.243870 0.000010 0.000010
0.000010 0.027001 0.750739 0.025906 0.000010 0.000010 0.165523 0.000010 0.030791
0.000010 0.038738 0.725222 0.000010 0.000010 0.025168 0.210822 0.000010 0.000010
0.003721 0.042634 0.612973 0.000010 0.000010 0.000010 0.258485 0.025712 0.056446
0.000010 0.000010 0.618011 0.000010 0.021044 0.000010 0.323459 0.000010 0.037436
0.000010 0.000010 0.587940 0.095435 0.000010 0.000010 0.299536 0.000010 0.017039
0.000010 0.023531 0.000010 0.000010 0.848135 0.000010 0.125246 0.000010 0.003038
0.000010 0.000010 0.000010 0.000010 0.937010 0.028807 0.000010 0.000010 0.034122
0.050861 0.003804 0.668501 0.003451 0.054870 0.000010 0.165683 0.000010 0.052810
0.000010 0.061098 0.641796 0.000010 0.000010 0.000010 0.224985 0.043798 0.028283
0.416631 0.000010 0.000010 0.293227 0.089986 0.000010 0.032685 0.167430 0.000010
0.261703 0.008316 0.001281 0.461120 0.060179 0.000010 0.000010 0.192002 0.015379
0.362959 0.110660 0.000010 0.352997 0.028411 0.000010 0.000251 0.102734 0.041967
0.298951 0.023883 0.074553 0.343411 0.000010 0.000010 0.000010 0.259161 0.000010
0.372778 0.134599 0.000010 0.325288 0.000010 0.000010 0.011201 0.156093 0.000010
0.433917 0.088009 0.000010 0.228566 0.029863 0.009012 0.024691 0.114487 0.071445
0.353591 0.035870 0.000010 0.402932 0.000010 0.000010 0.000010 0.207557 0.000010
0.497633 0.047304 0.000010 0.326997 0.000010 0.000010 0.014709 0.101700 0.011628
0.293191 0.089259 0.000010 0.427041 0.046447 0.000010 0.000010 0.144022 0.000010
0.268845 0.020257 0.000010 0.422365 0.000010 0.000010 0.000010 0.184514 0.103978
0.248151 0.000010 0.000010 0.417065 0.073526 0.000010 0.000010 0.261209 0.000010
0.436295 0.065216 0.000010 0.291265 0.057588 0.000010 0.039917 0.056930 0.052768
0.276991 0.033733 0.000010 0.466374 0.065383 0.000010 0.035733 0.121756 0.000010
0.000010 0.026739 0.652387 0.030571 0.000010 0.000010 0.290253 0.000010 0.000010
0.000010 0.000010 0.579783 0.072739 0.000010 0.000010 0.323684 0.023744 0.000010
0.000010 0.000010 0.663703 0.000010 0.000010 0.000010 0.280414 0.015844 0.039989
0.000010 0.000010 0.646361 0.000010 0.036434 0.000010 0.282294 0.000010 0.034860
0.000010 0.053221 0.618756 0.000010 0.000010 0.000010 0.287485 0.000010 0.040488
0.000010 0.000010 0.630849 0.000010 0.028151 0.000010 0.293210 0.000010 0.047740
0.000010 0.027733 0.623608 0.027200 0.000010 0.000010 0.234528 0.071017 0.015885
0.012579 0.051819 0.630462 0.006398 0.000010 0.000010 0.298702 0.000010 0.000010
0.000010 0.090309 0.488468 0.000014 0.000010 0.000010 0.359379 0.053826 0.007975
0.000010 0.069069 0.515026 0.000010 0.082987 0.000010 0.332867 0.000010 0.000010
0.009333 0.057641 0.664244 0.000010 0.000010 0.000016 0.267882 0.000010 0.000855
0.065722 0.000010 0.547787 0.000010 0.018882 0.000010 0.367559 0.000010 0.000010
