0.329084 0.000010 0.070545 0.000010 0.000010 0.000010 0.025876 0.556374 0.018080
0.410012 0.000010 0.084812 0.000010 0.000010 0.000010 0.025460 0.455800 0.023877
0.135630 0.000010 0.000010 0.050314 0.000010 0.087991 0.096768 0.629258 0.000010
0.375699 0.000010 0.000010 0.147469 0.000010 0.000010 0.072401 0.386516 0.017875
0.264574 0.000010 0.000010 0.000010 0.000010 0.000010 0.195702 0.539664 0.000010
0.145208 0.025188 0.017757 0.119720 0.097814 0.108503 0.052486 0.108534 0.324790
0.360120 0.000010 0.078986 0.055685 0.030657 0.000010 0.000010 0.365019 0.109503
0.516029 0.041902 0.009990 0.028468 0.000010 0.000010 0.105936 0.287395 0.010261
0.154793 0.153673 0.052535 0.099012 0.030354 0.000010 0.100100 0.409513 0.000010
0.254778 0.000010 0.000010 0.173786 0.000010 0.000010 0.137389 0.433997 0.000010
0.349300 0.171841 0.029162 0.000013 0.000010 0.021579 0.024144 0.403942 0.000010
0.329530 0.065712 0.000010 0.051758 0.023741 0.008881 0.112723 0.407634 0.000010
0.323210 0.006974 0.129336 0.071931 0.000010 0.000010 0.067362 0.401156 0.000010
0.378642 0.027449 0.025389 0.010978 0.040014 0.111628 0.059843 0.218803 0.127253
0.309526 0.023663 0.071070 0.000010 0.000010 0.044937 0.111260 0.439514 0.000010
0.308271 0.068817 0.002132 0.043915 0.000010 0.000010 0.020312 0.518079 0.038455
0.152116 0.021564 0.000010 0.024076 0.000010 0.002257 0.105786 0.694169 0.000010
0.262339 0.092934 0.000010 0.097181 0.000010 0.027068 0.080017 0.440430 0.000010
0.221847 0.001200 0.012184 0.010686 0.000010 0.074768 0.165267 0.510125 0.003913
0.025749 0.000010 0.085332 0.140746 0.012522 0.000010 0.206839 0.528782 0.000010
0.357891 0.003895 0.057849 0.074334 0.000010 0.006294 0.045181 0.429974 0.024572
0.338184 0.074486 0.072380 0.000010 0.000010 0.001643 0.000010 0.511196 0.002081
0.274812 0.000010 0.024887 0.068206 0.078588 0.050631 0.076341 0.330387 0.096138
0.271555 0.052695 0.000010 0.096818 0.036646 0.047148 0.033564 0.461553 0.000010
0.157257 0.027430 0.034143 0.069823 0.000010 0.068039 0.136940 0.506349 0.000010
0.356942 0.000010 0.000010 0.168196 0.000010 0.000010 0.047826 0.426986 0.000010
0.152287 0.000010 0.151348 0.000010 0.000010 0.000010 0.096720 0.599594 0.000010
0.384991 0.076001 0.046395 0.000010 0.000010 0.086926 0.000010 0.384583 0.021073
0.144586 0.000010 0.014826 0.174607 0.000010 0.000010 0.082079 0.558676 0.025196
0.389631 0.000010 0.129812 0.014525 0.000010 0.002577 0.092257 0.261580 0.109598
0.468191 0.000010 0.000010 0.029601 0.000010 0.000010 0.131428 0.323658 0.047081
0.434588 0.000010 0.000010 0.041318 0.000010 0.000010 0.024702 0.419676 0.079676
0.201571 0.051703 0.000010 0.111634 0.000010 0.008707 0.028496 0.547033 0.050836
0.375307 0.029901 0.037420 0.000010 0.000010 0.018508 0.099149 0.439685 0.000010
0.120584 0.000010 0.091709 0.078372 0.051021 0.014829 0.128729 0.514736 0.000010
0.228219 0.013247 0.000010 0.172588 0.000010 0.005356 0.106195 0.474366 0.000010
0.294577 0.000010 0.067522 0.175678 0.000010 0.000010 0.097400 0.364783 0.000010
0.317859 0.040723 0.067335 0.032657 0.000010 0.000010 0.093209 0.448186 0.000010
0.190003 0.084975 0.000010 0.170254 0.030761 0.000010 0.093605 0.383714 0.046668
0.323796 0.133623 0.019870 0.102710 0.031393 0.000010 0.096982 0.272537 0.019080
0.192243 0.000010 0.149489 0.157570 0.072192 0.044719 0.000010 0.383758 0.000010
0.276894 0.029044 0.019295 0.117262 0.048392 0.000010 0.040200 0.429034 0.039868
0.202626 0.000010 0.042332 0.101689 0.000010 0.003254 0.118193 0.531875 0.000010
0.302203 0.072640 0.024194 0.000010 0.000010 0.031464 0.109036 0.409554 0.050889
0.120506 0.000458 0.090460 0.000010 0.000832 0.000010 0.191100 0.546228 0.050395
0.160898 0.000010 0.000010 0.109072 0.012571 0.000010 0.198923 0.505878 0.012628
0.200205 0.000010 0.000010 0.122733 0.013190 0.060111 0.122886 0.444146 0.036708
0.302310 0.000010 0.148005 0.098662 0.000010 0.000010 0.000010 0.383645 0.067337
0.158348 0.131345 0.266471 0.065943 0.000010 0.010766 0.162589 0.204518 0.000010
0.152923 0.055969 0.283382 0.115285 0.002153 0.000010 0.055233 0.335035 0.000010
0.102151 0.000010 0.269879 0.126811 0.052733 0.000010 0.176829 0.271567 0.000010
0.001264 0.137383 0.494185 0.092267 0.000010 0.000010 0.154071 0.091610 0.029201
0.166193 0.071386 0.230338 0.020820 0.015039 0.000010 0.019930 0.476274 0.000010
0.127907 0.119358 0.213567 0.082878 0.064683 0.030045 0.043799 0.317753 0.000010
0.082672 0.000010 0.214370 0.264503 0.076687 0.000010 0.091168 0.270571 0.000010
0.174112 0.012127 0.316542 0.111911 0.000010 0.000010 0.156136 0.229142 0.000010
0.000010 0.000010 0.429516 0.124766 0.000010 0.000010 0.199732 0.143001 0.102945
0.235056 0.000010 0.233137 0.000010 0.024563 0.000010 0.150245 0.356958 0.000010
0.026467 0.000010 0.361106 0.149850 0.000010 0.000010 0.270104 0.192433 0.000010
0.082943 0.080933 0.414379 0.000010 0.000010 0.000010 0.242728 0.178977 0.000010
0.147646 0.070969 0.466515 0.000010 0.000010 0.008789 0.243625 0.056377 0.006060
0.184783 0.079332 0.236720 0.073061 0.069486 0.019476 0.000010 0.308907 0.028224
0.120051 0.000010 0.306597 0.075696 0.043817 0.000010 0.186729 0.267080 0.000010
0.037974 0.099361 0.305200 0.148313 0.022797 0.000010 0.061014 0.325320 0.000010
0.101599 0.068630 0.351830 0.071949 0.000010 0.000010 0.181611 0.224351 0.000010
0.237871 0.000010 0.354693 0.035330 0.000010 0.027479 0.165771 0.178826 0.000010
0.036691 0.037237 0.307200 0.114399 0.088489 0.024741 0.090920 0.300313 0.000010
0.057192 0.103250 0.424701 0.054175 0.000010 0.001573 0.099627 0.259462 0.000010
0.088344 0.000010 0.365632 0.249658 0.000010 0.000010 0.087008 0.180183 0.029144
0.145243 0.050171 0.190078 0.191735 0.009915 0.000010 0.069268 0.295645 0.047935
0.135286 0.021884 0.069942 0.007135 0.000010 0.042597 0.144966 0.241850 0.336331
0.319709 0.045336 0.076364 0.092317 0.000010 0.000010 0.084742 0.368793 0.012720
0.297363 0.061980 0.062605 0.067936 0.058590 0.010717 0.000010 0.440789 0.000010
0.195783 0.000010 0.000010 0.188269 0.000010 0.000010 0.156948 0.458949 0.000010
0.327586 0.028085 0.000010 0.000010 0.035472 0.105073 0.040240 0.463515 0.000010
0.179831 0.055082 0.004187 0.000010 0.002039 0.033706 0.089927 0.635208 0.000010
0.294833 0.012299 0.141304 0.106142 0.000010 0.000010 0.002239 0.443154 0.000010
0.237704 0.000010 0.000010 0.081920 0.038544 0.000010 0.041204 0.464372 0.136226
0.324883 0.000010 0.050079 0.048911 0.077392 0.038626 0.072080 0.349413 0.038607
0.343830 0.000010 0.007127 0.032682 0.000010 0.020311 0.137192 0.348270 0.110567
0.159905 0.068088 0.008937 0.000010 0.000010 0.031586 0.158374 0.573080 0.000010
0.287761 0.115758 0.000010 0.068388 0.034224 0.000010 0.031766 0.382229 0.079853
0.173249 0.000010 0.095763 0.050694 0.000010 0.052460 0.155058 0.429608 0.043148
0.278601 0.000010 0.007961 0.092297 0.071702 0.016130 0.098904 0.411509 0.022886
0.261445 0.035880 0.093280 0.122322 0.000010 0.006090 0.000010 0.426573 0.054389
0.128669 0.030917 0.000010 0.170429 0.000010 0.000010 0.164865 0.458855 0.046234
0.041791 0.000010 0.097779 0.048343 0.015523 0.087579 0.115362 0.423785 0.169829
0.343973 0.023780 0.051375 0.070397 0.000010 0.000010 0.048465 0.461980 0.000010
0.378868 0.000010 0.097244 0.000010 0.000010 0.027928 0.133113 0.361353 0.001464
0.318573 0.094978 0.044095 0.040586 0.000010 0.000010 0.023549 0.459786 0.018414
0.196004 0.015035 0.125246 0.115312 0.000010 0.000010 0.109173 0.363984 0.075226
0.264137 0.010444 0.000010 0.068949 0.000010 0.042937 0.046445 0.533092 0.033975
0.211014 0.000010 0.081860 0.089398 0.000010 0.019916 0.206828 0.349876 0.041088
0.388344 0.015844 0.051752 0.071247 0.000010 0.005773 0.072727 0.394293 0.000010
0.264117 0.017633 0.000010 0.098182 0.008978 0.022896 0.025663 0.562511 0.000010
0.068538 0.032438 0.000010 0.120057 0.000010 0.003429 0.192824 0.582685 0.000010
0.133599 0.000010 0.081815 0.025054 0.009967 0.000010 0.212592 0.536943 0.000010
0.102410 0.061857 0.025239 0.020848 0.001066 0.000010 0.254624 0.533936 0.000010
0.058706 0.140539 0.000010 0.060260 0.000010 0.000010 0.183027 0.519391 0.038047
0.227318 0.000010 0.000010 0.174727 0.000010 0.000010 0.106372 0.491534 0.000010
0.154787 0.106117 0.032051 0.003487 0.019569 0.002741 0.150363 0.374722 0.156163
0.088041 0.000010 0.044672 0.000010 0.000010 0.122538 0.090904 0.182064 0.471751
0.133131 0.063150 0.000010 0.152796 0.000010 0.136995 0.117725 0.312346 0.083838
0.234228 0.036112 0.000010 0.000010 0.037267 0.022669 0.130521 0.539173 0.000010
0.060708 0.022049 0.034591 0.281121 0.121751 0.016328 0.200394 0.263049 0.000010
0.301487 0.000010 0.002288 0.008693 0.000010 0.002549 0.181138 0.503814 0.000010
0.328779 0.072719 0.000010 0.000010 0.046030 0.048752 0.029361 0.474330 0.000010
0.140239 0.061880 0.000010 0.039819 0.048674 0.000010 0.239918 0.469441 0.000010
0.250218 0.000010 0.041488 0.036150 0.000010 0.000010 0.261156 0.410948 0.000010
0.051533 0.000010 0.005000 0.157059 0.000010 0.000010 0.241011 0.545356 0.000010
0.197325 0.000010 0.137446 0.052012 0.000010 0.000010 0.114858 0.498319 0.000010
0.165121 0.000010 0.000010 0.148318 0.000010 0.020580 0.208760 0.457181 0.000010
0.117839 0.010530 0.074973 0.099114 0.076597 0.000010 0.140025 0.440352 0.040560
0.220665 0.000010 0.008531 0.121714 0.026335 0.000010 0.138041 0.447769 0.036925
0.185372 0.016890 0.136572 0.154680 0.000010 0.000010 0.081785 0.416564 0.008117
0.225156 0.038899 0.076297 0.065549 0.073076 0.000010 0.098098 0.422904 0.000010
0.299547 0.000010 0.042775 0.111063 0.000214 0.000010 0.169913 0.376458 0.000010
0.000010 0.000010 0.000010 0.071663 0.180729 0.015786 0.125996 0.605786 0.000010
0.213960 0.000010 0.000010 0.098049 0.004696 0.000010 0.180465 0.502790 0.000010
0.250819 0.000010 0.000010 0.195315 0.000010 0.000010 0.108575 0.445242 0.000010
0.269160 0.000010 0.000010 0.096360 0.000010 0.055672 0.162458 0.366980 0.049341
0.190562 0.000010 0.000010 0.172590 0.018209 0.000010 0.127269 0.491330 0.000010
0.264094 0.046370 0.074518 0.162754 0.000010 0.000010 0.086323 0.359657 0.006264
0.178190 0.055737 0.033005 0.000010 0.000010 0.000010 0.207836 0.525192 0.000010
0.138599 0.131622 0.019678 0.025731 0.000010 0.000010 0.155334 0.529006 0.000010
0.263742 0.000010 0.087869 0.209515 0.000010 0.000010 0.053757 0.383305 0.001783
0.264742 0.038975 0.135534 0.000010 0.008011 0.007070 0.095140 0.450415 0.000104
0.156801 0.043820 0.000010 0.149228 0.000010 0.000010 0.201148 0.408986 0.039987
0.321045 0.000010 0.062420 0.104713 0.030179 0.000010 0.060369 0.416771 0.004482
0.238192 0.000010 0.091079 0.171690 0.000010 0.000010 0.085555 0.413444 0.000010
0.240025 0.000010 0.094509 0.109680 0.000010 0.023477 0.119035 0.378897 0.034357
0.186530 0.000010 0.026973 0.038133 0.044686 0.014234 0.137424 0.552000 0.000010
0.269305 0.000010 0.000010 0.089155 0.058340 0.020680 0.094989 0.467501 0.000010
0.203145 0.022291 0.073303 0.120995 0.000010 0.000010 0.000010 0.507150 0.073087
0.166542 0.000010 0.000010 0.142191 0.095029 0.000010 0.181513 0.414685 0.000010
0.228752 0.010926 0.066384 0.135346 0.000010 0.000010 0.089984 0.460826 0.007761
0.000020 0.010605 0.098351 0.238128 0.065625 0.022603 0.148609 0.416048 0.000010
0.189096 0.000010 0.154351 0.069078 0.000010 0.036983 0.095061 0.416704 0.038706
0.307956 0.002976 0.000010 0.002382 0.000010 0.053057 0.088217 0.542155 0.003236
0.174338 0.000010 0.000010 0.000010 0.026200 0.000010 0.282230 0.517183 0.000010
0.325260 0.009058 0.000010 0.095697 0.000010 0.000010 0.133129 0.436815 0.000010
0.275418 0.086357 0.038232 0.016817 0.011599 0.039792 0.000010 0.531766 0.000010
0.160748 0.020694 0.090194 0.113549 0.019171 0.039409 0.077069 0.478575 0.000592
0.227243 0.148553 0.000010 0.145685 0.000010 0.000010 0.097140 0.381339 0.000010
0.212913 0.026531 0.118113 0.000010 0.013184 0.000010 0.016051 0.592048 0.021140
0.216796 0.084581 0.061029 0.088741 0.000010 0.000010 0.076302 0.407897 0.064634
0.213583 0.139005 0.050920 0.014894 0.015319 0.009734 0.089397 0.407674 0.059475
0.176894 0.000010 0.000010 0.126952 0.089473 0.011944 0.020809 0.573897 0.000010
0.106669 0.013932 0.031513 0.194638 0.000010 0.000010 0.086995 0.449310 0.116923
0.109189 0.000010 0.000010 0.220550 0.036967 0.000010 0.047865 0.585389 0.000010
0.132300 0.025035 0.076321 0.151105 0.099811 0.000010 0.054533 0.460875 0.000010
0.314136 0.055174 0.062769 0.010085 0.016688 0.000010 0.075400 0.465729 0.000010
0.245074 0.095934 0.000010 0.002148 0.000010 0.029314 0.044976 0.582523 0.000010
0.163426 0.022006 0.139569 0.185484 0.034878 0.000010 0.036400 0.414417 0.003810
0.182613 0.072505 0.091214 0.000010 0.124707 0.000010 0.000010 0.497009 0.031922
0.201103 0.038466 0.141610 0.007898 0.000010 0.033211 0.104025 0.473666 0.000010
0.288757 0.143505 0.001911 0.076601 0.000010 0.000010 0.067049 0.422147 0.000010
0.222384 0.057922 0.001703 0.109111 0.000010 0.000010 0.046357 0.562493 0.000010
0.377112 0.073658 0.107106 0.040886 0.018638 0.000010 0.021693 0.360886 0.000010
0.163851 0.091986 0.025945 0.176946 0.040627 0.007583 0.083237 0.409815 0.000010
0.329281 0.000010 0.070842 0.161201 0.000010 0.035493 0.015804 0.387349 0.000010
0.240375 0.000010 0.150972 0.122436 0.000010 0.000010 0.090428 0.395750 0.000010
0.278570 0.000010 0.013206 0.000010 0.153565 0.000010 0.106644 0.420858 0.027127
0.123261 0.000010 0.138963 0.172776 0.000010 0.000010 0.176757 0.358276 0.029938
0.000010 0.000010 0.119728 0.168209 0.000010 0.000010 0.205284 0.506729 0.000010
0.231742 0.025122 0.000010 0.077767 0.000010 0.001506 0.174868 0.424671 0.064303
0.168498 0.020218 0.039134 0.000010 0.010088 0.000010 0.208094 0.553938 0.000010
0.012271 0.000010 0.132590 0.203530 0.044636 0.000010 0.095869 0.511075 0.000010
0.218664 0.048486 0.000010 0.030729 0.000010 0.000010 0.147434 0.554648 0.000010
0.266405 0.082584 0.045028 0.011843 0.000010 0.017309 0.062293 0.514518 0.000010
0.061035 0.000010 0.080160 0.093457 0.029047 0.000010 0.272094 0.464177 0.000010
0.168657 0.000010 0.219824 0.181334 0.044412 0.000010 0.131318 0.254425 0.000010
0.098610 0.000010 0.064475 0.109921 0.058317 0.035331 0.155970 0.477356 0.000010
0.043466 0.000010 0.154316 0.181360 0.000010 0.000010 0.091517 0.529302 0.000010
0.275666 0.029517 0.000010 0.033560 0.106309 0.083379 0.141440 0.309926 0.020193
0.153047 0.052202 0.205741 0.002143 0.000010 0.000010 0.128297 0.458540 0.000010
0.072029 0.000010 0.193566 0.039261 0.000010 0.058214 0.128035 0.468159 0.040716
0.264276 0.001775 0.071319 0.045474 0.031324 0.000010 0.091221 0.494591 0.000010
0.258875 0.000010 0.116649 0.031962 0.076831 0.000010 0.071698 0.443956 0.000010
0.199719 0.000010 0.037184 0.107497 0.096859 0.000010 0.132436 0.417801 0.008484
0.131740 0.000010 0.000010 0.161328 0.000010 0.000010 0.177489 0.476776 0.052627
0.000010 0.000010 0.103104 0.188962 0.067854 0.000010 0.137534 0.379101 0.123415
0.337971 0.000010 0.067376 0.091199 0.000010 0.000010 0.106422 0.396991 0.000010
0.122685 0.000010 0.056863 0.212815 0.018774 0.000010 0.106060 0.482773 0.000010
0.001202 0.033168 0.041201 0.228899 0.000010 0.000010 0.234755 0.460745 0.000010
0.325680 0.014011 0.104963 0.000010 0.070542 0.000010 0.073414 0.360634 0.050735
0.035350 0.000010 0.000442 0.302469 0.000010 0.025679 0.176469 0.459561 0.000010
0.000010 0.000010 0.000010 0.000010 0.000010 0.386075 0.000010 0.021233 0.592632
0.000010 0.000010 0.000010 0.000010 0.000010 0.401645 0.000010 0.000010 0.598285
0.000010 0.000010 0.000010 0.000010 0.000010 0.327322 0.043083 0.000010 0.629535
0.016669 0.000010 0.000010 0.000010 0.000010 0.374654 0.000010 0.000010 0.608616
0.016560 0.000010 0.000010 0.000010 0.000010 0.305698 0.000010 0.009784 0.667908
0.000010 0.000010 0.000010 0.019277 0.000010 0.254483 0.004610 0.000010 0.721580
0.000010 0.032553 0.000010 0.000010 0.000010 0.427351 0.013517 0.000010 0.526529
0.000010 0.011253 0.000010 0.000010 0.000010 0.296924 0.014430 0.000010 0.677344
0.000010 0.012634 0.000010 0.000010 0.000010 0.299313 0.000010 0.031529 0.656473
0.018425 0.000010 0.000010 0.000012 0.000010 0.170172 0.024287 0.000010 0.787064
0.000010 0.010258 0.000010 0.015685 0.000010 0.281436 0.003503 0.000010 0.689077
0.000133 0.000010 0.000010 0.000010 0.016421 0.316579 0.000010 0.018931 0.647897
0.000010 0.044167 0.000010 0.000010 0.000010 0.371771 0.000010 0.000010 0.584002
0.000010 0.004439 0.000010 0.000010 0.004201 0.321954 0.000010 0.000010 0.669356
0.040362 0.000010 0.000010 0.000010 0.000010 0.305951 0.000010 0.000010 0.653628
0.024981 0.000010 0.003854 0.008547 0.000010 0.393271 0.000010 0.000010 0.569308
0.000010 0.000010 0.000010 0.000010 0.000010 0.426700 0.000010 0.028810 0.544430
0.000010 0.005924 0.000010 0.000010 0.000010 0.467569 0.000010 0.000010 0.526447
0.000010 0.013514 0.000010 0.000010 0.000010 0.360908 0.011062 0.000010 0.614466
0.000010 0.000010 0.000010 0.000010 0.000010 0.252526 0.000010 0.024533 0.722880
0.000010 0.000010 0.000010 0.000010 0.005156 0.466604 0.000010 0.000010 0.528180
0.024505 0.000010 0.000010 0.000010 0.000010 0.336570 0.000010 0.000010 0.638865
0.000010 0.094643 0.000010 0.000010 0.000010 0.224907 0.000010 0.000010 0.680390
0.000010 0.000010 0.026362 0.000010 0.000010 0.428770 0.000010 0.000010 0.544808
0.000010 0.000010 0.000010 0.000010 0.000010 0.333512 0.000010 0.000010 0.666418
0.000010 0.000010 0.000010 0.000010 0.015593 0.490360 0.000010 0.000010 0.493988
0.000010 0.000010 0.000010 0.000010 0.001817 0.483521 0.000010 0.000010 0.514601
0.000010 0.000010 0.000010 0.000010 0.000010 0.293543 0.000010 0.000010 0.706387
0.000010 0.005517 0.089255 0.000010 0.701013 0.000010 0.204165 0.000010 0.000010
0.293574 0.042912 0.042841 0.409596 0.050645 0.025611 0.000010 0.134802 0.000010
0.473183 0.000010 0.000010 0.249550 0.033057 0.006816 0.073810 0.163553 0.000010
0.403249 0.100890 0.007367 0.418653 0.000010 0.000010 0.000010 0.069801 0.000010
0.315777 0.015214 0.062195 0.377629 0.000010 0.006654 0.032589 0.189922 0.000010
0.223190 0.000010 0.092176 0.397625 0.000010 0.046369 0.000010 0.240600 0.000010
0.423410 0.000010 0.000010 0.197133 0.032380 0.012126 0.000010 0.319970 0.014951
0.178566 0.078957 0.066974 0.351909 0.022401 0.000010 0.004657 0.280766 0.015762
0.348733 0.043719 0.000010 0.199700 0.039272 0.018430 0.000010 0.350116 0.000010
0.333321 0.040497 0.000010 0.391450 0.000010 0.034860 0.000010 0.191547 0.008295
0.440473 0.000010 0.000010 0.274949 0.020074 0.054061 0.008695 0.201717 0.000010
0.401349 0.082215 0.039569 0.246192 0.000010 0.000010 0.000010 0.230635 0.000010
0.323632 0.027740 0.023831 0.293023 0.013659 0.000010 0.000010 0.299126 0.018969
0.357282 0.010479 0.010545 0.347891 0.014212 0.008649 0.000010 0.222218 0.028714
0.498431 0.000010 0.000010 0.228851 0.025834 0.000010 0.079109 0.167735 0.000010
0.510787 0.000010 0.000010 0.281899 0.122643 0.000010 0.000010 0.084621 0.000010
0.130207 0.000010 0.029864 0.494933 0.000010 0.000010 0.012064 0.275577 0.057324
0.364106 0.008421 0.005747 0.317050 0.000010 0.000010 0.000010 0.304636 0.000010
0.136896 0.000010 0.131417 0.361485 0.016988 0.000010 0.000010 0.325266 0.027918
0.334754 0.020090 0.005070 0.270047 0.075086 0.011690 0.046035 0.196714 0.040514
0.442381 0.000010 0.039379 0.281997 0.000010 0.031784 0.028079 0.163652 0.012708
0.390087 0.000711 0.000010 0.196156 0.000010 0.000010 0.059700 0.353306 0.000010
0.345392 0.191878 0.000010 0.289090 0.014050 0.000010 0.000010 0.159550 0.000010
0.195340 0.000010 0.128563 0.341723 0.061813 0.022032 0.000010 0.187436 0.063072
0.273869 0.000010 0.092026 0.407493 0.013661 0.000010 0.000010 0.212912 0.000010
0.473569 0.042923 0.000010 0.340802 0.063239 0.000010 0.044295 0.035141 0.000010
0.391865 0.000010 0.076284 0.380460 0.055858 0.023215 0.044147 0.028151 0.000010
0.409931 0.000010 0.009828 0.309309 0.008457 0.000010 0.000010 0.225233 0.037213
0.278670 0.000010 0.028383 0.333459 0.022424 0.000010 0.068496 0.268538 0.000010
0.000010 0.000010 0.000010 0.000010 0.958680 0.000010 0.017771 0.023489 0.000010
0.000010 0.000010 0.000010 0.000010 0.986723 0.000010 0.013207 0.000010 0.000010
0.000010 0.000010 0.004175 0.006211 0.948172 0.000010 0.022047 0.019356 0.000010
0.009581 0.000010 0.000010 0.000010 0.973452 0.002393 0.014524 0.000010 0.000010
0.000010 0.148235 0.036793 0.064894 0.639628 0.000010 0.105192 0.000010 0.005229
0.000010 0.000010 0.000010 0.000010 0.968390 0.000010 0.000012 0.031539 0.000010
0.000010 0.000010 0.000010 0.000010 0.979574 0.000010 0.016505 0.003861 0.000010
0.000010 0.000010 0.000010 0.000010 0.999920 0.000010 0.000010 0.000010 0.000010
0.000010 0.000010 0.000010 0.000010 0.970963 0.028967 0.000010 0.000010 0.000010
0.000010 0.000010 0.000010 0.000010 0.976736 0.000010 0.005040 0.000010 0.018164
0.000010 0.000010 0.000010 0.000010 0.973450 0.000010 0.026480 0.000010 0.000010
0.000010 0.000010 0.000010 0.000010 0.969942 0.002486 0.027512 0.000010 0.000010
0.024712 0.000010 0.000010 0.000010 0.975214 0.000010 0.000010 0.000013 0.000010
0.000010 0.000010 0.000010 0.000010 0.954656 0.000010 0.033436 0.011847 0.000010
0.019142 0.000010 0.000010 0.000010 0.980788 0.000010 0.000010 0.000010 0.000010
0.000010 0.000010 0.000010 0.000010 0.976879 0.000010 0.023051 0.000010 0.000010
0.014478 0.000010 0.000010 0.000010 0.948042 0.022543 0.014887 0.000010 0.000010
0.546975 0.018217 0.000010 0.074894 0.000010 0.000010 0.000010 0.359865 0.000010
0.575543 0.059748 0.102925 0.000010 0.000010 0.000010 0.000010 0.210745 0.050998
0.613997 0.000010 0.028581 0.000010 0.000010 0.000010 0.057360 0.300011 0.000010
0.542334 0.000010 0.000010 0.109684 0.000010 0.000010 0.017637 0.289257 0.041048
0.490320 0.026587 0.006363 0.000010 0.000010 0.030766 0.047279 0.368159 0.030505
0.522871 0.000010 0.005657 0.124528 0.000010 0.000010 0.000010 0.320366 0.026538
0.464225 0.013145 0.000010 0.027850 0.051185 0.000010 0.000010 0.388967 0.054599
0.471723 0.032510 0.000010 0.064293 0.000010 0.097327 0.085479 0.177189 0.071459
0.466499 0.000010 0.157174 0.069765 0.000010 0.000010 0.010729 0.295794 0.000010
0.543904 0.000010 0.043829 0.117945 0.004962 0.017866 0.031267 0.240208 0.000010
0.485837 0.068292 0.000010 0.037278 0.000010 0.000010 0.026653 0.367232 0.014678
0.337071 0.000010 0.035053 0.185629 0.000010 0.000010 0.061754 0.243375 0.137087
0.666404 0.000010 0.000010 0.061983 0.000010 0.000010 0.055790 0.215773 0.000010
0.440428 0.000010 0.025757 0.107852 0.000010 0.000010 0.003463 0.398806 0.023665
0.527502 0.000010 0.000010 0.000010 0.019753 0.000010 0.009182 0.443513 0.000010
0.636143 0.086511 0.000660 0.000010 0.000010 0.000010 0.000010 0.276637 0.000010
0.588259 0.006272 0.000010 0.000010 0.000010 0.000010 0.000010 0.405409 0.000010
0.429235 0.039005 0.000010 0.110574 0.111247 0.017040 0.011562 0.267567 0.013760
0.424787 0.025287 0.000010 0.039021 0.000010 0.000010 0.037586 0.383276 0.090013
0.465248 0.031442 0.000010 0.098852 0.000010 0.045570 0.000010 0.307373 0.051484
0.465778 0.073375 0.000010 0.141320 0.015165 0.000010 0.031681 0.272651 0.000010
0.616816 0.020978 0.022627 0.019677 0.052956 0.011580 0.000010 0.255347 0.000010
0.644794 0.043100 0.057669 0.016949 0.000010 0.000010 0.000010 0.237448 0.000010
0.501270 0.065206 0.018900 0.000010 0.000010 0.000010 0.052489 0.362095 0.000010
0.498441 0.000010 0.000010 0.094587 0.000010 0.039701 0.022370 0.344861 0.000010
0.557706 0.010554 0.000010 0.050210 0.000010 0.003825 0.000010 0.377666 0.000010
0.510725 0.000010 0.000010 0.200326 0.029143 0.000010 0.000010 0.259756 0.000010
0.556892 0.000010 0.000010 0.000010 0.018629 0.074423 0.000010 0.323673 0.026344
0.468884 0.017834 0.000010 0.077614 0.000010 0.000010 0.116616 0.319012 0.000010
0.551818 0.023874 0.000010 0.000010 0.000010 0.000010 0.000010 0.265273 0.158984
0.389411 0.045891 0.077904 0.205741 0.000010 0.000010 0.000010 0.281012 0.000010
0.547632 0.000010 0.011061 0.000010 0.000010 0.008317 0.040817 0.380192 0.011950
0.477403 0.000010 0.014671 0.000010 0.032545 0.080035 0.000010 0.337667 0.057649
0.402590 0.000010 0.050554 0.129273 0.081666 0.065834 0.000010 0.214776 0.055288
0.717450 0.029555 0.000010 0.010145 0.000010 0.000010 0.007467 0.235344 0.000010
0.545798 0.042371 0.000010 0.000010 0.000010 0.000010 0.058099 0.353683 0.000010
0.566393 0.000010 0.073981 0.077908 0.040191 0.000010 0.027419 0.199622 0.014467
0.429783 0.000010 0.027958 0.189070 0.000010 0.000010 0.000010 0.353138 0.000010
0.655244 0.000010 0.000010 0.044221 0.000010 0.000010 0.011694 0.276293 0.012507
0.540021 0.061404 0.000010 0.017318 0.008988 0.000010 0.001495 0.333240 0.037513
0.400178 0.013975 0.026143 0.102376 0.007270 0.000010 0.000010 0.449351 0.000687
0.403779 0.000010 0.000010 0.161293 0.000010 0.006574 0.035048 0.350062 0.043214
0.659632 0.000010 0.000010 0.000010 0.037182 0.000010 0.000010 0.250182 0.052954
0.747671 0.037494 0.028516 0.000010 0.000010 0.000010 0.000010 0.084357 0.101922
0.613406 0.006269 0.000010 0.000010 0.004223 0.000010 0.032246 0.196320 0.147505
0.625623 0.000010 0.044458 0.000010 0.000010 0.000010 0.000010 0.152002 0.177868
0.489167 0.012868 0.000010 0.052394 0.012815 0.062701 0.000010 0.262403 0.107632
0.541309 0.014661 0.000010 0.069607 0.000010 0.041336 0.000010 0.239526 0.093532
0.589939 0.000010 0.011568 0.000010 0.036479 0.000010 0.000010 0.271514 0.090459
0.640901 0.000010 0.000010 0.091509 0.006005 0.024162 0.000010 0.237383 0.000010
0.490574 0.073474 0.000010 0.059977 0.000010 0.032617 0.000010 0.323537 0.019792
0.379553 0.000010 0.077442 0.000010 0.048656 0.000010 0.023328 0.252393 0.218597
0.629342 0.072498 0.000010 0.000010 0.051471 0.000010 0.033672 0.188228 0.024760
0.464125 0.054914 0.000010 0.060410 0.000010 0.066956 0.000010 0.204921 0.148644
0.523103 0.000010 0.000010 0.000010 0.038012 0.000010 0.043143 0.160792 0.234909
0.164455 0.000010 0.000010 0.000010 0.003022 0.046209 0.057222 0.000010 0.729052
0.504102 0.000010 0.000010 0.158753 0.035303 0.018862 0.000010 0.216935 0.066014
0.706392 0.000010 0.093740 0.000010 0.000010 0.000010 0.000010 0.146866 0.052953
0.509490 0.081768 0.000010 0.052031 0.000665 0.000010 0.000010 0.140012 0.216004
0.366627 0.000010 0.000010 0.102115 0.000010 0.028783 0.000010 0.386972 0.115463
0.476689 0.094307 0.003404 0.077371 0.000010 0.076585 0.008670 0.262955 0.000010
0.583022 0.106513 0.000010 0.010545 0.000010 0.018521 0.034098 0.247272 0.000010
0.347998 0.088967 0.000010 0.095700 0.000010 0.020486 0.017721 0.260690 0.168418
0.657439 0.000010 0.000291 0.000010 0.000010 0.010158 0.002627 0.281760 0.047694
0.577191 0.006001 0.115231 0.000010 0.000010 0.002478 0.074060 0.031452 0.193567
0.614772 0.058858 0.000010 0.000010 0.000010 0.000010 0.063465 0.112152 0.150713
0.502493 0.000010 0.000010 0.000010 0.000010 0.082569 0.004516 0.322952 0.087430
0.579845 0.062899 0.001243 0.000010 0.020711 0.011227 0.019693 0.298823 0.005550
0.622824 0.000010 0.000010 0.012317 0.035645 0.000010 0.010822 0.233433 0.084929
0.570400 0.000010 0.025741 0.000010 0.000010 0.000010 0.000010 0.247246 0.156562
0.626203 0.000010 0.000010 0.000010 0.000010 0.043941 0.000010 0.230759 0.099047
0.649270 0.000010 0.000010 0.000010 0.000010 0.000010 0.030907 0.319764 0.000010
0.437868 0.045459 0.000010 0.005028 0.000010 0.024251 0.101778 0.243344 0.142252
0.510418 0.022088 0.000010 0.000010 0.008492 0.000010 0.000010 0.292897 0.166065
0.442504 0.030109 0.036553 0.000010 0.000010 0.022827 0.000010 0.325878 0.142099
0.619733 0.000010 0.104684 0.021394 0.000010 0.110853 0.000010 0.079722 0.063585
0.424563 0.011637 0.104429 0.110573 0.062271 0.028010 0.000010 0.149741 0.108766
0.693157 0.059250 0.016318 0.000010 0.000010 0.005441 0.027403 0.166300 0.032112
0.550246 0.006796 0.096610 0.000010 0.000010 0.000010 0.000010 0.268048 0.078261
0.392620 0.002908 0.013122 0.044540 0.000010 0.000010 0.021660 0.304359 0.220772
0.568747 0.039885 0.000010 0.000010 0.016687 0.000010 0.018397 0.191884 0.164371
0.563622 0.000010 0.055852 0.000010 0.057291 0.047006 0.082652 0.182868 0.010689
0.538650 0.000010 0.110466 0.000010 0.044314 0.000010 0.000010 0.241864 0.064666
0.689928 0.030878 0.077570 0.000010 0.000010 0.000010 0.000010 0.201575 0.000010
0.580746 0.000010 0.043271 0.000010 0.000010 0.000010 0.087533 0.087007 0.201404
0.645040 0.000010 0.010092 0.023345 0.000010 0.028660 0.019529 0.273304 0.000010
0.431463 0.026743 0.000010 0.020218 0.103093 0.000010 0.038818 0.330097 0.049548
0.000010 0.000010 0.000010 0.000010 0.857883 0.013581 0.112754 0.000010 0.015732
0.043410 0.000010 0.018888 0.000010 0.831261 0.000010 0.106392 0.000010 0.000010
0.000010 0.000010 0.013448 0.000010 0.937958 0.014574 0.033970 0.000010 0.000010
0.000010 0.020794 0.051815 0.000010 0.707480 0.000010 0.219861 0.000010 0.000010
0.000010 0.000010 0.006396 0.000016 0.879916 0.000010 0.113622 0.000010 0.000010
0.023852 0.004827 0.000010 0.000010 0.855673 0.000010 0.115598 0.000010 0.000010
0.000010 0.030046 0.076938 0.000010 0.775388 0.010877 0.097890 0.000010 0.008831
0.448948 0.085591 0.043068 0.316486 0.000010 0.000010 0.059448 0.046429 0.000010
0.525706 0.005519 0.016240 0.212714 0.000010 0.000010 0.000010 0.239781 0.000010
0.502963 0.000010 0.005345 0.171471 0.000010 0.000010 0.017780 0.231070 0.071342
0.601964 0.000010 0.055422 0.202898 0.000010 0.000010 0.035280 0.104396 0.000010
0.314728 0.004179 0.000010 0.365461 0.070068 0.045516 0.000010 0.200019 0.000010
0.279339 0.085765 0.000010 0.428628 0.000010 0.023655 0.015572 0.167012 0.000010
0.601531 0.000010 0.050420 0.144088 0.066099 0.000010 0.067866 0.069966 0.000010
0.636236 0.000010 0.075491 0.199604 0.000010 0.000010 0.025898 0.062730 0.000010
0.539524 0.002663 0.000010 0.216148 0.000010 0.018705 0.057031 0.155499 0.010410
0.629944 0.000010 0.005490 0.156091 0.074600 0.000010 0.000010 0.123343 0.010502
0.564915 0.046656 0.060248 0.000010 0.000010 0.000010 0.000010 0.309172 0.018970
0.552367 0.017750 0.000010 0.023999 0.022225 0.127405 0.012242 0.228385 0.015616
0.393214 0.000010 0.000010 0.000010 0.000010 0.042919 0.000010 0.399393 0.164424
0.640370 0.027890 0.000010 0.025502 0.000010 0.000010 0.055933 0.233290 0.016984
0.476804 0.090597 0.000010 0.043466 0.000010 0.099153 0.000010 0.257970 0.031980
0.576717 0.000010 0.000010 0.074218 0.000010 0.079182 0.000010 0.191168 0.078676
0.394902 0.000010 0.000010 0.000010 0.011750 0.007191 0.087704 0.435945 0.062478
0.571305 0.000010 0.000010 0.000010 0.000010 0.023372 0.090678 0.209406 0.105198
0.525100 0.013073 0.000010 0.000010 0.000010 0.038164 0.008768 0.339604 0.075261
0.611075 0.002145 0.000010 0.017139 0.000010 0.000010 0.077712 0.220749 0.071150
0.500806 0.057863 0.057010 0.000010 0.000010 0.024780 0.000429 0.310919 0.048173
0.614455 0.029324 0.000010 0.000010 0.000010 0.000010 0.000010 0.349301 0.006869
0.488196 0.000010 0.024927 0.000010 0.000010 0.000010 0.000010 0.354241 0.132586
0.452318 0.035461 0.004783 0.075027 0.000010 0.000010 0.115595 0.218781 0.098015
0.452636 0.000010 0.000010 0.158900 0.000010 0.004775 0.018505 0.289891 0.075264
0.476631 0.000010 0.001576 0.000010 0.047552 0.000010 0.106017 0.332264 0.035929
0.501117 0.015358 0.000010 0.140368 0.038875 0.022199 0.000010 0.123102 0.158961
0.501788 0.045332 0.000010 0.000010 0.000010 0.074171 0.000010 0.333522 0.045147
0.478616 0.013380 0.034800 0.000010 0.000010 0.000010 0.034592 0.363528 0.075054
0.463228 0.000010 0.000010 0.106149 0.058441 0.000010 0.059993 0.288178 0.023981
0.585798 0.022741 0.000010 0.000010 0.000010 0.023221 0.000010 0.365303 0.002897
0.428669 0.047792 0.058770 0.106070 0.000010 0.072124 0.000010 0.285068 0.001487
0.532695 0.000010 0.023090 0.038464 0.000010 0.000010 0.093750 0.152829 0.159140
0.560174 0.037894 0.029734 0.000010 0.000010 0.028042 0.007406 0.264877 0.071852
0.583560 0.000010 0.031179 0.000010 0.037779 0.065208 0.077242 0.205003 0.000010
0.000010 0.856639 0.122771 0.000010 0.000010 0.000010 0.018725 0.001815 0.000010
0.000010 0.723319 0.111943 0.034247 0.000010 0.000010 0.065244 0.065207 0.000010
0.000010 0.912927 0.018463 0.017312 0.020130 0.003197 0.000010 0.027941 0.000010
0.000010 0.927051 0.072879 0.000010 0.000010 0.000010 0.000010 0.000010 0.000010
0.010765 0.000010 0.474585 0.028414 0.000010 0.000010 0.410791 0.075405 0.000010
0.000010 0.000010 0.515783 0.000010 0.043908 0.000010 0.394563 0.021474 0.024232
0.011383 0.000010 0.357773 0.014421 0.078491 0.000010 0.458961 0.078941 0.000010
0.000010 0.000010 0.624838 0.047656 0.084639 0.000010 0.236985 0.005841 0.000010
0.000010 0.000010 0.406993 0.023073 0.038885 0.000010 0.409196 0.121813 0.000010
0.000010 0.000010 0.415350 0.000010 0.000010 0.000010 0.378258 0.172368 0.033973
0.000010 0.009587 0.388827 0.000010 0.055613 0.000010 0.495791 0.050142 0.000010
0.004154 0.000010 0.471380 0.034370 0.114440 0.008274 0.283235 0.084126 0.000010
0.000010 0.024881 0.331977 0.053547 0.000010 0.001732 0.353031 0.234801 0.000010
0.000010 0.000010 0.436586 0.000010 0.135515 0.000707 0.349854 0.060235 0.017073
0.502299 0.000010 0.008858 0.009426 0.000010 0.013752 0.048647 0.345553 0.071445
0.577854 0.070911 0.029333 0.004208 0.000010 0.000010 0.051154 0.178688 0.087832
0.419983 0.000010 0.000010 0.039057 0.122845 0.082475 0.000010 0.304729 0.030881
0.437651 0.000010 0.000010 0.000010 0.000010 0.000010 0.032796 0.304128 0.225375
0.576390 0.000010 0.000010 0.126713 0.000010 0.039669 0.000010 0.257179 0.000010
0.492280 0.090470 0.000010 0.072385 0.042795 0.018856 0.000010 0.273087 0.010106
0.463342 0.063442 0.007731 0.022478 0.000010 0.059749 0.034684 0.348554 0.000010
0.522207 0.000010 0.000010 0.096731 0.058296 0.000010 0.050590 0.272136 0.000010
0.504450 0.070569 0.000010 0.000010 0.000010 0.000010 0.000010 0.332666 0.092266
0.585325 0.000010 0.000010 0.061208 0.000010 0.000010 0.028632 0.297976 0.026819
0.539188 0.110067 0.035119 0.070956 0.000010 0.000010 0.000010 0.199938 0.044703
0.535418 0.000010 0.000010 0.113098 0.098227 0.000010 0.006275 0.246942 0.000010
0.522236 0.013712 0.000010 0.014113 0.000010 0.009220 0.070031 0.286966 0.083703
0.462916 0.031363 0.010231 0.004527 0.000010 0.000010 0.045602 0.337208 0.108133
0.456153 0.004140 0.000010 0.000010 0.000010 0.000010 0.012247 0.350778 0.176642
0.455934 0.000010 0.109540 0.029004 0.000010 0.077875 0.000010 0.238058 0.089559
0.398722 0.048546 0.000010 0.144412 0.000010 0.015743 0.000010 0.281700 0.110847
0.636850 0.019527 0.000010 0.000010 0.000010 0.000010 0.051280 0.176160 0.116142
0.450217 0.000010 0.000010 0.172806 0.039707 0.000010 0.015384 0.215762 0.106094
0.588421 0.000010 0.026839 0.027131 0.000010 0.000010 0.000010 0.247044 0.110526
0.475180 0.000010 0.021623 0.027427 0.000010 0.053634 0.021809 0.379562 0.020744
0.000010 0.084573 0.672362 0.000010 0.000010 0.000010 0.207287 0.035728 0.000010
0.000010 0.063079 0.685517 0.000010 0.000010 0.000010 0.236599 0.014755 0.000010
0.000010 0.033278 0.606374 0.000010 0.000010 0.000010 0.360288 0.000010 0.000010
0.004034 0.000010 0.723119 0.000010 0.011172 0.000010 0.261625 0.000010 0.000010
0.000010 0.000010 0.639663 0.003064 0.039754 0.000010 0.261077 0.056402 0.000010
0.000010 0.044373 0.617148 0.000010 0.035262 0.000010 0.257163 0.046014 0.000010
0.000010 0.000010 0.781876 0.003885 0.000010 0.000010 0.188068 0.000010 0.026120
0.000010 0.125145 0.613943 0.000010 0.085056 0.000010 0.159391 0.000010 0.016425
0.000010 0.013258 0.790852 0.000010 0.000010 0.000010 0.195830 0.000010 0.000010
0.000010 0.000010 0.663528 0.000010 0.000010 0.000010 0.336402 0.000010 0.000010
0.000010 0.102493 0.589591 0.000010 0.000010 0.000010 0.274813 0.000010 0.033053
0.000010 0.000010 0.693198 0.037921 0.000010 0.000010 0.268821 0.000010 0.000010
0.000010 0.177164 0.509622 0.016873 0.063001 0.000010 0.233299 0.000010 0.000010
0.000010 0.000010 0.763257 0.000010 0.000010 0.000010 0.236673 0.000010 0.000010
0.000010 0.060900 0.633210 0.006434 0.000010 0.037656 0.261760 0.000010 0.000010
0.000010 0.036967 0.638558 0.000010 0.000010 0.000010 0.313602 0.000010 0.010823
0.000010 0.052994 0.600802 0.000010 0.000010 0.000010 0.329179 0.016975 0.000010
0.000010 0.000010 0.633010 0.051761 0.028853 0.000010 0.260179 0.026157 0.000010
0.000010 0.049434 0.622466 0.000010 0.054267 0.069716 0.204076 0.000010 0.000010
0.000010 0.000010 0.633121 0.000010 0.000010 0.020184 0.287994 0.058651 0.000010
0.000010 0.065014 0.695983 0.000010 0.000010 0.000010 0.208659 0.030294 0.000010
0.000010 0.071785 0.728274 0.000010 0.029918 0.000010 0.166575 0.000010 0.003408
0.000010 0.095469 0.488080 0.038163 0.047244 0.007614 0.323400 0.000010 0.000010
0.000010 0.000010 0.619942 0.058056 0.000010 0.000010 0.321942 0.000010 0.000010
0.021716 0.000010 0.495650 0.000010 0.132460 0.001324 0.282272 0.066548 0.000010
0.000010 0.016038 0.637482 0.009750 0.000010 0.000010 0.302732 0.033958 0.000010
0.000010 0.000010 0.561735 0.000010 0.088331 0.003888 0.345996 0.000010 0.000010
0.000010 0.000010 0.767144 0.000010 0.000010 0.000010 0.232786 0.000010 0.000010
0.000010 0.014116 0.549513 0.000010 0.063860 0.010148 0.362323 0.000010 0.000010
0.000010 0.076413 0.647751 0.000010 0.000010 0.018993 0.256793 0.000010 0.000010
0.000010 0.043932 0.603201 0.000010 0.000010 0.000010 0.352807 0.000010 0.000010
0.000010 0.000010 0.717930 0.000010 0.000010 0.000010 0.282000 0.000010 0.000010
0.000010 0.033850 0.611067 0.012652 0.000010 0.025794 0.303933 0.009368 0.003316
0.000010 0.000010 0.578499 0.011033 0.092898 0.000010 0.266731 0.047249 0.003559
0.000010 0.000010 0.539544 0.000010 0.000010 0.000010 0.403099 0.025159 0.032148
0.000010 0.023409 0.675226 0.029573 0.000010 0.000010 0.259671 0.000010 0.012082
0.000010 0.026589 0.498422 0.118778 0.023511 0.000010 0.332658 0.000010 0.000010
0.000010 0.041466 0.498851 0.000010 0.122083 0.000010 0.337549 0.000010 0.000010
0.000010 0.018226 0.590665 0.000010 0.010848 0.000010 0.380211 0.000010 0.000010
0.000010 0.054682 0.000010 0.000010 0.787097 0.000010 0.158161 0.000010 0.000010
0.000010 0.000010 0.000010 0.000010 0.948691 0.000010 0.051239 0.000010 0.000010
0.000010 0.000010 0.754264 0.002216 0.006946 0.000010 0.236524 0.000010 0.000010
0.048472 0.144551 0.506326 0.010601 0.013055 0.000010 0.276965 0.000010 0.000010
0.264170 0.003129 0.157488 0.358318 0.000010 0.012872 0.002301 0.201702 0.000010
0.257233 0.000010 0.073542 0.255132 0.072087 0.000010 0.094654 0.247322 0.000010
0.309557 0.094741 0.000010 0.217731 0.000010 0.070814 0.057804 0.249321 0.000010
0.329489 0.037379 0.032232 0.148274 0.039405 0.000010 0.042624 0.308973 0.061614
0.243235 0.000010 0.116333 0.396364 0.025833 0.017683 0.022888 0.177644 0.000010
0.282004 0.032739 0.067414 0.334270 0.004303 0.000010 0.010815 0.268435 0.000010
0.349475 0.035026 0.000010 0.302584 0.081376 0.000010 0.000010 0.231499 0.000010
0.460747 0.037054 0.000010 0.262205 0.000010 0.016673 0.030465 0.192826 0.000010
0.367765 0.000399 0.054853 0.414254 0.000010 0.006802 0.029368 0.126538 0.000010
0.252806 0.000010 0.033058 0.268121 0.019205 0.000010 0.002475 0.424304 0.000010
0.324589 0.034851 0.000010 0.472138 0.049725 0.000010 0.015491 0.103177 0.000010
0.240890 0.000010 0.089236 0.395663 0.010478 0.039165 0.000010 0.224538 0.000010
0.316385 0.107206 0.000010 0.244286 0.000010 0.014196 0.062938 0.254959 0.000010
0.000010 0.000010 0.533370 0.030578 0.034140 0.000010 0.372901 0.000010 0.028970
0.000010 0.044983 0.539057 0.000010 0.037225 0.000010 0.378684 0.000010 0.000010
0.000010 0.000010 0.656574 0.000010 0.000010 0.000010 0.343356 0.000010 0.000010
0.000010 0.160614 0.489563 0.000157 0.000010 0.000010 0.254259 0.095367 0.000010
0.000010 0.000010 0.660758 0.000010 0.019984 0.000010 0.319198 0.000010 0.000010
0.000010 0.000010 0.600180 0.000010 0.051543 0.000010 0.346151 0.000010 0.002075
0.000010 0.047147 0.633902 0.000010 0.000010 0.000010 0.318890 0.000010 0.000010
0.000010 0.004016 0.530574 0.000010 0.000010 0.016433 0.424848 0.024089 0.000010
0.000010 0.000010 0.606925 0.016129 0.008240 0.000010 0.368655 0.000010 0.000010
0.000010 0.023839 0.599619 0.000010 0.033629 0.017071 0.283565 0.042248 0.000010
0.000010 0.000010 0.671351 0.000010 0.000010 0.000010 0.328579 0.000010 0.000010
0.000010 0.000010 0.722992 0.000010 0.026063 0.022191 0.228704 0.000010 0.000010
