0.227006 0.002483 0.035442 0.172321 0.000010 0.032900 0.159387 0.339567 0.030884
0.306086 0.000010 0.163184 0.146334 0.000010 0.000010 0.000010 0.319722 0.064634
0.199970 0.000010 0.175671 0.126427 0.000010 0.000010 0.022376 0.475517 0.000010
0.059674 0.000010 0.073286 0.227523 0.044565 0.000010 0.000011 0.594911 0.000010
0.274397 0.033651 0.037019 0.099863 0.023148 0.017253 0.005805 0.508854 0.000010
0.104416 0.065696 0.000010 0.000010 0.000010 0.010683 0.240833 0.540474 0.037868
0.168345 0.000010 0.067009 0.143422 0.039184 0.061257 0.078089 0.442674 0.000010
0.515027 0.045822 0.065021 0.030127 0.000010 0.037091 0.017997 0.288894 0.000010
0.250381 0.061329 0.000010 0.000010 0.029416 0.011468 0.053359 0.535928 0.058098
0.144561 0.077863 0.113715 0.230733 0.001982 0.000010 0.000010 0.350121 0.081005
0.379918 0.000010 0.087291 0.080567 0.000010 0.010976 0.000010 0.441208 0.000010
0.427841 0.054671 0.000010 0.100393 0.010585 0.000010 0.022856 0.377924 0.005709
0.400397 0.029250 0.000010 0.118324 0.000010 0.000010 0.003149 0.406652 0.042197
0.177271 0.030441 0.092839 0.258786 0.000010 0.089740 0.000010 0.322875 0.028028
0.241533 0.000010 0.000010 0.000010 0.029797 0.000010 0.266915 0.461706 0.000010
0.290434 0.000010 0.000010 0.106956 0.061546 0.000010 0.005460 0.535564 0.000010
0.236972 0.088161 0.018754 0.302246 0.049299 0.000010 0.009914 0.294634 0.000010
0.347887 0.000010 0.153620 0.043121 0.000010 0.000010 0.000010 0.455322 0.000010
0.337194 0.065983 0.000010 0.023318 0.000010 0.000010 0.168346 0.298329 0.106799
0.142911 0.000010 0.107850 0.036522 0.000010 0.024240 0.142549 0.522421 0.023487
0.212353 0.026784 0.091912 0.228800 0.030917 0.000010 0.000010 0.331480 0.077733
0.288737 0.000010 0.156723 0.000010 0.000010 0.000010 0.058771 0.457993 0.037737
0.274088 0.028024 0.013905 0.048227 0.000010 0.041414 0.062790 0.531533 0.000010
0.273967 0.060316 0.056489 0.164845 0.000010 0.000010 0.087752 0.320401 0.036212
0.117635 0.000010 0.201509 0.000010 0.097804 0.063068 0.100623 0.419330 0.000010
0.347396 0.000010 0.131663 0.070298 0.023637 0.000010 0.000011 0.426965 0.000010
0.335553 0.076235 0.000010 0.098533 0.099747 0.059972 0.015865 0.314074 0.000010
0.210569 0.037551 0.123405 0.035717 0.000010 0.043166 0.002299 0.336756 0.210527
0.267407 0.034576 0.008651 0.000010 0.000010 0.000010 0.181406 0.507921 0.000010
0.231771 0.000010 0.011480 0.038509 0.125794 0.000010 0.011636 0.411471 0.169318
0.311768 0.000010 0.040950 0.154101 0.000010 0.000010 0.120458 0.342999 0.029694
0.262497 0.000010 0.000010 0.000010 0.034272 0.000010 0.179551 0.523630 0.000010
0.320680 0.000010 0.004602 0.076181 0.000010 0.000010 0.094116 0.378072 0.126318
0.251716 0.021310 0.049496 0.113045 0.000010 0.065307 0.000361 0.498745 0.000010
0.000010 0.000010 0.000010 0.172925 0.112875 0.000010 0.296021 0.418128 0.000010
0.196317 0.000010 0.036902 0.210828 0.104752 0.065421 0.000010 0.385750 0.000010
0.442985 0.000010 0.000010 0.117451 0.005242 0.000010 0.110807 0.318920 0.004564
0.338899 0.046703 0.000010 0.000010 0.000010 0.021611 0.054486 0.521114 0.017156
0.260818 0.000010 0.125911 0.016421 0.000010 0.000010 0.046565 0.550244 0.000010
0.415734 0.000010 0.049686 0.000010 0.000010 0.022844 0.000010 0.473356 0.038339
0.219626 0.000010 0.082792 0.134713 0.000010 0.000010 0.071026 0.471203 0.020609
0.299127 0.000010 0.062491 0.061712 0.023889 0.000010 0.164038 0.388713 0.000010
0.215627 0.032897 0.092307 0.093813 0.041640 0.055539 0.013335 0.435023 0.019818
0.235058 0.000010 0.068954 0.234779 0.000010 0.000010 0.083276 0.300407 0.077496
0.368617 0.000010 0.000010 0.101994 0.034481 0.000010 0.061409 0.433459 0.000010
0.271966 0.000010 0.075174 0.054707 0.000010 0.023872 0.082858 0.491392 0.000010
0.100711 0.000010 0.151467 0.246146 0.000010 0.036039 0.064680 0.374527 0.026410
0.250772 0.000010 0.097747 0.061515 0.000010 0.006275 0.119886 0.463775 0.000010
0.237565 0.062347 0.205148 0.038659 0.000010 0.000010 0.106562 0.349689 0.000010
0.049619 0.185325 0.134835 0.034733 0.075931 0.000010 0.116930 0.390327 0.012291
0.067391 0.068799 0.330386 0.030102 0.000010 0.000010 0.217802 0.285489 0.000010
0.000011 0.117830 0.305687 0.024272 0.056231 0.000010 0.179424 0.236471 0.080065
0.109329 0.061141 0.106714 0.140894 0.025433 0.000010 0.266702 0.289768 0.000010
0.063461 0.081906 0.478911 0.062845 0.040038 0.000010 0.159803 0.113016 0.000010
0.236286 0.051649 0.140752 0.009425 0.092709 0.000010 0.109350 0.359809 0.000010
0.162145 0.083849 0.355878 0.007018 0.000010 0.000010 0.263787 0.127294 0.000010
0.076976 0.002438 0.433233 0.089432 0.098852 0.024776 0.215707 0.058576 0.000010
0.103525 0.002040 0.396760 0.000010 0.142512 0.000010 0.122767 0.232365 0.000010
0.067937 0.000010 0.536362 0.076965 0.000010 0.000010 0.118777 0.199919 0.000010
0.222647 0.000010 0.237085 0.000010 0.058362 0.028434 0.103141 0.350302 0.000010
0.163825 0.023892 0.336812 0.148856 0.000010 0.000010 0.187139 0.139446 0.000010
0.038464 0.085401 0.330666 0.128355 0.007673 0.000010 0.180230 0.229190 0.000010
0.088888 0.000010 0.031699 0.074029 0.010560 0.014544 0.255257 0.525004 0.000010
0.219413 0.064696 0.400189 0.000010 0.021107 0.012246 0.118117 0.134814 0.029409
0.151352 0.018907 0.264603 0.187986 0.154757 0.000010 0.000010 0.222366 0.000010
0.023615 0.106169 0.415049 0.102969 0.000011 0.000010 0.147869 0.204298 0.000010
0.378229 0.004277 0.387255 0.003709 0.037393 0.033184 0.109036 0.046908 0.000010
0.000010 0.000010 0.427145 0.134043 0.072101 0.014926 0.189497 0.162259 0.000010
0.138695 0.032684 0.248924 0.038537 0.000532 0.007771 0.223418 0.309430 0.000010
0.421568 0.017693 0.198883 0.073622 0.101305 0.000010 0.000010 0.186898 0.000010
0.066738 0.009958 0.057858 0.048584 0.086823 0.003218 0.000010 0.017841 0.708970
0.208943 0.022896 0.109870 0.004185 0.000010 0.042946 0.046724 0.473770 0.090657
0.420421 0.000010 0.038520 0.033220 0.009492 0.016036 0.023272 0.459019 0.000010
0.222911 0.000010 0.000010 0.017563 0.000010 0.000010 0.199760 0.559716 0.000010
0.390504 0.000010 0.074539 0.131305 0.128944 0.000011 0.000010 0.274667 0.000010
0.123899 0.145811 0.019535 0.192146 0.056404 0.000010 0.023976 0.438209 0.000010
0.231383 0.048137 0.000010 0.018050 0.000010 0.000010 0.112783 0.421200 0.168417
0.312578 0.000010 0.031297 0.039258 0.000010 0.000010 0.030236 0.280318 0.306284
0.060819 0.000010 0.000010 0.243387 0.000010 0.000010 0.159485 0.371291 0.164979
0.232928 0.014343 0.111741 0.120257 0.013735 0.011810 0.077882 0.417294 0.000010
0.116749 0.000010 0.000010 0.000010 0.094216 0.010573 0.172663 0.514938 0.090831
0.243275 0.000010 0.026947 0.181497 0.000010 0.000010 0.023137 0.470386 0.054727
0.469222 0.000010 0.050922 0.021876 0.041419 0.000010 0.042140 0.334559 0.039843
0.289872 0.000010 0.014408 0.071430 0.025983 0.000010 0.152986 0.445291 0.000010
0.262317 0.000010 0.000010 0.000010 0.148431 0.000010 0.127892 0.461309 0.000010
0.282548 0.000010 0.000010 0.030916 0.000010 0.031184 0.146137 0.440319 0.068866
0.339475 0.000010 0.053638 0.000010 0.000641 0.027902 0.030275 0.421075 0.126973
0.391273 0.000010 0.041850 0.000010 0.000010 0.013773 0.056868 0.496196 0.000010
0.264524 0.056328 0.117800 0.119481 0.052168 0.000010 0.060770 0.328908 0.000010
0.189501 0.000010 0.000010 0.159683 0.081870 0.017286 0.000010 0.450531 0.101099
0.332572 0.075921 0.000010 0.071451 0.061577 0.000010 0.029107 0.429343 0.000010
0.403424 0.025233 0.000010 0.044698 0.032775 0.008725 0.092483 0.313372 0.079280
0.344620 0.013621 0.010596 0.078613 0.103398 0.000010 0.000010 0.390251 0.058880
0.184827 0.000010 0.006384 0.095732 0.000010 0.017651 0.080580 0.472229 0.142578
0.295861 0.000010 0.154998 0.088920 0.000010 0.000010 0.000010 0.439061 0.021120
0.152070 0.000010 0.004567 0.211052 0.073744 0.067663 0.149458 0.341426 0.000010
0.222516 0.110605 0.111521 0.106371 0.000010 0.036855 0.000010 0.369332 0.042779
0.159981 0.000010 0.089597 0.107570 0.016076 0.000010 0.305238 0.321507 0.000010
0.116666 0.008509 0.000010 0.017673 0.000010 0.000010 0.253880 0.554617 0.048625
0.287026 0.021644 0.000010 0.000010 0.012052 0.010909 0.152003 0.516336 0.000010
0.066646 0.031221 0.038659 0.137803 0.000010 0.064059 0.154023 0.451783 0.055797
0.289744 0.000010 0.000010 0.000010 0.044394 0.078250 0.000010 0.136084 0.451487
0.191258 0.123753 0.000010 0.029237 0.004321 0.000010 0.075974 0.575426 0.000010
0.358247 0.000010 0.037335 0.052956 0.057968 0.000010 0.025904 0.431985 0.035586
0.110060 0.000010 0.000010 0.166942 0.000010 0.000010 0.258865 0.464083 0.000010
0.291930 0.052274 0.120465 0.000010 0.000010 0.000010 0.073410 0.461881 0.000010
0.240501 0.000010 0.075967 0.123927 0.000010 0.016876 0.057885 0.466532 0.018291
0.103058 0.000010 0.014402 0.119301 0.067284 0.029406 0.095165 0.534058 0.037317
0.250631 0.000010 0.105061 0.051888 0.092883 0.000010 0.087949 0.386125 0.025444
0.063224 0.000010 0.047402 0.170619 0.061161 0.044873 0.162915 0.449787 0.000010
0.157599 0.035871 0.009211 0.045501 0.000010 0.023982 0.203138 0.524677 0.000010
0.197283 0.000010 0.128495 0.084687 0.028113 0.008766 0.163369 0.372551 0.016726
0.129811 0.005030 0.050768 0.034473 0.106676 0.000010 0.098063 0.469269 0.105901
0.248390 0.080454 0.000010 0.098228 0.031118 0.000010 0.053097 0.488683 0.000010
0.304358 0.023328 0.000262 0.061843 0.000010 0.000010 0.168866 0.441312 0.000010
0.214406 0.000010 0.000010 0.096100 0.000010 0.003032 0.108634 0.539561 0.038238
0.153614 0.000010 0.023887 0.000010 0.069592 0.000010 0.223147 0.524824 0.004907
0.218119 0.012916 0.056823 0.126374 0.000010 0.023246 0.099095 0.442928 0.020489
0.309714 0.009036 0.023365 0.036126 0.034626 0.000686 0.252937 0.333500 0.000010
0.190708 0.026833 0.040166 0.133232 0.000010 0.000010 0.134461 0.471625 0.002955
0.379858 0.000010 0.066234 0.068016 0.000010 0.023073 0.164133 0.298655 0.000010
0.352373 0.006270 0.022574 0.086200 0.020580 0.039251 0.084155 0.379998 0.008600
0.287658 0.008522 0.042714 0.171829 0.120751 0.000010 0.042915 0.325592 0.000010
0.232585 0.000010 0.000010 0.080830 0.000010 0.000010 0.139200 0.547335 0.000010
0.083737 0.100037 0.000010 0.151673 0.147803 0.000010 0.040916 0.475804 0.000010
0.420121 0.048115 0.000010 0.038260 0.000010 0.023323 0.000010 0.470141 0.000010
0.259144 0.000010 0.000010 0.152035 0.034570 0.104681 0.168945 0.280595 0.000010
0.188603 0.000010 0.084804 0.168316 0.000010 0.000010 0.134056 0.418644 0.005546
0.065822 0.000010 0.060160 0.197764 0.057960 0.058521 0.040079 0.519675 0.000010
0.205331 0.044002 0.008168 0.154864 0.014612 0.000010 0.146227 0.426777 0.000010
0.217529 0.000010 0.012112 0.218103 0.019130 0.000010 0.137833 0.395262 0.000010
0.217615 0.044808 0.150843 0.075556 0.011926 0.000010 0.090126 0.407916 0.001199
0.377753 0.081974 0.000010 0.067720 0.045844 0.037297 0.083131 0.306260 0.000010
0.357475 0.112607 0.120350 0.041945 0.000010 0.018213 0.014447 0.334944 0.000010
0.382643 0.048027 0.000010 0.131613 0.058162 0.000010 0.019589 0.302190 0.057756
0.024140 0.000010 0.029793 0.197740 0.055806 0.001411 0.115926 0.553596 0.021578
0.190715 0.000010 0.037600 0.073079 0.000010 0.012387 0.225385 0.460805 0.000010
0.274267 0.000010 0.087614 0.117259 0.059868 0.032936 0.093736 0.293030 0.041280
0.255579 0.095905 0.033623 0.084511 0.000010 0.000010 0.000010 0.509459 0.020893
0.218115 0.025748 0.010282 0.130580 0.060563 0.000010 0.099740 0.454952 0.000010
0.387614 0.030193 0.049471 0.098592 0.000010 0.000010 0.000010 0.434090 0.000010
0.100717 0.088707 0.000010 0.219560 0.000010 0.000010 0.036936 0.528588 0.025462
0.123239 0.017352 0.138267 0.020971 0.000010 0.039981 0.109359 0.550811 0.000010
0.316273 0.116468 0.000010 0.055999 0.019644 0.000010 0.005048 0.442033 0.044515
0.276050 0.009043 0.080654 0.082338 0.000010 0.000010 0.102845 0.433031 0.016019
0.167300 0.114954 0.006433 0.196047 0.000010 0.000010 0.189126 0.319735 0.006385
0.153907 0.000010 0.072410 0.105922 0.029093 0.000010 0.241802 0.386177 0.010668
0.238854 0.000010 0.014437 0.097257 0.067792 0.012258 0.050204 0.485373 0.033816
0.190755 0.104961 0.000010 0.163036 0.000010 0.004766 0.056956 0.479495 0.000010
0.241206 0.000010 0.063365 0.000010 0.091615 0.000010 0.045761 0.524668 0.033355
0.232523 0.024608 0.000010 0.000010 0.007473 0.000010 0.207706 0.503906 0.023755
0.103025 0.000010 0.000010 0.236366 0.051418 0.003464 0.209015 0.396683 0.000010
0.189616 0.071367 0.022594 0.034930 0.062202 0.004976 0.032009 0.582295 0.000010
0.278783 0.007106 0.092851 0.000010 0.000010 0.000010 0.070857 0.550363 0.000010
0.116224 0.127727 0.028984 0.196254 0.052146 0.000010 0.001725 0.429271 0.047659
0.237794 0.000010 0.000010 0.023994 0.000010 0.000010 0.167085 0.571076 0.000010
0.089460 0.000010 0.119046 0.083316 0.034748 0.000010 0.079999 0.593401 0.000010
0.303854 0.109278 0.000010 0.009201 0.053630 0.000010 0.040914 0.466055 0.017048
0.164803 0.088329 0.045497 0.068236 0.111586 0.000010 0.000010 0.453863 0.067666
0.237128 0.091738 0.000010 0.097621 0.106118 0.000010 0.039051 0.428313 0.000010
0.184745 0.000010 0.159705 0.082054 0.000010 0.025957 0.053243 0.494266 0.000010
0.159527 0.000010 0.000010 0.144792 0.064112 0.007145 0.046381 0.530466 0.047556
0.125087 0.000010 0.112866 0.028745 0.000010 0.000010 0.223223 0.499960 0.010089
0.208738 0.000010 0.088545 0.067997 0.000010 0.022141 0.152369 0.460180 0.000010
0.055920 0.019368 0.169012 0.073278 0.000010 0.000010 0.120710 0.541190 0.020503
0.229227 0.005503 0.043251 0.000010 0.000010 0.000010 0.233320 0.488659 0.000010
0.229250 0.000010 0.085677 0.000010 0.063914 0.000010 0.154721 0.464579 0.001829
0.299225 0.047236 0.103933 0.071007 0.000010 0.027617 0.015855 0.425161 0.009956
0.186174 0.038333 0.135593 0.132077 0.000010 0.000010 0.065356 0.410521 0.031926
0.250970 0.016959 0.140571 0.131364 0.011578 0.000010 0.013911 0.434627 0.000010
0.245700 0.029902 0.156689 0.039452 0.015617 0.000010 0.150522 0.362097 0.000010
0.006908 0.031113 0.143698 0.122174 0.000010 0.000010 0.176216 0.519862 0.000010
0.000012 0.000010 0.123766 0.142069 0.000010 0.000010 0.308505 0.425608 0.000010
0.108006 0.006883 0.165217 0.235717 0.148383 0.036357 0.000010 0.278553 0.020873
0.306103 0.000010 0.000010 0.097086 0.068771 0.002570 0.035287 0.490153 0.000010
0.108349 0.058209 0.169849 0.096894 0.000010 0.000010 0.244925 0.321744 0.000010
0.085440 0.000010 0.106861 0.162770 0.006097 0.000010 0.151539 0.468394 0.018879
0.158407 0.057521 0.134291 0.000010 0.001492 0.000010 0.141439 0.422730 0.084099
0.192528 0.048153 0.183309 0.005300 0.031961 0.000010 0.158301 0.340794 0.039645
0.057841 0.000010 0.018184 0.272922 0.075736 0.035482 0.000010 0.513635 0.026180
0.233516 0.005307 0.119200 0.016801 0.000010 0.000010 0.152394 0.441074 0.031688
0.262557 0.000010 0.087016 0.087419 0.072200 0.000010 0.071844 0.418933 0.000010
0.210932 0.035680 0.072448 0.181778 0.000010 0.062728 0.094204 0.329204 0.013016
0.142689 0.000010 0.053165 0.052953 0.000010 0.052324 0.216548 0.482291 0.000010
0.038420 0.103367 0.151856 0.168318 0.000010 0.000010 0.122541 0.415467 0.000010
0.231418 0.000010 0.004839 0.090296 0.000010 0.001622 0.280080 0.391715 0.000010
0.331639 0.088988 0.048321 0.024803 0.000010 0.000010 0.076738 0.400771 0.028721
0.000010 0.045218 0.000010 0.000010 0.028282 0.459091 0.000010 0.000010 0.467359
0.000010 0.000010 0.000010 0.000010 0.000010 0.378488 0.021812 0.000010 0.599639
0.000010 0.000010 0.000010 0.000010 0.000010 0.257697 0.000010 0.000010 0.742233
0.013924 0.000010 0.000010 0.000010 0.000010 0.300361 0.000010 0.000010 0.685655
0.042579 0.004505 0.000010 0.000010 0.046466 0.399733 0.000010 0.000010 0.506677
0.031611 0.050200 0.024589 0.016911 0.000010 0.380629 0.000010 0.000010 0.496030
0.000010 0.018982 0.000010 0.000010 0.000010 0.436791 0.021156 0.000010 0.523021
0.000010 0.000010 0.089073 0.003048 0.000010 0.281673 0.004224 0.000010 0.621942
0.000011 0.000010 0.074742 0.000010 0.017771 0.343880 0.000010 0.000010 0.563556
0.000010 0.000010 0.000010 0.000010 0.029563 0.278523 0.019400 0.000010 0.672464
0.000010 0.000010 0.003990 0.000010 0.000010 0.320914 0.016021 0.000010 0.659025
0.000010 0.000010 0.000010 0.000010 0.018873 0.271276 0.017826 0.000010 0.691975
0.000010 0.005719 0.000010 0.000010 0.072583 0.550081 0.000010 0.000010 0.371567
0.000010 0.023240 0.000010 0.013128 0.000010 0.475442 0.056157 0.000010 0.431993
0.000010 0.031212 0.000010 0.003322 0.030098 0.378365 0.000010 0.000010 0.556963
0.013929 0.005047 0.000010 0.003381 0.003929 0.303475 0.000010 0.019681 0.650537
0.000010 0.017746 0.000010 0.034357 0.056117 0.329570 0.000010 0.000010 0.562169
0.000010 0.028224 0.000010 0.000010 0.000010 0.419658 0.000010 0.032449 0.519619
0.000010 0.026688 0.000010 0.000010 0.026082 0.349814 0.000010 0.000010 0.597366
0.000010 0.000615 0.001001 0.000010 0.000010 0.313670 0.000010 0.000010 0.684664
0.010438 0.000017 0.030885 0.000010 0.014072 0.445586 0.000010 0.000010 0.498972
0.000010 0.000010 0.000010 0.000010 0.000010 0.388849 0.000010 0.018961 0.592130
0.000010 0.000010 0.004320 0.000010 0.000010 0.321208 0.000010 0.000010 0.674413
0.000010 0.026069 0.000859 0.000010 0.003866 0.583279 0.000010 0.000010 0.385887
0.023095 0.000010 0.000010 0.004320 0.001276 0.345406 0.049954 0.000010 0.575919
0.000010 0.000010 0.002909 0.000010 0.061102 0.506119 0.000010 0.000010 0.429820
0.000010 0.000010 0.020314 0.000010 0.000010 0.520518 0.000010 0.000010 0.459108
0.000010 0.000010 0.000010 0.000010 0.001780 0.315159 0.000010 0.000010 0.683001
0.000010 0.073388 0.000010 0.000010 0.731806 0.000010 0.194745 0.000010 0.000010
0.440540 0.000010 0.000010 0.237392 0.000010 0.000010 0.000010 0.322008 0.000010
0.290399 0.038246 0.023791 0.377930 0.000010 0.000010 0.000010 0.269594 0.000010
0.565107 0.000010 0.000010 0.115356 0.021791 0.000010 0.000010 0.297696 0.000010
0.231849 0.020812 0.026036 0.272687 0.000010 0.000010 0.026968 0.421617 0.000010
0.206613 0.054592 0.036520 0.281814 0.000010 0.021811 0.000010 0.398619 0.000010
0.427362 0.000010 0.040561 0.265079 0.000010 0.000010 0.000010 0.261669 0.005288
0.465972 0.046776 0.000010 0.282362 0.000010 0.000010 0.033307 0.114300 0.057253
0.271900 0.032688 0.000010 0.382418 0.023623 0.019758 0.000010 0.269584 0.000010
0.473355 0.028504 0.000010 0.231755 0.000010 0.000010 0.000010 0.266337 0.000010
0.429956 0.036390 0.045025 0.238089 0.054356 0.000010 0.013741 0.136963 0.045471
0.470742 0.000010 0.000010 0.293542 0.087346 0.000010 0.000010 0.148319 0.000010
0.355302 0.052781 0.068488 0.319640 0.000010 0.075368 0.033496 0.094906 0.000010
0.308748 0.000010 0.103586 0.284717 0.018301 0.000010 0.000010 0.282962 0.001656
0.343898 0.047179 0.000010 0.320394 0.087696 0.000010 0.000010 0.200793 0.000010
0.391291 0.164343 0.000010 0.266846 0.000286 0.000260 0.076011 0.081312 0.019641
0.185544 0.031393 0.000010 0.458202 0.108851 0.000010 0.000010 0.215970 0.000010
0.177906 0.081080 0.021926 0.464391 0.000010 0.000010 0.035819 0.187236 0.031622
0.388597 0.000014 0.160965 0.269287 0.068314 0.000010 0.000010 0.112793 0.000010
0.277454 0.053197 0.000010 0.340926 0.058900 0.028795 0.000010 0.240697 0.000010
0.282314 0.040381 0.100342 0.435862 0.000010 0.000010 0.000010 0.140438 0.000634
0.340706 0.000010 0.000010 0.293183 0.079765 0.000010 0.000010 0.286296 0.000010
0.482696 0.000010 0.042185 0.189755 0.000010 0.000010 0.000010 0.244103 0.041221
0.486372 0.067847 0.000010 0.164603 0.040905 0.037664 0.000010 0.191806 0.010784
0.386295 0.095368 0.028681 0.296005 0.067039 0.000010 0.000010 0.126583 0.000010
0.588722 0.000010 0.000010 0.206568 0.000010 0.028568 0.037788 0.126137 0.012186
0.479305 0.000772 0.000010 0.303315 0.000010 0.000010 0.000010 0.216558 0.000010
0.732450 0.000010 0.000010 0.177231 0.000010 0.000010 0.000010 0.090260 0.000010
0.467121 0.090878 0.000010 0.187747 0.000010 0.000010 0.000010 0.254204 0.000010
0.000285 0.000010 0.000010 0.023292 0.910936 0.024322 0.041124 0.000010 0.000010
0.000010 0.000010 0.000010 0.000010 0.934619 0.039998 0.000010 0.013840 0.011493
0.000010 0.020237 0.000010 0.010053 0.961065 0.000010 0.000010 0.000010 0.008595
0.000010 0.000010 0.000010 0.029262 0.970668 0.000010 0.000010 0.000010 0.000010
0.000010 0.014364 0.009626 0.000010 0.885162 0.000010 0.083711 0.007096 0.000010
0.000010 0.000010 0.000010 0.018583 0.949155 0.032202 0.000010 0.000010 0.000010
0.000010 0.000010 0.000010 0.016600 0.973643 0.000010 0.000010 0.009697 0.000010
0.000010 0.026911 0.000010 0.007580 0.918452 0.037547 0.000010 0.000010 0.009470
0.000010 0.000010 0.000010 0.000010 0.987126 0.000010 0.000010 0.012804 0.000010
0.000010 0.000010 0.000010 0.000010 0.932693 0.000010 0.067237 0.000010 0.000010
0.000010 0.000010 0.000010 0.000010 0.999920 0.000010 0.000010 0.000010 0.000010
0.066330 0.000010 0.000010 0.000010 0.932634 0.000010 0.000010 0.000010 0.000975
0.000010 0.000010 0.000010 0.000010 0.992531 0.007399 0.000010 0.000010 0.000010
0.000010 0.000010 0.000010 0.000010 0.966065 0.000010 0.000010 0.033865 0.000010
0.019918 0.000010 0.000010 0.000010 0.980012 0.000010 0.000010 0.000010 0.000010
0.000010 0.000010 0.000010 0.000010 0.999920 0.000010 0.000010 0.000010 0.000010
0.000010 0.000010 0.000010 0.000010 0.969113 0.000010 0.000010 0.000010 0.030817
0.476840 0.000010 0.063563 0.130921 0.039728 0.000011 0.000010 0.267608 0.021309
0.668041 0.000010 0.047772 0.000010 0.000010 0.000010 0.068454 0.214685 0.001008
0.412715 0.002760 0.019942 0.144124 0.000010 0.033592 0.060890 0.325958 0.000010
0.514921 0.000010 0.047232 0.054322 0.008101 0.000010 0.000010 0.375383 0.000010
0.589946 0.044129 0.000010 0.047871 0.011267 0.051677 0.036796 0.218295 0.000010
0.478690 0.000010 0.017643 0.217988 0.000010 0.008414 0.000010 0.259326 0.017909
0.590381 0.000010 0.000010 0.020384 0.058574 0.035413 0.016220 0.278997 0.000010
0.456104 0.118876 0.000010 0.104935 0.000010 0.024327 0.000010 0.269608 0.026119
0.562398 0.000010 0.013611 0.153256 0.000010 0.003355 0.030815 0.236534 0.000010
0.642949 0.000010 0.079456 0.062715 0.000010 0.000010 0.014047 0.170254 0.030549
0.598725 0.000010 0.000010 0.090917 0.000010 0.000010 0.021883 0.280175 0.008260
0.666918 0.032876 0.000010 0.000937 0.000010 0.000010 0.004644 0.294585 0.000010
0.524584 0.000010 0.057642 0.072959 0.000010 0.036713 0.032769 0.230620 0.044692
0.459332 0.055446 0.066802 0.169976 0.000010 0.000010 0.013618 0.234796 0.000010
0.530937 0.010070 0.000010 0.037153 0.000010 0.000010 0.022044 0.377639 0.022126
0.605333 0.101803 0.000010 0.111361 0.000010 0.036618 0.036593 0.108262 0.000010
0.408712 0.000010 0.000010 0.186412 0.000010 0.026728 0.001420 0.376687 0.000010
0.652248 0.000010 0.000010 0.000010 0.000010 0.000010 0.000010 0.347682 0.000010
0.465025 0.014375 0.000010 0.183617 0.155359 0.008354 0.000011 0.173239 0.000010
0.507258 0.000010 0.000010 0.112489 0.000010 0.000010 0.011564 0.324841 0.043808
0.450759 0.055349 0.000012 0.117068 0.015229 0.103992 0.005615 0.251966 0.000010
0.621604 0.000010 0.000010 0.040191 0.041001 0.029406 0.000010 0.267757 0.000010
0.570715 0.000010 0.027462 0.053134 0.000010 0.000010 0.037846 0.257014 0.053800
0.527533 0.000011 0.018418 0.000010 0.067531 0.022576 0.095554 0.268358 0.000010
0.597533 0.000010 0.020803 0.047751 0.000010 0.025884 0.000010 0.277207 0.030793
0.642551 0.028897 0.000010 0.066869 0.000010 0.000010 0.000010 0.202819 0.058824
0.506706 0.017455 0.026089 0.148961 0.000010 0.000010 0.018612 0.272127 0.010031
0.462857 0.000010 0.021120 0.183445 0.000010 0.019504 0.033972 0.279073 0.000010
0.496837 0.000010 0.016959 0.246873 0.000010 0.029520 0.000010 0.199910 0.009871
0.430886 0.008833 0.007816 0.144879 0.000010 0.000010 0.062321 0.245004 0.100243
0.681796 0.000010 0.000010 0.091822 0.026228 0.000010 0.000010 0.200104 0.000010
0.570598 0.000010 0.000010 0.065082 0.022394 0.053660 0.006826 0.281410 0.000010
0.422864 0.000010 0.018679 0.279214 0.000010 0.022249 0.000010 0.256954 0.000010
0.331255 0.000010 0.037564 0.264806 0.000010 0.000852 0.000010 0.344778 0.020715
0.358093 0.000010 0.000010 0.289802 0.000010 0.026734 0.084512 0.240818 0.000010
0.613209 0.000010 0.005291 0.092300 0.037599 0.000010 0.000010 0.251560 0.000010
0.459026 0.000010 0.023058 0.093755 0.000010 0.052669 0.000010 0.371451 0.000010
0.634452 0.000010 0.033567 0.047669 0.024269 0.000010 0.000010 0.248103 0.011910
0.602659 0.017255 0.000010 0.127666 0.000010 0.000010 0.085897 0.166484 0.000010
0.572075 0.022246 0.000010 0.149622 0.051225 0.037145 0.006601 0.161067 0.000010
0.547304 0.000010 0.059521 0.162981 0.013874 0.000010 0.000010 0.216280 0.000010
0.574191 0.113406 0.000010 0.050134 0.008173 0.000010 0.009245 0.203131 0.041700
0.697239 0.000010 0.051550 0.000010 0.000010 0.000010 0.000010 0.251151 0.000010
0.624143 0.000010 0.021371 0.107119 0.000010 0.000010 0.014208 0.216705 0.016423
0.636331 0.016918 0.000010 0.135059 0.000010 0.000010 0.000010 0.189852 0.021800
0.655729 0.000010 0.017764 0.000010 0.018195 0.000257 0.000010 0.239521 0.068504
0.624826 0.008855 0.043202 0.000010 0.000010 0.065681 0.000010 0.000010 0.257396
0.666405 0.000010 0.000010 0.000010 0.000010 0.000010 0.000010 0.307223 0.026312
0.355798 0.062161 0.000010 0.094253 0.000010 0.045582 0.114055 0.318541 0.009590
0.641774 0.000010 0.000010 0.000010 0.000010 0.004967 0.088858 0.227843 0.036519
0.615919 0.000010 0.033007 0.000010 0.027099 0.028613 0.000010 0.230664 0.064669
0.611278 0.000010 0.005269 0.109140 0.000010 0.000010 0.000010 0.274263 0.000010
0.664952 0.000010 0.077261 0.012671 0.000010 0.004445 0.000010 0.148778 0.091863
0.670413 0.000010 0.000010 0.016937 0.030115 0.024354 0.005004 0.163263 0.089894
0.586350 0.109066 0.000010 0.145685 0.000010 0.077028 0.000010 0.081832 0.000010
0.000010 0.000010 0.000010 0.106908 0.000010 0.110914 0.043174 0.000010 0.738954
0.416652 0.000010 0.015903 0.062330 0.000010 0.000010 0.034093 0.389217 0.081774
0.747036 0.000010 0.000010 0.048743 0.000010 0.000010 0.000010 0.204161 0.000010
0.536789 0.000010 0.000010 0.000010 0.014460 0.065145 0.073791 0.202339 0.107447
0.617428 0.052128 0.134126 0.000010 0.000010 0.066411 0.000010 0.129868 0.000010
0.473743 0.000010 0.158771 0.068563 0.000010 0.054351 0.000010 0.190038 0.054505
0.626176 0.000010 0.000010 0.000010 0.045732 0.000010 0.029925 0.256085 0.042042
0.516513 0.000010 0.021744 0.032939 0.009494 0.046822 0.045926 0.213637 0.112915
0.599046 0.000011 0.046928 0.003361 0.000010 0.008995 0.192517 0.138339 0.010792
0.727258 0.000010 0.015505 0.000010 0.000010 0.000010 0.000010 0.125942 0.131245
0.550278 0.000010 0.000010 0.042711 0.000010 0.000010 0.107374 0.212008 0.087589
0.580576 0.018696 0.027806 0.129919 0.000010 0.008163 0.015063 0.219758 0.000010
0.553628 0.032153 0.000010 0.048081 0.004819 0.000010 0.000010 0.295024 0.066265
0.609471 0.000010 0.000010 0.133439 0.025176 0.000010 0.000010 0.198198 0.033676
0.581194 0.039852 0.000010 0.000010 0.025888 0.000010 0.117170 0.103774 0.132092
0.504153 0.085301 0.000012 0.021668 0.000010 0.011304 0.014430 0.138119 0.225004
0.458253 0.047923 0.018450 0.157706 0.000010 0.033766 0.023364 0.078477 0.182051
0.628672 0.000010 0.075333 0.000010 0.053235 0.000010 0.018180 0.224539 0.000010
0.406068 0.000010 0.068271 0.019103 0.000010 0.051494 0.009953 0.300535 0.144555
0.739119 0.000010 0.053914 0.049811 0.000778 0.000010 0.001144 0.140521 0.014693
0.645152 0.000987 0.001860 0.058631 0.006678 0.018141 0.000010 0.268531 0.000010
0.685744 0.066286 0.044673 0.000010 0.004170 0.000010 0.000010 0.150252 0.048845
0.621554 0.000010 0.000010 0.003297 0.045902 0.057148 0.000010 0.218118 0.053950
0.433033 0.019184 0.040307 0.210728 0.000010 0.000010 0.000010 0.252911 0.043807
0.582171 0.060725 0.000010 0.000010 0.071065 0.058573 0.000010 0.192379 0.035057
0.473360 0.026656 0.060436 0.042003 0.000010 0.036618 0.000010 0.266193 0.094713
0.578403 0.063156 0.067923 0.029291 0.000010 0.000010 0.000010 0.209758 0.051439
0.572164 0.005860 0.000010 0.000010 0.000010 0.000010 0.056251 0.252502 0.113182
0.557085 0.074276 0.013869 0.000010 0.055681 0.000010 0.000010 0.227783 0.071275
0.616007 0.060354 0.084959 0.000010 0.000012 0.000010 0.000010 0.119393 0.119245
0.693964 0.000010 0.000010 0.053492 0.000010 0.000010 0.002290 0.250204 0.000010
0.571152 0.000010 0.000010 0.070867 0.000010 0.002847 0.000010 0.355083 0.000010
0.000010 0.000010 0.022086 0.000010 0.834883 0.000010 0.142971 0.000010 0.000010
0.000010 0.004609 0.000010 0.000010 0.984610 0.000010 0.010722 0.000010 0.000010
0.000010 0.008603 0.084957 0.000010 0.867614 0.000010 0.038775 0.000010 0.000010
0.021154 0.000010 0.000010 0.000010 0.910973 0.000010 0.067813 0.000010 0.000010
0.000010 0.000010 0.000010 0.000010 0.793794 0.000010 0.206136 0.000010 0.000010
0.000012 0.021104 0.000010 0.000010 0.660158 0.000010 0.318676 0.000010 0.000010
0.000010 0.000010 0.026992 0.039903 0.810635 0.000010 0.102455 0.019975 0.000010
0.488168 0.000010 0.000010 0.264538 0.000010 0.065158 0.062720 0.110875 0.008511
0.608195 0.000010 0.061380 0.037684 0.000010 0.044639 0.076252 0.171819 0.000010
0.588907 0.029781 0.000013 0.009321 0.000378 0.000010 0.066253 0.305327 0.000010
0.510693 0.000010 0.058168 0.163154 0.000010 0.085700 0.000010 0.176827 0.005426
0.565478 0.000010 0.063326 0.159342 0.000010 0.000010 0.024127 0.167864 0.019834
0.322429 0.000010 0.036365 0.294153 0.000010 0.000010 0.054409 0.279574 0.013040
0.663361 0.000010 0.000010 0.155782 0.000010 0.000010 0.038064 0.142743 0.000010
0.651819 0.000010 0.161469 0.155169 0.000010 0.000010 0.000010 0.000010 0.031492
0.496442 0.042940 0.000010 0.241772 0.000010 0.000010 0.020579 0.198226 0.000010
0.557537 0.000010 0.024742 0.161176 0.015071 0.000010 0.085147 0.156297 0.000010
0.499089 0.099107 0.053498 0.008499 0.038622 0.000010 0.000010 0.208905 0.092261
0.506583 0.000010 0.000010 0.141217 0.000010 0.012323 0.010616 0.329221 0.000010
0.441144 0.000010 0.038098 0.250604 0.073326 0.055928 0.000215 0.140666 0.000010
0.652138 0.000010 0.073317 0.085305 0.000010 0.000010 0.005156 0.177017 0.007037
0.319591 0.032661 0.000010 0.092551 0.000010 0.046570 0.058244 0.301425 0.148937
0.557140 0.000010 0.024768 0.000010 0.102990 0.013139 0.009906 0.281089 0.010947
0.497804 0.000010 0.001736 0.004523 0.069912 0.020871 0.018040 0.364550 0.022554
0.544994 0.000010 0.000010 0.000010 0.000010 0.070321 0.015127 0.369508 0.000010
0.516244 0.000010 0.100573 0.047048 0.004760 0.064659 0.000010 0.266686 0.000010
0.484797 0.000010 0.000010 0.091700 0.061984 0.000010 0.000010 0.218440 0.143038
0.467000 0.050600 0.046782 0.008703 0.047062 0.001738 0.000010 0.303741 0.074364
0.524322 0.028865 0.000010 0.114290 0.000010 0.000010 0.000010 0.221726 0.110757
0.339247 0.000010 0.132140 0.271613 0.043482 0.027063 0.000010 0.057199 0.129236
0.533639 0.000010 0.099854 0.000010 0.023356 0.056784 0.000010 0.251067 0.035269
0.533820 0.018110 0.000010 0.025321 0.073207 0.000010 0.030872 0.251584 0.067066
0.527145 0.089577 0.000010 0.000897 0.000010 0.000010 0.048288 0.334053 0.000010
0.503043 0.000010 0.000010 0.064340 0.004752 0.000010 0.000010 0.332368 0.095457
0.442891 0.000010 0.084847 0.043823 0.005374 0.052102 0.000010 0.233410 0.137534
0.634213 0.000010 0.000010 0.041283 0.000010 0.000010 0.000010 0.244562 0.079892
0.445627 0.000010 0.008738 0.156876 0.000010 0.016152 0.075100 0.231778 0.065709
0.601666 0.000010 0.000010 0.000010 0.000010 0.070844 0.080168 0.177106 0.070176
0.481939 0.000010 0.057207 0.100926 0.051176 0.008267 0.034239 0.227835 0.038401
0.639361 0.000010 0.000010 0.000010 0.084795 0.015094 0.000010 0.185502 0.075208
0.510457 0.059123 0.000010 0.088656 0.072306 0.000010 0.000010 0.269417 0.000010
0.829340 0.000010 0.005961 0.018637 0.000010 0.000010 0.000010 0.133282 0.012740
0.000010 0.848659 0.085079 0.050836 0.015376 0.000010 0.000010 0.000010 0.000010
0.102001 0.347330 0.232474 0.098446 0.007020 0.000010 0.000010 0.050730 0.161979
0.000010 0.832902 0.072080 0.000010 0.026979 0.003900 0.064100 0.000010 0.000010
0.000010 0.873196 0.075736 0.000010 0.016078 0.006342 0.028607 0.000010 0.000010
0.029094 0.000010 0.442955 0.000010 0.000010 0.045115 0.408610 0.054021 0.020174
0.000010 0.016130 0.645797 0.000010 0.082473 0.006000 0.234923 0.005248 0.009409
0.011006 0.000010 0.331294 0.000010 0.039013 0.027347 0.525495 0.065816 0.000010
0.080861 0.000010 0.374476 0.000010 0.090882 0.000010 0.343166 0.110575 0.000010
0.005559 0.054451 0.381303 0.000010 0.017625 0.032369 0.406672 0.102001 0.000010
0.000010 0.058488 0.603292 0.044213 0.000010 0.000010 0.234722 0.000010 0.059245
0.095816 0.010190 0.469105 0.000010 0.095001 0.000010 0.310584 0.000010 0.019274
0.000010 0.000010 0.431893 0.000010 0.029755 0.000630 0.411533 0.126150 0.000010
0.000010 0.007657 0.247443 0.000010 0.202150 0.000010 0.386845 0.110745 0.045129
0.073636 0.115662 0.276703 0.000014 0.143336 0.000010 0.356939 0.020021 0.013680
0.602988 0.000010 0.000010 0.081782 0.000010 0.021523 0.000010 0.244622 0.049044
0.510147 0.000010 0.039912 0.000010 0.000010 0.024594 0.030649 0.390811 0.003856
0.450116 0.034830 0.000010 0.164012 0.065273 0.032368 0.000010 0.138149 0.115232
0.423520 0.000010 0.072934 0.108939 0.001156 0.054435 0.000010 0.233009 0.105985
0.511573 0.000010 0.000010 0.000010 0.095955 0.081965 0.024667 0.285799 0.000010
0.563816 0.030732 0.020145 0.000010 0.000010 0.000010 0.043449 0.291546 0.050282
0.463224 0.000010 0.075730 0.091692 0.000010 0.002570 0.000010 0.298656 0.068098
0.567035 0.000010 0.000010 0.039637 0.015429 0.000010 0.034982 0.342876 0.000010
0.516893 0.008264 0.003108 0.158416 0.000010 0.000010 0.000010 0.200138 0.113151
0.422452 0.000010 0.096374 0.023070 0.079967 0.030761 0.020648 0.283520 0.043198
0.583548 0.000010 0.000010 0.000010 0.028739 0.000010 0.007966 0.320525 0.059183
0.566412 0.000010 0.000010 0.071910 0.000010 0.009965 0.000010 0.248531 0.103142
0.370030 0.000010 0.066838 0.132330 0.000010 0.011758 0.022723 0.187996 0.208305
0.614714 0.000010 0.000010 0.000010 0.000011 0.007524 0.081427 0.296283 0.000010
0.525365 0.000010 0.152375 0.000010 0.003390 0.031202 0.000010 0.237489 0.050148
0.574949 0.000010 0.001105 0.150332 0.063815 0.000010 0.012586 0.134324 0.062870
0.641294 0.009816 0.000010 0.000010 0.000010 0.032286 0.012084 0.243236 0.061254
0.455000 0.030546 0.081481 0.084105 0.000010 0.000010 0.002360 0.298539 0.047949
0.597173 0.000010 0.076177 0.106999 0.000010 0.016281 0.058223 0.145117 0.000010
0.526660 0.000010 0.055378 0.098056 0.004417 0.000010 0.000010 0.169903 0.145557
0.617986 0.000010 0.000010 0.200133 0.000010 0.000010 0.018076 0.092756 0.071009
0.000010 0.013973 0.723225 0.000010 0.026074 0.000010 0.236678 0.000010 0.000010
0.000011 0.001978 0.679493 0.000010 0.056476 0.000010 0.262002 0.000010 0.000010
0.037185 0.000010 0.708572 0.000010 0.050683 0.000010 0.189782 0.013737 0.000010
0.000010 0.000010 0.791078 0.000010 0.006867 0.000010 0.201995 0.000010 0.000010
0.000010 0.000010 0.634511 0.000010 0.000010 0.004583 0.296278 0.064577 0.000010
0.000010 0.068713 0.583782 0.021346 0.029904 0.004819 0.210356 0.000010 0.081060
0.000010 0.053540 0.599471 0.000010 0.028725 0.000010 0.275795 0.000010 0.042429
0.000010 0.000010 0.596198 0.000010 0.067244 0.001732 0.334776 0.000010 0.000010
0.000010 0.051003 0.670441 0.000010 0.038033 0.000010 0.240473 0.000010 0.000010
0.006455 0.039339 0.641711 0.000010 0.021802 0.000010 0.290653 0.000010 0.000010
0.000010 0.017137 0.693456 0.000010 0.011535 0.000010 0.239496 0.038336 0.000010
0.000010 0.000010 0.689600 0.000010 0.027967 0.000010 0.211459 0.022424 0.048509
0.043401 0.000010 0.745586 0.000010 0.067610 0.000010 0.109450 0.000010 0.033913
0.072832 0.000010 0.629684 0.000010 0.000010 0.032790 0.264645 0.000010 0.000010
0.000010 0.023381 0.546843 0.000010 0.000010 0.000010 0.294619 0.135106 0.000010
0.010774 0.062301 0.628622 0.000010 0.069204 0.000010 0.217297 0.011772 0.000010
0.061769 0.037485 0.544113 0.000010 0.112097 0.019593 0.216954 0.000010 0.007970
0.002027 0.016802 0.692757 0.000010 0.029686 0.008465 0.215278 0.000010 0.034967
0.000010 0.037031 0.672184 0.000010 0.000010 0.000010 0.235613 0.055122 0.000010
0.000010 0.000010 0.740736 0.000010 0.044796 0.001250 0.213168 0.000010 0.000010
0.000010 0.000010 0.739260 0.000010 0.051181 0.000010 0.209498 0.000010 0.000010
0.000010 0.000010 0.774378 0.000010 0.014320 0.057380 0.142762 0.011119 0.000010
0.000010 0.015339 0.679060 0.000010 0.040698 0.006157 0.258706 0.000010 0.000010
0.000010 0.003956 0.699043 0.000010 0.164998 0.000010 0.108756 0.000010 0.023207
0.002973 0.000010 0.645416 0.070490 0.000010 0.028813 0.248325 0.003953 0.000010
0.000010 0.061286 0.613875 0.000010 0.050535 0.000010 0.274255 0.000010 0.000010
0.000010 0.000010 0.613875 0.000010 0.051018 0.000010 0.335047 0.000010 0.000010
0.038051 0.000010 0.629793 0.005060 0.000010 0.000010 0.316930 0.000010 0.010127
0.047920 0.000010 0.477336 0.000010 0.101543 0.000010 0.337438 0.035723 0.000010
0.000010 0.000010 0.531890 0.000010 0.000010 0.000010 0.320517 0.147533 0.000010
0.000010 0.006303 0.599322 0.000010 0.032365 0.000010 0.303001 0.058969 0.000010
0.000010 0.000010 0.720222 0.000010 0.059132 0.000010 0.176416 0.044180 0.000010
0.000010 0.000010 0.605448 0.086025 0.048106 0.000010 0.250324 0.000010 0.010057
0.045793 0.059810 0.708661 0.000010 0.000010 0.000010 0.169859 0.000010 0.015837
0.000010 0.001459 0.767776 0.000010 0.000010 0.000010 0.230706 0.000010 0.000010
0.000010 0.000010 0.754083 0.000010 0.000010 0.000010 0.245847 0.000010 0.000010
0.000010 0.036676 0.707389 0.000010 0.067223 0.012859 0.175814 0.000010 0.000010
0.000010 0.027613 0.617132 0.000010 0.000010 0.000010 0.355196 0.000010 0.000010
0.000010 0.000010 0.710129 0.000010 0.000010 0.000010 0.266404 0.000010 0.023407
0.043527 0.000010 0.008814 0.003077 0.810351 0.000010 0.134190 0.000010 0.000010
0.000010 0.000010 0.000010 0.000010 0.970137 0.000010 0.029793 0.000010 0.000010
0.000010 0.025272 0.827548 0.016158 0.000010 0.000010 0.130971 0.000010 0.000010
0.000010 0.000010 0.625262 0.039543 0.063819 0.000010 0.250935 0.003579 0.016831
0.268271 0.000010 0.057665 0.387328 0.000010 0.025997 0.023526 0.237076 0.000118
0.320606 0.101422 0.000010 0.308605 0.016652 0.000010 0.000010 0.252675 0.000010
0.294231 0.001295 0.000010 0.332759 0.000010 0.000010 0.000977 0.361535 0.009173
0.329520 0.058319 0.000010 0.427420 0.020402 0.000010 0.013054 0.151255 0.000010
0.397990 0.000010 0.065600 0.265487 0.017553 0.000010 0.000010 0.253329 0.000010
0.394464 0.000010 0.000010 0.213976 0.000010 0.003309 0.000010 0.388201 0.000010
0.188112 0.000010 0.000010 0.336000 0.050896 0.030204 0.017295 0.367086 0.010387
0.447326 0.000013 0.000010 0.142783 0.027333 0.000010 0.089825 0.237120 0.055580
0.118659 0.044367 0.000010 0.533377 0.096788 0.053775 0.000010 0.153003 0.000010
0.342911 0.005303 0.000010 0.322466 0.000010 0.000010 0.000010 0.329270 0.000010
0.412073 0.000010 0.058839 0.232352 0.034486 0.011440 0.021344 0.229446 0.000010
0.380577 0.000613 0.046910 0.331976 0.111587 0.000010 0.011908 0.043540 0.072879
0.295020 0.000010 0.113453 0.439012 0.019560 0.000010 0.000011 0.132914 0.000010
0.000010 0.000010 0.674294 0.000010 0.000010 0.000010 0.322450 0.000010 0.003196
0.000010 0.000010 0.577600 0.000010 0.000010 0.000010 0.422330 0.000010 0.000010
0.000010 0.000010 0.714672 0.000010 0.000010 0.000010 0.285258 0.000010 0.000010
0.024216 0.000010 0.709835 0.000010 0.083266 0.019232 0.157814 0.000010 0.005607
0.000010 0.000010 0.589398 0.000010 0.031084 0.000010 0.352875 0.000901 0.025701
0.033189 0.000010 0.733418 0.000010 0.000010 0.000010 0.199113 0.034230 0.000010
0.000010 0.069301 0.569320 0.000010 0.159318 0.000010 0.202011 0.000010 0.000010
0.000010 0.000010 0.583736 0.034340 0.000010 0.000010 0.381864 0.000010 0.000010
0.000010 0.026014 0.506164 0.000010 0.032067 0.000010 0.358275 0.000010 0.077441
0.000010 0.000010 0.597605 0.011524 0.000010 0.000010 0.390811 0.000010 0.000010
0.000010 0.000010 0.610851 0.000010 0.068749 0.000010 0.320341 0.000010 0.000010
0.000010 0.072115 0.538402 0.000010 0.051449 0.004888 0.315898 0.000010 0.017217
