0.271634 0.000010 0.000010 0.000010 0.039835 0.000010 0.220389 0.468092 0.000010
0.221500 0.049407 0.000010 0.006259 0.000010 0.000010 0.171892 0.480393 0.070519
0.289446 0.000010 0.136362 0.000010 0.000010 0.036442 0.074476 0.413965 0.049279
0.191153 0.000010 0.012529 0.123808 0.033442 0.000010 0.091226 0.547812 0.000010
0.171764 0.000010 0.210715 0.102342 0.000010 0.002422 0.051126 0.461601 0.000010
0.223902 0.000010 0.000010 0.000010 0.015400 0.000010 0.000010 0.215062 0.545586
0.317541 0.000010 0.092019 0.045159 0.027116 0.030300 0.021143 0.359766 0.106945
0.351887 0.000010 0.000010 0.109747 0.028451 0.026769 0.167282 0.315834 0.000010
0.389968 0.000010 0.021479 0.113821 0.081636 0.000010 0.000010 0.393056 0.000010
0.259491 0.005786 0.032672 0.166080 0.047530 0.027371 0.097257 0.363803 0.000010
0.430200 0.027143 0.075431 0.000010 0.000010 0.022741 0.054164 0.366467 0.023834
0.421847 0.000010 0.000010 0.061573 0.000012 0.053307 0.095106 0.368124 0.000010
0.276639 0.000010 0.000010 0.172710 0.000010 0.074295 0.108006 0.366411 0.001910
0.287711 0.000010 0.000010 0.000010 0.000010 0.021957 0.256630 0.399323 0.034339
0.318287 0.133071 0.019054 0.000010 0.000174 0.000010 0.031758 0.493854 0.003781
0.268343 0.000010 0.000010 0.000010 0.049889 0.000010 0.123761 0.557956 0.000010
0.345056 0.000010 0.000010 0.023735 0.000010 0.013119 0.078009 0.540041 0.000010
0.272426 0.072605 0.010135 0.064088 0.000010 0.000010 0.072689 0.508027 0.000010
0.200586 0.000010 0.028520 0.088960 0.000010 0.000010 0.044330 0.603242 0.034332
0.117950 0.016541 0.007102 0.122346 0.009675 0.046614 0.081332 0.598430 0.000010
0.275777 0.000010 0.006696 0.061482 0.091615 0.023683 0.066792 0.473935 0.000010
0.286205 0.060858 0.009275 0.216995 0.000010 0.000010 0.139440 0.287197 0.000010
0.399892 0.000010 0.075095 0.000010 0.008592 0.034651 0.028478 0.453261 0.000010
0.344083 0.007010 0.012841 0.006510 0.048894 0.052321 0.007471 0.509764 0.011106
0.318367 0.045216 0.121793 0.077299 0.000010 0.000010 0.045731 0.391565 0.000010
0.379449 0.000010 0.000010 0.028047 0.000010 0.001182 0.153282 0.378217 0.059792
0.352163 0.075170 0.000010 0.042841 0.000010 0.039833 0.000010 0.489952 0.000010
0.216652 0.000010 0.060123 0.018707 0.014277 0.023814 0.089395 0.355840 0.221183
0.258045 0.000010 0.003428 0.034064 0.000010 0.009852 0.147894 0.546686 0.000010
0.275597 0.015574 0.000010 0.098132 0.000010 0.000010 0.071265 0.364447 0.174954
0.377584 0.000010 0.033265 0.140522 0.058525 0.000010 0.055582 0.334492 0.000010
0.215871 0.009431 0.021492 0.121263 0.042508 0.000010 0.104755 0.484659 0.000010
0.281715 0.000010 0.027480 0.157318 0.035061 0.000010 0.000010 0.434665 0.063731
0.177613 0.000010 0.149844 0.000010 0.000010 0.000010 0.160972 0.511521 0.000010
0.029687 0.000010 0.000010 0.220714 0.000010 0.004075 0.242670 0.464996 0.037827
0.387110 0.062241 0.000010 0.102342 0.000010 0.000010 0.008988 0.415922 0.023367
0.315347 0.000010 0.025672 0.000010 0.000010 0.000010 0.176082 0.482848 0.000010
0.223418 0.000010 0.023677 0.098855 0.044257 0.043166 0.094559 0.452126 0.019933
0.305644 0.017119 0.000010 0.070921 0.020901 0.000010 0.061585 0.356505 0.167303
0.335712 0.000010 0.036999 0.000010 0.091615 0.000010 0.062749 0.472886 0.000010
0.142867 0.036346 0.052543 0.136097 0.072117 0.000010 0.071686 0.488324 0.000010
0.409593 0.041356 0.000010 0.000010 0.003169 0.034575 0.071889 0.421128 0.018269
0.264235 0.000010 0.017185 0.263294 0.000010 0.000010 0.000010 0.455237 0.000010
0.276594 0.028290 0.000010 0.081006 0.000010 0.000010 0.000010 0.522921 0.091149
0.461268 0.000010 0.030147 0.000010 0.043843 0.000010 0.023497 0.441206 0.000010
0.195598 0.000010 0.028439 0.116856 0.098754 0.000010 0.093805 0.443563 0.022965
0.351802 0.144536 0.029352 0.000010 0.040291 0.011570 0.000010 0.404281 0.018148
0.321979 0.006624 0.100103 0.000010 0.000010 0.000010 0.103081 0.426628 0.041554
0.075183 0.072849 0.297768 0.144908 0.082369 0.000010 0.174438 0.152465 0.000010
0.286054 0.000010 0.201441 0.030158 0.000010 0.000010 0.123146 0.334399 0.024773
0.080293 0.040828 0.317327 0.055938 0.072671 0.027561 0.198112 0.207261 0.000010
0.162440 0.071661 0.381318 0.000010 0.000010 0.000010 0.067975 0.316566 0.000010
0.102236 0.049992 0.222703 0.213290 0.000010 0.014696 0.162896 0.218849 0.015329
0.184438 0.007341 0.363503 0.102579 0.021649 0.000010 0.119327 0.156983 0.044170
0.000010 0.052186 0.059857 0.244957 0.087770 0.000010 0.126873 0.372509 0.055828
0.000010 0.042590 0.386581 0.155912 0.005180 0.038615 0.092418 0.226431 0.052263
0.212811 0.149522 0.181189 0.000010 0.064384 0.062400 0.103750 0.193314 0.032621
0.016405 0.089608 0.266850 0.199309 0.012928 0.002574 0.169132 0.148386 0.094808
0.014250 0.095997 0.401942 0.097046 0.000010 0.000010 0.183282 0.167765 0.039698
0.147320 0.000010 0.297067 0.077770 0.000563 0.027535 0.064543 0.319363 0.065830
0.078922 0.057366 0.370297 0.038654 0.000010 0.000010 0.181013 0.188684 0.085043
0.107324 0.044588 0.375887 0.122441 0.000010 0.000010 0.289981 0.059749 0.000010
0.207134 0.090826 0.202130 0.000010 0.000010 0.000010 0.206198 0.293672 0.000010
0.005850 0.069670 0.334061 0.194702 0.047262 0.000010 0.176228 0.172207 0.000010
0.065267 0.048587 0.505299 0.080141 0.031925 0.006570 0.115556 0.146646 0.000010
0.107462 0.037514 0.469403 0.041141 0.011398 0.001264 0.128847 0.202961 0.000010
0.000010 0.004071 0.307067 0.245742 0.030331 0.000010 0.174452 0.238308 0.000010
0.105117 0.030906 0.275284 0.174026 0.086185 0.000010 0.133181 0.195281 0.000010
0.223420 0.088329 0.368548 0.008118 0.000010 0.013516 0.070279 0.227770 0.000010
0.195813 0.072066 0.254136 0.047957 0.064748 0.000010 0.136833 0.153551 0.074887
0.015316 0.075838 0.000010 0.040587 0.157975 0.010578 0.098104 0.329249 0.272344
0.330474 0.000010 0.000010 0.000010 0.000010 0.026001 0.128308 0.496660 0.018517
0.299303 0.000010 0.049138 0.148697 0.002034 0.000010 0.000010 0.401996 0.098802
0.199478 0.000010 0.001278 0.066737 0.086268 0.000010 0.096187 0.466215 0.083817
0.440751 0.000010 0.054764 0.042763 0.000010 0.000010 0.067375 0.361839 0.032478
0.359140 0.000010 0.000010 0.000010 0.000010 0.000010 0.089881 0.509615 0.041314
0.314015 0.016350 0.041441 0.093174 0.030537 0.000010 0.000010 0.497560 0.006903
0.219687 0.000010 0.000010 0.109753 0.113440 0.000010 0.072346 0.292047 0.192697
0.227677 0.060019 0.084406 0.075447 0.102066 0.049784 0.006117 0.394474 0.000010
0.343676 0.000010 0.000010 0.000010 0.006675 0.001190 0.094716 0.514455 0.039259
0.070753 0.041298 0.114449 0.105964 0.000010 0.016649 0.133714 0.491445 0.025719
0.331641 0.010644 0.054230 0.047988 0.000010 0.040142 0.041676 0.473657 0.000010
0.256472 0.029478 0.000010 0.217296 0.000010 0.066847 0.092766 0.337111 0.000010
0.251351 0.000010 0.000010 0.153518 0.000010 0.000026 0.081966 0.376236 0.136873
0.269578 0.142073 0.011219 0.000010 0.041626 0.012250 0.000010 0.469171 0.054063
0.219364 0.000010 0.001330 0.156043 0.097710 0.034920 0.086782 0.386806 0.017036
0.362852 0.000010 0.095287 0.018412 0.008588 0.000010 0.049060 0.357592 0.108189
0.318601 0.000010 0.149948 0.000010 0.000010 0.041823 0.052708 0.429790 0.007100
0.374257 0.010438 0.032889 0.000010 0.020181 0.021548 0.037161 0.337596 0.165919
0.404195 0.000010 0.000010 0.061848 0.000010 0.000010 0.162809 0.349543 0.021566
0.256256 0.000010 0.088292 0.102902 0.000010 0.000010 0.113217 0.439293 0.000010
0.209194 0.025072 0.045758 0.062971 0.054008 0.045241 0.015452 0.332874 0.209431
0.284185 0.000010 0.049763 0.198834 0.000010 0.002038 0.001412 0.379593 0.084156
0.219935 0.020880 0.000010 0.000010 0.000010 0.000010 0.151973 0.607163 0.000010
0.293683 0.024633 0.015010 0.171460 0.008626 0.000010 0.107371 0.379197 0.000010
0.262157 0.026736 0.000010 0.000010 0.000010 0.008710 0.166586 0.466473 0.069308
0.177311 0.015386 0.123659 0.000010 0.000010 0.004684 0.145318 0.533611 0.000010
0.299166 0.000010 0.000010 0.000010 0.000010 0.000010 0.141907 0.558867 0.000010
0.030414 0.091571 0.000010 0.157709 0.000010 0.064730 0.110534 0.456094 0.088928
0.063667 0.002344 0.066090 0.166746 0.000010 0.057298 0.167429 0.476405 0.000010
0.229669 0.000010 0.000010 0.000010 0.000010 0.024331 0.206838 0.465310 0.073811
0.138084 0.015895 0.000010 0.000010 0.000010 0.003843 0.258856 0.416033 0.167259
0.328122 0.000010 0.014811 0.000010 0.000010 0.000010 0.185678 0.459520 0.011828
0.226228 0.000010 0.032067 0.159241 0.121855 0.034907 0.039742 0.385941 0.000010
0.204477 0.108386 0.000010 0.015233 0.000010 0.000010 0.101376 0.523054 0.047444
0.201011 0.000010 0.067325 0.206874 0.000010 0.002237 0.204617 0.317906 0.000010
0.285957 0.041789 0.094178 0.148405 0.014008 0.000010 0.039220 0.376422 0.000010
0.125273 0.000010 0.000010 0.150875 0.000010 0.000010 0.193642 0.530160 0.000010
0.149949 0.039943 0.157413 0.111824 0.000010 0.000010 0.082456 0.446469 0.011927
0.022916 0.005155 0.008034 0.242101 0.072514 0.039328 0.177896 0.430192 0.001865
0.196255 0.013746 0.000010 0.039023 0.000010 0.000010 0.274581 0.476355 0.000010
0.202456 0.019204 0.000010 0.102484 0.000010 0.047137 0.287884 0.340805 0.000010
0.186719 0.000010 0.065096 0.198021 0.000010 0.009557 0.049306 0.463993 0.027287
0.151118 0.043865 0.033979 0.137378 0.092148 0.000010 0.083023 0.370298 0.088182
0.256876 0.052493 0.086466 0.108097 0.000010 0.002434 0.009133 0.463365 0.021127
0.047972 0.019166 0.009050 0.159363 0.000010 0.000010 0.225244 0.539175 0.000010
0.160092 0.068434 0.037292 0.068642 0.044085 0.087573 0.178598 0.355273 0.000010
0.193431 0.000010 0.048919 0.000010 0.000010 0.000010 0.185381 0.572220 0.000010
0.259469 0.000010 0.036195 0.015428 0.017879 0.000010 0.149697 0.491846 0.029467
0.322685 0.085515 0.000010 0.085352 0.000010 0.074172 0.109218 0.323028 0.000010
0.401864 0.052435 0.012308 0.049314 0.000010 0.027556 0.065372 0.368121 0.023020
0.243308 0.053385 0.034507 0.000010 0.000010 0.001971 0.142446 0.524354 0.000010
0.250567 0.000010 0.008339 0.000010 0.000010 0.029048 0.173668 0.510544 0.027805
0.000011 0.000010 0.000010 0.301075 0.000010 0.036901 0.132042 0.489918 0.040023
0.371233 0.022384 0.018041 0.016053 0.000010 0.000010 0.173036 0.399223 0.000010
0.382896 0.078751 0.017792 0.000010 0.000041 0.013677 0.016522 0.463424 0.026887
0.174423 0.000010 0.000010 0.058721 0.000010 0.000010 0.183099 0.583707 0.000010
0.237325 0.031035 0.058044 0.080972 0.000010 0.005524 0.177968 0.409113 0.000010
0.183909 0.000010 0.000010 0.000010 0.032126 0.000010 0.252209 0.531706 0.000010
0.295555 0.003387 0.098695 0.131744 0.050864 0.000010 0.000010 0.400972 0.018763
0.211947 0.036551 0.147006 0.000010 0.000010 0.000010 0.120169 0.484286 0.000010
0.204033 0.042722 0.146001 0.041999 0.008367 0.037237 0.249101 0.270529 0.000010
0.301274 0.000010 0.000010 0.127961 0.076349 0.000010 0.133938 0.360439 0.000010
0.257520 0.000010 0.000010 0.148770 0.112332 0.006109 0.059596 0.415642 0.000010
0.144288 0.065294 0.000010 0.147901 0.000010 0.000010 0.036748 0.605728 0.000010
0.090045 0.000010 0.004529 0.141280 0.000010 0.000010 0.251624 0.512482 0.000010
0.156905 0.062943 0.000010 0.000010 0.110610 0.000010 0.123308 0.546194 0.000010
0.382609 0.005054 0.000010 0.114286 0.000010 0.062122 0.100700 0.335199 0.000010
0.270966 0.008801 0.013457 0.049093 0.000010 0.022556 0.101219 0.533889 0.000010
0.197691 0.042150 0.000010 0.148202 0.000010 0.000010 0.112099 0.499817 0.000010
0.164936 0.000010 0.000010 0.102532 0.000010 0.016973 0.252616 0.462903 0.000010
0.159036 0.029604 0.161379 0.046535 0.000010 0.000010 0.221612 0.381804 0.000010
0.032201 0.005638 0.069162 0.118050 0.082116 0.000010 0.182238 0.448858 0.061728
0.256091 0.016116 0.054595 0.183348 0.000010 0.039924 0.066002 0.352864 0.031051
0.265167 0.000010 0.103872 0.192094 0.004353 0.000010 0.035919 0.314483 0.084091
0.361357 0.009115 0.001272 0.055650 0.034665 0.015371 0.050367 0.472193 0.000010
0.340702 0.059565 0.000010 0.060386 0.000010 0.020275 0.154865 0.364177 0.000010
0.162527 0.070023 0.057368 0.133672 0.000010 0.000010 0.051713 0.523944 0.000734
0.171615 0.000010 0.001636 0.149279 0.046940 0.000010 0.183124 0.398757 0.048628
0.146256 0.077168 0.000010 0.221990 0.038139 0.010656 0.085897 0.362641 0.057242
0.145866 0.028235 0.000010 0.271134 0.106568 0.000010 0.038086 0.341816 0.068276
0.324775 0.122297 0.077907 0.083266 0.015756 0.000010 0.023757 0.352223 0.000010
0.158139 0.000010 0.057341 0.235018 0.079332 0.029297 0.086563 0.354291 0.000010
0.308387 0.081734 0.000010 0.145655 0.000010 0.000010 0.037879 0.386694 0.039620
0.249946 0.010817 0.121126 0.203210 0.026213 0.000010 0.086021 0.302647 0.000010
0.299090 0.077440 0.086074 0.066757 0.000010 0.000010 0.076998 0.393612 0.000010
0.128310 0.045521 0.053170 0.285602 0.000010 0.000010 0.125791 0.361575 0.000010
0.367876 0.027810 0.112794 0.114835 0.000010 0.000010 0.000010 0.374400 0.002256
0.129698 0.020485 0.072340 0.263736 0.000010 0.000010 0.169985 0.343727 0.000010
0.244922 0.117967 0.057281 0.119675 0.000010 0.000010 0.029281 0.430844 0.000010
0.353553 0.000010 0.000010 0.194824 0.000010 0.000010 0.095729 0.355844 0.000010
0.254784 0.064167 0.020993 0.074160 0.064381 0.012191 0.065613 0.433870 0.009841
0.158573 0.016493 0.085582 0.121150 0.000010 0.000010 0.143895 0.474277 0.000010
0.204939 0.013115 0.203392 0.170593 0.000010 0.000010 0.090131 0.317801 0.000010
0.253736 0.047980 0.000010 0.000010 0.012369 0.000010 0.128850 0.557025 0.000010
0.206582 0.075872 0.164449 0.082652 0.000010 0.000010 0.050206 0.358203 0.062017
0.000010 0.055543 0.164787 0.000010 0.023246 0.000010 0.236769 0.519615 0.000010
0.223749 0.000010 0.089634 0.035914 0.000010 0.000010 0.060552 0.553486 0.036636
0.258722 0.000010 0.104766 0.042222 0.039577 0.025242 0.042476 0.486975 0.000010
0.121843 0.000010 0.039351 0.183102 0.000010 0.002082 0.154475 0.499116 0.000010
0.197448 0.089509 0.000010 0.172619 0.028033 0.000010 0.082732 0.429629 0.000010
0.256701 0.000010 0.097707 0.055533 0.073654 0.000010 0.115573 0.400802 0.000010
0.127638 0.000010 0.253971 0.000010 0.000010 0.000010 0.218588 0.399752 0.000010
0.194349 0.003973 0.097422 0.000010 0.000010 0.016999 0.251041 0.436186 0.000010
0.124942 0.007717 0.079082 0.150889 0.144188 0.000010 0.120467 0.364558 0.008146
0.208873 0.000010 0.186063 0.112761 0.000010 0.000415 0.178670 0.313187 0.000010
0.000010 0.057709 0.077582 0.193559 0.119742 0.000010 0.169587 0.379471 0.002330
0.122283 0.000010 0.113627 0.225406 0.005403 0.044562 0.089276 0.351436 0.047996
0.073748 0.092506 0.177348 0.091054 0.105054 0.026285 0.013729 0.420265 0.000010
0.163070 0.000010 0.237852 0.068783 0.000010 0.000010 0.070522 0.459733 0.000010
0.130933 0.080859 0.029746 0.260610 0.018396 0.000010 0.083964 0.395472 0.000010
0.144263 0.009681 0.096950 0.106865 0.124705 0.017647 0.235707 0.245896 0.018288
0.035220 0.059609 0.194009 0.065674 0.000010 0.000010 0.113066 0.503143 0.029259
0.166881 0.110468 0.034522 0.070066 0.000010 0.000010 0.139258 0.471011 0.007775
0.163401 0.071716 0.041794 0.196019 0.037050 0.000010 0.247429 0.242571 0.000010
0.184203 0.000010 0.045449 0.144094 0.026559 0.000010 0.127526 0.472140 0.000010
0.252973 0.084764 0.083255 0.000010 0.044193 0.000010 0.089258 0.399655 0.045883
0.000010 0.000010 0.000010 0.000010 0.039299 0.339191 0.017703 0.000010 0.603756
0.000010 0.000010 0.001247 0.018346 0.000010 0.373773 0.000010 0.000010 0.606585
0.000010 0.000010 0.000010 0.000039 0.000010 0.324426 0.037462 0.014715 0.623317
0.070258 0.000010 0.000010 0.009517 0.000010 0.164275 0.000010 0.016807 0.739104
0.000010 0.000010 0.000010 0.000010 0.000010 0.307177 0.007234 0.000010 0.685529
0.000010 0.014214 0.023573 0.000010 0.000010 0.211393 0.005705 0.000010 0.745075
0.015356 0.000010 0.000010 0.001050 0.000010 0.471135 0.000010 0.001574 0.510846
0.000010 0.018774 0.010916 0.000010 0.000010 0.343350 0.000010 0.000010 0.626910
0.000010 0.029760 0.000010 0.048554 0.008139 0.421695 0.000010 0.000010 0.491812
0.000010 0.000010 0.000010 0.000010 0.000010 0.357515 0.023452 0.000010 0.618973
0.000010 0.000010 0.051911 0.017487 0.000010 0.205918 0.000010 0.003306 0.721338
0.000010 0.000010 0.003301 0.000010 0.000010 0.375862 0.000010 0.000010 0.620777
0.000010 0.000010 0.000010 0.014865 0.000010 0.513476 0.000010 0.000010 0.471599
0.000010 0.000010 0.000010 0.000010 0.000010 0.504490 0.000010 0.000010 0.495440
0.023872 0.047148 0.000010 0.000010 0.000010 0.252547 0.000010 0.000010 0.676383
0.000010 0.000010 0.000010 0.004951 0.000010 0.264559 0.007832 0.000010 0.722607
0.000010 0.000010 0.012441 0.000010 0.006685 0.343951 0.000010 0.000010 0.636873
0.000010 0.000010 0.000010 0.000010 0.000010 0.437976 0.000010 0.000010 0.561954
0.000010 0.000010 0.000010 0.033672 0.000010 0.227765 0.000010 0.000010 0.738503
0.000010 0.000010 0.010619 0.000010 0.000010 0.164905 0.038639 0.000010 0.785787
0.000010 0.000010 0.000010 0.000010 0.000010 0.482335 0.000010 0.000010 0.517595
0.000010 0.000010 0.000010 0.000010 0.000010 0.114101 0.043294 0.000010 0.842545
0.000010 0.000010 0.000010 0.000010 0.000010 0.377172 0.001245 0.067353 0.554180
0.000010 0.000010 0.000010 0.000010 0.019037 0.354051 0.010186 0.000010 0.616676
0.000010 0.000010 0.000010 0.020157 0.000010 0.177411 0.000010 0.035158 0.767223
0.000010 0.000010 0.000010 0.008619 0.007354 0.462096 0.000010 0.000010 0.521882
0.000010 0.000010 0.000010 0.000010 0.000010 0.442248 0.051928 0.000010 0.505764
0.000010 0.000010 0.000010 0.000010 0.000010 0.359859 0.022589 0.000010 0.617492
0.000010 0.000010 0.000010 0.056052 0.850738 0.000010 0.093150 0.000010 0.000010
0.372051 0.000010 0.000010 0.288585 0.000010 0.024236 0.017595 0.250339 0.047164
0.543413 0.000010 0.000010 0.209483 0.011928 0.000010 0.049048 0.186089 0.000010
0.461407 0.074428 0.000010 0.331753 0.000010 0.044126 0.027072 0.061183 0.000010
0.512483 0.057273 0.020615 0.088904 0.000010 0.019891 0.009967 0.290847 0.000010
0.396262 0.000010 0.000010 0.241644 0.000010 0.000010 0.084942 0.277102 0.000010
0.363336 0.035583 0.000010 0.320735 0.000010 0.000010 0.047434 0.232871 0.000010
0.458677 0.000010 0.057109 0.275514 0.000010 0.051906 0.021330 0.135434 0.000010
0.507832 0.000010 0.000010 0.323461 0.027942 0.000010 0.000010 0.140714 0.000010
0.407292 0.029797 0.000313 0.320908 0.013843 0.000010 0.000010 0.156881 0.070945
0.406220 0.026632 0.000010 0.314096 0.039748 0.046779 0.000010 0.166496 0.000010
0.545413 0.014176 0.000010 0.208674 0.022937 0.000010 0.000010 0.140269 0.068501
0.310812 0.028958 0.013966 0.360658 0.016579 0.000010 0.011132 0.257876 0.000010
0.396068 0.049133 0.000010 0.226203 0.000010 0.008873 0.014541 0.305151 0.000010
0.292860 0.003977 0.140088 0.413088 0.000010 0.000010 0.000010 0.096641 0.053316
0.345823 0.000010 0.000010 0.395203 0.009894 0.000010 0.006095 0.200206 0.042750
0.139125 0.094115 0.000010 0.424870 0.000010 0.056544 0.045362 0.239955 0.000010
0.303731 0.087299 0.025288 0.282341 0.000010 0.000010 0.100765 0.200545 0.000010
0.357242 0.000010 0.084988 0.378058 0.000010 0.000010 0.000010 0.107180 0.072492
0.545419 0.042717 0.000010 0.242632 0.000010 0.000010 0.020131 0.149061 0.000010
0.320551 0.084589 0.000010 0.334901 0.017392 0.022720 0.061062 0.154123 0.004652
0.214808 0.011991 0.000010 0.460897 0.017013 0.027369 0.086755 0.150422 0.030735
0.510877 0.000012 0.000010 0.372129 0.000010 0.000010 0.000010 0.116932 0.000010
0.272297 0.000010 0.029410 0.366481 0.004401 0.014566 0.050547 0.250101 0.012189
0.249154 0.000010 0.000010 0.378383 0.000010 0.020924 0.093694 0.231842 0.025974
0.171691 0.000012 0.000010 0.376717 0.070006 0.048870 0.122018 0.210666 0.000010
0.218690 0.071555 0.000010 0.344344 0.000010 0.099388 0.000010 0.265983 0.000010
0.395708 0.034166 0.000010 0.355347 0.000010 0.005132 0.029393 0.139765 0.040469
0.358549 0.000010 0.069263 0.247086 0.089998 0.009260 0.000070 0.154669 0.071095
0.064477 0.077181 0.007015 0.000010 0.851277 0.000010 0.000010 0.000010 0.000010
0.002658 0.000010 0.000010 0.000010 0.931391 0.000010 0.006109 0.020970 0.038832
0.062322 0.000010 0.000010 0.000010 0.920975 0.000010 0.000010 0.016642 0.000010
0.083385 0.000010 0.000010 0.000010 0.901535 0.000010 0.000010 0.000010 0.015021
0.000237 0.000010 0.044846 0.000010 0.782298 0.000010 0.135954 0.036625 0.000010
0.000010 0.076748 0.000010 0.029531 0.872717 0.009309 0.011655 0.000010 0.000010
0.000010 0.000010 0.000010 0.000010 0.999920 0.000010 0.000010 0.000010 0.000010
0.000010 0.000010 0.000010 0.000010 0.928363 0.019417 0.000010 0.052160 0.000010
0.079374 0.000010 0.000010 0.000010 0.920556 0.000010 0.000010 0.000010 0.000010
0.000010 0.000010 0.000010 0.000010 0.957710 0.002839 0.004475 0.034925 0.000010
0.000010 0.000010 0.000010 0.000010 0.969096 0.000010 0.030834 0.000010 0.000010
0.000010 0.000010 0.000010 0.000010 0.839930 0.017097 0.044107 0.098816 0.000010
0.000010 0.000010 0.000010 0.000010 0.911278 0.000010 0.057236 0.031426 0.000010
0.029635 0.000010 0.000010 0.000010 0.970295 0.000010 0.000010 0.000010 0.000010
0.000010 0.000010 0.000010 0.000010 0.944784 0.000010 0.004706 0.050450 0.000010
0.085903 0.000010 0.000010 0.000010 0.867547 0.000010 0.012489 0.034011 0.000010
0.069023 0.000010 0.000010 0.000010 0.930907 0.000010 0.000010 0.000010 0.000010
0.434434 0.081010 0.032769 0.032968 0.027311 0.000010 0.000010 0.351301 0.040187
0.629336 0.036881 0.031330 0.024468 0.008050 0.000010 0.000010 0.248217 0.021697
0.466002 0.073413 0.000010 0.072621 0.000010 0.000010 0.000010 0.288802 0.099121
0.420104 0.013911 0.012693 0.000010 0.000010 0.017416 0.000010 0.472989 0.062858
0.634743 0.000010 0.000010 0.000924 0.000010 0.010701 0.033900 0.319691 0.000010
0.647538 0.042859 0.000010 0.037895 0.015097 0.000010 0.000010 0.221406 0.035175
0.544042 0.000010 0.000010 0.092595 0.000010 0.000010 0.000010 0.363304 0.000010
0.568564 0.034342 0.023302 0.004956 0.000010 0.049031 0.065614 0.242970 0.011211
0.436138 0.008308 0.053922 0.145400 0.030790 0.000010 0.000010 0.230159 0.095264
0.610222 0.000010 0.116431 0.071368 0.000010 0.000010 0.000010 0.201929 0.000010
0.578590 0.000010 0.013987 0.042807 0.023278 0.000010 0.074148 0.267160 0.000010
0.383870 0.007029 0.155222 0.003811 0.000010 0.000010 0.000010 0.450028 0.000010
0.477324 0.037696 0.000010 0.031963 0.000010 0.000010 0.000010 0.452967 0.000010
0.535565 0.000010 0.000010 0.000010 0.095566 0.000010 0.000010 0.347601 0.021217
0.431271 0.041680 0.000010 0.007533 0.000010 0.089516 0.032141 0.397829 0.000010
0.576961 0.000010 0.029320 0.054614 0.046059 0.000010 0.000010 0.240806 0.052210
0.490720 0.026680 0.006117 0.000010 0.000010 0.000010 0.081547 0.307000 0.087906
0.548188 0.036586 0.000010 0.084568 0.009772 0.000010 0.000010 0.320847 0.000010
0.418885 0.000010 0.019925 0.089387 0.000010 0.040121 0.000010 0.294664 0.136988
0.530623 0.000010 0.000010 0.097352 0.069073 0.015986 0.000010 0.286925 0.000010
0.532362 0.000010 0.020371 0.000010 0.000010 0.004937 0.000010 0.383634 0.058656
0.594004 0.000918 0.080931 0.039071 0.000010 0.000010 0.000010 0.249351 0.035695
0.450711 0.000010 0.115597 0.207318 0.000010 0.007530 0.046451 0.136672 0.035701
0.605271 0.000010 0.050118 0.000010 0.012701 0.025163 0.000010 0.250611 0.056107
0.567987 0.000010 0.000010 0.000010 0.050766 0.037536 0.000010 0.343661 0.000010
0.533373 0.000010 0.000010 0.074443 0.093815 0.000010 0.020704 0.227468 0.050167
0.544629 0.000010 0.098705 0.076754 0.052801 0.000010 0.000010 0.196529 0.030552
0.459747 0.000010 0.000010 0.086074 0.000010 0.009479 0.041458 0.390276 0.012936
0.517278 0.000010 0.000010 0.019746 0.006268 0.000010 0.000010 0.369338 0.087330
0.405043 0.000010 0.000010 0.189886 0.039475 0.010810 0.063846 0.257128 0.033791
0.536121 0.000010 0.000010 0.148787 0.019969 0.000010 0.000010 0.295073 0.000010
0.484790 0.027438 0.000010 0.067349 0.076735 0.042323 0.000010 0.301058 0.000287
0.718688 0.033414 0.000010 0.000010 0.000010 0.000010 0.000010 0.247839 0.000010
0.542084 0.017592 0.000010 0.100366 0.058095 0.000010 0.000010 0.233446 0.048388
0.572096 0.006513 0.050762 0.030442 0.008160 0.000010 0.074155 0.182297 0.075564
0.570429 0.000010 0.000010 0.186533 0.012353 0.010389 0.000010 0.220257 0.000010
0.564902 0.000010 0.019794 0.000010 0.000010 0.004338 0.000010 0.410915 0.000010
0.473447 0.096950 0.006608 0.116391 0.000010 0.000010 0.000010 0.257482 0.049093
0.531372 0.019024 0.067364 0.026127 0.062922 0.000010 0.000010 0.293160 0.000010
0.605333 0.000010 0.000010 0.100656 0.060606 0.000010 0.000010 0.189002 0.044363
0.449226 0.030494 0.018554 0.048887 0.056333 0.000010 0.000010 0.305727 0.090759
0.551065 0.117417 0.000010 0.023371 0.084278 0.000010 0.000010 0.223828 0.000010
0.635458 0.000010 0.000010 0.000010 0.000010 0.000010 0.000010 0.364472 0.000010
0.585555 0.035053 0.000010 0.040681 0.008519 0.000010 0.000010 0.203464 0.126697
0.588863 0.000010 0.000010 0.000010 0.000010 0.042947 0.020841 0.300828 0.046480
0.524431 0.000010 0.038779 0.103324 0.010616 0.006937 0.000010 0.241457 0.074436
0.394540 0.007069 0.000010 0.033967 0.092981 0.092749 0.009974 0.151981 0.216729
0.532447 0.000010 0.001003 0.115869 0.033419 0.000010 0.032482 0.201755 0.083006
0.544182 0.000010 0.025169 0.115349 0.006803 0.070574 0.000010 0.237893 0.000010
0.562051 0.000010 0.008077 0.000010 0.004905 0.000010 0.012029 0.362780 0.050128
0.597750 0.000010 0.057508 0.068142 0.057024 0.003158 0.000010 0.216387 0.000010
0.598955 0.000010 0.019086 0.000010 0.000010 0.000010 0.072365 0.244734 0.064821
0.599311 0.000010 0.000010 0.000010 0.000010 0.000010 0.000010 0.322297 0.078333
0.611085 0.000010 0.000010 0.004936 0.064501 0.000010 0.000010 0.243176 0.076262
0.447875 0.000010 0.033461 0.090252 0.059478 0.045182 0.000010 0.154560 0.169172
0.177981 0.028256 0.045869 0.011641 0.000010 0.139512 0.000010 0.131654 0.465066
0.538741 0.061081 0.016554 0.008098 0.098013 0.000010 0.072225 0.180350 0.024928
0.554498 0.000010 0.045341 0.000010 0.000010 0.000010 0.000010 0.399737 0.000375
0.524139 0.000010 0.003984 0.086482 0.031844 0.000010 0.032126 0.175070 0.146335
0.462874 0.000974 0.083645 0.022191 0.000010 0.000010 0.000010 0.247173 0.183112
0.535828 0.000010 0.036065 0.000010 0.003904 0.045731 0.000010 0.378432 0.000010
0.631798 0.000010 0.000010 0.000010 0.090990 0.024304 0.000010 0.196603 0.056265
0.781838 0.000010 0.007804 0.027415 0.000010 0.000010 0.068181 0.114721 0.000010
0.508255 0.000010 0.000010 0.000010 0.000010 0.000010 0.000010 0.206204 0.285481
0.643444 0.000010 0.078173 0.000010 0.008182 0.000010 0.008300 0.238311 0.023559
0.627816 0.000010 0.000010 0.000010 0.035193 0.000010 0.078888 0.196298 0.061765
0.378004 0.051449 0.000010 0.077433 0.000010 0.052914 0.076489 0.236514 0.127179
0.406257 0.000010 0.031903 0.024342 0.145125 0.000701 0.069118 0.233501 0.089044
0.473080 0.000010 0.000010 0.181555 0.045715 0.000010 0.000010 0.232850 0.066761
0.557325 0.005800 0.085347 0.057613 0.028771 0.000010 0.000010 0.131703 0.133422
0.506750 0.000010 0.000010 0.000010 0.000010 0.000010 0.000010 0.356070 0.137121
0.513930 0.033149 0.021961 0.000010 0.000010 0.000010 0.000010 0.161572 0.269349
0.516657 0.021255 0.000146 0.030922 0.056619 0.058229 0.000010 0.200318 0.115845
0.492672 0.000010 0.058544 0.006728 0.000321 0.035998 0.000010 0.187347 0.218370
0.616157 0.000010 0.025018 0.003293 0.000010 0.000010 0.000010 0.318719 0.036773
0.606621 0.000010 0.000010 0.060200 0.019051 0.041911 0.150324 0.084142 0.037732
0.663156 0.039195 0.089802 0.000010 0.000010 0.016615 0.000010 0.191192 0.000010
0.388108 0.000010 0.028014 0.010846 0.079912 0.076810 0.017937 0.344680 0.053683
0.330181 0.025823 0.107821 0.035293 0.071785 0.009353 0.060398 0.152088 0.207258
0.441033 0.000977 0.064427 0.000010 0.052451 0.056485 0.073882 0.073428 0.237308
0.555471 0.000010 0.000010 0.005726 0.000010 0.018812 0.054891 0.229883 0.135186
0.607726 0.000010 0.000010 0.047896 0.000010 0.000010 0.042334 0.301994 0.000010
0.525126 0.000010 0.004937 0.023066 0.057348 0.000010 0.029650 0.359842 0.000010
0.511368 0.000010 0.065916 0.076272 0.069434 0.000010 0.109195 0.161561 0.006234
0.642426 0.000010 0.078470 0.000010 0.000010 0.012715 0.000010 0.212831 0.053518
0.647740 0.000010 0.040644 0.000010 0.002144 0.000010 0.056009 0.253422 0.000010
0.422644 0.000010 0.000010 0.042309 0.102975 0.048965 0.110447 0.237944 0.034697
0.000010 0.000010 0.000010 0.000010 0.761906 0.000010 0.154681 0.083353 0.000010
0.000010 0.000010 0.000010 0.025671 0.751847 0.000010 0.222423 0.000010 0.000010
0.000010 0.000010 0.050555 0.000010 0.872378 0.000010 0.077006 0.000010 0.000010
0.000010 0.017098 0.103097 0.000010 0.732911 0.000010 0.133852 0.000010 0.013002
0.000010 0.000010 0.000010 0.000016 0.933538 0.000010 0.066386 0.000010 0.000010
0.000010 0.016119 0.051336 0.000010 0.773566 0.000010 0.142723 0.016216 0.000010
0.001273 0.007332 0.052085 0.000010 0.724782 0.000010 0.214488 0.000010 0.000010
0.650656 0.000010 0.000010 0.191891 0.010916 0.013482 0.000010 0.133015 0.000010
0.615319 0.000010 0.000010 0.150735 0.112932 0.000010 0.032784 0.088191 0.000010
0.574996 0.000010 0.000010 0.155856 0.000010 0.020388 0.061514 0.187206 0.000010
0.680301 0.000010 0.000010 0.162413 0.000010 0.000010 0.000010 0.111196 0.046040
0.650144 0.000010 0.000010 0.197432 0.058856 0.000010 0.032372 0.061156 0.000010
0.597258 0.003556 0.000010 0.316357 0.057921 0.000010 0.000010 0.024868 0.000010
0.495051 0.000010 0.000010 0.205620 0.071614 0.000010 0.092981 0.113565 0.021139
0.559805 0.000010 0.000010 0.180722 0.011050 0.000010 0.001977 0.246407 0.000010
0.504405 0.015848 0.023542 0.206183 0.000010 0.024170 0.031310 0.194523 0.000010
0.498324 0.040355 0.007131 0.198989 0.046013 0.011872 0.000010 0.159684 0.037622
0.520636 0.000010 0.000010 0.124254 0.000010 0.000010 0.000010 0.315332 0.039728
0.480594 0.000010 0.000010 0.044087 0.011688 0.005418 0.148352 0.266693 0.043148
0.551690 0.000010 0.000010 0.175965 0.000010 0.000010 0.000010 0.239961 0.032333
0.365115 0.000010 0.000010 0.153792 0.000010 0.082247 0.000010 0.385050 0.013756
0.455206 0.081298 0.018488 0.191173 0.000010 0.004616 0.041039 0.208159 0.000010
0.435793 0.000010 0.000010 0.000010 0.000010 0.036272 0.000010 0.211741 0.316143
0.589327 0.016484 0.000010 0.099012 0.000010 0.015542 0.063884 0.189777 0.025954
0.417008 0.000010 0.081418 0.058673 0.025988 0.000010 0.025012 0.284302 0.107577
0.414055 0.000010 0.000010 0.112867 0.050520 0.000010 0.060625 0.329516 0.032387
0.593680 0.000010 0.000010 0.000010 0.017904 0.051161 0.000010 0.208836 0.128378
0.613852 0.000010 0.000010 0.024866 0.000010 0.022143 0.008092 0.162386 0.168631
0.541027 0.000010 0.000217 0.118194 0.067834 0.015724 0.000010 0.256973 0.000010
0.408042 0.000010 0.023012 0.222510 0.085406 0.030919 0.000010 0.230081 0.000010
0.597218 0.000010 0.000010 0.031972 0.006908 0.000010 0.000010 0.336352 0.027511
0.346688 0.089132 0.000010 0.239291 0.012885 0.000010 0.000010 0.207491 0.104483
0.431648 0.006402 0.000010 0.035870 0.000010 0.000010 0.000010 0.292380 0.233661
0.430404 0.000010 0.000010 0.122679 0.000010 0.000010 0.000010 0.162532 0.284335
0.533497 0.000010 0.053756 0.000010 0.000010 0.000010 0.040835 0.310441 0.061430
0.623931 0.003209 0.006336 0.000010 0.000010 0.001591 0.000010 0.275844 0.089059
0.560482 0.000010 0.000010 0.036963 0.083845 0.000010 0.067102 0.251568 0.000010
0.645043 0.000010 0.000010 0.041806 0.054630 0.021226 0.000010 0.237254 0.000010
0.493002 0.027047 0.000010 0.000010 0.116960 0.014737 0.000010 0.317511 0.030714
0.465455 0.000010 0.000010 0.117306 0.000010 0.047758 0.040457 0.197772 0.131223
0.609492 0.025764 0.075691 0.000010 0.007117 0.049821 0.000010 0.206630 0.025464
0.551809 0.024407 0.045867 0.118002 0.000010 0.012692 0.013554 0.135248 0.098411
0.000010 0.845015 0.069939 0.003946 0.011732 0.000010 0.000010 0.069328 0.000010
0.040972 0.834406 0.032337 0.000010 0.005568 0.000010 0.085614 0.001073 0.000010
0.000010 0.929173 0.025284 0.018797 0.000010 0.000010 0.000010 0.026696 0.000010
0.000010 0.942084 0.024006 0.000010 0.000010 0.000010 0.022862 0.010998 0.000010
0.000010 0.000010 0.564806 0.000010 0.094755 0.000010 0.295820 0.044569 0.000010
0.000010 0.050217 0.495867 0.003588 0.045838 0.000010 0.331643 0.072817 0.000010
0.000010 0.000010 0.597562 0.000010 0.042614 0.000010 0.349047 0.000010 0.010727
0.001175 0.000010 0.606164 0.000010 0.000010 0.000010 0.256532 0.070771 0.065317
0.160906 0.014921 0.433385 0.064080 0.078420 0.000010 0.243048 0.005219 0.000010
0.000010 0.000010 0.540870 0.000964 0.046829 0.041963 0.344135 0.000010 0.025210
0.000010 0.084987 0.519496 0.000010 0.058304 0.006534 0.262483 0.068166 0.000010
0.000010 0.007253 0.630392 0.000010 0.026730 0.000010 0.321158 0.008988 0.005449
0.060550 0.000010 0.426845 0.042644 0.023526 0.017129 0.369346 0.059939 0.000010
0.000010 0.008518 0.718824 0.000010 0.000010 0.000010 0.266824 0.000010 0.005783
0.447619 0.080667 0.000010 0.060557 0.069011 0.021999 0.000010 0.320117 0.000010
0.460431 0.026048 0.000010 0.135596 0.058881 0.022284 0.035534 0.261205 0.000010
0.539039 0.050856 0.000010 0.075331 0.000010 0.023581 0.000010 0.211168 0.099995
0.655934 0.000010 0.000010 0.000010 0.000010 0.062464 0.000010 0.221879 0.059673
0.385684 0.000010 0.020580 0.198786 0.041880 0.057170 0.045244 0.200920 0.049725
0.393503 0.000010 0.014725 0.000223 0.048685 0.035273 0.000010 0.388174 0.119397
0.564949 0.000010 0.000010 0.000010 0.038773 0.001147 0.001550 0.281754 0.111796
0.469901 0.000010 0.000010 0.080016 0.102414 0.000010 0.054624 0.217046 0.075969
0.460444 0.050768 0.000010 0.026419 0.078537 0.014415 0.000010 0.246100 0.123297
0.688120 0.021725 0.000010 0.000010 0.000010 0.027779 0.000010 0.216849 0.045488
0.687681 0.043210 0.000010 0.020388 0.040078 0.000010 0.000010 0.166463 0.042150
0.569822 0.000010 0.000010 0.000010 0.014660 0.000010 0.148973 0.266495 0.000010
0.428973 0.000010 0.013254 0.065409 0.006936 0.123994 0.000010 0.258689 0.102726
0.575536 0.000010 0.040246 0.059192 0.077599 0.000010 0.000010 0.245262 0.002135
0.518368 0.000010 0.000010 0.151459 0.024077 0.021564 0.000010 0.259547 0.024955
0.488155 0.027748 0.000010 0.000010 0.000010 0.027707 0.011239 0.320517 0.124605
0.465939 0.000010 0.098560 0.089491 0.000010 0.000010 0.000010 0.325649 0.020320
0.454655 0.000010 0.000010 0.160724 0.052007 0.010826 0.000010 0.239198 0.082560
0.493808 0.000010 0.000010 0.000010 0.020143 0.000010 0.000010 0.316346 0.169653
0.486635 0.026736 0.000010 0.000010 0.000010 0.000010 0.000654 0.226050 0.259885
0.560258 0.008236 0.127439 0.000010 0.020306 0.008459 0.000010 0.221021 0.054261
0.034282 0.000010 0.584658 0.000010 0.110651 0.000010 0.270358 0.000010 0.000010
0.000010 0.000010 0.671980 0.000010 0.000010 0.000010 0.318692 0.000010 0.009268
0.015567 0.105215 0.656760 0.000010 0.000010 0.000010 0.200574 0.000010 0.021843
0.000010 0.033303 0.661148 0.000010 0.000010 0.000010 0.305488 0.000010 0.000010
0.000010 0.114735 0.528599 0.000010 0.022172 0.001514 0.332940 0.000010 0.000010
0.000010 0.067638 0.709437 0.000266 0.000010 0.000010 0.222609 0.000010 0.000010
0.000010 0.000010 0.698439 0.000010 0.000010 0.000010 0.291032 0.000010 0.010469
0.000010 0.079229 0.565855 0.000010 0.020750 0.000010 0.256849 0.069773 0.007515
0.010819 0.037272 0.733207 0.000010 0.000010 0.000010 0.218652 0.000010 0.000010
0.000010 0.067231 0.537075 0.000010 0.000010 0.000010 0.381751 0.013894 0.000010
0.000010 0.040752 0.591665 0.001919 0.000010 0.000010 0.346125 0.019500 0.000010
0.000010 0.000010 0.666390 0.000010 0.006014 0.014656 0.311716 0.000010 0.001184
0.000010 0.000010 0.645974 0.000010 0.000010 0.000010 0.353956 0.000010 0.000010
0.000010 0.054116 0.630712 0.000010 0.000010 0.000010 0.315112 0.000010 0.000010
0.000010 0.000010 0.622069 0.044270 0.032320 0.000010 0.260188 0.041113 0.000010
0.000010 0.131986 0.549263 0.000010 0.000010 0.000010 0.300086 0.007428 0.011197
0.016173 0.000010 0.637663 0.000010 0.000010 0.000010 0.346104 0.000010 0.000010
0.000338 0.015869 0.715869 0.032581 0.034508 0.000010 0.200805 0.000010 0.000010
0.000010 0.021092 0.712948 0.000010 0.025970 0.000010 0.239941 0.000010 0.000010
0.000010 0.051929 0.750605 0.000010 0.000010 0.000010 0.192780 0.004635 0.000010
0.000010 0.000010 0.661688 0.000010 0.021523 0.000010 0.300565 0.016174 0.000010
0.001052 0.026034 0.703455 0.004107 0.000010 0.000010 0.229132 0.036191 0.000010
0.000010 0.087957 0.569400 0.067183 0.033630 0.003824 0.237975 0.000010 0.000010
0.000010 0.049376 0.701854 0.000010 0.000010 0.000010 0.248710 0.000010 0.000010
0.000010 0.108310 0.651404 0.081048 0.000010 0.000010 0.159188 0.000010 0.000010
0.000010 0.000010 0.753150 0.000010 0.000010 0.000010 0.246780 0.000010 0.000010
0.000010 0.047696 0.534308 0.000010 0.000010 0.000010 0.417936 0.000010 0.000010
0.006833 0.000010 0.681204 0.000010 0.000520 0.005499 0.264602 0.023249 0.018074
0.009898 0.000010 0.618612 0.000010 0.000010 0.000010 0.371431 0.000010 0.000010
0.019396 0.002087 0.606388 0.072669 0.000010 0.000010 0.299420 0.000010 0.000010
0.000010 0.000010 0.762512 0.000010 0.000010 0.000010 0.199189 0.038239 0.000010
0.000010 0.182702 0.599143 0.000010 0.000010 0.000010 0.218095 0.000010 0.000010
0.000010 0.000010 0.690674 0.000010 0.020944 0.000010 0.288322 0.000010 0.000010
0.000010 0.000010 0.602836 0.000010 0.000010 0.000010 0.397094 0.000010 0.000010
0.000010 0.080934 0.502833 0.017793 0.000010 0.000010 0.334816 0.063585 0.000010
0.000010 0.000010 0.534821 0.000010 0.000010 0.065551 0.399567 0.000010 0.000010
0.015269 0.023684 0.734881 0.000010 0.000010 0.000010 0.226116 0.000010 0.000010
0.000010 0.000010 0.511505 0.006920 0.081154 0.000010 0.338154 0.062227 0.000010
0.000010 0.000010 0.660905 0.000010 0.000010 0.000010 0.339025 0.000010 0.000010
0.000010 0.000010 0.000010 0.000010 0.844044 0.000010 0.155886 0.000010 0.000010
0.000010 0.000010 0.026509 0.000010 0.863804 0.000010 0.109627 0.000010 0.000010
0.000010 0.024461 0.727136 0.000010 0.021752 0.000010 0.176131 0.044587 0.005904
0.000010 0.009084 0.764321 0.000010 0.000010 0.000010 0.226535 0.000010 0.000010
0.256690 0.065904 0.000010 0.371476 0.106208 0.011829 0.090693 0.052354 0.044837
0.553695 0.000010 0.038529 0.229836 0.000010 0.015104 0.000010 0.162795 0.000010
0.316534 0.000010 0.135746 0.312124 0.070055 0.000010 0.016994 0.148518 0.000010
0.425806 0.000010 0.000010 0.441645 0.027967 0.000010 0.000010 0.104532 0.000010
0.404011 0.007254 0.154718 0.299275 0.019814 0.000010 0.013525 0.050751 0.050641
0.389145 0.000010 0.029486 0.416227 0.000010 0.000010 0.000010 0.119397 0.045705
0.618836 0.023074 0.013792 0.266351 0.000010 0.000010 0.000010 0.070548 0.007369
0.387342 0.000010 0.000010 0.268660 0.000010 0.000872 0.254130 0.088956 0.000010
0.311531 0.000010 0.047687 0.343144 0.023420 0.026914 0.000010 0.223152 0.024133
0.468513 0.007976 0.000010 0.320524 0.000010 0.000010 0.080048 0.122899 0.000010
0.279046 0.060329 0.005893 0.441369 0.000010 0.000010 0.075538 0.137795 0.000010
0.366551 0.068935 0.008116 0.392905 0.000010 0.000010 0.008447 0.140743 0.014283
0.445719 0.102750 0.000010 0.087348 0.184852 0.000010 0.000010 0.179291 0.000010
0.000010 0.019178 0.723647 0.000010 0.000010 0.000010 0.187513 0.069612 0.000010
0.000010 0.040577 0.618052 0.013175 0.025495 0.000010 0.288230 0.014442 0.000010
0.000010 0.000010 0.651592 0.000010 0.038657 0.000010 0.304438 0.005263 0.000010
0.002631 0.000010 0.615658 0.000010 0.060531 0.000010 0.303366 0.000010 0.017773
0.013673 0.056668 0.670068 0.000010 0.000010 0.000010 0.259541 0.000010 0.000010
0.000010 0.000010 0.659048 0.000010 0.000010 0.000010 0.305858 0.035034 0.000010
0.000010 0.029442 0.582360 0.000010 0.096259 0.000010 0.291889 0.000010 0.000010
0.000010 0.029397 0.553369 0.000010 0.000010 0.000010 0.389975 0.000010 0.027208
0.000010 0.011323 0.605462 0.000010 0.000010 0.000010 0.383156 0.000010 0.000010
0.000010 0.000010 0.544931 0.000010 0.001601 0.000010 0.396167 0.057250 0.000010
0.000010 0.000010 0.664516 0.000010 0.000010 0.000010 0.335414 0.000010 0.000010
0.000010 0.019759 0.683886 0.000010 0.000010 0.015808 0.280496 0.000010 0.000010
