0.288784 0.061626 0.013137 0.040417 0.000010 0.012355 0.081065 0.502596 0.000010
0.360281 0.038143 0.000010 0.000010 0.085094 0.000010 0.118847 0.397596 0.000010
0.304386 0.000010 0.000010 0.076890 0.001197 0.000010 0.188289 0.429198 0.000010
0.279834 0.000010 0.000010 0.147866 0.000010 0.000010 0.075146 0.497104 0.000010
0.214347 0.022635 0.068083 0.106762 0.050570 0.000010 0.058559 0.479024 0.000010
0.260354 0.000010 0.160884 0.215998 0.000010 0.000010 0.012091 0.335348 0.015295
0.458450 0.000010 0.095997 0.000010 0.000010 0.000010 0.000010 0.445493 0.000010
0.400886 0.000010 0.138543 0.000010 0.000010 0.021019 0.000010 0.439502 0.000010
0.404109 0.011997 0.077050 0.041230 0.063458 0.000982 0.000010 0.401153 0.000010
0.377230 0.044540 0.000010 0.060697 0.000010 0.069991 0.031933 0.415580 0.000010
0.273871 0.052996 0.068251 0.000010 0.000010 0.000010 0.156919 0.447923 0.000010
0.254409 0.025154 0.000010 0.159994 0.000010 0.013158 0.142909 0.404345 0.000010
0.275116 0.033416 0.016529 0.036129 0.000010 0.000010 0.088516 0.550263 0.000010
0.242164 0.000010 0.069564 0.113417 0.000010 0.000010 0.135008 0.433135 0.006683
0.151625 0.072269 0.000015 0.219313 0.049274 0.000010 0.127935 0.379549 0.000010
0.326789 0.052842 0.000010 0.063801 0.000010 0.049911 0.046425 0.460203 0.000010
0.232621 0.057318 0.000010 0.000010 0.000010 0.027914 0.122169 0.559938 0.000010
0.396471 0.000010 0.000010 0.000010 0.000010 0.049985 0.000010 0.493510 0.059985
0.225705 0.000010 0.000010 0.082026 0.000010 0.015712 0.108091 0.568427 0.000010
0.049350 0.038935 0.037401 0.265465 0.000010 0.000010 0.074150 0.495029 0.039651
0.251476 0.000010 0.011685 0.048991 0.004452 0.023379 0.122401 0.537596 0.000010
0.227900 0.095652 0.000010 0.158767 0.000010 0.000010 0.001213 0.516427 0.000010
0.327294 0.000010 0.000010 0.000010 0.000010 0.000010 0.067442 0.465068 0.140146
0.436693 0.073159 0.000010 0.000010 0.027143 0.000010 0.000010 0.387148 0.075818
0.290975 0.075402 0.018635 0.274370 0.000010 0.000010 0.062544 0.256538 0.021516
0.462795 0.000010 0.000010 0.000010 0.000010 0.000010 0.000319 0.536826 0.000010
0.081407 0.031469 0.000010 0.150229 0.021743 0.043085 0.111692 0.560354 0.000010
0.221963 0.000010 0.033406 0.000010 0.000010 0.005759 0.168317 0.467300 0.103225
0.210639 0.000010 0.000010 0.216155 0.000010 0.000010 0.029618 0.543537 0.000010
0.275389 0.039042 0.000010 0.000010 0.063786 0.000010 0.083532 0.491356 0.046866
0.427521 0.000010 0.064846 0.000010 0.000010 0.000010 0.107686 0.399897 0.000010
0.196519 0.000010 0.031990 0.030823 0.000010 0.063682 0.134519 0.542436 0.000010
0.311915 0.000010 0.000010 0.198787 0.029146 0.000010 0.000010 0.401488 0.058624
0.397994 0.098113 0.082921 0.003764 0.000010 0.009320 0.100321 0.307547 0.000010
0.012377 0.014893 0.086476 0.097251 0.076264 0.000010 0.231694 0.441194 0.039843
0.179481 0.000010 0.138291 0.062426 0.000010 0.004036 0.041219 0.574516 0.000010
0.274269 0.000010 0.073890 0.146427 0.000010 0.000010 0.129610 0.338228 0.037545
0.208512 0.099041 0.019120 0.034408 0.000010 0.043994 0.041861 0.370797 0.182258
0.200468 0.000010 0.004173 0.146323 0.022706 0.000010 0.094126 0.458403 0.073781
0.277276 0.000010 0.017721 0.062711 0.000010 0.000307 0.107314 0.534640 0.000010
0.201605 0.021222 0.005535 0.157468 0.011801 0.061188 0.063335 0.477836 0.000010
0.256492 0.029620 0.000010 0.074887 0.000010 0.000010 0.084193 0.554768 0.000010
0.294966 0.015396 0.000010 0.073592 0.066682 0.045334 0.178545 0.325464 0.000010
0.151203 0.055387 0.000010 0.106420 0.008165 0.076933 0.167473 0.434399 0.000010
0.482855 0.026172 0.013180 0.000010 0.000010 0.001092 0.000010 0.476662 0.000010
0.209960 0.000010 0.080343 0.125193 0.000010 0.072199 0.075002 0.395696 0.041585
0.009632 0.036014 0.011530 0.053611 0.052663 0.165042 0.076778 0.497502 0.097228
0.268119 0.000010 0.068805 0.056322 0.007541 0.000010 0.115329 0.483854 0.000010
0.277788 0.162399 0.144552 0.174646 0.000010 0.000010 0.016489 0.224096 0.000010
0.179872 0.000010 0.362496 0.000010 0.000010 0.000010 0.087578 0.370004 0.000010
0.130876 0.000010 0.257984 0.127715 0.044910 0.000010 0.196834 0.241651 0.000010
0.268058 0.000010 0.082551 0.043873 0.000010 0.000010 0.293365 0.312114 0.000010
0.158883 0.000010 0.248331 0.133611 0.026502 0.000010 0.152678 0.259449 0.020527
0.165805 0.106333 0.275269 0.040164 0.049623 0.004169 0.130889 0.227738 0.000010
0.068687 0.032518 0.319112 0.087758 0.050768 0.000010 0.167662 0.273475 0.000010
0.197138 0.140459 0.256606 0.000010 0.000010 0.078021 0.145859 0.181887 0.000010
0.140098 0.000010 0.350294 0.217917 0.096631 0.000010 0.000010 0.195019 0.000010
0.228518 0.122726 0.213462 0.107646 0.069199 0.000010 0.003661 0.230689 0.024088
0.000010 0.128088 0.406727 0.115434 0.000010 0.000010 0.137530 0.197089 0.015103
0.084804 0.157475 0.246282 0.136902 0.000010 0.000010 0.100807 0.273700 0.000010
0.151793 0.078733 0.438383 0.027133 0.000010 0.015701 0.103375 0.184861 0.000010
0.127000 0.000010 0.251599 0.136746 0.021604 0.000010 0.225709 0.237312 0.000010
0.320912 0.136998 0.339490 0.054122 0.037867 0.000010 0.050996 0.017954 0.041650
0.128602 0.152700 0.324692 0.040902 0.068210 0.039079 0.000010 0.245796 0.000010
0.213689 0.000010 0.465251 0.040212 0.119453 0.000010 0.161354 0.000010 0.000010
0.208691 0.011500 0.442327 0.110259 0.000010 0.000010 0.121663 0.105531 0.000010
0.000010 0.076199 0.601388 0.046319 0.000010 0.000010 0.102549 0.173504 0.000010
0.174204 0.012544 0.282179 0.101834 0.023443 0.000010 0.154747 0.222855 0.028185
0.326539 0.129901 0.164680 0.060146 0.024812 0.000010 0.001807 0.292096 0.000010
0.383341 0.029359 0.019562 0.026785 0.006935 0.000010 0.157289 0.376709 0.000010
0.211886 0.108745 0.000010 0.087858 0.000010 0.050904 0.000010 0.199035 0.341543
0.323583 0.021377 0.000010 0.000010 0.012531 0.119846 0.000010 0.508397 0.014237
0.340804 0.035539 0.045608 0.000010 0.000010 0.008271 0.175159 0.394588 0.000010
0.374211 0.000010 0.000010 0.073446 0.000010 0.074196 0.000010 0.478097 0.000010
0.404128 0.002746 0.081740 0.015942 0.000010 0.000010 0.000010 0.481316 0.014099
0.375258 0.000010 0.023701 0.000010 0.000010 0.000010 0.136910 0.464081 0.000010
0.252584 0.000010 0.037544 0.071225 0.000010 0.000010 0.123257 0.515350 0.000010
0.216952 0.055167 0.000010 0.050498 0.000010 0.016885 0.000010 0.660458 0.000010
0.188072 0.111965 0.038055 0.000010 0.000010 0.025053 0.021281 0.441748 0.173807
0.384154 0.025927 0.083560 0.015033 0.000010 0.000010 0.045730 0.395951 0.049625
0.157372 0.020439 0.000010 0.001211 0.000010 0.000010 0.219791 0.536075 0.065082
0.249850 0.000010 0.000010 0.124388 0.036616 0.000010 0.107091 0.416261 0.065764
0.486217 0.104527 0.010206 0.000010 0.000010 0.031399 0.000010 0.341042 0.026579
0.224927 0.038608 0.047174 0.095966 0.000010 0.097727 0.092194 0.372083 0.031311
0.378170 0.000010 0.000010 0.105335 0.000010 0.000010 0.038480 0.447661 0.030314
0.247222 0.020721 0.000010 0.000010 0.000010 0.000010 0.166148 0.565859 0.000010
0.234104 0.000010 0.000010 0.088046 0.000010 0.059342 0.167603 0.231009 0.219865
0.356254 0.022037 0.000010 0.135521 0.000010 0.040672 0.004664 0.413360 0.027472
0.267267 0.000010 0.000010 0.075787 0.000010 0.000010 0.138484 0.518413 0.000010
0.421176 0.000010 0.070260 0.141196 0.000010 0.000010 0.000010 0.367318 0.000010
0.349624 0.000010 0.134016 0.000010 0.000010 0.000010 0.042581 0.473729 0.000010
0.445198 0.000010 0.046542 0.000010 0.000010 0.000010 0.087743 0.420468 0.000010
0.374674 0.000391 0.000010 0.007518 0.000010 0.000010 0.064479 0.505146 0.047762
0.389562 0.017337 0.101132 0.000010 0.000010 0.027668 0.041785 0.422486 0.000010
0.248534 0.000010 0.043814 0.156236 0.000010 0.014107 0.042089 0.495189 0.000010
0.339734 0.008469 0.000010 0.000010 0.000010 0.000010 0.232847 0.418900 0.000010
0.074444 0.011720 0.027904 0.104467 0.000010 0.013065 0.123529 0.588416 0.056446
0.309353 0.042686 0.014141 0.112722 0.019677 0.000010 0.090602 0.381650 0.029160
0.238857 0.017210 0.066109 0.000010 0.000010 0.051915 0.110842 0.515037 0.000010
0.120802 0.092913 0.030459 0.020852 0.000010 0.037702 0.236422 0.460831 0.000010
0.281146 0.040166 0.000010 0.000010 0.000010 0.012369 0.198243 0.436797 0.031249
0.000010 0.020919 0.000010 0.071236 0.000010 0.026574 0.090107 0.115131 0.676003
0.273696 0.077194 0.000010 0.123634 0.000010 0.000010 0.137350 0.106336 0.281761
0.247648 0.074849 0.033467 0.185150 0.016556 0.000010 0.079556 0.362755 0.000010
0.267580 0.006709 0.030925 0.000010 0.001190 0.028861 0.144263 0.520451 0.000010
0.163542 0.000010 0.131186 0.133244 0.000010 0.015905 0.114750 0.441342 0.000010
0.315240 0.000010 0.145184 0.058064 0.000010 0.000010 0.000010 0.481462 0.000010
0.070828 0.016093 0.039370 0.201092 0.047614 0.016736 0.151812 0.456446 0.000010
0.163886 0.039526 0.107381 0.000010 0.000010 0.000010 0.183987 0.474474 0.030716
0.078491 0.000010 0.026953 0.182749 0.000010 0.052839 0.257076 0.379236 0.022636
0.163080 0.000010 0.000010 0.065036 0.000010 0.000010 0.301354 0.470480 0.000010
0.161856 0.000010 0.000010 0.094513 0.011546 0.000010 0.163203 0.568841 0.000010
0.190399 0.010163 0.000010 0.069347 0.087333 0.010676 0.219634 0.412428 0.000010
0.302133 0.000010 0.059127 0.000010 0.000010 0.000010 0.046703 0.522719 0.069278
0.284263 0.000635 0.000010 0.000010 0.000010 0.031145 0.181661 0.502256 0.000010
0.067456 0.097975 0.000010 0.126205 0.000010 0.004908 0.126518 0.576908 0.000010
0.303829 0.024924 0.000010 0.063203 0.000010 0.034436 0.141483 0.422140 0.009965
0.399907 0.006724 0.000010 0.000010 0.081977 0.000010 0.132116 0.379236 0.000010
0.277820 0.051083 0.000010 0.132142 0.000010 0.001532 0.037380 0.500013 0.000010
0.356816 0.000010 0.005100 0.000010 0.000010 0.000010 0.190456 0.447579 0.000010
0.334408 0.052451 0.038359 0.120033 0.000010 0.000010 0.064742 0.357317 0.032671
0.104600 0.000010 0.011938 0.121929 0.000010 0.025021 0.270085 0.408322 0.058085
0.412836 0.007401 0.075925 0.017882 0.000010 0.000010 0.039362 0.398604 0.047969
0.083405 0.000010 0.084973 0.086725 0.036025 0.000010 0.158345 0.500377 0.050130
0.229208 0.084139 0.053958 0.088508 0.000010 0.040357 0.140893 0.362917 0.000010
0.309253 0.039707 0.000010 0.097878 0.110684 0.000010 0.007424 0.435025 0.000010
0.150900 0.000010 0.000010 0.203098 0.000010 0.000010 0.114727 0.502277 0.028957
0.246576 0.000010 0.178840 0.003384 0.046766 0.000010 0.099550 0.424854 0.000010
0.363296 0.030782 0.014089 0.062013 0.004608 0.017189 0.070938 0.437074 0.000010
0.095160 0.026169 0.102533 0.023046 0.039319 0.000010 0.228180 0.485573 0.000010
0.148345 0.064200 0.000010 0.038653 0.042869 0.000010 0.131165 0.574740 0.000010
0.100722 0.057061 0.000010 0.058171 0.021908 0.000010 0.242483 0.519626 0.000010
0.321106 0.046096 0.074167 0.029824 0.000010 0.000010 0.099466 0.422328 0.006995
0.270246 0.002448 0.053338 0.102454 0.000160 0.000010 0.118924 0.434333 0.018088
0.180970 0.054801 0.010898 0.099749 0.000010 0.000010 0.168980 0.439433 0.045150
0.191543 0.000010 0.010416 0.183711 0.000010 0.000010 0.078327 0.535962 0.000010
0.173797 0.064033 0.000010 0.142363 0.024505 0.000010 0.117205 0.448418 0.029659
0.285879 0.036827 0.108252 0.025562 0.002548 0.000010 0.017999 0.522911 0.000010
0.225733 0.000010 0.045566 0.080487 0.000010 0.065374 0.135567 0.384879 0.062374
0.000010 0.071544 0.041625 0.221820 0.018161 0.000010 0.047657 0.546081 0.053091
0.152427 0.063862 0.000010 0.117433 0.000010 0.000010 0.167444 0.498795 0.000010
0.120304 0.000010 0.098528 0.148002 0.000010 0.000010 0.205249 0.412074 0.015813
0.175355 0.041370 0.098624 0.120978 0.000010 0.066370 0.033156 0.464126 0.000010
0.172258 0.007034 0.028573 0.274853 0.000010 0.000010 0.022751 0.494501 0.000010
0.177065 0.071515 0.000010 0.130808 0.000010 0.000010 0.100203 0.520369 0.000010
0.196080 0.063377 0.018792 0.000010 0.000010 0.000010 0.181747 0.539964 0.000010
0.257415 0.019614 0.000010 0.075578 0.000010 0.000010 0.092972 0.552277 0.002115
0.145387 0.076865 0.000010 0.138418 0.058824 0.000010 0.085089 0.485541 0.009857
0.124925 0.119257 0.000010 0.186965 0.000010 0.000010 0.097278 0.446817 0.024727
0.303618 0.019972 0.007480 0.143363 0.033019 0.000010 0.030675 0.455706 0.006156
0.384348 0.017975 0.000010 0.078352 0.000010 0.000010 0.028718 0.490569 0.000010
0.314285 0.048073 0.057358 0.068531 0.000010 0.000010 0.000010 0.511714 0.000010
0.074250 0.000010 0.000010 0.248205 0.000010 0.000010 0.180576 0.496919 0.000010
0.094337 0.046669 0.093394 0.117782 0.010918 0.014890 0.072427 0.549573 0.000010
0.171790 0.061483 0.060286 0.091211 0.000010 0.000010 0.133398 0.481802 0.000010
0.178839 0.118425 0.000010 0.169084 0.000010 0.000010 0.189630 0.343982 0.000010
0.162043 0.041788 0.000010 0.193054 0.082300 0.006327 0.091766 0.381351 0.041361
0.173328 0.000010 0.021919 0.130399 0.029252 0.000010 0.027101 0.617970 0.000010
0.196641 0.000010 0.036404 0.166300 0.000010 0.040451 0.106507 0.453667 0.000010
0.190323 0.000010 0.056715 0.026947 0.000010 0.000010 0.218136 0.507840 0.000010
0.194071 0.011779 0.000010 0.196695 0.000010 0.006015 0.058829 0.532582 0.000010
0.063239 0.053500 0.000010 0.384095 0.000010 0.000010 0.032388 0.416045 0.050702
0.195435 0.072612 0.000010 0.049738 0.061793 0.000010 0.123305 0.497086 0.000010
0.173223 0.065176 0.076691 0.085239 0.000010 0.016571 0.192473 0.390608 0.000010
0.194094 0.069109 0.201917 0.089450 0.105495 0.000010 0.052915 0.212792 0.074217
0.069162 0.022647 0.210133 0.042227 0.056762 0.008550 0.236090 0.354419 0.000010
0.017224 0.037066 0.137808 0.207873 0.054007 0.041784 0.053251 0.450977 0.000010
0.223430 0.058545 0.000010 0.075985 0.087753 0.000010 0.104682 0.449576 0.000010
0.019388 0.000010 0.173349 0.086915 0.000010 0.000010 0.199329 0.520979 0.000010
0.257752 0.042117 0.210348 0.105124 0.000010 0.000010 0.097184 0.287445 0.000010
0.086180 0.000010 0.161475 0.236373 0.000010 0.024275 0.115516 0.376151 0.000010
0.054026 0.039463 0.186311 0.025570 0.000010 0.009407 0.226340 0.420892 0.037981
0.134109 0.000010 0.123221 0.138723 0.187100 0.000010 0.133138 0.201221 0.082469
0.146147 0.114606 0.078793 0.211519 0.000010 0.000010 0.117133 0.331772 0.000010
0.135506 0.058349 0.256513 0.100508 0.118745 0.000010 0.023767 0.306592 0.000010
0.207805 0.004045 0.056695 0.180139 0.000010 0.000010 0.084097 0.467188 0.000010
0.163646 0.082619 0.095292 0.044793 0.000010 0.000010 0.101078 0.477984 0.034567
0.171188 0.013553 0.158261 0.000010 0.028110 0.011356 0.194548 0.422964 0.000010
0.045554 0.056046 0.304822 0.065844 0.000010 0.028765 0.244249 0.254471 0.000238
0.238184 0.000010 0.203249 0.016104 0.062033 0.010271 0.169270 0.280357 0.020522
0.187364 0.000010 0.258480 0.000010 0.036099 0.000010 0.071800 0.395058 0.051169
0.114221 0.118535 0.145524 0.164120 0.000010 0.016238 0.033208 0.408134 0.000010
0.020112 0.070922 0.148721 0.238948 0.000010 0.035027 0.201634 0.284616 0.000010
0.189414 0.024125 0.000010 0.117718 0.035504 0.000010 0.130766 0.502444 0.000010
0.067968 0.066693 0.179584 0.122645 0.034618 0.000010 0.148136 0.365928 0.014417
0.150103 0.052327 0.223188 0.000010 0.009208 0.004374 0.226697 0.316829 0.017265
0.215862 0.065394 0.255235 0.138094 0.057984 0.000010 0.054031 0.213379 0.000010
0.000010 0.031782 0.000010 0.000010 0.000010 0.363685 0.000010 0.000010 0.604472
0.000010 0.001618 0.000010 0.000010 0.000010 0.277644 0.000010 0.038539 0.682149
0.000010 0.020157 0.000010 0.000010 0.000010 0.444849 0.000010 0.015190 0.519753
0.044519 0.000010 0.000010 0.000010 0.000010 0.360197 0.000010 0.000010 0.595224
0.009088 0.020944 0.000010 0.000010 0.000010 0.375289 0.000010 0.037809 0.556829
0.002219 0.010581 0.000010 0.000010 0.000010 0.344246 0.000010 0.061560 0.581354
0.038480 0.000010 0.000010 0.000010 0.000010 0.481468 0.019070 0.000010 0.460932
0.000805 0.000010 0.000010 0.055828 0.000010 0.218683 0.000010 0.000010 0.724634
0.000010 0.000010 0.000010 0.000010 0.000010 0.317838 0.000010 0.063409 0.618694
0.000010 0.000010 0.018850 0.000010 0.000010 0.435856 0.000010 0.000010 0.545234
0.031149 0.000010 0.001642 0.000010 0.000010 0.264544 0.000010 0.000010 0.702615
0.000010 0.000010 0.000010 0.026100 0.000010 0.380288 0.000604 0.011110 0.581857
0.000010 0.000010 0.000010 0.000010 0.000010 0.379815 0.000010 0.017898 0.602227
0.000010 0.000010 0.000010 0.000010 0.000010 0.420373 0.024825 0.009175 0.545577
0.071184 0.000010 0.000010 0.000010 0.000010 0.359526 0.000010 0.030585 0.538655
0.012871 0.000010 0.000010 0.040772 0.000010 0.252935 0.000010 0.000010 0.693372
0.000010 0.000010 0.043847 0.000010 0.000010 0.447821 0.000010 0.011733 0.496549
0.000010 0.001432 0.012623 0.000010 0.000010 0.508653 0.000010 0.013047 0.464206
0.000010 0.000010 0.000010 0.000010 0.000010 0.350665 0.000010 0.105702 0.543574
0.000010 0.000010 0.000010 0.000010 0.000010 0.333429 0.000010 0.040138 0.626373
0.000010 0.000010 0.000010 0.000010 0.000010 0.458294 0.000010 0.038705 0.502941
0.000010 0.000010 0.000010 0.039819 0.000010 0.386043 0.007139 0.000010 0.566949
0.000010 0.000010 0.000010 0.000010 0.000010 0.350575 0.000010 0.000010 0.649355
0.000010 0.006472 0.000010 0.000010 0.000010 0.387008 0.032087 0.000010 0.574382
0.000010 0.031736 0.000010 0.000010 0.000010 0.358756 0.000010 0.000010 0.609448
0.000010 0.000010 0.000010 0.000010 0.000010 0.462867 0.014606 0.000010 0.522467
0.000010 0.047986 0.000010 0.000010 0.000010 0.298709 0.000010 0.021277 0.631979
0.000010 0.000010 0.000010 0.000010 0.000010 0.358258 0.000010 0.002014 0.639668
0.007228 0.034152 0.000010 0.034079 0.827703 0.000010 0.096798 0.000010 0.000010
0.308981 0.000010 0.000010 0.315273 0.041618 0.000010 0.132175 0.171410 0.030513
0.257648 0.120131 0.058317 0.425651 0.000010 0.000010 0.000010 0.138213 0.000010
0.277899 0.123701 0.000010 0.372112 0.000010 0.000010 0.000010 0.195942 0.030306
0.471526 0.000010 0.000010 0.251827 0.000010 0.000010 0.002404 0.205075 0.069128
0.300110 0.073416 0.093292 0.423893 0.074764 0.000010 0.000010 0.034496 0.000010
0.445688 0.000010 0.000010 0.228116 0.000010 0.000010 0.048671 0.266702 0.010783
0.527580 0.000010 0.000010 0.279256 0.000010 0.037657 0.000010 0.155458 0.000010
0.326590 0.063839 0.000010 0.329563 0.035478 0.028510 0.000010 0.215990 0.000010
0.200163 0.101017 0.000010 0.327853 0.000010 0.037629 0.051505 0.281803 0.000010
0.400114 0.000010 0.000010 0.322124 0.000010 0.000010 0.025971 0.251740 0.000010
0.402865 0.077893 0.008279 0.310268 0.064606 0.000010 0.024510 0.095177 0.016393
0.243921 0.037105 0.038404 0.315761 0.000010 0.000010 0.000010 0.359307 0.005472
0.413433 0.137626 0.000010 0.297835 0.000010 0.000010 0.027335 0.123730 0.000010
0.286399 0.020469 0.017825 0.365181 0.051032 0.021613 0.000010 0.182903 0.054567
0.410944 0.046289 0.000010 0.413498 0.000010 0.038109 0.013320 0.074567 0.003253
0.507832 0.000010 0.009225 0.189557 0.000010 0.005711 0.081890 0.191225 0.014538
0.149949 0.018544 0.019561 0.367708 0.036274 0.000010 0.041636 0.366308 0.000010
0.372315 0.028693 0.000010 0.181451 0.000010 0.000010 0.099481 0.296110 0.021919
0.367540 0.000010 0.071746 0.312199 0.000010 0.000010 0.000010 0.248466 0.000010
0.407157 0.000010 0.000010 0.271473 0.000010 0.000010 0.043552 0.277768 0.000010
0.432887 0.000010 0.124161 0.213204 0.074419 0.000010 0.000010 0.105001 0.050297
0.328858 0.101806 0.037176 0.365035 0.019100 0.000010 0.022292 0.125714 0.000010
0.171328 0.019652 0.000010 0.401702 0.057696 0.000010 0.010662 0.272072 0.066868
0.379008 0.000010 0.058191 0.261749 0.000010 0.009339 0.000010 0.242621 0.049062
0.435100 0.000010 0.000010 0.366538 0.016768 0.006652 0.013468 0.161444 0.000010
0.257483 0.132416 0.056375 0.287414 0.000010 0.000010 0.000018 0.266263 0.000010
0.391911 0.000010 0.000010 0.360467 0.092646 0.000010 0.000010 0.154926 0.000010
0.339587 0.005292 0.093110 0.378097 0.031916 0.016356 0.000010 0.113463 0.022168
0.000010 0.000010 0.000010 0.000010 0.971741 0.002477 0.000010 0.000010 0.025721
0.000010 0.000010 0.000010 0.043057 0.929090 0.000010 0.027792 0.000010 0.000010
0.000010 0.000010 0.000010 0.032162 0.960705 0.000010 0.007073 0.000010 0.000010
0.004829 0.000010 0.000010 0.000010 0.906300 0.000010 0.061390 0.027431 0.000010
0.009867 0.038853 0.000010 0.000010 0.649786 0.000010 0.261556 0.039898 0.000010
0.000010 0.008253 0.000010 0.034038 0.932627 0.000010 0.017629 0.007414 0.000010
0.000010 0.000156 0.000010 0.018219 0.940541 0.000010 0.000010 0.041034 0.000010
0.000018 0.000010 0.017556 0.000010 0.960838 0.000010 0.000010 0.021538 0.000010
0.000010 0.039993 0.004546 0.000010 0.869315 0.000010 0.082558 0.000010 0.003548
0.000010 0.000010 0.000010 0.000010 0.971964 0.000010 0.027966 0.000010 0.000010
0.000010 0.019549 0.000010 0.000010 0.917535 0.006739 0.046953 0.009185 0.000010
0.016764 0.001268 0.000010 0.000010 0.933937 0.000010 0.047981 0.000010 0.000010
0.016651 0.000010 0.000011 0.000010 0.920405 0.000010 0.062883 0.000010 0.000010
0.000010 0.000010 0.000010 0.000010 0.999920 0.000010 0.000010 0.000010 0.000010
0.010930 0.022946 0.000010 0.000010 0.952680 0.007664 0.005740 0.000010 0.000010
0.000010 0.000010 0.000010 0.000010 0.983207 0.000385 0.016348 0.000010 0.000010
0.000010 0.015089 0.000010 0.035684 0.916385 0.000010 0.028559 0.000010 0.004243
0.628250 0.000010 0.019324 0.053351 0.000010 0.000010 0.000010 0.299024 0.000010
0.602115 0.000010 0.096254 0.073995 0.000010 0.000010 0.000010 0.227587 0.000010
0.575331 0.000010 0.045554 0.011291 0.000010 0.000010 0.056683 0.272654 0.038457
0.614083 0.000010 0.005204 0.040953 0.013561 0.000010 0.000010 0.326160 0.000010
0.643850 0.000010 0.000010 0.100295 0.025358 0.000010 0.045195 0.185262 0.000010
0.511571 0.115229 0.105166 0.139805 0.000010 0.000010 0.000010 0.052857 0.075341
0.696750 0.005148 0.008290 0.000010 0.110049 0.000010 0.001579 0.178154 0.000010
0.571874 0.026865 0.000010 0.000010 0.000010 0.000010 0.074306 0.310129 0.016786
0.744899 0.025606 0.000010 0.032244 0.000010 0.000010 0.000010 0.197201 0.000010
0.524943 0.063355 0.000010 0.094515 0.032498 0.011535 0.000010 0.247563 0.025572
0.554508 0.000010 0.000010 0.143129 0.000010 0.000010 0.035556 0.255042 0.011725
0.533456 0.000010 0.197610 0.112325 0.000010 0.000010 0.000010 0.156558 0.000010
0.621941 0.000010 0.002868 0.035986 0.000010 0.013058 0.030118 0.249004 0.047003
0.447229 0.000010 0.066344 0.184352 0.000010 0.028758 0.000010 0.273276 0.000010
0.580183 0.000010 0.020458 0.000010 0.000010 0.000010 0.000010 0.324573 0.074736
0.400114 0.000010 0.084549 0.067684 0.025857 0.000010 0.000010 0.397661 0.024105
0.500421 0.000010 0.000010 0.103456 0.093452 0.000010 0.000010 0.269094 0.033537
0.403813 0.000010 0.127620 0.296608 0.000010 0.000010 0.000010 0.171909 0.000010
0.409739 0.000010 0.000010 0.177070 0.000010 0.000010 0.061621 0.264233 0.087297
0.561979 0.001021 0.074846 0.160608 0.000010 0.000010 0.000010 0.201506 0.000010
0.450129 0.052277 0.000010 0.059661 0.000010 0.000010 0.141016 0.263177 0.033711
0.670652 0.000010 0.000010 0.000010 0.011436 0.029267 0.000010 0.134098 0.154506
0.472797 0.000010 0.096956 0.011548 0.000010 0.000010 0.000010 0.310856 0.107804
0.615848 0.047758 0.000680 0.073250 0.061679 0.000010 0.053040 0.147725 0.000010
0.561602 0.000010 0.013140 0.000010 0.086262 0.000010 0.044890 0.294066 0.000010
0.698978 0.004088 0.000010 0.000010 0.000010 0.000010 0.000010 0.242185 0.054699
0.568563 0.030958 0.015865 0.020549 0.048788 0.000010 0.052068 0.254363 0.008835
0.639381 0.000010 0.000010 0.000010 0.000010 0.000010 0.125010 0.235549 0.000010
0.550679 0.000010 0.000010 0.085944 0.000010 0.000010 0.000010 0.363317 0.000010
0.636181 0.000010 0.002174 0.000010 0.000010 0.001572 0.050860 0.309118 0.000066
0.430951 0.000010 0.026626 0.260370 0.000010 0.000010 0.034501 0.220698 0.026825
0.345646 0.000010 0.000010 0.101122 0.046332 0.062407 0.000010 0.292759 0.151704
0.560259 0.000010 0.069222 0.000010 0.000010 0.000010 0.017147 0.280414 0.072918
0.670213 0.000010 0.000010 0.073076 0.000010 0.013660 0.016834 0.226177 0.000010
0.525388 0.038725 0.000010 0.125193 0.000010 0.000010 0.000010 0.305115 0.005539
0.574696 0.112562 0.000010 0.005313 0.000010 0.015752 0.000010 0.291638 0.000010
0.431063 0.000010 0.050662 0.144165 0.047451 0.000010 0.000010 0.299360 0.027268
0.602763 0.000010 0.044822 0.133787 0.034701 0.018259 0.000010 0.165638 0.000010
0.526065 0.000010 0.000010 0.000010 0.000010 0.004389 0.098267 0.309945 0.061295
0.535761 0.009043 0.004317 0.026665 0.000010 0.008627 0.015886 0.360609 0.039082
0.451306 0.000010 0.026328 0.129895 0.000976 0.000010 0.000010 0.391455 0.000010
0.386818 0.088012 0.000010 0.140372 0.048448 0.010777 0.000010 0.325543 0.000010
0.574842 0.000010 0.000010 0.000010 0.080856 0.055761 0.028756 0.259746 0.000010
0.582142 0.023019 0.000010 0.000010 0.107463 0.000010 0.000010 0.183027 0.104310
0.697973 0.035986 0.000010 0.031315 0.024542 0.000010 0.000010 0.210144 0.000010
0.632115 0.039481 0.000010 0.000010 0.000010 0.020053 0.025143 0.271347 0.011832
0.328599 0.000010 0.000010 0.188977 0.034591 0.003391 0.084914 0.159800 0.199707
0.620395 0.000010 0.076541 0.000010 0.000010 0.000010 0.000010 0.303004 0.000010
0.502003 0.000010 0.066006 0.000010 0.000010 0.000010 0.018939 0.294427 0.118585
0.588353 0.000010 0.000010 0.000010 0.000010 0.040605 0.046306 0.256929 0.067768
0.720719 0.000010 0.000011 0.002472 0.000010 0.000010 0.000010 0.276748 0.000010
0.597334 0.012415 0.047403 0.012745 0.051769 0.000010 0.000010 0.278303 0.000010
0.657249 0.000010 0.044643 0.000193 0.049996 0.000010 0.055157 0.103517 0.089225
0.471267 0.049355 0.000010 0.044947 0.000010 0.000010 0.051056 0.243197 0.140148
0.752832 0.000010 0.006752 0.000010 0.000010 0.056170 0.000010 0.138472 0.045734
0.067483 0.000010 0.000010 0.000010 0.000010 0.053757 0.000010 0.034890 0.843820
0.538010 0.000010 0.000010 0.017634 0.100813 0.048203 0.000010 0.295300 0.000010
0.498406 0.000010 0.000010 0.074226 0.000010 0.033123 0.076856 0.257523 0.059837
0.519864 0.000010 0.033011 0.000010 0.007716 0.102257 0.025226 0.249809 0.062096
0.657264 0.000010 0.000010 0.000010 0.000010 0.075989 0.000010 0.193371 0.073326
0.478563 0.034554 0.062959 0.168559 0.000010 0.021038 0.019823 0.151622 0.062873
0.503496 0.076300 0.000010 0.000010 0.089295 0.013963 0.000010 0.282742 0.034174
0.517053 0.000010 0.000010 0.000010 0.000010 0.034916 0.065302 0.378219 0.004471
0.600100 0.074068 0.000010 0.000010 0.090298 0.000010 0.044899 0.163183 0.027421
0.602748 0.000010 0.107340 0.033115 0.073461 0.000010 0.025216 0.158090 0.000010
0.571544 0.000010 0.050943 0.020731 0.000010 0.000401 0.000010 0.256325 0.100026
0.370036 0.000010 0.074028 0.000010 0.000010 0.000010 0.027931 0.341478 0.186487
0.516463 0.000010 0.000010 0.017140 0.000010 0.071119 0.000010 0.334644 0.060594
0.483248 0.014593 0.000010 0.099258 0.000010 0.000010 0.028202 0.343723 0.030947
0.573512 0.000010 0.000010 0.000010 0.063799 0.000010 0.000010 0.142342 0.220297
0.530774 0.000010 0.000010 0.127946 0.000010 0.000010 0.064291 0.166069 0.110880
0.583405 0.002354 0.017983 0.015448 0.000010 0.042032 0.000010 0.204504 0.134254
0.546493 0.000010 0.060598 0.113243 0.006635 0.012933 0.000010 0.132206 0.127872
0.390560 0.000010 0.095288 0.081330 0.000010 0.000010 0.000010 0.209329 0.223453
0.569975 0.000010 0.000010 0.000010 0.000010 0.016747 0.000010 0.364039 0.049189
0.497197 0.000010 0.019359 0.120731 0.000010 0.015911 0.048311 0.248965 0.049507
0.581218 0.011362 0.000010 0.000010 0.085122 0.048402 0.000010 0.266625 0.007242
0.603307 0.041710 0.000010 0.056523 0.000010 0.000010 0.000010 0.146999 0.151421
0.556062 0.000010 0.047152 0.000010 0.015710 0.000010 0.113214 0.175617 0.092213
0.620565 0.000894 0.000010 0.000010 0.000010 0.000010 0.059610 0.134002 0.184888
0.555701 0.023761 0.002324 0.000010 0.025884 0.000010 0.000010 0.366102 0.026198
0.606817 0.086941 0.050339 0.000010 0.004716 0.098108 0.000010 0.139575 0.013483
0.666319 0.000010 0.000010 0.000010 0.000010 0.010370 0.058212 0.265050 0.000010
0.645775 0.056983 0.026017 0.000010 0.003496 0.012690 0.000010 0.255009 0.000010
0.576793 0.094874 0.000010 0.000010 0.000010 0.000010 0.000010 0.272394 0.055889
0.664132 0.000010 0.050534 0.000010 0.052393 0.000010 0.027296 0.110427 0.095188
0.470449 0.010477 0.000010 0.120496 0.000010 0.041574 0.000010 0.273703 0.083272
0.000010 0.065548 0.000010 0.000010 0.851323 0.000010 0.083069 0.000010 0.000010
0.000010 0.019159 0.046327 0.002866 0.818455 0.000010 0.113153 0.000010 0.000010
0.000010 0.055592 0.031420 0.000010 0.793708 0.020747 0.055508 0.021703 0.021301
0.000010 0.000010 0.000010 0.000010 0.871038 0.000010 0.128892 0.000010 0.000010
0.000010 0.003989 0.032284 0.000016 0.774288 0.000010 0.189383 0.000010 0.000010
0.000010 0.000010 0.000010 0.000010 0.898931 0.000010 0.100999 0.000010 0.000010
0.000010 0.000010 0.000010 0.000010 0.876329 0.000010 0.123601 0.000010 0.000010
0.498562 0.000010 0.000010 0.142435 0.000010 0.000010 0.107504 0.247609 0.003850
0.600263 0.004699 0.000010 0.217416 0.114070 0.000010 0.000010 0.063511 0.000010
0.625183 0.000010 0.000010 0.118463 0.000010 0.000010 0.060848 0.173846 0.021620
0.415554 0.031393 0.000010 0.202806 0.075871 0.003891 0.064009 0.206456 0.000010
0.504687 0.000010 0.000010 0.206326 0.000010 0.000010 0.064136 0.224801 0.000010
0.485340 0.000010 0.027430 0.231073 0.013443 0.000010 0.037263 0.205419 0.000010
0.581071 0.000010 0.000010 0.217032 0.000010 0.006247 0.000010 0.195600 0.000010
0.560532 0.014843 0.000010 0.276532 0.000010 0.000010 0.033886 0.114168 0.000010
0.527962 0.065769 0.000010 0.039747 0.000010 0.000010 0.049276 0.317206 0.000010
0.736919 0.000010 0.025064 0.093132 0.077954 0.000010 0.000010 0.031187 0.035714
0.488725 0.060318 0.000010 0.050621 0.000010 0.041026 0.000010 0.173418 0.185862
0.551669 0.000010 0.019504 0.097186 0.012842 0.038161 0.062081 0.218536 0.000010
0.597674 0.000010 0.041794 0.008626 0.000010 0.010159 0.000010 0.206897 0.134819
0.471234 0.000010 0.098214 0.000010 0.000010 0.000010 0.064120 0.243094 0.123298
0.626485 0.000010 0.018157 0.068921 0.077698 0.000010 0.000010 0.154625 0.054084
0.376843 0.063812 0.000010 0.000010 0.033783 0.000010 0.000010 0.244594 0.280928
0.530528 0.000010 0.132888 0.007085 0.000010 0.022181 0.054808 0.252480 0.000010
0.411701 0.000010 0.064371 0.201294 0.000010 0.000010 0.079833 0.242761 0.000010
0.493548 0.056738 0.000010 0.029346 0.061069 0.000010 0.014794 0.214543 0.129942
0.454330 0.004962 0.000010 0.215899 0.000010 0.012781 0.051221 0.203389 0.057398
0.574671 0.003539 0.000010 0.061110 0.017596 0.009783 0.000010 0.268207 0.065074
0.545368 0.030545 0.000010 0.044294 0.000010 0.031895 0.047861 0.236980 0.063039
0.560575 0.000010 0.011680 0.094634 0.000010 0.141797 0.000010 0.191274 0.000010
0.581608 0.000010 0.000010 0.141423 0.026534 0.000010 0.000010 0.250385 0.000010
0.434953 0.000010 0.000010 0.113286 0.036232 0.036718 0.067746 0.311035 0.000010
0.568348 0.000010 0.053168 0.012659 0.000010 0.004444 0.001315 0.206057 0.153989
0.633918 0.000010 0.001391 0.011093 0.021705 0.000010 0.069043 0.189828 0.073003
0.509480 0.000010 0.017064 0.078938 0.000010 0.000010 0.075351 0.242125 0.077012
0.552943 0.017574 0.090518 0.047073 0.063077 0.042765 0.000010 0.186031 0.000010
0.489904 0.022428 0.000010 0.096219 0.074239 0.017579 0.000010 0.250020 0.049590
0.671918 0.000010 0.062555 0.000010 0.000010 0.011562 0.000010 0.116111 0.137815
0.538818 0.026314 0.010248 0.000010 0.000010 0.000010 0.014509 0.303680 0.106400
0.498199 0.000010 0.042677 0.102090 0.000010 0.059912 0.000010 0.213879 0.083212
0.588588 0.005736 0.000010 0.101413 0.000010 0.036829 0.041714 0.179150 0.046549
0.676366 0.066741 0.000010 0.038857 0.034084 0.000010 0.017880 0.166042 0.000010
0.000010 0.854745 0.056895 0.000010 0.048704 0.027181 0.000010 0.000010 0.012435
0.000010 0.703306 0.000010 0.000010 0.013399 0.014521 0.171617 0.026715 0.070412
0.000010 0.788428 0.175883 0.000010 0.000010 0.000010 0.035629 0.000010 0.000010
0.000010 0.821985 0.056384 0.000010 0.060377 0.000010 0.061204 0.000010 0.000010
0.000010 0.025692 0.423347 0.091979 0.008569 0.000010 0.387736 0.000010 0.062646
0.000010 0.033230 0.628524 0.004113 0.031457 0.000010 0.296320 0.000010 0.006326
0.088536 0.000013 0.410316 0.070364 0.008856 0.000010 0.354277 0.067619 0.000010
0.000010 0.000010 0.481245 0.000010 0.046314 0.001986 0.367221 0.055965 0.047239
0.036651 0.000010 0.312814 0.068366 0.043622 0.005608 0.421838 0.088383 0.022709
0.000010 0.039616 0.439495 0.000010 0.043409 0.000010 0.382592 0.053485 0.041373
0.000010 0.000010 0.488070 0.000010 0.016826 0.000010 0.389342 0.097864 0.007858
0.000010 0.005387 0.274243 0.000010 0.000010 0.000010 0.437536 0.280693 0.002101
0.000010 0.000010 0.395431 0.000010 0.041106 0.000010 0.438036 0.125377 0.000010
0.016101 0.009754 0.448873 0.000010 0.000010 0.045200 0.427084 0.051106 0.001862
0.483506 0.000010 0.175631 0.059021 0.000010 0.000010 0.000010 0.281792 0.000010
0.538284 0.000010 0.020310 0.000010 0.080808 0.027490 0.000010 0.179097 0.153980
0.350001 0.033557 0.030916 0.088567 0.095617 0.000010 0.000010 0.281686 0.119636
0.509040 0.000010 0.074945 0.000010 0.013807 0.021039 0.000010 0.191300 0.189840
0.639279 0.000010 0.006436 0.087157 0.001031 0.001683 0.000010 0.235968 0.028427
0.500604 0.060120 0.001434 0.145069 0.000010 0.103468 0.008582 0.180702 0.000010
0.493751 0.056236 0.000010 0.088808 0.000010 0.045535 0.000010 0.221570 0.094070
0.580920 0.000010 0.010452 0.011192 0.105666 0.019333 0.000010 0.109679 0.162739
0.551056 0.000010 0.011240 0.108750 0.000010 0.072307 0.000010 0.256607 0.000010
0.591956 0.029961 0.000010 0.070898 0.000010 0.009402 0.019998 0.148932 0.128834
0.512665 0.000010 0.016495 0.000010 0.063271 0.000010 0.000010 0.272374 0.135156
0.530959 0.000010 0.000010 0.053030 0.031642 0.031938 0.000010 0.169756 0.182645
0.400243 0.041190 0.125696 0.000010 0.000010 0.000010 0.051845 0.246368 0.134628
0.609798 0.000010 0.096865 0.037092 0.000010 0.000010 0.037656 0.218549 0.000010
0.633912 0.088287 0.000010 0.039048 0.000010 0.013278 0.006604 0.218841 0.000010
0.522206 0.000010 0.009521 0.045634 0.000010 0.002817 0.000010 0.287472 0.132319
0.457704 0.000010 0.000010 0.071285 0.000010 0.000010 0.132177 0.199691 0.139102
0.566837 0.035443 0.023179 0.014172 0.000010 0.000010 0.100789 0.177593 0.081967
0.561938 0.000010 0.000010 0.062043 0.100157 0.045681 0.070260 0.143523 0.016378
0.454561 0.000010 0.057565 0.204515 0.000010 0.047522 0.056687 0.120150 0.058981
0.470420 0.000010 0.139457 0.214915 0.029152 0.000010 0.000010 0.146016 0.000010
0.000010 0.000010 0.836649 0.000010 0.000010 0.000010 0.163281 0.000010 0.000010
0.000010 0.056805 0.583163 0.000010 0.012853 0.000010 0.317843 0.029296 0.000010
0.000010 0.000010 0.599635 0.000010 0.062720 0.000010 0.337585 0.000010 0.000010
0.000010 0.041207 0.665323 0.000010 0.064557 0.000010 0.205100 0.021737 0.002046
0.039923 0.000010 0.613025 0.000010 0.009543 0.000010 0.337454 0.000016 0.000010
0.000010 0.063147 0.631201 0.000010 0.000010 0.006353 0.267375 0.000010 0.031883
0.000010 0.163532 0.520759 0.000010 0.000010 0.013477 0.302183 0.000010 0.000010
0.000010 0.033866 0.642861 0.000010 0.013351 0.039933 0.211941 0.058017 0.000010
0.000010 0.009186 0.659389 0.000010 0.055799 0.000010 0.238046 0.000010 0.037540
0.000010 0.080417 0.757096 0.034430 0.016960 0.000010 0.111056 0.000010 0.000010
0.000010 0.000010 0.721977 0.000010 0.042111 0.000010 0.233699 0.000010 0.002163
0.000010 0.000010 0.677927 0.000010 0.057952 0.000010 0.264061 0.000010 0.000010
0.029787 0.000010 0.654842 0.000010 0.132939 0.000010 0.182382 0.000010 0.000010
0.000010 0.087532 0.695733 0.000010 0.000010 0.000010 0.216674 0.000010 0.000010
0.000010 0.092418 0.569137 0.000010 0.081669 0.000010 0.256726 0.000010 0.000010
0.000010 0.036266 0.629905 0.000010 0.096214 0.000010 0.237565 0.000010 0.000010
0.000010 0.012863 0.704052 0.000010 0.018582 0.000010 0.264453 0.000010 0.000010
0.000010 0.000010 0.641105 0.000010 0.075703 0.000010 0.209085 0.074057 0.000010
0.000010 0.000010 0.685937 0.000010 0.071059 0.000010 0.242943 0.000010 0.000010
0.000010 0.139246 0.548761 0.000010 0.063022 0.000010 0.242771 0.006160 0.000010
0.000010 0.119484 0.623511 0.003842 0.021277 0.000010 0.231846 0.000010 0.000010
0.000010 0.076301 0.621306 0.020364 0.102739 0.000010 0.179251 0.000010 0.000010
0.000010 0.033109 0.733992 0.000010 0.016884 0.000010 0.215965 0.000010 0.000010
0.000010 0.000010 0.689245 0.003435 0.000010 0.000010 0.307260 0.000010 0.000010
0.028014 0.012771 0.741764 0.000010 0.000010 0.000010 0.217401 0.000010 0.000010
0.000010 0.044759 0.548497 0.112737 0.086572 0.000010 0.199793 0.007613 0.000010
0.000010 0.050036 0.614595 0.001935 0.000097 0.032191 0.301116 0.000010 0.000010
0.017534 0.104663 0.647194 0.000010 0.000010 0.018110 0.212459 0.000010 0.000010
0.000010 0.051959 0.403033 0.040549 0.127863 0.000010 0.376556 0.000010 0.000010
0.000010 0.111228 0.572450 0.000010 0.092134 0.000010 0.216245 0.007902 0.000010
0.000010 0.000010 0.609246 0.000010 0.000010 0.016716 0.373978 0.000010 0.000010
0.014799 0.000010 0.639199 0.000010 0.000010 0.000010 0.345941 0.000010 0.000010
0.094351 0.048940 0.471365 0.000010 0.043900 0.000010 0.316143 0.000010 0.025270
0.000010 0.085726 0.593548 0.000010 0.000010 0.000010 0.312833 0.000010 0.007843
0.000010 0.147785 0.518480 0.009631 0.069713 0.000010 0.186991 0.023995 0.043384
0.000010 0.000010 0.573976 0.040164 0.033372 0.025457 0.292863 0.034139 0.000010
0.000010 0.024491 0.647126 0.000010 0.036552 0.000010 0.275958 0.015834 0.000010
0.000010 0.102758 0.488861 0.000010 0.000010 0.000010 0.391918 0.000010 0.016413
0.000010 0.000010 0.700292 0.000010 0.000010 0.000010 0.299638 0.000010 0.000010
0.000010 0.000010 0.000010 0.000010 0.822473 0.000010 0.146920 0.030548 0.000010
0.000010 0.000010 0.000010 0.000010 0.891654 0.000010 0.108276 0.000010 0.000010
0.000010 0.011981 0.699367 0.000010 0.000010 0.029009 0.259593 0.000010 0.000010
0.000010 0.036566 0.732547 0.000010 0.000010 0.073156 0.157681 0.000010 0.000010
0.253665 0.016416 0.095239 0.377320 0.000272 0.000010 0.002693 0.205454 0.048931
0.353065 0.000010 0.096927 0.267769 0.000010 0.000010 0.057602 0.220033 0.004574
0.216318 0.073406 0.000010 0.425437 0.021456 0.000010 0.013712 0.249641 0.000010
0.247233 0.069105 0.000010 0.314351 0.000010 0.000010 0.041396 0.327875 0.000010
0.306952 0.000010 0.087610 0.274778 0.011895 0.003633 0.049689 0.265423 0.000010
0.376123 0.009122 0.028760 0.263283 0.000010 0.000010 0.000010 0.285678 0.037002
0.377459 0.000010 0.000010 0.333851 0.000010 0.000010 0.033259 0.255381 0.000010
0.086580 0.000499 0.000010 0.438598 0.000010 0.000010 0.081894 0.359735 0.032665
0.401636 0.000010 0.000010 0.391689 0.011280 0.000010 0.020694 0.174660 0.000010
0.196423 0.000010 0.086881 0.362952 0.000010 0.019398 0.046398 0.287917 0.000010
0.374638 0.000010 0.000010 0.309509 0.047652 0.000010 0.058873 0.209288 0.000010
0.410737 0.068010 0.000010 0.103916 0.000010 0.000010 0.100472 0.316826 0.000010
0.485518 0.000010 0.000010 0.331479 0.000010 0.000010 0.000010 0.155963 0.026990
0.000010 0.028833 0.647896 0.000010 0.000010 0.000010 0.323211 0.000010 0.000010
0.011215 0.000010 0.540853 0.003362 0.035443 0.021343 0.387753 0.000010 0.000010
0.000010 0.000010 0.658068 0.012547 0.000010 0.000010 0.321102 0.000010 0.008233
0.000010 0.000010 0.668658 0.000010 0.000010 0.041664 0.289618 0.000010 0.000010
0.000010 0.000010 0.756550 0.000010 0.007689 0.000010 0.235362 0.000010 0.000349
0.000010 0.096491 0.499309 0.000010 0.093244 0.000010 0.310906 0.000010 0.000010
0.008665 0.000010 0.646296 0.000010 0.006289 0.026039 0.312672 0.000010 0.000010
0.000010 0.000010 0.584168 0.025774 0.034601 0.000010 0.355407 0.000010 0.000010
0.000010 0.023675 0.546356 0.000010 0.035951 0.000010 0.393968 0.000010 0.000010
0.000010 0.000010 0.694307 0.000010 0.039304 0.000010 0.266328 0.000010 0.000010
0.000010 0.006379 0.679049 0.000010 0.000010 0.000010 0.314512 0.000010 0.000010
0.000010 0.000010 0.710381 0.002512 0.006184 0.024277 0.239460 0.000010 0.017155
