0.406551 0.019868 0.077655 0.058118 0.074174 0.001517 0.038816 0.323289 0.000010
0.301827 0.065725 0.000010 0.163825 0.000010 0.000010 0.040619 0.418991 0.008982
0.146620 0.072155 0.000012 0.194349 0.000010 0.000010 0.158854 0.348222 0.079768
0.339252 0.000010 0.058762 0.028103 0.000010 0.039532 0.001713 0.532609 0.000010
0.268822 0.054491 0.053397 0.166543 0.000010 0.092924 0.052440 0.311364 0.000010
0.219914 0.000010 0.007739 0.101969 0.058997 0.052181 0.092847 0.222192 0.244150
0.316751 0.067898 0.002922 0.000010 0.000010 0.000010 0.166760 0.445630 0.000010
0.200694 0.052533 0.000010 0.051602 0.010855 0.000010 0.164569 0.410260 0.109467
0.185125 0.049830 0.000010 0.149724 0.000010 0.000010 0.100986 0.496522 0.017783
0.261663 0.059467 0.043186 0.121705 0.030106 0.000010 0.037685 0.398132 0.048045
0.305223 0.000010 0.078740 0.000010 0.000010 0.000010 0.066980 0.451946 0.097071
0.333077 0.068792 0.054883 0.000010 0.000010 0.000010 0.142483 0.400726 0.000010
0.454115 0.093703 0.000010 0.031963 0.000010 0.000010 0.000010 0.420168 0.000010
0.117769 0.017089 0.033105 0.203678 0.018990 0.026910 0.071015 0.461322 0.050123
0.360788 0.013982 0.000010 0.082375 0.024473 0.000010 0.000010 0.515555 0.002797
0.134348 0.040217 0.000010 0.169125 0.063787 0.000010 0.000011 0.592482 0.000010
0.452147 0.000010 0.000010 0.000010 0.000010 0.000010 0.085513 0.462280 0.000010
0.080186 0.000010 0.000010 0.186646 0.087305 0.007612 0.135931 0.502290 0.000010
0.248832 0.000010 0.034316 0.017314 0.000012 0.000010 0.046899 0.460685 0.191922
0.325933 0.012034 0.000010 0.164110 0.000010 0.000010 0.064107 0.426839 0.006947
0.398831 0.019427 0.039619 0.000010 0.000010 0.000010 0.014625 0.452799 0.074668
0.311163 0.000010 0.038559 0.000010 0.001040 0.013365 0.122449 0.489935 0.023469
0.300656 0.056186 0.056838 0.016439 0.000010 0.010373 0.042585 0.516902 0.000010
0.327070 0.000010 0.046460 0.014369 0.000010 0.000010 0.149132 0.462929 0.000010
0.375263 0.000010 0.018804 0.011023 0.000010 0.000010 0.088122 0.506748 0.000010
0.233986 0.023799 0.000010 0.170243 0.000010 0.000010 0.009236 0.562696 0.000010
0.398098 0.000010 0.000010 0.030346 0.000010 0.000010 0.205675 0.365831 0.000010
0.337378 0.060404 0.000010 0.075534 0.000010 0.001234 0.050792 0.474627 0.000010
0.248672 0.032455 0.000010 0.000010 0.070691 0.000010 0.198294 0.449848 0.000010
0.297318 0.031900 0.000010 0.000010 0.000010 0.045483 0.159215 0.392114 0.073940
0.413097 0.035852 0.037333 0.000010 0.005692 0.000010 0.021850 0.413091 0.073065
0.277403 0.000010 0.000010 0.027528 0.050009 0.000010 0.116597 0.528422 0.000010
0.207942 0.000010 0.050373 0.240545 0.000010 0.072267 0.116383 0.312460 0.000010
0.264743 0.028819 0.144456 0.152165 0.060308 0.038860 0.000010 0.310630 0.000010
0.222676 0.063134 0.093058 0.000010 0.000010 0.000010 0.089490 0.531601 0.000010
0.331784 0.045779 0.060020 0.027337 0.000010 0.096769 0.050530 0.387762 0.000010
0.334371 0.000010 0.000010 0.000010 0.000010 0.031978 0.174939 0.438154 0.020519
0.238873 0.035069 0.040387 0.040581 0.000010 0.013264 0.006386 0.498455 0.126976
0.343098 0.018259 0.006996 0.000012 0.000010 0.000010 0.000010 0.509849 0.121756
0.282459 0.062408 0.019057 0.151426 0.000010 0.015535 0.050413 0.418682 0.000010
0.473241 0.032036 0.031435 0.000010 0.000010 0.000010 0.072051 0.391198 0.000010
0.208565 0.015974 0.008913 0.010313 0.012983 0.069184 0.141367 0.509922 0.022778
0.339709 0.106325 0.026586 0.103802 0.053466 0.000010 0.000010 0.370081 0.000010
0.425487 0.051639 0.000010 0.000010 0.000010 0.000010 0.009288 0.513536 0.000010
0.324337 0.000010 0.055554 0.000010 0.079202 0.000010 0.029765 0.511101 0.000010
0.319746 0.050212 0.013016 0.090948 0.000010 0.000010 0.078200 0.422078 0.025780
0.334201 0.020396 0.058401 0.084730 0.000010 0.000010 0.097145 0.381751 0.023356
0.170399 0.000012 0.000010 0.205274 0.126545 0.102186 0.075639 0.310293 0.009642
0.300652 0.055351 0.291759 0.047300 0.032970 0.077231 0.019283 0.175445 0.000010
0.085858 0.064974 0.346262 0.182416 0.000010 0.000010 0.050684 0.248621 0.021165
0.101927 0.051486 0.517459 0.053191 0.000010 0.000010 0.159449 0.116458 0.000010
0.200127 0.064769 0.292306 0.000010 0.000010 0.000010 0.167928 0.274830 0.000010
0.184228 0.082799 0.282945 0.009404 0.000010 0.000010 0.173136 0.267458 0.000010
0.000010 0.057430 0.532868 0.116999 0.059181 0.018922 0.200202 0.014378 0.000010
0.025423 0.146388 0.454359 0.043566 0.000010 0.049677 0.074823 0.205744 0.000010
0.175265 0.075764 0.367434 0.088741 0.009909 0.000010 0.074162 0.180760 0.027954
0.000010 0.060953 0.471198 0.234381 0.069981 0.000010 0.000010 0.163446 0.000010
0.071496 0.051922 0.367130 0.120376 0.000010 0.039652 0.063616 0.285788 0.000010
0.077286 0.072984 0.432078 0.139926 0.000010 0.022847 0.107965 0.087159 0.059745
0.120426 0.000010 0.280182 0.045063 0.094343 0.024554 0.197150 0.238262 0.000010
0.130065 0.091240 0.328832 0.131806 0.000010 0.000010 0.011688 0.306339 0.000010
0.202884 0.052642 0.306028 0.040601 0.000010 0.005208 0.111735 0.280883 0.000010
0.026512 0.115323 0.316245 0.105608 0.000010 0.000010 0.089240 0.291623 0.055429
0.105621 0.031080 0.343687 0.036420 0.000010 0.032450 0.262525 0.188197 0.000010
0.087477 0.000010 0.301774 0.233855 0.000010 0.000010 0.118765 0.258089 0.000010
0.257192 0.000010 0.448044 0.066439 0.010425 0.000010 0.183921 0.033949 0.000010
0.097486 0.156740 0.073094 0.056907 0.016753 0.000010 0.255464 0.343537 0.000010
0.169230 0.000010 0.187071 0.043828 0.000010 0.000010 0.211204 0.388628 0.000010
0.154849 0.000010 0.200562 0.132092 0.000010 0.000010 0.191958 0.313804 0.006706
0.135058 0.000010 0.107230 0.174422 0.000010 0.000010 0.184876 0.398374 0.000010
0.025866 0.000010 0.000010 0.145749 0.000010 0.018392 0.132225 0.548781 0.128957
0.289126 0.000010 0.000010 0.000010 0.000010 0.015106 0.125973 0.569744 0.000010
0.279495 0.012322 0.000010 0.107024 0.000010 0.003694 0.030159 0.531557 0.035728
0.363426 0.078641 0.000010 0.000010 0.061090 0.044553 0.007393 0.202503 0.242373
0.344480 0.100404 0.000010 0.000010 0.011742 0.000010 0.026635 0.506548 0.010161
0.514555 0.000010 0.003677 0.024960 0.000010 0.000010 0.067919 0.384005 0.004853
0.275378 0.000010 0.000010 0.168830 0.000010 0.023978 0.101105 0.340907 0.089773
0.320108 0.025316 0.011033 0.018239 0.000010 0.025565 0.125097 0.353677 0.120956
0.418932 0.000010 0.000010 0.000010 0.027083 0.051777 0.063562 0.421070 0.017546
0.308015 0.107147 0.000010 0.087466 0.146022 0.021886 0.011266 0.190633 0.127556
0.134122 0.000010 0.000010 0.070661 0.086853 0.054575 0.076418 0.577340 0.000010
0.262947 0.000010 0.000010 0.101846 0.000010 0.091715 0.085874 0.457579 0.000010
0.469318 0.000010 0.000010 0.000010 0.000010 0.031511 0.059343 0.417774 0.022014
0.304178 0.043331 0.003563 0.080416 0.000010 0.031503 0.121157 0.415832 0.000010
0.237174 0.000010 0.000010 0.230692 0.000010 0.008061 0.056779 0.467253 0.000010
0.360432 0.013851 0.085000 0.066122 0.084505 0.036239 0.095945 0.257895 0.000010
0.392649 0.000010 0.022514 0.000010 0.000010 0.070783 0.161230 0.352784 0.000010
0.266361 0.000010 0.030221 0.078643 0.000010 0.000010 0.101236 0.523498 0.000010
0.364018 0.013820 0.023797 0.000010 0.083774 0.000010 0.019364 0.495198 0.000010
0.451312 0.000010 0.017681 0.074760 0.000010 0.033454 0.000010 0.366572 0.056191
0.389495 0.039300 0.094593 0.000010 0.003327 0.001740 0.008852 0.383455 0.079230
0.474045 0.000010 0.000010 0.000010 0.000010 0.000010 0.055553 0.391253 0.079099
0.300324 0.095004 0.049751 0.199845 0.000010 0.000010 0.038174 0.296557 0.020325
0.317249 0.014210 0.000010 0.037392 0.000010 0.000010 0.072092 0.445129 0.113898
0.314626 0.083326 0.022081 0.004412 0.000010 0.004444 0.103851 0.467239 0.000010
0.119454 0.053151 0.000010 0.064762 0.000010 0.000010 0.228333 0.504625 0.029644
0.241155 0.000010 0.084430 0.000010 0.000010 0.000010 0.233901 0.391970 0.048503
0.191027 0.000010 0.000010 0.000010 0.000010 0.069910 0.220529 0.501909 0.016586
0.161536 0.000010 0.000010 0.149260 0.000010 0.000010 0.151237 0.537917 0.000010
0.102115 0.010275 0.105232 0.112928 0.000010 0.043993 0.210180 0.415257 0.000010
0.252886 0.069736 0.000010 0.000011 0.000010 0.052485 0.145693 0.293604 0.185564
0.025536 0.003220 0.002739 0.074409 0.000010 0.224644 0.128593 0.137309 0.403540
0.294282 0.000010 0.000010 0.064780 0.000010 0.027013 0.046826 0.535375 0.031693
0.094716 0.000010 0.000010 0.069688 0.000010 0.000010 0.170147 0.665399 0.000010
0.152243 0.029508 0.009609 0.091085 0.000010 0.000010 0.100220 0.617305 0.000010
0.267361 0.000010 0.000010 0.210067 0.054435 0.000010 0.149789 0.318309 0.000010
0.188352 0.000010 0.000010 0.006297 0.000010 0.050549 0.216741 0.538021 0.000010
0.147226 0.000010 0.069826 0.014000 0.040082 0.042886 0.179653 0.485183 0.021133
0.299444 0.048881 0.000010 0.081799 0.000010 0.000010 0.135220 0.434616 0.000010
0.380455 0.000010 0.016766 0.127862 0.000010 0.052161 0.000010 0.422717 0.000010
0.237122 0.005964 0.021995 0.117714 0.000010 0.061614 0.125750 0.429820 0.000010
0.072404 0.000010 0.000010 0.000010 0.000010 0.000010 0.296140 0.631396 0.000010
0.260526 0.000010 0.000010 0.048692 0.000010 0.035468 0.231152 0.424121 0.000010
0.170507 0.048680 0.000010 0.065934 0.000010 0.000010 0.175630 0.539210 0.000010
0.327202 0.037582 0.083777 0.000010 0.067136 0.000010 0.093957 0.375548 0.014778
0.200059 0.000010 0.026558 0.030535 0.006000 0.000010 0.170734 0.566084 0.000010
0.206931 0.000010 0.000010 0.000010 0.000010 0.019433 0.200571 0.564534 0.008491
0.181530 0.000010 0.065698 0.141661 0.000010 0.000010 0.108876 0.502195 0.000010
0.260540 0.000010 0.000010 0.191187 0.042645 0.000010 0.119525 0.386064 0.000010
0.082919 0.000010 0.013723 0.216997 0.000010 0.000010 0.168627 0.508920 0.008784
0.283811 0.034427 0.138893 0.147651 0.000010 0.000010 0.102071 0.293117 0.000010
0.239136 0.093800 0.021356 0.105286 0.000010 0.000010 0.036615 0.470981 0.032806
0.108206 0.000010 0.017148 0.094831 0.052604 0.000010 0.261231 0.393690 0.072270
0.179774 0.006953 0.074043 0.026020 0.000010 0.000010 0.180930 0.532250 0.000010
0.493782 0.000010 0.018500 0.018231 0.000010 0.003104 0.029611 0.436742 0.000010
0.338855 0.092479 0.138358 0.000010 0.034094 0.000010 0.000010 0.396174 0.000010
0.238363 0.000010 0.000010 0.026159 0.000010 0.000010 0.175658 0.454888 0.104892
0.104166 0.062581 0.000010 0.164405 0.000010 0.000010 0.101822 0.527651 0.039345
0.164150 0.009851 0.000010 0.193589 0.000010 0.000010 0.118575 0.488866 0.024939
0.290993 0.010502 0.103153 0.222279 0.000010 0.000010 0.026497 0.346546 0.000010
0.213307 0.001488 0.015437 0.052489 0.000010 0.007167 0.243456 0.412154 0.054492
0.257758 0.000010 0.030388 0.013860 0.000010 0.000010 0.234913 0.463040 0.000010
0.268306 0.044278 0.000010 0.164824 0.000010 0.010486 0.147487 0.364589 0.000010
0.262940 0.000010 0.021554 0.000010 0.000010 0.074268 0.084085 0.557112 0.000010
0.199790 0.000010 0.000010 0.136868 0.000010 0.000010 0.252589 0.410703 0.000010
0.340096 0.046138 0.000010 0.031146 0.000010 0.000010 0.135010 0.447570 0.000010
0.296091 0.048794 0.226198 0.102427 0.000010 0.000010 0.000010 0.271435 0.055025
0.190285 0.034399 0.090111 0.224681 0.000010 0.000010 0.132037 0.328457 0.000010
0.159385 0.025086 0.025301 0.000010 0.077891 0.000010 0.146811 0.565496 0.000010
0.391815 0.000010 0.087422 0.025224 0.013215 0.000010 0.073505 0.406443 0.002355
0.285375 0.065137 0.018485 0.279846 0.000010 0.000010 0.063576 0.287551 0.000010
0.322442 0.000010 0.048437 0.068093 0.059704 0.000010 0.023879 0.477414 0.000010
0.406944 0.053118 0.008764 0.050880 0.000010 0.052683 0.010170 0.417422 0.000010
0.116903 0.000010 0.047622 0.152733 0.012043 0.027833 0.138046 0.504801 0.000010
0.173510 0.000010 0.000010 0.165521 0.000010 0.002400 0.227684 0.397152 0.033703
0.202630 0.009366 0.097140 0.200870 0.000010 0.003187 0.000520 0.486268 0.000010
0.343052 0.000010 0.030665 0.028520 0.061427 0.006255 0.000010 0.530051 0.000010
0.179982 0.008598 0.035596 0.247775 0.000010 0.000010 0.117085 0.402826 0.008118
0.063382 0.049095 0.001625 0.103623 0.000010 0.000010 0.119628 0.596414 0.066213
0.363843 0.124108 0.000010 0.028971 0.000010 0.000010 0.050165 0.432872 0.000010
0.259353 0.000010 0.000010 0.071540 0.000010 0.000010 0.226869 0.442188 0.000010
0.273530 0.021735 0.051844 0.161881 0.000010 0.000010 0.023401 0.450660 0.016928
0.263722 0.005100 0.000010 0.050659 0.003278 0.000010 0.112438 0.447915 0.116869
0.341359 0.028348 0.000010 0.064425 0.000010 0.000010 0.154807 0.408213 0.002818
0.251590 0.029215 0.027196 0.089777 0.038902 0.020304 0.087381 0.400910 0.054727
0.176297 0.051025 0.055626 0.107307 0.062008 0.009619 0.128557 0.409552 0.000010
0.313482 0.000010 0.037871 0.082634 0.000010 0.000010 0.133397 0.432576 0.000010
0.106973 0.000010 0.070590 0.118677 0.033196 0.000010 0.102618 0.555042 0.012883
0.308496 0.000010 0.000010 0.116029 0.000010 0.000010 0.158482 0.356691 0.060262
0.198784 0.000010 0.000010 0.075066 0.040896 0.000010 0.177068 0.508146 0.000010
0.427403 0.010936 0.017911 0.021794 0.000010 0.000010 0.007494 0.514431 0.000010
0.272246 0.044095 0.084628 0.132186 0.058627 0.000010 0.088530 0.319669 0.000010
0.133554 0.073556 0.034391 0.063773 0.000010 0.000010 0.197135 0.497563 0.000010
0.277298 0.066193 0.122709 0.000010 0.000010 0.014760 0.086265 0.404103 0.028651
0.230614 0.000010 0.068775 0.000010 0.103585 0.055995 0.211509 0.274521 0.054981
0.141394 0.000010 0.078413 0.283285 0.026709 0.036812 0.101538 0.331830 0.000010
0.282548 0.000010 0.064429 0.006029 0.000010 0.074486 0.060393 0.512084 0.000010
0.115616 0.000010 0.014633 0.263345 0.022480 0.000010 0.107572 0.452958 0.023376
0.235820 0.051413 0.208394 0.000010 0.023628 0.000010 0.180090 0.300626 0.000010
0.179795 0.099189 0.208712 0.157831 0.000010 0.000010 0.143111 0.211331 0.000010
0.031137 0.000010 0.167184 0.103734 0.000010 0.000010 0.140219 0.557686 0.000010
0.201062 0.000010 0.060242 0.033157 0.000010 0.059526 0.179450 0.466533 0.000010
0.000011 0.119514 0.240477 0.119624 0.000010 0.015865 0.166425 0.338065 0.000010
0.156459 0.060925 0.000010 0.134655 0.130537 0.000010 0.059905 0.457489 0.000010
0.222912 0.000010 0.052130 0.141374 0.049956 0.000010 0.095545 0.438053 0.000010
0.290694 0.000010 0.136180 0.193014 0.063395 0.000010 0.058195 0.258491 0.000010
0.164069 0.003398 0.066383 0.000010 0.000010 0.000010 0.168636 0.597475 0.000010
0.231860 0.000010 0.060724 0.195035 0.018557 0.000010 0.129410 0.364384 0.000010
0.123828 0.009980 0.060872 0.085496 0.097599 0.000010 0.180434 0.441771 0.000010
0.176118 0.000010 0.000010 0.196956 0.000010 0.061827 0.118634 0.383853 0.062581
0.103911 0.050032 0.144205 0.112534 0.156374 0.009744 0.151726 0.271463 0.000010
0.210188 0.043786 0.177944 0.211883 0.000010 0.000010 0.078380 0.277789 0.000010
0.122149 0.089258 0.091727 0.009353 0.004067 0.000010 0.146881 0.536545 0.000010
0.160805 0.028761 0.083172 0.043222 0.060818 0.000010 0.162515 0.460686 0.000010
0.209834 0.016781 0.025558 0.049672 0.009388 0.000010 0.214786 0.449714 0.024257
0.108696 0.017779 0.297643 0.154475 0.030035 0.000010 0.063651 0.327700 0.000010
0.268894 0.073318 0.246394 0.122150 0.000010 0.000010 0.036146 0.253069 0.000010
0.000010 0.032215 0.000010 0.000010 0.010787 0.486529 0.000010 0.000010 0.470419
0.011213 0.000010 0.000010 0.000010 0.000010 0.524307 0.000010 0.000010 0.464420
0.000010 0.000010 0.000010 0.000010 0.000010 0.183972 0.000010 0.000010 0.815958
0.000010 0.000010 0.003813 0.000010 0.042793 0.416388 0.000010 0.000010 0.536956
0.000010 0.021844 0.000010 0.000010 0.000010 0.214711 0.000010 0.000010 0.763385
0.000010 0.000010 0.000010 0.000010 0.000010 0.379886 0.000010 0.000010 0.620044
0.000010 0.045680 0.000010 0.000010 0.032087 0.349565 0.000011 0.000010 0.572617
0.000010 0.000010 0.000010 0.000010 0.034551 0.264580 0.017067 0.002032 0.681729
0.000010 0.058556 0.000010 0.000010 0.000010 0.287849 0.000010 0.000010 0.653535
0.025895 0.000010 0.000010 0.000010 0.000010 0.339302 0.000010 0.000010 0.634743
0.000010 0.030580 0.002817 0.000010 0.000010 0.413222 0.000010 0.000010 0.553332
0.000010 0.000010 0.000010 0.000010 0.054959 0.370300 0.000010 0.000010 0.574681
0.009264 0.000010 0.000010 0.000010 0.000010 0.399105 0.040287 0.000010 0.551294
0.000010 0.000010 0.000010 0.000010 0.000010 0.404143 0.000010 0.000010 0.595787
0.000010 0.000010 0.000010 0.000010 0.000010 0.419902 0.000010 0.000010 0.580028
0.000010 0.000010 0.000010 0.000010 0.000010 0.406336 0.000010 0.000010 0.593594
0.000010 0.000010 0.000010 0.000010 0.023611 0.324605 0.000010 0.000010 0.651723
0.000010 0.022678 0.000010 0.000010 0.000010 0.455575 0.000010 0.000010 0.521687
0.000010 0.000010 0.000010 0.000010 0.053444 0.294588 0.000010 0.000010 0.651908
0.000010 0.009887 0.015599 0.000010 0.050288 0.348699 0.000010 0.000010 0.575487
0.049004 0.000010 0.000010 0.000010 0.000010 0.332909 0.008619 0.050586 0.558842
0.020889 0.000010 0.000010 0.000010 0.000010 0.385127 0.000010 0.000010 0.593923
0.028063 0.000010 0.000010 0.000010 0.000010 0.358273 0.000010 0.000010 0.613604
0.000010 0.000010 0.000010 0.034287 0.008342 0.429032 0.000010 0.055631 0.472668
0.000010 0.033494 0.000010 0.000010 0.000010 0.353965 0.000010 0.006294 0.606197
0.000010 0.000010 0.000010 0.020382 0.000010 0.474630 0.000010 0.000010 0.504929
0.000010 0.000010 0.007481 0.000010 0.054552 0.510610 0.000010 0.028860 0.398456
0.000010 0.000010 0.002461 0.000010 0.016937 0.173412 0.000010 0.000010 0.807141
0.000010 0.000010 0.000010 0.000010 0.802674 0.000010 0.197256 0.000010 0.000010
0.283698 0.000010 0.000010 0.386818 0.000010 0.000010 0.054771 0.274663 0.000010
0.236561 0.087950 0.000010 0.478908 0.052554 0.000010 0.037861 0.052839 0.053307
0.282428 0.000010 0.056956 0.522246 0.033362 0.022046 0.000010 0.082931 0.000010
0.309098 0.038040 0.000010 0.360962 0.000010 0.017272 0.017353 0.257246 0.000010
0.386848 0.000010 0.000010 0.306208 0.005493 0.074944 0.062957 0.163521 0.000010
0.404288 0.000010 0.000010 0.396918 0.115429 0.003795 0.000010 0.079529 0.000010
0.454258 0.034787 0.079025 0.210319 0.000010 0.024279 0.000010 0.164361 0.032951
0.364300 0.000010 0.003583 0.152157 0.000010 0.027273 0.057538 0.395118 0.000010
0.456880 0.010686 0.000010 0.332787 0.000010 0.000010 0.000010 0.175243 0.024364
0.520914 0.000010 0.000010 0.257001 0.000010 0.000010 0.000010 0.222024 0.000010
0.468122 0.005392 0.000010 0.217328 0.000010 0.032617 0.000010 0.248759 0.027751
0.351577 0.000010 0.000010 0.365089 0.000010 0.000010 0.000010 0.274144 0.009140
0.477963 0.000010 0.000010 0.281062 0.000010 0.069771 0.000010 0.125010 0.046153
0.478175 0.000010 0.000010 0.330322 0.000010 0.000010 0.050792 0.140662 0.000010
0.494903 0.067047 0.001148 0.243948 0.000010 0.023149 0.000010 0.169775 0.000010
0.342283 0.000010 0.045083 0.411074 0.000010 0.061736 0.030098 0.109695 0.000010
0.518842 0.036258 0.014971 0.201705 0.000010 0.030489 0.000010 0.113445 0.084270
0.482896 0.000011 0.066486 0.158850 0.083603 0.000010 0.000010 0.208124 0.000010
0.554192 0.000010 0.000010 0.225889 0.000010 0.000845 0.013383 0.170754 0.034907
0.374418 0.000010 0.000010 0.203604 0.030816 0.000010 0.025197 0.345082 0.020853
0.423787 0.000010 0.000010 0.283575 0.000010 0.017971 0.064830 0.193535 0.016272
0.367830 0.080280 0.019045 0.247670 0.000010 0.000010 0.000010 0.285135 0.000010
0.411543 0.068453 0.000010 0.262793 0.000010 0.000010 0.000010 0.257161 0.000010
0.544902 0.108616 0.000010 0.285463 0.000010 0.000010 0.000010 0.000010 0.060969
0.364231 0.000010 0.000010 0.269111 0.000010 0.000010 0.000010 0.316410 0.050197
0.277484 0.000010 0.103019 0.395590 0.000010 0.020269 0.000010 0.203598 0.000010
0.300298 0.002277 0.000010 0.377073 0.018834 0.060499 0.000010 0.219345 0.021654
0.528783 0.099892 0.000010 0.201564 0.000010 0.006339 0.003703 0.159688 0.000010
0.000010 0.000010 0.000010 0.018205 0.954511 0.026393 0.000841 0.000010 0.000010
0.000010 0.000010 0.000010 0.000010 0.982327 0.000010 0.000010 0.000010 0.017603
0.000010 0.000010 0.000010 0.000010 0.968635 0.000010 0.031295 0.000010 0.000010
0.023592 0.000010 0.000010 0.004437 0.951983 0.000010 0.000010 0.019939 0.000010
0.006348 0.000010 0.072560 0.004636 0.863275 0.026345 0.026806 0.000010 0.000010
0.000010 0.000010 0.000010 0.018731 0.868162 0.000010 0.025415 0.087642 0.000010
0.000010 0.000010 0.000010 0.000010 0.991675 0.008255 0.000010 0.000010 0.000010
0.000010 0.013610 0.000010 0.000010 0.926124 0.009815 0.029093 0.021319 0.000010
0.000010 0.000010 0.000010 0.000010 0.976576 0.008735 0.014629 0.000010 0.000010
0.000010 0.000010 0.000010 0.023459 0.969569 0.000010 0.000010 0.000010 0.006912
0.000010 0.000010 0.000010 0.000010 0.971625 0.000011 0.028304 0.000010 0.000010
0.000010 0.000010 0.000010 0.000010 0.987753 0.012177 0.000010 0.000010 0.000010
0.000010 0.014785 0.000020 0.000010 0.985135 0.000010 0.000010 0.000011 0.000010
0.000010 0.000010 0.000010 0.000010 0.965795 0.000882 0.025862 0.007411 0.000010
0.000010 0.000010 0.000010 0.000010 0.988554 0.000010 0.000010 0.011376 0.000010
0.000010 0.000010 0.000010 0.000010 0.999920 0.000010 0.000010 0.000010 0.000010
0.000010 0.000010 0.000010 0.000010 0.999920 0.000010 0.000010 0.000010 0.000010
0.584387 0.000010 0.111108 0.024542 0.000010 0.000011 0.000010 0.213259 0.066662
0.503980 0.170400 0.018595 0.000010 0.000010 0.090058 0.000039 0.216898 0.000010
0.511557 0.047483 0.056619 0.032898 0.019997 0.000010 0.000010 0.270594 0.060831
0.495548 0.018325 0.036059 0.057889 0.003627 0.103906 0.046141 0.238494 0.000010
0.508843 0.068247 0.000010 0.000010 0.000010 0.000010 0.000010 0.295643 0.127217
0.552622 0.071186 0.000010 0.045880 0.055329 0.061913 0.024751 0.188300 0.000010
0.537235 0.000010 0.019160 0.000010 0.000010 0.000010 0.000010 0.443546 0.000010
0.694604 0.000010 0.000010 0.032866 0.002064 0.000010 0.090829 0.179596 0.000010
0.570174 0.078943 0.022920 0.109558 0.000010 0.000010 0.060170 0.157689 0.000527
0.456218 0.024552 0.000010 0.114401 0.054586 0.003273 0.024969 0.269695 0.052295
0.683718 0.000010 0.000010 0.000010 0.000010 0.012587 0.000010 0.303635 0.000010
0.478503 0.000010 0.010773 0.000010 0.010896 0.097806 0.000010 0.401983 0.000010
0.324124 0.000010 0.000010 0.260570 0.000010 0.000010 0.034140 0.381116 0.000010
0.366554 0.000010 0.010414 0.127871 0.000010 0.083194 0.020233 0.391705 0.000010
0.540481 0.056958 0.062475 0.000010 0.003641 0.000010 0.000010 0.311148 0.025267
0.504413 0.023380 0.052664 0.079874 0.000010 0.000010 0.000010 0.339629 0.000010
0.590903 0.029298 0.000010 0.009761 0.000010 0.049307 0.017567 0.303133 0.000010
0.432659 0.037275 0.000010 0.160068 0.000010 0.000010 0.000010 0.369948 0.000010
0.551435 0.053229 0.019499 0.000010 0.000010 0.052713 0.034159 0.252861 0.036085
0.514314 0.016465 0.000010 0.000010 0.000010 0.013655 0.078537 0.376989 0.000010
0.378854 0.088490 0.028997 0.134969 0.000010 0.033110 0.000010 0.301663 0.033896
0.683166 0.040603 0.000010 0.028031 0.026931 0.000010 0.000010 0.166015 0.055224
0.481953 0.000010 0.018621 0.043437 0.000010 0.000010 0.079262 0.376687 0.000010
0.468133 0.000010 0.000010 0.154629 0.000010 0.000010 0.000010 0.286050 0.091138
0.546467 0.000010 0.000010 0.029495 0.016230 0.000010 0.000010 0.407758 0.000010
0.530166 0.000010 0.049088 0.000010 0.000010 0.011180 0.046972 0.335804 0.026760
0.477040 0.000010 0.036987 0.103357 0.000010 0.000010 0.000010 0.382565 0.000010
0.542120 0.000010 0.109541 0.142025 0.000010 0.000010 0.019472 0.186803 0.000010
0.526890 0.029787 0.000010 0.000010 0.000010 0.000010 0.030019 0.355661 0.057603
0.473489 0.000010 0.085217 0.122097 0.000010 0.039795 0.000010 0.189778 0.089594
0.494210 0.000010 0.000010 0.295673 0.000010 0.000010 0.000010 0.162074 0.047993
0.479963 0.076957 0.000010 0.240508 0.023956 0.000010 0.000010 0.165811 0.012775
0.602810 0.000010 0.000010 0.077917 0.009529 0.048033 0.034696 0.225839 0.001155
0.617417 0.000010 0.018890 0.202335 0.000010 0.000010 0.128332 0.032986 0.000010
0.380158 0.000010 0.080185 0.231488 0.027724 0.000010 0.000010 0.213647 0.066766
0.599632 0.000010 0.021616 0.216329 0.000010 0.000010 0.000010 0.162372 0.000010
0.562110 0.000010 0.026758 0.000010 0.000010 0.000010 0.033718 0.377363 0.000010
0.495602 0.008575 0.000010 0.098065 0.009111 0.042371 0.155602 0.190655 0.000010
0.628019 0.058580 0.000010 0.100065 0.025408 0.009842 0.003872 0.174194 0.000010
0.550322 0.000010 0.000010 0.081492 0.000010 0.022228 0.001653 0.344266 0.000010
0.443654 0.065853 0.000010 0.140941 0.000010 0.050778 0.002498 0.296246 0.000010
0.645995 0.000010 0.000010 0.013876 0.000010 0.055268 0.000010 0.279172 0.005649
0.645696 0.076200 0.000010 0.000010 0.000010 0.071475 0.021025 0.185563 0.000010
0.483439 0.072793 0.000013 0.107655 0.027758 0.066319 0.000010 0.169079 0.072935
0.503166 0.000010 0.005828 0.130391 0.102125 0.000010 0.000010 0.257201 0.001259
0.692516 0.000010 0.000010 0.000010 0.056665 0.000010 0.000010 0.250758 0.000010
0.678033 0.000010 0.017143 0.010299 0.000010 0.023495 0.000010 0.159175 0.111825
0.596279 0.031827 0.000010 0.000010 0.000010 0.015960 0.079950 0.269991 0.005963
0.594047 0.000010 0.031015 0.019882 0.028692 0.035785 0.093100 0.071248 0.126220
0.521639 0.029545 0.000010 0.066261 0.000010 0.100443 0.020224 0.243781 0.018086
0.557254 0.053438 0.000010 0.000010 0.034033 0.000011 0.000010 0.249749 0.105485
0.658526 0.000010 0.000010 0.109750 0.074769 0.024251 0.002079 0.108443 0.022162
0.527221 0.003480 0.000010 0.083727 0.014656 0.019989 0.078792 0.256637 0.015489
0.446242 0.042144 0.007956 0.000010 0.000010 0.064277 0.045196 0.299883 0.094283
0.554552 0.033369 0.000010 0.068036 0.000010 0.047779 0.004681 0.281496 0.010068
0.083353 0.060927 0.049680 0.000010 0.009030 0.126441 0.000010 0.115354 0.555195
0.553411 0.128301 0.000010 0.123391 0.000010 0.000010 0.000010 0.194848 0.000010
0.761781 0.000010 0.000010 0.049521 0.000010 0.067290 0.000822 0.111599 0.008957
0.632318 0.000010 0.000010 0.038698 0.044368 0.081840 0.000010 0.202736 0.000010
0.596792 0.024190 0.000010 0.072536 0.000010 0.000010 0.000010 0.306432 0.000010
0.538699 0.011173 0.000010 0.083177 0.020279 0.074424 0.000010 0.253899 0.018328
0.647481 0.007668 0.007291 0.000010 0.000010 0.000010 0.021588 0.292294 0.023648
0.624172 0.051345 0.000010 0.044271 0.008216 0.000010 0.000068 0.220045 0.051863
0.529472 0.025816 0.035382 0.033621 0.000010 0.000010 0.083559 0.251320 0.040811
0.723078 0.033373 0.000010 0.000010 0.000010 0.000010 0.000500 0.228638 0.014370
0.612058 0.000010 0.019184 0.000010 0.000010 0.085935 0.031247 0.251536 0.000010
0.498338 0.000010 0.000010 0.077331 0.000010 0.000421 0.000010 0.132773 0.291096
0.480328 0.014860 0.000010 0.154797 0.000010 0.059037 0.000010 0.255818 0.035131
0.660376 0.000010 0.025854 0.012077 0.112940 0.000010 0.082367 0.013132 0.093236
0.649207 0.000010 0.039869 0.000010 0.000010 0.000010 0.049142 0.223272 0.038470
0.425230 0.000010 0.000010 0.017217 0.000010 0.000010 0.213180 0.224815 0.119517
0.619193 0.006696 0.130526 0.096501 0.000010 0.022214 0.019734 0.000010 0.105116
0.472857 0.041248 0.016572 0.152023 0.000036 0.048086 0.112799 0.035309 0.121069
0.474864 0.000010 0.000010 0.067641 0.000010 0.053674 0.053194 0.124485 0.226111
0.542838 0.016028 0.000010 0.000010 0.000010 0.039122 0.128003 0.273970 0.000010
0.563751 0.000884 0.000010 0.032900 0.000010 0.078354 0.007916 0.242264 0.073910
0.628269 0.000010 0.010495 0.000010 0.070724 0.016173 0.000010 0.236574 0.037735
0.558024 0.043940 0.033155 0.000010 0.000010 0.000010 0.077739 0.214887 0.072225
0.533875 0.000010 0.025647 0.000010 0.000010 0.029213 0.000010 0.383782 0.027443
0.450934 0.063865 0.000010 0.215705 0.073927 0.030909 0.000010 0.081893 0.082747
0.438608 0.000010 0.011392 0.044694 0.065964 0.000690 0.000010 0.238225 0.200407
0.497941 0.000010 0.053461 0.000010 0.098406 0.040722 0.000010 0.309430 0.000010
0.791403 0.000010 0.000010 0.000010 0.000010 0.000010 0.000010 0.208527 0.000010
0.583738 0.109137 0.000010 0.000010 0.000010 0.151392 0.000010 0.085981 0.069712
0.706368 0.017086 0.000010 0.000010 0.033632 0.006328 0.000010 0.206190 0.030367
0.529344 0.000010 0.000010 0.025029 0.067286 0.000010 0.013972 0.214837 0.149502
0.606076 0.000010 0.000010 0.000010 0.126651 0.077419 0.013080 0.173423 0.003320
0.000010 0.000010 0.000010 0.000010 0.874157 0.000010 0.125773 0.000010 0.000010
0.000010 0.028091 0.008242 0.000010 0.791535 0.000010 0.172081 0.000010 0.000010
0.000010 0.000010 0.000010 0.000010 0.791211 0.000010 0.181835 0.000010 0.026895
0.000010 0.130608 0.000010 0.000010 0.770561 0.000010 0.098771 0.000010 0.000010
0.000010 0.093029 0.005758 0.000010 0.782708 0.032711 0.085755 0.000010 0.000010
0.000012 0.000010 0.000010 0.000010 0.873775 0.000010 0.126153 0.000010 0.000010
0.000010 0.000010 0.078661 0.000010 0.747463 0.000010 0.173816 0.000010 0.000010
0.550617 0.085369 0.103293 0.158382 0.000010 0.000010 0.000010 0.102298 0.000010
0.631756 0.000010 0.000010 0.203100 0.000010 0.000010 0.085580 0.078902 0.000621
0.470488 0.000010 0.000010 0.276385 0.021322 0.000010 0.055953 0.175812 0.000010
0.655534 0.043594 0.000010 0.143159 0.080692 0.000010 0.000010 0.076981 0.000010
0.622990 0.012259 0.000010 0.148569 0.023369 0.003304 0.013235 0.170752 0.005512
0.683952 0.000010 0.025870 0.166584 0.008383 0.000010 0.000010 0.094193 0.020988
0.532199 0.000010 0.000010 0.341757 0.000010 0.000010 0.000010 0.062146 0.063848
0.467571 0.082876 0.000010 0.197598 0.000010 0.000010 0.000010 0.184616 0.067300
0.491164 0.092298 0.028363 0.230508 0.000010 0.052473 0.004069 0.101105 0.000010
0.503383 0.012708 0.000010 0.197337 0.000010 0.003402 0.000010 0.164768 0.118371
0.706989 0.000010 0.000010 0.000010 0.076054 0.000010 0.000010 0.166031 0.050875
0.423125 0.000010 0.000012 0.100793 0.012499 0.000010 0.000010 0.248681 0.214860
0.567731 0.000010 0.000010 0.126597 0.000010 0.000010 0.027381 0.233005 0.045246
0.535373 0.088654 0.000010 0.000010 0.000010 0.064136 0.000010 0.311787 0.000010
0.537679 0.024993 0.084900 0.000010 0.118964 0.052368 0.024726 0.156351 0.000010
0.646592 0.000010 0.000010 0.000010 0.000010 0.012148 0.012146 0.290880 0.038194
0.596470 0.028659 0.000010 0.000010 0.026801 0.000010 0.000010 0.233110 0.114921
0.551129 0.000010 0.049686 0.048705 0.000010 0.055275 0.000010 0.186112 0.109062
0.565305 0.000010 0.011803 0.000010 0.012158 0.000010 0.085861 0.243865 0.080978
0.626150 0.037690 0.000010 0.005871 0.000010 0.048551 0.000010 0.275667 0.006041
0.550148 0.045018 0.000010 0.000010 0.000010 0.053719 0.000010 0.331565 0.019510
0.664623 0.032999 0.000010 0.000010 0.034660 0.000010 0.089527 0.178151 0.000010
0.514343 0.000010 0.000010 0.111886 0.000010 0.000010 0.055045 0.281273 0.037413
0.528784 0.000010 0.000010 0.246146 0.046021 0.000010 0.000010 0.167724 0.011284
0.585633 0.069498 0.000010 0.030745 0.000010 0.000010 0.000010 0.267600 0.046484
0.532911 0.000010 0.000010 0.000010 0.000010 0.017332 0.089661 0.310409 0.049648
0.544613 0.011139 0.000010 0.155540 0.048858 0.029721 0.023426 0.186683 0.000010
0.658679 0.016174 0.012225 0.001365 0.000010 0.000010 0.001450 0.278050 0.032038
0.560438 0.000010 0.005576 0.125068 0.000010 0.000010 0.000010 0.260620 0.048258
0.474850 0.054481 0.000010 0.002912 0.000010 0.000010 0.031294 0.208502 0.227932
0.562574 0.000041 0.051055 0.000010 0.000010 0.063361 0.013108 0.309832 0.000010
0.531898 0.000010 0.108176 0.011228 0.000010 0.009540 0.030548 0.179989 0.128602
0.640243 0.099517 0.000010 0.006909 0.000010 0.035738 0.000010 0.217553 0.000010
0.506048 0.000010 0.066019 0.000010 0.000010 0.000010 0.063536 0.254604 0.109754
0.574121 0.000010 0.130568 0.000010 0.000010 0.028608 0.000010 0.266652 0.000010
0.024886 0.946757 0.000966 0.000010 0.014315 0.000010 0.000010 0.001683 0.011363
0.000010 0.948270 0.043389 0.000095 0.000012 0.000010 0.000010 0.000758 0.007446
0.000010 0.951033 0.000010 0.012842 0.036064 0.000010 0.000010 0.000010 0.000010
0.000010 0.999920 0.000010 0.000010 0.000010 0.000010 0.000010 0.000010 0.000010
0.045278 0.000010 0.317015 0.000010 0.000010 0.000010 0.562977 0.041804 0.032887
0.030432 0.000010 0.604780 0.000010 0.000010 0.000010 0.364728 0.000010 0.000010
0.038197 0.000010 0.500672 0.035534 0.000010 0.000010 0.363412 0.062145 0.000010
0.000010 0.000010 0.512278 0.000010 0.000010 0.000010 0.342391 0.145271 0.000010
0.041483 0.000010 0.429008 0.000010 0.000010 0.000010 0.440838 0.000010 0.088621
0.000010 0.031049 0.617290 0.000010 0.000010 0.013031 0.309974 0.028616 0.000010
0.000010 0.035222 0.439084 0.035576 0.038148 0.000010 0.433689 0.018253 0.000010
0.000010 0.027288 0.586625 0.000010 0.000010 0.000010 0.386027 0.000010 0.000010
0.000010 0.059750 0.325316 0.000010 0.067542 0.000010 0.381372 0.143432 0.022558
0.000010 0.000010 0.403088 0.000010 0.000010 0.014149 0.472262 0.082007 0.028454
0.416413 0.051069 0.096345 0.024834 0.000010 0.095154 0.000010 0.260511 0.055655
0.528152 0.000010 0.000010 0.183967 0.000010 0.055788 0.033138 0.130974 0.067950
0.653979 0.000010 0.000010 0.005044 0.000010 0.000010 0.009379 0.255759 0.075799
0.603865 0.032481 0.000010 0.000010 0.015857 0.000010 0.000010 0.234791 0.112966
0.557209 0.000010 0.000010 0.022409 0.000010 0.000010 0.036636 0.383697 0.000010
0.452670 0.000010 0.000010 0.121577 0.000010 0.000010 0.028704 0.368105 0.028903
0.440879 0.044661 0.000010 0.077948 0.013700 0.000010 0.013695 0.155343 0.253754
0.678982 0.034577 0.009915 0.100486 0.000010 0.000010 0.016831 0.159179 0.000010
0.449231 0.000010 0.000010 0.069332 0.000010 0.036607 0.000010 0.418942 0.025849
0.676299 0.018608 0.003277 0.000010 0.020096 0.001242 0.019756 0.188463 0.072249
0.481580 0.067862 0.011116 0.034823 0.014578 0.045671 0.000010 0.222890 0.121469
0.546745 0.024022 0.008586 0.119327 0.022566 0.067032 0.000010 0.211701 0.000010
0.546608 0.000010 0.000010 0.043281 0.034771 0.000010 0.039924 0.260067 0.075319
0.512739 0.000010 0.000010 0.133038 0.010342 0.000010 0.000010 0.124833 0.219008
0.495139 0.000010 0.000010 0.154496 0.035633 0.000010 0.000010 0.155214 0.159478
0.512421 0.000010 0.000010 0.034043 0.203276 0.000010 0.000010 0.061573 0.188648
0.636056 0.009326 0.043045 0.057875 0.026403 0.000010 0.000010 0.223234 0.004041
0.591966 0.000010 0.000010 0.066207 0.000010 0.000010 0.000010 0.293570 0.048206
0.530380 0.034636 0.001097 0.069943 0.006952 0.067376 0.026684 0.259177 0.003755
0.550871 0.000010 0.000010 0.097581 0.038903 0.009286 0.025261 0.227270 0.050810
0.590333 0.075240 0.000010 0.000010 0.063984 0.065925 0.056536 0.142059 0.005903
0.000010 0.055554 0.515053 0.000010 0.026634 0.000010 0.366811 0.035908 0.000010
0.000010 0.000010 0.711050 0.000010 0.000010 0.000010 0.288880 0.000010 0.000010
0.000010 0.000010 0.535104 0.000010 0.000010 0.000010 0.393459 0.071377 0.000010
0.000010 0.000010 0.610500 0.000010 0.052130 0.000010 0.337309 0.000010 0.000010
0.000010 0.025127 0.707273 0.000010 0.059148 0.000010 0.208402 0.000010 0.000010
0.000010 0.000010 0.682559 0.000010 0.024042 0.000010 0.220331 0.073018 0.000010
0.000010 0.122560 0.457820 0.000010 0.068462 0.000010 0.351108 0.000010 0.000010
0.000010 0.000010 0.687275 0.000010 0.000010 0.000010 0.312655 0.000010 0.000010
0.000010 0.000010 0.741516 0.000010 0.027479 0.000010 0.230945 0.000010 0.000010
0.000010 0.000010 0.610623 0.000010 0.081605 0.000010 0.290485 0.017237 0.000010
0.076787 0.046231 0.649105 0.000010 0.013658 0.020855 0.193335 0.000010 0.000010
0.013666 0.000010 0.718801 0.000010 0.000010 0.000010 0.240372 0.027110 0.000010
0.000010 0.000010 0.766664 0.000010 0.000010 0.000010 0.233266 0.000010 0.000010
0.000010 0.033913 0.674444 0.000010 0.077055 0.000010 0.214537 0.000010 0.000010
0.000010 0.000010 0.687915 0.000010 0.000010 0.000011 0.268348 0.000010 0.043677
0.000010 0.216841 0.592839 0.000010 0.043094 0.000010 0.147176 0.000010 0.000010
0.012939 0.068800 0.672336 0.024371 0.000010 0.000010 0.210906 0.010618 0.000010
0.000010 0.065689 0.727098 0.000010 0.099298 0.000010 0.107865 0.000010 0.000010
0.000010 0.036750 0.664901 0.019106 0.000010 0.000010 0.279193 0.000010 0.000010
0.000010 0.000010 0.564093 0.000010 0.000010 0.000010 0.344380 0.091466 0.000010
0.000010 0.084600 0.593728 0.000010 0.000010 0.000010 0.264023 0.057598 0.000010
0.000010 0.111923 0.587650 0.026465 0.000010 0.000010 0.273912 0.000010 0.000010
0.000010 0.000010 0.716511 0.000010 0.024742 0.000010 0.220669 0.038028 0.000010
0.035585 0.005551 0.592165 0.026870 0.000010 0.000010 0.339789 0.000010 0.000010
0.000010 0.004480 0.671536 0.070834 0.000010 0.079551 0.173559 0.000010 0.000010
0.000010 0.140804 0.610004 0.000010 0.008582 0.000010 0.204126 0.021085 0.015369
0.012319 0.008347 0.694456 0.000010 0.000010 0.000010 0.284829 0.000010 0.000010
0.000010 0.037678 0.685588 0.000010 0.016621 0.000010 0.260063 0.000010 0.000010
0.000010 0.000010 0.662213 0.000010 0.023691 0.000010 0.262430 0.051616 0.000010
0.000010 0.000010 0.654586 0.000010 0.169077 0.000010 0.176276 0.000010 0.000010
0.000010 0.000010 0.668642 0.000010 0.000010 0.000010 0.331288 0.000010 0.000010
0.000010 0.000010 0.687324 0.000010 0.000010 0.000010 0.312606 0.000010 0.000010
0.000010 0.000010 0.635750 0.000010 0.000010 0.000018 0.364172 0.000010 0.000010
0.000010 0.000010 0.722447 0.000010 0.000010 0.000010 0.272512 0.004981 0.000010
0.000010 0.058043 0.518209 0.010550 0.000010 0.000010 0.360046 0.053111 0.000010
0.000010 0.000010 0.516101 0.083506 0.020627 0.000010 0.290761 0.088965 0.000010
0.000010 0.113132 0.624418 0.045145 0.000010 0.000010 0.217255 0.000010 0.000010
0.000010 0.032892 0.528955 0.000010 0.017852 0.000010 0.420251 0.000010 0.000010
0.000010 0.141046 0.503799 0.000010 0.051806 0.000010 0.299235 0.004073 0.000010
0.000010 0.000010 0.000010 0.000010 0.846673 0.000010 0.153257 0.000010 0.000010
0.000010 0.000010 0.073408 0.000010 0.883532 0.000010 0.043000 0.000010 0.000010
0.000010 0.000010 0.724712 0.000010 0.024067 0.000010 0.251161 0.000010 0.000010
0.007080 0.000010 0.683618 0.000010 0.000010 0.024032 0.285219 0.000010 0.000010
0.350044 0.055344 0.000010 0.288921 0.000010 0.000010 0.000010 0.296222 0.009429
0.443043 0.000010 0.000010 0.362213 0.024555 0.000010 0.000010 0.170140 0.000010
0.245762 0.000010 0.000011 0.315873 0.002100 0.000010 0.104027 0.332197 0.000010
0.276977 0.027470 0.000010 0.346628 0.000010 0.000010 0.032326 0.316559 0.000010
0.378708 0.009241 0.000010 0.243612 0.045642 0.000010 0.006479 0.291496 0.024802
0.416591 0.000010 0.007081 0.316526 0.000010 0.040656 0.000010 0.219107 0.000010
0.267992 0.033044 0.000010 0.310868 0.000010 0.004105 0.039913 0.344047 0.000010
0.320973 0.021263 0.002789 0.374992 0.000010 0.044489 0.075369 0.160105 0.000010
0.398468 0.061766 0.000010 0.265332 0.000010 0.052816 0.000010 0.221578 0.000010
0.271247 0.047896 0.000010 0.447927 0.043250 0.035436 0.000010 0.124564 0.029660
0.159138 0.011989 0.005749 0.393655 0.000010 0.013431 0.000010 0.416008 0.000010
0.350321 0.045281 0.042562 0.437691 0.000010 0.000010 0.042671 0.081443 0.000010
0.477782 0.000010 0.000010 0.262661 0.000010 0.000010 0.021410 0.198817 0.039289
0.018939 0.000010 0.545700 0.000010 0.040604 0.000010 0.350962 0.000010 0.043755
0.000010 0.097475 0.646161 0.000010 0.000010 0.000010 0.256304 0.000010 0.000010
0.000010 0.000010 0.657982 0.000010 0.000010 0.047104 0.294855 0.000010 0.000010
0.000010 0.035830 0.690288 0.000010 0.000010 0.000010 0.239561 0.034271 0.000010
0.000010 0.000010 0.744646 0.000010 0.000010 0.000010 0.255284 0.000010 0.000010
0.000010 0.010443 0.603549 0.000010 0.083456 0.000010 0.302502 0.000010 0.000010
0.000010 0.000010 0.690301 0.007185 0.000010 0.000010 0.289747 0.012717 0.000010
0.000010 0.049922 0.693088 0.000010 0.000010 0.000010 0.256930 0.000010 0.000010
0.000010 0.000010 0.654514 0.000010 0.000010 0.000010 0.345416 0.000010 0.000010
0.000010 0.000010 0.680469 0.000010 0.077763 0.000010 0.241708 0.000010 0.000010
0.000010 0.039754 0.638972 0.000010 0.000010 0.012636 0.308588 0.000010 0.000010
0.000010 0.000010 0.639207 0.000010 0.000010 0.000010 0.360723 0.000010 0.000010
