0.477859 0.000010 0.040274 0.000010 0.000010 0.000010 0.087463 0.394354 0.000010
0.273407 0.061574 0.021218 0.082684 0.000010 0.000010 0.124318 0.436770 0.000010
0.358666 0.024159 0.000012 0.000010 0.023578 0.000010 0.077212 0.516343 0.000010
0.294255 0.000010 0.045017 0.062705 0.041446 0.059651 0.083391 0.413466 0.000059
0.407952 0.000010 0.071563 0.026470 0.087074 0.000010 0.002314 0.371575 0.033033
0.205004 0.071960 0.000010 0.101484 0.000010 0.059148 0.078683 0.380329 0.103372
0.388270 0.089466 0.005876 0.000010 0.012285 0.014244 0.173023 0.302359 0.014467
0.350513 0.071109 0.014855 0.098367 0.000010 0.020442 0.000010 0.444684 0.000010
0.418384 0.000010 0.000010 0.066206 0.000010 0.015160 0.048786 0.405080 0.046354
0.333086 0.058195 0.058057 0.028868 0.000010 0.000010 0.038221 0.458966 0.024586
0.359566 0.069415 0.000010 0.079834 0.032957 0.000010 0.020625 0.437574 0.000010
0.190447 0.000010 0.000010 0.079571 0.000010 0.000010 0.131943 0.574829 0.023169
0.365328 0.000010 0.136759 0.080809 0.050346 0.000010 0.000010 0.326079 0.040649
0.423394 0.024008 0.059028 0.000010 0.000010 0.048867 0.018871 0.263223 0.162589
0.227316 0.067519 0.000010 0.059916 0.021349 0.002557 0.069814 0.528881 0.022638
0.423681 0.083659 0.011555 0.018965 0.051773 0.000010 0.015496 0.374639 0.020221
0.322941 0.000010 0.000010 0.048596 0.024987 0.116462 0.138737 0.337560 0.010698
0.419123 0.068375 0.021018 0.000015 0.000010 0.044670 0.021215 0.425564 0.000010
0.349575 0.105595 0.010981 0.015011 0.020137 0.009372 0.100499 0.327494 0.061337
0.329294 0.000010 0.000010 0.167310 0.000010 0.019767 0.098171 0.385417 0.000010
0.166254 0.000010 0.000010 0.036924 0.017619 0.000010 0.130268 0.648895 0.000010
0.383758 0.000010 0.170087 0.000010 0.000010 0.000010 0.016274 0.429831 0.000010
0.345117 0.031545 0.012692 0.000010 0.000010 0.000010 0.135285 0.475322 0.000010
0.417435 0.091047 0.068443 0.000010 0.012958 0.027249 0.000010 0.382838 0.000010
0.331272 0.000010 0.000010 0.000010 0.000010 0.000010 0.109439 0.559229 0.000010
0.392077 0.063716 0.061227 0.028505 0.000010 0.000010 0.038969 0.415475 0.000010
0.353659 0.000010 0.020517 0.085107 0.012962 0.007440 0.042205 0.478089 0.000010
0.347739 0.000011 0.000010 0.000010 0.000010 0.023566 0.091433 0.393281 0.143939
0.445633 0.000010 0.000010 0.000010 0.096648 0.000010 0.018026 0.439643 0.000010
0.273581 0.000010 0.067445 0.002926 0.000010 0.000010 0.141657 0.413111 0.101249
0.175917 0.041177 0.041057 0.142029 0.000010 0.000010 0.143478 0.424771 0.031552
0.421913 0.000010 0.097254 0.077367 0.052900 0.020566 0.000010 0.255736 0.074243
0.395762 0.002003 0.000010 0.000010 0.058491 0.000010 0.044508 0.499195 0.000010
0.385553 0.000010 0.000010 0.083027 0.000010 0.000010 0.140041 0.382250 0.009089
0.168828 0.000010 0.000010 0.089713 0.019371 0.000010 0.222815 0.499233 0.000010
0.332496 0.052063 0.000010 0.000010 0.000010 0.016872 0.026877 0.524546 0.047116
0.194481 0.007161 0.014940 0.089735 0.057178 0.017304 0.016574 0.602617 0.000010
0.257598 0.000010 0.040716 0.003783 0.003236 0.062824 0.000010 0.511912 0.119911
0.385451 0.000011 0.052687 0.021506 0.000010 0.067748 0.000010 0.399864 0.072713
0.352036 0.012900 0.012545 0.000010 0.000010 0.000010 0.070614 0.511980 0.039895
0.508402 0.000010 0.000010 0.000010 0.035933 0.000010 0.016453 0.439162 0.000010
0.332491 0.082441 0.092167 0.001617 0.045686 0.000010 0.026864 0.397602 0.021121
0.296661 0.047034 0.000010 0.000010 0.000010 0.000010 0.079558 0.576696 0.000010
0.297510 0.000010 0.096608 0.053169 0.000010 0.000010 0.097401 0.382417 0.072865
0.261172 0.000010 0.000010 0.000010 0.075020 0.000010 0.145722 0.518036 0.000010
0.260533 0.000010 0.000010 0.000010 0.099672 0.000010 0.062582 0.577163 0.000010
0.230398 0.000010 0.025762 0.033279 0.004947 0.057673 0.136371 0.511550 0.000010
0.435717 0.000010 0.111856 0.000010 0.005585 0.024204 0.047370 0.273132 0.102115
0.313221 0.000010 0.363156 0.000010 0.000010 0.000010 0.056905 0.266668 0.000010
0.023858 0.153514 0.311019 0.175679 0.079137 0.000010 0.066783 0.189990 0.000010
0.296067 0.097172 0.296466 0.077909 0.000010 0.000010 0.071209 0.160869 0.000288
0.155318 0.000010 0.435872 0.155732 0.000010 0.000010 0.084749 0.168290 0.000010
0.317616 0.115235 0.183139 0.102924 0.000010 0.017801 0.024414 0.207731 0.031131
0.233268 0.078930 0.245768 0.013858 0.033311 0.030115 0.117201 0.247540 0.000010
0.147124 0.000010 0.177084 0.146166 0.119387 0.005697 0.054942 0.349581 0.000010
0.198119 0.127662 0.359744 0.000010 0.000010 0.003118 0.060876 0.201041 0.049420
0.062213 0.122993 0.252743 0.077940 0.000010 0.000010 0.187449 0.237362 0.059280
0.124846 0.000010 0.234211 0.030898 0.070851 0.000010 0.240973 0.298191 0.000010
0.208045 0.053479 0.272689 0.134811 0.000010 0.000010 0.262971 0.067976 0.000010
0.000010 0.062478 0.490078 0.080318 0.000010 0.000010 0.206468 0.127852 0.032775
0.284134 0.028712 0.354553 0.081766 0.135868 0.000010 0.034195 0.080752 0.000010
0.265513 0.089415 0.337982 0.000010 0.005073 0.000010 0.068358 0.204063 0.029577
0.326302 0.006978 0.286835 0.018405 0.002017 0.022411 0.107172 0.200684 0.029197
0.173193 0.000010 0.368009 0.126730 0.083939 0.065166 0.120389 0.000010 0.062555
0.075818 0.000010 0.285623 0.089909 0.194499 0.076502 0.092998 0.184631 0.000010
0.223684 0.000010 0.358098 0.027752 0.028237 0.000010 0.161557 0.200642 0.000010
0.058636 0.008593 0.307429 0.232428 0.043167 0.006770 0.062357 0.254022 0.026598
0.085176 0.067129 0.327901 0.000010 0.041014 0.000010 0.224045 0.254705 0.000010
0.171677 0.000010 0.624715 0.029637 0.047590 0.000010 0.042059 0.084291 0.000010
0.217849 0.039725 0.075266 0.195954 0.107178 0.010829 0.058617 0.294573 0.000010
0.292814 0.000010 0.000010 0.021407 0.031690 0.044598 0.027110 0.350073 0.232288
0.267700 0.070361 0.000016 0.001406 0.000010 0.095706 0.122114 0.442676 0.000010
0.265588 0.027461 0.013199 0.046287 0.000010 0.000010 0.047700 0.599735 0.000010
0.399911 0.000010 0.050778 0.099850 0.098076 0.000010 0.000010 0.351346 0.000010
0.429530 0.000010 0.000010 0.064378 0.006369 0.052179 0.049514 0.397999 0.000010
0.410010 0.000014 0.039793 0.000010 0.069551 0.102235 0.070100 0.308277 0.000010
0.369844 0.000010 0.000010 0.034890 0.019997 0.037959 0.095750 0.415452 0.026088
0.338182 0.000010 0.013669 0.051346 0.078948 0.069622 0.000010 0.448203 0.000010
0.250816 0.000010 0.042271 0.037441 0.000010 0.061495 0.114710 0.383932 0.109315
0.459246 0.000010 0.028531 0.126638 0.000010 0.000010 0.067712 0.277929 0.039914
0.222764 0.011203 0.089987 0.030987 0.014497 0.012584 0.141779 0.455335 0.020864
0.409048 0.026351 0.044476 0.000010 0.044280 0.026834 0.027540 0.421452 0.000010
0.331786 0.000010 0.020802 0.066993 0.116900 0.000010 0.054044 0.388695 0.020761
0.000012 0.025387 0.000010 0.271321 0.054916 0.000010 0.181622 0.394785 0.071937
0.377666 0.028314 0.000010 0.012264 0.095915 0.020214 0.093830 0.371777 0.000010
0.090392 0.000010 0.025921 0.095524 0.050492 0.101488 0.131930 0.365085 0.139158
0.366949 0.063768 0.000010 0.000010 0.000010 0.000010 0.013045 0.359982 0.196215
0.293835 0.058779 0.071139 0.092515 0.000010 0.009346 0.039669 0.408286 0.026422
0.435024 0.000010 0.000010 0.000010 0.031302 0.000010 0.053597 0.452171 0.027866
0.217238 0.096580 0.000010 0.000010 0.000010 0.000010 0.044366 0.629497 0.012280
0.382071 0.000010 0.000010 0.076509 0.077292 0.000010 0.052602 0.335321 0.076175
0.609990 0.056485 0.000010 0.073374 0.090649 0.000010 0.060484 0.108988 0.000010
0.323013 0.000010 0.000010 0.100512 0.140997 0.000010 0.019413 0.416024 0.000010
0.236964 0.076653 0.036619 0.000010 0.000010 0.000010 0.025348 0.536077 0.088309
0.281884 0.000010 0.021457 0.071966 0.081040 0.046776 0.040777 0.456081 0.000010
0.011206 0.170540 0.000010 0.028257 0.079652 0.065979 0.142626 0.393702 0.108027
0.271300 0.000010 0.032056 0.013587 0.000010 0.000010 0.105413 0.558942 0.018671
0.224171 0.042271 0.000010 0.033111 0.039037 0.000010 0.187521 0.473860 0.000010
0.198840 0.059659 0.000010 0.141452 0.000010 0.000010 0.142475 0.439663 0.017880
0.251362 0.032518 0.000010 0.023205 0.028989 0.052905 0.091120 0.519880 0.000010
0.135871 0.000010 0.093352 0.001642 0.009419 0.062807 0.084071 0.369017 0.243811
0.113957 0.035886 0.000010 0.012903 0.040740 0.148507 0.038093 0.148093 0.461811
0.297842 0.000010 0.000010 0.000010 0.076311 0.043994 0.000010 0.581803 0.000010
0.125013 0.000010 0.000014 0.076021 0.139360 0.000010 0.117754 0.541808 0.000010
0.061546 0.000010 0.078962 0.109625 0.000010 0.033350 0.222209 0.494278 0.000010
0.313385 0.077043 0.009579 0.000010 0.070801 0.000010 0.101985 0.416964 0.010223
0.277240 0.006706 0.072105 0.096727 0.041479 0.000010 0.096633 0.319763 0.089338
0.314290 0.000010 0.013948 0.069776 0.000010 0.047970 0.166368 0.335029 0.052599
0.090668 0.020593 0.020458 0.074812 0.053153 0.000010 0.063604 0.672146 0.004557
0.313948 0.065920 0.038682 0.000010 0.017082 0.000010 0.094267 0.470072 0.000010
0.194749 0.067874 0.000010 0.051189 0.053382 0.058854 0.100038 0.473895 0.000010
0.285712 0.000010 0.000010 0.000010 0.066193 0.000010 0.187751 0.460293 0.000010
0.306975 0.044287 0.000010 0.040759 0.040247 0.007384 0.115229 0.445097 0.000010
0.277389 0.000010 0.000010 0.020530 0.000010 0.000010 0.109303 0.505118 0.087620
0.258531 0.055991 0.009238 0.129274 0.016807 0.000010 0.059470 0.470670 0.000010
0.215722 0.000010 0.056741 0.156627 0.000010 0.032036 0.083748 0.419471 0.035636
0.363162 0.000010 0.000010 0.030075 0.123830 0.000010 0.107532 0.375361 0.000010
0.261520 0.037592 0.037091 0.000010 0.033971 0.047438 0.129969 0.452399 0.000010
0.369608 0.110585 0.035895 0.015702 0.000010 0.000010 0.000010 0.411333 0.056846
0.237475 0.016102 0.048682 0.135351 0.086587 0.019132 0.123313 0.333349 0.000010
0.224891 0.045745 0.086386 0.214823 0.000010 0.000010 0.040670 0.364895 0.022570
0.387846 0.000010 0.036516 0.040481 0.045334 0.000010 0.016239 0.473554 0.000010
0.264659 0.000010 0.137790 0.000010 0.098211 0.053174 0.057069 0.389066 0.000010
0.217245 0.043240 0.105326 0.044112 0.019103 0.000010 0.111281 0.459674 0.000010
0.327481 0.030527 0.000010 0.069855 0.065792 0.000010 0.041740 0.464576 0.000010
0.178764 0.043042 0.017672 0.081678 0.046351 0.011407 0.115251 0.493678 0.012157
0.143097 0.000010 0.000010 0.050772 0.000010 0.000010 0.188156 0.617925 0.000010
0.249572 0.000010 0.032524 0.207743 0.021795 0.000010 0.081883 0.406453 0.000010
0.188883 0.043162 0.000010 0.095216 0.132889 0.022751 0.104968 0.412112 0.000010
0.362547 0.000010 0.119772 0.020839 0.000010 0.010785 0.090203 0.395823 0.000010
0.219866 0.000010 0.157700 0.104644 0.000010 0.000010 0.135456 0.382294 0.000010
0.238560 0.018345 0.000010 0.000010 0.000010 0.000010 0.285428 0.457616 0.000010
0.238792 0.031358 0.018213 0.000010 0.097700 0.000010 0.086281 0.525567 0.002069
0.149373 0.107554 0.000010 0.093940 0.026744 0.000010 0.150949 0.471410 0.000010
0.269426 0.005232 0.022963 0.177300 0.000010 0.002932 0.036381 0.485746 0.000010
0.171909 0.045829 0.017726 0.219300 0.010651 0.000010 0.062853 0.471711 0.000010
0.301469 0.000010 0.000010 0.111289 0.069155 0.000010 0.109133 0.352844 0.056079
0.264763 0.000010 0.000010 0.044175 0.129488 0.000010 0.073779 0.487755 0.000010
0.327780 0.000010 0.015313 0.051134 0.000010 0.000010 0.122534 0.425365 0.057843
0.098826 0.108146 0.083407 0.048935 0.058545 0.000010 0.149935 0.421680 0.030516
0.147053 0.000014 0.000010 0.131950 0.016724 0.000010 0.139057 0.563595 0.001586
0.403464 0.000010 0.000010 0.138458 0.072157 0.029611 0.022940 0.333339 0.000010
0.363017 0.029586 0.009511 0.046987 0.051202 0.019815 0.122765 0.298527 0.058589
0.302308 0.000010 0.028149 0.142994 0.076947 0.000010 0.113666 0.304450 0.031467
0.384628 0.003583 0.012305 0.000012 0.101944 0.000010 0.114187 0.383321 0.000010
0.223551 0.000010 0.008686 0.187625 0.000010 0.000010 0.108588 0.471510 0.000010
0.362942 0.000010 0.000010 0.124793 0.067554 0.000010 0.109828 0.334843 0.000010
0.223054 0.000010 0.007881 0.217312 0.072429 0.000010 0.088719 0.390575 0.000010
0.210530 0.000010 0.111799 0.117444 0.001328 0.000010 0.096813 0.462057 0.000010
0.254532 0.000010 0.032444 0.167891 0.000010 0.000010 0.096431 0.448661 0.000010
0.230654 0.000010 0.000010 0.191860 0.000010 0.000010 0.164306 0.413130 0.000010
0.235258 0.007704 0.084119 0.165940 0.000010 0.008380 0.053205 0.445375 0.000010
0.209815 0.014145 0.000010 0.081760 0.063155 0.000010 0.081336 0.549759 0.000010
0.339644 0.000010 0.041040 0.000010 0.066190 0.000010 0.175648 0.377438 0.000010
0.167717 0.074979 0.059077 0.157862 0.000010 0.024867 0.051435 0.464043 0.000010
0.355942 0.083255 0.024483 0.193544 0.030453 0.000010 0.025260 0.287043 0.000010
0.252987 0.001862 0.134609 0.149149 0.000010 0.000010 0.003510 0.457853 0.000010
0.289035 0.000010 0.000010 0.053071 0.134642 0.000010 0.016980 0.506231 0.000010
0.286572 0.000010 0.075326 0.103830 0.000010 0.000010 0.085619 0.429995 0.018627
0.313271 0.000010 0.088689 0.141697 0.055261 0.000010 0.061008 0.309942 0.030111
0.208109 0.000010 0.090194 0.074236 0.000011 0.000010 0.079118 0.548301 0.000010
0.142639 0.020968 0.111047 0.121487 0.000010 0.000010 0.082830 0.520999 0.000010
0.219439 0.054177 0.000010 0.104073 0.026622 0.043606 0.136376 0.415687 0.000010
0.054229 0.038365 0.060397 0.151427 0.000010 0.016944 0.142381 0.509191 0.027055
0.141675 0.000010 0.062510 0.171052 0.021079 0.016394 0.140711 0.446559 0.000010
0.230003 0.075231 0.052438 0.011631 0.000010 0.041725 0.201399 0.366570 0.020994
0.206864 0.112624 0.007282 0.234020 0.000010 0.000010 0.049527 0.389653 0.000010
0.260622 0.014660 0.057549 0.020672 0.000010 0.015917 0.139605 0.465214 0.025751
0.147633 0.055444 0.174710 0.024666 0.073296 0.041574 0.101596 0.381070 0.000010
0.219861 0.062114 0.067385 0.000010 0.021431 0.065094 0.108959 0.399823 0.055321
0.277868 0.028499 0.127347 0.027073 0.012661 0.036041 0.160708 0.309300 0.020504
0.232432 0.000010 0.094686 0.000010 0.077724 0.036307 0.166112 0.392709 0.000010
0.150984 0.090627 0.111520 0.065459 0.000010 0.000010 0.118483 0.424601 0.038306
0.265158 0.013446 0.160665 0.087435 0.023273 0.007882 0.054874 0.387257 0.000010
0.187054 0.059145 0.082149 0.042943 0.000010 0.009727 0.218742 0.349902 0.050328
0.076252 0.033385 0.141435 0.093448 0.095265 0.000010 0.078700 0.449685 0.031819
0.035256 0.075707 0.018435 0.170150 0.038131 0.000010 0.094299 0.514972 0.053040
0.119033 0.000010 0.159915 0.174158 0.075584 0.000010 0.110621 0.360660 0.000010
0.144475 0.045734 0.000010 0.029757 0.000010 0.003032 0.186074 0.590898 0.000010
0.146133 0.115499 0.079009 0.111515 0.027100 0.009608 0.081864 0.429262 0.000010
0.221945 0.041062 0.000010 0.102295 0.000010 0.036565 0.162382 0.435721 0.000010
0.117411 0.069038 0.058032 0.000010 0.137175 0.000010 0.072796 0.485174 0.060354
0.281917 0.036250 0.171243 0.037120 0.000010 0.020788 0.030823 0.369752 0.052097
0.196138 0.000010 0.079222 0.172157 0.000010 0.031669 0.075531 0.366423 0.078839
0.338388 0.000010 0.123974 0.000010 0.032409 0.030652 0.088621 0.385925 0.000010
0.163368 0.057090 0.152492 0.202256 0.024416 0.023425 0.036840 0.340102 0.000010
0.334190 0.077214 0.029283 0.088158 0.113847 0.011632 0.067929 0.277737 0.000010
0.000010 0.023473 0.000010 0.000010 0.000010 0.355735 0.000010 0.079559 0.541183
0.000010 0.033795 0.000010 0.029012 0.000014 0.430785 0.000010 0.012911 0.493454
0.000010 0.041035 0.000010 0.000010 0.000010 0.326024 0.000010 0.000085 0.632806
0.000010 0.000010 0.000010 0.000010 0.000010 0.299352 0.000010 0.000010 0.700578
0.000010 0.000010 0.000010 0.051460 0.000010 0.181578 0.000010 0.003108 0.763804
0.000010 0.000010 0.012827 0.000010 0.000010 0.434733 0.035028 0.000010 0.517362
0.000010 0.037573 0.013944 0.000010 0.000010 0.351351 0.000010 0.000413 0.596678
0.000010 0.038664 0.000010 0.000010 0.030495 0.295094 0.000010 0.000010 0.635697
0.000010 0.000010 0.000010 0.000010 0.000010 0.363608 0.000010 0.000010 0.636322
0.000010 0.004719 0.011372 0.000010 0.010084 0.284023 0.000010 0.000010 0.689762
0.000010 0.000010 0.000010 0.000010 0.000010 0.397410 0.000010 0.000010 0.602520
0.000010 0.004597 0.000010 0.000010 0.035612 0.314025 0.000010 0.000010 0.645717
0.000016 0.000010 0.000010 0.022257 0.000010 0.274623 0.000010 0.061395 0.641669
0.000010 0.018637 0.000010 0.000010 0.000010 0.410685 0.000010 0.039615 0.531013
0.000010 0.022031 0.003033 0.000010 0.000010 0.333556 0.013764 0.000010 0.627576
0.000010 0.000010 0.004324 0.000010 0.000010 0.261029 0.008387 0.000010 0.726210
0.000010 0.000010 0.000010 0.000010 0.000935 0.299605 0.000010 0.000010 0.699400
0.000010 0.028032 0.000010 0.023133 0.000010 0.478118 0.000010 0.000010 0.470667
0.000010 0.015465 0.000010 0.000010 0.028059 0.237931 0.000010 0.000010 0.718496
0.000010 0.000010 0.000010 0.000010 0.000010 0.222515 0.000010 0.000010 0.777415
0.000010 0.011773 0.035647 0.012764 0.000010 0.421294 0.000010 0.001952 0.516540
0.000010 0.034325 0.029490 0.000010 0.000010 0.284519 0.000010 0.000010 0.651615
0.000010 0.000010 0.000010 0.021854 0.000010 0.262877 0.000010 0.000010 0.715209
0.000010 0.036235 0.000010 0.000010 0.000010 0.404658 0.000010 0.087885 0.471172
0.000010 0.000010 0.000010 0.000010 0.028900 0.299529 0.000010 0.014044 0.657477
0.000010 0.036748 0.000010 0.004157 0.000010 0.440774 0.000010 0.026689 0.491593
0.035584 0.027289 0.000010 0.006396 0.000010 0.405645 0.000010 0.013565 0.511490
0.000010 0.000010 0.009740 0.000010 0.006251 0.266542 0.000010 0.000010 0.717417
0.000010 0.000010 0.000010 0.000010 0.821034 0.000116 0.178790 0.000010 0.000010
0.394601 0.000010 0.056863 0.335530 0.000010 0.000010 0.000138 0.212828 0.000010
0.582330 0.044950 0.044560 0.147496 0.000010 0.020628 0.039395 0.120621 0.000010
0.717408 0.070627 0.000010 0.025946 0.023709 0.029077 0.000010 0.133203 0.000010
0.311749 0.061852 0.000010 0.352057 0.087468 0.000010 0.000010 0.182450 0.004395
0.341511 0.000010 0.012239 0.414520 0.104051 0.049287 0.000010 0.078164 0.000206
0.456316 0.084125 0.021809 0.230239 0.021911 0.000010 0.000010 0.185569 0.000010
0.419777 0.000010 0.000010 0.368273 0.084333 0.000010 0.047911 0.079666 0.000010
0.424741 0.027357 0.042954 0.171137 0.000010 0.000010 0.000010 0.333771 0.000010
0.404172 0.133565 0.000010 0.296999 0.062302 0.004893 0.000010 0.098039 0.000010
0.433548 0.000010 0.005828 0.261640 0.108333 0.004596 0.019900 0.166135 0.000010
0.427775 0.002392 0.000010 0.362423 0.050371 0.000010 0.032200 0.124808 0.000010
0.318950 0.000010 0.000010 0.499760 0.074002 0.020410 0.016641 0.067321 0.002896
0.282845 0.016652 0.000010 0.544244 0.000010 0.000010 0.028977 0.127243 0.000010
0.429220 0.000010 0.009018 0.117556 0.026551 0.000010 0.074547 0.343078 0.000010
0.416828 0.002342 0.000010 0.412932 0.000010 0.000010 0.000010 0.167848 0.000010
0.432203 0.000010 0.000010 0.376523 0.016993 0.000010 0.000010 0.128952 0.045289
0.436289 0.019943 0.035164 0.378052 0.002281 0.000010 0.057268 0.070983 0.000010
0.604520 0.000011 0.000010 0.159585 0.047945 0.022410 0.000010 0.165501 0.000010
0.571961 0.000010 0.080202 0.208247 0.000010 0.000010 0.019096 0.120454 0.000010
0.330870 0.000010 0.088416 0.308633 0.000058 0.000010 0.000010 0.271983 0.000010
0.601340 0.000010 0.024865 0.261664 0.000010 0.000647 0.006362 0.105091 0.000010
0.295972 0.000010 0.000010 0.461244 0.000010 0.000010 0.000010 0.242724 0.000010
0.343549 0.054798 0.000010 0.466221 0.007973 0.000010 0.021043 0.106385 0.000010
0.283369 0.000010 0.013072 0.382320 0.000010 0.000010 0.019888 0.301311 0.000010
0.389356 0.011354 0.073235 0.352712 0.009970 0.000010 0.105404 0.057949 0.000010
0.422921 0.013106 0.000010 0.279474 0.000010 0.000010 0.000010 0.284448 0.000010
0.466457 0.060289 0.000010 0.250041 0.056298 0.000010 0.000010 0.166875 0.000010
0.552972 0.000014 0.160577 0.198070 0.026274 0.024099 0.000010 0.037973 0.000010
0.000010 0.000010 0.000010 0.000010 0.976031 0.023899 0.000010 0.000010 0.000010
0.000010 0.015621 0.000010 0.000010 0.984309 0.000010 0.000010 0.000010 0.000010
0.000010 0.006625 0.014959 0.013576 0.948766 0.000010 0.016034 0.000010 0.000010
0.000010 0.016536 0.000010 0.007992 0.975413 0.000010 0.000010 0.000010 0.000010
0.000013 0.041934 0.143577 0.000010 0.712160 0.056120 0.046165 0.000010 0.000010
0.004175 0.000010 0.000010 0.015549 0.953497 0.000010 0.016051 0.000010 0.010688
0.000010 0.000010 0.000010 0.000010 0.949125 0.016510 0.000010 0.000010 0.034305
0.000010 0.000010 0.011215 0.000010 0.986079 0.002646 0.000010 0.000010 0.000010
0.000010 0.000010 0.000010 0.016763 0.976426 0.006751 0.000010 0.000010 0.000010
0.000010 0.000010 0.071760 0.000010 0.928170 0.000010 0.000010 0.000010 0.000010
0.012005 0.000010 0.000010 0.000010 0.980793 0.000011 0.002121 0.005030 0.000010
0.003357 0.000010 0.000010 0.000010 0.984186 0.000010 0.000010 0.012397 0.000010
0.000010 0.000010 0.000020 0.003712 0.943925 0.000010 0.000010 0.052294 0.000010
0.000010 0.000010 0.018831 0.000010 0.975213 0.000010 0.000010 0.005896 0.000010
0.000010 0.000010 0.000010 0.000010 0.999920 0.000010 0.000010 0.000010 0.000010
0.000010 0.000010 0.000010 0.000010 0.999920 0.000010 0.000010 0.000010 0.000010
0.000010 0.000010 0.000010 0.000010 0.948314 0.008327 0.043299 0.000010 0.000010
0.595219 0.000010 0.000010 0.080376 0.035562 0.000010 0.003716 0.285087 0.000010
0.644458 0.000010 0.000010 0.074828 0.000010 0.000010 0.046081 0.234582 0.000010
0.569177 0.007556 0.054120 0.000010 0.022723 0.026285 0.000010 0.320110 0.000010
0.630275 0.000010 0.000010 0.044919 0.000010 0.015070 0.000010 0.309686 0.000010
0.518370 0.000010 0.020684 0.147911 0.016424 0.000010 0.037766 0.233230 0.025596
0.547044 0.000010 0.135322 0.140467 0.000010 0.000010 0.000010 0.177117 0.000010
0.494297 0.000010 0.000010 0.129817 0.000010 0.000010 0.090504 0.256731 0.028611
0.522647 0.012555 0.038345 0.053087 0.000010 0.000010 0.012193 0.320768 0.040385
0.670163 0.000010 0.000010 0.093001 0.000291 0.005285 0.015467 0.171423 0.044350
0.726982 0.000010 0.054347 0.018683 0.001738 0.000010 0.000010 0.169704 0.028516
0.379805 0.000010 0.000010 0.223180 0.041984 0.052336 0.000010 0.264267 0.038398
0.657980 0.000010 0.009965 0.000010 0.000010 0.000010 0.000010 0.330498 0.001508
0.705545 0.000010 0.089537 0.000010 0.032408 0.000010 0.000010 0.172460 0.000010
0.632244 0.000010 0.038147 0.063568 0.000010 0.000010 0.006503 0.251462 0.008046
0.468483 0.096463 0.065844 0.110061 0.000012 0.065636 0.000010 0.193482 0.000010
0.503488 0.040775 0.000177 0.191526 0.012694 0.026950 0.011361 0.213019 0.000010
0.620651 0.000010 0.000010 0.099535 0.000010 0.000010 0.053875 0.225889 0.000010
0.543721 0.000010 0.000013 0.154869 0.060572 0.021503 0.022419 0.196883 0.000010
0.517931 0.000010 0.000010 0.042671 0.083494 0.042248 0.000010 0.223755 0.089871
0.560817 0.003459 0.044324 0.059687 0.131609 0.000010 0.000010 0.200074 0.000010
0.621462 0.012577 0.000010 0.003076 0.051266 0.047960 0.000010 0.232963 0.030676
0.669937 0.000010 0.000010 0.058300 0.000010 0.000010 0.043947 0.227767 0.000010
0.552863 0.001964 0.000010 0.044740 0.015759 0.043578 0.060435 0.280641 0.000010
0.573123 0.013258 0.056738 0.122228 0.000010 0.047600 0.000010 0.167865 0.019168
0.566001 0.000010 0.020712 0.034074 0.001213 0.000010 0.000010 0.320665 0.057305
0.517935 0.007052 0.000010 0.186922 0.042989 0.010601 0.019931 0.214548 0.000010
0.523467 0.046489 0.000010 0.157913 0.000010 0.018429 0.028492 0.166404 0.058785
0.686021 0.076679 0.012513 0.002496 0.043138 0.013394 0.000010 0.149428 0.016320
0.502448 0.038431 0.000010 0.047475 0.020182 0.032632 0.081957 0.276856 0.000010
0.568520 0.055121 0.049127 0.026951 0.004829 0.000010 0.000010 0.295422 0.000010
0.594639 0.000010 0.026611 0.078487 0.000010 0.000010 0.014402 0.224283 0.061548
0.480548 0.034300 0.000010 0.127413 0.095742 0.000010 0.000010 0.229217 0.032750
0.569154 0.000010 0.027989 0.032575 0.000010 0.000010 0.019299 0.223131 0.127821
0.485749 0.076408 0.037312 0.143668 0.000411 0.006350 0.000010 0.250082 0.000010
0.422240 0.014172 0.081389 0.146506 0.000011 0.011789 0.091794 0.232089 0.000010
0.627410 0.000010 0.070389 0.000010 0.060104 0.000428 0.000010 0.241629 0.000010
0.639996 0.000010 0.028455 0.093608 0.045534 0.000010 0.000010 0.146239 0.046138
0.606366 0.000010 0.079405 0.000010 0.000010 0.000010 0.103117 0.211063 0.000010
0.734232 0.000010 0.041825 0.003595 0.000010 0.000010 0.000010 0.220298 0.000010
0.551584 0.000010 0.022912 0.046731 0.084143 0.046469 0.000010 0.244132 0.004009
0.437148 0.014780 0.085472 0.183231 0.000010 0.000010 0.000010 0.264903 0.014436
0.528553 0.000490 0.080800 0.050372 0.005299 0.015821 0.000010 0.318645 0.000010
0.598881 0.000010 0.000010 0.060524 0.000010 0.000010 0.000010 0.239263 0.101282
0.739383 0.000010 0.000013 0.000010 0.032305 0.000010 0.000010 0.181046 0.047213
0.560626 0.000010 0.028516 0.111201 0.000010 0.026179 0.021381 0.147843 0.104235
0.744256 0.080161 0.000010 0.000010 0.000929 0.000010 0.025104 0.133623 0.015897
0.505032 0.002108 0.000010 0.000010 0.061957 0.000010 0.137943 0.237048 0.055881
0.606200 0.000010 0.053731 0.102556 0.068040 0.009673 0.000010 0.143401 0.016380
0.574740 0.000010 0.069997 0.092404 0.000010 0.098404 0.015009 0.112989 0.036438
0.495693 0.000010 0.016839 0.153437 0.089022 0.005343 0.000010 0.176721 0.062925
0.569218 0.000010 0.000019 0.000018 0.000010 0.000010 0.000010 0.294059 0.136646
0.670350 0.000010 0.031459 0.000010 0.000010 0.000010 0.050589 0.247552 0.000010
0.503397 0.004761 0.132137 0.118463 0.000010 0.000010 0.000010 0.241202 0.000010
0.643522 0.000010 0.000010 0.000010 0.030904 0.014033 0.000010 0.259393 0.052108
0.465837 0.000010 0.000015 0.000988 0.000010 0.024818 0.126301 0.382011 0.000010
0.092812 0.000010 0.045134 0.000010 0.000010 0.132860 0.000010 0.000010 0.729144
0.307775 0.012870 0.000010 0.295320 0.050214 0.002252 0.000010 0.197005 0.134543
0.619244 0.024929 0.000010 0.000010 0.063178 0.051340 0.000010 0.146875 0.094404
0.646646 0.000010 0.018606 0.000010 0.027104 0.000010 0.000010 0.249715 0.057888
0.580041 0.000012 0.015303 0.000010 0.000010 0.000010 0.055287 0.312138 0.037188
0.526154 0.000010 0.000010 0.074431 0.000010 0.000010 0.000010 0.280298 0.119066
0.616828 0.000010 0.000010 0.026990 0.001935 0.014022 0.010907 0.201565 0.127734
0.542556 0.000010 0.000019 0.010621 0.059859 0.000010 0.000010 0.195670 0.191246
0.515787 0.025037 0.067662 0.131568 0.131248 0.011820 0.000010 0.044167 0.072701
0.691674 0.016519 0.075104 0.057647 0.000010 0.015718 0.006295 0.084882 0.052151
0.683386 0.000010 0.022484 0.000010 0.029372 0.000010 0.000010 0.185547 0.079170
0.593876 0.023222 0.000010 0.043947 0.006367 0.000010 0.036191 0.136153 0.160223
0.470942 0.031197 0.000010 0.027906 0.000010 0.079699 0.000010 0.390217 0.000010
0.648641 0.025175 0.033167 0.055672 0.040247 0.000010 0.000010 0.122553 0.074523
0.680119 0.000010 0.000010 0.051091 0.028816 0.000010 0.000010 0.208278 0.031656
0.423075 0.000010 0.037734 0.192807 0.000010 0.000010 0.000010 0.258576 0.087768
0.438286 0.000010 0.140312 0.049702 0.000010 0.004666 0.088658 0.099368 0.178989
0.520808 0.000010 0.000010 0.143198 0.009641 0.012965 0.024806 0.213199 0.075362
0.560635 0.000010 0.019925 0.000010 0.000010 0.022194 0.065410 0.176786 0.155019
0.610378 0.000010 0.079417 0.000010 0.000010 0.020106 0.070785 0.193418 0.025866
0.582106 0.133895 0.000010 0.020937 0.027645 0.030041 0.000010 0.205346 0.000010
0.681054 0.000010 0.000010 0.021280 0.000010 0.034507 0.056476 0.206644 0.000010
0.648012 0.050168 0.000010 0.077929 0.000010 0.000010 0.000010 0.185608 0.038243
0.645987 0.000010 0.000179 0.000010 0.000010 0.000010 0.046509 0.116198 0.191087
0.580296 0.015196 0.000010 0.023151 0.011548 0.000010 0.021763 0.158719 0.189306
0.599757 0.000010 0.000010 0.000010 0.000010 0.026215 0.083369 0.198930 0.091689
0.643672 0.115288 0.000010 0.014855 0.000010 0.010975 0.000209 0.141715 0.073265
0.589916 0.000010 0.029762 0.000010 0.001912 0.000010 0.000010 0.231691 0.146679
0.634178 0.005201 0.041312 0.000010 0.000010 0.000010 0.056669 0.230309 0.032301
0.648962 0.057309 0.046859 0.031090 0.000010 0.000010 0.055007 0.160743 0.000010
0.586555 0.000010 0.000010 0.024430 0.000010 0.000010 0.000010 0.369573 0.019392
0.646325 0.099152 0.001178 0.000010 0.000010 0.010433 0.000010 0.242872 0.000010
0.000010 0.000010 0.000010 0.000010 0.746656 0.000010 0.253274 0.000010 0.000010
0.000010 0.000010 0.000010 0.000010 0.770848 0.000010 0.229082 0.000010 0.000010
0.000010 0.000010 0.014345 0.023088 0.809162 0.000010 0.153356 0.000010 0.000010
0.000010 0.000010 0.072841 0.000010 0.716128 0.000010 0.151094 0.059888 0.000010
0.024361 0.000010 0.000010 0.000010 0.915040 0.000010 0.060539 0.000010 0.000010
0.000012 0.020397 0.000010 0.000010 0.847481 0.000010 0.132060 0.000010 0.000010
0.000010 0.000010 0.032845 0.000010 0.792881 0.042702 0.131523 0.000010 0.000010
0.758144 0.000010 0.007880 0.093232 0.000010 0.000010 0.050147 0.069186 0.021382
0.693743 0.000010 0.000010 0.069346 0.000010 0.000010 0.000010 0.236850 0.000010
0.592351 0.054362 0.000010 0.249910 0.003308 0.023916 0.000010 0.055914 0.020218
0.588940 0.000010 0.007852 0.207281 0.174045 0.000010 0.021843 0.000010 0.000010
0.540097 0.000010 0.000010 0.230042 0.022770 0.000010 0.000010 0.207041 0.000010
0.500487 0.010155 0.010517 0.233738 0.034751 0.006481 0.000010 0.188922 0.014940
0.609397 0.020916 0.000010 0.136073 0.000010 0.000010 0.001600 0.231974 0.000010
0.624541 0.000010 0.125788 0.164649 0.000010 0.000010 0.000010 0.084972 0.000010
0.715602 0.000010 0.000010 0.172701 0.000010 0.000010 0.000010 0.111636 0.000010
0.448998 0.026335 0.000010 0.237455 0.149268 0.015812 0.000010 0.122102 0.000010
0.621379 0.100142 0.000010 0.000010 0.041956 0.000010 0.000010 0.221959 0.014525
0.484184 0.051011 0.024484 0.017873 0.000010 0.000010 0.067792 0.254622 0.100015
0.580894 0.005496 0.000010 0.053786 0.000010 0.043975 0.000010 0.315809 0.000010
0.447696 0.000010 0.022047 0.000010 0.041604 0.000010 0.000010 0.329304 0.159310
0.466636 0.015623 0.000010 0.100755 0.000010 0.000010 0.029985 0.293861 0.093109
0.544398 0.035867 0.000010 0.061794 0.000010 0.000010 0.003428 0.241732 0.112752
0.536673 0.028551 0.000010 0.000010 0.050450 0.000010 0.025034 0.324255 0.035007
0.609105 0.000010 0.001967 0.057938 0.016947 0.000010 0.000010 0.196494 0.117519
0.526034 0.000010 0.000013 0.160347 0.013040 0.000010 0.079977 0.023677 0.196893
0.537894 0.000010 0.030400 0.000010 0.000010 0.024458 0.149668 0.247961 0.009590
0.625367 0.000010 0.000010 0.140620 0.079872 0.000010 0.000010 0.066926 0.087174
0.609367 0.000010 0.000010 0.000010 0.106731 0.038208 0.000010 0.245644 0.000010
0.664486 0.000010 0.000010 0.041982 0.061707 0.000010 0.000010 0.173321 0.058463
0.459608 0.000015 0.072925 0.072551 0.000010 0.000010 0.000010 0.226139 0.168732
0.502126 0.115843 0.056428 0.001943 0.000010 0.000010 0.037664 0.212049 0.073926
0.463093 0.105479 0.000010 0.056341 0.019299 0.000010 0.000010 0.236671 0.119086
0.526109 0.015344 0.038698 0.028626 0.000010 0.000010 0.027384 0.363809 0.000010
0.491969 0.046882 0.000010 0.022780 0.000010 0.023819 0.050704 0.304272 0.059553
0.630367 0.072039 0.035949 0.000010 0.000010 0.000010 0.000010 0.210937 0.050668
0.388334 0.000017 0.084101 0.116143 0.000010 0.091964 0.027059 0.292361 0.000010
0.636817 0.038799 0.030733 0.000010 0.000010 0.012907 0.000010 0.280704 0.000010
0.611504 0.000010 0.005445 0.000010 0.000010 0.011469 0.032435 0.228603 0.110515
0.565059 0.025380 0.000012 0.015077 0.000010 0.000010 0.097621 0.163751 0.133079
0.631014 0.000010 0.000010 0.000010 0.000010 0.062244 0.009431 0.172355 0.124916
0.641389 0.021710 0.027422 0.000010 0.000010 0.000010 0.015447 0.156938 0.137064
0.000010 0.958703 0.000010 0.000010 0.000010 0.041227 0.000010 0.000010 0.000010
0.036546 0.961253 0.002138 0.000010 0.000012 0.000010 0.000010 0.000010 0.000010
0.000014 0.921831 0.044130 0.000010 0.000010 0.000010 0.005302 0.000010 0.028683
0.000010 0.932757 0.000010 0.000010 0.000010 0.000012 0.000010 0.004451 0.062731
0.037861 0.012228 0.441992 0.000010 0.056221 0.000010 0.438564 0.000010 0.013105
0.000010 0.018635 0.569304 0.054304 0.000010 0.000010 0.356366 0.001350 0.000010
0.086999 0.002288 0.427721 0.074899 0.034238 0.000010 0.360059 0.008527 0.005258
0.000010 0.059798 0.517763 0.000010 0.000010 0.000010 0.417025 0.005364 0.000010
0.063422 0.057498 0.407094 0.028373 0.009587 0.000010 0.351146 0.033358 0.049513
0.000010 0.000010 0.522819 0.031453 0.027029 0.000010 0.356843 0.061816 0.000010
0.000010 0.000010 0.468101 0.000010 0.062281 0.035961 0.406080 0.000010 0.027536
0.000010 0.004589 0.501140 0.034619 0.000010 0.000014 0.424301 0.000010 0.035306
0.022727 0.018681 0.370333 0.000010 0.049793 0.017030 0.412550 0.051723 0.057153
0.002280 0.000010 0.456348 0.089269 0.015413 0.000010 0.356079 0.068841 0.011750
0.746689 0.052415 0.000010 0.022190 0.066665 0.024742 0.000010 0.087268 0.000010
0.538883 0.000010 0.000010 0.104216 0.014827 0.003801 0.086853 0.130266 0.121135
0.358158 0.085486 0.071103 0.038713 0.022765 0.185903 0.000010 0.215186 0.022676
0.475606 0.000010 0.053873 0.000010 0.030710 0.072342 0.053852 0.313586 0.000010
0.503798 0.084556 0.000010 0.072320 0.000010 0.000010 0.021752 0.310625 0.006919
0.707942 0.000010 0.021093 0.064908 0.042901 0.000012 0.000010 0.125447 0.037676
0.555818 0.037147 0.007936 0.046644 0.000010 0.000010 0.000010 0.276202 0.076222
0.534930 0.000010 0.000010 0.110780 0.069618 0.000010 0.000010 0.247633 0.037000
0.535021 0.078298 0.002655 0.018690 0.000010 0.039870 0.000010 0.316584 0.008863
0.618531 0.000010 0.042568 0.000010 0.000010 0.029250 0.000010 0.240635 0.068976
0.689499 0.046832 0.000010 0.000010 0.000010 0.000010 0.000010 0.263609 0.000010
0.617660 0.000010 0.022386 0.072733 0.017348 0.000010 0.025122 0.156757 0.087975
0.572643 0.000010 0.000010 0.000010 0.064910 0.000010 0.088087 0.274309 0.000010
0.587245 0.000010 0.000010 0.123578 0.021772 0.017920 0.000010 0.180844 0.068611
0.592499 0.000010 0.043400 0.073170 0.000010 0.078263 0.104647 0.107990 0.000010
0.526227 0.062350 0.000010 0.041079 0.000010 0.000010 0.067601 0.168717 0.133996
0.458922 0.010413 0.000010 0.000010 0.000010 0.000010 0.105456 0.307624 0.117545
0.555104 0.076250 0.000010 0.146836 0.000010 0.020715 0.000010 0.094912 0.106154
0.516052 0.012147 0.085925 0.164398 0.000010 0.000010 0.004518 0.099982 0.116958
0.458955 0.000010 0.028813 0.089790 0.010496 0.088867 0.000010 0.177310 0.145750
0.604462 0.000010 0.000010 0.000010 0.031533 0.000010 0.059179 0.303449 0.001337
0.000010 0.000010 0.734488 0.000010 0.066665 0.000010 0.198787 0.000010 0.000010
0.000010 0.000010 0.653137 0.000010 0.094517 0.000010 0.252286 0.000010 0.000010
0.000010 0.020514 0.698931 0.000010 0.069135 0.023543 0.170640 0.017206 0.000010
0.000010 0.000010 0.703594 0.000010 0.000010 0.000010 0.276172 0.020155 0.000028
0.000010 0.080185 0.714634 0.000010 0.000634 0.000010 0.204497 0.000010 0.000010
0.079508 0.000010 0.701133 0.000010 0.007428 0.000010 0.204767 0.000010 0.007124
0.036385 0.000012 0.721706 0.000010 0.020704 0.000010 0.192749 0.028414 0.000010
0.000010 0.069268 0.604917 0.039986 0.000010 0.000010 0.285780 0.000010 0.000010
0.000010 0.014618 0.694121 0.000010 0.033091 0.000010 0.258119 0.000010 0.000010
0.000010 0.000010 0.770027 0.000097 0.045110 0.000010 0.184717 0.000010 0.000010
0.000010 0.092491 0.662390 0.000010 0.000010 0.000010 0.245059 0.000010 0.000010
0.000010 0.000010 0.700806 0.012676 0.057372 0.007775 0.221331 0.000010 0.000010
0.020282 0.119623 0.565399 0.000010 0.000010 0.000010 0.269381 0.008720 0.016565
0.000010 0.000010 0.664777 0.010658 0.002768 0.020919 0.300839 0.000010 0.000010
0.026623 0.000010 0.704985 0.000010 0.078887 0.000010 0.176141 0.013323 0.000010
0.000010 0.000010 0.790535 0.000010 0.004997 0.000010 0.204408 0.000010 0.000010
0.000010 0.000010 0.558018 0.000010 0.131179 0.000010 0.310743 0.000010 0.000010
0.000010 0.000020 0.653757 0.000010 0.000010 0.037449 0.308724 0.000010 0.000010
0.000010 0.187303 0.621990 0.000010 0.000010 0.000010 0.190647 0.000010 0.000010
0.000010 0.000010 0.704878 0.000010 0.000155 0.000010 0.258103 0.036814 0.000010
0.000010 0.000010 0.721202 0.000010 0.000010 0.044900 0.230767 0.000010 0.003081
0.000010 0.000010 0.668637 0.000010 0.000010 0.018476 0.312828 0.000010 0.000010
0.006040 0.041421 0.599550 0.082004 0.000010 0.000010 0.270946 0.000010 0.000010
0.000010 0.016157 0.667305 0.000010 0.000010 0.000010 0.288285 0.000010 0.028203
0.000010 0.004015 0.712932 0.000010 0.090602 0.000010 0.192401 0.000010 0.000010
0.000010 0.069617 0.627607 0.000010 0.019224 0.000010 0.283502 0.000010 0.000010
0.000010 0.014357 0.610193 0.000010 0.000010 0.000010 0.375390 0.000010 0.000010
0.000010 0.000010 0.689346 0.000010 0.061406 0.000010 0.249188 0.000010 0.000010
0.000010 0.078015 0.543041 0.022702 0.000010 0.000010 0.324960 0.031243 0.000010
0.000010 0.000010 0.638868 0.041333 0.001030 0.027054 0.291675 0.000010 0.000010
0.000010 0.000010 0.669887 0.000010 0.027503 0.000010 0.302550 0.000010 0.000010
0.000010 0.000010 0.696188 0.000010 0.000010 0.002865 0.300886 0.000010 0.000010
0.000010 0.023330 0.692501 0.000010 0.017399 0.000018 0.241645 0.000010 0.025078
0.000010 0.044313 0.604312 0.000010 0.030776 0.000010 0.314919 0.000010 0.005640
0.000010 0.000010 0.690877 0.000010 0.000010 0.000010 0.260933 0.000010 0.048131
0.000010 0.020061 0.664348 0.000010 0.000010 0.000010 0.315532 0.000010 0.000010
0.000010 0.000010 0.669091 0.054894 0.000010 0.000010 0.275955 0.000010 0.000010
0.004791 0.000010 0.528541 0.000010 0.042430 0.021527 0.400058 0.000010 0.002623
0.000010 0.004160 0.612307 0.000010 0.031978 0.007787 0.343728 0.000010 0.000010
0.013886 0.000010 0.279814 0.000010 0.528165 0.014524 0.163567 0.000013 0.000010
0.000010 0.000010 0.000010 0.000010 0.900881 0.000010 0.099049 0.000010 0.000010
0.000010 0.106958 0.590759 0.000010 0.011556 0.008346 0.277576 0.000010 0.004775
0.000010 0.080381 0.640641 0.000010 0.051651 0.014067 0.213221 0.000010 0.000010
0.328033 0.047434 0.046627 0.333718 0.000010 0.000010 0.017535 0.205800 0.020833
0.230877 0.000010 0.051778 0.445151 0.020089 0.048209 0.087218 0.116659 0.000010
0.402454 0.000010 0.012895 0.296804 0.014542 0.000010 0.022739 0.250536 0.000010
0.366060 0.000010 0.010267 0.308351 0.000010 0.000010 0.011748 0.303534 0.000010
0.374709 0.066872 0.000010 0.326795 0.000010 0.000010 0.034139 0.197445 0.000010
0.370981 0.000010 0.021590 0.365161 0.023072 0.000010 0.000010 0.219156 0.000010
0.230998 0.000010 0.000010 0.480570 0.041095 0.000010 0.000010 0.247287 0.000010
0.393687 0.094141 0.000010 0.296751 0.000010 0.000010 0.000010 0.211411 0.003970
0.388434 0.000010 0.000010 0.288702 0.052064 0.000010 0.000010 0.270750 0.000010
0.447323 0.000010 0.018769 0.316459 0.000010 0.000010 0.011145 0.195184 0.011090
0.463071 0.000010 0.000010 0.353734 0.032839 0.079998 0.000010 0.070318 0.000010
0.398267 0.000010 0.000010 0.201036 0.058380 0.000010 0.000010 0.339844 0.002433
0.312038 0.017545 0.015212 0.318983 0.055623 0.000010 0.044723 0.235855 0.000010
0.000010 0.047139 0.709759 0.000010 0.000010 0.000010 0.243042 0.000010 0.000010
0.000010 0.000010 0.615728 0.000010 0.026264 0.028855 0.329103 0.000010 0.000010
0.000010 0.000010 0.665098 0.000010 0.032779 0.000010 0.302063 0.000010 0.000010
0.000010 0.001950 0.737615 0.015634 0.024124 0.044753 0.175894 0.000010 0.000010
0.000010 0.000010 0.688638 0.000010 0.000010 0.000010 0.304976 0.006326 0.000010
0.000010 0.012354 0.727916 0.000010 0.018866 0.064494 0.162737 0.013603 0.000010
0.000010 0.000010 0.569914 0.000010 0.082277 0.000010 0.347749 0.000010 0.000010
0.000010 0.099139 0.570425 0.000010 0.011197 0.000010 0.319189 0.000010 0.000010
0.000010 0.000010 0.544719 0.070150 0.004429 0.001279 0.379383 0.000010 0.000010
0.000010 0.000010 0.623343 0.000010 0.055882 0.000010 0.320715 0.000010 0.000010
0.011707 0.082965 0.681038 0.000010 0.000010 0.000010 0.212052 0.000010 0.012197
0.000010 0.000010 0.755940 0.000010 0.030254 0.001596 0.210193 0.001977 0.000010
