0.015758 0.000010 0.000010 0.319546 0.000010 0.001213 0.133654 0.457760 0.072040
0.307603 0.000010 0.000010 0.025267 0.130286 0.074013 0.060595 0.402205 0.000010
0.131608 0.068958 0.059930 0.076173 0.000010 0.016576 0.126862 0.519873 0.000010
0.268925 0.000010 0.064048 0.000010 0.000010 0.000010 0.194427 0.460327 0.012234
0.261033 0.009370 0.011533 0.144474 0.117860 0.040448 0.000010 0.415262 0.000010
0.367654 0.000010 0.111377 0.044652 0.000010 0.000010 0.029307 0.377933 0.069047
0.150887 0.000010 0.149444 0.113662 0.000010 0.011177 0.151626 0.394519 0.028665
0.428798 0.071992 0.017639 0.000010 0.123600 0.000010 0.054306 0.279258 0.024386
0.186761 0.000010 0.039144 0.000010 0.025198 0.021449 0.093735 0.633684 0.000010
0.306853 0.000010 0.001651 0.092741 0.035947 0.047808 0.036423 0.478557 0.000010
0.307730 0.056404 0.000010 0.086739 0.000010 0.055789 0.037383 0.453099 0.002835
0.362845 0.032252 0.000010 0.092300 0.000010 0.000010 0.044743 0.467821 0.000010
0.287775 0.071931 0.063267 0.044429 0.000010 0.094299 0.014944 0.421154 0.002193
0.317993 0.000010 0.048859 0.066911 0.000010 0.037010 0.108932 0.417287 0.002987
0.294583 0.060434 0.066972 0.000010 0.000010 0.000010 0.144678 0.433294 0.000010
0.310442 0.000010 0.071593 0.090184 0.107284 0.013144 0.000010 0.407323 0.000010
0.241822 0.149398 0.000010 0.017705 0.000010 0.014291 0.071744 0.499353 0.005666
0.179449 0.000010 0.053300 0.107515 0.109468 0.010923 0.064062 0.475263 0.000010
0.233231 0.035532 0.110016 0.041791 0.000010 0.040542 0.097812 0.435291 0.005775
0.298301 0.104641 0.051896 0.000010 0.000010 0.107896 0.000010 0.364590 0.072646
0.422011 0.047294 0.080377 0.000010 0.000010 0.005663 0.066089 0.364565 0.013982
0.257708 0.000010 0.061990 0.022171 0.000010 0.018126 0.156427 0.483547 0.000010
0.279058 0.066129 0.000010 0.067329 0.000010 0.000010 0.083077 0.414007 0.090369
0.233238 0.024336 0.000010 0.075406 0.000010 0.000010 0.171755 0.476469 0.018765
0.267324 0.000010 0.000010 0.000010 0.000010 0.036699 0.171416 0.524511 0.000010
0.351384 0.000010 0.098629 0.092333 0.000010 0.000010 0.131258 0.326356 0.000010
0.463673 0.000010 0.000010 0.000010 0.000010 0.000010 0.078990 0.429276 0.028011
0.258809 0.000010 0.000010 0.000010 0.057338 0.055013 0.068622 0.560178 0.000010
0.077772 0.047781 0.000010 0.324345 0.003076 0.001696 0.086399 0.458911 0.000010
0.315037 0.000010 0.000010 0.023916 0.000010 0.113712 0.140502 0.359339 0.047463
0.391519 0.059989 0.048476 0.042234 0.000010 0.018745 0.026022 0.412995 0.000010
0.350447 0.093314 0.124998 0.000010 0.000010 0.000010 0.023147 0.408053 0.000010
0.280144 0.182429 0.013329 0.048464 0.000010 0.021469 0.056185 0.397960 0.000010
0.358330 0.012634 0.072984 0.038168 0.000010 0.000010 0.115726 0.375843 0.026295
0.043788 0.007846 0.000010 0.107286 0.009432 0.000010 0.205450 0.626168 0.000010
0.092547 0.000010 0.128799 0.000010 0.000010 0.077750 0.166947 0.533916 0.000010
0.270029 0.121769 0.028037 0.000010 0.070627 0.010437 0.034301 0.453660 0.011131
0.284929 0.037192 0.028010 0.000010 0.020728 0.000010 0.076863 0.362171 0.190086
0.339881 0.000010 0.000010 0.070314 0.000010 0.062420 0.060238 0.449109 0.018008
0.436501 0.000010 0.000010 0.000010 0.000010 0.037568 0.069607 0.456275 0.000010
0.307378 0.038920 0.080981 0.001684 0.000010 0.000010 0.040987 0.477611 0.052419
0.225125 0.041691 0.013748 0.044869 0.107849 0.000010 0.117037 0.449661 0.000010
0.356902 0.000010 0.000010 0.055073 0.000010 0.004458 0.077139 0.506389 0.000010
0.386089 0.014280 0.000010 0.078273 0.052314 0.008025 0.069819 0.391179 0.000010
0.143428 0.000010 0.000010 0.092101 0.131277 0.097118 0.044969 0.469684 0.021403
0.293122 0.000010 0.112525 0.035893 0.009654 0.000010 0.102531 0.446244 0.000010
0.296341 0.000010 0.042189 0.000010 0.000010 0.025263 0.109876 0.513071 0.013231
0.297573 0.000010 0.000010 0.085349 0.071268 0.010720 0.098721 0.395732 0.040617
0.079513 0.000010 0.214334 0.111157 0.000010 0.000010 0.242556 0.352401 0.000010
0.163414 0.054826 0.376698 0.045262 0.000010 0.000010 0.150099 0.209671 0.000010
0.040900 0.046151 0.438161 0.142597 0.000010 0.000010 0.058003 0.249737 0.024431
0.000010 0.008841 0.517957 0.125319 0.000010 0.000010 0.108324 0.168110 0.071419
0.219345 0.000010 0.374894 0.000010 0.000010 0.024329 0.071975 0.309418 0.000010
0.094722 0.000010 0.500102 0.000010 0.000010 0.010543 0.209732 0.184861 0.000010
0.014859 0.041755 0.529644 0.084717 0.000010 0.000010 0.167698 0.161297 0.000010
0.115037 0.020667 0.510022 0.073875 0.052245 0.000010 0.160603 0.067531 0.000010
0.145634 0.042987 0.433254 0.115749 0.000010 0.030825 0.002946 0.228585 0.000010
0.063738 0.000632 0.421979 0.181776 0.070253 0.000010 0.049111 0.212491 0.000010
0.041438 0.141936 0.402776 0.098124 0.000010 0.035968 0.115811 0.156666 0.007271
0.179696 0.027967 0.336612 0.000010 0.000010 0.008090 0.087061 0.282412 0.078142
0.230601 0.000010 0.237827 0.172901 0.013975 0.026197 0.030019 0.288461 0.000010
0.000010 0.103918 0.398518 0.074477 0.048431 0.000937 0.046798 0.272207 0.054702
0.034389 0.006498 0.326086 0.274177 0.000010 0.004229 0.141808 0.212792 0.000010
0.107265 0.000010 0.220850 0.133818 0.000010 0.000010 0.068164 0.469863 0.000010
0.111709 0.000010 0.232652 0.183978 0.002432 0.004687 0.202981 0.211580 0.049971
0.123431 0.017002 0.339225 0.018235 0.000010 0.034607 0.248817 0.218662 0.000010
0.212273 0.114820 0.271446 0.071674 0.000010 0.000010 0.154722 0.175035 0.000010
0.244425 0.139643 0.205297 0.000010 0.065789 0.030510 0.052421 0.261895 0.000010
0.039847 0.109699 0.274607 0.078646 0.028595 0.005522 0.190975 0.272099 0.000010
0.174950 0.000010 0.257196 0.112317 0.000010 0.000010 0.108608 0.346889 0.000010
0.339631 0.000010 0.000010 0.000010 0.096040 0.000010 0.026961 0.244783 0.292545
0.231305 0.036321 0.050079 0.173989 0.014180 0.000010 0.062006 0.402858 0.029253
0.370122 0.000010 0.000010 0.058117 0.000010 0.000010 0.000010 0.538706 0.033005
0.383423 0.000010 0.020898 0.020981 0.000010 0.070266 0.048099 0.456304 0.000010
0.483768 0.000010 0.019692 0.064278 0.025491 0.043417 0.000010 0.363325 0.000010
0.223306 0.000010 0.034874 0.244193 0.000010 0.000010 0.123666 0.373920 0.000010
0.461295 0.000010 0.031225 0.025472 0.038676 0.008898 0.000010 0.434404 0.000010
0.359165 0.031369 0.000010 0.075909 0.000010 0.000010 0.126125 0.351681 0.055721
0.270979 0.000010 0.000010 0.099639 0.000010 0.000010 0.146852 0.482481 0.000010
0.292982 0.000010 0.000010 0.098741 0.012250 0.089442 0.091435 0.250996 0.164134
0.156641 0.032164 0.073646 0.050218 0.000010 0.016207 0.093537 0.550695 0.026882
0.227081 0.034476 0.000010 0.112101 0.017349 0.018951 0.109979 0.480042 0.000010
0.384512 0.000010 0.028545 0.042075 0.000010 0.039875 0.019394 0.454148 0.031431
0.261763 0.000010 0.000010 0.126730 0.000010 0.000010 0.084721 0.423353 0.103394
0.284285 0.000010 0.028156 0.142695 0.000010 0.000010 0.054849 0.489975 0.000010
0.191447 0.000010 0.073966 0.000010 0.000010 0.007464 0.132499 0.538081 0.056513
0.320831 0.008606 0.000010 0.169248 0.079842 0.000010 0.045877 0.320224 0.055353
0.201926 0.000010 0.000010 0.000010 0.000010 0.128082 0.144642 0.442347 0.082964
0.378298 0.000010 0.191062 0.000010 0.003756 0.000010 0.069455 0.357390 0.000010
0.242289 0.000010 0.008967 0.093435 0.007451 0.057568 0.025442 0.564828 0.000010
0.395178 0.000010 0.020730 0.045578 0.000010 0.000010 0.000010 0.477327 0.061148
0.260893 0.000010 0.016300 0.064440 0.000010 0.063072 0.068389 0.508415 0.018470
0.260821 0.207669 0.000010 0.063506 0.000010 0.000010 0.000010 0.461043 0.006920
0.189621 0.000010 0.069855 0.074272 0.000010 0.015523 0.213283 0.437415 0.000010
0.391611 0.000010 0.000010 0.007952 0.030456 0.026093 0.124730 0.419128 0.000010
0.254058 0.000010 0.057845 0.023167 0.089259 0.000010 0.008015 0.567626 0.000010
0.174796 0.000010 0.017277 0.000010 0.092201 0.000010 0.116101 0.599585 0.000010
0.192016 0.000010 0.051056 0.065707 0.043054 0.000010 0.196726 0.436294 0.015127
0.200336 0.000010 0.000010 0.000010 0.000010 0.036991 0.194207 0.568416 0.000010
0.126443 0.011679 0.025534 0.137706 0.000010 0.116092 0.098722 0.474325 0.009488
0.254998 0.000010 0.086160 0.000010 0.057213 0.000010 0.102638 0.355611 0.143350
0.112631 0.021358 0.019333 0.000010 0.028567 0.003515 0.217697 0.185413 0.411475
0.083958 0.000010 0.044794 0.051147 0.000010 0.000010 0.194942 0.625119 0.000010
0.100414 0.030674 0.076293 0.000010 0.000010 0.016836 0.217193 0.481760 0.076809
0.099917 0.028174 0.046226 0.179713 0.127195 0.000010 0.129067 0.389688 0.000010
0.000010 0.000010 0.000010 0.282129 0.000010 0.000010 0.222007 0.441755 0.054060
0.220497 0.000010 0.059908 0.038934 0.020053 0.000010 0.200533 0.436794 0.023260
0.280446 0.000010 0.000010 0.080062 0.000965 0.023335 0.182407 0.429671 0.003094
0.230145 0.000010 0.000010 0.136354 0.000010 0.000010 0.217006 0.416446 0.000010
0.162154 0.000010 0.000010 0.060045 0.000010 0.033304 0.171449 0.573008 0.000010
0.050467 0.000010 0.082623 0.177513 0.000010 0.017343 0.137841 0.462850 0.071343
0.236646 0.013034 0.067260 0.037001 0.000010 0.017988 0.087769 0.540281 0.000010
0.165352 0.000624 0.000010 0.071748 0.105584 0.020929 0.114043 0.521700 0.000010
0.215051 0.000010 0.000010 0.000010 0.000010 0.000010 0.206793 0.517094 0.061012
0.130179 0.105057 0.000010 0.000010 0.000010 0.003392 0.165521 0.539769 0.056052
0.198442 0.170909 0.000010 0.049276 0.000010 0.000010 0.127010 0.454323 0.000010
0.132006 0.000010 0.025617 0.000010 0.035488 0.000010 0.399241 0.407607 0.000010
0.240063 0.000010 0.000010 0.000010 0.000010 0.051846 0.175408 0.527285 0.005358
0.140965 0.016133 0.025522 0.071039 0.076826 0.000010 0.144463 0.494741 0.030301
0.224652 0.028274 0.043330 0.223265 0.015727 0.000010 0.071173 0.393560 0.000010
0.303970 0.000010 0.131173 0.134707 0.000010 0.000010 0.043788 0.386322 0.000010
0.156143 0.000010 0.000010 0.215934 0.140401 0.000010 0.112214 0.375268 0.000010
0.176863 0.000010 0.028021 0.179272 0.056254 0.020642 0.078329 0.440156 0.020452
0.158694 0.000010 0.000010 0.012612 0.025296 0.038572 0.288149 0.476648 0.000010
0.131271 0.000010 0.018748 0.093471 0.045990 0.029331 0.172737 0.508432 0.000010
0.263763 0.000010 0.075801 0.066314 0.000010 0.013863 0.191002 0.389226 0.000010
0.262371 0.000010 0.000010 0.079213 0.000010 0.035561 0.083187 0.539628 0.000010
0.020667 0.051261 0.000010 0.187632 0.055628 0.000010 0.155945 0.528837 0.000010
0.280669 0.000010 0.000010 0.118684 0.000010 0.000010 0.061668 0.433088 0.105851
0.338774 0.069795 0.076176 0.077847 0.000010 0.000010 0.009067 0.428311 0.000010
0.092226 0.009061 0.058515 0.187224 0.021995 0.000010 0.191146 0.439813 0.000010
0.217612 0.000010 0.000010 0.128238 0.066937 0.000010 0.121000 0.466172 0.000010
0.239239 0.000010 0.041329 0.107370 0.000010 0.000010 0.120789 0.483728 0.007515
0.108319 0.028279 0.004502 0.229186 0.000010 0.000010 0.145044 0.484640 0.000010
0.248092 0.120747 0.000010 0.034821 0.071102 0.000010 0.009674 0.469330 0.046214
0.300590 0.000010 0.000010 0.099980 0.059508 0.002744 0.068232 0.468915 0.000010
0.272567 0.016054 0.018983 0.000010 0.123437 0.004611 0.141909 0.422420 0.000010
0.189079 0.000010 0.104596 0.206408 0.090830 0.059487 0.000010 0.321601 0.027979
0.404679 0.006222 0.000010 0.141482 0.032815 0.000010 0.066946 0.347826 0.000010
0.300565 0.000010 0.030063 0.000010 0.187078 0.010865 0.093936 0.377464 0.000010
0.111026 0.092315 0.136703 0.174280 0.000010 0.009746 0.159218 0.316692 0.000010
0.211238 0.004335 0.038226 0.143281 0.041860 0.000010 0.000010 0.457997 0.103042
0.181506 0.044473 0.000010 0.136120 0.053338 0.000010 0.182601 0.401933 0.000010
0.293150 0.000010 0.095805 0.000010 0.075167 0.000010 0.044941 0.490897 0.000010
0.043323 0.000010 0.096684 0.245347 0.000010 0.000010 0.124390 0.407608 0.082619
0.206006 0.039551 0.000010 0.206205 0.066110 0.069666 0.099958 0.312483 0.000010
0.266085 0.070351 0.034896 0.000010 0.002322 0.000010 0.096608 0.529709 0.000010
0.350743 0.049991 0.074407 0.143403 0.000010 0.000010 0.049244 0.332182 0.000010
0.334999 0.020197 0.016698 0.049808 0.100563 0.009944 0.099478 0.368304 0.000010
0.010773 0.067347 0.000010 0.205886 0.000010 0.015146 0.113388 0.587429 0.000010
0.206104 0.000010 0.012909 0.062656 0.011011 0.000010 0.179470 0.527822 0.000010
0.138252 0.069140 0.099656 0.000010 0.034517 0.005143 0.194309 0.458962 0.000010
0.319504 0.000010 0.080113 0.000010 0.000010 0.033445 0.142275 0.424624 0.000010
0.342674 0.002882 0.044473 0.000010 0.085490 0.000010 0.152323 0.372127 0.000010
0.252549 0.012610 0.016275 0.051086 0.037248 0.000010 0.168619 0.461593 0.000010
0.310783 0.043808 0.000010 0.090282 0.035571 0.000010 0.099033 0.420493 0.000010
0.179353 0.093024 0.036595 0.000010 0.053720 0.044899 0.078934 0.513456 0.000010
0.098444 0.000010 0.080747 0.209861 0.035027 0.000010 0.105426 0.470465 0.000010
0.255888 0.083077 0.000010 0.210351 0.034699 0.000010 0.103171 0.312785 0.000010
0.209475 0.049182 0.000010 0.183293 0.072802 0.012706 0.000010 0.472512 0.000010
0.334852 0.047717 0.000010 0.000607 0.000010 0.000010 0.089057 0.527727 0.000010
0.288916 0.000010 0.000010 0.040216 0.000010 0.000010 0.126925 0.543893 0.000010
0.080625 0.014936 0.240736 0.144974 0.000010 0.024033 0.106369 0.388307 0.000010
0.245771 0.000010 0.041678 0.112265 0.074326 0.025943 0.000010 0.499987 0.000010
0.217786 0.000010 0.113045 0.003392 0.000010 0.000010 0.193822 0.471915 0.000010
0.184262 0.176079 0.005775 0.079980 0.000010 0.000010 0.060654 0.493220 0.000010
0.040071 0.000010 0.102941 0.383752 0.000010 0.000010 0.117347 0.355849 0.000010
0.208054 0.000010 0.074440 0.094333 0.000010 0.006752 0.112436 0.503955 0.000010
0.169971 0.037888 0.075686 0.000010 0.000010 0.000010 0.138967 0.577447 0.000010
0.228976 0.000010 0.088446 0.040803 0.059904 0.000010 0.145155 0.421772 0.014924
0.000010 0.032510 0.068990 0.204422 0.114822 0.007910 0.093934 0.477392 0.000010
0.082421 0.051498 0.021081 0.053803 0.045373 0.073359 0.126337 0.546118 0.000010
0.135997 0.063627 0.104438 0.220190 0.000010 0.000010 0.072699 0.403019 0.000010
0.180385 0.000010 0.052612 0.131429 0.000010 0.000010 0.243205 0.392329 0.000010
0.239063 0.007199 0.126355 0.070226 0.006916 0.044351 0.070535 0.398048 0.037306
0.307885 0.068282 0.003512 0.027777 0.109052 0.000010 0.043851 0.398363 0.041268
0.159949 0.000010 0.000010 0.189985 0.071266 0.034992 0.082921 0.460858 0.000010
0.265821 0.128683 0.000010 0.057531 0.040750 0.000010 0.081643 0.421144 0.004408
0.328170 0.000010 0.039102 0.064186 0.000010 0.000010 0.095920 0.438462 0.034129
0.150273 0.056275 0.000010 0.033266 0.031500 0.000010 0.129765 0.553767 0.045133
0.132600 0.048057 0.091660 0.022001 0.000010 0.032985 0.101061 0.571617 0.000010
0.088618 0.004458 0.142491 0.090227 0.074148 0.053771 0.089911 0.445487 0.010889
0.129896 0.000010 0.000010 0.127925 0.043502 0.000010 0.116982 0.581654 0.000010
0.176257 0.017768 0.077368 0.162409 0.040140 0.024482 0.117964 0.383601 0.000010
0.225305 0.000010 0.044379 0.089976 0.095368 0.008954 0.135134 0.400864 0.000010
0.174388 0.062544 0.026453 0.132462 0.000010 0.000010 0.154009 0.450114 0.000010
0.125212 0.000010 0.021495 0.213636 0.000010 0.000010 0.164651 0.461419 0.013558
0.000010 0.000010 0.009613 0.000010 0.000010 0.532903 0.000010 0.000010 0.457424
0.000010 0.000010 0.000010 0.000010 0.000010 0.460602 0.033478 0.008123 0.497747
0.000010 0.037339 0.000010 0.000010 0.000010 0.428496 0.000010 0.000010 0.534106
0.000010 0.000010 0.000010 0.000010 0.024928 0.442345 0.000010 0.000010 0.532666
0.000010 0.032263 0.007895 0.000010 0.000010 0.397399 0.000010 0.008826 0.553576
0.000010 0.000010 0.000010 0.000010 0.000010 0.353397 0.081226 0.000010 0.565316
0.000010 0.000010 0.000010 0.000010 0.000010 0.462400 0.000010 0.023598 0.513942
0.000010 0.000010 0.015410 0.000010 0.000010 0.316554 0.000010 0.004884 0.663101
0.000010 0.003610 0.000010 0.000010 0.000010 0.403352 0.000010 0.001180 0.591808
0.000010 0.012716 0.000010 0.000010 0.000010 0.486965 0.000010 0.000010 0.500260
0.000010 0.000010 0.000010 0.000010 0.046289 0.386284 0.000010 0.000010 0.567367
0.000010 0.000010 0.000010 0.000010 0.000010 0.382577 0.000010 0.000010 0.617353
0.000010 0.000010 0.000010 0.000010 0.000010 0.395025 0.031376 0.000010 0.573539
0.000010 0.000010 0.000010 0.000010 0.000010 0.444366 0.030643 0.000010 0.524930
0.000010 0.000010 0.026973 0.000010 0.000010 0.294569 0.011861 0.000010 0.666547
0.000010 0.018381 0.000010 0.000206 0.000010 0.266328 0.003450 0.036258 0.675347
0.000010 0.021564 0.000049 0.000010 0.005116 0.335828 0.005395 0.011515 0.620513
0.000010 0.000010 0.000010 0.000010 0.000010 0.509998 0.010386 0.000010 0.479557
0.000010 0.000010 0.000010 0.048850 0.021586 0.273849 0.003091 0.000010 0.652584
0.000010 0.000010 0.000010 0.000010 0.000010 0.387283 0.000010 0.000010 0.612647
0.000010 0.000010 0.000010 0.005051 0.000010 0.445948 0.028059 0.022890 0.498011
0.000010 0.000010 0.000010 0.000010 0.000010 0.216398 0.000010 0.010702 0.772840
0.000010 0.020069 0.000010 0.000010 0.000010 0.406741 0.000010 0.000010 0.573130
0.000010 0.000019 0.000010 0.000010 0.062095 0.456964 0.000010 0.000010 0.480873
0.000010 0.000010 0.000010 0.000010 0.000010 0.435242 0.016494 0.000010 0.548204
0.000010 0.000010 0.000010 0.000010 0.000010 0.460823 0.000010 0.000010 0.539107
0.000010 0.000010 0.000010 0.000010 0.021606 0.387049 0.001847 0.000010 0.589448
0.000010 0.000010 0.000010 0.000010 0.041968 0.347986 0.000010 0.000010 0.609986
0.000010 0.000010 0.000010 0.006046 0.821160 0.000010 0.172734 0.000010 0.000010
0.361305 0.026156 0.122542 0.286610 0.036028 0.003234 0.014616 0.102977 0.046531
0.557961 0.040106 0.000010 0.111035 0.030995 0.000010 0.017180 0.188328 0.054376
0.517044 0.000010 0.043087 0.236569 0.000010 0.000010 0.000010 0.173505 0.029754
0.388921 0.036251 0.073571 0.310906 0.016149 0.000010 0.000010 0.172129 0.002053
0.371986 0.000010 0.000010 0.319154 0.000010 0.000010 0.043185 0.265625 0.000010
0.311767 0.000192 0.092850 0.309998 0.075542 0.000010 0.000010 0.209622 0.000010
0.324505 0.000010 0.003009 0.358220 0.026907 0.000010 0.000010 0.224604 0.062725
0.481913 0.064128 0.034258 0.288735 0.005327 0.000010 0.028765 0.096854 0.000010
0.395623 0.003140 0.000010 0.345754 0.000010 0.000010 0.000010 0.244761 0.010682
0.290830 0.006894 0.048382 0.375264 0.000010 0.000010 0.040257 0.181696 0.056657
0.306502 0.000010 0.000010 0.365023 0.000010 0.000010 0.098197 0.230229 0.000010
0.446604 0.000010 0.050404 0.177531 0.000010 0.029156 0.104916 0.191359 0.000010
0.512825 0.003614 0.007589 0.186429 0.000010 0.000535 0.049509 0.239479 0.000010
0.552348 0.000010 0.000010 0.136084 0.127717 0.000010 0.000010 0.183801 0.000010
0.506807 0.017222 0.031690 0.226046 0.034774 0.000010 0.000010 0.147385 0.036056
0.451486 0.000010 0.002859 0.255097 0.048852 0.031008 0.035486 0.175193 0.000010
0.400684 0.109786 0.000010 0.283642 0.000010 0.001027 0.006877 0.197953 0.000010
0.367142 0.000010 0.000010 0.286448 0.000010 0.012722 0.042681 0.274124 0.016854
0.463454 0.000010 0.000010 0.262687 0.064412 0.000010 0.042615 0.139817 0.026985
0.335423 0.000010 0.000010 0.380209 0.000010 0.046333 0.000010 0.237985 0.000010
0.377273 0.000010 0.007040 0.367504 0.000010 0.000010 0.088931 0.159212 0.000010
0.361123 0.050684 0.000010 0.368600 0.000010 0.000010 0.000010 0.219543 0.000010
0.119778 0.011753 0.000010 0.406485 0.004855 0.036418 0.026797 0.365169 0.028735
0.195533 0.057595 0.000010 0.451032 0.009468 0.017500 0.000010 0.248595 0.020257
0.396525 0.000010 0.000010 0.357331 0.000010 0.032336 0.000010 0.213758 0.000010
0.487157 0.000010 0.051821 0.170650 0.000010 0.000010 0.053217 0.179953 0.057173
0.513366 0.000010 0.000010 0.179713 0.067849 0.000989 0.028262 0.209791 0.000010
0.471259 0.000010 0.000010 0.259287 0.063230 0.016856 0.000010 0.175177 0.014161
0.000010 0.018576 0.000010 0.015644 0.963697 0.000015 0.000010 0.002028 0.000010
0.017104 0.026076 0.000010 0.025573 0.907007 0.016643 0.000010 0.007567 0.000010
0.000010 0.000010 0.000010 0.000010 0.931484 0.000010 0.000010 0.052039 0.016417
0.000010 0.024381 0.000010 0.013908 0.955993 0.000010 0.000010 0.000010 0.005669
0.000010 0.000010 0.017886 0.008782 0.767696 0.019316 0.116607 0.069683 0.000010
0.000010 0.000010 0.000010 0.000010 0.974024 0.000010 0.000010 0.000010 0.025906
0.000010 0.000010 0.000010 0.000010 0.948066 0.007284 0.025988 0.018612 0.000010
0.000010 0.000010 0.000010 0.000010 0.926040 0.014203 0.030144 0.016382 0.013191
0.000019 0.000010 0.000012 0.000010 0.999909 0.000010 0.000010 0.000010 0.000010
0.000010 0.021162 0.000010 0.000010 0.956509 0.000010 0.022269 0.000010 0.000010
0.000010 0.000010 0.000010 0.000010 0.963413 0.019994 0.016534 0.000010 0.000010
0.010546 0.027375 0.000010 0.000010 0.962018 0.000010 0.000010 0.000010 0.000010
0.000010 0.009828 0.000010 0.000010 0.990096 0.000016 0.000010 0.000010 0.000010
0.000010 0.000010 0.000010 0.000010 0.948786 0.000010 0.051144 0.000010 0.000010
0.000010 0.028113 0.000010 0.000010 0.965161 0.001380 0.005296 0.000010 0.000010
0.000010 0.008689 0.000010 0.000010 0.950726 0.000010 0.040525 0.000010 0.000010
0.000010 0.000010 0.042232 0.029304 0.912232 0.000010 0.000010 0.016181 0.000010
0.456600 0.042174 0.005999 0.114931 0.000010 0.000010 0.028449 0.326571 0.025256
0.547061 0.000010 0.000010 0.000010 0.037971 0.000010 0.055814 0.359104 0.000010
0.607760 0.003082 0.033544 0.183031 0.000010 0.005900 0.000010 0.135599 0.031064
0.515835 0.000010 0.000010 0.019018 0.000010 0.000010 0.033257 0.273871 0.157978
0.656307 0.000010 0.000010 0.052154 0.000010 0.058530 0.000010 0.232959 0.000010
0.463740 0.000010 0.000010 0.214626 0.012759 0.055573 0.000010 0.253262 0.000010
0.711609 0.000010 0.000010 0.066147 0.000010 0.024839 0.000010 0.197355 0.000010
0.558905 0.017985 0.000010 0.115582 0.052352 0.000010 0.000010 0.255135 0.000010
0.575042 0.059279 0.010244 0.000010 0.008926 0.000010 0.004799 0.327405 0.014286
0.691897 0.000010 0.000010 0.070180 0.031169 0.000010 0.000010 0.155754 0.050960
0.645594 0.000010 0.000010 0.001497 0.000010 0.000010 0.000010 0.331767 0.021092
0.565058 0.015081 0.003059 0.133305 0.068730 0.015705 0.000010 0.178532 0.020520
0.572308 0.074276 0.000010 0.018864 0.009469 0.000415 0.000010 0.279205 0.045443
0.582720 0.000010 0.000010 0.084214 0.000010 0.000964 0.000010 0.273032 0.059029
0.539248 0.000010 0.000010 0.093944 0.000010 0.000010 0.000010 0.271912 0.094847
0.663737 0.000010 0.088513 0.003130 0.006184 0.000010 0.000010 0.199629 0.038776
0.611502 0.016261 0.000010 0.091940 0.000010 0.000010 0.002444 0.277813 0.000010
0.682719 0.000010 0.000010 0.000010 0.090192 0.000010 0.000010 0.227029 0.000010
0.557613 0.000010 0.056368 0.030663 0.000010 0.008617 0.041720 0.188322 0.116677
0.648427 0.005920 0.000010 0.000010 0.062279 0.038215 0.012433 0.175904 0.056802
0.518329 0.000010 0.000010 0.169602 0.000010 0.000010 0.051982 0.260037 0.000010
0.644508 0.035173 0.073598 0.010644 0.000010 0.075931 0.000010 0.160117 0.000010
0.609649 0.000010 0.000010 0.000010 0.012700 0.000010 0.127130 0.249629 0.000852
0.538139 0.000010 0.080982 0.081670 0.003256 0.000010 0.016297 0.271720 0.007917
0.538675 0.003603 0.040074 0.086090 0.020418 0.000010 0.000010 0.261951 0.049169
0.647604 0.042370 0.000010 0.004233 0.033396 0.000010 0.052178 0.197157 0.023042
0.665521 0.000010 0.116930 0.000010 0.064006 0.000010 0.000010 0.153493 0.000010
0.533148 0.000010 0.000010 0.000010 0.070380 0.002885 0.000010 0.393538 0.000010
0.580481 0.000010 0.024626 0.066964 0.000010 0.000010 0.000010 0.252804 0.075085
0.589184 0.000010 0.000010 0.000010 0.097781 0.015761 0.000010 0.268171 0.029063
0.542388 0.018535 0.000010 0.031482 0.000010 0.000010 0.124769 0.282786 0.000010
0.708378 0.000010 0.000010 0.103110 0.000010 0.000010 0.000010 0.185680 0.002781
0.600844 0.000010 0.000010 0.173184 0.000010 0.000010 0.050175 0.157920 0.017838
0.506919 0.000010 0.008688 0.131364 0.049036 0.020401 0.000010 0.283562 0.000010
0.450560 0.072169 0.000010 0.123921 0.022938 0.000010 0.090011 0.240371 0.000010
0.662240 0.000010 0.000010 0.000010 0.030651 0.000010 0.073539 0.233521 0.000010
0.546977 0.007754 0.118628 0.156502 0.000010 0.000010 0.000010 0.111472 0.058637
0.644138 0.017363 0.000010 0.000010 0.032142 0.006261 0.000010 0.300057 0.000010
0.440591 0.000010 0.027253 0.023452 0.064297 0.000010 0.103787 0.340590 0.000010
0.384033 0.072151 0.056916 0.194002 0.000010 0.041274 0.000010 0.251595 0.000010
0.557520 0.000010 0.000010 0.096585 0.000010 0.000010 0.000010 0.271794 0.074051
0.510234 0.000449 0.000010 0.107522 0.049625 0.000992 0.000010 0.196914 0.134244
0.477001 0.022432 0.000010 0.000010 0.000010 0.000010 0.102451 0.241164 0.156911
0.620625 0.000010 0.095128 0.120140 0.000010 0.025761 0.071524 0.037724 0.029077
0.598933 0.000010 0.022476 0.048940 0.063684 0.031543 0.010186 0.224217 0.000010
0.747667 0.000010 0.030666 0.001199 0.000010 0.033810 0.000010 0.180421 0.006207
0.398130 0.023134 0.000010 0.026307 0.000010 0.083188 0.065381 0.270522 0.133318
0.665681 0.000010 0.058636 0.047389 0.000010 0.039745 0.033358 0.140379 0.014791
0.619386 0.000010 0.000010 0.000010 0.006290 0.000010 0.000010 0.317230 0.057044
0.593451 0.004991 0.066438 0.000010 0.000010 0.045852 0.101265 0.119656 0.068326
0.314100 0.028734 0.013367 0.164744 0.000010 0.041901 0.027745 0.349237 0.060163
0.607829 0.000010 0.000010 0.091056 0.047256 0.000010 0.000010 0.220284 0.033534
0.638128 0.000010 0.051931 0.065589 0.000010 0.067613 0.000010 0.112341 0.064368
0.701284 0.000010 0.000010 0.000010 0.036298 0.042292 0.000010 0.220076 0.000010
0.579510 0.000010 0.000010 0.055191 0.084452 0.031122 0.000010 0.197667 0.052027
0.043541 0.084696 0.005284 0.026328 0.000010 0.101291 0.034711 0.025729 0.678411
0.557816 0.114196 0.000010 0.050884 0.000010 0.000010 0.000010 0.156913 0.120150
0.594482 0.000010 0.000010 0.092790 0.063435 0.034441 0.000010 0.214812 0.000010
0.623435 0.000010 0.000010 0.053430 0.000010 0.028162 0.030696 0.232625 0.031623
0.470663 0.000010 0.031992 0.005538 0.000010 0.000010 0.113689 0.207370 0.170716
0.555514 0.102973 0.000010 0.000010 0.000010 0.103067 0.070548 0.167857 0.000010
0.521934 0.000010 0.026894 0.009002 0.000010 0.033239 0.000010 0.161258 0.247644
0.503913 0.078509 0.066722 0.039819 0.000010 0.018753 0.000010 0.198549 0.093714
0.541185 0.040775 0.000010 0.120037 0.031199 0.016249 0.000010 0.222114 0.028421
0.618499 0.013393 0.000010 0.000010 0.037302 0.032323 0.090909 0.189950 0.017603
0.634470 0.000010 0.013772 0.044243 0.000010 0.009636 0.000010 0.270459 0.027390
0.467049 0.000010 0.000010 0.094492 0.029854 0.043740 0.000010 0.167070 0.197765
0.541083 0.000010 0.000010 0.022333 0.000010 0.000010 0.087708 0.168017 0.180820
0.499622 0.017874 0.000010 0.000010 0.017778 0.079302 0.081159 0.167377 0.136867
0.651885 0.029391 0.012826 0.001382 0.000010 0.000010 0.000010 0.195973 0.108513
0.569295 0.000076 0.026528 0.070737 0.000010 0.013000 0.022936 0.277162 0.020255
0.513435 0.024356 0.040730 0.050675 0.031908 0.000010 0.038019 0.239746 0.061121
0.688869 0.000010 0.086633 0.008917 0.000010 0.000010 0.034815 0.096606 0.084129
0.509369 0.009782 0.000010 0.074717 0.023571 0.035672 0.000010 0.239727 0.107143
0.657288 0.000010 0.041778 0.000010 0.000010 0.000010 0.018643 0.271478 0.010773
0.559092 0.039693 0.000010 0.056578 0.000010 0.122952 0.041746 0.179908 0.000010
0.502261 0.000010 0.000010 0.146680 0.022710 0.083767 0.072731 0.171821 0.000010
0.549268 0.000010 0.000010 0.234439 0.000010 0.000010 0.042575 0.116761 0.056917
0.533458 0.000010 0.000010 0.183445 0.021192 0.016958 0.000010 0.204664 0.040253
0.719654 0.000010 0.000010 0.000010 0.057531 0.000010 0.056304 0.135895 0.030575
0.606442 0.052843 0.000010 0.000010 0.114004 0.039513 0.000010 0.186228 0.000940
0.565029 0.000010 0.000010 0.167738 0.013057 0.002720 0.002631 0.046432 0.202373
0.397229 0.000010 0.035590 0.115758 0.000010 0.016521 0.038826 0.331631 0.064424
0.570683 0.001909 0.016628 0.029062 0.019242 0.084303 0.021296 0.248730 0.008147
0.621095 0.000010 0.048269 0.000010 0.000010 0.000010 0.062617 0.267969 0.000010
0.558512 0.033112 0.006833 0.000010 0.000010 0.000010 0.000010 0.230925 0.170578
0.487228 0.000010 0.005935 0.051904 0.000010 0.071972 0.045746 0.232045 0.105151
0.000010 0.037955 0.000010 0.000010 0.836126 0.000010 0.125858 0.000010 0.000010
0.013290 0.000010 0.005454 0.000010 0.913790 0.012946 0.054480 0.000010 0.000010
0.000010 0.028610 0.000010 0.000010 0.947757 0.000010 0.023573 0.000010 0.000010
0.022141 0.000010 0.013591 0.000010 0.739057 0.000010 0.225161 0.000010 0.000010
0.000010 0.006576 0.000010 0.000010 0.885888 0.000010 0.107475 0.000010 0.000010
0.000010 0.037152 0.016968 0.011114 0.798881 0.000010 0.135845 0.000010 0.000010
0.032098 0.000010 0.000010 0.000010 0.778691 0.000010 0.189151 0.000010 0.000010
0.484744 0.003892 0.000010 0.239352 0.024410 0.000010 0.088725 0.158847 0.000010
0.551162 0.000010 0.015731 0.279813 0.070342 0.006601 0.076321 0.000010 0.000010
0.572566 0.000010 0.068103 0.167781 0.008151 0.000010 0.003897 0.179472 0.000010
0.688671 0.000010 0.020791 0.107890 0.082659 0.022350 0.000010 0.067619 0.010000
0.548150 0.000010 0.000010 0.202990 0.040269 0.019159 0.003700 0.185702 0.000010
0.630622 0.000010 0.008725 0.246399 0.000010 0.058589 0.000010 0.055625 0.000010
0.672335 0.000010 0.000010 0.002603 0.051463 0.046734 0.000010 0.193750 0.033085
0.633114 0.022952 0.000010 0.136102 0.007711 0.000010 0.068904 0.131187 0.000010
0.499202 0.000010 0.000010 0.281808 0.032111 0.000010 0.000010 0.181774 0.005065
0.611112 0.000010 0.000010 0.204146 0.009319 0.000010 0.022160 0.122153 0.031080
0.606027 0.003156 0.000010 0.110558 0.000010 0.000010 0.000010 0.252451 0.027767
0.477724 0.000010 0.001800 0.188456 0.088853 0.053733 0.027827 0.069749 0.091848
0.598804 0.004516 0.000010 0.075325 0.015525 0.081087 0.000010 0.224713 0.000010
0.437194 0.000010 0.000010 0.062913 0.142328 0.023298 0.007514 0.326722 0.000010
0.674099 0.017581 0.016621 0.016712 0.000010 0.000010 0.000010 0.241466 0.033490
0.561005 0.000010 0.000010 0.000010 0.000010 0.052342 0.120408 0.203148 0.063056
0.533945 0.104653 0.000010 0.042438 0.000010 0.000010 0.077116 0.241808 0.000010
0.467717 0.062455 0.000010 0.061649 0.013176 0.000010 0.024115 0.270812 0.100056
0.582382 0.000010 0.000010 0.037789 0.000010 0.000010 0.062866 0.239277 0.077646
0.815627 0.032476 0.000010 0.000010 0.000010 0.000010 0.042755 0.109092 0.000010
0.649209 0.000010 0.000010 0.000010 0.000010 0.004792 0.068381 0.149704 0.127874
0.544775 0.006219 0.000010 0.000010 0.003957 0.000010 0.181856 0.263153 0.000010
0.656053 0.016411 0.021568 0.028343 0.021020 0.000010 0.009381 0.112953 0.134262
0.470413 0.000010 0.022442 0.000010 0.088002 0.037121 0.000010 0.334360 0.047633
0.511324 0.047646 0.013229 0.142684 0.000010 0.089404 0.000010 0.189878 0.005814
0.470097 0.070234 0.009910 0.003120 0.069315 0.000010 0.012045 0.292603 0.072666
0.554223 0.000010 0.000010 0.003419 0.002742 0.050033 0.000010 0.209138 0.180414
0.467558 0.000010 0.000010 0.090213 0.009573 0.043849 0.047349 0.252384 0.089055
0.584804 0.000010 0.000010 0.104899 0.007415 0.012042 0.030483 0.260328 0.000010
0.466151 0.074700 0.000010 0.177476 0.000010 0.000010 0.000010 0.281623 0.000010
0.475548 0.000010 0.000010 0.144470 0.000010 0.000010 0.000010 0.313925 0.066007
0.519312 0.019679 0.026579 0.040629 0.043571 0.104781 0.021060 0.112621 0.111769
0.589514 0.000010 0.000010 0.203718 0.023263 0.000010 0.000010 0.151704 0.031760
0.582526 0.000010 0.131281 0.000010 0.016987 0.000010 0.028170 0.240996 0.000010
0.648989 0.000010 0.000010 0.031641 0.000010 0.029586 0.000010 0.251105 0.038639
0.000010 0.938070 0.022154 0.000010 0.028476 0.011250 0.000010 0.000010 0.000010
0.000010 0.840329 0.092947 0.000010 0.000010 0.024631 0.000010 0.042044 0.000010
0.000010 0.989108 0.000010 0.000010 0.000010 0.000010 0.000010 0.000010 0.010822
0.000010 0.950397 0.049533 0.000010 0.000010 0.000010 0.000010 0.000010 0.000010
0.000010 0.000195 0.365371 0.003595 0.000010 0.002472 0.453462 0.174875 0.000010
0.085936 0.076003 0.533900 0.000010 0.000010 0.001503 0.289649 0.004222 0.008766
0.013094 0.101508 0.432030 0.010540 0.049511 0.000010 0.369943 0.023354 0.000010
0.000010 0.056643 0.468835 0.133746 0.000010 0.000010 0.340726 0.000010 0.000010
0.000010 0.000010 0.472707 0.000010 0.114169 0.000010 0.403951 0.009123 0.000010
0.010912 0.051734 0.473821 0.000010 0.102878 0.000010 0.360615 0.000010 0.000010
0.000010 0.081236 0.376831 0.000010 0.058941 0.000010 0.360073 0.122879 0.000010
0.000010 0.000010 0.455338 0.000010 0.077642 0.014047 0.450569 0.000010 0.002364
0.000010 0.054023 0.348545 0.015918 0.062509 0.015231 0.388532 0.101514 0.013718
0.000010 0.097040 0.458371 0.000010 0.056202 0.038804 0.286726 0.062827 0.000010
0.584393 0.000010 0.000010 0.084543 0.000010 0.000010 0.000010 0.292377 0.038637
0.633671 0.015208 0.033546 0.000010 0.013110 0.066588 0.005271 0.232587 0.000010
0.452772 0.000010 0.000010 0.212398 0.000010 0.022733 0.071730 0.240327 0.000010
0.533149 0.000010 0.041796 0.111839 0.000010 0.032974 0.002097 0.278116 0.000010
0.344092 0.098932 0.029867 0.255489 0.028407 0.000010 0.014595 0.036869 0.191740
0.650381 0.000010 0.012519 0.100736 0.000010 0.000010 0.015307 0.144067 0.076960
0.662522 0.000010 0.000010 0.000010 0.000010 0.000010 0.000010 0.179048 0.158370
0.605029 0.000010 0.000010 0.099383 0.056441 0.000010 0.004973 0.234135 0.000010
0.457878 0.000010 0.000010 0.106668 0.076721 0.043782 0.000010 0.265496 0.049426
0.626449 0.068386 0.018530 0.082496 0.000010 0.035202 0.000010 0.151426 0.017492
0.498466 0.000010 0.015384 0.122638 0.026399 0.008113 0.000010 0.280327 0.048652
0.536157 0.000010 0.000010 0.045501 0.000010 0.000010 0.025125 0.219309 0.173867
0.461935 0.000010 0.022536 0.000010 0.000010 0.087146 0.118754 0.309588 0.000010
0.569656 0.000010 0.000010 0.107588 0.000010 0.112101 0.008948 0.187555 0.014123
0.607121 0.000010 0.000010 0.054650 0.000010 0.039436 0.000010 0.298743 0.000010
0.554888 0.000010 0.000010 0.001009 0.045434 0.071544 0.007959 0.272412 0.046733
0.564520 0.007536 0.000010 0.000010 0.021004 0.000010 0.107647 0.236176 0.063085
0.657134 0.018705 0.003500 0.000010 0.000010 0.000010 0.000010 0.219110 0.101511
0.634663 0.000010 0.058116 0.010035 0.001477 0.028739 0.102759 0.163592 0.000609
0.547421 0.019359 0.009848 0.062453 0.050326 0.033426 0.000010 0.257081 0.020078
0.556745 0.000010 0.000010 0.000010 0.000010 0.000010 0.000010 0.302448 0.140747
0.000010 0.069595 0.632258 0.000010 0.000010 0.000010 0.212206 0.000010 0.085891
0.000010 0.046568 0.679255 0.033754 0.000010 0.013016 0.198273 0.029103 0.000010
0.000010 0.035113 0.723412 0.070413 0.000010 0.000010 0.159473 0.011549 0.000010
0.043602 0.000010 0.583532 0.000010 0.000010 0.052543 0.320273 0.000010 0.000010
0.000010 0.074585 0.732265 0.000010 0.000010 0.000010 0.193091 0.000010 0.000010
0.003671 0.000010 0.615379 0.032435 0.000010 0.000010 0.344303 0.004172 0.000010
0.000010 0.000010 0.707905 0.000010 0.062771 0.000010 0.175209 0.053616 0.000460
0.066113 0.000010 0.659057 0.000010 0.000010 0.000010 0.254271 0.020509 0.000010
0.000010 0.109017 0.627751 0.000010 0.000010 0.000010 0.256906 0.000010 0.006275
0.000010 0.000010 0.686929 0.000010 0.023657 0.000010 0.275802 0.002447 0.011126
0.000010 0.013304 0.729697 0.000010 0.017764 0.008903 0.230292 0.000010 0.000010
0.000010 0.075445 0.617058 0.000010 0.020292 0.000010 0.287154 0.000010 0.000010
0.000010 0.085133 0.614623 0.000010 0.000010 0.000010 0.300185 0.000010 0.000010
0.000010 0.027423 0.689557 0.000010 0.000010 0.000010 0.282960 0.000010 0.000010
0.000010 0.141728 0.552744 0.000010 0.000010 0.000010 0.305468 0.000010 0.000010
0.000010 0.000010 0.742702 0.017557 0.045047 0.002038 0.176272 0.016354 0.000010
0.000010 0.000010 0.660616 0.000010 0.038375 0.000010 0.240862 0.060098 0.000010
0.000010 0.009627 0.623783 0.000010 0.032828 0.017855 0.315866 0.000010 0.000010
0.058308 0.000010 0.616095 0.000010 0.000010 0.036794 0.288754 0.000010 0.000010
0.000010 0.004417 0.628535 0.000010 0.017670 0.025456 0.323883 0.000010 0.000010
0.000010 0.000010 0.577752 0.000010 0.095643 0.016571 0.240271 0.015636 0.054096
0.000010 0.000010 0.745804 0.000010 0.033501 0.000010 0.220635 0.000010 0.000010
0.000010 0.000010 0.608070 0.000010 0.045037 0.000010 0.346834 0.000010 0.000010
0.000010 0.002048 0.717617 0.000010 0.060907 0.000010 0.219379 0.000010 0.000010
0.005247 0.000010 0.743568 0.024662 0.000010 0.000010 0.200596 0.000010 0.025887
0.000010 0.118597 0.547225 0.000010 0.108056 0.000010 0.180549 0.045534 0.000010
0.034357 0.001539 0.529948 0.000010 0.014458 0.000010 0.379051 0.040618 0.000010
0.023446 0.085716 0.501558 0.000010 0.000010 0.000010 0.389230 0.000010 0.000010
0.039361 0.059065 0.544206 0.000010 0.000010 0.000010 0.347650 0.009678 0.000010
0.000010 0.000010 0.617017 0.005684 0.032225 0.000010 0.314643 0.030390 0.000010
0.000010 0.148675 0.556537 0.011725 0.048838 0.000010 0.234185 0.000010 0.000010
0.022628 0.044805 0.658640 0.000010 0.009842 0.000010 0.264045 0.000010 0.000010
0.000010 0.047935 0.567060 0.000010 0.000010 0.000010 0.367833 0.000010 0.017122
0.000010 0.000010 0.610616 0.000010 0.000010 0.039949 0.349375 0.000010 0.000010
0.039053 0.028692 0.694009 0.000010 0.000010 0.016646 0.221559 0.000010 0.000010
0.007110 0.020431 0.649895 0.013840 0.000010 0.000010 0.308684 0.000010 0.000010
0.030763 0.018314 0.580345 0.012992 0.000010 0.035527 0.192950 0.129089 0.000010
0.000010 0.000010 0.545880 0.000010 0.012361 0.000010 0.441698 0.000010 0.000010
0.045026 0.058408 0.593001 0.000010 0.052151 0.000010 0.251373 0.000010 0.000010
0.000010 0.000010 0.000010 0.000010 0.791132 0.000010 0.208798 0.000010 0.000010
0.000010 0.000010 0.000010 0.000010 0.984744 0.000010 0.006272 0.008924 0.000010
0.000010 0.000010 0.719877 0.000010 0.000010 0.007828 0.272235 0.000010 0.000010
0.000010 0.000010 0.702027 0.000010 0.049808 0.043488 0.197448 0.007188 0.000010
0.411119 0.000010 0.117423 0.092230 0.022403 0.078790 0.000010 0.242615 0.035399
0.448093 0.012553 0.028165 0.256537 0.000010 0.000010 0.015063 0.236882 0.002688
0.365386 0.000010 0.000010 0.265316 0.043981 0.000010 0.000010 0.325267 0.000010
0.367350 0.075023 0.000010 0.317216 0.076739 0.000010 0.000010 0.163631 0.000010
0.389897 0.062310 0.000010 0.319315 0.000010 0.000010 0.000010 0.194000 0.034439
0.520424 0.000010 0.001325 0.199630 0.065916 0.055197 0.000010 0.157478 0.000010
0.335767 0.000010 0.051174 0.472196 0.028171 0.009319 0.000010 0.087369 0.015983
0.356492 0.006408 0.000010 0.353129 0.090826 0.000010 0.002389 0.129461 0.061275
0.391013 0.052742 0.000010 0.257626 0.006066 0.030984 0.074054 0.187496 0.000010
0.394210 0.055015 0.000318 0.298334 0.056858 0.000010 0.000010 0.102955 0.092291
0.516998 0.000010 0.093910 0.182995 0.000010 0.001860 0.000010 0.204196 0.000010
0.436013 0.085168 0.090973 0.116512 0.052209 0.000010 0.000010 0.143619 0.075485
0.476103 0.000010 0.006473 0.236286 0.034414 0.066611 0.000010 0.180083 0.000010
0.000010 0.000010 0.642069 0.024309 0.018153 0.000010 0.315418 0.000010 0.000010
0.013372 0.020441 0.608053 0.000010 0.044833 0.000010 0.306989 0.006282 0.000010
0.000010 0.106983 0.525553 0.041671 0.067891 0.000010 0.225934 0.031937 0.000010
0.000010 0.000010 0.665343 0.000010 0.072685 0.013883 0.238424 0.009625 0.000010
0.017336 0.000010 0.555146 0.001715 0.014741 0.000010 0.345455 0.065577 0.000010
0.000010 0.020850 0.601518 0.000010 0.000010 0.000016 0.377566 0.000010 0.000010
0.000149 0.000010 0.527829 0.000010 0.004652 0.026261 0.319193 0.121886 0.000010
0.000010 0.057113 0.534800 0.028292 0.000010 0.028982 0.328600 0.000010 0.022184
0.000010 0.020399 0.619637 0.000010 0.000010 0.000010 0.359904 0.000010 0.000010
0.000010 0.032924 0.703995 0.001132 0.001354 0.011886 0.248679 0.000010 0.000010
0.000010 0.000010 0.789749 0.000010 0.000010 0.000010 0.210181 0.000010 0.000010
0.000010 0.000010 0.633646 0.000010 0.085228 0.031513 0.249564 0.000010 0.000010
