0.217966 0.000010 0.059860 0.007432 0.025356 0.000010 0.090456 0.558139 0.040772
0.254148 0.000010 0.000010 0.063593 0.018416 0.000010 0.157460 0.506343 0.000010
0.315394 0.000010 0.042534 0.000010 0.000010 0.000010 0.197197 0.444825 0.000010
0.361148 0.000010 0.000010 0.000010 0.000010 0.018101 0.154401 0.445013 0.021297
0.429227 0.072315 0.026550 0.010918 0.022199 0.000010 0.058155 0.358937 0.021689
0.207025 0.000010 0.074513 0.000010 0.000010 0.026566 0.000010 0.466622 0.225233
0.153343 0.000010 0.050074 0.171561 0.000010 0.000010 0.107587 0.456966 0.060440
0.264094 0.000010 0.000010 0.090462 0.000010 0.000010 0.115450 0.529944 0.000010
0.163689 0.011167 0.052576 0.049274 0.000010 0.000010 0.155624 0.554158 0.013492
0.439312 0.000010 0.049017 0.073264 0.000010 0.000010 0.169462 0.237236 0.031679
0.237347 0.026337 0.002746 0.070649 0.000010 0.000010 0.098673 0.447684 0.116544
0.150315 0.032693 0.040246 0.000010 0.000010 0.000010 0.211898 0.564808 0.000010
0.180994 0.000010 0.024049 0.000010 0.084165 0.018515 0.063296 0.395520 0.233441
0.206156 0.000010 0.000010 0.015313 0.000010 0.006721 0.101449 0.212269 0.458063
0.250616 0.000010 0.053339 0.292149 0.000010 0.000010 0.030023 0.358833 0.015010
0.198101 0.000010 0.136041 0.020043 0.056225 0.004308 0.011139 0.532285 0.041848
0.320146 0.052058 0.000010 0.000010 0.031346 0.000010 0.103604 0.492806 0.000010
0.266993 0.000010 0.056021 0.000010 0.000010 0.000704 0.078514 0.582195 0.015542
0.120758 0.000010 0.000010 0.116230 0.105302 0.000010 0.162039 0.482444 0.013198
0.335167 0.000010 0.000010 0.065422 0.130993 0.004527 0.083632 0.374631 0.005608
0.267003 0.000010 0.000010 0.000010 0.008253 0.000010 0.087449 0.557563 0.079691
0.191524 0.056004 0.053518 0.159204 0.000010 0.000010 0.059605 0.444292 0.035832
0.100070 0.045480 0.000010 0.053255 0.088333 0.029871 0.100743 0.582228 0.000010
0.209371 0.000010 0.000010 0.158668 0.006336 0.005908 0.017942 0.601745 0.000010
0.514524 0.000010 0.058875 0.000010 0.002805 0.000010 0.074865 0.348891 0.000010
0.459358 0.001110 0.000010 0.000010 0.000010 0.000010 0.115750 0.423731 0.000010
0.303728 0.000010 0.000010 0.000010 0.000010 0.000010 0.205424 0.490789 0.000010
0.047617 0.017173 0.000010 0.000010 0.039054 0.096048 0.162128 0.250348 0.387612
0.330485 0.000010 0.000010 0.019116 0.000010 0.000010 0.096179 0.534653 0.019527
0.251290 0.000010 0.000010 0.000010 0.021285 0.000010 0.085551 0.447306 0.194528
0.228671 0.000010 0.000010 0.000010 0.007324 0.000010 0.151829 0.486000 0.126135
0.479975 0.000167 0.000010 0.000010 0.000010 0.025698 0.109477 0.384643 0.000010
0.458394 0.000010 0.003117 0.000010 0.000010 0.040345 0.118823 0.379282 0.000010
0.244623 0.091036 0.145567 0.104757 0.033059 0.024679 0.101334 0.251122 0.003823
0.285463 0.028033 0.000010 0.000010 0.025004 0.000010 0.185200 0.476260 0.000010
0.193579 0.009313 0.089314 0.074063 0.044063 0.000010 0.064843 0.524805 0.000010
0.465983 0.000010 0.049139 0.016053 0.016770 0.000010 0.113283 0.303347 0.035404
0.351471 0.061754 0.000010 0.000010 0.000010 0.000010 0.133213 0.420936 0.032586
0.270123 0.014598 0.087357 0.000010 0.000010 0.009092 0.145385 0.473415 0.000010
0.416587 0.066211 0.041647 0.000010 0.000010 0.000010 0.227521 0.247994 0.000010
0.410728 0.000010 0.080784 0.045783 0.000010 0.000010 0.164225 0.260922 0.037527
0.294270 0.040517 0.112549 0.000010 0.146840 0.000010 0.158481 0.247313 0.000010
0.483440 0.000010 0.006058 0.000010 0.000010 0.002299 0.153176 0.354988 0.000010
0.428282 0.055395 0.052471 0.000010 0.000010 0.000010 0.122875 0.332660 0.008286
0.184867 0.001694 0.000010 0.058747 0.077613 0.000010 0.122040 0.555010 0.000010
0.253084 0.000010 0.121694 0.000010 0.000010 0.000010 0.095823 0.529349 0.000010
0.290034 0.000010 0.122276 0.013791 0.063325 0.000010 0.065332 0.445213 0.000010
0.379532 0.000010 0.128550 0.131553 0.029591 0.000010 0.063381 0.267362 0.000010
0.195081 0.000010 0.304395 0.103016 0.000010 0.044766 0.127136 0.225576 0.000010
0.492815 0.089051 0.097792 0.043087 0.000010 0.000010 0.072892 0.204333 0.000010
0.204940 0.022103 0.362522 0.000010 0.000010 0.000010 0.164570 0.245825 0.000010
0.160570 0.002302 0.344722 0.000010 0.000010 0.038931 0.205052 0.248391 0.000010
0.078997 0.118380 0.380389 0.042535 0.028781 0.000010 0.077382 0.273515 0.000010
0.181494 0.009164 0.278213 0.150248 0.000010 0.024838 0.127598 0.228425 0.000010
0.023652 0.007829 0.381381 0.042362 0.091249 0.000010 0.233250 0.220256 0.000010
0.548572 0.016947 0.057852 0.000010 0.041715 0.000010 0.114993 0.219892 0.000010
0.079047 0.090647 0.431076 0.129152 0.001039 0.000010 0.146492 0.091895 0.030642
0.168379 0.007506 0.247025 0.096687 0.040918 0.000010 0.099205 0.340261 0.000010
0.018687 0.000726 0.502416 0.200089 0.000010 0.004078 0.120560 0.153425 0.000010
0.123048 0.000010 0.460727 0.126838 0.000010 0.000010 0.190278 0.080879 0.018199
0.127114 0.073278 0.359298 0.031442 0.000010 0.051926 0.125160 0.231762 0.000010
0.329063 0.108508 0.364273 0.049078 0.000010 0.000010 0.143265 0.005784 0.000010
0.190660 0.000010 0.147584 0.072468 0.000010 0.000010 0.135581 0.453667 0.000010
0.215342 0.028952 0.277202 0.135509 0.027949 0.005187 0.105998 0.149203 0.054658
0.080920 0.011657 0.484584 0.075778 0.084505 0.000010 0.093633 0.168902 0.000010
0.110198 0.000010 0.326398 0.107622 0.000010 0.000010 0.162843 0.292898 0.000010
0.034647 0.150489 0.430482 0.096488 0.058031 0.014946 0.082476 0.132431 0.000010
0.081007 0.015769 0.467817 0.053244 0.012413 0.000010 0.129891 0.219645 0.020204
0.234983 0.004989 0.260401 0.135885 0.000010 0.000010 0.085145 0.278567 0.000010
0.108992 0.140886 0.102426 0.097012 0.000010 0.000010 0.113038 0.437615 0.000010
0.286964 0.102099 0.002304 0.074603 0.000010 0.055241 0.012924 0.260478 0.205377
0.437895 0.000010 0.000010 0.027603 0.036484 0.000010 0.101037 0.362277 0.034674
0.386287 0.000010 0.000010 0.032704 0.002507 0.000010 0.096677 0.481786 0.000010
0.395874 0.032068 0.000010 0.000010 0.014818 0.047027 0.029224 0.251794 0.229175
0.462039 0.061988 0.000010 0.069914 0.044427 0.000010 0.005831 0.355771 0.000010
0.484948 0.000010 0.138472 0.000010 0.000010 0.000010 0.050616 0.325914 0.000010
0.415045 0.000010 0.000010 0.131643 0.030144 0.000010 0.006289 0.416839 0.000010
0.401078 0.033526 0.000010 0.000010 0.056992 0.000010 0.074528 0.433836 0.000010
0.122854 0.000010 0.147200 0.019338 0.000010 0.001352 0.191064 0.518162 0.000010
0.440575 0.000010 0.000010 0.000010 0.030317 0.008888 0.055355 0.443822 0.021013
0.341620 0.019374 0.064518 0.138219 0.025442 0.000010 0.069367 0.341440 0.000010
0.393312 0.031209 0.020297 0.034323 0.000010 0.030603 0.038836 0.451401 0.000010
0.308217 0.017884 0.042550 0.101512 0.000010 0.020145 0.021350 0.488322 0.000010
0.377739 0.000010 0.000010 0.000010 0.066263 0.000010 0.107895 0.448052 0.000010
0.441735 0.040845 0.042851 0.000010 0.000010 0.000010 0.014096 0.460433 0.000010
0.307268 0.015476 0.000010 0.171873 0.000010 0.021986 0.170761 0.211510 0.101106
0.043561 0.134633 0.058951 0.095904 0.000010 0.012368 0.090654 0.217650 0.346268
0.435483 0.057917 0.000010 0.000010 0.000010 0.015872 0.029155 0.349938 0.111604
0.331534 0.000020 0.061394 0.000010 0.000010 0.028093 0.227429 0.299756 0.051753
0.270757 0.000010 0.091298 0.135181 0.000010 0.000010 0.114012 0.388712 0.000010
0.238956 0.030014 0.000010 0.065514 0.077396 0.000010 0.079064 0.406943 0.102093
0.460154 0.000010 0.000010 0.025510 0.000393 0.000010 0.044515 0.469389 0.000010
0.275244 0.000010 0.000010 0.000010 0.085411 0.000010 0.132753 0.506542 0.000010
0.409328 0.000010 0.020519 0.163958 0.000010 0.000010 0.036083 0.370072 0.000010
0.390459 0.051761 0.005933 0.032257 0.031192 0.000010 0.036392 0.451986 0.000010
0.281126 0.000010 0.000010 0.034909 0.163487 0.033689 0.118115 0.368644 0.000010
0.251189 0.047629 0.000010 0.103289 0.031636 0.000010 0.067737 0.498491 0.000010
0.142463 0.000010 0.073454 0.149483 0.048184 0.000010 0.189290 0.397096 0.000010
0.186648 0.027387 0.000972 0.035477 0.000135 0.000010 0.195439 0.553921 0.000010
0.252709 0.000010 0.061115 0.120131 0.087014 0.000010 0.155214 0.323786 0.000010
0.146339 0.054897 0.000010 0.013928 0.000182 0.023291 0.193939 0.522467 0.044946
0.093755 0.000010 0.000010 0.036227 0.063849 0.070521 0.002438 0.095726 0.637464
0.115698 0.000010 0.000010 0.157570 0.075369 0.000010 0.149017 0.497948 0.004367
0.205618 0.054579 0.082061 0.000010 0.024013 0.008650 0.123509 0.440804 0.060756
0.147461 0.000010 0.000010 0.204475 0.081360 0.000010 0.146622 0.420042 0.000010
0.080491 0.071063 0.000010 0.000010 0.068199 0.000010 0.184266 0.531258 0.064693
0.345436 0.068898 0.061478 0.065882 0.027541 0.000010 0.154876 0.275868 0.000010
0.270358 0.000010 0.000010 0.127490 0.000010 0.000010 0.143772 0.445912 0.012429
0.309026 0.000010 0.000010 0.035195 0.054987 0.004920 0.136709 0.414842 0.044301
0.252266 0.048882 0.069995 0.111692 0.000010 0.022484 0.053751 0.440910 0.000010
0.239894 0.000010 0.000010 0.062885 0.013830 0.000010 0.136389 0.546963 0.000010
0.264132 0.000010 0.000010 0.049003 0.000010 0.000010 0.243778 0.434516 0.008531
0.129720 0.015779 0.000010 0.200942 0.000010 0.005874 0.144492 0.503164 0.000010
0.528966 0.000010 0.048283 0.000010 0.000010 0.000010 0.088973 0.333728 0.000010
0.067227 0.062646 0.127208 0.140926 0.009857 0.009966 0.116043 0.434662 0.031465
0.103615 0.000010 0.139921 0.076209 0.000010 0.000010 0.198098 0.466273 0.015853
0.055164 0.010577 0.000010 0.187987 0.000010 0.061695 0.244533 0.440015 0.000010
0.094849 0.072861 0.084230 0.144494 0.030817 0.017429 0.040405 0.514904 0.000010
0.117051 0.023651 0.000010 0.057175 0.053895 0.008981 0.162718 0.576507 0.000010
0.379090 0.100997 0.000811 0.003283 0.033852 0.014333 0.151910 0.315714 0.000010
0.264661 0.000010 0.079900 0.235889 0.024907 0.000010 0.082337 0.312275 0.000010
0.093312 0.035793 0.095407 0.330470 0.054460 0.000010 0.120970 0.269568 0.000010
0.314591 0.111077 0.000010 0.029018 0.118157 0.000010 0.040758 0.368608 0.017770
0.331903 0.000010 0.073820 0.010707 0.003120 0.000010 0.127610 0.452810 0.000010
0.286056 0.090278 0.048067 0.000010 0.000010 0.000010 0.078993 0.477800 0.018776
0.245087 0.069505 0.016193 0.054863 0.105665 0.000010 0.092280 0.416386 0.000010
0.085600 0.000010 0.159154 0.129580 0.056874 0.000010 0.147256 0.302883 0.118634
0.163324 0.000010 0.000010 0.125371 0.001911 0.048580 0.219608 0.431214 0.009971
0.338732 0.023769 0.000010 0.000010 0.000010 0.000010 0.177849 0.459599 0.000010
0.306486 0.000010 0.062112 0.083051 0.011475 0.000010 0.080739 0.456107 0.000010
0.284295 0.000010 0.004740 0.000010 0.050248 0.000010 0.095506 0.565171 0.000010
0.000010 0.029233 0.076590 0.110920 0.027746 0.010930 0.166074 0.578488 0.000010
0.202502 0.091833 0.000010 0.107261 0.000010 0.013200 0.150504 0.434670 0.000010
0.374528 0.000010 0.046703 0.011992 0.013281 0.000010 0.194004 0.359462 0.000010
0.158636 0.012811 0.010747 0.183148 0.000010 0.077120 0.201819 0.355699 0.000010
0.227429 0.069354 0.010690 0.191557 0.000010 0.032502 0.064998 0.403449 0.000010
0.147914 0.000010 0.000010 0.169262 0.030688 0.000010 0.203377 0.385771 0.062958
0.251608 0.120827 0.113057 0.028061 0.043735 0.000010 0.052351 0.390342 0.000010
0.196651 0.013787 0.011600 0.239694 0.000010 0.020986 0.098150 0.419111 0.000010
0.107923 0.000010 0.054846 0.262007 0.005346 0.000010 0.100359 0.469489 0.000010
0.240652 0.028675 0.045215 0.151310 0.000010 0.005451 0.000010 0.528666 0.000010
0.133881 0.000010 0.155068 0.103953 0.030781 0.000010 0.155776 0.420511 0.000010
0.261384 0.000010 0.107915 0.047834 0.015594 0.022512 0.102899 0.441843 0.000010
0.414581 0.009361 0.046613 0.042690 0.075727 0.000010 0.000010 0.410998 0.000010
0.293779 0.094919 0.007264 0.062019 0.000010 0.000010 0.140057 0.385516 0.016426
0.347696 0.000010 0.179334 0.000010 0.000010 0.000010 0.111486 0.361434 0.000010
0.200817 0.062308 0.053413 0.200150 0.000010 0.000010 0.119288 0.352939 0.011066
0.295103 0.008288 0.096339 0.000010 0.056285 0.000010 0.002701 0.486035 0.055229
0.147540 0.000010 0.000010 0.138259 0.017502 0.010985 0.152366 0.533318 0.000010
0.267566 0.072304 0.038938 0.078948 0.000010 0.000010 0.111545 0.427054 0.003624
0.317776 0.000010 0.091473 0.018041 0.077946 0.000010 0.048346 0.446388 0.000010
0.185727 0.031424 0.053322 0.282852 0.000010 0.000010 0.027321 0.419324 0.000010
0.184873 0.000010 0.188918 0.171616 0.008952 0.000010 0.044954 0.400656 0.000010
0.251782 0.097052 0.000010 0.153490 0.088542 0.030772 0.015941 0.362403 0.000010
0.236618 0.000010 0.070716 0.000544 0.025173 0.000010 0.194008 0.472911 0.000010
0.396565 0.095684 0.000010 0.037621 0.041634 0.000010 0.000010 0.428456 0.000010
0.335745 0.000010 0.087092 0.039816 0.000010 0.000010 0.096597 0.440710 0.000010
0.179792 0.044546 0.000010 0.171692 0.066080 0.002802 0.065043 0.470025 0.000010
0.235990 0.015621 0.000010 0.212707 0.041239 0.000010 0.099607 0.394806 0.000010
0.255251 0.014460 0.070236 0.024710 0.014374 0.000010 0.115545 0.505404 0.000010
0.204374 0.000010 0.105406 0.082532 0.057393 0.006250 0.027986 0.516039 0.000010
0.247077 0.000010 0.058289 0.000010 0.000010 0.000010 0.119656 0.540278 0.034660
0.115207 0.010921 0.138794 0.141125 0.026310 0.043930 0.105572 0.418131 0.000010
0.244462 0.042899 0.109957 0.096458 0.000010 0.028897 0.026968 0.450339 0.000010
0.368744 0.000010 0.092961 0.000010 0.000010 0.000010 0.083203 0.455042 0.000010
0.040726 0.000010 0.140869 0.266584 0.000010 0.000010 0.131838 0.419944 0.000010
0.172350 0.000010 0.099021 0.192258 0.038148 0.000010 0.156460 0.341733 0.000010
0.000010 0.093261 0.062067 0.234107 0.000010 0.000010 0.184517 0.374481 0.051537
0.277716 0.065743 0.061297 0.000010 0.000010 0.026121 0.117183 0.423311 0.028609
0.136172 0.026677 0.084696 0.132084 0.008943 0.000010 0.114658 0.496750 0.000010
0.108422 0.000010 0.250306 0.158471 0.000010 0.000010 0.165877 0.316884 0.000010
0.219235 0.029953 0.092633 0.000010 0.066907 0.000010 0.147863 0.412765 0.030624
0.046088 0.039383 0.117357 0.140248 0.000010 0.000010 0.234784 0.401438 0.020681
0.030830 0.006987 0.077933 0.235835 0.000010 0.000010 0.128268 0.520117 0.000010
0.114489 0.119079 0.000010 0.014121 0.000010 0.037257 0.118588 0.530486 0.065960
0.118649 0.194049 0.067522 0.191542 0.034016 0.008012 0.050968 0.335232 0.000010
0.219078 0.000010 0.093254 0.104219 0.000010 0.014733 0.159497 0.403038 0.006160
0.205592 0.063612 0.047334 0.054753 0.000010 0.092000 0.145319 0.391370 0.000010
0.027385 0.000010 0.099571 0.223384 0.027060 0.000010 0.299244 0.323326 0.000010
0.105638 0.040750 0.044652 0.269931 0.016279 0.000010 0.027028 0.461414 0.034296
0.281670 0.151905 0.146957 0.082946 0.000010 0.019621 0.016886 0.299996 0.000010
0.132941 0.154595 0.000010 0.136130 0.000010 0.000010 0.116217 0.460077 0.000010
0.236209 0.000010 0.104450 0.185320 0.000010 0.000010 0.037588 0.436394 0.000010
0.264019 0.144075 0.000018 0.000010 0.000010 0.000010 0.095541 0.496307 0.000010
0.306714 0.000010 0.109134 0.236013 0.016641 0.000010 0.083872 0.247596 0.000010
0.220814 0.000010 0.078366 0.100995 0.000010 0.000010 0.174792 0.424993 0.000010
0.343168 0.000010 0.177205 0.053410 0.022613 0.000010 0.162915 0.222727 0.017942
0.000010 0.000010 0.006908 0.000010 0.038498 0.542371 0.012521 0.000010 0.399662
0.000010 0.009819 0.012882 0.000010 0.024562 0.554469 0.000010 0.000010 0.398229
0.000010 0.000010 0.017573 0.004987 0.005543 0.247207 0.000010 0.021540 0.703120
0.076518 0.000010 0.000010 0.000010 0.000010 0.252449 0.000010 0.000010 0.670974
0.022318 0.000010 0.000010 0.000010 0.000010 0.238396 0.006834 0.000010 0.732402
0.000010 0.000010 0.000010 0.027872 0.000010 0.333213 0.026645 0.000010 0.612220
0.000010 0.000010 0.000359 0.000010 0.000010 0.458733 0.000010 0.000010 0.540848
0.005670 0.000010 0.000010 0.026985 0.022768 0.348894 0.000010 0.000010 0.595643
0.000010 0.000010 0.000010 0.000010 0.000010 0.297882 0.001601 0.000010 0.700457
0.000010 0.000010 0.000010 0.000010 0.000010 0.261047 0.015230 0.000010 0.723663
0.000010 0.000010 0.000010 0.000010 0.000010 0.355861 0.016668 0.000010 0.627411
0.000010 0.000010 0.000010 0.000010 0.029320 0.459562 0.000010 0.006223 0.504845
0.000010 0.000010 0.020672 0.000010 0.000010 0.552609 0.040344 0.000010 0.386324
0.027308 0.011933 0.022469 0.000010 0.000066 0.432988 0.000010 0.000010 0.505206
0.000010 0.000010 0.042445 0.003738 0.028863 0.309114 0.000010 0.000010 0.615799
0.014564 0.000010 0.015801 0.000010 0.000010 0.390805 0.012921 0.000010 0.565870
0.000010 0.000010 0.013962 0.000010 0.000010 0.335896 0.015832 0.000010 0.634261
0.000010 0.000010 0.085204 0.000010 0.000010 0.585849 0.000010 0.000010 0.328887
0.000010 0.000010 0.000010 0.000010 0.000010 0.218100 0.000010 0.000010 0.781830
0.002773 0.000010 0.000010 0.000010 0.000010 0.232308 0.000010 0.032205 0.732663
0.000010 0.011219 0.030371 0.000010 0.000010 0.514276 0.000010 0.000010 0.444084
0.000010 0.000010 0.003056 0.000010 0.001701 0.271941 0.069079 0.000010 0.654184
0.000010 0.000010 0.000010 0.000010 0.000010 0.261370 0.016208 0.000010 0.722361
0.008466 0.000010 0.000010 0.022108 0.000010 0.391661 0.002288 0.000010 0.575437
0.000803 0.000010 0.034596 0.000010 0.000010 0.450073 0.000010 0.000010 0.514478
0.000010 0.000010 0.000010 0.000010 0.000010 0.423445 0.020976 0.000010 0.555518
0.000010 0.000010 0.042585 0.000010 0.000010 0.514917 0.000010 0.000010 0.442438
0.060148 0.000010 0.000010 0.043674 0.000010 0.343316 0.000010 0.000010 0.552813
0.000010 0.076998 0.008520 0.000010 0.681241 0.000010 0.230729 0.000010 0.002472
0.535282 0.023334 0.000010 0.201761 0.000010 0.000010 0.000010 0.214049 0.025535
0.248852 0.000010 0.029108 0.321267 0.018033 0.000010 0.071188 0.311523 0.000010
0.364745 0.051972 0.000010 0.335124 0.000010 0.009917 0.049653 0.163951 0.024618
0.518063 0.000010 0.000010 0.185287 0.000010 0.000010 0.004945 0.291654 0.000010
0.519924 0.000010 0.060783 0.242677 0.003038 0.000010 0.010839 0.162709 0.000010
0.500779 0.000010 0.053507 0.262705 0.000010 0.000010 0.026857 0.156112 0.000010
0.342864 0.000010 0.074769 0.241545 0.000010 0.000010 0.080958 0.259823 0.000010
0.709017 0.059708 0.000010 0.047808 0.027984 0.000010 0.038098 0.071561 0.045804
0.345422 0.056134 0.027663 0.300984 0.032025 0.000010 0.024920 0.212832 0.000010
0.565077 0.000010 0.044649 0.222440 0.013321 0.030294 0.007767 0.116432 0.000010
0.284663 0.015035 0.014261 0.312779 0.000010 0.000010 0.086133 0.287100 0.000010
0.266064 0.000010 0.089835 0.362374 0.048728 0.000010 0.031532 0.201437 0.000010
0.524711 0.000010 0.053351 0.232296 0.095391 0.000010 0.051586 0.042635 0.000010
0.330029 0.074330 0.055111 0.356296 0.000010 0.011743 0.000010 0.172462 0.000010
0.412881 0.000010 0.066936 0.228972 0.076369 0.018697 0.000010 0.196115 0.000010
0.430712 0.000010 0.090315 0.303222 0.000010 0.000010 0.092271 0.083441 0.000010
0.508212 0.054751 0.000010 0.219239 0.001620 0.000010 0.077562 0.138587 0.000010
0.319837 0.000010 0.000010 0.443182 0.000010 0.000010 0.000010 0.236921 0.000010
0.394629 0.040543 0.119194 0.263538 0.000010 0.000010 0.052354 0.104782 0.024941
0.519319 0.000010 0.016303 0.257899 0.000010 0.000010 0.001829 0.204610 0.000010
0.495965 0.084027 0.000010 0.341812 0.000010 0.000010 0.000010 0.047684 0.030471
0.255454 0.000010 0.037903 0.421040 0.015849 0.000010 0.000010 0.269714 0.000010
0.523548 0.017587 0.023225 0.284281 0.020940 0.000010 0.040747 0.064994 0.024668
0.502026 0.029488 0.000010 0.212178 0.000010 0.000010 0.051569 0.204699 0.000010
0.396125 0.000010 0.055919 0.263907 0.000010 0.000010 0.029315 0.254694 0.000010
0.594062 0.028387 0.030874 0.210643 0.000010 0.000010 0.000010 0.135994 0.000010
0.499471 0.003438 0.000010 0.113446 0.005772 0.000010 0.092410 0.285432 0.000010
0.617564 0.000010 0.000010 0.303407 0.000010 0.000010 0.032623 0.046356 0.000010
0.000010 0.000010 0.000010 0.000010 0.973865 0.002299 0.005268 0.018518 0.000010
0.000010 0.000010 0.000010 0.000010 0.926684 0.002927 0.024728 0.045612 0.000010
0.000010 0.000010 0.000010 0.009109 0.986433 0.000010 0.000010 0.004398 0.000010
0.009698 0.000010 0.000010 0.000010 0.982782 0.000010 0.000010 0.000010 0.007459
0.000010 0.012339 0.136709 0.000010 0.759200 0.010687 0.081024 0.000010 0.000010
0.000010 0.000010 0.000010 0.018317 0.963834 0.000010 0.017789 0.000010 0.000010
0.000010 0.000010 0.000010 0.000010 0.992656 0.000010 0.000010 0.007274 0.000010
0.010981 0.000010 0.000010 0.000010 0.988949 0.000010 0.000010 0.000010 0.000010
0.000010 0.000010 0.008706 0.000010 0.957124 0.008765 0.025354 0.000010 0.000010
0.000010 0.000010 0.000010 0.000010 0.966214 0.000010 0.028098 0.003874 0.001764
0.000010 0.000010 0.003263 0.000010 0.962158 0.000010 0.034518 0.000010 0.000010
0.053673 0.000010 0.000010 0.000010 0.913734 0.000010 0.032533 0.000010 0.000010
0.000010 0.000010 0.000010 0.000010 0.954987 0.000010 0.003046 0.000010 0.041907
0.035911 0.000010 0.000010 0.000010 0.959182 0.004847 0.000010 0.000010 0.000010
0.000010 0.000010 0.000010 0.000010 0.999920 0.000010 0.000010 0.000010 0.000010
0.000010 0.000010 0.000010 0.000010 0.962160 0.000010 0.037770 0.000010 0.000010
0.000010 0.000010 0.000010 0.000010 0.987301 0.000010 0.000010 0.000010 0.012629
0.452339 0.026028 0.000010 0.116952 0.054252 0.000010 0.046833 0.303566 0.000010
0.526222 0.000010 0.067423 0.000010 0.003391 0.000010 0.000010 0.376352 0.026572
0.651831 0.045518 0.000010 0.000010 0.041152 0.000010 0.000010 0.253371 0.008088
0.537057 0.000010 0.000010 0.000010 0.059943 0.000010 0.054830 0.348120 0.000010
0.572572 0.001091 0.000010 0.000010 0.023732 0.000010 0.000010 0.320117 0.082448
0.512803 0.000010 0.000010 0.073479 0.000010 0.000010 0.078592 0.242501 0.092585
0.647776 0.000010 0.011343 0.000010 0.000010 0.000010 0.000010 0.340821 0.000010
0.702119 0.000010 0.034970 0.000010 0.060238 0.000010 0.066127 0.136507 0.000010
0.664599 0.000010 0.014877 0.000010 0.000010 0.000010 0.000010 0.320463 0.000010
0.576460 0.000010 0.003442 0.070361 0.014795 0.029440 0.008432 0.297051 0.000010
0.687103 0.017282 0.000010 0.000010 0.023387 0.000010 0.000010 0.220380 0.051807
0.704354 0.056320 0.033838 0.000010 0.000010 0.000010 0.036495 0.146581 0.022382
0.429378 0.126242 0.000010 0.086454 0.000010 0.000010 0.000010 0.357875 0.000010
0.424793 0.000010 0.000010 0.160204 0.000010 0.026271 0.000010 0.388681 0.000010
0.488555 0.000010 0.000010 0.181810 0.031632 0.000010 0.031471 0.266492 0.000010
0.642096 0.007650 0.000010 0.025312 0.000010 0.010367 0.000010 0.314535 0.000010
0.573874 0.000010 0.023874 0.000010 0.028689 0.007689 0.125784 0.240060 0.000010
0.577970 0.015529 0.000010 0.000010 0.000010 0.000010 0.087065 0.256924 0.062472
0.476268 0.072591 0.045875 0.178906 0.000010 0.000010 0.061409 0.088517 0.076414
0.577604 0.000010 0.045669 0.000010 0.089493 0.000010 0.000010 0.210214 0.076980
0.561195 0.031986 0.010997 0.005111 0.000010 0.000010 0.000010 0.339564 0.051117
0.473128 0.006373 0.026720 0.063735 0.000030 0.000010 0.099067 0.280525 0.050412
0.474124 0.000010 0.046056 0.165449 0.041020 0.053594 0.000010 0.187180 0.032556
0.600948 0.000010 0.023953 0.005711 0.040924 0.000010 0.035740 0.255917 0.036789
0.517729 0.060080 0.000010 0.000010 0.069508 0.000010 0.000010 0.263978 0.088665
0.619983 0.012535 0.051691 0.000010 0.000010 0.000010 0.000010 0.287857 0.027893
0.616523 0.000010 0.000076 0.044690 0.000010 0.034285 0.000010 0.304386 0.000010
0.671579 0.000010 0.000010 0.000010 0.040353 0.000010 0.013073 0.271540 0.003416
0.671588 0.003422 0.000010 0.000010 0.000010 0.029357 0.000010 0.295584 0.000010
0.591064 0.028217 0.037354 0.000010 0.000010 0.009492 0.023579 0.229150 0.081124
0.594783 0.000010 0.000010 0.000010 0.080567 0.000010 0.055947 0.259564 0.009098
0.488765 0.153897 0.040962 0.000010 0.005663 0.000010 0.086551 0.211961 0.012181
0.582791 0.000010 0.066340 0.000010 0.002401 0.000010 0.088352 0.260077 0.000010
0.472873 0.010587 0.000010 0.193274 0.000010 0.000010 0.040549 0.282678 0.000010
0.614047 0.000010 0.000010 0.075991 0.074876 0.013674 0.000010 0.202359 0.019023
0.588754 0.000010 0.000010 0.004527 0.041092 0.020494 0.000010 0.345094 0.000010
0.491050 0.000010 0.000010 0.065197 0.116082 0.060006 0.000010 0.263242 0.004392
0.765841 0.000010 0.000010 0.004324 0.009145 0.021005 0.000010 0.161124 0.038531
0.567646 0.000010 0.000010 0.172026 0.034261 0.017382 0.000010 0.181047 0.027608
0.629844 0.000010 0.043726 0.196092 0.012208 0.000010 0.000010 0.118090 0.000010
0.521379 0.009490 0.002489 0.000010 0.052075 0.000010 0.136112 0.278424 0.000010
0.600940 0.000010 0.000010 0.068726 0.028441 0.000010 0.013854 0.238521 0.049488
0.678052 0.043813 0.051032 0.008964 0.043893 0.000010 0.002020 0.065442 0.106774
0.545847 0.000010 0.000010 0.082805 0.000010 0.014116 0.108869 0.184759 0.063574
0.469575 0.000010 0.000010 0.187470 0.000010 0.082167 0.103755 0.137005 0.019998
0.545281 0.000010 0.000010 0.000010 0.090192 0.112894 0.000010 0.165716 0.085877
0.534188 0.000010 0.162537 0.087623 0.000010 0.033041 0.000010 0.081063 0.101518
0.719653 0.000010 0.000010 0.000010 0.050653 0.074721 0.000010 0.154923 0.000010
0.486190 0.021225 0.204273 0.010339 0.000010 0.083070 0.000010 0.194873 0.000010
0.595073 0.000010 0.000010 0.021379 0.028946 0.000010 0.138231 0.216330 0.000010
0.482293 0.000010 0.105148 0.101914 0.000010 0.000010 0.041484 0.269121 0.000010
0.697508 0.019812 0.021241 0.000010 0.000010 0.070180 0.000010 0.182521 0.008708
0.760804 0.027116 0.000010 0.000010 0.000010 0.048869 0.000010 0.163161 0.000010
0.457847 0.000010 0.071808 0.092705 0.108711 0.006879 0.000010 0.262020 0.000010
0.422496 0.000010 0.000010 0.000010 0.000010 0.000010 0.098162 0.262384 0.216909
0.082669 0.000010 0.000010 0.059935 0.000010 0.081814 0.016972 0.000010 0.758571
0.432205 0.010123 0.025508 0.071691 0.031991 0.076926 0.000010 0.236236 0.115311
0.668216 0.000010 0.000010 0.000010 0.028949 0.071529 0.000010 0.230544 0.000723
0.586492 0.000010 0.000010 0.132610 0.000010 0.016030 0.000010 0.188958 0.075870
0.381096 0.005398 0.013608 0.000010 0.000010 0.064870 0.059406 0.418964 0.056638
0.521603 0.000010 0.058618 0.080677 0.052782 0.000010 0.000010 0.197109 0.089181
0.383766 0.000010 0.000010 0.000010 0.020254 0.172428 0.000182 0.116810 0.306531
0.537693 0.000010 0.000010 0.043656 0.000010 0.000010 0.000010 0.418592 0.000010
0.580517 0.000010 0.000010 0.030052 0.000010 0.075969 0.072424 0.091879 0.149129
0.624932 0.047457 0.000010 0.000010 0.004060 0.031681 0.040943 0.167359 0.083548
0.722312 0.004354 0.000010 0.000010 0.031053 0.039317 0.000010 0.156500 0.046434
0.591885 0.000010 0.000010 0.000010 0.028829 0.000010 0.098806 0.115148 0.165291
0.568392 0.009319 0.140715 0.000010 0.000010 0.026368 0.000010 0.168047 0.087129
0.651682 0.103775 0.000010 0.000010 0.050222 0.000010 0.000010 0.135381 0.058900
0.719771 0.000010 0.000010 0.000010 0.027680 0.000010 0.000010 0.252489 0.000010
0.651554 0.000010 0.033144 0.119385 0.000010 0.000010 0.001332 0.153741 0.040815
0.511963 0.000010 0.109959 0.050663 0.000010 0.000010 0.001414 0.185031 0.140940
0.614566 0.027955 0.007636 0.099774 0.025887 0.000099 0.001415 0.222659 0.000010
0.595170 0.000010 0.090889 0.011568 0.024102 0.027133 0.000010 0.089856 0.161262
0.470246 0.000010 0.000010 0.091205 0.028510 0.019314 0.114631 0.176042 0.100032
0.543144 0.104339 0.011117 0.000010 0.000010 0.039873 0.000010 0.213823 0.087674
0.679523 0.000010 0.025738 0.000010 0.000010 0.023704 0.026566 0.207825 0.036614
0.351872 0.015183 0.000010 0.276390 0.000010 0.028928 0.039533 0.230507 0.057566
0.398023 0.000010 0.036037 0.163251 0.038935 0.005123 0.000010 0.261766 0.096845
0.519027 0.008760 0.058554 0.000010 0.000010 0.000010 0.000010 0.202205 0.211414
0.529023 0.000010 0.000010 0.035179 0.000010 0.063324 0.000010 0.372424 0.000010
0.643532 0.081584 0.000010 0.000010 0.000010 0.000010 0.043442 0.127352 0.104050
0.601468 0.000010 0.025754 0.128004 0.000010 0.039278 0.011512 0.193953 0.000010
0.658936 0.055425 0.058990 0.017642 0.000010 0.015947 0.000010 0.129883 0.063156
0.694271 0.000010 0.026895 0.000010 0.000010 0.000010 0.000010 0.215229 0.063554
0.593117 0.000010 0.000010 0.000010 0.109453 0.075273 0.000010 0.112843 0.109275
0.531029 0.000010 0.017172 0.074564 0.000010 0.086517 0.000010 0.270894 0.019794
0.000010 0.019683 0.000010 0.000010 0.868056 0.000010 0.112202 0.000010 0.000010
0.000010 0.146336 0.000010 0.016845 0.777293 0.018866 0.035732 0.004897 0.000010
0.000010 0.000010 0.020281 0.000010 0.771673 0.000010 0.207986 0.000010 0.000010
0.000010 0.135755 0.098027 0.000010 0.730019 0.000010 0.036149 0.000010 0.000010
0.000010 0.062182 0.019509 0.039937 0.823716 0.000010 0.054615 0.000010 0.000010
0.000010 0.000010 0.000010 0.000010 0.906700 0.000010 0.058421 0.012926 0.021902
0.000010 0.056446 0.057341 0.000010 0.793639 0.000010 0.074447 0.018087 0.000010
0.642554 0.000010 0.000010 0.024861 0.055207 0.005369 0.101490 0.170489 0.000010
0.647399 0.000010 0.000010 0.082066 0.000010 0.000010 0.067746 0.202739 0.000010
0.446153 0.041678 0.050795 0.293455 0.000010 0.012846 0.045976 0.050952 0.058135
0.583789 0.002414 0.000010 0.248211 0.023128 0.018952 0.000010 0.123477 0.000010
0.656887 0.000010 0.000010 0.185995 0.000010 0.000010 0.000010 0.157058 0.000010
0.719298 0.000010 0.000010 0.208759 0.000010 0.000010 0.018336 0.034878 0.018690
0.618304 0.000010 0.000010 0.153782 0.003907 0.000010 0.099233 0.124734 0.000010
0.535731 0.000010 0.000010 0.166306 0.026391 0.000010 0.094717 0.176814 0.000010
0.615732 0.057424 0.000010 0.239494 0.016452 0.000010 0.021381 0.049488 0.000010
0.573470 0.000010 0.000010 0.299574 0.000010 0.008774 0.000010 0.118131 0.000010
0.749938 0.000010 0.035871 0.000010 0.000010 0.000010 0.005365 0.193568 0.015218
0.583003 0.025693 0.000010 0.019526 0.000010 0.005705 0.021849 0.344194 0.000010
0.521585 0.000010 0.062397 0.027191 0.000010 0.046666 0.000010 0.193275 0.148855
0.614921 0.079206 0.000010 0.000455 0.063504 0.000010 0.015087 0.220743 0.006064
0.644628 0.000010 0.000010 0.079613 0.027310 0.037753 0.085353 0.118077 0.007246
0.442210 0.000010 0.033914 0.085329 0.000010 0.000010 0.000010 0.393124 0.045383
0.467239 0.030433 0.000010 0.125166 0.000010 0.005414 0.032606 0.124992 0.214131
0.615529 0.051282 0.000010 0.000010 0.000010 0.000010 0.000010 0.231658 0.101481
0.554384 0.003156 0.029166 0.197056 0.010726 0.000010 0.000010 0.205481 0.000010
0.541961 0.016588 0.000010 0.048466 0.000010 0.000010 0.027424 0.195879 0.169653
0.519811 0.000010 0.108845 0.047434 0.000010 0.017580 0.011321 0.254772 0.040217
0.565542 0.015099 0.065812 0.017955 0.000010 0.105439 0.040304 0.117840 0.071999
0.585615 0.000010 0.106711 0.030913 0.102763 0.000010 0.000010 0.136778 0.037189
0.442427 0.000010 0.000010 0.020732 0.000010 0.000010 0.046183 0.425690 0.064928
0.526304 0.005332 0.000010 0.000010 0.072757 0.043456 0.000010 0.329646 0.022474
0.602189 0.075805 0.095302 0.000010 0.064750 0.081226 0.000010 0.019430 0.061278
0.606134 0.000010 0.000010 0.000010 0.014841 0.000010 0.000010 0.178431 0.200543
0.594877 0.067883 0.000010 0.035224 0.000010 0.000010 0.082804 0.149155 0.070028
0.527309 0.000010 0.000010 0.089727 0.011258 0.000010 0.109029 0.262637 0.000010
0.620520 0.041397 0.010287 0.000010 0.032630 0.000010 0.063092 0.164819 0.067235
0.712951 0.000010 0.000010 0.084714 0.000010 0.000010 0.000010 0.181270 0.021015
0.485715 0.000010 0.000010 0.075902 0.024402 0.000010 0.030753 0.266687 0.116511
0.648157 0.117215 0.000010 0.084849 0.006149 0.000010 0.000010 0.091549 0.052050
0.596908 0.000010 0.032631 0.051664 0.000010 0.021686 0.000010 0.241632 0.055449
0.714956 0.007147 0.000010 0.019893 0.014302 0.027642 0.014542 0.158780 0.042728
0.000010 0.871083 0.000010 0.022206 0.000010 0.000010 0.027370 0.046619 0.032682
0.000010 0.839647 0.122962 0.000010 0.000010 0.000010 0.037331 0.000010 0.000010
0.000010 0.759935 0.156175 0.000010 0.000010 0.000010 0.000010 0.083829 0.000010
0.000010 0.863917 0.067375 0.000010 0.000010 0.000010 0.026782 0.013492 0.028394
0.055808 0.000010 0.417384 0.000010 0.085006 0.000053 0.441709 0.000010 0.000010
0.034265 0.059837 0.574780 0.000010 0.000010 0.029017 0.302061 0.000010 0.000010
0.000010 0.000010 0.503152 0.000010 0.037300 0.000010 0.370284 0.089214 0.000010
0.062831 0.000010 0.382944 0.000010 0.000010 0.000010 0.530981 0.003550 0.019652
0.000010 0.039555 0.478181 0.000010 0.073231 0.044286 0.327310 0.037408 0.000010
0.000010 0.032920 0.552234 0.033931 0.000010 0.000010 0.369601 0.011274 0.000010
0.000010 0.000010 0.477665 0.000010 0.000010 0.000010 0.437166 0.085110 0.000010
0.000010 0.054361 0.282802 0.000010 0.015044 0.000010 0.468760 0.178993 0.000010
0.069749 0.020926 0.490262 0.000010 0.000010 0.005984 0.330968 0.000010 0.082080
0.000010 0.021192 0.427782 0.000010 0.017654 0.000010 0.364716 0.137926 0.030699
0.580868 0.000010 0.015246 0.000010 0.020512 0.000010 0.060654 0.250374 0.072316
0.534407 0.000010 0.000010 0.000904 0.033012 0.000010 0.044054 0.044576 0.343017
0.583046 0.000010 0.029228 0.000010 0.093050 0.000010 0.000010 0.294626 0.000010
0.514546 0.000010 0.184400 0.051824 0.000010 0.000010 0.038112 0.208545 0.002544
0.559053 0.000010 0.000010 0.056901 0.000010 0.002737 0.035635 0.258689 0.086956
0.534358 0.000010 0.024821 0.057824 0.000010 0.025580 0.033391 0.306293 0.017713
0.550336 0.000010 0.000010 0.015504 0.034396 0.000010 0.000010 0.237819 0.161905
0.487567 0.043498 0.000010 0.012709 0.000010 0.000010 0.092435 0.244829 0.118932
0.521661 0.000278 0.033090 0.008874 0.003473 0.000010 0.028923 0.331119 0.072571
0.510344 0.000010 0.067909 0.011837 0.000010 0.000010 0.000010 0.212752 0.197118
0.529378 0.016777 0.000010 0.118429 0.000010 0.000010 0.050429 0.284947 0.000010
0.452995 0.000010 0.000010 0.090546 0.000010 0.064526 0.002212 0.262589 0.127102
0.668925 0.014104 0.074645 0.048059 0.000010 0.000010 0.000010 0.174255 0.019982
0.575299 0.000010 0.000010 0.000010 0.000010 0.020333 0.078076 0.250812 0.075440
0.582726 0.056630 0.000010 0.000010 0.000872 0.000010 0.000010 0.190714 0.169018
0.742943 0.000186 0.077005 0.000010 0.000010 0.000010 0.000010 0.173552 0.006274
0.501971 0.000010 0.085087 0.000010 0.000010 0.025100 0.000010 0.329651 0.058150
0.447831 0.035593 0.000010 0.090751 0.002997 0.066764 0.157254 0.197397 0.001403
0.664717 0.060850 0.000010 0.000010 0.000010 0.071952 0.005689 0.178547 0.018215
0.566952 0.006628 0.000010 0.015384 0.000010 0.000010 0.000010 0.211513 0.199483
0.640445 0.110434 0.000010 0.033433 0.000010 0.047852 0.016425 0.135181 0.016210
0.000010 0.000810 0.561998 0.000010 0.035941 0.013198 0.371217 0.016806 0.000010
0.000010 0.015344 0.680915 0.000010 0.056324 0.000010 0.207945 0.039432 0.000010
0.030965 0.000010 0.559558 0.005584 0.000010 0.021198 0.307328 0.075337 0.000010
0.009388 0.000010 0.724278 0.028918 0.000010 0.000010 0.237367 0.000010 0.000010
0.000010 0.021059 0.636513 0.000010 0.000010 0.000010 0.342368 0.000010 0.000010
0.000010 0.010000 0.573175 0.058578 0.072961 0.000010 0.285246 0.000010 0.000010
0.049470 0.000010 0.640623 0.000010 0.000010 0.089082 0.220775 0.000010 0.000010
0.021379 0.052765 0.548228 0.000010 0.005313 0.031062 0.270240 0.070992 0.000010
0.054040 0.000010 0.609950 0.016436 0.000010 0.000010 0.319524 0.000010 0.000010
0.000010 0.000010 0.617967 0.000010 0.044957 0.008400 0.286908 0.041728 0.000010
0.000010 0.034422 0.719592 0.000010 0.087230 0.000010 0.158706 0.000010 0.000010
0.000010 0.000010 0.633524 0.004231 0.085314 0.000010 0.273934 0.000010 0.002957
0.000010 0.001297 0.806642 0.000010 0.000010 0.031119 0.160892 0.000010 0.000010
0.000010 0.006910 0.773263 0.000010 0.031961 0.000010 0.187816 0.000010 0.000010
0.000010 0.000010 0.641240 0.000010 0.000010 0.000010 0.296942 0.061758 0.000010
0.000010 0.025289 0.591793 0.000010 0.000010 0.023518 0.359350 0.000010 0.000010
0.000010 0.000010 0.660047 0.000010 0.000010 0.017555 0.317805 0.000010 0.004543
0.000010 0.092314 0.619891 0.000010 0.000010 0.000010 0.278822 0.008923 0.000010
0.000010 0.000010 0.666523 0.000010 0.000010 0.000010 0.275441 0.057976 0.000010
0.000010 0.116061 0.652340 0.043854 0.000010 0.000010 0.183491 0.004214 0.000010
0.016934 0.040277 0.695870 0.000010 0.000010 0.000010 0.230780 0.000010 0.016100
0.000010 0.000010 0.645727 0.000010 0.000010 0.057613 0.296600 0.000010 0.000010
0.000010 0.001081 0.621278 0.026305 0.000010 0.000010 0.288776 0.037421 0.025109
0.000010 0.000010 0.738218 0.000010 0.000010 0.000010 0.238958 0.017618 0.005156
0.000010 0.058651 0.631885 0.000010 0.134786 0.000010 0.174629 0.000010 0.000010
0.022872 0.000010 0.630898 0.000010 0.046355 0.000010 0.299825 0.000010 0.000010
0.000010 0.041658 0.684972 0.000010 0.000010 0.000010 0.273310 0.000010 0.000010
0.000010 0.000010 0.629868 0.000010 0.017396 0.000010 0.352676 0.000010 0.000010
0.000010 0.000010 0.666050 0.000010 0.000010 0.000010 0.319422 0.014468 0.000010
0.000010 0.106485 0.657865 0.000010 0.000010 0.000010 0.235590 0.000010 0.000010
0.000010 0.066687 0.635417 0.000010 0.000010 0.000010 0.263149 0.018222 0.016485
0.000010 0.000010 0.635603 0.000010 0.000010 0.000010 0.263028 0.101309 0.000010
0.000010 0.000074 0.718581 0.000010 0.034901 0.000010 0.246394 0.000010 0.000010
0.000010 0.065782 0.630012 0.000010 0.000010 0.006903 0.297253 0.000010 0.000010
0.000010 0.028981 0.665617 0.000010 0.000010 0.000010 0.294641 0.010712 0.000010
0.000010 0.000010 0.618994 0.000010 0.067328 0.011360 0.302267 0.000010 0.000010
0.000010 0.035613 0.575819 0.000010 0.040594 0.000010 0.343341 0.000010 0.004593
0.000010 0.015835 0.552280 0.000010 0.000010 0.012364 0.419471 0.000010 0.000010
0.047274 0.000010 0.668927 0.000010 0.000010 0.000010 0.268050 0.015699 0.000010
0.000010 0.000010 0.042516 0.000010 0.713976 0.000010 0.234680 0.000010 0.008778
0.000010 0.000010 0.000010 0.000010 0.943860 0.000010 0.056070 0.000010 0.000010
0.000010 0.000010 0.705085 0.015319 0.000010 0.007291 0.202620 0.013177 0.056478
0.091933 0.143169 0.622806 0.000010 0.026106 0.000010 0.115946 0.000010 0.000010
0.247555 0.023936 0.031699 0.333568 0.042197 0.026340 0.045140 0.244339 0.005225
0.563145 0.000010 0.020609 0.112632 0.000010 0.000010 0.011306 0.292269 0.000010
0.599946 0.051290 0.000010 0.072401 0.053430 0.026270 0.087002 0.109641 0.000010
0.396545 0.000010 0.023653 0.288361 0.000010 0.000010 0.000010 0.283828 0.007572
0.368338 0.000010 0.037685 0.364966 0.013612 0.000010 0.057682 0.157687 0.000010
0.359860 0.026233 0.000010 0.325300 0.000010 0.000010 0.021762 0.266806 0.000010
0.259489 0.040811 0.051127 0.339693 0.090169 0.000010 0.019819 0.162523 0.036359
0.371638 0.000010 0.000010 0.269004 0.000010 0.000010 0.000010 0.359298 0.000010
0.403902 0.056958 0.000010 0.300088 0.013152 0.000010 0.000010 0.161735 0.064134
0.637270 0.058470 0.000010 0.176533 0.000010 0.000010 0.003957 0.123729 0.000010
0.373979 0.003061 0.074363 0.241060 0.000010 0.000010 0.009397 0.298110 0.000010
0.292453 0.000010 0.071547 0.453024 0.027489 0.000010 0.000010 0.155448 0.000010
0.318854 0.000010 0.059651 0.276523 0.087650 0.000010 0.073356 0.183936 0.000010
0.000010 0.000010 0.660296 0.000010 0.000010 0.000010 0.339634 0.000010 0.000010
0.000010 0.000010 0.592730 0.000010 0.000010 0.000010 0.356022 0.051188 0.000010
0.000010 0.015171 0.595310 0.048861 0.000010 0.000010 0.284244 0.035970 0.020413
0.000010 0.041508 0.667404 0.000010 0.000010 0.000010 0.291028 0.000010 0.000010
0.019619 0.096262 0.618073 0.000010 0.000010 0.000010 0.200255 0.065751 0.000010
0.000010 0.010933 0.643370 0.037955 0.000010 0.000010 0.307692 0.000010 0.000010
0.000010 0.000010 0.610772 0.000010 0.071174 0.000383 0.317621 0.000010 0.000010
0.000010 0.000010 0.677873 0.014269 0.000010 0.000010 0.267715 0.040093 0.000010
0.000010 0.041981 0.543763 0.000010 0.020526 0.000010 0.393680 0.000010 0.000010
0.000010 0.000010 0.636862 0.000010 0.000010 0.000010 0.363068 0.000010 0.000010
0.000010 0.010831 0.574780 0.000010 0.000010 0.000010 0.414329 0.000010 0.000010
0.000010 0.027959 0.624106 0.069790 0.045262 0.043454 0.189399 0.000010 0.000010
