0.357224 0.000010 0.009922 0.000010 0.000010 0.000010 0.072243 0.547295 0.013277
0.395177 0.000010 0.000010 0.082281 0.037489 0.000010 0.074468 0.401916 0.008638
0.269503 0.000010 0.100293 0.061844 0.041055 0.000010 0.000010 0.527265 0.000010
0.445320 0.000010 0.085851 0.053643 0.000010 0.000010 0.000010 0.415137 0.000010
0.313077 0.034945 0.000010 0.065466 0.000010 0.084234 0.000010 0.488045 0.014203
0.146807 0.001119 0.032057 0.093856 0.000010 0.000010 0.000010 0.323711 0.402420
0.613083 0.000010 0.000010 0.000010 0.000010 0.025234 0.000010 0.361623 0.000010
0.225623 0.011903 0.000010 0.165021 0.081974 0.000010 0.038153 0.477295 0.000010
0.236851 0.000010 0.000010 0.000010 0.000010 0.071053 0.074350 0.617696 0.000010
0.356510 0.004112 0.060866 0.069143 0.000010 0.060578 0.116767 0.332004 0.000010
0.246250 0.000010 0.000010 0.000010 0.000010 0.064807 0.119401 0.569493 0.000010
0.184146 0.000010 0.045976 0.165458 0.030773 0.018138 0.055966 0.486232 0.013300
0.304242 0.003763 0.061042 0.151628 0.000010 0.000010 0.146968 0.332327 0.000010
0.227706 0.120601 0.000010 0.000010 0.106718 0.000010 0.097556 0.346055 0.101334
0.276148 0.033130 0.000010 0.038807 0.000010 0.000010 0.102510 0.531170 0.018206
0.358707 0.000010 0.093656 0.033994 0.009067 0.010422 0.054159 0.439976 0.000010
0.176980 0.000010 0.066128 0.201945 0.015809 0.036637 0.000010 0.494980 0.007500
0.177820 0.000010 0.000010 0.000010 0.022978 0.001137 0.147812 0.650212 0.000010
0.382261 0.000010 0.115729 0.007214 0.045317 0.030869 0.053535 0.365055 0.000010
0.371621 0.000010 0.037808 0.044182 0.059495 0.000010 0.000010 0.486852 0.000010
0.196040 0.044642 0.000010 0.091155 0.022906 0.000010 0.238481 0.406746 0.000010
0.331153 0.000010 0.062281 0.065568 0.000010 0.000010 0.098069 0.398836 0.044063
0.373803 0.000010 0.010654 0.036711 0.022901 0.037358 0.084558 0.352440 0.081564
0.340981 0.019295 0.000010 0.000010 0.065689 0.082770 0.056467 0.434768 0.000010
0.216063 0.000010 0.213798 0.112238 0.013579 0.038239 0.024671 0.381390 0.000010
0.479113 0.000010 0.067974 0.082419 0.000010 0.028890 0.010112 0.331461 0.000010
0.170063 0.000010 0.053219 0.083198 0.015382 0.000010 0.261098 0.417009 0.000010
0.320909 0.045638 0.011269 0.062725 0.000010 0.045808 0.089492 0.191161 0.232988
0.398423 0.000010 0.037807 0.070732 0.031095 0.000010 0.010596 0.451316 0.000010
0.098315 0.000010 0.007463 0.025641 0.000010 0.000010 0.152508 0.499243 0.216801
0.442055 0.033974 0.096458 0.012201 0.000010 0.000010 0.006806 0.408475 0.000010
0.222481 0.077099 0.000010 0.059677 0.000010 0.000010 0.101467 0.456863 0.082384
0.225471 0.134872 0.061584 0.000010 0.000010 0.000010 0.067965 0.510067 0.000010
0.307965 0.000010 0.018832 0.000010 0.093313 0.000010 0.091523 0.473618 0.014719
0.109379 0.000010 0.025268 0.000010 0.051750 0.000010 0.300834 0.496657 0.016083
0.361514 0.067887 0.000010 0.011610 0.000010 0.000010 0.046274 0.512675 0.000010
0.312176 0.000010 0.081035 0.029744 0.000010 0.000010 0.030032 0.546972 0.000010
0.247755 0.000010 0.044698 0.101244 0.063886 0.024293 0.009718 0.450655 0.057742
0.317457 0.000010 0.083896 0.000010 0.000010 0.001883 0.105935 0.447164 0.043635
0.304724 0.009565 0.088340 0.038137 0.000010 0.043582 0.000010 0.515623 0.000010
0.330175 0.000010 0.068913 0.000010 0.000010 0.000010 0.118751 0.413025 0.069096
0.275540 0.000010 0.030469 0.001166 0.000010 0.000341 0.071765 0.582084 0.038615
0.290649 0.166156 0.044186 0.135372 0.000010 0.000010 0.000010 0.363598 0.000010
0.434471 0.000010 0.000010 0.000010 0.000010 0.064449 0.041163 0.459868 0.000010
0.179486 0.007488 0.028285 0.095643 0.000010 0.000010 0.118896 0.506073 0.064108
0.350527 0.054469 0.105191 0.000010 0.043765 0.000010 0.017664 0.428355 0.000010
0.135302 0.020548 0.000010 0.163427 0.066766 0.071938 0.089860 0.452139 0.000010
0.356360 0.000010 0.000010 0.000010 0.000010 0.000010 0.145099 0.461747 0.036744
0.090445 0.096914 0.363669 0.000010 0.000010 0.000010 0.180010 0.268922 0.000010
0.180485 0.052676 0.405035 0.000010 0.000010 0.000010 0.164666 0.182550 0.014557
0.265479 0.034180 0.277270 0.071978 0.000010 0.000010 0.108441 0.197097 0.045535
0.107525 0.056272 0.272708 0.216790 0.016579 0.000010 0.094508 0.235598 0.000010
0.168133 0.000010 0.224364 0.062910 0.025522 0.000010 0.060836 0.341806 0.116408
0.124844 0.000010 0.368959 0.209448 0.000010 0.018417 0.157239 0.121063 0.000010
0.000010 0.078067 0.321173 0.068592 0.012715 0.076377 0.183695 0.258874 0.000496
0.170931 0.071625 0.292541 0.123376 0.050947 0.000010 0.074812 0.215749 0.000010
0.329614 0.019706 0.331927 0.000010 0.023609 0.015623 0.053961 0.225541 0.000010
0.338131 0.085755 0.343555 0.000731 0.055588 0.000010 0.042650 0.133570 0.000010
0.129634 0.000010 0.422759 0.087953 0.032232 0.000010 0.103968 0.213211 0.010224
0.135427 0.001538 0.452589 0.000010 0.138735 0.029833 0.085969 0.155889 0.000010
0.111463 0.131763 0.362323 0.033277 0.000010 0.000010 0.164971 0.196172 0.000010
0.287720 0.026880 0.317848 0.036164 0.036870 0.000010 0.086007 0.208491 0.000010
0.000010 0.000010 0.375752 0.083748 0.000010 0.000010 0.247652 0.281654 0.011155
0.184527 0.217460 0.345194 0.000010 0.000010 0.002169 0.055337 0.171187 0.024106
0.020838 0.000010 0.262471 0.162831 0.051320 0.026895 0.271519 0.189668 0.014448
0.269208 0.065102 0.311799 0.041556 0.010501 0.000010 0.075429 0.207411 0.018983
0.000010 0.181503 0.290214 0.119632 0.000010 0.032917 0.187554 0.188150 0.000010
0.067150 0.000010 0.533365 0.074247 0.000010 0.000010 0.124099 0.201099 0.000010
0.078994 0.010302 0.249124 0.193960 0.034116 0.000010 0.140498 0.226769 0.066227
0.350405 0.000010 0.190848 0.018790 0.001402 0.000010 0.074904 0.363621 0.000010
0.087575 0.000010 0.110707 0.000010 0.029706 0.091257 0.000010 0.036936 0.643789
0.315132 0.007123 0.000010 0.000010 0.007351 0.000010 0.166079 0.504275 0.000010
0.380747 0.000010 0.209232 0.000010 0.072918 0.002509 0.000010 0.250366 0.084198
0.349839 0.000010 0.090694 0.020773 0.053306 0.000010 0.081089 0.404269 0.000010
0.364788 0.000010 0.050219 0.141796 0.000010 0.000010 0.000010 0.443148 0.000010
0.322475 0.020052 0.111506 0.000010 0.000010 0.054268 0.120524 0.273512 0.097643
0.287375 0.025558 0.070227 0.000010 0.000010 0.008887 0.163374 0.440262 0.004298
0.152942 0.000010 0.039857 0.038438 0.128211 0.000010 0.109119 0.462898 0.068515
0.486259 0.000010 0.068311 0.000010 0.000010 0.000010 0.003671 0.436798 0.004920
0.296538 0.006646 0.000010 0.000010 0.062077 0.000010 0.111027 0.515190 0.008491
0.201467 0.052468 0.031498 0.001539 0.052524 0.032731 0.097873 0.503647 0.026253
0.409264 0.000010 0.000010 0.008312 0.000010 0.000010 0.131681 0.450693 0.000010
0.383151 0.035509 0.000010 0.092173 0.000010 0.000010 0.023123 0.388753 0.077262
0.462518 0.015747 0.035342 0.105518 0.051279 0.000010 0.000010 0.276133 0.053443
0.433929 0.017089 0.108323 0.033272 0.000010 0.056269 0.036332 0.314767 0.000010
0.201901 0.095930 0.000010 0.000010 0.000010 0.000010 0.116965 0.510669 0.074496
0.219950 0.000010 0.105725 0.021206 0.057958 0.000010 0.033650 0.508660 0.052831
0.367684 0.050699 0.000010 0.077408 0.000010 0.021601 0.154351 0.328227 0.000010
0.591380 0.000010 0.000010 0.015890 0.000010 0.000010 0.000010 0.392670 0.000010
0.409648 0.057362 0.000010 0.003200 0.017375 0.044303 0.011254 0.456837 0.000010
0.292754 0.016010 0.000010 0.000010 0.000010 0.000010 0.133989 0.557198 0.000010
0.339575 0.000010 0.002235 0.120469 0.000010 0.108747 0.008113 0.420831 0.000010
0.109223 0.003711 0.010141 0.210560 0.110208 0.000010 0.123713 0.432424 0.000010
0.283341 0.001501 0.065203 0.209365 0.000010 0.029524 0.000010 0.411036 0.000010
0.144027 0.000010 0.011605 0.189833 0.000010 0.045053 0.113160 0.301017 0.195284
0.131312 0.000010 0.000010 0.000010 0.082788 0.001715 0.109247 0.346655 0.328253
0.169205 0.000010 0.000010 0.123735 0.016743 0.100128 0.184656 0.405503 0.000010
0.443068 0.000010 0.000010 0.000010 0.000010 0.026719 0.134889 0.331181 0.064103
0.169861 0.103643 0.000010 0.034854 0.000010 0.006659 0.102102 0.582850 0.000010
0.093196 0.000010 0.000010 0.112683 0.118126 0.026862 0.082513 0.566590 0.000010
0.122661 0.000010 0.000010 0.000010 0.000010 0.000010 0.131145 0.411454 0.334690
0.131509 0.068596 0.000010 0.111870 0.000010 0.083883 0.030241 0.130259 0.443622
0.353995 0.000010 0.063169 0.000010 0.008145 0.000010 0.173963 0.400687 0.000010
0.253896 0.000010 0.000931 0.000010 0.000010 0.000010 0.158216 0.519326 0.067591
0.265990 0.000010 0.000010 0.158008 0.045146 0.000010 0.185318 0.345498 0.000010
0.101037 0.030262 0.000010 0.095551 0.110180 0.032382 0.114288 0.516280 0.000010
0.138571 0.000010 0.099458 0.163177 0.000010 0.082327 0.079898 0.436539 0.000010
0.193291 0.123428 0.000010 0.007003 0.053266 0.000010 0.167003 0.455978 0.000010
0.143863 0.107109 0.026882 0.132994 0.000010 0.000010 0.090996 0.498127 0.000010
0.042455 0.000010 0.002344 0.194727 0.050519 0.000010 0.246990 0.411214 0.051730
0.025672 0.063587 0.000010 0.086705 0.022886 0.059080 0.134869 0.607182 0.000010
0.351119 0.064021 0.000010 0.036182 0.000010 0.000010 0.159362 0.389276 0.000010
0.243398 0.000010 0.000010 0.057939 0.000010 0.000010 0.268564 0.430050 0.000010
0.111118 0.000010 0.050050 0.203355 0.017925 0.000010 0.167288 0.442432 0.007812
0.119413 0.024318 0.066922 0.031545 0.099383 0.020725 0.160273 0.477412 0.000010
0.184799 0.000010 0.037409 0.000010 0.000010 0.000010 0.202841 0.527385 0.047526
0.272531 0.035114 0.000010 0.000010 0.000010 0.000010 0.203006 0.483863 0.005445
0.331154 0.006030 0.050085 0.000010 0.079741 0.019598 0.120528 0.392845 0.000010
0.291581 0.000010 0.027092 0.106687 0.000010 0.047511 0.123876 0.403223 0.000010
0.105432 0.000010 0.081078 0.058569 0.058176 0.000010 0.195508 0.463075 0.038142
0.316545 0.000010 0.086749 0.103989 0.047696 0.000076 0.000010 0.444915 0.000010
0.164881 0.037330 0.096014 0.075549 0.000010 0.000010 0.087282 0.538913 0.000010
0.380883 0.000010 0.000010 0.097169 0.006907 0.000010 0.065975 0.449027 0.000010
0.333545 0.000010 0.083693 0.000010 0.000010 0.012797 0.122700 0.423897 0.023338
0.232214 0.027863 0.083708 0.087324 0.000010 0.038432 0.044433 0.486007 0.000010
0.144780 0.143114 0.013336 0.090017 0.000010 0.012444 0.081860 0.474091 0.040348
0.357184 0.000010 0.083067 0.000010 0.000010 0.000010 0.044575 0.515123 0.000010
0.223805 0.020366 0.000010 0.140171 0.000010 0.000010 0.106972 0.508647 0.000010
0.358664 0.000010 0.022352 0.027832 0.000010 0.000010 0.102132 0.416421 0.072569
0.276780 0.105190 0.000010 0.000010 0.105387 0.000010 0.210602 0.302001 0.000010
0.221420 0.019668 0.040706 0.012819 0.000010 0.000010 0.235922 0.469435 0.000010
0.146717 0.000010 0.012863 0.006051 0.000010 0.000010 0.279796 0.554533 0.000010
0.308436 0.006481 0.040647 0.044733 0.000010 0.000010 0.166576 0.401240 0.031867
0.323734 0.006648 0.041885 0.054533 0.000010 0.000010 0.067654 0.478068 0.027458
0.207343 0.000010 0.051144 0.000010 0.034438 0.058424 0.067454 0.580780 0.000397
0.207218 0.079908 0.000010 0.070679 0.046737 0.117330 0.065695 0.412414 0.000010
0.180399 0.000010 0.115339 0.118331 0.040792 0.000010 0.178354 0.366755 0.000010
0.485004 0.000010 0.022060 0.146726 0.000010 0.005299 0.077525 0.263356 0.000010
0.259624 0.004288 0.004211 0.116410 0.000010 0.038000 0.160848 0.416600 0.000010
0.119610 0.000010 0.000010 0.398368 0.000867 0.000010 0.097149 0.383966 0.000010
0.286995 0.000010 0.041568 0.066278 0.000010 0.043951 0.030901 0.431053 0.099233
0.310116 0.000010 0.028895 0.019656 0.028664 0.000010 0.104371 0.508269 0.000010
0.214909 0.017282 0.032834 0.109192 0.100109 0.000010 0.081679 0.443974 0.000010
0.183442 0.037784 0.000010 0.105197 0.000010 0.000010 0.143743 0.463007 0.066798
0.182826 0.000010 0.000010 0.034378 0.076177 0.000010 0.110756 0.590894 0.004939
0.184769 0.000010 0.053262 0.134458 0.002359 0.005236 0.092774 0.527122 0.000010
0.130338 0.015727 0.024102 0.157469 0.054073 0.020131 0.096667 0.407252 0.094241
0.339351 0.000010 0.081446 0.150422 0.000010 0.049064 0.000010 0.357400 0.022286
0.207845 0.000010 0.029766 0.165518 0.018179 0.000010 0.125591 0.427610 0.025472
0.235465 0.000010 0.064395 0.041983 0.047803 0.012394 0.005309 0.537812 0.054829
0.317025 0.074510 0.000010 0.019639 0.032087 0.004677 0.020679 0.531363 0.000010
0.201817 0.000010 0.048463 0.101695 0.008119 0.000010 0.088769 0.506464 0.044652
0.243345 0.000010 0.030368 0.055151 0.051734 0.000010 0.079012 0.530783 0.009586
0.197813 0.000010 0.006270 0.087954 0.071341 0.000010 0.088838 0.547755 0.000010
0.178055 0.000010 0.031445 0.185755 0.051694 0.000010 0.030144 0.522877 0.000010
0.145232 0.000010 0.033690 0.185285 0.063659 0.000010 0.000010 0.505715 0.066389
0.348986 0.000010 0.009278 0.000010 0.054725 0.000010 0.114931 0.472039 0.000010
0.264601 0.000010 0.000010 0.004855 0.055519 0.000010 0.097853 0.534985 0.042157
0.242458 0.082942 0.000824 0.169901 0.009057 0.043934 0.000010 0.450865 0.000010
0.098362 0.003726 0.118477 0.000072 0.012378 0.000010 0.109593 0.594123 0.063258
0.256717 0.000010 0.098714 0.179575 0.009090 0.082773 0.000010 0.373101 0.000010
0.167819 0.017386 0.005815 0.117452 0.026789 0.000010 0.000010 0.510898 0.153820
0.110010 0.068257 0.036585 0.051661 0.000010 0.000010 0.271593 0.428310 0.033564
0.012817 0.026847 0.233870 0.130747 0.005447 0.028378 0.141154 0.420730 0.000010
0.267580 0.042960 0.038755 0.006466 0.000010 0.061057 0.255894 0.327268 0.000010
0.162774 0.096827 0.138997 0.000010 0.000010 0.000010 0.115809 0.439026 0.046538
0.238039 0.002394 0.068770 0.083915 0.122186 0.043199 0.002041 0.422291 0.017165
0.060974 0.060830 0.167365 0.206902 0.035687 0.000010 0.070010 0.398212 0.000010
0.142644 0.062725 0.102952 0.047109 0.000010 0.000010 0.176774 0.467766 0.000010
0.360861 0.075719 0.080387 0.000010 0.015502 0.000010 0.086886 0.380615 0.000010
0.042927 0.028019 0.104875 0.238453 0.130719 0.046732 0.025111 0.383154 0.000010
0.079922 0.000010 0.076789 0.117838 0.137599 0.000010 0.108805 0.442980 0.036047
0.126743 0.130697 0.117169 0.014868 0.065035 0.000010 0.102775 0.404350 0.038353
0.254721 0.059028 0.038938 0.022333 0.055143 0.000010 0.122659 0.447159 0.000010
0.194027 0.067350 0.151694 0.017413 0.000010 0.000010 0.148936 0.420550 0.000010
0.088400 0.091766 0.095244 0.089894 0.000010 0.000010 0.060657 0.574010 0.000010
0.143874 0.068574 0.145148 0.000010 0.000010 0.000010 0.084701 0.557662 0.000010
0.308076 0.000010 0.208470 0.032051 0.070923 0.024432 0.071890 0.222998 0.061151
0.152206 0.000010 0.047018 0.096478 0.075515 0.000010 0.136876 0.491877 0.000010
0.225705 0.116703 0.127259 0.000010 0.000010 0.023421 0.015930 0.490952 0.000010
0.163571 0.037812 0.064732 0.005670 0.028129 0.079789 0.092308 0.470160 0.057829
0.176442 0.000010 0.069742 0.090530 0.062845 0.009666 0.228803 0.361951 0.000010
0.157745 0.103282 0.000010 0.110764 0.099951 0.036846 0.136761 0.354632 0.000010
0.129168 0.095268 0.163443 0.123733 0.124796 0.003115 0.124508 0.235959 0.000010
0.139195 0.000010 0.076313 0.258007 0.093239 0.000010 0.063469 0.369748 0.000010
0.163293 0.082076 0.018650 0.000010 0.066777 0.000010 0.115799 0.553376 0.000010
0.196777 0.078494 0.011472 0.059715 0.083540 0.000010 0.151173 0.418810 0.000010
0.000010 0.000010 0.000010 0.000010 0.000010 0.386825 0.000010 0.020557 0.592558
0.000010 0.000010 0.000010 0.000010 0.002597 0.440656 0.000010 0.000010 0.556687
0.000010 0.000010 0.022452 0.000010 0.000010 0.215829 0.000010 0.000010 0.761659
0.000010 0.000010 0.000010 0.000010 0.000010 0.375494 0.000010 0.000010 0.624436
0.000010 0.000010 0.000010 0.000010 0.000010 0.323559 0.000010 0.000010 0.676371
0.000010 0.002076 0.000010 0.000010 0.018111 0.315186 0.000010 0.000010 0.664577
0.000010 0.000010 0.000010 0.000010 0.006771 0.380391 0.000010 0.000010 0.612778
0.000010 0.000010 0.000010 0.000010 0.010533 0.337006 0.000010 0.000010 0.652400
0.000010 0.000010 0.000010 0.006684 0.000010 0.321970 0.000010 0.002037 0.669259
0.000010 0.034425 0.000010 0.000010 0.000010 0.366110 0.000010 0.000010 0.599405
0.000010 0.000010 0.000010 0.000010 0.000010 0.413785 0.004872 0.000010 0.581283
0.006106 0.000010 0.000292 0.000010 0.000010 0.379845 0.000010 0.000010 0.613707
0.000010 0.000010 0.000010 0.000010 0.000010 0.485673 0.000010 0.000010 0.514257
0.000010 0.000010 0.000010 0.000010 0.029129 0.466272 0.000010 0.041036 0.463514
0.000010 0.000010 0.010515 0.000010 0.031870 0.311128 0.000010 0.000010 0.646437
0.000010 0.014140 0.021298 0.000010 0.000010 0.322510 0.000010 0.000010 0.642001
0.000010 0.000010 0.000010 0.000010 0.000010 0.231460 0.022107 0.000010 0.746372
0.000010 0.029257 0.000010 0.000010 0.000010 0.439987 0.000010 0.001867 0.528839
0.000010 0.027866 0.000010 0.000010 0.000010 0.351693 0.001148 0.000010 0.619243
0.000010 0.000010 0.000010 0.000010 0.000010 0.288247 0.000010 0.000010 0.711683
0.029648 0.024141 0.000321 0.000010 0.000010 0.341667 0.000010 0.000010 0.604182
0.020062 0.009261 0.000010 0.000010 0.000010 0.326715 0.008223 0.000010 0.635699
0.000010 0.000010 0.000010 0.000010 0.000010 0.341492 0.000010 0.000010 0.658438
0.000010 0.036586 0.000010 0.000010 0.000010 0.488750 0.006378 0.000010 0.468236
0.005138 0.000010 0.000010 0.000010 0.000010 0.342224 0.000010 0.000010 0.652579
0.000010 0.000400 0.000010 0.000010 0.005198 0.576917 0.000010 0.034351 0.383094
0.000010 0.000010 0.012260 0.000010 0.000010 0.531212 0.000010 0.000010 0.456469
0.000010 0.000010 0.000010 0.000010 0.007973 0.177046 0.000010 0.000010 0.814921
0.000010 0.016822 0.000010 0.000010 0.862066 0.000010 0.121052 0.000010 0.000010
0.369496 0.000010 0.134351 0.248974 0.074203 0.000010 0.000010 0.154874 0.018072
0.544853 0.000010 0.000010 0.223039 0.000010 0.000010 0.076417 0.155641 0.000010
0.555364 0.043082 0.071970 0.195398 0.000010 0.000010 0.023768 0.080285 0.030113
0.368509 0.000010 0.000010 0.435043 0.000010 0.000010 0.000010 0.164427 0.031971
0.373079 0.000010 0.106496 0.272072 0.013101 0.003304 0.000010 0.231917 0.000010
0.404740 0.000010 0.021979 0.399533 0.000010 0.000010 0.000010 0.173698 0.000010
0.460045 0.058997 0.000010 0.198159 0.000010 0.005030 0.000010 0.187924 0.089815
0.296149 0.000010 0.078379 0.325169 0.007921 0.039343 0.070689 0.160621 0.021720
0.346216 0.000010 0.000010 0.418958 0.000010 0.000010 0.000010 0.234766 0.000010
0.466474 0.000010 0.000010 0.234195 0.000010 0.000010 0.000010 0.291124 0.008157
0.364852 0.000010 0.187493 0.256502 0.000010 0.000010 0.000010 0.162268 0.028845
0.629933 0.031489 0.000010 0.260916 0.054080 0.000010 0.011136 0.012416 0.000010
0.544177 0.001290 0.051329 0.189575 0.000010 0.000010 0.008945 0.204655 0.000010
0.565838 0.000010 0.018877 0.084580 0.020627 0.000010 0.000010 0.310038 0.000010
0.402260 0.110806 0.000010 0.210243 0.109005 0.000010 0.000010 0.129075 0.038581
0.360577 0.000010 0.000010 0.300571 0.035794 0.000010 0.020408 0.243229 0.039391
0.344254 0.000010 0.019866 0.284975 0.044409 0.014648 0.106960 0.161249 0.023629
0.302369 0.091242 0.000010 0.342623 0.000010 0.000010 0.104177 0.159548 0.000010
0.413303 0.000010 0.009561 0.290812 0.006628 0.000010 0.086514 0.172606 0.020555
0.530941 0.010141 0.000010 0.184007 0.000010 0.035212 0.000010 0.239659 0.000010
0.529472 0.000010 0.000010 0.314194 0.000010 0.000010 0.063653 0.092631 0.000010
0.343305 0.085836 0.000010 0.329377 0.000010 0.000010 0.007425 0.234017 0.000010
0.333411 0.079005 0.000010 0.395510 0.020747 0.000010 0.010155 0.161141 0.000010
0.294532 0.000010 0.054324 0.289318 0.047407 0.000010 0.049669 0.264720 0.000010
0.388759 0.000010 0.000010 0.239749 0.049544 0.000010 0.051217 0.270691 0.000010
0.421401 0.000010 0.058913 0.230557 0.000010 0.000010 0.160898 0.128192 0.000010
0.327877 0.035727 0.015207 0.352337 0.000010 0.000010 0.037262 0.231561 0.000010
0.637783 0.022650 0.000010 0.182555 0.000010 0.000010 0.000010 0.156962 0.000010
0.000010 0.038468 0.000010 0.000010 0.951658 0.008415 0.001410 0.000010 0.000010
0.000010 0.000010 0.000010 0.000010 0.906863 0.000010 0.080771 0.004382 0.007934
0.000010 0.034228 0.002072 0.000010 0.877990 0.000010 0.085660 0.000010 0.000010
0.000010 0.000010 0.000010 0.000010 0.955454 0.000010 0.044476 0.000010 0.000010
0.000010 0.000010 0.067361 0.000010 0.878577 0.000010 0.054002 0.000010 0.000010
0.066004 0.000010 0.000010 0.000010 0.933926 0.000010 0.000010 0.000010 0.000010
0.000010 0.011690 0.000010 0.000010 0.941484 0.000010 0.046766 0.000010 0.000010
0.000010 0.000010 0.000010 0.000010 0.945906 0.031313 0.000010 0.022721 0.000010
0.000010 0.000010 0.000010 0.000010 0.981543 0.000010 0.000010 0.000010 0.018387
0.044053 0.006178 0.000010 0.000010 0.943576 0.000010 0.000010 0.000010 0.006142
0.000010 0.000010 0.000010 0.000010 0.972069 0.000010 0.027861 0.000010 0.000010
0.000012 0.000010 0.000010 0.000010 0.973676 0.000010 0.000010 0.026252 0.000010
0.018745 0.014927 0.000010 0.000010 0.929435 0.011137 0.000010 0.025716 0.000010
0.000010 0.000010 0.000010 0.000010 0.922917 0.055170 0.012197 0.009667 0.000010
0.010622 0.045058 0.000010 0.000010 0.922805 0.000010 0.021465 0.000010 0.000010
0.000010 0.013289 0.005715 0.000010 0.973899 0.000010 0.000010 0.000010 0.007047
0.000010 0.047584 0.000010 0.000010 0.936371 0.000010 0.015985 0.000010 0.000010
0.620414 0.000010 0.000010 0.054789 0.050436 0.000010 0.068431 0.192363 0.013537
0.538012 0.000010 0.000010 0.052356 0.000010 0.053359 0.079815 0.235234 0.041194
0.499652 0.034660 0.003440 0.000010 0.039545 0.045986 0.024208 0.318788 0.033710
0.596976 0.044390 0.000582 0.095789 0.000010 0.000010 0.000010 0.195543 0.066690
0.494443 0.000010 0.035879 0.127433 0.010230 0.003427 0.000010 0.255427 0.073141
0.601981 0.000010 0.003109 0.000010 0.033466 0.000010 0.121747 0.227728 0.011938
0.685310 0.000010 0.018437 0.016842 0.000010 0.000010 0.010249 0.232134 0.036997
0.538819 0.048497 0.000010 0.032736 0.063934 0.000010 0.000010 0.304857 0.011127
0.468559 0.043660 0.000010 0.000827 0.099544 0.000010 0.000010 0.340796 0.046583
0.469247 0.000010 0.000010 0.074462 0.000010 0.000010 0.194549 0.261692 0.000010
0.728263 0.000010 0.000010 0.047572 0.033591 0.016034 0.000010 0.174499 0.000010
0.644786 0.000010 0.000010 0.069160 0.000010 0.000010 0.000010 0.265908 0.020096
0.577602 0.000010 0.028284 0.093949 0.059515 0.011440 0.035194 0.193995 0.000010
0.542020 0.000010 0.000010 0.000010 0.021801 0.000010 0.000010 0.386289 0.049840
0.547149 0.000010 0.000010 0.000010 0.034038 0.033991 0.000010 0.259042 0.125740
0.529316 0.000010 0.003609 0.049012 0.016357 0.000010 0.000010 0.352172 0.049504
0.676237 0.000010 0.000010 0.055614 0.000010 0.005030 0.037042 0.226036 0.000010
0.338185 0.071064 0.000010 0.157095 0.000010 0.000325 0.093506 0.339795 0.000010
0.511966 0.059213 0.101131 0.058211 0.000010 0.000010 0.000010 0.222022 0.047427
0.577929 0.083883 0.000010 0.128806 0.000010 0.000010 0.000010 0.175715 0.033627
0.598985 0.063863 0.101238 0.020327 0.028773 0.077732 0.000010 0.063029 0.046042
0.498482 0.132505 0.010465 0.007191 0.000010 0.000010 0.003442 0.322078 0.025817
0.531062 0.003502 0.107182 0.059458 0.006792 0.000010 0.000010 0.270259 0.021726
0.488512 0.000010 0.000010 0.020547 0.000010 0.049877 0.082321 0.357921 0.000792
0.597084 0.000010 0.000010 0.000010 0.000010 0.000010 0.000010 0.402846 0.000010
0.463686 0.052494 0.000010 0.109142 0.000010 0.000010 0.068727 0.280550 0.025370
0.564695 0.000010 0.000010 0.104054 0.000010 0.040136 0.000010 0.291065 0.000010
0.516153 0.000010 0.104821 0.032814 0.032303 0.000010 0.026944 0.239052 0.047893
0.506177 0.090916 0.028572 0.000010 0.060676 0.000010 0.047833 0.265796 0.000010
0.495399 0.070794 0.000010 0.066179 0.050814 0.017387 0.073496 0.225912 0.000010
0.587300 0.000010 0.053488 0.079386 0.000010 0.003786 0.002643 0.241652 0.031724
0.421196 0.039151 0.000010 0.075611 0.051646 0.029277 0.068872 0.314227 0.000010
0.526185 0.024806 0.087325 0.045674 0.002668 0.000010 0.036446 0.231004 0.045881
0.560797 0.021543 0.000010 0.007467 0.069077 0.002206 0.000010 0.283781 0.055109
0.526312 0.024740 0.004323 0.083311 0.085946 0.029513 0.000010 0.225915 0.019930
0.485842 0.038784 0.000010 0.070723 0.052492 0.000010 0.123980 0.202649 0.025510
0.592141 0.000010 0.052550 0.000010 0.002046 0.000010 0.000010 0.317786 0.035437
0.596269 0.000010 0.000010 0.000010 0.000010 0.000010 0.058575 0.338242 0.006863
0.500285 0.000010 0.000010 0.135200 0.000010 0.114985 0.001856 0.247634 0.000010
0.494994 0.000010 0.078656 0.086573 0.000010 0.000010 0.000010 0.339728 0.000010
0.480877 0.000010 0.000010 0.047322 0.000010 0.000010 0.016951 0.270404 0.184407
0.569288 0.082769 0.000010 0.087733 0.007640 0.000010 0.000010 0.252529 0.000010
0.623103 0.046237 0.038606 0.000010 0.061129 0.000010 0.000010 0.230885 0.000010
0.673246 0.000010 0.000010 0.000010 0.000010 0.000010 0.000010 0.213147 0.113547
0.559655 0.000010 0.000010 0.088280 0.000010 0.015555 0.018998 0.269909 0.047573
0.601966 0.087985 0.000010 0.044343 0.000010 0.016975 0.000010 0.219962 0.028739
0.536546 0.000010 0.000010 0.073773 0.045421 0.000010 0.124144 0.182070 0.038015
0.488650 0.000010 0.017754 0.168035 0.000010 0.000010 0.014358 0.264994 0.046179
0.610458 0.089778 0.000010 0.000010 0.007989 0.000010 0.103746 0.139342 0.048657
0.620669 0.023283 0.000010 0.006871 0.000010 0.040419 0.026504 0.282223 0.000010
0.412195 0.072154 0.083347 0.000010 0.000010 0.017487 0.004853 0.403323 0.006621
0.567567 0.000010 0.000010 0.024255 0.091368 0.019542 0.000010 0.218192 0.079045
0.600932 0.019259 0.000010 0.015980 0.089430 0.031098 0.000010 0.205552 0.037729
0.448293 0.046771 0.000010 0.000010 0.000010 0.000010 0.000010 0.391795 0.113091
0.564225 0.000010 0.017400 0.000010 0.060799 0.000010 0.000010 0.201187 0.156349
0.237013 0.000010 0.000010 0.000010 0.000010 0.039851 0.057111 0.063674 0.602311
0.573379 0.000010 0.000010 0.000010 0.000010 0.007268 0.000010 0.272450 0.146853
0.649696 0.108554 0.000010 0.000010 0.042221 0.014328 0.006046 0.179125 0.000010
0.538177 0.007994 0.047748 0.088610 0.024755 0.052872 0.025422 0.172233 0.042189
0.503586 0.000010 0.008796 0.081872 0.003743 0.048497 0.080050 0.273437 0.000010
0.340629 0.110035 0.000010 0.024640 0.000010 0.027547 0.116053 0.358094 0.022981
0.574878 0.011856 0.000010 0.000010 0.044961 0.014670 0.000010 0.303889 0.049715
0.617317 0.000010 0.000010 0.019220 0.000010 0.086977 0.000010 0.215578 0.060868
0.372451 0.058071 0.068604 0.123604 0.096964 0.000010 0.000010 0.233071 0.047215
0.636225 0.031832 0.000010 0.078292 0.009727 0.000010 0.003817 0.223258 0.016829
0.525376 0.000010 0.040454 0.114280 0.071456 0.000010 0.000010 0.248395 0.000010
0.401911 0.108157 0.000010 0.000010 0.005673 0.024587 0.000010 0.437364 0.022277
0.522670 0.000010 0.000010 0.124376 0.008939 0.000010 0.000010 0.193467 0.150508
0.488409 0.000010 0.002917 0.080582 0.015032 0.000010 0.000010 0.306427 0.106603
0.493542 0.000010 0.000010 0.147490 0.008897 0.005521 0.000010 0.294151 0.050369
0.598580 0.045275 0.000010 0.069142 0.000010 0.018276 0.000010 0.268687 0.000010
0.529996 0.000010 0.000010 0.091417 0.064395 0.000010 0.000010 0.173867 0.140285
0.600169 0.000010 0.000010 0.000010 0.000010 0.079408 0.029764 0.290609 0.000010
0.583315 0.000010 0.007636 0.000010 0.000010 0.000010 0.000010 0.196672 0.212327
0.619453 0.026914 0.021803 0.000010 0.000010 0.000010 0.000010 0.251567 0.080222
0.618028 0.000010 0.025919 0.034246 0.000010 0.010293 0.013332 0.294462 0.003700
0.680087 0.000010 0.000010 0.066364 0.000010 0.001468 0.054020 0.178852 0.019180
0.493576 0.059204 0.000010 0.000010 0.052954 0.000010 0.000010 0.233283 0.160943
0.398216 0.000010 0.000010 0.068998 0.000010 0.000010 0.000010 0.192699 0.340038
0.531087 0.000010 0.000010 0.000010 0.000010 0.011875 0.121607 0.254587 0.080804
0.464167 0.108171 0.028370 0.000010 0.000010 0.000010 0.033039 0.175258 0.190964
0.719437 0.067309 0.000010 0.000010 0.005544 0.015737 0.000010 0.162038 0.029905
0.531156 0.028501 0.000010 0.113061 0.000010 0.000010 0.002414 0.304373 0.020465
0.578300 0.000010 0.028077 0.000010 0.000010 0.000010 0.000010 0.307015 0.086558
0.614979 0.000010 0.000010 0.078412 0.024334 0.000010 0.008495 0.121409 0.152341
0.508350 0.040089 0.019142 0.162500 0.000010 0.000010 0.000010 0.257926 0.011963
0.540256 0.000010 0.056719 0.000010 0.020437 0.000010 0.007863 0.347363 0.027332
0.000010 0.000010 0.000010 0.000010 0.882004 0.000010 0.117926 0.000010 0.000010
0.000010 0.029385 0.066965 0.000010 0.693094 0.000010 0.168803 0.000010 0.041713
0.032790 0.029312 0.053821 0.000010 0.771263 0.031046 0.081737 0.000010 0.000010
0.044422 0.025347 0.021734 0.000010 0.846528 0.000010 0.061930 0.000010 0.000010
0.000010 0.005341 0.081670 0.000016 0.822192 0.000010 0.090740 0.000010 0.000010
0.000010 0.000010 0.000010 0.000010 0.893680 0.000010 0.106250 0.000010 0.000010
0.000010 0.032180 0.038155 0.022509 0.729355 0.018379 0.159393 0.000010 0.000010
0.535657 0.004708 0.033590 0.077749 0.140779 0.000010 0.013024 0.194473 0.000010
0.550212 0.000010 0.044161 0.262659 0.000010 0.000010 0.000010 0.142919 0.000010
0.486420 0.000010 0.023231 0.340645 0.000010 0.000010 0.081818 0.000010 0.067845
0.658387 0.000010 0.002493 0.158639 0.006606 0.000010 0.000010 0.173074 0.000772
0.545007 0.000010 0.015090 0.171439 0.000010 0.000010 0.000010 0.268413 0.000010
0.377328 0.000010 0.000010 0.415816 0.000010 0.000010 0.016183 0.190623 0.000010
0.420507 0.057002 0.000010 0.267913 0.024275 0.034226 0.074890 0.121167 0.000010
0.601949 0.000010 0.060811 0.130177 0.000010 0.000010 0.067736 0.139287 0.000010
0.634266 0.005372 0.000010 0.135423 0.000010 0.017631 0.001992 0.205287 0.000010
0.543382 0.000010 0.000010 0.150653 0.000010 0.000010 0.000010 0.277303 0.028612
0.585270 0.002395 0.027838 0.072198 0.000010 0.000010 0.040453 0.213962 0.057864
0.557183 0.090927 0.000010 0.060989 0.019426 0.027002 0.028648 0.215806 0.000010
0.285756 0.062465 0.000010 0.000010 0.054494 0.000010 0.073161 0.299387 0.224707
0.566043 0.000010 0.071229 0.035751 0.000010 0.000010 0.013374 0.313563 0.000010
0.704719 0.000010 0.000010 0.026876 0.000010 0.000010 0.000010 0.226491 0.041863
0.554881 0.023153 0.003000 0.000010 0.054840 0.077845 0.036720 0.166194 0.083357
0.562293 0.000010 0.049044 0.000010 0.127182 0.073606 0.043650 0.121791 0.022415
0.595675 0.000010 0.000010 0.000010 0.000010 0.000010 0.000010 0.190639 0.213626
0.556642 0.000010 0.020643 0.065918 0.026758 0.000010 0.000010 0.271326 0.058684
0.542723 0.000010 0.037330 0.000010 0.037575 0.027391 0.049002 0.301383 0.004576
0.691410 0.000010 0.000010 0.000010 0.002420 0.000010 0.000010 0.306110 0.000010
0.692114 0.000010 0.024234 0.030154 0.000010 0.000010 0.015645 0.232352 0.005471
0.643048 0.000010 0.023192 0.012763 0.098967 0.000010 0.000010 0.221989 0.000010
0.623343 0.000010 0.000010 0.085878 0.000010 0.000010 0.000010 0.242037 0.048692
0.485196 0.000010 0.000010 0.006894 0.000010 0.000010 0.048121 0.339969 0.119780
0.490956 0.032662 0.029610 0.059238 0.015211 0.000010 0.000010 0.299725 0.072577
0.563169 0.000010 0.000010 0.001845 0.000010 0.000010 0.000010 0.304230 0.130706
0.400446 0.000010 0.000010 0.233998 0.000010 0.000010 0.000010 0.365496 0.000010
0.573772 0.017278 0.000010 0.062986 0.000010 0.000010 0.032132 0.260545 0.053257
0.498631 0.000010 0.000010 0.195259 0.000010 0.000010 0.000010 0.187036 0.119025
0.462698 0.027067 0.000010 0.088601 0.000010 0.000010 0.001128 0.274823 0.145653
0.642468 0.000010 0.018142 0.038620 0.000010 0.047538 0.000010 0.225288 0.027915
0.653068 0.000010 0.075053 0.000010 0.045925 0.000010 0.000990 0.152297 0.072637
0.563067 0.000010 0.000010 0.113180 0.072911 0.000010 0.000010 0.213708 0.037094
0.463404 0.032944 0.000010 0.047443 0.053327 0.103478 0.114538 0.184846 0.000010
0.000010 0.774124 0.149211 0.016922 0.059694 0.000010 0.000010 0.000010 0.000010
0.000010 0.958494 0.000010 0.000638 0.040808 0.000010 0.000010 0.000010 0.000010
0.007659 0.903487 0.000010 0.028288 0.060516 0.000010 0.000010 0.000010 0.000010
0.000010 0.928153 0.000010 0.030158 0.037381 0.004258 0.000010 0.000010 0.000010
0.000010 0.000010 0.335972 0.000010 0.033906 0.012001 0.558744 0.059336 0.000010
0.000010 0.000010 0.551118 0.000010 0.005397 0.000010 0.422795 0.000010 0.020640
0.002783 0.000010 0.331044 0.000010 0.000010 0.000010 0.458057 0.145988 0.062088
0.028593 0.000010 0.524126 0.000010 0.139859 0.007629 0.292850 0.005062 0.001860
0.000010 0.000010 0.471897 0.018971 0.079183 0.000010 0.388130 0.041779 0.000010
0.000010 0.055562 0.463086 0.000010 0.062825 0.000010 0.394704 0.015711 0.008080
0.000038 0.072868 0.315104 0.000010 0.048363 0.076993 0.436893 0.049720 0.000010
0.000010 0.000010 0.459887 0.000010 0.081455 0.036155 0.422453 0.000010 0.000010
0.000010 0.000010 0.535379 0.000010 0.029524 0.000010 0.435037 0.000010 0.000010
0.019521 0.000010 0.399174 0.071263 0.000010 0.000010 0.452441 0.057562 0.000010
0.564580 0.022014 0.052261 0.089627 0.000010 0.026111 0.000010 0.205053 0.040336
0.568816 0.059387 0.000010 0.000010 0.000010 0.020664 0.060795 0.253656 0.036651
0.471438 0.004911 0.000010 0.031077 0.000010 0.039959 0.116136 0.298677 0.037782
0.406734 0.035582 0.000010 0.109414 0.051834 0.000010 0.098282 0.257528 0.040607
0.452807 0.094487 0.000010 0.077022 0.000010 0.026761 0.018868 0.330025 0.000010
0.497784 0.000010 0.000010 0.075794 0.000010 0.043142 0.000010 0.256770 0.126471
0.442458 0.000010 0.061591 0.000010 0.057431 0.043798 0.000010 0.218738 0.175954
0.540966 0.015280 0.011674 0.046079 0.001395 0.000010 0.097689 0.254118 0.032790
0.522793 0.000010 0.113581 0.051669 0.037223 0.000010 0.000010 0.257827 0.016878
0.641426 0.037205 0.049048 0.008655 0.000010 0.000010 0.053784 0.195908 0.013954
0.510574 0.075319 0.000010 0.026580 0.043566 0.019810 0.068025 0.241916 0.014201
0.407822 0.000010 0.049054 0.078955 0.081771 0.000010 0.165908 0.216460 0.000010
0.516077 0.000010 0.039933 0.075901 0.000010 0.027327 0.039660 0.246175 0.054908
0.577961 0.000010 0.105754 0.027486 0.058823 0.057692 0.001176 0.171087 0.000010
0.549866 0.000010 0.084716 0.055280 0.000010 0.000010 0.035584 0.274515 0.000010
0.366632 0.089306 0.000010 0.000010 0.138407 0.000010 0.019019 0.242295 0.144310
0.550468 0.000010 0.024507 0.090303 0.000010 0.000010 0.022020 0.215783 0.096890
0.455222 0.051593 0.096774 0.000010 0.000010 0.000010 0.000010 0.376420 0.019951
0.494153 0.000010 0.102708 0.000010 0.000010 0.000010 0.043026 0.304790 0.055283
0.628312 0.000010 0.054516 0.000010 0.000010 0.000011 0.000010 0.257645 0.059476
0.711582 0.000010 0.000010 0.000010 0.000010 0.000010 0.000010 0.227343 0.061015
0.025576 0.000010 0.640397 0.021000 0.018561 0.000010 0.294426 0.000010 0.000010
0.000010 0.000010 0.705858 0.000010 0.000010 0.000010 0.294072 0.000010 0.000010
0.000010 0.164259 0.591983 0.000010 0.000010 0.034917 0.191194 0.000010 0.017607
0.000010 0.152042 0.606559 0.000010 0.050774 0.000010 0.164915 0.025670 0.000010
0.004460 0.011314 0.670226 0.000010 0.055443 0.004627 0.219818 0.033211 0.000891
0.000010 0.000010 0.657968 0.000010 0.000010 0.000010 0.341962 0.000010 0.000010
0.000010 0.097999 0.761154 0.000010 0.036933 0.000010 0.101237 0.002637 0.000010
0.000010 0.031006 0.550115 0.027437 0.002333 0.000797 0.351584 0.020502 0.016217
0.000010 0.040032 0.729385 0.000010 0.036522 0.000010 0.174094 0.000010 0.019926
0.000010 0.023196 0.670426 0.000814 0.066478 0.000010 0.239045 0.000010 0.000010
0.115667 0.000010 0.664613 0.000010 0.000010 0.000010 0.184369 0.035301 0.000010
0.107701 0.000010 0.589691 0.060471 0.000010 0.059221 0.171890 0.010995 0.000010
0.000010 0.033664 0.675023 0.000010 0.000010 0.000010 0.288611 0.000010 0.002652
0.000010 0.000010 0.667975 0.000010 0.087670 0.000010 0.230129 0.000010 0.014176
0.000010 0.037360 0.703769 0.046426 0.039540 0.000010 0.172865 0.000010 0.000010
0.000010 0.008448 0.677311 0.000010 0.000010 0.000010 0.304419 0.009772 0.000010
0.000010 0.000010 0.732309 0.000010 0.008066 0.000010 0.219023 0.037763 0.002799
0.000010 0.032598 0.859992 0.000010 0.000010 0.000010 0.100300 0.000010 0.007059
0.000010 0.011298 0.669549 0.000010 0.000010 0.000010 0.308659 0.010443 0.000010
0.000010 0.190994 0.644812 0.000010 0.021505 0.006848 0.108571 0.027240 0.000010
0.000010 0.114089 0.512949 0.040959 0.013052 0.042079 0.153104 0.123748 0.000010
0.000010 0.045531 0.637155 0.000010 0.000010 0.000010 0.317254 0.000010 0.000010
0.000010 0.050691 0.638414 0.000010 0.000010 0.000010 0.223508 0.087338 0.000010
0.000010 0.128683 0.654688 0.000010 0.000010 0.000010 0.216569 0.000010 0.000010
0.000010 0.000010 0.739411 0.020119 0.000010 0.006686 0.233734 0.000010 0.000010
0.000010 0.029991 0.737684 0.000010 0.097816 0.000010 0.134459 0.000010 0.000010
0.000010 0.045830 0.539134 0.063020 0.079303 0.000010 0.272673 0.000010 0.000010
0.027426 0.000010 0.607643 0.000010 0.043402 0.000010 0.321479 0.000010 0.000010
0.000010 0.000946 0.635784 0.000010 0.000010 0.000010 0.332158 0.031062 0.000010
0.000010 0.010629 0.525012 0.000010 0.008917 0.000010 0.455391 0.000010 0.000010
0.000010 0.021962 0.646955 0.000010 0.000010 0.000010 0.331022 0.000010 0.000010
0.009412 0.000010 0.586676 0.000010 0.088713 0.000010 0.315149 0.000010 0.000010
0.003359 0.000010 0.593450 0.000010 0.023545 0.000010 0.376307 0.003299 0.000010
0.000010 0.000010 0.683539 0.000010 0.000010 0.003124 0.313277 0.000010 0.000010
0.000010 0.068545 0.442768 0.027604 0.049386 0.000010 0.357661 0.000010 0.054006
0.000010 0.000010 0.733544 0.000010 0.020394 0.000010 0.246002 0.000010 0.000010
0.000010 0.000010 0.627193 0.000010 0.000010 0.000010 0.372737 0.000010 0.000010
0.000010 0.000010 0.572995 0.000010 0.038606 0.000010 0.339695 0.048654 0.000010
0.000010 0.099220 0.540115 0.000010 0.023753 0.000010 0.306510 0.030362 0.000010
0.000010 0.003988 0.000010 0.063040 0.794877 0.003272 0.132329 0.002464 0.000010
0.028179 0.000010 0.000010 0.005361 0.966399 0.000010 0.000010 0.000010 0.000010
0.075288 0.040136 0.755875 0.000010 0.000010 0.000010 0.128651 0.000010 0.000010
0.000010 0.013887 0.676594 0.027402 0.000010 0.000010 0.261868 0.020209 0.000010
0.441749 0.000585 0.000010 0.271372 0.000010 0.018003 0.000010 0.234004 0.034257
0.253957 0.034980 0.095997 0.333852 0.000010 0.000010 0.000010 0.209862 0.071323
0.418158 0.051128 0.000010 0.397330 0.000010 0.006088 0.000010 0.127256 0.000010
0.373234 0.003142 0.000010 0.334485 0.045285 0.028282 0.000010 0.197353 0.018199
0.329243 0.051638 0.007228 0.356497 0.000010 0.042622 0.000010 0.203720 0.009032
0.256555 0.048735 0.000010 0.380391 0.000010 0.000010 0.074282 0.239996 0.000010
0.308230 0.000010 0.087074 0.352939 0.031314 0.016762 0.000010 0.203652 0.000010
0.301563 0.000010 0.000010 0.451969 0.084516 0.000010 0.000010 0.161902 0.000010
0.388208 0.026521 0.000010 0.327714 0.000010 0.000010 0.000010 0.257507 0.000010
0.301437 0.000010 0.017159 0.335751 0.000010 0.000010 0.000010 0.345603 0.000010
0.199447 0.000010 0.008338 0.368934 0.003933 0.025300 0.073091 0.241188 0.079759
0.446691 0.016795 0.080575 0.210170 0.000010 0.000010 0.009696 0.235325 0.000729
0.369303 0.000010 0.000010 0.352849 0.000010 0.000010 0.000010 0.277788 0.000010
0.000010 0.121376 0.583934 0.000010 0.000010 0.000010 0.294630 0.000010 0.000010
0.000010 0.000010 0.617425 0.058166 0.039412 0.000010 0.284947 0.000010 0.000010
0.035215 0.019470 0.567458 0.000010 0.000010 0.000010 0.358707 0.006571 0.012550
0.000010 0.000010 0.738445 0.000010 0.000010 0.000010 0.207440 0.054055 0.000010
0.000010 0.066261 0.503057 0.071240 0.049990 0.000010 0.309411 0.000010 0.000010
0.000010 0.000010 0.509221 0.000010 0.095840 0.033106 0.361783 0.000010 0.000010
0.000010 0.170626 0.549832 0.000010 0.000010 0.000010 0.279482 0.000010 0.000010
0.000010 0.000010 0.619911 0.000010 0.102058 0.000010 0.277971 0.000010 0.000010
0.000010 0.099213 0.582444 0.000010 0.025215 0.000010 0.265236 0.027852 0.000010
0.000010 0.011877 0.511202 0.011863 0.018313 0.000010 0.401218 0.000010 0.045497
0.002423 0.040829 0.591696 0.000010 0.000010 0.022265 0.342747 0.000010 0.000010
0.000010 0.102176 0.574876 0.051954 0.000010 0.064770 0.206184 0.000010 0.000010
