0.394600 0.011464 0.000010 0.094524 0.000010 0.000010 0.081187 0.418186 0.000010
0.183359 0.047526 0.064802 0.184503 0.000010 0.000010 0.152747 0.367032 0.000010
0.235791 0.000010 0.000010 0.088188 0.117329 0.000010 0.047061 0.476120 0.035480
0.271587 0.000010 0.083033 0.087962 0.000010 0.000010 0.011123 0.546256 0.000010
0.400188 0.000010 0.000010 0.078597 0.003113 0.000010 0.025220 0.485961 0.006890
0.320536 0.000010 0.000010 0.000010 0.004961 0.058229 0.077822 0.420595 0.117827
0.396288 0.000010 0.000010 0.004891 0.000010 0.000010 0.098881 0.499890 0.000010
0.386721 0.000010 0.000010 0.110779 0.031506 0.000010 0.016345 0.447501 0.007118
0.198156 0.090888 0.000010 0.052762 0.024936 0.000010 0.043236 0.519347 0.070655
0.473490 0.000010 0.029873 0.000010 0.022950 0.000010 0.031417 0.433436 0.008805
0.300254 0.052964 0.000010 0.113365 0.000010 0.000010 0.028327 0.505050 0.000010
0.360533 0.000010 0.031810 0.037448 0.000012 0.043900 0.130489 0.395787 0.000010
0.413875 0.030231 0.026722 0.089700 0.057279 0.014977 0.000010 0.367195 0.000010
0.180625 0.060022 0.036487 0.075377 0.000010 0.052455 0.176491 0.343092 0.075440
0.369703 0.000010 0.000010 0.000010 0.011442 0.000010 0.099483 0.444046 0.075286
0.450950 0.000010 0.000010 0.060080 0.000010 0.018286 0.000010 0.449385 0.021258
0.337072 0.000010 0.048328 0.000010 0.000010 0.000010 0.062235 0.552315 0.000010
0.415816 0.000010 0.001383 0.030120 0.039206 0.002852 0.038199 0.472405 0.000010
0.306085 0.000010 0.000010 0.047720 0.025742 0.036440 0.161685 0.422299 0.000010
0.364025 0.000010 0.000010 0.000010 0.000010 0.000010 0.102579 0.481581 0.051765
0.393796 0.020631 0.027958 0.083864 0.000010 0.000010 0.085641 0.388080 0.000010
0.311005 0.000010 0.051267 0.008497 0.004695 0.053921 0.045576 0.525019 0.000010
0.330836 0.015581 0.055381 0.141834 0.000010 0.000010 0.002926 0.451833 0.001589
0.343288 0.000010 0.033650 0.033809 0.042701 0.000010 0.000010 0.546513 0.000010
0.238662 0.000010 0.000010 0.093867 0.000010 0.000010 0.213715 0.453706 0.000010
0.410748 0.000010 0.000010 0.000010 0.000010 0.033381 0.210715 0.306922 0.038195
0.326863 0.070631 0.000010 0.013518 0.000010 0.000010 0.092079 0.496869 0.000010
0.230437 0.000010 0.000010 0.179856 0.000010 0.112851 0.064826 0.295855 0.116145
0.443984 0.004238 0.015977 0.000010 0.069039 0.000010 0.070511 0.396220 0.000010
0.312447 0.000010 0.011740 0.220565 0.033839 0.059448 0.124214 0.237729 0.000010
0.358165 0.000010 0.071034 0.095377 0.000010 0.000010 0.000010 0.440326 0.035058
0.364753 0.000010 0.046786 0.023152 0.000010 0.000010 0.112042 0.444876 0.008362
0.418182 0.000010 0.096120 0.063984 0.000010 0.000010 0.048412 0.373261 0.000010
0.315136 0.000010 0.204827 0.113691 0.015886 0.021101 0.020678 0.308660 0.000010
0.000010 0.000010 0.027376 0.046884 0.000010 0.029672 0.256055 0.639973 0.000010
0.286499 0.054839 0.078778 0.048467 0.000010 0.000010 0.157974 0.326531 0.046891
0.303472 0.000010 0.082339 0.037483 0.035514 0.000010 0.000010 0.541152 0.000010
0.401005 0.000010 0.070860 0.082803 0.000010 0.000010 0.108035 0.276075 0.061191
0.346759 0.000010 0.036541 0.000010 0.000010 0.071288 0.015141 0.512610 0.017631
0.386141 0.000010 0.011108 0.096142 0.000010 0.000010 0.138233 0.303276 0.065070
0.379119 0.081246 0.031460 0.138677 0.027214 0.000010 0.072175 0.270089 0.000010
0.179690 0.022205 0.040776 0.080851 0.000010 0.000010 0.162182 0.514265 0.000010
0.199520 0.000010 0.000010 0.198014 0.002931 0.023744 0.075449 0.455898 0.044424
0.241893 0.000010 0.000010 0.000010 0.000010 0.000010 0.162728 0.590533 0.004796
0.264347 0.000010 0.043984 0.040009 0.053399 0.032552 0.108166 0.408784 0.048748
0.270647 0.020248 0.000010 0.036552 0.000010 0.000010 0.113396 0.559117 0.000010
0.417618 0.048186 0.000010 0.103172 0.016238 0.004477 0.042431 0.367858 0.000010
0.293848 0.074889 0.000010 0.104617 0.031226 0.000010 0.071544 0.323502 0.100355
0.131678 0.071573 0.407515 0.055840 0.073818 0.016102 0.145296 0.098168 0.000010
0.094023 0.109910 0.331918 0.165719 0.000010 0.000010 0.069566 0.192684 0.036159
0.237015 0.062500 0.356581 0.047200 0.025712 0.000010 0.129525 0.141447 0.000010
0.000010 0.160921 0.322709 0.022021 0.056664 0.000010 0.114111 0.289313 0.034240
0.069866 0.008528 0.083783 0.152887 0.000010 0.022270 0.254435 0.322564 0.085657
0.203303 0.053896 0.289656 0.000010 0.014963 0.000010 0.125771 0.267263 0.045128
0.000010 0.000010 0.476562 0.030986 0.000010 0.023792 0.292896 0.175724 0.000010
0.267446 0.165485 0.358410 0.067252 0.000010 0.032722 0.051964 0.056701 0.000010
0.199211 0.000010 0.335268 0.204664 0.000010 0.000010 0.000010 0.260806 0.000010
0.182955 0.003300 0.383892 0.000010 0.060257 0.000010 0.193729 0.175837 0.000010
0.259308 0.139589 0.190561 0.091227 0.000010 0.000147 0.098179 0.211184 0.009795
0.094058 0.000010 0.317588 0.127443 0.000010 0.000010 0.206499 0.254372 0.000010
0.103075 0.018403 0.303622 0.214651 0.000010 0.000010 0.153351 0.206867 0.000010
0.000010 0.096454 0.398783 0.059664 0.000010 0.057026 0.123792 0.264251 0.000010
0.084281 0.000010 0.315322 0.026999 0.000010 0.000010 0.206578 0.366780 0.000010
0.269806 0.064699 0.330495 0.000010 0.032458 0.009835 0.053729 0.238958 0.000010
0.274522 0.000010 0.404179 0.000010 0.007113 0.000010 0.051667 0.262479 0.000010
0.153984 0.000010 0.523746 0.000010 0.000010 0.000010 0.135535 0.098653 0.088042
0.043251 0.016038 0.513589 0.165413 0.093807 0.000010 0.096333 0.071550 0.000010
0.174324 0.037589 0.329305 0.118203 0.003776 0.000010 0.146263 0.190520 0.000010
0.076653 0.061896 0.299801 0.138624 0.000010 0.007420 0.072303 0.343282 0.000010
0.165894 0.000010 0.176229 0.125594 0.056065 0.000010 0.122108 0.354080 0.000010
0.222103 0.051216 0.000010 0.000010 0.000010 0.029523 0.000010 0.228694 0.468424
0.289345 0.068425 0.000010 0.056263 0.010774 0.000010 0.080191 0.494973 0.000010
0.399718 0.009867 0.000010 0.100427 0.000010 0.000010 0.114883 0.343396 0.031679
0.315387 0.012357 0.000010 0.000010 0.053766 0.010015 0.074515 0.533930 0.000010
0.379100 0.000010 0.020820 0.051813 0.000010 0.000010 0.107428 0.425828 0.014980
0.346689 0.000010 0.035935 0.101878 0.000010 0.000010 0.013986 0.405241 0.096241
0.389325 0.012314 0.000010 0.019515 0.000010 0.000010 0.119905 0.429215 0.029697
0.337283 0.000010 0.067235 0.000010 0.000010 0.000010 0.000010 0.595422 0.000010
0.246903 0.077933 0.009019 0.135600 0.000010 0.028342 0.060223 0.441960 0.000010
0.380526 0.000010 0.000010 0.017921 0.041283 0.012784 0.053593 0.479138 0.014736
0.224250 0.000010 0.000010 0.131376 0.035552 0.021007 0.166825 0.420960 0.000010
0.199217 0.000010 0.064724 0.123240 0.000010 0.062573 0.088620 0.449826 0.011780
0.393862 0.000010 0.000010 0.037896 0.000010 0.000010 0.125098 0.434088 0.009016
0.276013 0.000010 0.020883 0.003960 0.000010 0.000010 0.093758 0.556651 0.048705
0.212010 0.000010 0.037682 0.137064 0.000010 0.053381 0.093070 0.466763 0.000010
0.156787 0.000010 0.000010 0.017578 0.000010 0.025139 0.214890 0.582222 0.003355
0.285287 0.041885 0.000010 0.088977 0.051588 0.136783 0.000010 0.204895 0.190565
0.195281 0.100685 0.003453 0.061221 0.000010 0.061551 0.000010 0.476579 0.101210
0.299856 0.000010 0.000010 0.000010 0.000010 0.000010 0.061624 0.611928 0.026542
0.330512 0.000010 0.179297 0.000010 0.000010 0.092967 0.021221 0.300590 0.075382
0.241455 0.000010 0.000010 0.083725 0.087678 0.000010 0.000010 0.587092 0.000010
0.313128 0.113031 0.000010 0.000010 0.043880 0.000010 0.066878 0.389689 0.073365
0.298518 0.152220 0.000010 0.008486 0.000010 0.042443 0.047851 0.450389 0.000074
0.251385 0.062286 0.026408 0.034454 0.106606 0.013167 0.026478 0.479208 0.000010
0.263537 0.011233 0.000010 0.127668 0.034870 0.000010 0.088107 0.434913 0.039653
0.258268 0.121154 0.000010 0.000010 0.000010 0.000010 0.101684 0.518844 0.000010
0.304513 0.030687 0.146395 0.000010 0.000010 0.000392 0.068926 0.449057 0.000010
0.179949 0.011968 0.033651 0.000010 0.057994 0.000010 0.160336 0.518475 0.037607
0.234177 0.087920 0.000010 0.143210 0.059987 0.076290 0.095745 0.302650 0.000010
0.056708 0.082051 0.057623 0.165746 0.004789 0.000010 0.149443 0.483621 0.000010
0.172600 0.017899 0.118585 0.000010 0.064883 0.046146 0.052828 0.406970 0.120080
0.134399 0.073441 0.009738 0.033683 0.000010 0.000010 0.078345 0.349567 0.320807
0.166520 0.035709 0.109266 0.044012 0.045662 0.000010 0.082871 0.515939 0.000010
0.177604 0.016949 0.000010 0.058290 0.000010 0.000010 0.199298 0.507781 0.040049
0.221906 0.030054 0.000010 0.000010 0.041293 0.000010 0.263238 0.443469 0.000010
0.248505 0.146744 0.019243 0.107794 0.000010 0.000010 0.161123 0.316561 0.000010
0.178140 0.000010 0.000010 0.179468 0.000010 0.000010 0.117773 0.524569 0.000010
0.326709 0.000010 0.005242 0.000010 0.033159 0.039093 0.124738 0.471030 0.000010
0.000010 0.000010 0.000010 0.116067 0.000010 0.021812 0.204253 0.657818 0.000010
0.230526 0.038031 0.209181 0.000010 0.000010 0.000010 0.005737 0.516486 0.000010
0.279097 0.000010 0.000010 0.122212 0.000010 0.020961 0.129246 0.341506 0.106950
0.203989 0.083498 0.061329 0.000010 0.054174 0.019550 0.058976 0.456923 0.061550
0.153227 0.000010 0.000010 0.122345 0.000010 0.015220 0.187270 0.521898 0.000010
0.181599 0.030320 0.000010 0.152551 0.084074 0.000010 0.053645 0.415530 0.082260
0.082276 0.110770 0.028494 0.202553 0.021315 0.028078 0.195119 0.331385 0.000010
0.167312 0.000010 0.080802 0.031921 0.000010 0.000010 0.164175 0.485089 0.070672
0.413372 0.000010 0.050596 0.000010 0.079466 0.023107 0.135756 0.297673 0.000010
0.088339 0.104839 0.000010 0.120413 0.149366 0.000010 0.067802 0.427235 0.041985
0.306766 0.000010 0.097439 0.000010 0.004821 0.000010 0.159078 0.431857 0.000010
0.344436 0.000010 0.000010 0.177851 0.000010 0.000010 0.034514 0.443149 0.000010
0.413347 0.018148 0.091113 0.124665 0.000010 0.026954 0.000010 0.325743 0.000010
0.368389 0.013442 0.000010 0.027170 0.033690 0.000010 0.211868 0.345411 0.000010
0.223813 0.000010 0.071480 0.020512 0.080602 0.000010 0.136242 0.447580 0.019751
0.433657 0.030821 0.000010 0.000010 0.000010 0.027010 0.098331 0.410141 0.000010
0.183308 0.000010 0.037123 0.088803 0.101865 0.000010 0.311959 0.276913 0.000010
0.334866 0.164193 0.042387 0.005947 0.000010 0.000010 0.020075 0.348628 0.083884
0.284461 0.107209 0.000010 0.074768 0.000010 0.000010 0.132840 0.400682 0.000010
0.022988 0.018423 0.044347 0.261332 0.004086 0.000010 0.251129 0.397675 0.000010
0.151644 0.000010 0.000010 0.143311 0.000010 0.000010 0.135663 0.569332 0.000010
0.323718 0.053213 0.000010 0.029205 0.020539 0.000010 0.113546 0.434893 0.024865
0.150230 0.102739 0.020489 0.068714 0.046414 0.014031 0.132889 0.431098 0.033395
0.186738 0.048769 0.000010 0.028258 0.000010 0.003819 0.195039 0.537347 0.000010
0.079720 0.000010 0.074318 0.252887 0.046960 0.000010 0.175491 0.370594 0.000010
0.171387 0.009829 0.000010 0.175599 0.000010 0.000010 0.109681 0.533465 0.000010
0.256678 0.000010 0.113498 0.016203 0.029394 0.000010 0.068597 0.515599 0.000010
0.191331 0.083722 0.000010 0.076423 0.000010 0.000010 0.172620 0.475864 0.000010
0.291289 0.017788 0.000010 0.039858 0.000010 0.021096 0.148611 0.481327 0.000010
0.217748 0.029238 0.000010 0.109276 0.004784 0.000010 0.126600 0.512325 0.000010
0.283294 0.063004 0.022659 0.033770 0.000010 0.000010 0.192441 0.404801 0.000010
0.160588 0.066825 0.071325 0.129886 0.000010 0.000010 0.138035 0.433310 0.000010
0.496025 0.000010 0.077489 0.000010 0.014243 0.080607 0.060643 0.270963 0.000010
0.187782 0.070343 0.002456 0.012730 0.045496 0.000010 0.140020 0.422273 0.118890
0.082690 0.029011 0.009915 0.108790 0.020076 0.047696 0.178591 0.500080 0.023150
0.150012 0.041306 0.058423 0.107690 0.046802 0.006053 0.230549 0.359154 0.000010
0.227089 0.023442 0.050046 0.041858 0.000010 0.000010 0.181466 0.455457 0.020621
0.315564 0.000010 0.158212 0.000010 0.049274 0.000010 0.076524 0.400385 0.000010
0.152395 0.000010 0.103639 0.356227 0.023296 0.000010 0.117916 0.246498 0.000010
0.161628 0.024332 0.000010 0.161589 0.023445 0.000010 0.164221 0.459558 0.005208
0.481899 0.035741 0.155435 0.061067 0.039566 0.000010 0.000010 0.226262 0.000010
0.300626 0.050657 0.146191 0.036727 0.002707 0.000010 0.075194 0.387877 0.000010
0.239003 0.000010 0.052356 0.274908 0.057575 0.000010 0.050764 0.325364 0.000010
0.103686 0.000010 0.097434 0.042164 0.000010 0.002761 0.159757 0.594168 0.000010
0.269315 0.000010 0.181133 0.210505 0.000010 0.004291 0.067555 0.267169 0.000010
0.162197 0.027491 0.099455 0.005503 0.000010 0.027083 0.153505 0.512373 0.012382
0.230274 0.066924 0.178384 0.012166 0.065966 0.000010 0.102757 0.343509 0.000010
0.197033 0.013997 0.012393 0.000010 0.059215 0.000010 0.094115 0.623216 0.000010
0.311718 0.000010 0.126339 0.127111 0.044608 0.000010 0.063451 0.326744 0.000010
0.323241 0.000010 0.154236 0.035192 0.112076 0.000010 0.071237 0.303988 0.000010
0.247172 0.000010 0.058209 0.000010 0.074401 0.000010 0.118133 0.502045 0.000010
0.243673 0.147294 0.025816 0.000010 0.000010 0.000776 0.095422 0.464907 0.022092
0.240983 0.000010 0.000010 0.102619 0.089814 0.007069 0.166464 0.393022 0.000010
0.061250 0.014702 0.061671 0.074773 0.000010 0.000010 0.181682 0.554119 0.051784
0.000010 0.000010 0.037109 0.082140 0.077481 0.000010 0.229900 0.573331 0.000010
0.267791 0.000010 0.060935 0.059158 0.016751 0.000010 0.106294 0.447648 0.041403
0.000010 0.049439 0.000010 0.132758 0.103647 0.000010 0.274603 0.431274 0.008248
0.271493 0.001818 0.041961 0.074786 0.075967 0.000010 0.201888 0.319737 0.012341
0.189239 0.070375 0.173054 0.153377 0.000010 0.042327 0.032045 0.339562 0.000010
0.325385 0.045331 0.000010 0.112491 0.000960 0.000010 0.101341 0.414461 0.000010
0.146142 0.000010 0.086018 0.157393 0.004129 0.000010 0.126483 0.479805 0.000010
0.323489 0.000010 0.073253 0.050367 0.035067 0.029722 0.080559 0.385894 0.021639
0.289202 0.000010 0.255117 0.114081 0.000010 0.000010 0.054127 0.275250 0.012194
0.183163 0.000010 0.053186 0.091037 0.000010 0.025404 0.225407 0.421773 0.000010
0.081062 0.000010 0.018021 0.093060 0.073887 0.000010 0.430909 0.303031 0.000010
0.274808 0.102489 0.093938 0.021723 0.045362 0.000010 0.045587 0.416073 0.000010
0.115611 0.009117 0.080783 0.173894 0.000010 0.000010 0.197680 0.422885 0.000010
0.104170 0.009728 0.190969 0.170655 0.020078 0.000010 0.119155 0.385225 0.000010
0.169423 0.028666 0.126645 0.112445 0.000010 0.000010 0.163713 0.399078 0.000010
0.068829 0.051769 0.078456 0.183701 0.000010 0.000010 0.202318 0.324922 0.089985
0.260123 0.039266 0.005498 0.041804 0.000010 0.000010 0.167266 0.412670 0.073352
0.000010 0.073172 0.276508 0.151342 0.000010 0.037486 0.025099 0.436363 0.000010
0.157176 0.033316 0.210220 0.032600 0.000010 0.061255 0.069255 0.436157 0.000010
0.160268 0.072996 0.031650 0.092278 0.000010 0.000010 0.150379 0.492400 0.000010
0.032414 0.000010 0.097954 0.212108 0.000010 0.018157 0.164771 0.474566 0.000010
0.204850 0.034660 0.162026 0.058375 0.000010 0.000010 0.116566 0.423494 0.000010
0.133814 0.107651 0.000010 0.109581 0.000010 0.000010 0.198628 0.450287 0.000010
0.339076 0.033158 0.072747 0.000010 0.000010 0.000010 0.137349 0.417630 0.000010
0.042305 0.028446 0.013872 0.048172 0.054737 0.000010 0.305248 0.507200 0.000010
0.000010 0.052707 0.000010 0.000010 0.019538 0.483231 0.000010 0.000010 0.444475
0.000010 0.000010 0.000010 0.000010 0.004243 0.346006 0.000010 0.000010 0.649691
0.010346 0.039823 0.000010 0.000010 0.000010 0.287646 0.000010 0.005894 0.656252
0.000010 0.000010 0.000010 0.000010 0.000010 0.376237 0.000010 0.000010 0.623693
0.000010 0.000010 0.000010 0.051084 0.000010 0.375712 0.020395 0.000010 0.552759
0.013499 0.006591 0.000010 0.000010 0.000010 0.264925 0.000010 0.000010 0.714935
0.000010 0.000010 0.000010 0.000010 0.059172 0.421150 0.000010 0.000010 0.519619
0.000010 0.000010 0.000010 0.000010 0.000010 0.332597 0.020579 0.000010 0.646764
0.000010 0.051909 0.000010 0.000010 0.000010 0.354457 0.000010 0.000010 0.593574
0.000010 0.029929 0.000010 0.000012 0.003059 0.286899 0.000010 0.019628 0.660443
0.056763 0.020984 0.000010 0.022617 0.000010 0.269569 0.000010 0.000010 0.630027
0.000010 0.000010 0.000015 0.016927 0.000010 0.258274 0.000010 0.000010 0.724733
0.000010 0.092927 0.017103 0.005102 0.000010 0.438325 0.001208 0.000010 0.445306
0.048129 0.004602 0.000010 0.000010 0.000010 0.232007 0.000010 0.000010 0.715212
0.000010 0.000010 0.000010 0.000010 0.000010 0.319949 0.000010 0.021443 0.658548
0.000010 0.000010 0.000010 0.000010 0.052548 0.309899 0.000010 0.000010 0.637493
0.000010 0.000010 0.000010 0.001466 0.017014 0.360858 0.000010 0.000010 0.620612
0.039705 0.000010 0.000010 0.000010 0.014883 0.449558 0.000010 0.000010 0.495804
0.098979 0.000010 0.000010 0.000010 0.000010 0.297231 0.000010 0.000010 0.603730
0.000010 0.039947 0.000010 0.000010 0.005251 0.325985 0.000010 0.011961 0.616816
0.000010 0.040250 0.000010 0.000010 0.021196 0.454783 0.000010 0.000010 0.483721
0.000010 0.050920 0.000010 0.050180 0.000010 0.318650 0.009452 0.026034 0.544733
0.000010 0.026718 0.000010 0.000010 0.000010 0.358690 0.000010 0.002963 0.611579
0.003424 0.012074 0.000010 0.000010 0.000010 0.348846 0.000010 0.000010 0.635605
0.000010 0.019924 0.000010 0.017998 0.000010 0.389230 0.000010 0.000010 0.572797
0.072247 0.002242 0.000010 0.000010 0.000010 0.492422 0.000010 0.013106 0.419943
0.009124 0.022910 0.000010 0.000010 0.033855 0.473976 0.000010 0.000010 0.460094
0.000010 0.000010 0.000010 0.000010 0.000010 0.346336 0.063710 0.000010 0.589895
0.000010 0.064808 0.000010 0.000010 0.866745 0.000010 0.068387 0.000010 0.000010
0.402586 0.004446 0.026924 0.407214 0.000010 0.000010 0.000010 0.158790 0.000010
0.400206 0.000010 0.010816 0.388265 0.000010 0.000010 0.000010 0.200663 0.000010
0.385887 0.000010 0.052519 0.269482 0.000010 0.008460 0.029311 0.254311 0.000010
0.419228 0.000010 0.060530 0.178470 0.000010 0.010706 0.000010 0.331024 0.000010
0.368495 0.000010 0.000010 0.460007 0.000010 0.000010 0.040720 0.091114 0.039625
0.368212 0.000499 0.000010 0.260210 0.054928 0.000010 0.000010 0.304265 0.011856
0.226404 0.000010 0.000010 0.551443 0.025191 0.000010 0.000382 0.196540 0.000010
0.403808 0.000010 0.075895 0.306860 0.089774 0.000010 0.000010 0.123624 0.000010
0.399082 0.000010 0.000010 0.370970 0.034890 0.000010 0.000010 0.174938 0.020080
0.444036 0.000010 0.000010 0.298750 0.000010 0.000010 0.092029 0.165134 0.000010
0.315955 0.000010 0.031950 0.319805 0.025359 0.000010 0.014148 0.292753 0.000010
0.369925 0.000010 0.023316 0.331718 0.000010 0.000010 0.073107 0.188697 0.013207
0.427354 0.060274 0.000010 0.361348 0.000010 0.000010 0.000010 0.150975 0.000010
0.345231 0.015015 0.000010 0.342408 0.020106 0.000010 0.039057 0.238152 0.000010
0.338683 0.043703 0.000010 0.361980 0.000010 0.000010 0.000010 0.255584 0.000010
0.440929 0.077630 0.022387 0.230934 0.000010 0.000010 0.000010 0.228080 0.000010
0.312226 0.015700 0.008488 0.389819 0.000010 0.000010 0.008971 0.264766 0.000010
0.350446 0.000010 0.000010 0.487490 0.026593 0.015333 0.020601 0.099508 0.000010
0.503522 0.000010 0.000010 0.197981 0.000010 0.008973 0.004744 0.284739 0.000010
0.348381 0.000010 0.045343 0.319261 0.000010 0.008444 0.000010 0.278531 0.000010
0.414535 0.000010 0.000010 0.348495 0.039381 0.000010 0.000010 0.165685 0.031864
0.443095 0.000012 0.022254 0.326631 0.044273 0.000010 0.000010 0.151706 0.012009
0.513238 0.000010 0.000010 0.156181 0.000010 0.020837 0.000010 0.309695 0.000010
0.360269 0.023995 0.035759 0.319781 0.000010 0.000010 0.000010 0.260156 0.000010
0.321404 0.000012 0.000010 0.345542 0.024108 0.000010 0.038350 0.270555 0.000010
0.459702 0.000010 0.034691 0.203040 0.000010 0.000010 0.087498 0.215028 0.000010
0.463896 0.000010 0.015706 0.367442 0.003049 0.008248 0.000301 0.141339 0.000010
0.282418 0.000010 0.012651 0.506115 0.000010 0.000010 0.038274 0.150880 0.009632
0.000010 0.000010 0.000010 0.015244 0.947601 0.013861 0.000010 0.023244 0.000010
0.012039 0.000010 0.000010 0.028913 0.956715 0.000010 0.000010 0.002283 0.000010
0.000010 0.000010 0.000010 0.007535 0.992395 0.000010 0.000010 0.000010 0.000010
0.000010 0.000010 0.000010 0.000010 0.999920 0.000010 0.000010 0.000010 0.000010
0.000010 0.000010 0.127538 0.000010 0.833354 0.000010 0.039048 0.000010 0.000010
0.022645 0.000010 0.000010 0.007785 0.897587 0.000010 0.071934 0.000010 0.000010
0.000010 0.000010 0.000010 0.034468 0.914840 0.000010 0.002501 0.048141 0.000010
0.000010 0.000010 0.000010 0.000010 0.946670 0.000010 0.000010 0.053260 0.000010
0.000010 0.000010 0.000010 0.000010 0.944132 0.002403 0.053405 0.000010 0.000010
0.000010 0.000010 0.000010 0.000010 0.999920 0.000010 0.000010 0.000010 0.000010
0.000010 0.000010 0.052644 0.042115 0.905181 0.000010 0.000010 0.000010 0.000010
0.005332 0.000010 0.000010 0.042879 0.881889 0.000010 0.069850 0.000010 0.000010
0.000010 0.002484 0.027054 0.000010 0.947986 0.022426 0.000010 0.000010 0.000010
0.000010 0.000010 0.007555 0.000010 0.946061 0.003736 0.020303 0.007170 0.015144
0.000010 0.030686 0.000010 0.000010 0.918173 0.000010 0.030685 0.020406 0.000010
0.000010 0.007839 0.000010 0.000275 0.991827 0.000010 0.000010 0.000010 0.000010
0.000010 0.107453 0.000010 0.000010 0.867191 0.000010 0.025296 0.000010 0.000010
0.574716 0.000010 0.012182 0.000010 0.000010 0.000010 0.000010 0.348253 0.064799
0.709273 0.000010 0.039411 0.000010 0.039317 0.000010 0.000010 0.211949 0.000010
0.556999 0.000010 0.010410 0.110131 0.000010 0.021318 0.000010 0.226302 0.074811
0.487603 0.000010 0.000010 0.261561 0.000010 0.000010 0.025722 0.225064 0.000010
0.640447 0.000010 0.000010 0.052519 0.026943 0.053409 0.086353 0.134064 0.006244
0.513743 0.000010 0.000010 0.077420 0.000010 0.000010 0.056931 0.300011 0.051856
0.748398 0.000010 0.000010 0.000010 0.000709 0.004751 0.000010 0.178829 0.067272
0.572604 0.008749 0.000010 0.122047 0.037342 0.000010 0.017123 0.242106 0.000010
0.628452 0.000010 0.000010 0.000010 0.037626 0.000010 0.044320 0.189893 0.099669
0.565199 0.000010 0.003493 0.144902 0.025804 0.017992 0.000010 0.242580 0.000010
0.547098 0.000010 0.000010 0.000010 0.028194 0.000010 0.000010 0.359331 0.065327
0.480884 0.000010 0.005502 0.088243 0.058777 0.000010 0.033163 0.333401 0.000010
0.513541 0.023965 0.062067 0.031089 0.000010 0.075941 0.000010 0.280699 0.012678
0.556787 0.066094 0.000010 0.128700 0.022431 0.000010 0.025356 0.200319 0.000293
0.581223 0.064378 0.000010 0.056531 0.000010 0.000010 0.051240 0.212015 0.034584
0.716618 0.060248 0.007723 0.050923 0.000010 0.000010 0.000010 0.164448 0.000010
0.548109 0.085371 0.000010 0.060857 0.000010 0.000010 0.000010 0.296346 0.009277
0.381325 0.015375 0.064339 0.239727 0.000010 0.037411 0.040140 0.221664 0.000010
0.642463 0.000010 0.046635 0.000010 0.000010 0.000010 0.000010 0.272643 0.038209
0.203631 0.000010 0.030078 0.220200 0.000010 0.000010 0.073159 0.341730 0.131171
0.540335 0.000010 0.000010 0.066256 0.072389 0.012722 0.000010 0.233823 0.074445
0.563644 0.000010 0.012183 0.000010 0.000010 0.000010 0.082758 0.341364 0.000010
0.493893 0.000010 0.000010 0.097126 0.018031 0.000010 0.024132 0.366778 0.000010
0.437577 0.000010 0.000010 0.133121 0.029316 0.003216 0.041279 0.337735 0.017734
0.593295 0.000010 0.000010 0.000010 0.000010 0.000010 0.060045 0.346600 0.000010
0.475203 0.000010 0.045928 0.000010 0.071028 0.023195 0.000010 0.376482 0.008135
0.607323 0.004747 0.016331 0.097740 0.000010 0.009378 0.000010 0.232558 0.031902
0.660351 0.001714 0.046598 0.117404 0.000010 0.000010 0.000010 0.173893 0.000010
0.445023 0.000010 0.005766 0.098732 0.000010 0.000010 0.000010 0.277294 0.173145
0.544417 0.000010 0.000010 0.053239 0.063991 0.000010 0.000010 0.338303 0.000010
0.676361 0.000010 0.044640 0.000010 0.010646 0.000010 0.000010 0.268304 0.000010
0.567135 0.042478 0.000010 0.010656 0.000010 0.011077 0.000010 0.368614 0.000010
0.646738 0.014116 0.017904 0.039492 0.008023 0.000010 0.053834 0.219873 0.000010
0.590606 0.091514 0.000010 0.000010 0.059348 0.000010 0.000010 0.258482 0.000010
0.506932 0.000010 0.079822 0.099520 0.113592 0.000010 0.000010 0.182219 0.017885
0.681417 0.028253 0.000010 0.070786 0.025297 0.012374 0.000010 0.147071 0.034782
0.561584 0.000010 0.024526 0.079360 0.000010 0.024411 0.000010 0.310080 0.000010
0.572436 0.000010 0.000010 0.140443 0.081102 0.000010 0.000010 0.205969 0.000010
0.476136 0.055632 0.015254 0.090761 0.029736 0.000010 0.000010 0.332452 0.000010
0.414710 0.000010 0.000010 0.239937 0.000010 0.008123 0.064817 0.205429 0.066954
0.552026 0.034514 0.000010 0.130988 0.001954 0.000010 0.020725 0.259763 0.000010
0.720217 0.003926 0.000010 0.000010 0.010976 0.026583 0.039211 0.199057 0.000010
0.477988 0.000010 0.000010 0.116761 0.037532 0.004267 0.025728 0.172666 0.165037
0.567557 0.000010 0.138934 0.000010 0.000010 0.000010 0.000010 0.221237 0.072222
0.591562 0.020111 0.000010 0.000010 0.000010 0.012868 0.007315 0.312980 0.055134
0.598786 0.000010 0.120786 0.000010 0.000010 0.000010 0.012644 0.174222 0.093522
0.445839 0.000010 0.067284 0.050213 0.000010 0.047462 0.037015 0.159033 0.193134
0.452883 0.000010 0.000010 0.142223 0.000010 0.000010 0.011671 0.312131 0.081052
0.388733 0.009658 0.047065 0.175591 0.018642 0.028155 0.098322 0.225816 0.008019
0.572561 0.000010 0.000010 0.002957 0.030022 0.012984 0.000010 0.295539 0.085906
0.667010 0.000010 0.000010 0.000010 0.000010 0.018181 0.074455 0.159081 0.081233
0.539377 0.000010 0.119024 0.091486 0.019062 0.000010 0.005920 0.206533 0.018579
0.693265 0.000010 0.027393 0.000010 0.000010 0.014212 0.000010 0.265081 0.000010
0.605314 0.000010 0.000010 0.069352 0.051346 0.022482 0.000010 0.251465 0.000010
0.461717 0.000010 0.049811 0.034893 0.000010 0.000010 0.000010 0.190058 0.263482
0.062168 0.019017 0.000010 0.031327 0.000010 0.085709 0.000010 0.045240 0.756509
0.448489 0.000010 0.000010 0.274909 0.000010 0.041218 0.000010 0.152433 0.082911
0.646416 0.091967 0.000010 0.013297 0.000010 0.000010 0.000010 0.208630 0.039649
0.683461 0.000010 0.000010 0.079531 0.000010 0.013971 0.000010 0.222987 0.000010
0.641481 0.000010 0.010977 0.117114 0.000010 0.000010 0.054342 0.124919 0.051137
0.517896 0.042693 0.009175 0.184938 0.048937 0.000010 0.000010 0.089448 0.106892
0.531790 0.000010 0.044328 0.000010 0.000010 0.000010 0.047441 0.162548 0.213852
0.599934 0.001477 0.000010 0.061603 0.060596 0.000010 0.000010 0.163836 0.112525
0.303528 0.060917 0.009232 0.065269 0.057778 0.000010 0.116964 0.257905 0.128398
0.710552 0.036508 0.000011 0.013992 0.000010 0.034512 0.000010 0.204394 0.000010
0.547325 0.000010 0.111522 0.000010 0.000010 0.000010 0.039782 0.301321 0.000010
0.576022 0.006262 0.000010 0.000010 0.076764 0.000010 0.044927 0.138193 0.157801
0.578004 0.000010 0.000010 0.000010 0.000010 0.000010 0.000010 0.289494 0.132442
0.481903 0.000010 0.000471 0.111729 0.000010 0.022799 0.000010 0.274180 0.108888
0.690945 0.000010 0.000010 0.000010 0.000010 0.000010 0.067528 0.214703 0.026774
0.670493 0.042184 0.000010 0.000010 0.000010 0.000010 0.033384 0.124097 0.129802
0.590373 0.013038 0.000010 0.045253 0.000010 0.024135 0.055930 0.133348 0.137904
0.628322 0.000010 0.055327 0.092833 0.023524 0.027362 0.000010 0.172602 0.000010
0.444333 0.000010 0.000010 0.000010 0.017564 0.026665 0.000010 0.289150 0.222248
0.596230 0.000010 0.000010 0.002669 0.034659 0.000010 0.000010 0.261427 0.104975
0.634228 0.043710 0.001821 0.090924 0.000010 0.014727 0.000010 0.167973 0.046598
0.545238 0.000010 0.000010 0.000010 0.019630 0.000010 0.085910 0.251249 0.097933
0.566777 0.000011 0.000010 0.008702 0.086674 0.029029 0.000010 0.308778 0.000010
0.603454 0.000010 0.063844 0.025991 0.000010 0.000010 0.000010 0.306661 0.000010
0.606109 0.000010 0.000010 0.084746 0.000010 0.099734 0.000010 0.123248 0.086123
0.554950 0.084941 0.080852 0.000010 0.051641 0.023365 0.000010 0.176191 0.028038
0.719710 0.000010 0.004263 0.064901 0.000010 0.000010 0.091205 0.085202 0.034689
0.651634 0.018638 0.047134 0.000010 0.000010 0.032471 0.000010 0.200406 0.049687
0.694722 0.000010 0.002918 0.000010 0.016540 0.045680 0.048083 0.192027 0.000010
0.607753 0.000010 0.105323 0.000010 0.002720 0.073524 0.000010 0.121187 0.089463
0.621175 0.001531 0.000010 0.000010 0.000010 0.021242 0.119503 0.236509 0.000010
0.552831 0.009213 0.006184 0.016875 0.000010 0.000010 0.071672 0.343195 0.000010
0.000010 0.000010 0.000010 0.000010 0.905014 0.000010 0.094916 0.000010 0.000010
0.013150 0.056108 0.001618 0.000010 0.808822 0.000010 0.120262 0.000010 0.000010
0.000010 0.000010 0.000010 0.000010 0.891118 0.000010 0.108812 0.000010 0.000010
0.012958 0.084102 0.000010 0.011149 0.782491 0.000010 0.097776 0.011493 0.000010
0.000010 0.000010 0.000010 0.000016 0.877252 0.000010 0.122673 0.000010 0.000010
0.000010 0.000010 0.106111 0.000010 0.761670 0.000010 0.132159 0.000010 0.000010
0.000010 0.000010 0.000010 0.000010 0.868164 0.000010 0.131766 0.000010 0.000010
0.465733 0.000010 0.000010 0.291540 0.000010 0.000010 0.000010 0.242667 0.000010
0.530071 0.000010 0.000010 0.254141 0.000010 0.001269 0.033400 0.181080 0.000010
0.621079 0.025024 0.097149 0.209861 0.000010 0.000010 0.037444 0.009413 0.000010
0.546382 0.000010 0.000010 0.253682 0.000010 0.000010 0.049856 0.150030 0.000010
0.542469 0.000010 0.083234 0.236692 0.000010 0.000010 0.079757 0.051953 0.005866
0.587577 0.000010 0.000010 0.220388 0.000010 0.000010 0.032549 0.159436 0.000010
0.613884 0.000010 0.039777 0.084687 0.002399 0.000297 0.119036 0.139901 0.000010
0.532480 0.000010 0.019358 0.215978 0.072932 0.000010 0.132730 0.026491 0.000010
0.733542 0.000010 0.034925 0.074524 0.000010 0.000010 0.000010 0.117450 0.039519
0.484617 0.000010 0.060807 0.188655 0.000010 0.000010 0.031382 0.234500 0.000010
0.566299 0.000010 0.023888 0.094092 0.041512 0.061794 0.000010 0.167757 0.044638
0.551456 0.000010 0.028113 0.025438 0.000010 0.000010 0.000010 0.348692 0.046261
0.536994 0.064158 0.000010 0.065295 0.047174 0.034521 0.000010 0.140649 0.111188
0.650234 0.012212 0.000010 0.026868 0.065159 0.000010 0.070424 0.175073 0.000010
0.563997 0.000010 0.000010 0.000010 0.000010 0.000010 0.040270 0.318239 0.077445
0.513227 0.024908 0.000010 0.119147 0.000010 0.047635 0.025753 0.269299 0.000010
0.420022 0.008745 0.149283 0.070939 0.000010 0.040597 0.051267 0.245471 0.013666
0.481692 0.000010 0.041683 0.032324 0.125000 0.012228 0.000010 0.222830 0.084224
0.551159 0.049515 0.012487 0.000010 0.005655 0.000010 0.034079 0.222700 0.124384
0.605051 0.044977 0.028155 0.009317 0.006129 0.027219 0.027437 0.205727 0.045988
0.528416 0.004371 0.014627 0.000010 0.031924 0.000010 0.000010 0.340729 0.079902
0.468317 0.000010 0.000010 0.020025 0.074602 0.000010 0.023076 0.329233 0.084717
0.547171 0.000010 0.114423 0.000010 0.000010 0.012801 0.024554 0.240429 0.060591
0.619102 0.000010 0.000010 0.000010 0.000010 0.064433 0.003848 0.212123 0.100454
0.457581 0.000010 0.022977 0.081946 0.000010 0.061263 0.000010 0.376193 0.000010
0.514231 0.000010 0.022324 0.100318 0.043643 0.000010 0.000010 0.192043 0.127411
0.633738 0.000010 0.034766 0.000010 0.000010 0.000010 0.052050 0.277392 0.002014
0.493845 0.000010 0.019286 0.003843 0.000010 0.076900 0.073455 0.270812 0.061838
0.503236 0.008317 0.000010 0.057562 0.030649 0.026697 0.065592 0.215409 0.092528
0.518174 0.021432 0.079142 0.032714 0.000010 0.058770 0.006886 0.271110 0.011761
0.602865 0.036323 0.037204 0.002753 0.000010 0.039406 0.048007 0.130798 0.102635
0.221242 0.000010 0.000901 0.084144 0.000010 0.000010 0.081624 0.307065 0.304994
0.507707 0.032726 0.010003 0.089689 0.063541 0.000010 0.007675 0.258668 0.029981
0.421427 0.000010 0.000010 0.064978 0.018432 0.025936 0.051265 0.380567 0.037376
0.593481 0.000010 0.005963 0.071523 0.000010 0.085131 0.009462 0.234410 0.000010
0.000010 0.908575 0.043875 0.000010 0.010783 0.000010 0.036718 0.000010 0.000010
0.112805 0.639128 0.000010 0.021888 0.000010 0.000010 0.044657 0.081844 0.099648
0.000010 0.921860 0.000010 0.000010 0.014654 0.000010 0.027844 0.005618 0.029984
0.000010 0.921742 0.017796 0.019040 0.000010 0.000010 0.000010 0.000010 0.041372
0.054277 0.018514 0.366130 0.025310 0.058818 0.030269 0.439642 0.007029 0.000010
0.025287 0.000010 0.657463 0.000010 0.010314 0.000010 0.306885 0.000010 0.000010
0.022659 0.000010 0.521204 0.000010 0.000010 0.000010 0.418555 0.037532 0.000010
0.000010 0.000010 0.524801 0.000010 0.056835 0.000010 0.418303 0.000010 0.000010
0.074262 0.000010 0.453042 0.041331 0.000010 0.007125 0.393389 0.030821 0.000010
0.000010 0.000010 0.607617 0.000010 0.000010 0.000010 0.315533 0.013104 0.063696
0.000010 0.000010 0.508408 0.000010 0.000010 0.000010 0.363472 0.030033 0.098037
0.000010 0.008134 0.347246 0.000010 0.022578 0.000010 0.424949 0.081632 0.115433
0.014842 0.044568 0.485220 0.024003 0.028597 0.000010 0.370223 0.000010 0.032527
0.100368 0.000010 0.505395 0.006452 0.000010 0.000010 0.387735 0.000010 0.000010
0.530241 0.000010 0.046980 0.011717 0.000010 0.023032 0.036811 0.351189 0.000010
0.518982 0.000010 0.035375 0.013702 0.000010 0.000010 0.062068 0.209374 0.160470
0.503454 0.000010 0.000010 0.054590 0.037472 0.000010 0.000010 0.234903 0.169542
0.364815 0.066324 0.129404 0.136343 0.000010 0.011656 0.024385 0.156044 0.111020
0.573855 0.001348 0.000010 0.115306 0.000010 0.013568 0.000010 0.276692 0.019202
0.539271 0.000010 0.038655 0.038357 0.000010 0.046884 0.000010 0.336793 0.000010
0.488351 0.012888 0.026727 0.081824 0.035748 0.042517 0.116161 0.084550 0.111234
0.478674 0.057110 0.000010 0.103141 0.000010 0.013607 0.001914 0.263201 0.082332
0.549580 0.135189 0.000010 0.000010 0.000010 0.000010 0.002477 0.142155 0.170559
0.513626 0.000010 0.010371 0.166267 0.000010 0.029595 0.000010 0.213780 0.066331
0.536248 0.000010 0.000010 0.086342 0.000010 0.086848 0.064003 0.226519 0.000010
0.466344 0.000010 0.061601 0.100598 0.000010 0.033854 0.020484 0.296264 0.020835
0.633723 0.000010 0.056705 0.079378 0.000010 0.000010 0.017874 0.212281 0.000010
0.490486 0.070892 0.044389 0.125672 0.021051 0.025023 0.008125 0.176481 0.037880
0.547825 0.000010 0.008564 0.021415 0.000010 0.064088 0.000010 0.267981 0.090097
0.614910 0.037167 0.004601 0.000010 0.000010 0.000010 0.057489 0.229216 0.056587
0.567480 0.000010 0.018002 0.014490 0.054323 0.000010 0.053798 0.201414 0.090473
0.600505 0.000010 0.063544 0.063202 0.000010 0.000010 0.043544 0.229165 0.000010
0.310733 0.023647 0.101759 0.122221 0.019725 0.000010 0.061304 0.196971 0.163630
0.578842 0.000010 0.000010 0.029936 0.000010 0.002024 0.000010 0.166146 0.223012
0.475045 0.000010 0.017202 0.024329 0.000010 0.000010 0.000010 0.262385 0.220999
0.021541 0.034761 0.655472 0.000010 0.000010 0.007614 0.261643 0.000010 0.018938
0.000010 0.005788 0.726253 0.000010 0.000010 0.000010 0.253890 0.014019 0.000010
0.000010 0.002872 0.593167 0.000010 0.007763 0.000010 0.367619 0.011869 0.016680
0.000010 0.043628 0.630339 0.055902 0.010738 0.000010 0.259353 0.000010 0.000010
0.000010 0.000010 0.638071 0.022323 0.070037 0.000010 0.269519 0.000010 0.000010
0.000010 0.207679 0.397962 0.000010 0.078311 0.000010 0.315997 0.000010 0.000010
0.000010 0.123304 0.537504 0.000010 0.044991 0.000010 0.265728 0.028432 0.000010
0.000010 0.000010 0.727246 0.000010 0.025454 0.000010 0.233772 0.013478 0.000010
0.000010 0.052940 0.658107 0.000010 0.000010 0.009117 0.279786 0.000010 0.000010
0.000010 0.079043 0.576539 0.123533 0.000010 0.000010 0.220835 0.000010 0.000010
0.000010 0.003313 0.698406 0.000010 0.000010 0.000010 0.298221 0.000010 0.000010
0.000010 0.000010 0.695983 0.000010 0.005168 0.012163 0.286636 0.000010 0.000010
0.000010 0.145466 0.629256 0.000010 0.059476 0.000010 0.165751 0.000010 0.000010
0.000010 0.152780 0.566638 0.000010 0.000010 0.000010 0.280522 0.000010 0.000010
0.000010 0.000010 0.587310 0.021628 0.000010 0.000010 0.344192 0.000010 0.046820
0.000010 0.000010 0.661300 0.045754 0.024740 0.000010 0.268156 0.000010 0.000010
0.000010 0.000010 0.761620 0.000010 0.000010 0.000010 0.238310 0.000010 0.000010
0.048816 0.021433 0.595534 0.000010 0.000010 0.000010 0.269303 0.064875 0.000010
0.040914 0.043429 0.669873 0.000010 0.000010 0.000010 0.218103 0.027641 0.000010
0.000010 0.000010 0.530733 0.000010 0.051581 0.014980 0.356680 0.045985 0.000010
0.000010 0.000010 0.605279 0.099146 0.032451 0.030123 0.232961 0.000010 0.000010
0.000010 0.000010 0.664805 0.002420 0.000010 0.000010 0.332715 0.000010 0.000010
0.000010 0.092116 0.609481 0.000010 0.037022 0.000010 0.261332 0.000010 0.000010
0.000010 0.102319 0.718967 0.000010 0.000367 0.000010 0.178297 0.000010 0.000010
0.000010 0.083449 0.619013 0.000010 0.001170 0.000010 0.237345 0.058983 0.000010
0.018579 0.018045 0.557010 0.000010 0.011342 0.000010 0.317031 0.077241 0.000732
0.000010 0.000010 0.603233 0.000010 0.023795 0.041849 0.331073 0.000010 0.000010
0.000010 0.007704 0.608720 0.000010 0.000010 0.000010 0.333172 0.009473 0.040891
0.000010 0.102213 0.571254 0.000010 0.070328 0.011023 0.231899 0.013253 0.000010
0.000010 0.000010 0.611317 0.000010 0.000010 0.000010 0.346562 0.042061 0.000010
0.000010 0.103621 0.545787 0.000010 0.083999 0.000010 0.251690 0.000010 0.014863
0.000010 0.003523 0.645351 0.000010 0.011180 0.000010 0.312744 0.000010 0.027162
0.000010 0.000010 0.549850 0.000010 0.050702 0.000010 0.399388 0.000010 0.000010
0.000010 0.000010 0.584001 0.000010 0.085049 0.000010 0.311586 0.000010 0.019314
0.000010 0.000010 0.649124 0.000010 0.105478 0.000010 0.245339 0.000010 0.000010
0.000010 0.000010 0.595200 0.020429 0.024746 0.000010 0.359574 0.000010 0.000010
0.000010 0.000010 0.621466 0.030262 0.005930 0.000010 0.297835 0.000010 0.044467
0.000010 0.000010 0.568362 0.003188 0.027057 0.000010 0.401343 0.000010 0.000010
0.000010 0.013217 0.575700 0.000010 0.082425 0.000010 0.328608 0.000010 0.000010
0.027289 0.039005 0.018118 0.012046 0.698599 0.003583 0.144441 0.056909 0.000010
0.002920 0.000010 0.000010 0.000010 0.896025 0.000010 0.087347 0.013658 0.000010
0.004613 0.000010 0.608310 0.000010 0.069180 0.010651 0.246246 0.017594 0.043385
0.000010 0.000010 0.601527 0.000010 0.009227 0.000010 0.339427 0.049769 0.000010
0.342886 0.000010 0.000010 0.343543 0.000010 0.010789 0.062203 0.240540 0.000010
0.377169 0.024625 0.004469 0.375366 0.009745 0.000010 0.000999 0.207606 0.000010
0.310643 0.000010 0.159348 0.246122 0.000010 0.000010 0.027469 0.246793 0.009594
0.134996 0.000010 0.000010 0.545228 0.000010 0.051853 0.009347 0.258537 0.000010
0.413923 0.000010 0.030880 0.218810 0.000010 0.000010 0.000010 0.336337 0.000010
0.345269 0.084694 0.030238 0.361715 0.000010 0.000010 0.000010 0.178044 0.000010
0.348886 0.000010 0.020628 0.389590 0.000010 0.000010 0.027518 0.213338 0.000010
0.339149 0.000010 0.000010 0.434873 0.053487 0.000010 0.000010 0.172441 0.000010
0.371266 0.008819 0.057544 0.350823 0.000010 0.000010 0.032922 0.178597 0.000010
0.289914 0.000010 0.006068 0.402344 0.047076 0.000010 0.068738 0.185830 0.000010
0.401368 0.078576 0.027756 0.365181 0.000010 0.000010 0.010974 0.090732 0.025393
0.116771 0.000010 0.047622 0.548014 0.000010 0.000010 0.030891 0.256662 0.000010
0.392969 0.000010 0.000010 0.264865 0.034284 0.026980 0.011870 0.247558 0.021453
0.000010 0.000010 0.551617 0.000010 0.101198 0.000010 0.347125 0.000010 0.000010
0.000010 0.003282 0.479805 0.000010 0.086266 0.000010 0.430597 0.000010 0.000010
0.000010 0.058649 0.583033 0.032540 0.062819 0.001538 0.232159 0.029241 0.000010
0.000010 0.069177 0.566235 0.000010 0.000010 0.000010 0.331649 0.032890 0.000010
0.006887 0.030474 0.658602 0.000010 0.000010 0.000010 0.235343 0.068654 0.000010
0.000010 0.000010 0.622684 0.000010 0.035378 0.000010 0.320028 0.021860 0.000010
0.000010 0.000010 0.704431 0.000010 0.058105 0.000010 0.229506 0.007908 0.000010
0.000010 0.000010 0.654301 0.000010 0.000010 0.000010 0.316967 0.028671 0.000010
0.000369 0.000010 0.635415 0.000010 0.061093 0.000010 0.247632 0.022592 0.032869
0.000010 0.000010 0.623898 0.000010 0.064408 0.003955 0.307690 0.000010 0.000010
0.031092 0.000010 0.698271 0.000010 0.010606 0.008602 0.251389 0.000010 0.000010
0.003320 0.078964 0.660122 0.000010 0.076345 0.000010 0.181209 0.000010 0.000010
