0.270020 0.131442 0.000010 0.019790 0.028333 0.000010 0.058715 0.458289 0.033391
0.272867 0.048613 0.010967 0.161577 0.000010 0.033993 0.017261 0.432640 0.022072
0.170252 0.000010 0.000010 0.314912 0.000010 0.000010 0.080652 0.329029 0.105115
0.296958 0.000010 0.000010 0.201001 0.042210 0.000010 0.000010 0.364560 0.095231
0.264488 0.000010 0.018654 0.060274 0.000010 0.000010 0.024385 0.632159 0.000010
0.299014 0.000010 0.000010 0.124961 0.044100 0.000010 0.089127 0.442758 0.000010
0.442174 0.005507 0.046483 0.191400 0.000010 0.000010 0.000010 0.314396 0.000010
0.204519 0.067498 0.000010 0.160154 0.014050 0.064261 0.127436 0.362062 0.000010
0.300516 0.000010 0.055973 0.000010 0.138855 0.036916 0.005994 0.411195 0.050531
0.204444 0.000010 0.029927 0.215011 0.000010 0.000010 0.054327 0.496250 0.000010
0.230568 0.096980 0.000010 0.256942 0.000010 0.000010 0.053897 0.361572 0.000010
0.217348 0.000010 0.024006 0.136264 0.000010 0.000010 0.116956 0.505387 0.000010
0.151186 0.000010 0.007569 0.235487 0.000010 0.036334 0.061857 0.507537 0.000010
0.162073 0.047123 0.000010 0.195188 0.030001 0.008460 0.051390 0.221029 0.284727
0.388848 0.000010 0.000010 0.117300 0.011526 0.000010 0.094989 0.325083 0.062224
0.158307 0.135721 0.000010 0.000010 0.028304 0.000010 0.176312 0.473316 0.028010
0.265836 0.000010 0.017776 0.126618 0.182843 0.031952 0.018130 0.356825 0.000010
0.289859 0.000010 0.000010 0.209983 0.050390 0.083315 0.000010 0.366413 0.000010
0.242706 0.038475 0.091739 0.046680 0.000010 0.049786 0.012455 0.518140 0.000010
0.229933 0.046783 0.013211 0.117790 0.000010 0.000010 0.044423 0.515278 0.032563
0.442546 0.000010 0.017970 0.057519 0.001177 0.000010 0.040746 0.440012 0.000010
0.197974 0.076436 0.000010 0.121900 0.062965 0.000010 0.130898 0.409797 0.000010
0.369845 0.000010 0.071767 0.011716 0.032525 0.000010 0.000010 0.362437 0.151679
0.333821 0.000010 0.084009 0.103512 0.000010 0.000010 0.057320 0.400299 0.021008
0.535713 0.014063 0.000010 0.000010 0.000010 0.032425 0.021197 0.396563 0.000010
0.132797 0.034967 0.001162 0.072859 0.000010 0.000010 0.143615 0.614569 0.000010
0.232273 0.007196 0.219694 0.053175 0.001347 0.000010 0.107156 0.368903 0.010244
0.219751 0.000010 0.000010 0.000010 0.000010 0.039859 0.000010 0.418233 0.322107
0.345513 0.080724 0.105852 0.012736 0.000010 0.000010 0.113331 0.341814 0.000010
0.459096 0.016465 0.013664 0.000010 0.000010 0.030963 0.093500 0.333492 0.052798
0.292831 0.067170 0.020095 0.000010 0.000010 0.031688 0.052169 0.536017 0.000010
0.429799 0.027316 0.064295 0.158184 0.000010 0.000010 0.000010 0.320366 0.000010
0.286007 0.103233 0.000010 0.292748 0.000010 0.000010 0.000010 0.317962 0.000010
0.386726 0.158786 0.000010 0.176644 0.000010 0.000010 0.047493 0.230311 0.000010
0.089949 0.000010 0.107239 0.109946 0.086820 0.000010 0.178621 0.427395 0.000010
0.131525 0.095467 0.000010 0.071163 0.000010 0.000010 0.101715 0.600091 0.000010
0.287018 0.003395 0.000010 0.183393 0.000010 0.000010 0.009801 0.509925 0.006438
0.303916 0.000010 0.025120 0.209630 0.000010 0.000010 0.087303 0.373991 0.000010
0.278808 0.000010 0.039043 0.151814 0.025358 0.014411 0.000010 0.364694 0.125852
0.249342 0.000010 0.077985 0.299245 0.000010 0.003203 0.000010 0.370184 0.000010
0.333013 0.067216 0.000010 0.082387 0.012276 0.013026 0.000010 0.492051 0.000010
0.321965 0.052570 0.000010 0.109759 0.023192 0.000010 0.001679 0.410856 0.079959
0.207460 0.000010 0.006290 0.048132 0.000010 0.026022 0.130566 0.581500 0.000010
0.136916 0.000010 0.000010 0.174253 0.060296 0.000010 0.138115 0.477051 0.013340
0.294117 0.025878 0.000010 0.000010 0.016783 0.050907 0.195445 0.416840 0.000010
0.188136 0.000010 0.107973 0.201311 0.066974 0.000010 0.094565 0.341012 0.000010
0.169202 0.065635 0.000010 0.168151 0.050560 0.000010 0.060873 0.485549 0.000010
0.341880 0.000010 0.010023 0.007178 0.026209 0.000010 0.161037 0.453643 0.000010
0.157275 0.010677 0.530232 0.141176 0.011501 0.000010 0.100525 0.048594 0.000010
0.295474 0.061043 0.111794 0.081545 0.080104 0.000010 0.109304 0.166689 0.094038
0.133844 0.043287 0.382986 0.089788 0.007160 0.022728 0.109215 0.210982 0.000010
0.108308 0.072195 0.499180 0.031369 0.000010 0.000010 0.023405 0.265512 0.000010
0.119540 0.088749 0.343324 0.000494 0.099905 0.000010 0.142132 0.199681 0.006166
0.407582 0.047062 0.150461 0.000010 0.000010 0.000010 0.000010 0.394845 0.000010
0.019075 0.148951 0.432450 0.114843 0.012838 0.021212 0.137543 0.069121 0.043967
0.106267 0.041079 0.310665 0.205922 0.000010 0.000010 0.159567 0.176471 0.000010
0.056151 0.103652 0.345016 0.000010 0.116380 0.002847 0.204338 0.171597 0.000010
0.345795 0.091577 0.166646 0.000010 0.000010 0.000010 0.263251 0.132691 0.000010
0.056775 0.000010 0.447863 0.121191 0.110720 0.000010 0.116282 0.141345 0.005804
0.038657 0.001928 0.336153 0.225852 0.084853 0.072633 0.075273 0.164641 0.000010
0.076803 0.024857 0.395025 0.187960 0.000010 0.000010 0.096102 0.219223 0.000010
0.194061 0.000322 0.276617 0.025961 0.000010 0.000010 0.251855 0.251155 0.000010
0.158815 0.200020 0.169283 0.000010 0.026366 0.072546 0.118368 0.254582 0.000010
0.214800 0.055277 0.180401 0.171196 0.000010 0.000010 0.129065 0.239768 0.009473
0.367403 0.038912 0.174796 0.098645 0.000010 0.000010 0.015645 0.294276 0.010304
0.111327 0.134208 0.164110 0.201994 0.000010 0.000010 0.160339 0.227992 0.000010
0.162530 0.000010 0.320703 0.083076 0.000010 0.000010 0.111298 0.315096 0.007266
0.085097 0.184940 0.613002 0.000010 0.000010 0.000010 0.104809 0.012112 0.000010
0.008711 0.000010 0.323816 0.283837 0.000010 0.000010 0.155492 0.190702 0.037411
0.443316 0.055444 0.082432 0.066880 0.150915 0.004653 0.000010 0.196339 0.000010
0.000010 0.000010 0.000010 0.081666 0.097375 0.017039 0.080954 0.268110 0.454825
0.398618 0.042190 0.015361 0.065020 0.004219 0.034092 0.014699 0.425791 0.000010
0.392184 0.057195 0.018580 0.136061 0.000010 0.000010 0.000010 0.395941 0.000010
0.221566 0.000010 0.119510 0.157758 0.019766 0.000010 0.051237 0.353539 0.076604
0.276677 0.000010 0.000010 0.151076 0.005901 0.003128 0.121230 0.441957 0.000010
0.324486 0.000010 0.000010 0.059683 0.022215 0.000010 0.038744 0.323852 0.230989
0.420628 0.000010 0.025700 0.126198 0.090319 0.000010 0.069156 0.267969 0.000010
0.141523 0.154122 0.000010 0.006465 0.000010 0.043538 0.006388 0.365882 0.282063
0.291529 0.050029 0.000010 0.102706 0.020746 0.000010 0.059349 0.355832 0.119788
0.324043 0.000010 0.114263 0.201602 0.000010 0.000010 0.000010 0.262114 0.097939
0.147576 0.023491 0.000010 0.000010 0.005761 0.001755 0.237380 0.564798 0.019218
0.282695 0.000010 0.121258 0.110602 0.050711 0.002768 0.063977 0.366904 0.001076
0.079598 0.094478 0.000010 0.321923 0.029711 0.019579 0.035588 0.419103 0.000010
0.479584 0.000010 0.114620 0.000010 0.105828 0.020798 0.000010 0.279129 0.000010
0.259343 0.013105 0.010985 0.029337 0.000010 0.000010 0.150812 0.512860 0.023538
0.167852 0.060262 0.000010 0.000010 0.000010 0.031128 0.111161 0.394796 0.234771
0.243811 0.000010 0.000010 0.043912 0.000010 0.000010 0.016212 0.358765 0.337260
0.217778 0.000010 0.000010 0.156604 0.000010 0.000010 0.070453 0.505956 0.049169
0.049551 0.024709 0.087515 0.177874 0.000010 0.000010 0.000010 0.440423 0.219897
0.440622 0.000010 0.000010 0.037410 0.023631 0.014075 0.123118 0.361115 0.000010
0.536023 0.091328 0.034708 0.083245 0.000010 0.000010 0.000010 0.254657 0.000010
0.193312 0.044741 0.084783 0.196066 0.008478 0.036661 0.019855 0.416096 0.000010
0.314133 0.054213 0.000010 0.117966 0.000010 0.000010 0.097227 0.384733 0.031697
0.265991 0.000010 0.053809 0.057811 0.000010 0.000010 0.072788 0.525236 0.024336
0.341648 0.000010 0.036807 0.000010 0.000010 0.071484 0.061221 0.488800 0.000010
0.252170 0.000010 0.000010 0.036100 0.000010 0.000010 0.121863 0.589816 0.000010
0.100679 0.000010 0.083304 0.137819 0.016784 0.000010 0.053748 0.607637 0.000010
0.250028 0.125032 0.000010 0.000010 0.000010 0.000010 0.135540 0.489350 0.000010
0.250356 0.115439 0.005374 0.009338 0.012450 0.022381 0.196569 0.388081 0.000010
0.136820 0.000010 0.102983 0.017158 0.034479 0.000010 0.043602 0.664928 0.000010
0.166755 0.000010 0.000010 0.065682 0.133910 0.000010 0.128436 0.347400 0.157788
0.047689 0.000010 0.023033 0.147827 0.059399 0.105967 0.000010 0.045039 0.571026
0.074260 0.000010 0.106739 0.074974 0.000010 0.088359 0.000010 0.655628 0.000010
0.008069 0.000010 0.000010 0.189633 0.000010 0.000010 0.192319 0.546448 0.063490
0.269860 0.072689 0.000010 0.111474 0.057079 0.000010 0.118250 0.370618 0.000010
0.103263 0.000010 0.073239 0.075085 0.000010 0.047127 0.160399 0.540857 0.000010
0.133851 0.000010 0.105808 0.143057 0.000010 0.046691 0.101621 0.468941 0.000010
0.277519 0.074894 0.000010 0.263886 0.082327 0.000010 0.059285 0.242059 0.000010
0.199856 0.054539 0.000010 0.000010 0.000010 0.000010 0.201204 0.520233 0.024127
0.229066 0.026803 0.000010 0.326304 0.000010 0.000010 0.110983 0.266970 0.039844
0.000010 0.016318 0.000010 0.163544 0.005055 0.000010 0.164260 0.650782 0.000010
0.293575 0.075710 0.005405 0.000010 0.000010 0.021733 0.006760 0.596787 0.000010
0.246066 0.000010 0.000010 0.120967 0.000010 0.022988 0.130132 0.479807 0.000010
0.176810 0.139529 0.000010 0.376205 0.030671 0.000010 0.000010 0.276745 0.000010
0.154993 0.000010 0.001493 0.093101 0.051977 0.000010 0.176677 0.521729 0.000010
0.110870 0.000010 0.142642 0.000010 0.000010 0.000010 0.160744 0.521734 0.063970
0.131068 0.000010 0.000010 0.257038 0.000010 0.000010 0.105076 0.488566 0.018211
0.184475 0.000010 0.191944 0.000010 0.057007 0.000010 0.000010 0.565890 0.000644
0.116511 0.021040 0.018349 0.328572 0.000010 0.000010 0.024116 0.491381 0.000010
0.408328 0.023198 0.099586 0.000010 0.000010 0.016840 0.050405 0.401614 0.000010
0.340679 0.074910 0.000010 0.192011 0.038043 0.000010 0.062527 0.291801 0.000010
0.307941 0.092472 0.020173 0.103200 0.000010 0.000010 0.079226 0.258683 0.138285
0.182205 0.034102 0.000010 0.077285 0.016962 0.000010 0.083113 0.606302 0.000010
0.148049 0.000010 0.025869 0.133431 0.068208 0.000010 0.091815 0.532598 0.000010
0.130747 0.000010 0.146442 0.112854 0.013410 0.018385 0.028788 0.549353 0.000010
0.392398 0.044396 0.047617 0.000010 0.128889 0.013977 0.038181 0.334521 0.000010
0.199623 0.137473 0.000010 0.106163 0.000010 0.000010 0.061394 0.489519 0.005798
0.000010 0.015130 0.061608 0.270800 0.041370 0.000010 0.152834 0.428842 0.029395
0.145885 0.123452 0.117613 0.156484 0.016832 0.000010 0.109165 0.330548 0.000010
0.321256 0.018373 0.000010 0.000010 0.000010 0.023997 0.162323 0.474011 0.000010
0.290224 0.000010 0.074886 0.163469 0.017385 0.011375 0.101357 0.341283 0.000010
0.055960 0.043367 0.034541 0.158434 0.085533 0.000010 0.094647 0.527498 0.000010
0.180749 0.000010 0.044906 0.104312 0.038763 0.017710 0.098168 0.515182 0.000199
0.244469 0.000010 0.107826 0.280830 0.000010 0.000010 0.000010 0.366825 0.000010
0.154299 0.035661 0.054479 0.198642 0.064889 0.000010 0.122444 0.369567 0.000010
0.246294 0.019527 0.000010 0.212955 0.006430 0.000010 0.043847 0.470916 0.000010
0.229414 0.000010 0.000010 0.219243 0.000010 0.000010 0.087158 0.464135 0.000010
0.120821 0.000010 0.000010 0.277603 0.007702 0.058183 0.189490 0.346172 0.000010
0.150831 0.000010 0.000010 0.161128 0.000010 0.042668 0.148230 0.497103 0.000010
0.337887 0.035350 0.000010 0.040981 0.000010 0.000010 0.105569 0.458815 0.021368
0.245800 0.006932 0.127287 0.396014 0.000219 0.000010 0.000010 0.223718 0.000010
0.168778 0.000010 0.348475 0.063792 0.000010 0.000010 0.099310 0.319605 0.000010
0.182802 0.038146 0.000010 0.153534 0.000010 0.024838 0.108496 0.492154 0.000010
0.298655 0.000010 0.133113 0.045304 0.014342 0.000010 0.044429 0.464126 0.000010
0.297406 0.005481 0.049044 0.000010 0.041765 0.000010 0.033359 0.572915 0.000010
0.212103 0.000010 0.135563 0.103648 0.069618 0.000010 0.042681 0.436356 0.000010
0.441539 0.000010 0.003723 0.122510 0.000010 0.000010 0.028987 0.403201 0.000010
0.304408 0.000010 0.033485 0.000010 0.085741 0.000010 0.026013 0.550313 0.000010
0.000010 0.000010 0.106890 0.233207 0.068202 0.000010 0.000010 0.577237 0.014423
0.115319 0.000010 0.178743 0.071361 0.000010 0.000010 0.155415 0.479122 0.000010
0.216205 0.007081 0.095655 0.055843 0.094385 0.000010 0.042576 0.443234 0.045011
0.255388 0.000010 0.063864 0.137950 0.073047 0.000010 0.004755 0.428655 0.036321
0.153993 0.000010 0.021543 0.069127 0.000010 0.029301 0.175108 0.550897 0.000010
0.161945 0.003434 0.000010 0.045734 0.076635 0.001209 0.145435 0.548955 0.016642
0.352695 0.000010 0.026800 0.071325 0.000010 0.000010 0.083284 0.398614 0.067251
0.292875 0.000010 0.084297 0.146395 0.028072 0.006627 0.011464 0.430251 0.000010
0.204291 0.072898 0.101467 0.041316 0.000010 0.000010 0.000010 0.579988 0.000010
0.178863 0.036906 0.164660 0.013132 0.000010 0.000010 0.030555 0.575854 0.000010
0.262137 0.000010 0.175094 0.000010 0.042074 0.000010 0.158530 0.361541 0.000593
0.369604 0.000010 0.000010 0.000010 0.000010 0.000010 0.150401 0.452435 0.027510
0.239855 0.012537 0.152436 0.026170 0.064848 0.018807 0.006291 0.479046 0.000010
0.178910 0.000010 0.142740 0.082685 0.044149 0.000010 0.058159 0.493327 0.000010
0.165288 0.000010 0.063404 0.079062 0.000010 0.000010 0.239075 0.424214 0.028926
0.188523 0.028192 0.123915 0.000010 0.118936 0.000010 0.132542 0.407863 0.000010
0.000010 0.000010 0.110670 0.242549 0.065312 0.000010 0.105854 0.377389 0.098196
0.214243 0.055754 0.012484 0.092196 0.046580 0.000010 0.117707 0.461015 0.000010
0.023233 0.000010 0.059050 0.036893 0.000010 0.010029 0.236871 0.607655 0.026250
0.095237 0.007658 0.000010 0.180934 0.118969 0.000010 0.061534 0.474210 0.061438
0.236188 0.077501 0.081741 0.111052 0.023817 0.020202 0.072233 0.377257 0.000010
0.099136 0.112215 0.000010 0.040457 0.047970 0.019151 0.192458 0.457147 0.031456
0.110116 0.146797 0.066377 0.090004 0.000010 0.000010 0.050272 0.536403 0.000010
0.252042 0.000010 0.116544 0.000010 0.073530 0.000010 0.162606 0.338969 0.056280
0.246983 0.000010 0.062979 0.193480 0.031398 0.061816 0.023414 0.379910 0.000010
0.290063 0.140019 0.000010 0.019214 0.000010 0.000010 0.141966 0.408698 0.000010
0.115416 0.000010 0.113610 0.045422 0.032939 0.000010 0.316588 0.375994 0.000010
0.129846 0.000010 0.026959 0.151409 0.048675 0.000010 0.114282 0.528800 0.000010
0.200202 0.135402 0.000010 0.116200 0.037797 0.000010 0.148648 0.361721 0.000010
0.007595 0.000010 0.074372 0.279073 0.000010 0.000010 0.105660 0.506537 0.026733
0.064852 0.033543 0.000010 0.051660 0.000010 0.000010 0.210033 0.639872 0.000010
0.273756 0.042201 0.069801 0.053432 0.061054 0.000010 0.168702 0.331035 0.000010
0.081386 0.162895 0.000010 0.143136 0.000010 0.000010 0.107166 0.505377 0.000010
0.200494 0.000010 0.000010 0.152089 0.000010 0.033047 0.067912 0.526325 0.020103
0.101978 0.038478 0.126139 0.186715 0.000010 0.064105 0.000010 0.482554 0.000010
0.280627 0.073835 0.053047 0.020855 0.000010 0.038018 0.033742 0.499855 0.000010
0.232180 0.000010 0.056564 0.000010 0.097954 0.026256 0.005709 0.530514 0.050802
0.308357 0.066296 0.000010 0.036976 0.034219 0.044238 0.079735 0.430159 0.000010
0.172545 0.092988 0.303262 0.000025 0.000010 0.016487 0.138538 0.276133 0.000010
0.000010 0.000010 0.000010 0.000010 0.000010 0.434230 0.000016 0.000010 0.565695
0.000010 0.000010 0.000010 0.000010 0.021523 0.537270 0.000010 0.000010 0.441147
0.000010 0.010731 0.000010 0.000010 0.003593 0.385722 0.000010 0.000010 0.599904
0.033477 0.000010 0.000010 0.000010 0.006693 0.380368 0.000010 0.034559 0.544862
0.000010 0.025664 0.000010 0.027416 0.000010 0.325241 0.000010 0.000010 0.621629
0.000010 0.001093 0.000010 0.024525 0.005842 0.347759 0.000010 0.000010 0.620742
0.000013 0.000010 0.000010 0.000010 0.009513 0.507283 0.052192 0.000010 0.430959
0.000010 0.000010 0.000010 0.000010 0.033595 0.408112 0.000010 0.000010 0.558234
0.000010 0.000010 0.000010 0.000010 0.000010 0.455154 0.000010 0.016726 0.528061
0.000010 0.023511 0.000010 0.000010 0.019237 0.443274 0.040510 0.000010 0.473428
0.000010 0.036862 0.025826 0.000010 0.000010 0.254191 0.000010 0.000010 0.683071
0.000010 0.010075 0.000010 0.000010 0.000010 0.433759 0.000010 0.000010 0.556105
0.013008 0.005614 0.000010 0.000010 0.000010 0.294486 0.003818 0.000010 0.683033
0.000010 0.028213 0.000010 0.000010 0.000010 0.562844 0.000010 0.000010 0.408883
0.000010 0.028651 0.000010 0.000010 0.000010 0.329349 0.000010 0.000010 0.641940
0.000010 0.017318 0.000010 0.000010 0.000010 0.510694 0.000010 0.000010 0.471928
0.000010 0.000010 0.000010 0.000010 0.073298 0.363395 0.008547 0.000010 0.554709
0.000010 0.000010 0.038412 0.000010 0.000010 0.505016 0.010138 0.000010 0.446384
0.000010 0.012886 0.012246 0.000010 0.000010 0.302340 0.000010 0.000010 0.672478
0.000010 0.000010 0.000010 0.000010 0.012581 0.480869 0.008501 0.000010 0.498000
0.000010 0.000010 0.000010 0.000010 0.000010 0.341244 0.000010 0.000010 0.658686
0.000010 0.000010 0.000010 0.057348 0.000010 0.320364 0.000010 0.000010 0.622228
0.000010 0.000010 0.000010 0.023614 0.000010 0.421625 0.000010 0.000010 0.554702
0.000010 0.000010 0.000010 0.000010 0.000010 0.503058 0.010885 0.000010 0.485997
0.000010 0.000010 0.013582 0.006964 0.000010 0.204787 0.000010 0.000010 0.774617
0.000010 0.000010 0.000010 0.000010 0.000010 0.591146 0.033765 0.000010 0.375029
0.000010 0.000010 0.000010 0.000010 0.000010 0.503851 0.028719 0.000010 0.467370
0.000010 0.000010 0.000010 0.000010 0.000010 0.316856 0.007778 0.000010 0.675305
0.000010 0.000010 0.000010 0.000010 0.838960 0.000010 0.160970 0.000010 0.000010
0.414687 0.000010 0.000010 0.391219 0.000010 0.000010 0.000010 0.194034 0.000010
0.345049 0.000010 0.044319 0.210441 0.029382 0.000010 0.000010 0.336864 0.033915
0.349193 0.000010 0.101714 0.365427 0.000010 0.000010 0.000010 0.183617 0.000010
0.175489 0.002264 0.069678 0.525769 0.000010 0.000010 0.000010 0.226759 0.000010
0.271263 0.000010 0.000010 0.421471 0.020925 0.000010 0.000010 0.286291 0.000010
0.467423 0.000010 0.000010 0.240748 0.000010 0.000010 0.045143 0.246636 0.000010
0.379368 0.007373 0.054174 0.334871 0.005330 0.000010 0.000010 0.218854 0.000010
0.454098 0.000010 0.062065 0.250657 0.000010 0.000010 0.000010 0.233130 0.000010
0.280359 0.156796 0.083990 0.466199 0.000010 0.000010 0.008233 0.000010 0.004393
0.468975 0.000010 0.000010 0.180069 0.017188 0.000010 0.018011 0.292807 0.022921
0.422675 0.024578 0.039459 0.263028 0.000010 0.000010 0.009325 0.189884 0.051031
0.433563 0.000010 0.000010 0.433739 0.000010 0.000010 0.000010 0.132638 0.000010
0.419127 0.075456 0.046575 0.217745 0.060221 0.023399 0.019080 0.138386 0.000010
0.541470 0.000010 0.051534 0.187924 0.061734 0.000010 0.000010 0.157298 0.000010
0.524465 0.089147 0.000010 0.282129 0.000010 0.000010 0.002926 0.101293 0.000010
0.357022 0.000010 0.000010 0.411416 0.000010 0.000010 0.000010 0.231502 0.000010
0.467714 0.020301 0.000010 0.301866 0.043316 0.000010 0.000010 0.107395 0.059379
0.370657 0.000010 0.085940 0.340767 0.020071 0.000010 0.029193 0.153341 0.000010
0.357528 0.028909 0.112896 0.377983 0.000010 0.000010 0.000010 0.122645 0.000010
0.299445 0.000010 0.000010 0.504052 0.025987 0.002503 0.000976 0.167007 0.000010
0.533451 0.001066 0.077461 0.166107 0.028259 0.000010 0.004388 0.189248 0.000010
0.383884 0.085624 0.000010 0.203805 0.000010 0.000010 0.044926 0.281721 0.000010
0.503735 0.000010 0.008612 0.296072 0.000010 0.000010 0.009799 0.181743 0.000010
0.288347 0.041215 0.045142 0.319711 0.014024 0.015059 0.054101 0.222392 0.000010
0.396154 0.016251 0.030203 0.386432 0.020599 0.000010 0.000010 0.146242 0.004099
0.476246 0.000010 0.000010 0.308312 0.000010 0.005960 0.000010 0.209432 0.000010
0.334309 0.051161 0.000010 0.289334 0.019042 0.000010 0.036399 0.269725 0.000010
0.365933 0.000010 0.032890 0.429273 0.000010 0.000010 0.000010 0.171854 0.000010
0.000010 0.000010 0.000010 0.000010 0.942131 0.000010 0.032384 0.025425 0.000010
0.000010 0.000010 0.007515 0.014049 0.978377 0.000010 0.000010 0.000010 0.000010
0.000010 0.000010 0.016145 0.000010 0.922774 0.000010 0.000010 0.061021 0.000010
0.000010 0.005163 0.014185 0.000010 0.964631 0.000010 0.015971 0.000010 0.000010
0.016607 0.000010 0.000010 0.000010 0.977551 0.001076 0.004717 0.000010 0.000010
0.000010 0.000010 0.000010 0.000010 0.943992 0.010850 0.045098 0.000010 0.000010
0.000010 0.000010 0.000010 0.000010 0.938447 0.000010 0.061483 0.000010 0.000010
0.000010 0.000010 0.061330 0.000010 0.938600 0.000010 0.000010 0.000010 0.000010
0.000010 0.000010 0.000010 0.000010 0.954166 0.000010 0.045764 0.000010 0.000010
0.000010 0.000010 0.000010 0.000010 0.932305 0.000010 0.067625 0.000010 0.000010
0.000010 0.000010 0.000010 0.000010 0.810635 0.000010 0.189295 0.000010 0.000010
0.000010 0.000010 0.000010 0.000010 0.945599 0.025314 0.029027 0.000010 0.000010
0.000010 0.000010 0.000010 0.000010 0.983794 0.000010 0.000010 0.000010 0.016136
0.000010 0.000010 0.000010 0.000010 0.987130 0.012794 0.000010 0.000015 0.000010
0.000010 0.000010 0.000010 0.000010 0.929957 0.000010 0.032251 0.000010 0.037731
0.000010 0.000010 0.000010 0.000010 0.940305 0.000010 0.049320 0.000010 0.010315
0.000010 0.000010 0.000010 0.000010 0.978786 0.000010 0.021144 0.000010 0.000010
0.510979 0.014456 0.000010 0.111041 0.000010 0.000010 0.000010 0.363473 0.000010
0.558884 0.001960 0.000010 0.096158 0.000010 0.037273 0.000010 0.292653 0.013042
0.503989 0.000010 0.119097 0.133962 0.000010 0.020702 0.000010 0.222176 0.000044
0.612634 0.000010 0.063868 0.000010 0.000010 0.000010 0.025568 0.297880 0.000010
0.467400 0.000010 0.107011 0.074613 0.000010 0.045912 0.000010 0.305024 0.000010
0.690510 0.078223 0.041070 0.013860 0.000010 0.000010 0.000010 0.132073 0.044235
0.584901 0.000010 0.000010 0.000010 0.071551 0.000010 0.000010 0.330396 0.013102
0.419085 0.000010 0.000010 0.128782 0.000010 0.000010 0.000010 0.452074 0.000010
0.592846 0.000010 0.000010 0.060887 0.000010 0.000010 0.000010 0.344075 0.002143
0.530364 0.000010 0.061217 0.101498 0.000010 0.000010 0.101354 0.205527 0.000010
0.540348 0.000010 0.017794 0.078020 0.000010 0.018800 0.000010 0.344998 0.000010
0.549116 0.033454 0.045685 0.000010 0.000886 0.000010 0.000010 0.370819 0.000010
0.463925 0.000010 0.028953 0.260968 0.000010 0.000010 0.000010 0.177135 0.068978
0.641714 0.000010 0.035943 0.028338 0.000010 0.005814 0.000010 0.288151 0.000010
0.558490 0.003375 0.048617 0.086314 0.008898 0.000877 0.000010 0.293409 0.000010
0.584951 0.000010 0.000010 0.129431 0.000010 0.000010 0.000010 0.285558 0.000010
0.584221 0.040697 0.000010 0.000010 0.000010 0.000010 0.000010 0.298944 0.076089
0.449484 0.090923 0.040128 0.100886 0.000010 0.006623 0.000010 0.300024 0.011913
0.428496 0.014932 0.001145 0.233785 0.055020 0.000010 0.000010 0.122462 0.144140
0.542157 0.000010 0.000010 0.195641 0.021900 0.021773 0.000010 0.218488 0.000010
0.555062 0.024902 0.000010 0.138356 0.000010 0.000010 0.000010 0.281630 0.000010
0.528644 0.060095 0.017878 0.105693 0.006008 0.000010 0.000010 0.281652 0.000010
0.598360 0.000010 0.002296 0.132926 0.000010 0.000010 0.000010 0.223888 0.042489
0.481104 0.000010 0.000010 0.129763 0.055975 0.000010 0.028060 0.305058 0.000010
0.436142 0.000010 0.057058 0.208245 0.059496 0.000010 0.000010 0.214074 0.024956
0.545212 0.000010 0.000010 0.000010 0.000010 0.081678 0.053387 0.319672 0.000010
0.437972 0.006172 0.135856 0.080588 0.037266 0.064119 0.000010 0.238008 0.000010
0.385966 0.006137 0.000010 0.181945 0.015717 0.000473 0.062439 0.316242 0.031070
0.610213 0.000010 0.000010 0.035634 0.000010 0.005423 0.064337 0.284354 0.000010
0.531158 0.000010 0.000010 0.176736 0.000010 0.000010 0.000010 0.292046 0.000010
0.618179 0.000010 0.000010 0.072628 0.000010 0.000010 0.000010 0.309133 0.000010
0.516182 0.000010 0.000010 0.094446 0.000010 0.000010 0.000010 0.383442 0.005880
0.751452 0.022874 0.000010 0.042245 0.000010 0.000010 0.000010 0.175094 0.008296
0.585365 0.018066 0.000010 0.023991 0.016453 0.000010 0.004657 0.327866 0.023583
0.605317 0.000010 0.000010 0.042035 0.000010 0.003015 0.000010 0.349583 0.000010
0.505058 0.000010 0.027547 0.014457 0.000010 0.000010 0.046000 0.384851 0.022056
0.585035 0.000010 0.000010 0.000010 0.064467 0.000010 0.000010 0.350439 0.000010
0.579425 0.000010 0.000010 0.094773 0.000010 0.014897 0.000010 0.310856 0.000010
0.412301 0.000010 0.050451 0.249327 0.000010 0.000010 0.148626 0.139254 0.000010
0.530795 0.000010 0.110764 0.166693 0.000010 0.000010 0.000010 0.121722 0.069985
0.506353 0.000010 0.000010 0.159954 0.000010 0.136563 0.013399 0.183691 0.000010
0.453520 0.000010 0.000010 0.211056 0.044992 0.000010 0.000010 0.290382 0.000010
0.637691 0.000010 0.066743 0.027200 0.000010 0.029384 0.053645 0.136853 0.048464
0.874639 0.017196 0.050190 0.000010 0.000010 0.019221 0.000010 0.031298 0.007425
0.593447 0.000010 0.000010 0.004397 0.080689 0.000010 0.000010 0.168034 0.153393
0.671321 0.036407 0.000010 0.000010 0.000010 0.000010 0.000010 0.231239 0.060983
0.548777 0.000010 0.000010 0.000010 0.004964 0.000010 0.115015 0.257997 0.073206
0.704654 0.000010 0.000010 0.042203 0.000010 0.000010 0.000010 0.253084 0.000010
0.477972 0.006311 0.107054 0.117853 0.000010 0.000010 0.000010 0.267552 0.023228
0.227691 0.000010 0.068383 0.341941 0.040440 0.000010 0.000010 0.242769 0.078746
0.659949 0.000010 0.040573 0.105052 0.003113 0.000010 0.000010 0.191273 0.000010
0.520137 0.000010 0.000010 0.070382 0.000010 0.035746 0.000010 0.222990 0.150705
0.690704 0.000010 0.000010 0.005464 0.000010 0.000010 0.000010 0.231636 0.072147
0.627068 0.000010 0.000010 0.056023 0.000010 0.000158 0.000010 0.316701 0.000010
0.441242 0.000010 0.081514 0.129070 0.000010 0.000010 0.000010 0.348124 0.000010
0.000010 0.000010 0.000010 0.043695 0.000010 0.095406 0.075600 0.007852 0.777407
0.715132 0.000010 0.088180 0.000010 0.117191 0.000010 0.000010 0.063365 0.016092
0.655016 0.000010 0.002618 0.100733 0.045601 0.031122 0.000010 0.164881 0.000010
0.774219 0.000010 0.000010 0.010276 0.000010 0.008996 0.000010 0.206460 0.000010
0.601487 0.000013 0.000010 0.000010 0.000010 0.000010 0.039099 0.359352 0.000010
0.553693 0.000010 0.072903 0.171812 0.000010 0.000010 0.000010 0.149832 0.051720
0.769421 0.060672 0.000010 0.000010 0.000010 0.000010 0.000010 0.089784 0.080073
0.596821 0.048386 0.067180 0.185137 0.053909 0.000010 0.000010 0.039682 0.008865
0.621360 0.043022 0.034540 0.019047 0.004983 0.045236 0.014308 0.217494 0.000010
0.497621 0.000010 0.000010 0.197320 0.000705 0.000010 0.010886 0.293427 0.000010
0.624168 0.000010 0.205901 0.007862 0.000010 0.000010 0.027459 0.047820 0.086761
0.563266 0.000010 0.000010 0.070914 0.074086 0.000010 0.000010 0.057878 0.233816
0.344161 0.000010 0.000010 0.161015 0.008409 0.076512 0.000010 0.158081 0.251791
0.667106 0.052511 0.000010 0.099014 0.000010 0.066106 0.000010 0.115222 0.000010
0.627357 0.000015 0.045700 0.056790 0.000010 0.000010 0.000010 0.270098 0.000010
0.655003 0.000010 0.024367 0.000010 0.022938 0.004810 0.000010 0.147549 0.145303
0.449381 0.077247 0.060634 0.220710 0.000010 0.011119 0.000010 0.113090 0.067798
0.508703 0.080293 0.000010 0.009247 0.000010 0.000010 0.000010 0.347685 0.054031
0.456377 0.000010 0.000010 0.014696 0.063249 0.000010 0.000010 0.266966 0.198672
0.541585 0.057877 0.167146 0.110569 0.031699 0.076154 0.000010 0.014951 0.000010
0.591612 0.000010 0.050540 0.000010 0.018740 0.000010 0.000010 0.231711 0.107358
0.615728 0.050225 0.079293 0.014719 0.000010 0.001097 0.010624 0.212266 0.016038
0.682468 0.000010 0.000010 0.051513 0.000010 0.069294 0.000015 0.196670 0.000010
0.568649 0.056688 0.000010 0.000010 0.011182 0.000010 0.011156 0.143556 0.208740
0.614078 0.000010 0.000010 0.067860 0.100281 0.000010 0.000010 0.080462 0.137279
0.476004 0.000010 0.006238 0.079166 0.023998 0.029796 0.045565 0.285396 0.053826
0.489142 0.000010 0.000010 0.051870 0.000010 0.057950 0.000010 0.191665 0.209333
0.628053 0.000010 0.000010 0.000010 0.000010 0.000010 0.000010 0.231671 0.140217
0.630816 0.000010 0.007491 0.049848 0.000010 0.000010 0.000010 0.196002 0.115803
0.580224 0.000010 0.000010 0.158799 0.000010 0.056164 0.001594 0.199253 0.003937
0.547639 0.000010 0.000010 0.118524 0.000010 0.004412 0.003952 0.187427 0.138015
0.298366 0.000010 0.051735 0.187069 0.000010 0.000010 0.123032 0.339758 0.000010
0.000010 0.000010 0.038853 0.000010 0.737254 0.000010 0.174190 0.049653 0.000010
0.000010 0.000010 0.105353 0.000010 0.800740 0.003756 0.090101 0.000010 0.000010
0.000010 0.028229 0.014970 0.006224 0.902653 0.000010 0.043960 0.003933 0.000010
0.000010 0.056410 0.051033 0.000010 0.754238 0.006743 0.131535 0.000010 0.000010
0.000010 0.000010 0.000010 0.000016 0.844657 0.000010 0.096907 0.017896 0.040485
0.000010 0.000010 0.000010 0.000010 0.854459 0.000010 0.145471 0.000010 0.000010
0.000010 0.000010 0.030994 0.029252 0.860972 0.000010 0.000010 0.055893 0.022849
0.712018 0.000010 0.002659 0.175553 0.000010 0.000010 0.000010 0.109720 0.000010
0.604082 0.000010 0.061964 0.229480 0.000010 0.000010 0.000010 0.046718 0.057716
0.539534 0.002552 0.000010 0.273587 0.041271 0.000010 0.034729 0.108296 0.000010
0.660616 0.000010 0.000010 0.166412 0.096657 0.033705 0.000010 0.042570 0.000010
0.412687 0.046696 0.000010 0.337743 0.000010 0.035309 0.009283 0.158251 0.000010
0.547479 0.000010 0.024477 0.208447 0.000010 0.000010 0.000010 0.219546 0.000010
0.619932 0.004267 0.000010 0.311910 0.000010 0.000010 0.000010 0.063841 0.000010
0.550164 0.011203 0.000010 0.347856 0.000010 0.000010 0.000010 0.085238 0.005500
0.652959 0.000010 0.000010 0.136482 0.024734 0.023740 0.005629 0.156426 0.000010
0.549218 0.000010 0.000010 0.245749 0.000010 0.000010 0.017508 0.187475 0.000010
0.432288 0.049258 0.000010 0.124317 0.000010 0.000010 0.029783 0.338642 0.025682
0.517156 0.015442 0.000010 0.173388 0.009932 0.031457 0.000010 0.217341 0.035264
0.673051 0.000010 0.000010 0.021730 0.020116 0.000010 0.000010 0.285054 0.000010
0.412074 0.000010 0.000010 0.127215 0.110734 0.000010 0.064905 0.227518 0.057524
0.571360 0.033875 0.059447 0.083433 0.000010 0.010966 0.000010 0.240890 0.000010
0.599862 0.000010 0.000010 0.000010 0.005826 0.018138 0.019114 0.294712 0.062318
0.551548 0.000010 0.110187 0.215146 0.014632 0.000010 0.000010 0.108447 0.000010
0.381735 0.021788 0.000010 0.140210 0.000010 0.000010 0.000010 0.364749 0.091478
0.723384 0.000010 0.000010 0.039583 0.017408 0.000010 0.000010 0.219575 0.000010
0.584699 0.037560 0.000010 0.086894 0.024564 0.022755 0.000010 0.195568 0.047940
0.698171 0.000010 0.000010 0.060838 0.000010 0.023430 0.000010 0.152121 0.065400
0.513946 0.000010 0.000010 0.168383 0.000010 0.000010 0.058291 0.259331 0.000010
0.687694 0.065327 0.000010 0.000010 0.030872 0.000010 0.070370 0.085619 0.060088
0.501608 0.000010 0.000010 0.037314 0.094167 0.006142 0.044829 0.315911 0.000010
0.643070 0.018876 0.000010 0.000010 0.039750 0.000010 0.000010 0.298255 0.000010
0.631873 0.000010 0.042195 0.000010 0.000010 0.047843 0.018427 0.259622 0.000010
0.303539 0.000010 0.000010 0.048815 0.000010 0.000010 0.048992 0.266168 0.332446
0.675169 0.000010 0.000010 0.114126 0.000010 0.000010 0.000010 0.210645 0.000010
0.524683 0.016863 0.000010 0.000010 0.092186 0.012263 0.000010 0.353965 0.000010
0.654319 0.000010 0.000010 0.000010 0.000010 0.000010 0.000010 0.282851 0.062770
0.487124 0.000010 0.010486 0.098559 0.002483 0.024322 0.000010 0.216988 0.160017
0.550126 0.000010 0.000010 0.000010 0.005789 0.000010 0.048113 0.347019 0.048913
0.616642 0.000010 0.000010 0.098461 0.000010 0.000010 0.000010 0.127591 0.157256
0.573863 0.000010 0.010658 0.000010 0.019001 0.125407 0.000010 0.217096 0.053945
0.598138 0.046977 0.000010 0.054122 0.000010 0.000010 0.000010 0.266313 0.034411
0.000010 0.817953 0.000010 0.017920 0.005684 0.000010 0.093664 0.064739 0.000010
0.000010 0.880072 0.113015 0.000010 0.000010 0.000010 0.006853 0.000010 0.000010
0.000010 0.813320 0.165089 0.000010 0.000010 0.000010 0.000010 0.021531 0.000010
0.000010 0.758788 0.079509 0.000010 0.000010 0.000010 0.143019 0.000010 0.018634
0.000010 0.000010 0.386521 0.000010 0.127052 0.000010 0.446036 0.004676 0.035675
0.000010 0.000010 0.662930 0.000010 0.000010 0.000010 0.337000 0.000010 0.000010
0.000010 0.000010 0.343472 0.008187 0.053620 0.000010 0.372225 0.186035 0.036431
0.000010 0.007201 0.562437 0.000010 0.043426 0.000010 0.386886 0.000010 0.000010
0.072266 0.000010 0.413386 0.000010 0.101718 0.000010 0.321879 0.000010 0.090711
0.025726 0.058068 0.496495 0.007006 0.064904 0.000010 0.302528 0.000010 0.045253
0.000010 0.000010 0.481803 0.043821 0.006265 0.000010 0.385544 0.082527 0.000010
0.103844 0.017585 0.441811 0.013706 0.018288 0.000010 0.398368 0.000010 0.006379
0.000010 0.022410 0.465789 0.000010 0.037200 0.000010 0.418081 0.056479 0.000010
0.020595 0.040420 0.375592 0.000010 0.169339 0.000010 0.205312 0.188111 0.000611
0.455270 0.000010 0.021443 0.125745 0.000010 0.033261 0.037237 0.327014 0.000010
0.622139 0.000010 0.024168 0.217673 0.000010 0.000010 0.000010 0.135970 0.000010
0.388777 0.000010 0.000010 0.199936 0.111306 0.000010 0.000010 0.244835 0.055107
0.622734 0.000010 0.000010 0.007183 0.000010 0.010021 0.078730 0.281291 0.000010
0.601971 0.000010 0.000010 0.086802 0.014080 0.000010 0.000010 0.246295 0.050812
0.580069 0.000010 0.003919 0.188046 0.045765 0.001558 0.000010 0.141935 0.038688
0.566353 0.000010 0.029310 0.060520 0.000010 0.000010 0.000010 0.308626 0.035152
0.610793 0.073946 0.000010 0.046299 0.000010 0.012836 0.046983 0.177901 0.031221
0.546135 0.000010 0.087617 0.000010 0.008084 0.014491 0.000010 0.276580 0.067063
0.633555 0.000010 0.000010 0.000010 0.051102 0.000010 0.000010 0.315284 0.000010
0.645767 0.000010 0.000010 0.000010 0.029380 0.000010 0.038996 0.285807 0.000010
0.599872 0.022593 0.000010 0.000010 0.034751 0.000010 0.000010 0.342734 0.000010
0.556751 0.005041 0.001743 0.000010 0.032622 0.000010 0.075812 0.211614 0.116397
0.543743 0.116961 0.020176 0.091224 0.000010 0.000010 0.019393 0.208474 0.000010
0.745522 0.000010 0.000010 0.000010 0.000010 0.000010 0.000010 0.254408 0.000010
0.471819 0.000010 0.002455 0.101279 0.018388 0.009307 0.072512 0.041049 0.283182
0.619490 0.000010 0.000010 0.064807 0.027468 0.000010 0.000010 0.288185 0.000010
0.488587 0.000010 0.000010 0.065576 0.036764 0.063054 0.082668 0.208021 0.055310
0.552331 0.000010 0.000010 0.066552 0.053014 0.073223 0.000010 0.254841 0.000010
0.601596 0.011934 0.000010 0.080587 0.046765 0.000010 0.000010 0.233239 0.025849
0.483024 0.000010 0.069242 0.223711 0.000010 0.000010 0.000010 0.223972 0.000010
0.000010 0.000010 0.688896 0.004704 0.163422 0.000010 0.142929 0.000010 0.000010
0.000010 0.076447 0.716338 0.000922 0.000010 0.000010 0.206243 0.000010 0.000010
0.025663 0.159457 0.484487 0.000010 0.000010 0.000010 0.321489 0.000010 0.008863
0.000010 0.000010 0.731236 0.000010 0.000010 0.000010 0.258802 0.000010 0.009903
0.006961 0.145824 0.521230 0.000010 0.024824 0.000010 0.264681 0.000010 0.036451
0.000010 0.038131 0.590319 0.000010 0.007433 0.017511 0.311975 0.034601 0.000010
0.000010 0.026030 0.624640 0.000010 0.000010 0.000010 0.285910 0.031495 0.031885
0.003047 0.000010 0.694942 0.000010 0.012166 0.000010 0.272533 0.000010 0.017272
0.000010 0.000010 0.671167 0.000010 0.000010 0.000010 0.315810 0.004457 0.008516
0.000010 0.077608 0.687522 0.000010 0.043971 0.028975 0.161883 0.000010 0.000010
0.014615 0.028878 0.608635 0.000010 0.019481 0.043081 0.285279 0.000010 0.000010
0.006196 0.000010 0.678828 0.000010 0.008945 0.000010 0.262873 0.030236 0.012893
0.002873 0.000010 0.686246 0.000010 0.057814 0.005348 0.208311 0.016100 0.023287
0.000010 0.137231 0.506531 0.000010 0.000010 0.000010 0.321915 0.000010 0.034273
0.031535 0.052467 0.677736 0.000010 0.000010 0.003674 0.201440 0.033118 0.000010
0.000010 0.000010 0.618927 0.000010 0.000846 0.000010 0.380167 0.000010 0.000010
0.040873 0.081871 0.582559 0.004288 0.083879 0.000010 0.206499 0.000010 0.000010
0.072370 0.000010 0.691143 0.000010 0.000011 0.019940 0.216496 0.000010 0.000010
0.000010 0.016733 0.663767 0.000010 0.000010 0.000010 0.266294 0.043066 0.010101
0.000015 0.000010 0.653175 0.000010 0.000010 0.033955 0.307840 0.004975 0.000010
0.000010 0.000010 0.732443 0.000010 0.047109 0.000010 0.193798 0.000010 0.026599
0.000010 0.000010 0.709788 0.017807 0.000010 0.000010 0.262115 0.000010 0.010240
0.069155 0.004852 0.677942 0.000010 0.000010 0.036034 0.211978 0.000010 0.000010
0.000010 0.000010 0.820451 0.000010 0.000010 0.051542 0.127947 0.000010 0.000010
0.000010 0.000010 0.708804 0.000010 0.000010 0.000010 0.280856 0.000010 0.010280
0.008933 0.000010 0.636910 0.000010 0.154214 0.000010 0.199894 0.000010 0.000010
0.000010 0.000010 0.786765 0.000010 0.000010 0.013572 0.196858 0.000010 0.002755
0.000010 0.033782 0.645620 0.017075 0.000010 0.000010 0.303473 0.000010 0.000010
0.000010 0.162285 0.527268 0.000010 0.000010 0.000010 0.310387 0.000010 0.000010
0.000010 0.000602 0.749777 0.000010 0.000010 0.000010 0.249561 0.000010 0.000010
0.000010 0.125917 0.518920 0.000010 0.000010 0.000010 0.355102 0.000010 0.000010
0.000010 0.059506 0.600778 0.000010 0.009012 0.000010 0.243582 0.087082 0.000010
0.000010 0.000010 0.661919 0.000010 0.000010 0.000010 0.338011 0.000010 0.000010
0.000010 0.094101 0.593426 0.000010 0.000010 0.000010 0.312413 0.000010 0.000010
0.000010 0.140467 0.508097 0.000010 0.015750 0.000010 0.335636 0.000010 0.000010
0.000010 0.047824 0.576415 0.000010 0.083162 0.000010 0.292549 0.000010 0.000010
0.000010 0.001596 0.658106 0.000010 0.081945 0.000010 0.258303 0.000010 0.000010
0.000010 0.000010 0.562408 0.000010 0.000010 0.000010 0.437522 0.000010 0.000010
0.000010 0.101375 0.499152 0.008651 0.000010 0.038720 0.352063 0.000010 0.000010
0.000010 0.000010 0.000010 0.000010 0.929918 0.040138 0.029885 0.000010 0.000010
0.000010 0.000010 0.035867 0.000010 0.858532 0.000012 0.105540 0.000010 0.000010
0.000010 0.046512 0.720874 0.005807 0.006664 0.000010 0.220102 0.000010 0.000010
0.000010 0.045540 0.709230 0.000010 0.000010 0.035304 0.193068 0.016819 0.000010
0.235369 0.000010 0.000010 0.439655 0.000010 0.000010 0.000010 0.324916 0.000010
0.342898 0.012647 0.020674 0.421854 0.037559 0.000010 0.000010 0.095519 0.068830
0.298046 0.000010 0.000010 0.394643 0.000010 0.013301 0.000010 0.293960 0.000010
0.342089 0.000010 0.000010 0.353349 0.000010 0.000010 0.017888 0.285627 0.001007
0.232326 0.038210 0.026994 0.431315 0.064482 0.000010 0.010548 0.196106 0.000010
0.243228 0.049651 0.000010 0.475668 0.000010 0.017483 0.054526 0.159414 0.000010
0.322105 0.000010 0.038454 0.469887 0.000010 0.000010 0.038600 0.130915 0.000010
0.344142 0.074513 0.000010 0.143644 0.023654 0.119405 0.000010 0.294612 0.000010
0.227965 0.000010 0.033505 0.479630 0.064830 0.006125 0.051374 0.136551 0.000010
0.163241 0.000010 0.084763 0.462789 0.036408 0.000010 0.099133 0.153636 0.000010
0.191625 0.000010 0.000010 0.560138 0.113977 0.000010 0.025085 0.108189 0.000956
0.338054 0.002422 0.000010 0.471607 0.076777 0.000010 0.000010 0.111100 0.000010
0.371969 0.000010 0.000010 0.388843 0.014786 0.000010 0.000010 0.211173 0.013189
0.000010 0.026143 0.597614 0.000010 0.035564 0.000010 0.340628 0.000010 0.000010
0.001172 0.063133 0.606931 0.008888 0.015461 0.000010 0.304384 0.000010 0.000010
0.000010 0.132891 0.488933 0.000010 0.071081 0.006385 0.300670 0.000010 0.000010
0.000010 0.130196 0.583752 0.000010 0.000010 0.000010 0.266294 0.019707 0.000010
0.022760 0.010323 0.653282 0.000010 0.000010 0.000010 0.312639 0.000955 0.000010
0.000010 0.000010 0.618970 0.000010 0.038145 0.000010 0.342826 0.000010 0.000010
0.000010 0.114493 0.578007 0.000010 0.000010 0.005896 0.301554 0.000010 0.000010
0.000010 0.064729 0.617613 0.000010 0.052563 0.000010 0.265046 0.000010 0.000010
0.000010 0.102994 0.575293 0.000010 0.000010 0.000010 0.321654 0.000010 0.000010
0.000010 0.000010 0.745903 0.000010 0.000010 0.000010 0.254027 0.000010 0.000010
0.000010 0.000010 0.851899 0.000010 0.000010 0.000010 0.148031 0.000010 0.000010
0.082775 0.037553 0.599506 0.000010 0.000010 0.000010 0.273449 0.000010 0.006677
