0.155551 0.087272 0.029730 0.211396 0.077345 0.055535 0.001003 0.360164 0.022004
0.186625 0.116926 0.000010 0.218860 0.000010 0.000010 0.017706 0.373163 0.086690
0.214587 0.000015 0.000016 0.125721 0.000010 0.000010 0.164412 0.437013 0.058216
0.287683 0.000010 0.000020 0.082113 0.000010 0.000010 0.127155 0.502990 0.000010
0.277681 0.060015 0.000010 0.074914 0.000010 0.000010 0.117494 0.469855 0.000010
0.230040 0.000010 0.060225 0.000010 0.030259 0.000010 0.000010 0.170584 0.508852
0.385899 0.000010 0.032421 0.001189 0.044544 0.000010 0.000014 0.535902 0.000010
0.293777 0.006064 0.013538 0.123133 0.005374 0.003048 0.077518 0.450770 0.026778
0.287343 0.054714 0.000010 0.076591 0.000010 0.000010 0.019720 0.545332 0.016270
0.341068 0.000010 0.059656 0.000010 0.106206 0.080362 0.001134 0.405337 0.006216
0.302387 0.005008 0.053342 0.169676 0.049837 0.000010 0.072181 0.347548 0.000010
0.212738 0.000010 0.000010 0.181501 0.109180 0.014313 0.059871 0.370169 0.052207
0.269837 0.000010 0.000010 0.114693 0.000955 0.041398 0.082030 0.437552 0.053515
0.245005 0.002883 0.014209 0.210745 0.019426 0.097983 0.021095 0.309471 0.079183
0.408761 0.018357 0.000010 0.000010 0.000010 0.000010 0.109387 0.463445 0.000010
0.357140 0.000010 0.000010 0.000014 0.000019 0.000010 0.104424 0.538363 0.000010
0.203466 0.026628 0.000010 0.091771 0.000010 0.007062 0.127527 0.438925 0.104601
0.209043 0.000010 0.000010 0.188546 0.000013 0.019326 0.167660 0.415382 0.000010
0.019884 0.000010 0.000010 0.060738 0.049369 0.000010 0.257336 0.612633 0.000010
0.246438 0.000010 0.000010 0.239331 0.000010 0.033576 0.061358 0.396343 0.022923
0.374891 0.000010 0.005929 0.216789 0.000010 0.060768 0.029607 0.311985 0.000010
0.227021 0.094087 0.000011 0.126503 0.004666 0.000386 0.086518 0.460797 0.000010
0.226837 0.091731 0.099051 0.051461 0.000010 0.000010 0.060029 0.465717 0.005153
0.362387 0.096219 0.000013 0.121689 0.000016 0.000010 0.000010 0.365316 0.054340
0.168301 0.057579 0.000010 0.138444 0.000010 0.007016 0.124694 0.503936 0.000010
0.352730 0.003237 0.000010 0.075661 0.133266 0.051317 0.037503 0.346266 0.000010
0.224845 0.000010 0.000015 0.110631 0.000010 0.000018 0.155830 0.508631 0.000010
0.226950 0.034722 0.005783 0.083523 0.103737 0.019216 0.067944 0.410048 0.048077
0.201263 0.009563 0.063229 0.085133 0.000010 0.000010 0.127482 0.513300 0.000010
0.442576 0.053526 0.036171 0.000010 0.032172 0.000010 0.024069 0.411456 0.000010
0.342976 0.025278 0.000020 0.087973 0.053717 0.000010 0.039442 0.450573 0.000010
0.347567 0.000010 0.077113 0.125868 0.000010 0.000010 0.039333 0.398227 0.011862
0.311028 0.000015 0.000017 0.117124 0.000869 0.000010 0.054673 0.516256 0.000010
0.246431 0.000010 0.000010 0.115802 0.037217 0.000010 0.056147 0.525840 0.018533
0.277664 0.035698 0.000010 0.056601 0.011498 0.000010 0.175994 0.442515 0.000010
0.380719 0.000010 0.000010 0.043084 0.000010 0.093239 0.000010 0.440984 0.041935
0.453825 0.013647 0.000010 0.031651 0.061511 0.000010 0.000010 0.439325 0.000010
0.183614 0.039126 0.000010 0.099403 0.082701 0.000010 0.008048 0.332635 0.254452
0.192884 0.000010 0.000010 0.004130 0.100556 0.015351 0.116375 0.448594 0.122090
0.297223 0.010802 0.000010 0.000012 0.000010 0.000010 0.148811 0.543112 0.000010
0.196598 0.090428 0.000010 0.265266 0.000010 0.000010 0.000010 0.433420 0.014248
0.391317 0.000010 0.081673 0.000010 0.000010 0.000010 0.000010 0.429884 0.097076
0.402594 0.126059 0.000010 0.054988 0.014446 0.019678 0.000010 0.382205 0.000010
0.269950 0.056670 0.000010 0.116505 0.000010 0.016150 0.086228 0.444760 0.009717
0.216394 0.048345 0.094023 0.102561 0.000010 0.000010 0.125010 0.413638 0.000010
0.194981 0.084513 0.003320 0.003548 0.053716 0.000010 0.049095 0.591867 0.018949
0.238565 0.000010 0.000010 0.099086 0.000010 0.046152 0.070946 0.533623 0.011598
0.305880 0.000010 0.000010 0.000010 0.000010 0.036913 0.101587 0.478691 0.076890
0.000010 0.127160 0.421373 0.120724 0.000010 0.018137 0.051969 0.186545 0.074072
0.191049 0.000010 0.410790 0.067961 0.000011 0.000010 0.035108 0.295050 0.000010
0.106739 0.000010 0.488455 0.045073 0.015074 0.000010 0.160766 0.183863 0.000010
0.331264 0.086309 0.129523 0.026981 0.000010 0.016553 0.139339 0.242263 0.027758
0.237194 0.104397 0.128482 0.150767 0.196344 0.002992 0.035427 0.088741 0.055656
0.077482 0.034993 0.395177 0.000010 0.028873 0.054280 0.226834 0.168098 0.014253
0.145851 0.000010 0.244310 0.117038 0.003455 0.000010 0.239708 0.227214 0.022404
0.228685 0.037427 0.400554 0.035166 0.000010 0.000010 0.116930 0.181208 0.000010
0.111800 0.000010 0.547540 0.012989 0.000010 0.011633 0.025850 0.290159 0.000010
0.148424 0.034192 0.132469 0.176479 0.007381 0.000010 0.168321 0.332714 0.000010
0.204213 0.195358 0.370469 0.000011 0.009544 0.000010 0.090633 0.129753 0.000010
0.000010 0.000010 0.575455 0.094328 0.000010 0.016819 0.133801 0.147060 0.032506
0.155680 0.060011 0.247361 0.130992 0.000010 0.000010 0.123177 0.215637 0.067122
0.184894 0.000010 0.216453 0.186608 0.054396 0.062158 0.041219 0.254252 0.000010
0.015893 0.046296 0.442191 0.161437 0.116265 0.000010 0.156110 0.002843 0.058954
0.042927 0.000014 0.515048 0.089231 0.020870 0.004885 0.117876 0.209138 0.000010
0.099968 0.029800 0.578347 0.000010 0.047784 0.000010 0.119290 0.124781 0.000010
0.202614 0.034649 0.239853 0.236686 0.000017 0.000010 0.088164 0.179349 0.018658
0.328058 0.000010 0.326517 0.118677 0.000018 0.010075 0.000010 0.216625 0.000010
0.148682 0.079598 0.480421 0.000010 0.054664 0.000014 0.017757 0.218843 0.000010
0.313813 0.007022 0.181466 0.151786 0.049541 0.074952 0.049124 0.172285 0.000010
0.154273 0.087577 0.146389 0.181909 0.000010 0.000010 0.082607 0.309312 0.037913
0.206809 0.035067 0.001555 0.106088 0.000010 0.031837 0.037016 0.581607 0.000010
0.275089 0.000010 0.027708 0.044409 0.000010 0.013273 0.085769 0.553723 0.000010
0.181331 0.091057 0.020547 0.200928 0.000010 0.061275 0.000010 0.356284 0.088558
0.333103 0.020586 0.000010 0.098697 0.000010 0.000010 0.056435 0.491139 0.000010
0.337110 0.028307 0.000013 0.149259 0.030415 0.017783 0.049231 0.387871 0.000010
0.306299 0.000010 0.000010 0.138132 0.059217 0.000010 0.080963 0.415349 0.000010
0.392324 0.000019 0.000010 0.000010 0.075739 0.000010 0.083435 0.356645 0.091809
0.167350 0.000010 0.000010 0.107130 0.000010 0.127579 0.049205 0.465103 0.083604
0.214240 0.032834 0.000010 0.135501 0.000010 0.000010 0.174478 0.442907 0.000010
0.243463 0.020111 0.022884 0.114226 0.050225 0.000010 0.047649 0.313605 0.187827
0.191491 0.000014 0.014771 0.094578 0.000010 0.013001 0.134941 0.513076 0.038118
0.401043 0.000010 0.000010 0.000010 0.003716 0.025122 0.112211 0.433294 0.024584
0.298246 0.000010 0.006545 0.078015 0.002731 0.042652 0.135397 0.411859 0.024544
0.209630 0.000013 0.005286 0.165503 0.075604 0.000010 0.084658 0.343489 0.115808
0.367988 0.000010 0.000010 0.092328 0.037271 0.000010 0.075512 0.426861 0.000010
0.113243 0.000010 0.031335 0.072248 0.040619 0.044157 0.120588 0.486721 0.091079
0.208684 0.000010 0.000010 0.145813 0.029062 0.000010 0.130605 0.467583 0.018222
0.372693 0.014571 0.000010 0.075174 0.000010 0.070092 0.105291 0.362148 0.000010
0.363684 0.000014 0.000010 0.011755 0.000010 0.000010 0.079173 0.498860 0.046484
0.354981 0.000010 0.000010 0.071929 0.009538 0.000019 0.065750 0.497753 0.000010
0.184543 0.002366 0.082390 0.090550 0.042688 0.066848 0.072432 0.398347 0.059837
0.415917 0.037366 0.000010 0.058009 0.000010 0.006870 0.020552 0.461255 0.000010
0.310227 0.043534 0.000010 0.048307 0.000010 0.000010 0.020159 0.577732 0.000010
0.247081 0.042082 0.000010 0.163544 0.075779 0.000010 0.060989 0.354305 0.056200
0.214181 0.000010 0.000010 0.025132 0.000010 0.000010 0.183076 0.577560 0.000010
0.277684 0.009837 0.017045 0.045689 0.010239 0.008536 0.110295 0.464392 0.056282
0.411556 0.034725 0.048178 0.024437 0.000010 0.039627 0.067067 0.374389 0.000010
0.109521 0.000010 0.045506 0.139308 0.006318 0.000010 0.231682 0.461061 0.006584
0.229166 0.000010 0.021576 0.000010 0.017437 0.084995 0.148959 0.497836 0.000010
0.038684 0.000010 0.027971 0.180641 0.000010 0.008687 0.210599 0.533387 0.000010
0.152165 0.000010 0.079853 0.195065 0.000010 0.000010 0.049949 0.153771 0.369167
0.266078 0.000016 0.076106 0.098661 0.040272 0.000010 0.077682 0.343310 0.097864
0.113448 0.000010 0.063178 0.134575 0.075399 0.013241 0.146469 0.453671 0.000010
0.287646 0.000010 0.000010 0.050296 0.000010 0.000010 0.138548 0.523460 0.000010
0.124406 0.000010 0.000010 0.115910 0.050612 0.012328 0.167081 0.529632 0.000010
0.088916 0.021381 0.050112 0.015152 0.022808 0.000010 0.322580 0.477596 0.001445
0.211585 0.094614 0.000010 0.090456 0.000010 0.018888 0.164386 0.420042 0.000010
0.179076 0.058313 0.031057 0.031016 0.012708 0.050561 0.126460 0.510800 0.000010
0.232180 0.000011 0.060106 0.057209 0.000013 0.001403 0.156594 0.492472 0.000010
0.235573 0.013678 0.000019 0.082892 0.000010 0.119411 0.122734 0.425673 0.000010
0.286046 0.000010 0.040102 0.000010 0.000013 0.034779 0.132073 0.506957 0.000010
0.168917 0.000010 0.000010 0.009221 0.175802 0.020921 0.143045 0.482064 0.000010
0.251229 0.000010 0.000010 0.027254 0.000010 0.019237 0.161152 0.469085 0.072014
0.032996 0.000010 0.000013 0.144129 0.013635 0.060377 0.214362 0.534467 0.000010
0.183622 0.096469 0.000010 0.033146 0.003188 0.000010 0.125008 0.498757 0.059791
0.256246 0.000010 0.000010 0.000010 0.023469 0.030870 0.151893 0.511040 0.026452
0.095278 0.042575 0.045351 0.182215 0.000010 0.000010 0.100729 0.533822 0.000010
0.213198 0.052601 0.065397 0.082259 0.000010 0.000010 0.113841 0.472674 0.000010
0.001922 0.021360 0.040176 0.158220 0.114199 0.010095 0.205521 0.439351 0.009155
0.310877 0.047797 0.000010 0.145446 0.027204 0.000010 0.000010 0.468635 0.000010
0.251015 0.026563 0.000010 0.189003 0.003302 0.000010 0.107354 0.422733 0.000010
0.208884 0.000010 0.000010 0.157128 0.066095 0.013720 0.120768 0.433376 0.000010
0.172264 0.000010 0.000010 0.255408 0.021473 0.021134 0.128092 0.401381 0.000229
0.230449 0.000010 0.013104 0.156538 0.000010 0.000010 0.042956 0.456787 0.100136
0.000010 0.033418 0.085669 0.174266 0.026086 0.007951 0.155049 0.517539 0.000010
0.118310 0.052672 0.067699 0.135391 0.000015 0.036329 0.047517 0.542058 0.000010
0.271615 0.000010 0.054251 0.100932 0.000010 0.050517 0.082183 0.440472 0.000010
0.157256 0.098924 0.008098 0.006590 0.000010 0.000010 0.169211 0.559892 0.000010
0.216867 0.011771 0.054897 0.141966 0.049231 0.000785 0.168323 0.356151 0.000010
0.096719 0.020269 0.028244 0.002873 0.153671 0.000010 0.144862 0.472037 0.081314
0.215753 0.000010 0.000010 0.030441 0.003263 0.031872 0.170690 0.458553 0.089409
0.268199 0.000010 0.000010 0.000010 0.025205 0.000010 0.191411 0.411236 0.103908
0.187910 0.000010 0.019529 0.181431 0.077838 0.000010 0.001498 0.531763 0.000010
0.023804 0.080450 0.203614 0.191087 0.000010 0.000010 0.009428 0.491587 0.000010
0.369507 0.050998 0.000010 0.028650 0.000010 0.000010 0.162444 0.388361 0.000010
0.126942 0.000010 0.069091 0.001044 0.000010 0.000010 0.214853 0.568994 0.019047
0.305479 0.099009 0.036007 0.000010 0.000010 0.000010 0.035382 0.464273 0.059820
0.209215 0.042653 0.000010 0.051763 0.000010 0.079952 0.074743 0.541644 0.000010
0.042105 0.046499 0.084051 0.176549 0.006392 0.053105 0.087900 0.500141 0.003257
0.000010 0.016818 0.014399 0.239710 0.024852 0.002650 0.208088 0.493463 0.000010
0.224516 0.000010 0.188180 0.193258 0.032858 0.060853 0.000010 0.297737 0.002579
0.207520 0.072985 0.050538 0.115829 0.000010 0.000010 0.136502 0.416596 0.000010
0.208311 0.005666 0.137692 0.061949 0.094001 0.023639 0.000010 0.468721 0.000010
0.228647 0.018003 0.000010 0.197996 0.031472 0.012823 0.167748 0.343291 0.000010
0.241533 0.000010 0.008874 0.147043 0.000010 0.063498 0.149501 0.389521 0.000010
0.176669 0.120096 0.040364 0.108258 0.105186 0.000017 0.008606 0.440794 0.000010
0.284395 0.079105 0.012933 0.058083 0.053661 0.011782 0.126344 0.373687 0.000010
0.191886 0.040528 0.000010 0.214069 0.000010 0.000010 0.132876 0.377527 0.043084
0.236484 0.043795 0.000015 0.086862 0.000010 0.000010 0.066672 0.566141 0.000010
0.135569 0.060518 0.000014 0.124191 0.022708 0.000010 0.219286 0.437693 0.000010
0.318288 0.061438 0.000010 0.115211 0.032152 0.042475 0.070584 0.359833 0.000010
0.376678 0.013090 0.053914 0.014320 0.104284 0.000010 0.027381 0.410314 0.000010
0.158623 0.004842 0.000010 0.182867 0.067755 0.016457 0.111409 0.438928 0.019109
0.132352 0.041669 0.050609 0.220085 0.069722 0.056807 0.078617 0.350130 0.000010
0.368011 0.011482 0.147737 0.037626 0.000010 0.000010 0.081384 0.341630 0.012109
0.243073 0.031192 0.086191 0.040634 0.084218 0.000010 0.058345 0.456326 0.000010
0.040343 0.023899 0.000010 0.279875 0.048671 0.034795 0.178854 0.393543 0.000010
0.123966 0.062280 0.000010 0.183102 0.027163 0.000010 0.150955 0.442214 0.010300
0.141994 0.053743 0.013103 0.160874 0.000010 0.017059 0.171558 0.441648 0.000010
0.199911 0.044628 0.000010 0.120232 0.000010 0.016644 0.077493 0.534599 0.006474
0.215290 0.136455 0.000010 0.217331 0.063694 0.002997 0.041854 0.252583 0.069785
0.196490 0.091450 0.012172 0.026422 0.010640 0.001554 0.116393 0.544869 0.000010
0.150388 0.018534 0.040085 0.073287 0.012815 0.000010 0.178564 0.469278 0.057040
0.255677 0.035652 0.059781 0.075849 0.013740 0.000010 0.139104 0.420177 0.000010
0.094687 0.168722 0.055782 0.060978 0.051674 0.001854 0.100338 0.443690 0.022276
0.272577 0.000013 0.031494 0.058118 0.000010 0.000010 0.248140 0.389628 0.000010
0.212806 0.051458 0.000010 0.000019 0.000010 0.000915 0.217291 0.517481 0.000010
0.029149 0.054815 0.207700 0.129409 0.044913 0.000010 0.116366 0.417628 0.000010
0.103968 0.000010 0.000010 0.121399 0.002022 0.004140 0.247700 0.520742 0.000010
0.126191 0.000013 0.185878 0.182775 0.026622 0.000010 0.134060 0.344440 0.000010
0.201033 0.085932 0.080948 0.000010 0.000010 0.047837 0.251169 0.333050 0.000010
0.240400 0.000010 0.067309 0.024128 0.056152 0.000010 0.159810 0.452170 0.000010
0.096327 0.000010 0.143275 0.000010 0.035545 0.000010 0.235316 0.489497 0.000010
0.198613 0.052755 0.000010 0.084911 0.000010 0.028777 0.144427 0.490487 0.000010
0.101759 0.000011 0.118375 0.082529 0.069944 0.000010 0.112217 0.511659 0.003496
0.070645 0.000010 0.077410 0.308562 0.140047 0.000010 0.144837 0.258469 0.000010
0.135496 0.032760 0.190167 0.111966 0.000010 0.000010 0.188611 0.340970 0.000010
0.158708 0.087373 0.087246 0.000010 0.000010 0.000010 0.138562 0.528071 0.000010
0.106577 0.095248 0.100835 0.091033 0.039122 0.000010 0.091115 0.476050 0.000010
0.317166 0.000010 0.000012 0.083264 0.000010 0.000010 0.056564 0.542953 0.000010
0.067173 0.009748 0.142849 0.201827 0.000010 0.000010 0.143529 0.434844 0.000010
0.165634 0.000010 0.101001 0.175650 0.086118 0.000010 0.135550 0.298394 0.037632
0.050150 0.000010 0.000015 0.189254 0.034781 0.000010 0.272549 0.453221 0.000010
0.114288 0.000010 0.086045 0.247853 0.062748 0.000010 0.158755 0.330282 0.000010
0.103662 0.018841 0.000010 0.144673 0.001197 0.000010 0.287254 0.444344 0.000010
0.061307 0.000010 0.154032 0.152880 0.095395 0.000010 0.075423 0.460934 0.000010
0.223382 0.000010 0.022399 0.128672 0.025090 0.000010 0.166346 0.433787 0.000304
0.000010 0.000010 0.000010 0.013628 0.000010 0.395397 0.009507 0.014298 0.567129
0.011944 0.037102 0.000010 0.014584 0.008906 0.501302 0.000010 0.000010 0.426133
0.000010 0.019281 0.004610 0.000010 0.000010 0.391337 0.000019 0.000010 0.584713
0.000010 0.005667 0.000010 0.000010 0.031944 0.409490 0.000010 0.000010 0.552849
0.000017 0.000010 0.014811 0.000010 0.000010 0.221629 0.000012 0.000010 0.763491
0.000010 0.000010 0.000010 0.000010 0.029576 0.385033 0.000010 0.000010 0.585331
0.000017 0.000010 0.003133 0.041014 0.000010 0.460350 0.000010 0.000010 0.495446
0.000010 0.000010 0.000010 0.013147 0.000010 0.346124 0.030800 0.005166 0.604723
0.000010 0.000010 0.000010 0.000011 0.000010 0.314706 0.016931 0.000010 0.668301
0.000010 0.000010 0.000010 0.000010 0.000010 0.339428 0.008046 0.000010 0.652467
0.010903 0.027505 0.030593 0.002276 0.000010 0.291087 0.000010 0.000010 0.637605
0.000010 0.000010 0.000010 0.033744 0.000010 0.409725 0.000010 0.000010 0.556472
0.031375 0.000010 0.000010 0.000010 0.011086 0.472989 0.000010 0.000010 0.484500
0.000010 0.035977 0.019509 0.019710 0.000010 0.437457 0.000010 0.029855 0.457462
0.000010 0.015212 0.000010 0.026765 0.000010 0.243592 0.008602 0.000010 0.705788
0.000010 0.050771 0.000011 0.000011 0.003252 0.485868 0.000010 0.000010 0.460057
0.000010 0.001599 0.000010 0.000010 0.000010 0.345627 0.012613 0.007817 0.632304
0.000010 0.000010 0.000016 0.000010 0.000019 0.576085 0.000010 0.062429 0.361410
0.000010 0.001875 0.000010 0.000010 0.000010 0.287414 0.000010 0.000010 0.710651
0.000010 0.000010 0.021169 0.000010 0.000010 0.289151 0.000010 0.000010 0.689620
0.000010 0.000011 0.067141 0.000010 0.000010 0.359111 0.000010 0.026762 0.546934
0.017065 0.000016 0.000010 0.000010 0.000017 0.396420 0.000010 0.000010 0.586442
0.000010 0.000010 0.068156 0.000010 0.023171 0.228775 0.000010 0.000010 0.679848
0.000010 0.000011 0.000017 0.000010 0.000010 0.404194 0.000012 0.000010 0.595726
0.000010 0.023624 0.000010 0.000010 0.000010 0.310854 0.032703 0.000010 0.632769
0.004783 0.000010 0.008724 0.000010 0.000010 0.582444 0.000010 0.014553 0.389456
0.000010 0.015018 0.028617 0.000010 0.000010 0.480970 0.000010 0.000010 0.475345
0.000010 0.003285 0.000010 0.000010 0.000010 0.349523 0.000010 0.000010 0.647131
0.000010 0.035420 0.044510 0.000010 0.665830 0.026975 0.227224 0.000010 0.000010
0.287238 0.077212 0.000010 0.461670 0.000010 0.000015 0.000010 0.173825 0.000010
0.486078 0.000010 0.000010 0.380557 0.009519 0.000010 0.000010 0.109078 0.014728
0.310903 0.000010 0.000010 0.435468 0.047508 0.000010 0.036609 0.169472 0.000010
0.368173 0.000010 0.082210 0.208292 0.009518 0.017826 0.000010 0.313952 0.000010
0.291069 0.039933 0.076624 0.483353 0.000010 0.000010 0.058106 0.050885 0.000010
0.529214 0.053984 0.000010 0.211042 0.000010 0.030046 0.000013 0.175670 0.000010
0.485206 0.000010 0.000010 0.359034 0.000010 0.009463 0.000010 0.146247 0.000010
0.342021 0.000010 0.000012 0.333456 0.057806 0.000010 0.053275 0.213402 0.000010
0.347600 0.112673 0.000010 0.311975 0.016901 0.000010 0.000010 0.210812 0.000010
0.445301 0.000010 0.000010 0.333057 0.044346 0.000010 0.030028 0.066506 0.080732
0.398680 0.000011 0.044897 0.277980 0.000010 0.026557 0.000010 0.251845 0.000010
0.294103 0.087960 0.000010 0.413033 0.052897 0.000010 0.008013 0.143964 0.000010
0.499375 0.020242 0.000010 0.252567 0.000016 0.000012 0.000010 0.181866 0.045902
0.460033 0.081877 0.000016 0.320334 0.007765 0.014983 0.022408 0.092574 0.000010
0.444229 0.004321 0.000010 0.449871 0.000010 0.000010 0.000010 0.101529 0.000010
0.410779 0.012352 0.000010 0.258801 0.000010 0.039013 0.056309 0.222716 0.000010
0.359865 0.000010 0.000587 0.356801 0.000010 0.054120 0.000010 0.228587 0.000010
0.370333 0.000010 0.000010 0.350505 0.052300 0.000010 0.125741 0.101082 0.000010
0.302952 0.005486 0.052488 0.401466 0.113251 0.037993 0.005461 0.080895 0.000010
0.330200 0.000010 0.000010 0.318965 0.029477 0.000011 0.040045 0.281272 0.000010
0.395939 0.000010 0.104117 0.296860 0.000010 0.000010 0.013414 0.188377 0.001263
0.366986 0.015994 0.000015 0.304178 0.000013 0.000010 0.043731 0.269064 0.000010
0.295539 0.000015 0.000010 0.354390 0.000010 0.015329 0.000010 0.312347 0.022350
0.479176 0.020524 0.009271 0.314072 0.044603 0.046059 0.000010 0.086276 0.000010
0.401212 0.000010 0.000010 0.306314 0.000010 0.000010 0.043302 0.214774 0.034359
0.422747 0.000011 0.000010 0.319647 0.066139 0.005779 0.000010 0.185647 0.000010
0.331930 0.019392 0.000010 0.380159 0.060013 0.000010 0.000010 0.189197 0.019279
0.193556 0.000011 0.036017 0.497631 0.000015 0.000010 0.089613 0.183138 0.000010
0.000010 0.017827 0.000010 0.000010 0.948661 0.000010 0.000010 0.000010 0.033452
0.000013 0.002173 0.000010 0.022127 0.964371 0.000010 0.000010 0.000010 0.011275
0.000010 0.000010 0.000010 0.000010 0.925981 0.039203 0.000010 0.034756 0.000010
0.000012 0.022045 0.000015 0.006603 0.964273 0.007022 0.000010 0.000010 0.000010
0.000010 0.040892 0.101802 0.006066 0.780429 0.000010 0.062266 0.000010 0.008515
0.000010 0.000017 0.000010 0.000010 0.913952 0.057060 0.000010 0.028920 0.000010
0.064487 0.025889 0.000010 0.000013 0.909560 0.000010 0.000010 0.000010 0.000010
0.000012 0.007390 0.000010 0.000010 0.941869 0.000010 0.020687 0.000010 0.030003
0.000010 0.000010 0.000010 0.007662 0.973712 0.000010 0.000010 0.018566 0.000010
0.000010 0.020537 0.000010 0.005027 0.957305 0.010093 0.000010 0.006999 0.000010
0.003954 0.000018 0.008583 0.000010 0.954914 0.000010 0.000019 0.000010 0.032483
0.025165 0.000011 0.000010 0.000010 0.966676 0.000010 0.000010 0.008098 0.000010
0.000010 0.000010 0.000010 0.009742 0.990188 0.000010 0.000010 0.000010 0.000010
0.036734 0.000010 0.017728 0.000010 0.916226 0.018221 0.011051 0.000010 0.000010
0.022191 0.000010 0.000010 0.000010 0.948181 0.000010 0.029265 0.000010 0.000313
0.028927 0.000010 0.000010 0.000010 0.950755 0.013863 0.006405 0.000010 0.000010
0.000010 0.000010 0.000010 0.011274 0.988656 0.000010 0.000010 0.000010 0.000010
0.410680 0.000010 0.000010 0.137059 0.001210 0.044093 0.000010 0.406917 0.000010
0.496350 0.000010 0.000010 0.000010 0.011663 0.080704 0.000015 0.411227 0.000010
0.528659 0.000010 0.000010 0.142915 0.000010 0.000010 0.032891 0.295486 0.000010
0.449101 0.034649 0.000010 0.130832 0.089915 0.000010 0.048827 0.246646 0.000010
0.457367 0.000010 0.000010 0.072257 0.008829 0.031211 0.032156 0.378490 0.019669
0.495670 0.027195 0.000010 0.154534 0.000018 0.086685 0.000010 0.235868 0.000010
0.569679 0.000010 0.000016 0.000010 0.049349 0.000010 0.036975 0.343941 0.000010
0.692442 0.000010 0.000010 0.080507 0.024878 0.000010 0.000010 0.202124 0.000010
0.498906 0.000010 0.000010 0.134686 0.013546 0.008912 0.000078 0.296518 0.047334
0.703010 0.000010 0.000010 0.035318 0.000010 0.001561 0.000010 0.260061 0.000010
0.520243 0.000010 0.000010 0.006732 0.068751 0.004723 0.000010 0.235283 0.164238
0.611781 0.000010 0.000010 0.000015 0.000010 0.004139 0.000010 0.357646 0.026379
0.468220 0.000010 0.000010 0.165467 0.010498 0.088725 0.000010 0.262678 0.004381
0.358909 0.013406 0.000010 0.266375 0.020761 0.000010 0.000010 0.252793 0.087726
0.421941 0.000010 0.000010 0.138708 0.001256 0.000010 0.093262 0.344792 0.000010
0.604279 0.000010 0.000010 0.086854 0.000010 0.000010 0.084372 0.224444 0.000010
0.587414 0.000010 0.000010 0.063977 0.047485 0.016052 0.036663 0.248378 0.000010
0.459136 0.004940 0.028942 0.116487 0.000010 0.015105 0.000010 0.296124 0.079246
0.487127 0.000010 0.000010 0.129746 0.004430 0.000010 0.117849 0.246487 0.014332
0.550403 0.000011 0.028225 0.108777 0.000010 0.015325 0.031399 0.244601 0.021250
0.369327 0.000010 0.000010 0.191707 0.000010 0.000015 0.001577 0.437335 0.000010
0.659627 0.000010 0.000010 0.000010 0.000010 0.020001 0.027169 0.293153 0.000010
0.497487 0.000012 0.042225 0.174784 0.034370 0.051724 0.000010 0.199378 0.000010
0.569402 0.000014 0.056077 0.023810 0.035274 0.052894 0.000010 0.233744 0.028775
0.357572 0.010398 0.014251 0.211711 0.000010 0.045761 0.067521 0.292766 0.000010
0.425415 0.000010 0.000010 0.234506 0.030481 0.044745 0.000010 0.264813 0.000010
0.577821 0.000014 0.000010 0.033264 0.000010 0.013280 0.000010 0.375581 0.000010
0.475429 0.003490 0.000010 0.162191 0.049144 0.035692 0.000010 0.225488 0.048546
0.561353 0.000010 0.000010 0.077984 0.052768 0.013396 0.000010 0.286824 0.007644
0.527221 0.014669 0.000010 0.038906 0.000010 0.000010 0.000010 0.387624 0.031540
0.698154 0.000011 0.000010 0.082544 0.000013 0.000010 0.000010 0.219238 0.000010
0.396058 0.000010 0.000010 0.165175 0.044282 0.020192 0.000010 0.287066 0.087196
0.576753 0.000010 0.000010 0.055252 0.022031 0.009301 0.008759 0.306223 0.021661
0.702482 0.000010 0.000010 0.000010 0.005753 0.000010 0.000010 0.291705 0.000010
0.522878 0.125783 0.000010 0.000010 0.082997 0.031909 0.055101 0.158559 0.022753
0.558134 0.000010 0.000010 0.184286 0.008104 0.026093 0.000010 0.166619 0.056733
0.572171 0.057776 0.000010 0.181738 0.000010 0.000945 0.025223 0.162118 0.000010
0.531665 0.000010 0.000010 0.159247 0.040450 0.004518 0.000010 0.264080 0.000010
0.543325 0.000010 0.064554 0.000010 0.024739 0.000010 0.002140 0.261799 0.103413
0.508352 0.000010 0.000010 0.089922 0.000010 0.000010 0.011940 0.389736 0.000010
0.575285 0.000010 0.058596 0.000012 0.052701 0.070755 0.000010 0.242621 0.000010
0.622992 0.000017 0.000010 0.166278 0.000015 0.030538 0.000010 0.180131 0.000010
0.606444 0.020490 0.096164 0.000010 0.063480 0.064025 0.009916 0.116238 0.023234
0.538122 0.000010 0.039726 0.003953 0.000010 0.045445 0.000010 0.230335 0.142388
0.599249 0.049127 0.055125 0.000010 0.036945 0.000010 0.007694 0.104057 0.147784
0.529604 0.000010 0.000010 0.000010 0.086067 0.068444 0.024199 0.065199 0.226457
0.599921 0.000010 0.090363 0.059741 0.005064 0.011882 0.000010 0.119562 0.113447
0.498481 0.000651 0.000019 0.129872 0.000010 0.000010 0.016530 0.275418 0.079009
0.562250 0.063563 0.000010 0.036937 0.014555 0.000010 0.026481 0.216727 0.079465
0.528390 0.063712 0.000010 0.037996 0.000010 0.012597 0.000010 0.283226 0.074049
0.590438 0.044048 0.000010 0.000010 0.000017 0.007099 0.000010 0.340948 0.017420
0.669219 0.000010 0.000010 0.128853 0.008982 0.064238 0.020472 0.092860 0.015356
0.552018 0.000018 0.000012 0.179201 0.020128 0.000010 0.000010 0.149095 0.099509
0.551213 0.000010 0.000010 0.000013 0.025803 0.049426 0.000010 0.293335 0.080180
0.325504 0.000010 0.046255 0.079487 0.000010 0.000010 0.042222 0.289307 0.217196
0.001745 0.000010 0.000010 0.000010 0.013359 0.151332 0.062299 0.100131 0.671103
0.542006 0.001099 0.000565 0.047967 0.007545 0.000010 0.049426 0.323860 0.027522
0.675887 0.000010 0.000010 0.012804 0.000010 0.000010 0.000010 0.177667 0.133592
0.578772 0.000010 0.000010 0.000011 0.000017 0.000019 0.000010 0.253723 0.167427
0.447249 0.000010 0.000010 0.172293 0.000012 0.000010 0.044103 0.227820 0.108494
0.541318 0.000010 0.000010 0.078969 0.000010 0.000010 0.000010 0.316021 0.063641
0.469922 0.012417 0.000010 0.090467 0.041674 0.072404 0.072392 0.204766 0.035947
0.470793 0.000010 0.000010 0.145528 0.020616 0.006573 0.000010 0.247965 0.108494
0.462041 0.000010 0.000010 0.078286 0.076411 0.022801 0.000010 0.313007 0.047424
0.593372 0.000010 0.012891 0.127757 0.060789 0.058648 0.000010 0.128946 0.017576
0.636185 0.000010 0.000010 0.000010 0.000010 0.000010 0.068569 0.130142 0.165053
0.494247 0.000010 0.000010 0.000010 0.000010 0.032135 0.000010 0.193745 0.279823
0.507761 0.071714 0.000010 0.000010 0.017709 0.046968 0.000010 0.355808 0.000010
0.571394 0.003558 0.144281 0.000019 0.000010 0.030572 0.000010 0.250146 0.000010
0.646441 0.000010 0.000010 0.000010 0.000010 0.000010 0.000010 0.188938 0.164560
0.450265 0.000010 0.000010 0.000010 0.024733 0.055665 0.023219 0.391899 0.054189
0.576948 0.027712 0.000010 0.063347 0.000010 0.079387 0.021881 0.213862 0.016844
0.519276 0.000010 0.006086 0.165662 0.042941 0.031359 0.000010 0.234646 0.000010
0.555719 0.000010 0.027376 0.013241 0.000010 0.015278 0.055584 0.180078 0.152704
0.567611 0.001148 0.000010 0.034054 0.017868 0.078842 0.000010 0.277975 0.022482
0.722271 0.000012 0.000010 0.057323 0.000010 0.000020 0.000010 0.220334 0.000010
0.712754 0.000010 0.000010 0.000010 0.027442 0.000010 0.000010 0.172604 0.087150
0.529983 0.000010 0.000010 0.022147 0.075232 0.000010 0.000010 0.207699 0.164900
0.583671 0.000010 0.000010 0.107695 0.000011 0.000010 0.000010 0.254280 0.054302
0.594973 0.032934 0.000010 0.065827 0.000010 0.020221 0.000010 0.133208 0.152808
0.522830 0.000010 0.021996 0.000011 0.000010 0.000010 0.049616 0.296204 0.109313
0.608569 0.000010 0.000010 0.091774 0.000012 0.097194 0.000015 0.202406 0.000010
0.560190 0.008278 0.018838 0.088833 0.000010 0.022713 0.000010 0.206035 0.095093
0.575435 0.091138 0.000014 0.000010 0.042857 0.114353 0.000010 0.176173 0.000010
0.515201 0.000010 0.006774 0.000010 0.000010 0.102446 0.000010 0.332025 0.043514
0.497859 0.000010 0.000010 0.124952 0.088349 0.083493 0.000010 0.205307 0.000010
0.616774 0.000010 0.000010 0.022391 0.000010 0.032367 0.000010 0.328417 0.000010
0.000010 0.000010 0.000010 0.000010 0.833156 0.000010 0.166774 0.000010 0.000010
0.000010 0.000011 0.000010 0.000010 0.842116 0.000010 0.157805 0.000017 0.000010
0.000010 0.000010 0.000017 0.017986 0.805659 0.000010 0.157694 0.018603 0.000010
0.000010 0.000010 0.039859 0.000010 0.708941 0.000010 0.251139 0.000011 0.000010
0.000010 0.000010 0.000010 0.000016 0.791116 0.000010 0.208808 0.000010 0.000010
0.000010 0.026061 0.055629 0.000014 0.601456 0.057821 0.258990 0.000010 0.000010
0.000010 0.000010 0.000017 0.000010 0.883895 0.000012 0.100323 0.015713 0.000010
0.631924 0.000013 0.018397 0.237509 0.008740 0.000010 0.013909 0.089488 0.000010
0.547818 0.020222 0.018418 0.231405 0.033642 0.000010 0.000010 0.148464 0.000010
0.637739 0.000010 0.000010 0.212850 0.047725 0.000010 0.000010 0.075045 0.026601
0.690920 0.000010 0.008235 0.162549 0.005586 0.005176 0.000010 0.112915 0.014600
0.638525 0.000010 0.000010 0.217585 0.000010 0.000010 0.000010 0.131267 0.012572
0.475712 0.000010 0.000010 0.245251 0.081018 0.000010 0.048661 0.132294 0.017033
0.480206 0.021455 0.074856 0.241402 0.012016 0.010748 0.000010 0.159298 0.000010
0.466555 0.004641 0.000010 0.417076 0.065616 0.000010 0.000010 0.046073 0.000010
0.486972 0.034260 0.000010 0.241785 0.000010 0.000010 0.025029 0.166852 0.045072
0.454353 0.041619 0.000010 0.269519 0.020823 0.000010 0.105436 0.108220 0.000010
0.527850 0.004615 0.000010 0.128383 0.022669 0.000010 0.085244 0.160017 0.071202
0.446033 0.000010 0.000010 0.090690 0.019118 0.026303 0.015277 0.346344 0.056215
0.700853 0.000010 0.017883 0.063277 0.008313 0.000010 0.009433 0.200212 0.000010
0.405491 0.000010 0.088821 0.146244 0.000010 0.008099 0.037761 0.175435 0.138128
0.444478 0.000010 0.000010 0.168408 0.029007 0.017263 0.000010 0.340803 0.000010
0.507654 0.000010 0.006124 0.000010 0.069851 0.032192 0.086527 0.268350 0.029281
0.468342 0.015600 0.000010 0.115495 0.047628 0.000010 0.000010 0.192404 0.160502
0.496411 0.029409 0.074246 0.082762 0.039555 0.000010 0.073688 0.203908 0.000010
0.505308 0.001070 0.047092 0.086845 0.000010 0.095978 0.000010 0.225067 0.038620
0.506668 0.000010 0.013252 0.000010 0.006974 0.001343 0.037743 0.156109 0.277891
0.345797 0.011050 0.019169 0.225100 0.041077 0.000010 0.000010 0.218528 0.139260
0.575331 0.000010 0.000010 0.055421 0.000010 0.000010 0.000010 0.243806 0.125393
0.513113 0.080892 0.000010 0.144888 0.005499 0.031839 0.000010 0.185808 0.037939
0.496986 0.000010 0.000014 0.000010 0.000018 0.059114 0.000010 0.426919 0.016919
0.456869 0.000010 0.029865 0.000014 0.020520 0.000010 0.137100 0.295291 0.060321
0.516822 0.007830 0.092713 0.000010 0.067254 0.048085 0.019882 0.207519 0.039885
0.548556 0.020653 0.094225 0.074150 0.000010 0.000010 0.015445 0.246940 0.000010
0.584418 0.000010 0.000010 0.128415 0.000010 0.000010 0.005627 0.268535 0.012964
0.629610 0.000010 0.000019 0.000010 0.021630 0.000010 0.036999 0.279184 0.032528
0.431127 0.101003 0.065231 0.213485 0.008145 0.000010 0.000010 0.157269 0.023720
0.704658 0.002218 0.000010 0.027079 0.009205 0.000010 0.056267 0.200544 0.000010
0.572606 0.000010 0.000010 0.183872 0.020178 0.008133 0.023693 0.191488 0.000010
0.385783 0.000010 0.050529 0.268569 0.000010 0.037949 0.000010 0.176422 0.080719
0.533079 0.000010 0.000010 0.187214 0.000010 0.034180 0.000010 0.111974 0.133513
0.580100 0.017738 0.000010 0.000010 0.000010 0.076598 0.000010 0.309769 0.015755
0.000010 0.919279 0.000010 0.000010 0.000011 0.000010 0.064133 0.004936 0.011601
0.047291 0.719249 0.086418 0.012994 0.000010 0.007140 0.006531 0.077390 0.042977
0.000010 0.890699 0.050479 0.000010 0.000010 0.000010 0.000014 0.058758 0.000010
0.000010 0.930838 0.000010 0.000010 0.000012 0.000010 0.044037 0.025063 0.000010
0.025715 0.000010 0.399279 0.019573 0.106422 0.000010 0.448971 0.000010 0.000010
0.000010 0.000010 0.510127 0.000010 0.000010 0.000010 0.434587 0.000010 0.055226
0.000010 0.107152 0.357229 0.009349 0.000010 0.000010 0.325740 0.160057 0.040443
0.061358 0.000010 0.489909 0.000012 0.000011 0.000010 0.353927 0.094754 0.000010
0.001112 0.002853 0.482733 0.000010 0.061978 0.019237 0.350128 0.081939 0.000010
0.000010 0.062454 0.412238 0.000010 0.076384 0.000010 0.394081 0.000010 0.054804
0.034423 0.039783 0.360853 0.000010 0.000010 0.035681 0.426916 0.102314 0.000010
0.069411 0.000019 0.465539 0.000010 0.000010 0.005791 0.383265 0.051162 0.024794
0.000010 0.000010 0.456125 0.000010 0.087906 0.020734 0.369731 0.065464 0.000010
0.009183 0.000010 0.480423 0.039889 0.060346 0.010081 0.255312 0.135226 0.009530
0.469881 0.075964 0.000010 0.000010 0.088526 0.077214 0.000010 0.288375 0.000010
0.547549 0.000010 0.000010 0.028227 0.074216 0.000010 0.028299 0.214016 0.107663
0.590569 0.001684 0.015797 0.017951 0.000010 0.017492 0.065308 0.291179 0.000010
0.652197 0.097336 0.000010 0.000012 0.000014 0.016961 0.000010 0.233449 0.000010
0.356132 0.000010 0.000010 0.346785 0.001373 0.007350 0.003084 0.221309 0.063946
0.382782 0.000010 0.047551 0.263072 0.000010 0.000014 0.000010 0.199677 0.106873
0.499215 0.042800 0.012485 0.155067 0.049168 0.000010 0.000010 0.241235 0.000010
0.484389 0.000010 0.026635 0.000010 0.000010 0.051970 0.069476 0.367489 0.000010
0.428137 0.000010 0.000010 0.109458 0.099228 0.008724 0.020867 0.030893 0.302673
0.567421 0.000010 0.035487 0.110062 0.037300 0.116850 0.028945 0.088507 0.015417
0.614592 0.000010 0.026375 0.058286 0.012253 0.017808 0.011802 0.237247 0.021626
0.675827 0.000011 0.078978 0.009978 0.000010 0.000010 0.000010 0.192623 0.042554
0.452150 0.009430 0.089782 0.065692 0.000010 0.031812 0.035051 0.175806 0.140268
0.633736 0.000010 0.000010 0.063539 0.000010 0.035297 0.074722 0.192667 0.000010
0.561516 0.007444 0.062893 0.022615 0.000011 0.041538 0.000010 0.303962 0.000010
0.475429 0.034206 0.039505 0.047796 0.000010 0.090299 0.000010 0.065792 0.246953
0.325058 0.000016 0.052561 0.053212 0.000010 0.030491 0.000010 0.222687 0.315955
0.415797 0.031303 0.000010 0.358567 0.000010 0.000010 0.000010 0.194283 0.000010
0.291466 0.002378 0.011452 0.280897 0.011067 0.053021 0.011591 0.263329 0.074801
0.532855 0.000010 0.017175 0.070302 0.000010 0.058875 0.109450 0.211313 0.000010
0.538981 0.000010 0.062602 0.114300 0.088015 0.000010 0.000010 0.196062 0.000010
0.000010 0.000018 0.810276 0.000010 0.000010 0.000013 0.189639 0.000015 0.000010
0.000010 0.078306 0.668078 0.027917 0.000010 0.000017 0.225634 0.000018 0.000010
0.000010 0.016074 0.749097 0.000010 0.000010 0.000010 0.234769 0.000010 0.000010
0.040714 0.005633 0.649621 0.000010 0.000010 0.000010 0.303982 0.000010 0.000010
0.000010 0.016381 0.645486 0.000010 0.067822 0.000010 0.270261 0.000010 0.000010
0.000010 0.019933 0.686571 0.000010 0.000010 0.000010 0.293436 0.000010 0.000010
0.000010 0.098478 0.658961 0.000010 0.000010 0.000010 0.209798 0.000010 0.032713
0.000010 0.043177 0.613937 0.000010 0.061404 0.000010 0.268959 0.000010 0.012483
0.000010 0.022635 0.586903 0.000010 0.076803 0.000010 0.313608 0.000010 0.000010
0.001054 0.067505 0.582462 0.000010 0.051975 0.000010 0.244489 0.000010 0.052485
0.000010 0.024982 0.680660 0.000013 0.000012 0.000010 0.196095 0.081633 0.016584
0.000010 0.017789 0.717777 0.000010 0.000010 0.000010 0.238101 0.026283 0.000010
0.000010 0.000010 0.680165 0.000010 0.000014 0.064679 0.255092 0.000010 0.000010
0.000010 0.000010 0.659674 0.000010 0.066881 0.035115 0.238280 0.000010 0.000010
0.000010 0.023054 0.594837 0.045046 0.000010 0.000010 0.337012 0.000011 0.000010
0.000014 0.014755 0.719535 0.008354 0.000010 0.029808 0.227504 0.000010 0.000010
0.000010 0.000010 0.684525 0.000010 0.000010 0.020326 0.197781 0.000010 0.097319
0.000010 0.085287 0.646755 0.000010 0.000010 0.000010 0.165615 0.102293 0.000010
0.000010 0.000010 0.728444 0.000010 0.002450 0.000015 0.269041 0.000010 0.000010
0.000010 0.122013 0.609109 0.000010 0.000010 0.000010 0.223903 0.044925 0.000010
0.000010 0.000010 0.664174 0.000010 0.040844 0.001058 0.244252 0.042824 0.006817
0.000010 0.078935 0.670857 0.000010 0.004223 0.000010 0.245935 0.000010 0.000010
0.000017 0.044205 0.648757 0.000012 0.000010 0.000010 0.306968 0.000010 0.000010
0.000010 0.163202 0.652448 0.000010 0.000010 0.000010 0.184285 0.000015 0.000010
0.000010 0.030421 0.789942 0.000010 0.005073 0.023913 0.150612 0.000010 0.000010
0.000010 0.013227 0.654100 0.010048 0.000010 0.000010 0.322575 0.000010 0.000010
0.000010 0.014009 0.670436 0.003580 0.000010 0.000010 0.267248 0.044688 0.000010
0.007536 0.044896 0.622143 0.000010 0.000010 0.000010 0.325375 0.000010 0.000010
0.000010 0.000010 0.567053 0.000010 0.000019 0.000010 0.432866 0.000013 0.000010
0.000010 0.075799 0.714933 0.000010 0.000011 0.000010 0.209207 0.000010 0.000010
0.000010 0.034655 0.592436 0.000010 0.050045 0.000010 0.322814 0.000010 0.000010
0.000015 0.000010 0.678593 0.000014 0.000010 0.000010 0.278479 0.000010 0.042859
0.000010 0.000010 0.645309 0.000010 0.000010 0.000010 0.354621 0.000010 0.000010
0.000010 0.000010 0.687906 0.000010 0.000010 0.000010 0.312024 0.000010 0.000010
0.000010 0.000010 0.574288 0.000010 0.089424 0.000010 0.336228 0.000010 0.000010
0.000016 0.035862 0.572019 0.000010 0.019661 0.000010 0.333615 0.038796 0.000010
0.000010 0.032111 0.629673 0.000010 0.000010 0.000010 0.337070 0.001096 0.000010
0.000010 0.024821 0.539672 0.000010 0.000010 0.000010 0.435447 0.000010 0.000010
0.000010 0.000010 0.703716 0.000010 0.000010 0.000010 0.296214 0.000010 0.000010
0.000010 0.006082 0.000010 0.000010 0.911028 0.000010 0.078347 0.004493 0.000010
0.000011 0.000010 0.000010 0.000010 0.871335 0.000010 0.128593 0.000011 0.000010
0.000010 0.000010 0.603236 0.000010 0.045495 0.000010 0.312451 0.024618 0.014161
0.000016 0.011198 0.618254 0.000010 0.021311 0.000010 0.340705 0.000010 0.008486
0.198792 0.000010 0.013060 0.386711 0.022694 0.000010 0.014467 0.346006 0.018250
0.203979 0.038209 0.000010 0.469027 0.023742 0.008042 0.028640 0.228340 0.000010
0.309949 0.008105 0.000010 0.428509 0.000010 0.000010 0.086371 0.167026 0.000010
0.312293 0.036479 0.000010 0.403175 0.000017 0.000010 0.000010 0.205245 0.042760
0.340618 0.035361 0.040718 0.389936 0.000010 0.044868 0.000010 0.148470 0.000010
0.188608 0.118894 0.000010 0.494902 0.000010 0.000010 0.000010 0.195154 0.002403
0.337368 0.037203 0.017968 0.356227 0.009215 0.000010 0.037765 0.204234 0.000010
0.374828 0.039568 0.004099 0.282899 0.000010 0.009794 0.000010 0.288090 0.000703
0.271559 0.000010 0.031885 0.352463 0.000010 0.011024 0.026013 0.307026 0.000010
0.400363 0.000010 0.022095 0.352558 0.023392 0.013250 0.000010 0.188313 0.000010
0.369230 0.000010 0.018460 0.407424 0.001149 0.000010 0.041454 0.162252 0.000010
0.374107 0.001941 0.014237 0.303912 0.000010 0.000010 0.037662 0.268110 0.000010
0.232180 0.023125 0.023692 0.484726 0.000010 0.010955 0.052906 0.172396 0.000010
0.000010 0.000010 0.652650 0.000010 0.090693 0.005422 0.251186 0.000010 0.000010
0.011063 0.000010 0.545153 0.000010 0.000010 0.000010 0.443723 0.000010 0.000010
0.000010 0.000018 0.607166 0.013864 0.061073 0.005103 0.312746 0.000011 0.000010
0.000010 0.000018 0.611213 0.000010 0.000010 0.000010 0.388701 0.000019 0.000010
0.013602 0.000010 0.683423 0.000010 0.000010 0.013215 0.273308 0.016412 0.000010
0.016494 0.000010 0.592134 0.000018 0.000010 0.000010 0.362112 0.000010 0.029202
0.000010 0.000010 0.582940 0.000010 0.000010 0.000010 0.416990 0.000010 0.000010
0.000010 0.000010 0.612371 0.000018 0.000017 0.000010 0.373316 0.001215 0.013032
0.000010 0.082908 0.504857 0.000010 0.027832 0.000010 0.384352 0.000010 0.000010
0.000010 0.000010 0.536035 0.000010 0.097209 0.000010 0.346476 0.020230 0.000010
0.000010 0.040238 0.654423 0.000010 0.035098 0.000010 0.270191 0.000010 0.000010
0.050909 0.039706 0.584259 0.000010 0.043268 0.000010 0.281819 0.000010 0.000010
