0.152574 0.000010 0.042882 0.150856 0.000010 0.025635 0.128486 0.499537 0.000010
0.265299 0.003706 0.000010 0.111158 0.056867 0.000010 0.129720 0.404671 0.028558
0.176759 0.000010 0.011595 0.140877 0.026102 0.000010 0.107451 0.486965 0.050230
0.390025 0.017857 0.000010 0.011482 0.000010 0.041717 0.038509 0.467554 0.032836
0.237332 0.091614 0.007858 0.146449 0.000010 0.071697 0.000010 0.445020 0.000010
0.188299 0.000010 0.000010 0.000010 0.065424 0.000355 0.092066 0.244734 0.409092
0.405198 0.000010 0.000010 0.028143 0.000010 0.000010 0.080437 0.486173 0.000010
0.434150 0.098546 0.000010 0.038179 0.000010 0.000010 0.011245 0.417841 0.000010
0.467492 0.056594 0.000010 0.000010 0.113080 0.000010 0.023643 0.339150 0.000010
0.224335 0.000010 0.000010 0.085575 0.037586 0.000010 0.153123 0.499342 0.000010
0.261281 0.000010 0.060490 0.078720 0.158237 0.000010 0.091728 0.349515 0.000010
0.301392 0.091763 0.000010 0.036943 0.026115 0.000010 0.054070 0.489687 0.000010
0.382213 0.000010 0.039206 0.000010 0.000010 0.010559 0.061372 0.419967 0.086653
0.141460 0.066847 0.000010 0.130079 0.049004 0.017948 0.044962 0.321738 0.227951
0.371637 0.000010 0.000161 0.060200 0.089919 0.000976 0.062731 0.414355 0.000010
0.246837 0.000010 0.000010 0.149097 0.005002 0.000010 0.128966 0.470058 0.000010
0.090835 0.000010 0.000010 0.194237 0.000010 0.048142 0.173348 0.433464 0.059944
0.232806 0.000010 0.000010 0.221421 0.000010 0.007627 0.194690 0.310600 0.032824
0.077589 0.000010 0.000010 0.163551 0.015064 0.000193 0.183117 0.448235 0.112231
0.260680 0.000010 0.026179 0.072655 0.046856 0.000010 0.062012 0.531588 0.000010
0.235322 0.000010 0.008923 0.070180 0.000010 0.041221 0.102023 0.490598 0.051714
0.246304 0.000010 0.086218 0.118110 0.057023 0.039833 0.021710 0.430781 0.000010
0.265587 0.050432 0.000010 0.076150 0.035740 0.000010 0.109247 0.462813 0.000010
0.328419 0.038845 0.047109 0.096182 0.051683 0.000010 0.036555 0.401187 0.000010
0.348074 0.058835 0.000010 0.000010 0.000010 0.000010 0.115902 0.477138 0.000010
0.438730 0.000010 0.009730 0.000010 0.000010 0.000010 0.067253 0.484237 0.000010
0.290432 0.000010 0.000010 0.000010 0.028521 0.038594 0.146465 0.409984 0.085974
0.344910 0.000010 0.000010 0.016711 0.000010 0.048258 0.134147 0.355919 0.100025
0.346763 0.000010 0.009884 0.000010 0.000010 0.035058 0.160211 0.448044 0.000010
0.150008 0.000010 0.000010 0.000010 0.119990 0.009299 0.069122 0.512122 0.139428
0.257264 0.028819 0.000010 0.156714 0.043280 0.044019 0.061557 0.378331 0.030006
0.313834 0.086807 0.048198 0.073086 0.014429 0.017723 0.007122 0.424927 0.013874
0.335961 0.000010 0.000010 0.000010 0.000010 0.000010 0.137086 0.526893 0.000010
0.334335 0.050651 0.000010 0.113531 0.000010 0.037397 0.020279 0.443777 0.000010
0.134136 0.000010 0.155477 0.000010 0.102987 0.000010 0.123459 0.483901 0.000010
0.241007 0.000010 0.007917 0.155824 0.000010 0.000010 0.118603 0.476609 0.000010
0.244597 0.000010 0.000010 0.082671 0.033885 0.033889 0.064247 0.540681 0.000010
0.290610 0.000010 0.000010 0.000010 0.000010 0.000010 0.157829 0.548459 0.003052
0.215967 0.000010 0.000010 0.093995 0.000010 0.000010 0.050245 0.569714 0.070038
0.307889 0.017149 0.011956 0.000010 0.000010 0.000010 0.118664 0.544303 0.000010
0.038133 0.000010 0.000010 0.313651 0.027916 0.001580 0.162928 0.455761 0.000010
0.309945 0.033571 0.000010 0.023075 0.000010 0.014643 0.143571 0.475166 0.000010
0.324476 0.059749 0.000010 0.073406 0.033049 0.000010 0.075739 0.433551 0.000010
0.221098 0.000010 0.250076 0.131800 0.036570 0.023058 0.000010 0.337367 0.000010
0.136226 0.079635 0.000010 0.196950 0.000010 0.000010 0.058053 0.529096 0.000010
0.200123 0.067465 0.000010 0.090064 0.000010 0.064009 0.186285 0.392024 0.000010
0.285965 0.000010 0.042838 0.118503 0.037012 0.068259 0.165615 0.281787 0.000010
0.224726 0.000010 0.029551 0.114330 0.000010 0.000010 0.153799 0.420881 0.056683
0.087834 0.052242 0.356336 0.107516 0.063153 0.000010 0.120555 0.189192 0.023162
0.196934 0.036434 0.291921 0.117534 0.000010 0.049197 0.074288 0.233671 0.000010
0.058903 0.023133 0.419702 0.071873 0.055164 0.014606 0.084027 0.272582 0.000010
0.066861 0.018440 0.382149 0.000010 0.000010 0.033558 0.198995 0.299967 0.000010
0.203432 0.000010 0.228726 0.066466 0.029555 0.050700 0.130643 0.258489 0.031979
0.210639 0.083846 0.362741 0.058632 0.000010 0.052037 0.031088 0.163882 0.037125
0.272116 0.000010 0.140294 0.000010 0.000010 0.025582 0.223503 0.338465 0.000010
0.024332 0.038488 0.519561 0.049601 0.000010 0.000010 0.186213 0.127417 0.054368
0.076178 0.000010 0.458232 0.078478 0.002447 0.030995 0.083719 0.262854 0.007086
0.172029 0.048176 0.279180 0.093630 0.023766 0.059334 0.170582 0.153293 0.000010
0.145883 0.106087 0.409196 0.060196 0.000010 0.048431 0.010726 0.174778 0.044694
0.234820 0.000010 0.457717 0.022887 0.146373 0.054538 0.000010 0.083634 0.000010
0.189831 0.048535 0.351437 0.090095 0.043595 0.000010 0.068056 0.184164 0.024277
0.161723 0.008177 0.126803 0.071721 0.000010 0.000010 0.252091 0.379455 0.000010
0.153249 0.000010 0.365103 0.091862 0.020992 0.014975 0.150190 0.201492 0.002126
0.176949 0.119134 0.378115 0.048450 0.046735 0.000010 0.021865 0.162159 0.046584
0.045686 0.000010 0.226474 0.126185 0.000010 0.000010 0.259422 0.342193 0.000010
0.053652 0.014943 0.398206 0.080940 0.010964 0.000010 0.158593 0.227471 0.055221
0.263928 0.000010 0.362391 0.069104 0.061144 0.011564 0.167888 0.051976 0.011996
0.016188 0.000010 0.223708 0.032068 0.000010 0.012814 0.265430 0.449762 0.000010
0.106903 0.058412 0.367468 0.024094 0.023042 0.000010 0.247559 0.172502 0.000010
0.324924 0.000010 0.094420 0.151266 0.001699 0.000010 0.073343 0.354318 0.000010
0.056473 0.010813 0.112761 0.121452 0.000010 0.005268 0.012392 0.223699 0.457132
0.348574 0.029531 0.000010 0.000010 0.107877 0.015168 0.062539 0.427302 0.008989
0.333487 0.000010 0.000010 0.131249 0.049952 0.000010 0.097750 0.345603 0.041928
0.362514 0.000010 0.000010 0.001240 0.000010 0.059523 0.060772 0.490328 0.025593
0.397401 0.004638 0.000010 0.007419 0.037433 0.000010 0.131803 0.421276 0.000010
0.245422 0.000010 0.000010 0.072429 0.105616 0.000010 0.071971 0.352607 0.151925
0.337263 0.000010 0.081929 0.141456 0.000010 0.000010 0.000010 0.439302 0.000010
0.242210 0.000010 0.000010 0.000010 0.030720 0.038267 0.074984 0.483217 0.130573
0.291258 0.000010 0.067037 0.152471 0.036754 0.000010 0.015847 0.419070 0.017543
0.284763 0.027134 0.133984 0.064349 0.009367 0.000010 0.000010 0.432912 0.047471
0.136283 0.000010 0.000010 0.181541 0.000010 0.000010 0.250090 0.413235 0.018811
0.441679 0.000010 0.001633 0.000010 0.061806 0.000010 0.000010 0.339179 0.155664
0.216403 0.000010 0.000010 0.033277 0.000010 0.013654 0.159973 0.473143 0.103521
0.316143 0.043508 0.000010 0.130533 0.000010 0.000010 0.080872 0.428903 0.000010
0.446368 0.018070 0.035910 0.010918 0.000010 0.012514 0.069145 0.407056 0.000010
0.319234 0.000010 0.000010 0.107563 0.012751 0.050464 0.000010 0.509949 0.000010
0.508133 0.044289 0.000010 0.000010 0.000010 0.026627 0.063482 0.349882 0.007558
0.326718 0.101602 0.000010 0.135401 0.000010 0.000010 0.159087 0.218732 0.058430
0.264407 0.000010 0.000010 0.071552 0.000010 0.009338 0.012842 0.599330 0.042501
0.242616 0.000010 0.104616 0.012705 0.000010 0.094028 0.000010 0.480862 0.065142
0.440942 0.000288 0.017383 0.000010 0.036132 0.000010 0.033467 0.458881 0.012887
0.361421 0.000010 0.020899 0.001462 0.011324 0.000010 0.000010 0.517094 0.087770
0.553368 0.060357 0.000010 0.000010 0.000010 0.000010 0.000010 0.386215 0.000010
0.334070 0.000010 0.000010 0.154715 0.075498 0.000010 0.039680 0.395997 0.000010
0.241759 0.000010 0.000010 0.076607 0.035888 0.052256 0.132504 0.364229 0.096738
0.177550 0.000010 0.042228 0.183334 0.014428 0.071163 0.150782 0.323605 0.036899
0.157670 0.058387 0.018443 0.000010 0.006819 0.000010 0.149883 0.576838 0.031940
0.256242 0.056235 0.056450 0.019999 0.000010 0.000010 0.058508 0.522099 0.030445
0.138167 0.000010 0.055553 0.000010 0.129656 0.035667 0.135907 0.486313 0.018717
0.186995 0.083975 0.000010 0.122583 0.000010 0.000010 0.163433 0.442974 0.000010
0.267653 0.000010 0.000010 0.000010 0.000010 0.063103 0.187755 0.481439 0.000010
0.110154 0.063066 0.000010 0.040300 0.000010 0.068807 0.068594 0.288026 0.361034
0.299116 0.000772 0.000010 0.037599 0.000010 0.000010 0.217795 0.401928 0.042760
0.086456 0.000010 0.000010 0.092355 0.044081 0.000010 0.305268 0.471800 0.000010
0.168369 0.000010 0.124070 0.000010 0.000010 0.018765 0.147617 0.541015 0.000134
0.206440 0.023649 0.000010 0.080833 0.000010 0.055382 0.122722 0.510944 0.000010
0.229433 0.111664 0.005413 0.000010 0.000010 0.000010 0.182409 0.447226 0.023826
0.238536 0.000010 0.132049 0.030397 0.000010 0.000010 0.099288 0.494792 0.004908
0.227543 0.000010 0.000010 0.018457 0.000010 0.000010 0.189470 0.507870 0.056620
0.244017 0.000010 0.134691 0.000010 0.014877 0.049262 0.102222 0.454901 0.000010
0.099776 0.023183 0.000010 0.126217 0.031237 0.000010 0.263909 0.419658 0.036000
0.203744 0.038444 0.000010 0.135758 0.064570 0.046554 0.131955 0.378954 0.000010
0.250486 0.115355 0.016578 0.097585 0.000010 0.000010 0.046341 0.473625 0.000010
0.283282 0.061963 0.024802 0.130090 0.000010 0.000010 0.000010 0.473638 0.026195
0.171696 0.000010 0.021152 0.164913 0.000010 0.000010 0.137770 0.504429 0.000010
0.189975 0.000010 0.046499 0.088232 0.001899 0.002659 0.143892 0.526825 0.000010
0.268114 0.000010 0.040547 0.055584 0.027082 0.000010 0.117034 0.491609 0.000010
0.391208 0.010498 0.060341 0.092323 0.000010 0.000010 0.102008 0.343591 0.000010
0.156341 0.000010 0.002888 0.124074 0.000010 0.000010 0.224880 0.491777 0.000010
0.228559 0.035720 0.167443 0.067489 0.022301 0.003098 0.040615 0.434766 0.000010
0.459050 0.000010 0.013285 0.049753 0.083086 0.095617 0.000010 0.299180 0.000010
0.169353 0.000010 0.179656 0.000010 0.039414 0.016916 0.207368 0.387263 0.000010
0.335401 0.032043 0.109977 0.034861 0.000010 0.000010 0.085367 0.376585 0.025745
0.143103 0.004504 0.000010 0.189556 0.000010 0.015527 0.183137 0.448920 0.015233
0.000010 0.000010 0.107184 0.352118 0.001297 0.000010 0.144623 0.394737 0.000010
0.215322 0.013661 0.000010 0.105001 0.000010 0.001322 0.078561 0.470225 0.115888
0.327164 0.146048 0.000010 0.007794 0.000010 0.000010 0.145254 0.373701 0.000010
0.204890 0.000010 0.000010 0.016804 0.072892 0.000010 0.151362 0.554011 0.000010
0.001955 0.000010 0.038912 0.223464 0.018934 0.037877 0.142670 0.472936 0.063242
0.148637 0.000010 0.018444 0.232875 0.048302 0.000010 0.186751 0.364961 0.000010
0.254882 0.000010 0.000010 0.000348 0.000010 0.000010 0.164896 0.579824 0.000010
0.116224 0.000010 0.000010 0.040092 0.052120 0.005627 0.261460 0.523136 0.001321
0.266768 0.000010 0.103094 0.253373 0.013325 0.001716 0.007353 0.354351 0.000010
0.158115 0.046310 0.000010 0.197193 0.165498 0.000010 0.029717 0.403139 0.000010
0.394913 0.000010 0.010084 0.056356 0.000010 0.000010 0.124314 0.401611 0.012693
0.366262 0.114794 0.045560 0.002335 0.000010 0.000010 0.095223 0.375796 0.000010
0.288510 0.016346 0.000010 0.098753 0.118795 0.005205 0.000010 0.432285 0.040087
0.158179 0.000010 0.000010 0.000010 0.000010 0.028168 0.166484 0.647118 0.000010
0.222559 0.000010 0.031311 0.289482 0.080059 0.030005 0.000010 0.346554 0.000010
0.262714 0.082510 0.000010 0.085863 0.071622 0.023398 0.020282 0.435805 0.017795
0.286215 0.000010 0.000010 0.147095 0.000010 0.000010 0.034612 0.532028 0.000010
0.259244 0.000010 0.000010 0.090287 0.043348 0.000010 0.074657 0.520229 0.012205
0.171020 0.094717 0.021086 0.040507 0.000010 0.037269 0.197146 0.418670 0.019573
0.327667 0.012099 0.007390 0.000010 0.109118 0.018992 0.156298 0.332153 0.036273
0.209840 0.000010 0.000010 0.081713 0.000010 0.057644 0.209072 0.441691 0.000010
0.188944 0.000010 0.238764 0.197245 0.011185 0.000010 0.000010 0.330417 0.033414
0.359149 0.000010 0.000010 0.036141 0.022564 0.051125 0.131969 0.399021 0.000010
0.392330 0.000010 0.000010 0.052703 0.000010 0.000010 0.059677 0.495241 0.000010
0.318171 0.040968 0.000010 0.004367 0.000010 0.000010 0.192830 0.443624 0.000010
0.194426 0.001278 0.000010 0.072829 0.000010 0.000010 0.132736 0.598690 0.000010
0.328711 0.000010 0.004986 0.105424 0.078486 0.055514 0.031721 0.395138 0.000010
0.276957 0.025022 0.000010 0.067893 0.076636 0.000010 0.111229 0.442233 0.000010
0.286352 0.079039 0.000010 0.070619 0.063156 0.000010 0.040568 0.460236 0.000010
0.258125 0.154075 0.000010 0.000010 0.000010 0.000010 0.051606 0.536144 0.000010
0.025593 0.015909 0.000010 0.158057 0.000010 0.000010 0.317111 0.483290 0.000010
0.220084 0.073424 0.030502 0.147628 0.000010 0.000010 0.081648 0.446684 0.000010
0.098716 0.000010 0.121097 0.144455 0.000010 0.000010 0.100818 0.534872 0.000010
0.173553 0.000010 0.000010 0.068858 0.000010 0.000010 0.099565 0.639631 0.018353
0.209907 0.021156 0.000010 0.053810 0.000010 0.000010 0.198837 0.488537 0.027722
0.156301 0.118116 0.000010 0.086722 0.000010 0.000010 0.145735 0.493085 0.000010
0.213698 0.020591 0.059057 0.000010 0.046957 0.052329 0.146076 0.461271 0.000010
0.260569 0.000010 0.000010 0.100236 0.013017 0.000010 0.191979 0.367251 0.066919
0.098181 0.010821 0.215910 0.154057 0.005199 0.025940 0.126217 0.363664 0.000010
0.099265 0.037639 0.010371 0.222847 0.132593 0.044219 0.071275 0.381782 0.000010
0.162689 0.084418 0.205399 0.146685 0.024962 0.030106 0.077476 0.254699 0.013565
0.204306 0.000010 0.000010 0.142553 0.005421 0.044411 0.159438 0.389411 0.054440
0.215759 0.097597 0.000010 0.012254 0.000010 0.000010 0.221390 0.452960 0.000010
0.184274 0.060572 0.034316 0.030325 0.017984 0.000010 0.096779 0.535019 0.040720
0.124657 0.033541 0.035382 0.129507 0.000010 0.000010 0.218140 0.458743 0.000010
0.004021 0.000010 0.161591 0.153112 0.000010 0.005106 0.189384 0.486756 0.000010
0.096741 0.060088 0.062696 0.110187 0.000010 0.000010 0.220367 0.418704 0.031198
0.258214 0.059480 0.000010 0.057792 0.016564 0.000010 0.183165 0.424756 0.000010
0.184599 0.021059 0.000010 0.011227 0.026836 0.000010 0.263290 0.492959 0.000010
0.212705 0.129818 0.049961 0.000010 0.000010 0.068703 0.203432 0.335350 0.000010
0.037793 0.239223 0.034752 0.000010 0.000010 0.003938 0.189552 0.473752 0.020971
0.005291 0.080080 0.013243 0.169298 0.102715 0.000010 0.155895 0.473456 0.000010
0.148726 0.053760 0.151610 0.111323 0.002742 0.119309 0.002738 0.409781 0.000010
0.177434 0.063423 0.000010 0.154090 0.000010 0.016725 0.155141 0.433157 0.000010
0.066723 0.000010 0.255251 0.146008 0.026881 0.000010 0.194369 0.310737 0.000010
0.087035 0.066875 0.000010 0.161101 0.054884 0.000010 0.255030 0.375046 0.000010
0.261359 0.034502 0.000013 0.082219 0.024721 0.034928 0.105568 0.456680 0.000010
0.226502 0.035868 0.136939 0.000010 0.009673 0.020545 0.212077 0.358376 0.000010
0.000010 0.000010 0.228359 0.263875 0.000010 0.000010 0.058320 0.449395 0.000010
0.312682 0.057711 0.008242 0.000010 0.000010 0.000010 0.204987 0.397998 0.018350
0.258211 0.014616 0.122989 0.000010 0.045862 0.000010 0.193949 0.364344 0.000010
0.272209 0.000010 0.218562 0.050399 0.000010 0.000010 0.176135 0.270627 0.012038
0.216871 0.055132 0.004016 0.091054 0.032966 0.000010 0.102275 0.497666 0.000010
0.033131 0.000010 0.003936 0.000011 0.000010 0.354885 0.000010 0.000010 0.607997
0.000010 0.020497 0.000010 0.000010 0.000010 0.517704 0.044678 0.000010 0.417071
0.000010 0.008722 0.000010 0.035352 0.000010 0.323829 0.000010 0.000010 0.632047
0.000010 0.000010 0.000010 0.000010 0.000010 0.409026 0.000010 0.000010 0.590904
0.000010 0.000010 0.000010 0.045821 0.000010 0.435196 0.000010 0.003169 0.515764
0.000010 0.026622 0.000010 0.000010 0.000010 0.354460 0.000010 0.000010 0.618858
0.000010 0.000010 0.000010 0.000010 0.000010 0.583890 0.000010 0.017641 0.398408
0.000010 0.012336 0.000010 0.000010 0.000010 0.449809 0.000010 0.013307 0.524499
0.000010 0.000010 0.000010 0.000010 0.000010 0.442854 0.000010 0.000010 0.557076
0.000010 0.032142 0.000010 0.000010 0.000010 0.268799 0.000010 0.040305 0.658705
0.000010 0.000010 0.000010 0.000010 0.000010 0.265908 0.000010 0.000010 0.734022
0.000010 0.008666 0.000010 0.000010 0.000010 0.379410 0.000010 0.000010 0.611863
0.020520 0.000010 0.000010 0.000010 0.000010 0.489753 0.000010 0.000010 0.489667
0.000010 0.000010 0.000010 0.021049 0.000010 0.420181 0.000010 0.000010 0.558710
0.000010 0.002517 0.000010 0.000010 0.000010 0.270535 0.036604 0.000010 0.690295
0.008513 0.002930 0.000010 0.000010 0.000010 0.357930 0.011055 0.002241 0.617302
0.000010 0.004089 0.000010 0.018323 0.000010 0.278150 0.000010 0.027246 0.672152
0.014087 0.067269 0.000010 0.000010 0.000010 0.455117 0.000010 0.000010 0.463477
0.000010 0.019001 0.015964 0.000010 0.000010 0.335618 0.000010 0.000010 0.629367
0.000010 0.000010 0.000010 0.000010 0.000010 0.310070 0.000010 0.000010 0.689860
0.002270 0.038583 0.000010 0.000010 0.000010 0.401086 0.000010 0.000010 0.558011
0.019638 0.000010 0.000010 0.000010 0.000010 0.254791 0.000010 0.000010 0.725511
0.000010 0.008361 0.000010 0.000010 0.000010 0.325118 0.000010 0.000010 0.666461
0.000010 0.060824 0.000010 0.000010 0.000010 0.404885 0.000010 0.000010 0.534230
0.071613 0.000010 0.000010 0.000010 0.000010 0.339041 0.000010 0.001644 0.587653
0.000010 0.007901 0.000010 0.028857 0.000010 0.502193 0.000010 0.000010 0.460999
0.000010 0.000010 0.000010 0.000010 0.000010 0.504549 0.000010 0.032161 0.463229
0.000010 0.018024 0.000010 0.000010 0.000010 0.292625 0.000010 0.000010 0.689290
0.000010 0.000010 0.000010 0.000010 0.964773 0.000010 0.035157 0.000010 0.000010
0.389665 0.000010 0.000010 0.254831 0.022381 0.016776 0.078230 0.238086 0.000010
0.463530 0.000010 0.149514 0.250323 0.000010 0.000010 0.009349 0.127244 0.000010
0.571457 0.000010 0.000011 0.273344 0.000010 0.000010 0.000010 0.155138 0.000010
0.511981 0.000010 0.000010 0.183695 0.009322 0.040514 0.003638 0.234867 0.015964
0.260320 0.031051 0.041717 0.333361 0.000010 0.000010 0.000010 0.248098 0.085424
0.361464 0.059701 0.000010 0.300807 0.088703 0.000010 0.013121 0.176174 0.000010
0.431307 0.118873 0.000010 0.278715 0.000010 0.000010 0.000010 0.171055 0.000010
0.448632 0.055896 0.000010 0.370433 0.005848 0.000010 0.015203 0.103958 0.000010
0.484559 0.000010 0.000010 0.222282 0.000010 0.000010 0.000010 0.217241 0.075868
0.344853 0.021557 0.017312 0.212193 0.000010 0.052675 0.000010 0.294903 0.056487
0.355769 0.044406 0.110684 0.300548 0.000010 0.000010 0.000010 0.162611 0.025953
0.294703 0.000010 0.000010 0.323789 0.000010 0.000010 0.114756 0.266702 0.000010
0.383091 0.000010 0.084396 0.491210 0.000010 0.000010 0.000010 0.026155 0.015108
0.528626 0.095965 0.000010 0.097659 0.000010 0.000010 0.059624 0.170291 0.047805
0.450394 0.096763 0.033785 0.238201 0.003455 0.039577 0.000010 0.137806 0.000010
0.300858 0.000010 0.000010 0.364367 0.097133 0.000010 0.057387 0.164892 0.015333
0.477590 0.003481 0.031077 0.187193 0.046466 0.048560 0.000010 0.178121 0.027502
0.270051 0.022211 0.041309 0.445764 0.000010 0.020376 0.022300 0.164428 0.013551
0.377701 0.000010 0.007161 0.408357 0.000010 0.059019 0.080114 0.067619 0.000010
0.566112 0.025188 0.025520 0.206178 0.000010 0.062078 0.003523 0.111381 0.000010
0.379355 0.000010 0.000010 0.312575 0.034007 0.008362 0.000010 0.241285 0.024386
0.481278 0.059746 0.000010 0.253190 0.000010 0.000010 0.000010 0.168152 0.037594
0.477214 0.023830 0.000010 0.253352 0.016983 0.000010 0.079438 0.149154 0.000010
0.426820 0.000010 0.000946 0.396151 0.000010 0.000010 0.024217 0.151825 0.000010
0.600409 0.034707 0.000010 0.201461 0.000010 0.029323 0.000010 0.134060 0.000010
0.390306 0.029176 0.007898 0.341930 0.000010 0.021110 0.064927 0.144632 0.000010
0.249366 0.000010 0.000010 0.360752 0.020959 0.000010 0.095715 0.273167 0.000010
0.236537 0.067165 0.000010 0.356567 0.074579 0.000010 0.000010 0.265112 0.000010
0.000010 0.018864 0.000010 0.000010 0.933916 0.000010 0.023766 0.022304 0.001111
0.000010 0.000010 0.013029 0.000010 0.955708 0.000010 0.017872 0.013341 0.000010
0.000010 0.000010 0.000010 0.000010 0.942195 0.000010 0.029227 0.028517 0.000010
0.000010 0.015876 0.000010 0.003265 0.946940 0.000010 0.033869 0.000010 0.000010
0.000010 0.045920 0.121123 0.000010 0.816461 0.000010 0.016446 0.000010 0.000010
0.000010 0.000010 0.000010 0.000010 0.958768 0.000010 0.030345 0.010827 0.000010
0.000010 0.000010 0.027080 0.007802 0.965058 0.000010 0.000010 0.000010 0.000010
0.000010 0.000010 0.000010 0.000010 0.988571 0.006794 0.004575 0.000010 0.000010
0.000010 0.000010 0.000010 0.052661 0.917175 0.030104 0.000010 0.000010 0.000010
0.000010 0.000010 0.024029 0.014018 0.946802 0.015101 0.000010 0.000010 0.000010
0.000010 0.000010 0.000010 0.000010 0.926686 0.000010 0.028889 0.017478 0.026897
0.000010 0.000010 0.000010 0.000010 0.944757 0.000010 0.000010 0.042133 0.013050
0.000010 0.000010 0.000010 0.000010 0.932745 0.008466 0.000010 0.058729 0.000010
0.000010 0.000010 0.012927 0.082638 0.900922 0.000010 0.000010 0.003463 0.000010
0.000010 0.000010 0.000010 0.002701 0.979228 0.018011 0.000010 0.000010 0.000010
0.000010 0.000010 0.000010 0.000010 0.999920 0.000010 0.000010 0.000010 0.000010
0.000010 0.000010 0.010239 0.000010 0.966986 0.002646 0.000010 0.000010 0.020079
0.644744 0.000010 0.000010 0.193744 0.000010 0.000010 0.101809 0.059653 0.000010
0.483982 0.000010 0.000010 0.205656 0.022661 0.000010 0.018849 0.268812 0.000010
0.623312 0.000010 0.006453 0.060446 0.000010 0.007285 0.037653 0.264822 0.000010
0.670249 0.000010 0.000010 0.024938 0.000010 0.000010 0.000010 0.285492 0.019271
0.563143 0.000010 0.027854 0.112089 0.000010 0.000010 0.105859 0.191016 0.000010
0.494704 0.000010 0.000010 0.086532 0.085304 0.000010 0.049910 0.283511 0.000010
0.681284 0.078347 0.016276 0.000010 0.000010 0.000010 0.000010 0.142302 0.081751
0.627361 0.000010 0.000010 0.095756 0.000010 0.000010 0.074477 0.202355 0.000010
0.528258 0.000010 0.000010 0.000010 0.049350 0.000010 0.000010 0.351136 0.071206
0.590908 0.000010 0.000010 0.000010 0.051117 0.031122 0.048326 0.278487 0.000010
0.721437 0.000010 0.000010 0.018751 0.005292 0.043243 0.033969 0.177278 0.000010
0.455509 0.000010 0.000010 0.129583 0.000010 0.000010 0.014332 0.400526 0.000010
0.538178 0.000010 0.000010 0.202639 0.003568 0.000010 0.009996 0.244218 0.001372
0.598853 0.000010 0.000010 0.054383 0.016496 0.006880 0.000010 0.293317 0.030041
0.683872 0.000010 0.000010 0.000010 0.000010 0.000010 0.000010 0.316058 0.000010
0.631644 0.000010 0.000010 0.000010 0.052586 0.012430 0.000010 0.237385 0.065915
0.537834 0.000489 0.027446 0.113977 0.000010 0.010205 0.044044 0.265985 0.000010
0.530527 0.000010 0.000010 0.175626 0.000010 0.051089 0.000010 0.242708 0.000010
0.428438 0.000010 0.021864 0.112531 0.000010 0.004523 0.034133 0.314706 0.083785
0.526061 0.000010 0.000010 0.050297 0.000010 0.016832 0.071549 0.300882 0.034350
0.711979 0.001931 0.013952 0.069463 0.000010 0.000010 0.000010 0.202635 0.000010
0.488640 0.000010 0.000010 0.067582 0.032697 0.009661 0.000010 0.363389 0.038001
0.489259 0.000010 0.000010 0.119171 0.000010 0.000010 0.007646 0.383874 0.000010
0.643030 0.044154 0.000010 0.000010 0.000010 0.005738 0.036556 0.270481 0.000010
0.679200 0.000010 0.000010 0.045632 0.038873 0.000010 0.012657 0.223598 0.000010
0.405413 0.018989 0.000010 0.200185 0.000010 0.000010 0.105283 0.270090 0.000010
0.597900 0.000010 0.000010 0.205311 0.000010 0.000010 0.000010 0.196730 0.000010
0.604417 0.000010 0.000010 0.068762 0.000010 0.056931 0.092249 0.177601 0.000010
0.380290 0.024055 0.000010 0.238181 0.016814 0.012662 0.016287 0.289747 0.021954
0.608762 0.000010 0.000010 0.102843 0.046250 0.000010 0.000010 0.242096 0.000010
0.526991 0.000010 0.125281 0.055565 0.000010 0.000010 0.012776 0.279346 0.000010
0.375229 0.091505 0.042969 0.179099 0.010171 0.000010 0.017668 0.228440 0.054907
0.431475 0.000010 0.049253 0.154140 0.000010 0.000010 0.000010 0.341925 0.023167
0.395645 0.000010 0.053646 0.130618 0.097341 0.000010 0.000010 0.322710 0.000010
0.496279 0.030297 0.155390 0.097734 0.000010 0.000010 0.053424 0.100403 0.066451
0.427230 0.000010 0.029619 0.047217 0.000010 0.024908 0.000010 0.366453 0.104544
0.465266 0.045433 0.006587 0.178756 0.000010 0.000719 0.000010 0.303209 0.000010
0.438888 0.000010 0.079868 0.199814 0.079572 0.049343 0.044150 0.108346 0.000010
0.638132 0.000010 0.000010 0.000010 0.000010 0.020417 0.047334 0.294067 0.000010
0.495833 0.000010 0.000010 0.000010 0.014633 0.060561 0.171286 0.239703 0.017953
0.593735 0.000010 0.000010 0.119828 0.000010 0.000010 0.002221 0.238616 0.045560
0.449017 0.000010 0.000010 0.172448 0.000010 0.030340 0.095077 0.253077 0.000010
0.575020 0.000010 0.092915 0.000010 0.000010 0.000010 0.000010 0.280054 0.051960
0.557333 0.000010 0.031873 0.000010 0.000010 0.000010 0.007608 0.252649 0.150498
0.710039 0.005575 0.054341 0.000010 0.000010 0.034037 0.026192 0.152661 0.017135
0.556749 0.000010 0.000010 0.000010 0.000010 0.095278 0.032369 0.284161 0.031404
0.547567 0.000010 0.150994 0.010521 0.000010 0.015370 0.000010 0.275509 0.000010
0.517602 0.000010 0.000010 0.000010 0.000010 0.000010 0.005310 0.315131 0.161906
0.507014 0.000010 0.000010 0.000010 0.000010 0.049005 0.108586 0.263635 0.071720
0.555237 0.000010 0.069878 0.005313 0.000010 0.045511 0.000010 0.156344 0.167687
0.458408 0.000010 0.000010 0.256812 0.000010 0.000010 0.001304 0.283291 0.000145
0.677901 0.000010 0.000010 0.061969 0.037018 0.031081 0.036288 0.155713 0.000010
0.676098 0.058128 0.000010 0.003234 0.000010 0.000010 0.020777 0.192912 0.048820
0.574698 0.000010 0.020429 0.114277 0.000010 0.000847 0.000010 0.289709 0.000010
0.449850 0.000010 0.000010 0.013315 0.000010 0.071817 0.000010 0.321058 0.143919
0.169093 0.000010 0.000010 0.023856 0.031017 0.049305 0.000010 0.029132 0.697568
0.589338 0.088300 0.000010 0.006354 0.000010 0.050323 0.059935 0.129199 0.076531
0.540932 0.000010 0.240658 0.000010 0.000010 0.088098 0.012593 0.113524 0.004165
0.549067 0.043578 0.013427 0.085787 0.024308 0.040384 0.000010 0.214054 0.029386
0.341947 0.000010 0.000010 0.081957 0.000010 0.076016 0.075760 0.391417 0.032872
0.389555 0.000010 0.028168 0.000010 0.038502 0.000010 0.059113 0.217329 0.267304
0.464231 0.018576 0.142050 0.000010 0.015808 0.049772 0.000010 0.199757 0.109787
0.387991 0.000010 0.000010 0.037989 0.047703 0.039450 0.114060 0.101036 0.271750
0.374737 0.000010 0.000010 0.034491 0.054413 0.123325 0.045490 0.338785 0.028741
0.615238 0.099468 0.000010 0.000010 0.000010 0.000010 0.047512 0.215105 0.022637
0.554747 0.004929 0.000010 0.096237 0.000010 0.006461 0.095203 0.169596 0.072807
0.528736 0.000010 0.000010 0.048260 0.000010 0.000010 0.037197 0.198203 0.187565
0.452806 0.023714 0.018684 0.057420 0.080428 0.000010 0.045556 0.227590 0.093793
0.543186 0.000010 0.000010 0.000010 0.006547 0.000010 0.071490 0.216497 0.162240
0.729783 0.063334 0.000010 0.000010 0.000010 0.013101 0.015499 0.178242 0.000010
0.597516 0.166104 0.009486 0.000010 0.000010 0.056466 0.000010 0.163881 0.006518
0.623547 0.000010 0.047592 0.000010 0.013614 0.036203 0.000010 0.085816 0.193199
0.617217 0.000010 0.055775 0.000010 0.000010 0.000010 0.000010 0.240213 0.086745
0.507829 0.000010 0.060170 0.000010 0.000010 0.016420 0.000010 0.313678 0.101863
0.623043 0.000010 0.000010 0.000010 0.060804 0.000010 0.000010 0.222829 0.093274
0.505664 0.023280 0.054957 0.000010 0.000010 0.000010 0.016217 0.234160 0.165691
0.686164 0.000010 0.000010 0.000010 0.000010 0.028672 0.060656 0.215104 0.009364
0.516404 0.000010 0.000010 0.000010 0.000010 0.054955 0.066796 0.281506 0.080300
0.502334 0.000010 0.010114 0.000010 0.000010 0.000010 0.079074 0.215031 0.193408
0.559494 0.000010 0.000010 0.061522 0.000010 0.000010 0.103249 0.129351 0.146344
0.594291 0.000010 0.052985 0.011923 0.000010 0.011370 0.027087 0.242102 0.060221
0.616292 0.000010 0.000010 0.000011 0.000010 0.094852 0.000010 0.279236 0.009568
0.512457 0.000010 0.000010 0.000010 0.000010 0.000010 0.045553 0.320135 0.121805
0.646668 0.000010 0.000010 0.000010 0.000010 0.000010 0.117629 0.209884 0.025769
0.519948 0.000010 0.086182 0.042019 0.000010 0.025870 0.053667 0.272284 0.000010
0.561766 0.004617 0.000010 0.000010 0.000010 0.000010 0.173248 0.260319 0.000010
0.467332 0.000010 0.065879 0.000010 0.000010 0.000010 0.000010 0.320775 0.145964
0.000010 0.000010 0.000010 0.000010 0.841004 0.000010 0.158926 0.000010 0.000010
0.000010 0.000010 0.000010 0.000010 0.874284 0.000010 0.125646 0.000010 0.000010
0.000010 0.000010 0.016307 0.000010 0.886310 0.000010 0.097322 0.000010 0.000010
0.000010 0.000010 0.000010 0.000010 0.821422 0.000010 0.160653 0.000010 0.017864
0.000010 0.000010 0.000010 0.000010 0.938453 0.000010 0.034774 0.000010 0.026713
0.000010 0.000010 0.000010 0.000010 0.790471 0.000010 0.209459 0.000010 0.000010
0.029570 0.000010 0.044193 0.000010 0.797417 0.000010 0.128770 0.000010 0.000010
0.463465 0.000010 0.000010 0.276898 0.055576 0.000010 0.032327 0.171693 0.000010
0.699210 0.000010 0.000010 0.118120 0.000010 0.000010 0.038282 0.144339 0.000010
0.625459 0.000010 0.000010 0.185625 0.000010 0.000010 0.000010 0.188856 0.000010
0.611174 0.000010 0.000010 0.234211 0.024268 0.061624 0.000010 0.068683 0.000010
0.579335 0.012038 0.093699 0.275870 0.018997 0.000010 0.000010 0.020031 0.000010
0.598890 0.000010 0.000010 0.229875 0.000010 0.040674 0.020809 0.109713 0.000010
0.655027 0.000010 0.000010 0.050544 0.001754 0.015976 0.032949 0.243720 0.000010
0.557615 0.000010 0.000010 0.189226 0.101444 0.017103 0.007643 0.126939 0.000010
0.486728 0.025748 0.000010 0.313474 0.027993 0.000010 0.020577 0.125450 0.000010
0.687184 0.000010 0.000010 0.105235 0.017679 0.022582 0.010785 0.120709 0.035806
0.550611 0.000010 0.000010 0.123256 0.015588 0.072359 0.000010 0.166772 0.071385
0.688268 0.043430 0.000010 0.000010 0.000010 0.000010 0.081927 0.086687 0.099649
0.426309 0.074064 0.069404 0.042621 0.000010 0.050430 0.000010 0.312895 0.024258
0.585640 0.000010 0.041500 0.000010 0.000010 0.017220 0.000010 0.275292 0.080307
0.508799 0.000010 0.025106 0.032608 0.000010 0.042509 0.028452 0.272219 0.090285
0.589300 0.000010 0.000010 0.027148 0.000010 0.000010 0.033037 0.321933 0.028542
0.344407 0.035445 0.000010 0.276101 0.024781 0.046289 0.000010 0.212177 0.060781
0.541752 0.000010 0.000010 0.098173 0.000010 0.116356 0.000010 0.210080 0.033598
0.570395 0.000010 0.000010 0.000010 0.000010 0.013387 0.000010 0.250188 0.165979
0.662061 0.000010 0.000010 0.002880 0.000010 0.000010 0.000010 0.145595 0.189414
0.504818 0.000010 0.000010 0.064151 0.072460 0.000010 0.000010 0.239668 0.118864
0.534902 0.000010 0.000010 0.000010 0.000010 0.044146 0.000010 0.353133 0.067769
0.638497 0.002489 0.038243 0.027584 0.000010 0.012071 0.000010 0.214320 0.066776
0.581677 0.003717 0.000010 0.064809 0.026375 0.054291 0.074979 0.194132 0.000010
0.565050 0.042507 0.072406 0.000010 0.031899 0.000010 0.000010 0.164729 0.123379
0.664097 0.031428 0.000010 0.018871 0.020150 0.000010 0.000010 0.265414 0.000010
0.558677 0.000010 0.000010 0.000010 0.000010 0.052810 0.001629 0.224891 0.161953
0.633536 0.000010 0.000010 0.000010 0.000010 0.000010 0.092303 0.250297 0.023814
0.509095 0.002784 0.000010 0.021320 0.000010 0.101061 0.028920 0.282663 0.054138
0.564784 0.000010 0.043722 0.000010 0.064164 0.035761 0.008241 0.136162 0.147146
0.622808 0.000010 0.000010 0.120990 0.000010 0.000010 0.030921 0.225230 0.000010
0.696533 0.000010 0.000010 0.000010 0.006388 0.026579 0.000142 0.192524 0.077803
0.493274 0.005495 0.000010 0.000010 0.000010 0.045185 0.046189 0.221575 0.188250
0.625434 0.000010 0.000010 0.024965 0.006576 0.039194 0.000010 0.219644 0.084156
0.589228 0.000010 0.000010 0.000010 0.000010 0.038710 0.148310 0.216296 0.007417
0.000010 0.971805 0.000010 0.000010 0.000010 0.000010 0.028125 0.000010 0.000010
0.114092 0.668452 0.151769 0.027864 0.000010 0.000010 0.000010 0.037783 0.000010
0.000010 0.893850 0.000010 0.005355 0.000010 0.018598 0.049069 0.033087 0.000010
0.000010 0.859722 0.081326 0.000010 0.000010 0.000010 0.052412 0.006490 0.000010
0.024752 0.000010 0.586565 0.000010 0.066275 0.021825 0.276419 0.000010 0.024134
0.000010 0.000010 0.494768 0.024517 0.130288 0.045438 0.254926 0.035377 0.014667
0.000010 0.000010 0.484571 0.005330 0.096225 0.000010 0.366789 0.047045 0.000010
0.044925 0.008863 0.559305 0.000010 0.000010 0.000010 0.299191 0.021461 0.066225
0.019397 0.000010 0.252851 0.000010 0.112147 0.000010 0.400001 0.215564 0.000010
0.014891 0.000010 0.419496 0.000010 0.077544 0.000010 0.376906 0.054677 0.056456
0.000010 0.000010 0.450467 0.092333 0.005646 0.000010 0.418694 0.000010 0.032820
0.019297 0.029995 0.450774 0.000010 0.019181 0.013960 0.443502 0.023272 0.000010
0.000010 0.000010 0.531183 0.017341 0.000069 0.000010 0.394803 0.046186 0.010387
0.000010 0.171697 0.375928 0.000010 0.154356 0.007177 0.263762 0.000010 0.027049
0.652904 0.001970 0.010214 0.000010 0.000010 0.052282 0.021218 0.212946 0.048447
0.540558 0.000010 0.019502 0.041140 0.034773 0.021275 0.004470 0.213641 0.124632
0.500675 0.000010 0.000010 0.000010 0.000010 0.000010 0.018288 0.345493 0.135493
0.630447 0.000010 0.022032 0.000010 0.086815 0.000010 0.012125 0.196093 0.052458
0.690259 0.000010 0.000010 0.012352 0.000010 0.063284 0.000010 0.234056 0.000010
0.457460 0.066858 0.049237 0.000010 0.090771 0.030939 0.030526 0.206010 0.068189
0.721400 0.000010 0.000010 0.000010 0.011637 0.000010 0.000010 0.225152 0.041761
0.586373 0.000010 0.018599 0.069636 0.018404 0.028318 0.008557 0.270093 0.000010
0.355632 0.000010 0.000010 0.191811 0.000010 0.000010 0.034207 0.270154 0.148156
0.584394 0.044541 0.000010 0.062100 0.089974 0.000010 0.000010 0.218951 0.000010
0.454781 0.000010 0.044880 0.050100 0.007130 0.000010 0.000010 0.172971 0.270109
0.496304 0.000010 0.082323 0.029590 0.000010 0.037098 0.000010 0.271179 0.083475
0.606382 0.017600 0.000010 0.000010 0.000010 0.071704 0.000010 0.292582 0.011692
0.650650 0.000010 0.000010 0.000010 0.000010 0.020183 0.050738 0.190129 0.088259
0.539811 0.000010 0.119318 0.000010 0.089178 0.030351 0.020601 0.176583 0.024138
0.565799 0.000010 0.012626 0.002731 0.002800 0.065816 0.000010 0.293907 0.056300
0.501729 0.000010 0.000010 0.000010 0.000010 0.073642 0.024281 0.400298 0.000010
0.598306 0.003930 0.000010 0.000010 0.000010 0.000010 0.000010 0.293968 0.103746
0.393629 0.026835 0.000010 0.048828 0.000010 0.036805 0.075618 0.418255 0.000010
0.508826 0.000010 0.000010 0.033689 0.000010 0.125006 0.057300 0.275139 0.000010
0.375896 0.031337 0.000010 0.000010 0.000010 0.039136 0.123943 0.291109 0.138549
0.000010 0.008329 0.568104 0.014173 0.000010 0.000010 0.336065 0.073290 0.000010
0.000010 0.000010 0.577685 0.000010 0.005917 0.000010 0.397186 0.000010 0.019161
0.018380 0.021179 0.623750 0.000010 0.030173 0.002339 0.235605 0.025717 0.042848
0.000010 0.000010 0.662424 0.000010 0.015435 0.000010 0.274808 0.000010 0.047283
0.014702 0.000010 0.600576 0.000010 0.162855 0.000010 0.221818 0.000010 0.000010
0.000010 0.000010 0.611465 0.000010 0.075268 0.000010 0.313207 0.000010 0.000010
0.000010 0.000010 0.703722 0.000010 0.000010 0.000010 0.296208 0.000010 0.000010
0.000010 0.000010 0.705907 0.000010 0.039423 0.000010 0.254610 0.000010 0.000010
0.000010 0.030734 0.713786 0.034501 0.000010 0.000010 0.208557 0.012383 0.000010
0.000010 0.011363 0.599606 0.000010 0.115807 0.000010 0.219266 0.053918 0.000010
0.000010 0.000010 0.697544 0.005868 0.016405 0.046843 0.194572 0.038738 0.000010
0.000010 0.013729 0.653341 0.000010 0.000010 0.000010 0.332871 0.000010 0.000010
0.000010 0.034060 0.704895 0.000010 0.000010 0.000010 0.260985 0.000010 0.000010
0.000010 0.075787 0.657786 0.043038 0.023475 0.028610 0.171274 0.000010 0.000010
0.000010 0.040280 0.568820 0.000010 0.000010 0.000010 0.382419 0.000010 0.008431
0.000010 0.054123 0.747852 0.000010 0.032115 0.000010 0.165860 0.000010 0.000010
0.000010 0.000010 0.702279 0.000010 0.000010 0.000010 0.297651 0.000010 0.000010
0.000010 0.000010 0.627966 0.000010 0.033329 0.000010 0.313061 0.025595 0.000010
0.000010 0.000010 0.751447 0.000010 0.000010 0.000010 0.248483 0.000010 0.000010
0.000010 0.007210 0.751777 0.000010 0.000010 0.000010 0.240954 0.000010 0.000010
0.000010 0.022255 0.471261 0.015092 0.000010 0.000010 0.426959 0.064393 0.000010
0.001561 0.000010 0.557141 0.000010 0.000010 0.000010 0.407375 0.033873 0.000010
0.000010 0.002885 0.597455 0.000010 0.000010 0.000010 0.399600 0.000010 0.000010
0.021452 0.000010 0.652765 0.000010 0.094024 0.000010 0.206597 0.000010 0.025122
0.000010 0.000010 0.713952 0.000010 0.113581 0.000010 0.171803 0.000010 0.000615
0.000010 0.039977 0.552154 0.000010 0.000010 0.000010 0.329574 0.078245 0.000010
0.000010 0.026610 0.521519 0.000010 0.037552 0.000010 0.359797 0.000010 0.054483
0.000010 0.010269 0.728129 0.000010 0.000010 0.000010 0.254287 0.000010 0.007265
0.000010 0.003790 0.643171 0.000010 0.039788 0.000010 0.313201 0.000010 0.000010
0.000010 0.125292 0.478353 0.101688 0.048387 0.012558 0.233692 0.000010 0.000010
0.000010 0.050934 0.514285 0.000010 0.000010 0.000010 0.434720 0.000010 0.000010
0.000010 0.000010 0.798436 0.033371 0.000010 0.000010 0.168133 0.000010 0.000010
0.000010 0.000010 0.566524 0.001330 0.000010 0.000010 0.312807 0.119289 0.000010
0.000010 0.000010 0.523194 0.000010 0.035757 0.011754 0.342416 0.086839 0.000010
0.000010 0.050982 0.593660 0.000010 0.026746 0.012198 0.316375 0.000010 0.000010
0.000010 0.051429 0.583415 0.000010 0.000010 0.000010 0.365096 0.000010 0.000010
0.000010 0.000010 0.625281 0.000010 0.036185 0.000010 0.338474 0.000010 0.000010
0.000010 0.000010 0.612126 0.000010 0.038558 0.000010 0.349256 0.000010 0.000010
0.000010 0.000714 0.726610 0.000010 0.000010 0.000010 0.272616 0.000010 0.000010
0.000010 0.000010 0.000010 0.000010 0.800968 0.004187 0.194785 0.000010 0.000010
0.000010 0.000010 0.000010 0.000010 0.956261 0.000010 0.043669 0.000010 0.000010
0.000010 0.000358 0.656501 0.000010 0.101659 0.000010 0.159793 0.078680 0.002978
0.000010 0.000010 0.670944 0.000010 0.026609 0.000010 0.252588 0.049809 0.000010
0.277205 0.062326 0.003374 0.331924 0.000010 0.068211 0.000046 0.256894 0.000010
0.283861 0.000010 0.049171 0.440550 0.000010 0.027968 0.025239 0.173181 0.000010
0.481983 0.035708 0.000010 0.254025 0.037819 0.005990 0.000010 0.184444 0.000010
0.342021 0.076013 0.000010 0.291470 0.086382 0.000010 0.023651 0.180434 0.000010
0.444127 0.000010 0.019789 0.296666 0.000010 0.008253 0.000010 0.231125 0.000010
0.205029 0.000010 0.059852 0.440123 0.000010 0.022546 0.000010 0.198915 0.073505
0.337871 0.025929 0.000010 0.213646 0.000010 0.000010 0.110427 0.312087 0.000010
0.344556 0.038203 0.000010 0.405265 0.000010 0.058925 0.046927 0.106094 0.000010
0.420746 0.023186 0.000010 0.248950 0.000010 0.000010 0.009708 0.297370 0.000010
0.451643 0.000010 0.000010 0.386730 0.000010 0.000010 0.000010 0.161567 0.000010
0.404475 0.042780 0.000010 0.304002 0.011273 0.000010 0.043311 0.194129 0.000010
0.274823 0.000010 0.000010 0.397513 0.000010 0.000480 0.083069 0.244076 0.000010
0.219185 0.000010 0.012276 0.488668 0.037382 0.006642 0.003752 0.211912 0.020173
0.000010 0.000010 0.653386 0.000010 0.101038 0.000010 0.245516 0.000010 0.000010
0.069789 0.064048 0.494784 0.000010 0.061530 0.000010 0.309809 0.000010 0.000010
0.000010 0.078340 0.565768 0.000010 0.016370 0.000010 0.339472 0.000010 0.000010
0.000010 0.000010 0.667330 0.000010 0.105806 0.013319 0.213494 0.000010 0.000010
0.000010 0.042465 0.551918 0.000010 0.000010 0.000010 0.405557 0.000010 0.000010
0.000010 0.000010 0.694901 0.000010 0.000010 0.000010 0.286649 0.000010 0.018391
0.000010 0.000010 0.616409 0.000010 0.168728 0.020343 0.194469 0.000010 0.000010
0.000010 0.000010 0.685285 0.000010 0.051596 0.000010 0.263059 0.000010 0.000010
0.002241 0.000010 0.590102 0.016420 0.000010 0.000010 0.391186 0.000010 0.000010
0.000010 0.000010 0.614203 0.000010 0.000010 0.000010 0.376093 0.000010 0.009643
0.023433 0.000010 0.619647 0.000010 0.071637 0.000010 0.285234 0.000010 0.000010
0.000010 0.000010 0.625856 0.000010 0.018064 0.000010 0.216854 0.139176 0.000010
