0.349086 0.034310 0.000695 0.044647 0.000010 0.026298 0.172876 0.372069 0.000010
0.281785 0.082924 0.044101 0.108591 0.000010 0.000010 0.018158 0.386217 0.078204
0.392864 0.023006 0.051343 0.069055 0.000010 0.018278 0.000010 0.439380 0.006054
0.242884 0.000010 0.000010 0.062677 0.000010 0.000010 0.117753 0.549011 0.027635
0.413590 0.000010 0.000010 0.000010 0.000010 0.046977 0.069608 0.410959 0.058827
0.312067 0.000010 0.041948 0.012657 0.027770 0.009299 0.084437 0.212211 0.299601
0.304688 0.000010 0.000010 0.000010 0.000010 0.000010 0.234101 0.437195 0.023966
0.274628 0.014552 0.099300 0.177504 0.000010 0.000010 0.070940 0.363046 0.000010
0.354955 0.111137 0.000010 0.154078 0.000010 0.020727 0.002974 0.338191 0.017918
0.166279 0.005093 0.065322 0.095188 0.014924 0.000010 0.052655 0.567373 0.033157
0.275676 0.013082 0.000010 0.007250 0.000010 0.000289 0.150060 0.464629 0.088995
0.379841 0.000010 0.030109 0.000010 0.000010 0.013076 0.054243 0.522692 0.000010
0.474577 0.000010 0.072404 0.000010 0.000010 0.023488 0.069125 0.344689 0.015688
0.393983 0.102612 0.000010 0.150580 0.000010 0.000010 0.000010 0.352775 0.000010
0.271759 0.000010 0.000010 0.000010 0.000010 0.040726 0.118972 0.568493 0.000010
0.263345 0.054504 0.010276 0.189594 0.000010 0.000010 0.036686 0.412286 0.033288
0.330166 0.116577 0.000010 0.142287 0.000010 0.000010 0.061065 0.349866 0.000010
0.373010 0.056791 0.000010 0.004794 0.000010 0.000010 0.000010 0.565355 0.000010
0.170415 0.014348 0.000010 0.111607 0.000010 0.000010 0.172654 0.530936 0.000010
0.335018 0.000010 0.079312 0.000010 0.000010 0.041735 0.008549 0.511803 0.023553
0.419366 0.043069 0.000010 0.000010 0.087246 0.000010 0.053328 0.371777 0.025184
0.341563 0.000010 0.011007 0.036220 0.034929 0.000010 0.058091 0.443644 0.074526
0.333790 0.000010 0.053502 0.000010 0.000010 0.041310 0.113467 0.430601 0.027299
0.315990 0.066736 0.000010 0.138043 0.016667 0.000010 0.000010 0.462525 0.000010
0.195426 0.050886 0.073143 0.152178 0.004257 0.000010 0.054437 0.469654 0.000010
0.294001 0.000010 0.000010 0.141671 0.000010 0.020999 0.100916 0.442373 0.000010
0.344354 0.000010 0.125147 0.000010 0.000010 0.000010 0.141533 0.388916 0.000010
0.271691 0.000010 0.000010 0.069993 0.000010 0.013630 0.151840 0.440198 0.052618
0.344687 0.056349 0.000010 0.199978 0.000010 0.000010 0.000010 0.398936 0.000010
0.363969 0.000010 0.026275 0.090601 0.041408 0.045801 0.033414 0.362172 0.036350
0.190082 0.074113 0.000010 0.212339 0.062197 0.041909 0.005439 0.408890 0.005021
0.253595 0.000010 0.030919 0.145907 0.000010 0.038795 0.124707 0.406047 0.000010
0.018834 0.104100 0.000010 0.176211 0.000010 0.056868 0.074413 0.569544 0.000010
0.244620 0.000010 0.071128 0.078113 0.000010 0.000010 0.067874 0.538224 0.000010
0.167798 0.000010 0.000010 0.069978 0.000010 0.036802 0.120936 0.604445 0.000010
0.206200 0.000010 0.000010 0.242017 0.000010 0.037410 0.144384 0.369948 0.000010
0.370593 0.117033 0.034725 0.000010 0.034629 0.028671 0.014129 0.400201 0.000010
0.216469 0.056808 0.000010 0.056462 0.001042 0.087780 0.005707 0.513032 0.062691
0.171988 0.058401 0.017555 0.151590 0.000010 0.000010 0.124986 0.475450 0.000010
0.202697 0.142304 0.000010 0.069957 0.000010 0.000010 0.067719 0.473679 0.043613
0.377095 0.026068 0.146360 0.037767 0.000010 0.000010 0.000010 0.378935 0.033745
0.301750 0.000010 0.000010 0.141287 0.000010 0.008362 0.051052 0.458151 0.039367
0.296370 0.068459 0.000010 0.173914 0.000010 0.043278 0.000010 0.417940 0.000010
0.325278 0.026224 0.000010 0.141652 0.000010 0.000010 0.073534 0.412223 0.021059
0.248943 0.000010 0.000010 0.106723 0.000010 0.033379 0.079209 0.531707 0.000010
0.332901 0.034572 0.000010 0.000010 0.000010 0.044345 0.102174 0.485967 0.000010
0.239170 0.050697 0.036429 0.063358 0.000010 0.070019 0.103864 0.436443 0.000010
0.242186 0.000010 0.016790 0.080617 0.098875 0.024049 0.115338 0.236091 0.186046
0.065187 0.055777 0.423474 0.061092 0.049922 0.000010 0.103137 0.241391 0.000010
0.101077 0.000010 0.369505 0.149021 0.044275 0.042637 0.000010 0.293455 0.000010
0.179243 0.066296 0.392193 0.000010 0.000010 0.013427 0.157483 0.130460 0.060877
0.000010 0.037220 0.371561 0.172577 0.024913 0.015627 0.089599 0.214631 0.073861
0.071530 0.127117 0.295229 0.073269 0.005582 0.015465 0.069112 0.325700 0.016995
0.089483 0.045994 0.455817 0.100256 0.000010 0.000010 0.053184 0.195500 0.059746
0.106978 0.158201 0.248866 0.074822 0.035923 0.004299 0.045836 0.312924 0.012152
0.091250 0.167498 0.296676 0.082796 0.177997 0.000010 0.059807 0.123955 0.000010
0.176812 0.070464 0.138081 0.180249 0.107187 0.000010 0.000010 0.235216 0.091971
0.080783 0.022388 0.520101 0.152647 0.004239 0.000010 0.081722 0.138099 0.000010
0.191211 0.000010 0.231814 0.110133 0.003428 0.035829 0.154665 0.272900 0.000010
0.052537 0.018485 0.236763 0.202854 0.042477 0.020885 0.173803 0.252186 0.000010
0.045786 0.087590 0.332977 0.075043 0.007546 0.000010 0.124684 0.326354 0.000010
0.116288 0.113143 0.279425 0.065596 0.000010 0.022839 0.098743 0.303947 0.000010
0.216931 0.000010 0.299052 0.066279 0.000010 0.026448 0.094903 0.296357 0.000010
0.275854 0.000010 0.198460 0.056702 0.000010 0.002794 0.119337 0.313936 0.032898
0.055774 0.125043 0.528534 0.000010 0.019880 0.000010 0.184295 0.086444 0.000010
0.228918 0.000010 0.106192 0.040692 0.069246 0.000010 0.174230 0.302492 0.078209
0.127991 0.179673 0.351025 0.007093 0.000010 0.010490 0.091905 0.219850 0.011964
0.042287 0.032392 0.369139 0.145725 0.000010 0.010865 0.133492 0.266081 0.000010
0.367728 0.040669 0.144779 0.118424 0.000010 0.021514 0.128742 0.178124 0.000010
0.075617 0.052237 0.239407 0.232803 0.021631 0.000010 0.065955 0.294484 0.017856
0.111732 0.000010 0.000010 0.209808 0.000010 0.034695 0.116507 0.131652 0.395575
0.287402 0.006335 0.000010 0.144447 0.000010 0.003971 0.056684 0.460625 0.040516
0.226007 0.041540 0.000010 0.185131 0.000010 0.000010 0.110295 0.436988 0.000010
0.265011 0.000010 0.020423 0.014493 0.000010 0.014391 0.087634 0.513578 0.084449
0.318956 0.000010 0.104020 0.000010 0.001359 0.010142 0.043948 0.514867 0.006688
0.247090 0.000010 0.000010 0.129089 0.000010 0.027293 0.015547 0.472887 0.108064
0.412924 0.036192 0.000010 0.000010 0.000010 0.062546 0.032860 0.403362 0.052086
0.210779 0.000010 0.000010 0.152556 0.000010 0.000010 0.155150 0.397088 0.084387
0.351509 0.000010 0.041166 0.086763 0.052258 0.003130 0.008953 0.404047 0.052165
0.297440 0.075279 0.016518 0.017716 0.000010 0.000010 0.047319 0.482103 0.063606
0.275794 0.000010 0.097649 0.005511 0.000010 0.000010 0.120264 0.500742 0.000010
0.261902 0.000010 0.024770 0.306781 0.000010 0.000010 0.000010 0.406497 0.000010
0.325303 0.000010 0.000010 0.124095 0.000010 0.000010 0.086448 0.464103 0.000010
0.356396 0.000010 0.000010 0.114832 0.000010 0.000010 0.021386 0.439871 0.067476
0.402486 0.000010 0.000010 0.120591 0.000010 0.000010 0.044637 0.432236 0.000010
0.079803 0.062448 0.000010 0.079741 0.000010 0.079146 0.242574 0.456259 0.000010
0.347798 0.000010 0.135418 0.000010 0.000010 0.019006 0.068922 0.299342 0.129484
0.337202 0.000010 0.000010 0.000010 0.000373 0.072461 0.090142 0.497258 0.002534
0.253085 0.056412 0.058720 0.101062 0.029805 0.000010 0.023773 0.309743 0.167389
0.359515 0.000010 0.017907 0.121669 0.040300 0.000010 0.023377 0.437203 0.000010
0.424424 0.000010 0.020357 0.041478 0.000010 0.069206 0.029875 0.414630 0.000010
0.257895 0.000010 0.000010 0.000010 0.000010 0.000010 0.016271 0.626144 0.099640
0.259994 0.000010 0.000010 0.031961 0.000010 0.000010 0.057222 0.626205 0.024579
0.266889 0.000010 0.000010 0.015484 0.000010 0.037918 0.050773 0.591181 0.037725
0.289735 0.069594 0.000010 0.107889 0.035675 0.000010 0.052571 0.444504 0.000010
0.242133 0.000010 0.000010 0.047971 0.166872 0.000010 0.000504 0.493011 0.049479
0.088551 0.011537 0.083599 0.089659 0.001330 0.000010 0.157509 0.520810 0.046995
0.129429 0.000010 0.031165 0.147382 0.000010 0.043732 0.153668 0.494593 0.000010
0.235084 0.000010 0.000010 0.111480 0.000010 0.000010 0.191594 0.461792 0.000010
0.218682 0.022913 0.144302 0.075490 0.000010 0.000010 0.124500 0.414082 0.000010
0.189494 0.000010 0.129742 0.084932 0.070546 0.111224 0.120553 0.246510 0.046989
0.137667 0.000010 0.011163 0.062710 0.058614 0.094476 0.076162 0.252998 0.306201
0.018008 0.000010 0.000010 0.020970 0.018280 0.000010 0.271110 0.656914 0.014688
0.348200 0.025464 0.019873 0.024171 0.003774 0.043569 0.105731 0.389861 0.039356
0.257281 0.080267 0.000010 0.011243 0.032941 0.005589 0.070461 0.421328 0.120880
0.255158 0.000010 0.002194 0.044712 0.000010 0.000010 0.222013 0.475882 0.000010
0.413307 0.034801 0.038678 0.000010 0.025891 0.000010 0.073459 0.413834 0.000010
0.132547 0.000010 0.076764 0.059880 0.000010 0.000010 0.145592 0.582654 0.002532
0.234253 0.000010 0.008701 0.154604 0.000010 0.000010 0.202589 0.385457 0.014366
0.191475 0.020937 0.000010 0.039734 0.000010 0.000010 0.147949 0.599866 0.000010
0.100383 0.000010 0.000010 0.041152 0.000010 0.000010 0.241904 0.616511 0.000010
0.116228 0.000010 0.000010 0.144290 0.036265 0.000010 0.246756 0.412155 0.044275
0.177116 0.000010 0.000010 0.000010 0.000010 0.013284 0.258563 0.522312 0.028684
0.317068 0.039015 0.000010 0.000010 0.000010 0.014701 0.000010 0.629166 0.000010
0.267005 0.000010 0.000010 0.000010 0.000010 0.000010 0.269754 0.418794 0.044397
0.198273 0.066909 0.000010 0.000010 0.047495 0.001739 0.149871 0.535682 0.000010
0.158640 0.074920 0.000010 0.075616 0.031398 0.090954 0.094762 0.473690 0.000010
0.063251 0.033033 0.063182 0.086071 0.071415 0.000010 0.160799 0.509086 0.013153
0.246683 0.000010 0.000010 0.035605 0.025648 0.000010 0.074512 0.572267 0.045255
0.291164 0.000010 0.000010 0.051913 0.000010 0.000010 0.105558 0.551315 0.000010
0.182091 0.023258 0.062809 0.153267 0.000010 0.023949 0.160640 0.393966 0.000010
0.218982 0.029630 0.085654 0.020369 0.000010 0.021530 0.094047 0.497831 0.031947
0.270727 0.098720 0.000010 0.000010 0.018310 0.000010 0.079969 0.532234 0.000010
0.321406 0.048926 0.106500 0.042110 0.000010 0.000010 0.070188 0.410840 0.000010
0.237885 0.000010 0.000010 0.089982 0.000010 0.023916 0.120657 0.527520 0.000010
0.299714 0.092223 0.000010 0.000010 0.000010 0.000010 0.093917 0.507038 0.007068
0.236863 0.000010 0.000010 0.101441 0.000010 0.032348 0.059270 0.570037 0.000010
0.200253 0.000010 0.126075 0.078079 0.035560 0.000010 0.051101 0.508399 0.000514
0.199563 0.070893 0.007447 0.027769 0.003697 0.022379 0.138021 0.522008 0.008223
0.154226 0.063886 0.007657 0.237226 0.095568 0.000010 0.034017 0.407400 0.000010
0.055611 0.065713 0.085237 0.320292 0.000010 0.000010 0.097312 0.375805 0.000010
0.257172 0.000010 0.000010 0.000010 0.000010 0.000010 0.178366 0.564402 0.000010
0.349178 0.000010 0.017362 0.013725 0.000010 0.000010 0.121539 0.484525 0.013641
0.158333 0.009044 0.029479 0.207735 0.000010 0.012474 0.186937 0.395977 0.000010
0.183964 0.000010 0.069413 0.000010 0.068175 0.000010 0.096302 0.582106 0.000010
0.169650 0.000010 0.150922 0.078211 0.000010 0.018004 0.137605 0.445578 0.000010
0.095885 0.097359 0.057165 0.073730 0.000010 0.000010 0.170229 0.505602 0.000010
0.278764 0.000010 0.000010 0.131642 0.000010 0.000010 0.170754 0.418790 0.000010
0.145794 0.070491 0.000010 0.148782 0.000010 0.077756 0.124736 0.419966 0.012455
0.178834 0.051137 0.000010 0.048872 0.000010 0.060876 0.176895 0.483357 0.000010
0.344799 0.032239 0.121595 0.000010 0.000010 0.083924 0.000010 0.417403 0.000010
0.043152 0.000010 0.056990 0.197824 0.000010 0.011379 0.243622 0.447003 0.000010
0.157446 0.000010 0.000010 0.222796 0.081458 0.000010 0.061102 0.453117 0.024050
0.276073 0.004917 0.099092 0.021587 0.000010 0.000010 0.080225 0.518076 0.000010
0.208752 0.041829 0.000010 0.127415 0.000010 0.006767 0.094487 0.508085 0.012645
0.181833 0.006684 0.021126 0.029237 0.000010 0.024459 0.153258 0.583383 0.000010
0.284085 0.036605 0.000010 0.079844 0.026229 0.000010 0.088623 0.484584 0.000010
0.249635 0.000010 0.000010 0.062674 0.058936 0.000010 0.154856 0.468975 0.004894
0.000010 0.104381 0.000010 0.250335 0.000010 0.009309 0.196828 0.439107 0.000010
0.334091 0.067421 0.000010 0.002299 0.004299 0.000010 0.144659 0.447201 0.000010
0.108454 0.000010 0.019029 0.283658 0.013525 0.042285 0.316801 0.216228 0.000010
0.256842 0.054429 0.000010 0.116830 0.071738 0.000010 0.080146 0.373485 0.046510
0.322977 0.053867 0.015822 0.009335 0.000010 0.000010 0.047453 0.550517 0.000010
0.303854 0.043259 0.021838 0.122025 0.000010 0.000010 0.117696 0.391297 0.000010
0.126032 0.000010 0.000010 0.191070 0.000010 0.066909 0.168451 0.447499 0.000010
0.175266 0.000010 0.134285 0.008787 0.042991 0.000010 0.129065 0.509577 0.000010
0.167698 0.054100 0.000010 0.137011 0.184894 0.013789 0.005778 0.436710 0.000010
0.072249 0.029330 0.000010 0.223506 0.004530 0.000010 0.197594 0.472761 0.000010
0.299832 0.012525 0.000010 0.029860 0.017954 0.000010 0.182186 0.457613 0.000010
0.194577 0.037368 0.000010 0.139258 0.005761 0.000010 0.197882 0.425125 0.000010
0.186637 0.033479 0.000010 0.179239 0.000010 0.018081 0.190635 0.391899 0.000010
0.260188 0.081445 0.038851 0.000010 0.014300 0.000010 0.131901 0.473285 0.000010
0.087869 0.073325 0.108271 0.129925 0.000010 0.000010 0.160603 0.414581 0.025405
0.092566 0.127633 0.031942 0.200719 0.021609 0.000010 0.130377 0.390982 0.004163
0.260677 0.016578 0.159465 0.062011 0.000010 0.008988 0.133364 0.297696 0.061211
0.149228 0.000010 0.100909 0.175646 0.000010 0.000010 0.102164 0.472012 0.000010
0.074251 0.036153 0.081408 0.098375 0.000010 0.000010 0.201099 0.467493 0.041200
0.263084 0.000010 0.143640 0.168351 0.000010 0.009003 0.101348 0.276311 0.038242
0.229177 0.100821 0.003908 0.143563 0.000010 0.011115 0.104115 0.407282 0.000010
0.178860 0.000010 0.081691 0.180141 0.031289 0.000010 0.117534 0.410454 0.000010
0.271521 0.008183 0.043879 0.074078 0.000010 0.000010 0.104666 0.497642 0.000010
0.248217 0.027223 0.074078 0.000010 0.078402 0.000010 0.127592 0.400928 0.043540
0.250121 0.009496 0.099008 0.033815 0.000010 0.000010 0.121826 0.485704 0.000010
0.222777 0.000010 0.000010 0.000010 0.019387 0.094219 0.139995 0.523582 0.000010
0.020940 0.000010 0.000010 0.147394 0.108640 0.000010 0.175829 0.547157 0.000010
0.264358 0.069682 0.000010 0.021644 0.027920 0.016364 0.113540 0.486472 0.000010
0.154057 0.171370 0.114392 0.224433 0.105981 0.000010 0.001380 0.154114 0.074263
0.183575 0.017793 0.031012 0.129284 0.000010 0.060383 0.164278 0.413654 0.000010
0.106195 0.093078 0.188097 0.055506 0.000010 0.003065 0.000010 0.554030 0.000010
0.315824 0.089972 0.078102 0.063580 0.000010 0.000010 0.017272 0.403364 0.031866
0.086235 0.000010 0.019737 0.120732 0.019917 0.031347 0.122863 0.599149 0.000010
0.216906 0.000010 0.000010 0.181716 0.050555 0.000385 0.116965 0.433443 0.000010
0.064805 0.049656 0.017014 0.179818 0.000010 0.058012 0.156273 0.474402 0.000010
0.166271 0.000010 0.000010 0.175147 0.029744 0.000010 0.153495 0.453914 0.021399
0.150297 0.000010 0.053081 0.155674 0.036845 0.012979 0.172264 0.418839 0.000010
0.000010 0.000010 0.129111 0.093986 0.000010 0.010238 0.231055 0.535569 0.000010
0.168925 0.007949 0.102529 0.021316 0.000010 0.014944 0.115511 0.521723 0.047093
0.000010 0.027770 0.000010 0.001308 0.000010 0.387549 0.000010 0.000010 0.583324
0.000010 0.006617 0.000010 0.000010 0.000010 0.340799 0.000010 0.000010 0.652524
0.018346 0.000010 0.000010 0.000010 0.000010 0.407629 0.000010 0.000010 0.573965
0.030194 0.000010 0.000010 0.000010 0.000010 0.370055 0.000010 0.000010 0.599692
0.000010 0.000010 0.000010 0.000010 0.000010 0.287231 0.000010 0.000010 0.712699
0.005026 0.000010 0.000010 0.000010 0.000010 0.356060 0.000010 0.004458 0.634407
0.000013 0.009954 0.000010 0.026994 0.000010 0.451599 0.006617 0.000010 0.504793
0.000010 0.000010 0.004220 0.000010 0.000010 0.376595 0.000010 0.000010 0.619125
0.000010 0.000010 0.000010 0.000010 0.000010 0.255406 0.000010 0.001876 0.742658
0.000010 0.000010 0.000010 0.000010 0.000010 0.237688 0.039689 0.000010 0.722564
0.000010 0.000010 0.000010 0.000010 0.000010 0.276480 0.000010 0.000010 0.723450
0.000010 0.000010 0.000010 0.018443 0.000010 0.384463 0.000010 0.000010 0.597034
0.000010 0.000010 0.000010 0.077609 0.000010 0.422568 0.000010 0.000010 0.499763
0.000010 0.000010 0.000010 0.000010 0.000010 0.394481 0.000010 0.000010 0.605449
0.000010 0.000010 0.046070 0.000010 0.000010 0.298646 0.000010 0.000010 0.655224
0.003695 0.000010 0.000010 0.000010 0.000010 0.378090 0.000010 0.000010 0.618155
0.000010 0.000010 0.000010 0.000010 0.000010 0.365736 0.012758 0.000010 0.621445
0.000010 0.025182 0.003876 0.005227 0.000010 0.511646 0.000010 0.000010 0.454030
0.000010 0.000010 0.000010 0.030475 0.000010 0.394504 0.000010 0.000010 0.574961
0.000010 0.000010 0.000010 0.008826 0.000010 0.261451 0.000010 0.000010 0.729663
0.000010 0.000010 0.000010 0.000010 0.000010 0.390331 0.000010 0.000010 0.609599
0.000010 0.010292 0.038591 0.000010 0.000010 0.245594 0.000010 0.000010 0.705473
0.033415 0.000010 0.000010 0.000010 0.000010 0.380612 0.000010 0.000010 0.585914
0.000010 0.004463 0.019380 0.000010 0.000010 0.397938 0.000010 0.000010 0.578169
0.000010 0.003375 0.000010 0.000010 0.000010 0.338318 0.000010 0.000010 0.658247
0.017679 0.000010 0.000010 0.020538 0.000010 0.468070 0.008660 0.000010 0.485013
0.000010 0.017396 0.000010 0.000010 0.000010 0.368783 0.036013 0.000010 0.577759
0.004413 0.000010 0.000010 0.000010 0.000010 0.340300 0.000010 0.000010 0.655227
0.000010 0.000010 0.086783 0.000010 0.696342 0.022271 0.194554 0.000010 0.000010
0.314874 0.036558 0.000010 0.425046 0.000010 0.000010 0.000010 0.178411 0.045071
0.369581 0.096216 0.000010 0.287615 0.000010 0.000010 0.031198 0.215350 0.000010
0.347166 0.083116 0.031084 0.334317 0.000010 0.000010 0.000010 0.162157 0.042130
0.352729 0.031556 0.027026 0.350812 0.000010 0.000010 0.113571 0.124276 0.000010
0.368441 0.000010 0.000010 0.333721 0.078170 0.009029 0.069857 0.140752 0.000010
0.564087 0.000010 0.000010 0.224208 0.000010 0.000010 0.000010 0.211646 0.000010
0.451221 0.104392 0.000010 0.268581 0.000010 0.023559 0.000010 0.152208 0.000010
0.398050 0.000010 0.000010 0.293528 0.005352 0.055250 0.000010 0.247780 0.000010
0.398668 0.000010 0.000010 0.363449 0.001856 0.054527 0.011600 0.169871 0.000010
0.436285 0.000010 0.000010 0.238673 0.000010 0.016730 0.028350 0.279923 0.000010
0.470952 0.000010 0.000010 0.317892 0.000010 0.005456 0.000010 0.205651 0.000010
0.305929 0.000010 0.031720 0.452509 0.000010 0.000010 0.049701 0.130023 0.030088
0.375652 0.000010 0.077845 0.336078 0.028715 0.000010 0.038133 0.143547 0.000010
0.497261 0.000010 0.000010 0.273134 0.028555 0.016657 0.006754 0.177610 0.000010
0.332266 0.025325 0.000010 0.369209 0.069844 0.024957 0.000010 0.178369 0.000010
0.552801 0.000010 0.033319 0.200600 0.000010 0.006443 0.000010 0.206796 0.000010
0.553494 0.027261 0.000010 0.071933 0.000010 0.000010 0.000010 0.347262 0.000010
0.357915 0.059012 0.068615 0.236288 0.000010 0.000010 0.000010 0.278130 0.000010
0.394570 0.025113 0.031720 0.152794 0.053046 0.000010 0.007017 0.335720 0.000010
0.528029 0.000010 0.009273 0.322903 0.000225 0.000010 0.000010 0.139530 0.000010
0.412870 0.000010 0.000010 0.304871 0.000010 0.000010 0.000010 0.282199 0.000010
0.210298 0.031166 0.000010 0.400049 0.000010 0.000010 0.044938 0.313509 0.000010
0.487178 0.063024 0.000010 0.384770 0.000010 0.000010 0.000010 0.064978 0.000010
0.377506 0.000010 0.000010 0.239128 0.000010 0.046966 0.008014 0.328347 0.000010
0.397815 0.002871 0.000010 0.310823 0.000010 0.000010 0.113981 0.174470 0.000010
0.255470 0.038874 0.000010 0.454118 0.000010 0.004795 0.056064 0.190648 0.000010
0.279830 0.000010 0.062349 0.386932 0.020537 0.064283 0.045588 0.140461 0.000010
0.475965 0.033988 0.065421 0.275848 0.000010 0.000010 0.000010 0.105040 0.043707
0.000010 0.000010 0.000010 0.001919 0.930782 0.000010 0.034327 0.032923 0.000010
0.001813 0.000010 0.000010 0.000010 0.984103 0.000010 0.000010 0.014024 0.000010
0.000010 0.039988 0.000010 0.000010 0.959942 0.000010 0.000010 0.000010 0.000010
0.000010 0.000010 0.000010 0.000010 0.999920 0.000010 0.000010 0.000010 0.000010
0.000010 0.025197 0.190638 0.000010 0.597437 0.000010 0.175368 0.011320 0.000010
0.000010 0.000010 0.000010 0.000010 0.958866 0.000010 0.003157 0.037917 0.000010
0.000010 0.000010 0.000010 0.000010 0.955816 0.000010 0.044114 0.000010 0.000010
0.000010 0.022930 0.000010 0.002283 0.887454 0.011120 0.025249 0.050934 0.000010
0.000010 0.026591 0.000010 0.000010 0.924082 0.000010 0.000010 0.047489 0.001788
0.000010 0.000010 0.000010 0.008815 0.908785 0.000010 0.082340 0.000010 0.000010
0.000010 0.036697 0.000010 0.000010 0.929211 0.001746 0.032296 0.000010 0.000010
0.027107 0.000010 0.000010 0.000010 0.931646 0.000010 0.041187 0.000010 0.000010
0.000010 0.000010 0.000010 0.000010 0.914105 0.000010 0.037619 0.048217 0.000010
0.000010 0.000014 0.000010 0.000010 0.991765 0.000010 0.008161 0.000010 0.000010
0.000010 0.024810 0.000010 0.000010 0.963411 0.000010 0.011719 0.000010 0.000010
0.000010 0.000010 0.000010 0.000010 0.974094 0.000010 0.000010 0.023859 0.001986
0.039610 0.000010 0.000010 0.004937 0.955393 0.000010 0.000010 0.000010 0.000010
0.619251 0.000010 0.000010 0.000010 0.000010 0.054623 0.062757 0.263318 0.000010
0.615767 0.076608 0.000010 0.018338 0.000010 0.000010 0.000010 0.221743 0.067503
0.504131 0.014138 0.000010 0.115396 0.000010 0.039957 0.000010 0.284782 0.041566
0.558493 0.000010 0.000010 0.108161 0.000010 0.018207 0.014741 0.285356 0.015012
0.399175 0.000010 0.038424 0.272550 0.000010 0.051302 0.021825 0.140376 0.076329
0.538810 0.016974 0.000010 0.172757 0.000010 0.001379 0.049601 0.192719 0.027741
0.352102 0.025757 0.046606 0.162042 0.035033 0.022253 0.000010 0.356187 0.000010
0.532969 0.034173 0.000010 0.000010 0.002514 0.000010 0.000010 0.409904 0.020400
0.677330 0.000010 0.039349 0.000010 0.000010 0.000010 0.000010 0.283262 0.000010
0.408906 0.000010 0.033116 0.205798 0.000010 0.039299 0.026277 0.244057 0.042528
0.584491 0.009945 0.002038 0.199097 0.025912 0.062417 0.035603 0.080485 0.000010
0.443358 0.000010 0.000010 0.158475 0.000010 0.000010 0.077638 0.320479 0.000010
0.582159 0.011616 0.000010 0.097849 0.038567 0.000010 0.037711 0.231438 0.000640
0.529787 0.000010 0.000010 0.027994 0.000010 0.000010 0.019870 0.422298 0.000010
0.474875 0.000010 0.013671 0.156731 0.128607 0.000010 0.014023 0.152124 0.059949
0.552168 0.000010 0.000010 0.146987 0.000010 0.000010 0.000010 0.254236 0.046559
0.596071 0.000010 0.035482 0.059482 0.000010 0.000010 0.004538 0.251371 0.053025
0.435083 0.000010 0.000010 0.351755 0.000010 0.000010 0.041002 0.172110 0.000010
0.454370 0.000010 0.000010 0.003289 0.080489 0.000010 0.123269 0.264895 0.073659
0.508510 0.000010 0.000010 0.121673 0.081880 0.000010 0.000010 0.287887 0.000010
0.707168 0.000010 0.000010 0.000010 0.000010 0.000010 0.014934 0.277838 0.000010
0.441049 0.097397 0.000010 0.155207 0.082465 0.163747 0.000010 0.060105 0.000010
0.580623 0.000010 0.000010 0.099165 0.000010 0.015933 0.000010 0.304228 0.000010
0.546008 0.000010 0.000010 0.148512 0.061800 0.000010 0.000010 0.206287 0.037352
0.417526 0.080470 0.000010 0.155458 0.000010 0.000010 0.034642 0.305342 0.006532
0.567309 0.000010 0.027496 0.135610 0.039740 0.032859 0.000010 0.186289 0.010677
0.463030 0.000010 0.090467 0.213256 0.010466 0.000010 0.000010 0.174714 0.048038
0.495834 0.000010 0.026753 0.085649 0.046432 0.000010 0.000010 0.256865 0.088437
0.650422 0.071270 0.032580 0.020254 0.000010 0.000127 0.081795 0.087165 0.056376
0.555885 0.015035 0.000010 0.190102 0.000010 0.000010 0.000010 0.220122 0.018816
0.561173 0.000010 0.000010 0.107320 0.039805 0.000010 0.000010 0.291652 0.000010
0.567294 0.000010 0.000010 0.000010 0.000010 0.000010 0.039516 0.355176 0.037964
0.606735 0.015511 0.041277 0.084304 0.060530 0.000010 0.000010 0.191614 0.000010
0.471108 0.000010 0.000010 0.219199 0.013346 0.000010 0.000010 0.229775 0.066533
0.514488 0.013231 0.045670 0.194590 0.053370 0.000010 0.001155 0.169124 0.008363
0.502554 0.000010 0.000010 0.120741 0.028443 0.000010 0.057837 0.248991 0.041404
0.448459 0.000010 0.000010 0.175204 0.000010 0.000010 0.095390 0.280897 0.000010
0.651773 0.005346 0.010548 0.058123 0.000010 0.000010 0.012862 0.261318 0.000010
0.448656 0.000010 0.040526 0.180727 0.000010 0.002061 0.000010 0.327991 0.000010
0.654628 0.000010 0.002233 0.000010 0.059635 0.000010 0.003652 0.250605 0.029217
0.573123 0.043031 0.028310 0.119093 0.000010 0.031918 0.028138 0.116710 0.059666
0.672811 0.000010 0.000010 0.000010 0.000010 0.000010 0.078145 0.248984 0.000010
0.592194 0.000010 0.022620 0.060971 0.077301 0.000010 0.000010 0.073901 0.172983
0.423309 0.000010 0.000010 0.223879 0.000010 0.000010 0.000010 0.161534 0.191229
0.472843 0.000010 0.000010 0.131305 0.000010 0.013251 0.000010 0.239989 0.142571
0.676218 0.000010 0.052287 0.007581 0.004513 0.000010 0.044869 0.158933 0.055579
0.369171 0.000010 0.000010 0.098662 0.000010 0.022540 0.162591 0.236778 0.110227
0.668590 0.000010 0.001191 0.000010 0.000010 0.049701 0.000010 0.280468 0.000010
0.536432 0.000010 0.044152 0.000010 0.020137 0.000010 0.007254 0.185898 0.206097
0.418478 0.019055 0.000010 0.089527 0.020707 0.070449 0.000010 0.229668 0.152095
0.553199 0.078996 0.000010 0.002103 0.013647 0.051807 0.000010 0.289392 0.010836
0.537345 0.031097 0.000010 0.149940 0.020577 0.032319 0.000010 0.193646 0.035057
0.571186 0.000010 0.000010 0.050134 0.094027 0.000010 0.000010 0.251052 0.033561
0.628750 0.000010 0.000010 0.044352 0.022193 0.088509 0.079387 0.136778 0.000010
0.500497 0.000010 0.028115 0.063581 0.019486 0.020228 0.000010 0.200478 0.167594
0.071046 0.000010 0.030547 0.000010 0.095328 0.084147 0.000010 0.056636 0.662266
0.635037 0.005632 0.022434 0.000010 0.000010 0.000010 0.000010 0.205584 0.131273
0.524384 0.000010 0.000010 0.098436 0.116145 0.053647 0.000010 0.135953 0.071405
0.611444 0.000010 0.000010 0.000010 0.077018 0.020523 0.000010 0.223869 0.067106
0.549078 0.032509 0.097760 0.104619 0.022401 0.035459 0.000010 0.158153 0.000010
0.587257 0.000010 0.000010 0.019057 0.064717 0.000010 0.025412 0.207128 0.096400
0.674849 0.000010 0.000010 0.000010 0.000010 0.078596 0.038536 0.207969 0.000010
0.511935 0.000010 0.000010 0.142320 0.000010 0.045065 0.000010 0.300631 0.000010
0.404787 0.011560 0.033321 0.086554 0.000010 0.073980 0.016084 0.210520 0.163185
0.673517 0.000010 0.000010 0.042914 0.000010 0.029951 0.000010 0.253568 0.000010
0.601321 0.000010 0.000010 0.000010 0.098751 0.027839 0.003599 0.230788 0.037673
0.407549 0.000010 0.000010 0.000010 0.124092 0.039311 0.000010 0.173259 0.255749
0.509973 0.000010 0.000010 0.000010 0.058359 0.000010 0.066555 0.211797 0.153276
0.498513 0.000010 0.000010 0.000010 0.081490 0.065827 0.003997 0.161624 0.188520
0.607433 0.056132 0.000010 0.078350 0.069944 0.008921 0.000010 0.179191 0.000010
0.515799 0.000010 0.000010 0.081364 0.040462 0.000682 0.048665 0.197972 0.115037
0.501735 0.000010 0.014917 0.102855 0.119795 0.000010 0.086145 0.174524 0.000010
0.413391 0.017612 0.000010 0.146586 0.024485 0.016636 0.101298 0.175140 0.104844
0.499112 0.000010 0.000010 0.245986 0.000010 0.052188 0.000010 0.178952 0.023721
0.651865 0.000010 0.037568 0.034753 0.013221 0.000010 0.000010 0.186201 0.076362
0.569363 0.000010 0.000010 0.056130 0.000010 0.014729 0.006684 0.353055 0.000010
0.645186 0.041978 0.000010 0.000010 0.000010 0.003702 0.000010 0.257513 0.051582
0.575242 0.000010 0.067124 0.000010 0.014659 0.136527 0.034633 0.171786 0.000010
0.563877 0.000010 0.022548 0.014754 0.035967 0.000010 0.145968 0.190067 0.026797
0.644467 0.000010 0.018158 0.000010 0.000010 0.052122 0.096404 0.142024 0.046796
0.667909 0.000010 0.000010 0.009205 0.000010 0.000010 0.000010 0.237548 0.085288
0.652397 0.025125 0.067067 0.014531 0.028928 0.040716 0.000010 0.171216 0.000010
0.585016 0.000010 0.023579 0.158819 0.000010 0.047558 0.000010 0.184988 0.000010
0.725043 0.000010 0.082396 0.000010 0.000010 0.000010 0.000010 0.126631 0.065880
0.734033 0.000010 0.002056 0.040748 0.000010 0.024267 0.000010 0.198856 0.000010
0.712394 0.000010 0.000010 0.000010 0.000010 0.044939 0.000010 0.214650 0.027967
0.542157 0.063476 0.006676 0.000010 0.082712 0.000010 0.025128 0.266190 0.013642
0.001569 0.000010 0.000010 0.000010 0.817883 0.000010 0.180488 0.000010 0.000010
0.000010 0.000010 0.000010 0.000013 0.956253 0.000010 0.043674 0.000010 0.000010
0.000010 0.000010 0.074174 0.072201 0.767727 0.000010 0.085848 0.000010 0.000010
0.005635 0.000010 0.027292 0.000010 0.757573 0.000010 0.144126 0.065333 0.000010
0.007195 0.000010 0.022319 0.000016 0.861419 0.000010 0.109011 0.000010 0.000010
0.000010 0.026174 0.000010 0.000010 0.848992 0.000010 0.124773 0.000010 0.000010
0.000010 0.000010 0.096153 0.000010 0.818752 0.000010 0.085035 0.000010 0.000010
0.485267 0.015448 0.000010 0.329307 0.001691 0.000010 0.000010 0.168247 0.000010
0.505983 0.000010 0.030344 0.285233 0.000010 0.036412 0.000013 0.141986 0.000010
0.425238 0.015719 0.024331 0.274226 0.000010 0.000010 0.010055 0.250400 0.000010
0.747772 0.000010 0.000010 0.144601 0.000010 0.000010 0.000010 0.087074 0.020503
0.512644 0.056020 0.008704 0.166891 0.000010 0.000010 0.000010 0.255701 0.000010
0.414307 0.000010 0.000010 0.284071 0.000010 0.000010 0.000010 0.233031 0.068541
0.553896 0.014759 0.000010 0.133240 0.060082 0.000010 0.000010 0.237983 0.000010
0.493130 0.031975 0.000010 0.174369 0.151578 0.000010 0.012090 0.136828 0.000010
0.550036 0.058730 0.016917 0.110600 0.011833 0.000010 0.000010 0.251855 0.000010
0.588512 0.019894 0.000010 0.189492 0.005459 0.000010 0.014109 0.181997 0.000515
0.583369 0.000010 0.063512 0.055090 0.018440 0.000010 0.000010 0.279548 0.000010
0.648183 0.017322 0.006908 0.011684 0.012937 0.000010 0.032180 0.218126 0.052650
0.621742 0.012019 0.042942 0.048945 0.021364 0.000010 0.000010 0.236539 0.016431
0.486203 0.025276 0.011895 0.160209 0.000010 0.000010 0.000010 0.234954 0.081433
0.456322 0.000010 0.094956 0.087642 0.000010 0.000010 0.089391 0.175951 0.095707
0.442203 0.000010 0.000010 0.057925 0.000010 0.008998 0.000010 0.254949 0.235886
0.493700 0.039198 0.054444 0.013516 0.000010 0.049335 0.000010 0.296108 0.053679
0.501559 0.000010 0.000010 0.059059 0.000010 0.005923 0.000010 0.308731 0.124687
0.515837 0.000010 0.000010 0.084856 0.000010 0.049014 0.152902 0.145391 0.051971
0.560727 0.029079 0.000010 0.076164 0.066132 0.033897 0.000010 0.213492 0.020489
0.587087 0.000010 0.000010 0.150877 0.000010 0.012245 0.025719 0.015268 0.208775
0.554953 0.000010 0.028977 0.118329 0.000010 0.065124 0.000010 0.232577 0.000010
0.576561 0.005050 0.000010 0.024407 0.000010 0.000010 0.008051 0.385891 0.000010
0.513592 0.000010 0.050425 0.106040 0.000010 0.011331 0.000010 0.181809 0.136774
0.583661 0.000010 0.050350 0.026455 0.000010 0.074370 0.084472 0.180661 0.000010
0.521597 0.048727 0.043481 0.095927 0.000010 0.000010 0.004776 0.285462 0.000010
0.348956 0.021904 0.000010 0.077733 0.071115 0.022181 0.045025 0.095547 0.317530
0.514378 0.075253 0.037643 0.110656 0.000010 0.006815 0.000193 0.215059 0.039992
0.411255 0.000010 0.057599 0.161741 0.000010 0.033184 0.060709 0.275480 0.000010
0.589492 0.000010 0.000010 0.213893 0.000010 0.016351 0.000010 0.180215 0.000010
0.580481 0.061227 0.000010 0.000010 0.000010 0.000010 0.000010 0.358232 0.000010
0.639264 0.000010 0.130716 0.000010 0.000010 0.038548 0.000010 0.118488 0.072944
0.644224 0.000010 0.000010 0.000010 0.014253 0.043902 0.000010 0.229281 0.068299
0.510095 0.015555 0.000010 0.021214 0.000010 0.000010 0.059043 0.321815 0.072247
0.500276 0.027453 0.041715 0.095533 0.000010 0.000010 0.030902 0.179317 0.124784
0.000010 0.967719 0.011465 0.000010 0.000010 0.000010 0.000010 0.020756 0.000010
0.169567 0.484938 0.000010 0.148897 0.016565 0.053552 0.057009 0.069451 0.000010
0.000010 0.866935 0.003544 0.007547 0.001064 0.003445 0.042819 0.074627 0.000010
0.000010 0.877286 0.096930 0.000010 0.000010 0.000010 0.025724 0.000010 0.000010
0.000010 0.000010 0.537818 0.000010 0.000010 0.000010 0.315206 0.146917 0.000010
0.000010 0.000010 0.535429 0.000010 0.034839 0.000010 0.375634 0.000010 0.054049
0.000010 0.000010 0.324625 0.032442 0.024116 0.015746 0.510192 0.092848 0.000010
0.000010 0.000010 0.564443 0.000010 0.000010 0.000010 0.285506 0.149992 0.000010
0.024686 0.002847 0.433013 0.000010 0.000010 0.000010 0.414807 0.124607 0.000010
0.000010 0.037246 0.479031 0.061394 0.038766 0.000010 0.310969 0.000010 0.072564
0.002894 0.000010 0.401895 0.054937 0.000010 0.000010 0.419993 0.091241 0.029010
0.000010 0.000010 0.427326 0.000010 0.103886 0.006310 0.315258 0.097243 0.049948
0.013538 0.000010 0.420988 0.000010 0.000010 0.000679 0.417575 0.147180 0.000010
0.043500 0.000010 0.473602 0.000010 0.000010 0.011284 0.438880 0.032695 0.000010
0.487875 0.000010 0.090653 0.039982 0.000010 0.049551 0.056859 0.147155 0.127905
0.480922 0.060672 0.000010 0.040661 0.026827 0.051567 0.000010 0.246327 0.093004
0.592971 0.000010 0.000010 0.062598 0.000010 0.000010 0.019690 0.210505 0.114196
0.606383 0.107697 0.000010 0.058493 0.061484 0.000010 0.027861 0.095313 0.042750
0.399852 0.000010 0.009294 0.088799 0.000010 0.000010 0.009635 0.384571 0.107819
0.572640 0.000010 0.000010 0.054511 0.099118 0.000010 0.002714 0.268363 0.002625
0.431466 0.045308 0.000010 0.129645 0.000010 0.056944 0.072082 0.264525 0.000010
0.651858 0.000010 0.000010 0.006212 0.000010 0.000010 0.000010 0.204540 0.137340
0.405123 0.000010 0.138104 0.157716 0.000010 0.000010 0.084317 0.059554 0.155155
0.752780 0.000010 0.000010 0.000010 0.000010 0.000010 0.000010 0.247150 0.000010
0.379028 0.000010 0.000010 0.121591 0.017897 0.001652 0.023227 0.371976 0.084610
0.641223 0.084371 0.000010 0.000010 0.000010 0.000010 0.000010 0.216851 0.057504
0.553994 0.000185 0.106967 0.060256 0.000010 0.000329 0.000010 0.156980 0.121267
0.503913 0.037070 0.000010 0.000010 0.037221 0.053076 0.000010 0.221464 0.147226
0.583354 0.000010 0.000010 0.148614 0.000010 0.001980 0.000010 0.240755 0.025257
0.602622 0.081125 0.013781 0.069918 0.000010 0.000010 0.000010 0.107211 0.125312
0.692291 0.000010 0.000010 0.000010 0.061902 0.000010 0.037235 0.168455 0.040078
0.487221 0.000010 0.000010 0.042827 0.059778 0.000010 0.068715 0.263657 0.077773
0.521573 0.050192 0.000010 0.136374 0.000010 0.029872 0.031648 0.205743 0.024579
0.572521 0.000010 0.000010 0.013460 0.056212 0.052598 0.036469 0.167398 0.101323
0.594214 0.000010 0.006662 0.057259 0.000010 0.015877 0.000010 0.325948 0.000010
0.031996 0.062523 0.734471 0.000010 0.051670 0.000010 0.119299 0.000010 0.000010
0.000010 0.000010 0.657880 0.000010 0.101800 0.000010 0.221171 0.019098 0.000010
0.057193 0.005536 0.578913 0.000010 0.044862 0.000010 0.308082 0.005384 0.000010
0.000010 0.000010 0.688397 0.000010 0.020724 0.000010 0.290820 0.000010 0.000010
0.029581 0.178390 0.558675 0.000010 0.000010 0.000010 0.203837 0.029476 0.000010
0.000010 0.000010 0.682055 0.000010 0.119087 0.000010 0.198798 0.000010 0.000010
0.016404 0.000010 0.711312 0.000010 0.017407 0.013388 0.241449 0.000010 0.000010
0.000010 0.033792 0.653500 0.021234 0.039224 0.007067 0.233677 0.011485 0.000010
0.000010 0.000010 0.635685 0.000010 0.113259 0.017127 0.196696 0.000010 0.037193
0.000010 0.070331 0.615144 0.000010 0.012242 0.000010 0.302233 0.000010 0.000010
0.000010 0.076914 0.534897 0.000010 0.071789 0.000010 0.253499 0.062862 0.000010
0.026148 0.096076 0.652628 0.000010 0.047273 0.000010 0.112220 0.035049 0.030586
0.000010 0.020548 0.706166 0.000010 0.003629 0.000010 0.269607 0.000010 0.000010
0.000010 0.055859 0.654741 0.057840 0.000029 0.025623 0.205878 0.000010 0.000010
0.000010 0.024542 0.738613 0.000010 0.000010 0.000010 0.236785 0.000010 0.000010
0.000010 0.000010 0.619533 0.000010 0.113707 0.000010 0.211015 0.055696 0.000010
0.000010 0.018551 0.715367 0.028215 0.017514 0.010106 0.192926 0.012250 0.005062
0.000010 0.000010 0.605293 0.000010 0.099466 0.000010 0.295181 0.000010 0.000010
0.000010 0.000010 0.742279 0.000010 0.056979 0.000010 0.200682 0.000010 0.000010
0.000015 0.021327 0.684347 0.047537 0.085893 0.008540 0.152321 0.000010 0.000010
0.000010 0.000010 0.592197 0.000010 0.049284 0.000010 0.318340 0.040129 0.000010
0.000010 0.011965 0.619976 0.000010 0.113263 0.000010 0.254746 0.000010 0.000010
0.012086 0.014112 0.749046 0.000010 0.000010 0.000010 0.187781 0.036935 0.000010
0.013378 0.000010 0.748815 0.000010 0.000010 0.000010 0.213209 0.024548 0.000010
0.000010 0.000010 0.596960 0.000010 0.075871 0.000010 0.296398 0.030720 0.000010
0.000010 0.000010 0.725170 0.000010 0.000010 0.046577 0.210665 0.000010 0.017538
0.011901 0.050616 0.580309 0.079971 0.005266 0.030067 0.229281 0.012580 0.000010
0.000010 0.000010 0.723964 0.000010 0.000010 0.000010 0.275966 0.000010 0.000010
0.000010 0.000010 0.691550 0.000010 0.023207 0.000010 0.285183 0.000010 0.000010
0.072667 0.000010 0.604738 0.015762 0.060238 0.000010 0.246554 0.000010 0.000010
0.000010 0.000010 0.646079 0.041398 0.000010 0.000010 0.259114 0.053359 0.000010
0.000010 0.000010 0.577097 0.050383 0.059828 0.000010 0.312642 0.000010 0.000010
0.000010 0.000010 0.630975 0.000010 0.000010 0.000010 0.357683 0.011282 0.000010
0.047480 0.000010 0.457723 0.000859 0.080575 0.005930 0.407402 0.000010 0.000010
0.000010 0.000010 0.690212 0.000010 0.000010 0.000010 0.309718 0.000010 0.000010
0.000010 0.087253 0.580801 0.000010 0.000010 0.027244 0.283623 0.021039 0.000010
0.000010 0.000010 0.498989 0.092697 0.153398 0.000010 0.254865 0.000010 0.000010
0.000010 0.000010 0.593997 0.000010 0.000010 0.000010 0.405933 0.000010 0.000010
0.000010 0.004949 0.652284 0.000010 0.037807 0.000010 0.304910 0.000010 0.000010
0.027471 0.000010 0.000010 0.056722 0.830340 0.000010 0.085417 0.000010 0.000010
0.000010 0.022878 0.009615 0.022714 0.944741 0.000012 0.000010 0.000010 0.000010
0.000010 0.000010 0.573429 0.031875 0.068880 0.000010 0.325766 0.000010 0.000010
0.000010 0.000010 0.676572 0.000010 0.041084 0.000010 0.240020 0.000010 0.042273
0.362094 0.017591 0.000010 0.355156 0.096442 0.000010 0.007307 0.161381 0.000010
0.418896 0.073856 0.000010 0.344371 0.000010 0.023968 0.000010 0.138869 0.000010
0.404050 0.004102 0.039731 0.278670 0.000010 0.000010 0.000010 0.273406 0.000010
0.125272 0.000010 0.000010 0.383027 0.108876 0.000010 0.050525 0.332259 0.000010
0.198207 0.044907 0.017097 0.455015 0.027457 0.000010 0.000010 0.257287 0.000010
0.235401 0.126475 0.000010 0.393131 0.000010 0.013956 0.031336 0.199671 0.000010
0.256578 0.000010 0.008231 0.590576 0.000010 0.000010 0.009415 0.117387 0.017782
0.442441 0.000010 0.000557 0.246596 0.000010 0.000010 0.049602 0.260764 0.000010
0.208440 0.036467 0.027125 0.445135 0.004559 0.000010 0.020358 0.257894 0.000010
0.326936 0.042878 0.012317 0.367033 0.001970 0.000010 0.000010 0.240684 0.008162
0.275286 0.003004 0.000010 0.455909 0.061815 0.000010 0.021812 0.180284 0.001870
0.275973 0.037898 0.065816 0.324993 0.000010 0.000010 0.053450 0.237818 0.004030
0.429203 0.000010 0.000010 0.273315 0.000010 0.000010 0.026149 0.271283 0.000010
0.000010 0.000010 0.640831 0.000010 0.000010 0.000010 0.293735 0.065375 0.000010
0.000010 0.000010 0.579764 0.000010 0.000010 0.000010 0.420166 0.000010 0.000010
0.000010 0.009675 0.659932 0.000010 0.000010 0.000010 0.330333 0.000010 0.000010
0.000010 0.022611 0.727334 0.000010 0.074952 0.000010 0.175053 0.000010 0.000010
0.000010 0.000010 0.731126 0.000010 0.000010 0.000010 0.268804 0.000010 0.000010
0.000010 0.045787 0.646888 0.000010 0.000010 0.000010 0.307265 0.000010 0.000010
0.000010 0.000010 0.590455 0.000010 0.058331 0.000010 0.338089 0.013074 0.000010
0.002636 0.000010 0.511350 0.012729 0.000010 0.000010 0.446475 0.000010 0.026771
0.000010 0.051604 0.524022 0.000010 0.000010 0.040746 0.361833 0.021755 0.000010
0.000010 0.000010 0.524022 0.000010 0.105366 0.012485 0.358077 0.000010 0.000010
0.000010 0.054813 0.705414 0.029716 0.016490 0.000010 0.193527 0.000010 0.000010
0.000010 0.006283 0.680878 0.057610 0.000010 0.000010 0.228077 0.027113 0.000010
