0.267932 0.000010 0.025964 0.022913 0.052197 0.038844 0.000905 0.591226 0.000010
0.297550 0.000010 0.000010 0.000010 0.133447 0.000010 0.116472 0.452481 0.000010
0.248923 0.007014 0.041549 0.124491 0.026381 0.000010 0.109642 0.441980 0.000010
0.166231 0.000010 0.000010 0.192816 0.166257 0.000010 0.164169 0.310487 0.000010
0.288564 0.000010 0.152793 0.011483 0.007675 0.000010 0.094298 0.445157 0.000010
0.050092 0.000010 0.044033 0.000010 0.000010 0.115221 0.014227 0.465761 0.310635
0.359525 0.000010 0.000010 0.000010 0.035487 0.000010 0.062935 0.461048 0.080966
0.175243 0.000010 0.103346 0.187098 0.000010 0.000010 0.074131 0.460143 0.000010
0.227963 0.000010 0.012044 0.266552 0.000010 0.011344 0.129641 0.352426 0.000010
0.173119 0.000010 0.000010 0.142659 0.053987 0.003630 0.109805 0.345318 0.171463
0.276991 0.019612 0.031217 0.059330 0.011354 0.017552 0.020085 0.563657 0.000202
0.292348 0.095084 0.000010 0.133690 0.042500 0.030351 0.078569 0.327438 0.000010
0.405907 0.024410 0.104348 0.053053 0.000010 0.000010 0.048122 0.364131 0.000010
0.225410 0.038064 0.000010 0.000010 0.000010 0.057560 0.172072 0.506853 0.000010
0.305601 0.000010 0.000010 0.059681 0.000010 0.000010 0.178678 0.443625 0.012375
0.453756 0.044738 0.010194 0.000010 0.048550 0.000010 0.000010 0.442722 0.000010
0.275043 0.015118 0.017007 0.000010 0.013734 0.000010 0.154059 0.525010 0.000010
0.377242 0.083730 0.089750 0.017552 0.000010 0.002967 0.034205 0.394534 0.000010
0.347825 0.068765 0.007450 0.000010 0.011116 0.000010 0.053094 0.476202 0.035528
0.349816 0.038974 0.025694 0.027872 0.000010 0.000010 0.038064 0.519550 0.000010
0.423388 0.002876 0.000010 0.010336 0.055519 0.042907 0.040937 0.371764 0.052263
0.412917 0.053848 0.000010 0.052029 0.000010 0.000010 0.047590 0.433577 0.000010
0.293030 0.001647 0.102121 0.000010 0.006751 0.030510 0.082117 0.428525 0.055289
0.227133 0.010784 0.003870 0.040339 0.048770 0.000010 0.168444 0.500639 0.000010
0.294987 0.001910 0.008846 0.157125 0.044863 0.000010 0.218338 0.273911 0.000010
0.073589 0.008126 0.058690 0.267600 0.000010 0.000010 0.108670 0.483294 0.000010
0.329880 0.016326 0.135370 0.000010 0.072311 0.000010 0.008892 0.428620 0.008581
0.272340 0.022147 0.080931 0.075911 0.000010 0.065637 0.006508 0.318547 0.157969
0.380399 0.000010 0.032805 0.000010 0.040533 0.038495 0.012557 0.478398 0.016793
0.305705 0.039399 0.000010 0.079337 0.078737 0.000010 0.045638 0.363465 0.087699
0.536604 0.064862 0.017676 0.000010 0.000010 0.000010 0.034070 0.278448 0.068310
0.220883 0.000010 0.032914 0.000010 0.000010 0.061863 0.150488 0.533811 0.000010
0.172398 0.029991 0.000010 0.274485 0.031174 0.046932 0.077288 0.367712 0.000010
0.216796 0.085693 0.042421 0.085115 0.027003 0.000010 0.040247 0.502706 0.000010
0.220149 0.085531 0.138471 0.000010 0.000010 0.015921 0.113267 0.426630 0.000010
0.269119 0.007527 0.035744 0.090033 0.000010 0.000010 0.047196 0.550351 0.000010
0.329101 0.046623 0.000010 0.129133 0.109590 0.034894 0.081694 0.268945 0.000010
0.136189 0.000010 0.000010 0.003801 0.035500 0.079389 0.073696 0.557863 0.113542
0.187935 0.014721 0.107852 0.098317 0.000010 0.000010 0.000010 0.496564 0.094581
0.351616 0.083943 0.000010 0.000010 0.035067 0.039252 0.134707 0.355385 0.000010
0.329130 0.000010 0.021615 0.000010 0.000010 0.000010 0.108442 0.464182 0.076591
0.272663 0.000010 0.000010 0.044980 0.021395 0.000010 0.119704 0.541218 0.000010
0.259895 0.066529 0.091674 0.015181 0.032210 0.017013 0.035175 0.416653 0.065670
0.145623 0.000010 0.089840 0.044864 0.000010 0.000010 0.070308 0.605870 0.043465
0.294754 0.000010 0.000010 0.036725 0.000010 0.006558 0.099898 0.562025 0.000010
0.185104 0.000010 0.002849 0.143431 0.000010 0.036071 0.092506 0.495102 0.044918
0.158678 0.033583 0.085384 0.039057 0.000010 0.010491 0.064158 0.587638 0.021000
0.291865 0.069409 0.000010 0.140991 0.014534 0.000010 0.007902 0.475269 0.000010
0.082987 0.000010 0.352129 0.077333 0.068362 0.006477 0.185902 0.181214 0.045587
0.238034 0.037804 0.331867 0.079237 0.000010 0.000010 0.000441 0.312586 0.000010
0.090863 0.011320 0.305571 0.073247 0.008258 0.000010 0.238090 0.272630 0.000010
0.204638 0.057065 0.301928 0.080612 0.047092 0.000010 0.152288 0.105840 0.050527
0.057347 0.097419 0.081992 0.185826 0.033885 0.026314 0.149074 0.368134 0.000010
0.063352 0.059284 0.424620 0.083723 0.025645 0.000010 0.170773 0.172584 0.000010
0.210699 0.000010 0.257905 0.130134 0.003152 0.000010 0.163242 0.228069 0.006779
0.000010 0.062920 0.125257 0.094202 0.000010 0.000010 0.275304 0.442277 0.000010
0.360911 0.003966 0.320586 0.008534 0.000010 0.000010 0.198575 0.107398 0.000010
0.297190 0.021972 0.347694 0.059775 0.061203 0.000010 0.103229 0.060919 0.048009
0.258244 0.000010 0.329196 0.038875 0.000010 0.000010 0.063774 0.304755 0.005126
0.003149 0.140266 0.381734 0.160245 0.000010 0.000010 0.056008 0.258568 0.000010
0.185091 0.016895 0.290960 0.249686 0.000010 0.004292 0.116894 0.136160 0.000010
0.131852 0.088088 0.230033 0.182021 0.000010 0.011771 0.061594 0.294621 0.000010
0.278598 0.037466 0.039961 0.178673 0.136234 0.000010 0.074102 0.249405 0.005552
0.259794 0.015415 0.292783 0.005123 0.066066 0.021046 0.064727 0.275038 0.000010
0.137970 0.023524 0.295345 0.000010 0.020974 0.000010 0.166540 0.256155 0.099472
0.000010 0.000010 0.330971 0.103192 0.056667 0.000010 0.343052 0.156479 0.009610
0.048960 0.081584 0.405315 0.184682 0.000010 0.043539 0.022229 0.213670 0.000010
0.157577 0.035430 0.270535 0.186963 0.032686 0.000010 0.088070 0.228720 0.000010
0.094297 0.000010 0.550148 0.000010 0.000012 0.000010 0.147986 0.207517 0.000010
0.335721 0.090610 0.065116 0.103792 0.000010 0.000010 0.130302 0.254888 0.019552
0.280879 0.089180 0.005322 0.000010 0.004687 0.000010 0.000010 0.484666 0.135236
0.396785 0.002811 0.119891 0.050813 0.000010 0.013870 0.000010 0.415800 0.000010
0.415137 0.000010 0.000010 0.000010 0.022248 0.000951 0.091238 0.397111 0.073285
0.302299 0.041375 0.000010 0.000010 0.004897 0.024034 0.167467 0.451523 0.008385
0.242424 0.072483 0.010298 0.000010 0.006410 0.055984 0.116243 0.471365 0.024785
0.507729 0.000010 0.054597 0.000010 0.000010 0.000010 0.068743 0.343385 0.025505
0.261980 0.003447 0.041151 0.000010 0.000010 0.001313 0.018197 0.503611 0.170281
0.410831 0.000010 0.040581 0.000010 0.008319 0.043389 0.041906 0.372460 0.082495
0.440465 0.000010 0.162112 0.000010 0.010638 0.014687 0.043563 0.313342 0.015172
0.372485 0.030823 0.044795 0.000010 0.000010 0.000010 0.048476 0.503380 0.000010
0.307809 0.008982 0.000010 0.010133 0.063224 0.000010 0.116385 0.460419 0.033029
0.258454 0.000010 0.000010 0.000010 0.076812 0.051638 0.082006 0.383117 0.147943
0.297698 0.000010 0.084783 0.002106 0.039691 0.086141 0.075899 0.399840 0.013832
0.498883 0.110572 0.014928 0.000010 0.000010 0.000701 0.068271 0.306615 0.000010
0.330168 0.154423 0.000010 0.000010 0.076424 0.000010 0.058116 0.373283 0.007555
0.321601 0.000010 0.000010 0.000010 0.022707 0.000010 0.183119 0.472522 0.000010
0.205245 0.024668 0.052164 0.027635 0.134506 0.023576 0.076381 0.210425 0.245401
0.322292 0.052518 0.069526 0.000010 0.006826 0.022680 0.055853 0.324292 0.146002
0.367687 0.003109 0.000010 0.141525 0.000010 0.000010 0.076512 0.360570 0.050567
0.325799 0.000010 0.033747 0.000010 0.069800 0.037547 0.000010 0.533067 0.000010
0.361663 0.000010 0.035087 0.037456 0.075151 0.016910 0.000010 0.473703 0.000010
0.400904 0.018724 0.000010 0.004555 0.008095 0.000010 0.055283 0.512408 0.000010
0.412915 0.000741 0.101172 0.000010 0.083591 0.049722 0.049574 0.300450 0.001824
0.227365 0.094435 0.000010 0.047780 0.000010 0.024875 0.098468 0.507047 0.000010
0.134838 0.068070 0.079652 0.039055 0.021596 0.093791 0.072723 0.442368 0.047907
0.261825 0.000010 0.130470 0.070131 0.039922 0.048228 0.039854 0.409550 0.000010
0.293215 0.043260 0.000010 0.080345 0.061494 0.005506 0.186624 0.282554 0.046992
0.225236 0.000010 0.000010 0.128835 0.059612 0.000010 0.060796 0.480559 0.044933
0.255794 0.045109 0.036655 0.138751 0.024752 0.000010 0.123815 0.375104 0.000010
0.238392 0.043608 0.068583 0.041909 0.035201 0.037774 0.120881 0.413642 0.000010
0.277053 0.018888 0.000010 0.001711 0.036814 0.000010 0.137972 0.491918 0.035625
0.105040 0.000010 0.000010 0.005254 0.029056 0.000010 0.050994 0.219358 0.590267
0.257724 0.038777 0.038289 0.077724 0.101897 0.000010 0.041394 0.415936 0.028249
0.282367 0.093701 0.000014 0.000010 0.043654 0.000010 0.078821 0.470321 0.031102
0.348304 0.000010 0.047823 0.003988 0.000010 0.000010 0.163266 0.436579 0.000010
0.196407 0.053222 0.000010 0.001701 0.000662 0.000010 0.167838 0.580139 0.000010
0.328775 0.013200 0.000010 0.030835 0.071774 0.018409 0.172880 0.364108 0.000010
0.090517 0.082432 0.000010 0.071380 0.019914 0.000010 0.160647 0.575079 0.000010
0.160216 0.036864 0.036409 0.195655 0.021939 0.048731 0.068463 0.431713 0.000010
0.123926 0.013423 0.000010 0.129286 0.000010 0.019421 0.188961 0.524953 0.000010
0.245374 0.072535 0.000010 0.139161 0.087505 0.045266 0.153316 0.249677 0.007157
0.254393 0.057517 0.000010 0.014627 0.027626 0.000010 0.167153 0.478653 0.000010
0.232635 0.000010 0.125430 0.109524 0.000010 0.000010 0.183068 0.349302 0.000010
0.346408 0.000010 0.000010 0.000010 0.045164 0.002669 0.054435 0.551284 0.000010
0.176303 0.020217 0.105373 0.125756 0.000010 0.025233 0.088575 0.458523 0.000010
0.123361 0.076567 0.048303 0.077438 0.103638 0.004926 0.164198 0.393106 0.008463
0.187209 0.158894 0.056732 0.073316 0.000010 0.000010 0.105227 0.418593 0.000010
0.139954 0.000010 0.062534 0.127592 0.100717 0.007041 0.047178 0.514965 0.000010
0.278817 0.082872 0.000010 0.006100 0.000010 0.000492 0.063147 0.568543 0.000010
0.160139 0.007100 0.097579 0.208635 0.036990 0.042360 0.185135 0.262052 0.000010
0.373849 0.000010 0.169590 0.000010 0.000010 0.000010 0.000010 0.456501 0.000010
0.226238 0.032222 0.000010 0.102855 0.092164 0.000010 0.070715 0.471009 0.004777
0.132194 0.089655 0.000010 0.060672 0.020941 0.000010 0.178491 0.518016 0.000010
0.059070 0.000010 0.000010 0.171829 0.013075 0.000010 0.137736 0.618250 0.000010
0.199822 0.083890 0.101020 0.107804 0.000010 0.000010 0.082240 0.396321 0.028883
0.254991 0.071247 0.026072 0.110276 0.000010 0.000010 0.071180 0.466204 0.000010
0.251976 0.096184 0.041478 0.080124 0.000010 0.000010 0.058965 0.471243 0.000010
0.374130 0.087335 0.000010 0.036171 0.000010 0.000010 0.069049 0.433275 0.000010
0.203333 0.000010 0.065485 0.000010 0.006663 0.000010 0.079426 0.645053 0.000010
0.000010 0.026280 0.000010 0.178295 0.028466 0.000010 0.218653 0.548266 0.000010
0.200347 0.087439 0.000010 0.000010 0.000010 0.000010 0.144200 0.567964 0.000010
0.066080 0.000010 0.056802 0.112342 0.000010 0.002577 0.186605 0.519539 0.056034
0.164704 0.090062 0.066832 0.060850 0.046093 0.046991 0.073388 0.451072 0.000010
0.171950 0.031745 0.000010 0.284144 0.000010 0.000010 0.140709 0.371412 0.000010
0.287552 0.013398 0.085350 0.000010 0.000600 0.020769 0.120763 0.455131 0.016426
0.168335 0.093524 0.077811 0.025486 0.000010 0.000010 0.132200 0.452596 0.050027
0.147800 0.174586 0.000010 0.078969 0.039700 0.067798 0.004811 0.486316 0.000010
0.271579 0.059384 0.000010 0.029527 0.127487 0.024795 0.000010 0.487199 0.000010
0.193159 0.036871 0.000010 0.097440 0.000010 0.000010 0.213618 0.458872 0.000010
0.295263 0.019053 0.109468 0.000010 0.055270 0.000010 0.106451 0.360229 0.054247
0.276195 0.075258 0.008275 0.000010 0.062313 0.000010 0.016053 0.561877 0.000010
0.081094 0.030426 0.024711 0.083127 0.008959 0.000010 0.163357 0.608306 0.000010
0.231621 0.000010 0.227354 0.086165 0.005621 0.000010 0.052544 0.396666 0.000010
0.101013 0.013417 0.139833 0.178011 0.000010 0.000010 0.070452 0.497245 0.000010
0.209603 0.063294 0.007401 0.129773 0.079004 0.000010 0.096046 0.378344 0.036525
0.133069 0.024712 0.000010 0.327809 0.124400 0.000010 0.077838 0.296147 0.016005
0.065863 0.029810 0.044737 0.247820 0.000010 0.032168 0.122256 0.434613 0.022722
0.347665 0.061685 0.000010 0.034813 0.039468 0.054009 0.022538 0.439803 0.000010
0.155785 0.106753 0.000010 0.141521 0.000010 0.000010 0.081328 0.514573 0.000010
0.287709 0.010696 0.058179 0.132750 0.000010 0.000010 0.059044 0.451591 0.000010
0.183956 0.041616 0.108054 0.150107 0.003641 0.016973 0.000010 0.495633 0.000010
0.221436 0.000010 0.000010 0.142523 0.000010 0.000010 0.078756 0.557234 0.000010
0.154321 0.117631 0.022355 0.041999 0.000010 0.000010 0.130879 0.532785 0.000010
0.249630 0.116708 0.005590 0.229528 0.035834 0.023266 0.000010 0.339423 0.000010
0.165990 0.065592 0.032509 0.138809 0.018511 0.000010 0.095640 0.458697 0.024241
0.085325 0.000010 0.020566 0.223187 0.000010 0.000010 0.187120 0.479559 0.004213
0.112584 0.070504 0.000010 0.155018 0.004119 0.000010 0.182737 0.475008 0.000010
0.231064 0.000010 0.004330 0.058453 0.000010 0.000010 0.147648 0.558465 0.000010
0.080594 0.037507 0.044685 0.183733 0.039088 0.071956 0.098719 0.443709 0.000010
0.168501 0.048429 0.188731 0.089281 0.000010 0.039527 0.000010 0.441575 0.023937
0.000010 0.072624 0.000010 0.170744 0.001761 0.000010 0.098566 0.481798 0.174478
0.283712 0.000010 0.000010 0.072608 0.028945 0.004222 0.155800 0.454683 0.000010
0.210572 0.091181 0.171773 0.049341 0.003379 0.000010 0.029353 0.444382 0.000010
0.097726 0.044152 0.098567 0.114622 0.027829 0.000010 0.194116 0.422967 0.000010
0.135839 0.012338 0.092587 0.147500 0.000010 0.000010 0.094406 0.517300 0.000010
0.197779 0.048419 0.231825 0.000010 0.000010 0.033180 0.000010 0.470495 0.018272
0.121437 0.091571 0.110490 0.074144 0.055051 0.000010 0.162059 0.385229 0.000010
0.048608 0.067560 0.091604 0.000010 0.000010 0.000010 0.260230 0.531958 0.000010
0.211505 0.116598 0.055163 0.000010 0.057489 0.000010 0.058737 0.405539 0.094948
0.229787 0.095064 0.087266 0.064419 0.000010 0.009346 0.100089 0.414009 0.000010
0.185554 0.016213 0.162355 0.142002 0.000010 0.000010 0.067324 0.389400 0.037132
0.200348 0.000010 0.073307 0.025030 0.000010 0.065379 0.176065 0.459840 0.000010
0.213974 0.077874 0.071737 0.057379 0.050355 0.000010 0.221389 0.307272 0.000010
0.374331 0.017484 0.026584 0.000010 0.062347 0.000010 0.134196 0.385028 0.000010
0.163414 0.059971 0.027079 0.073097 0.000010 0.000010 0.221889 0.443099 0.011430
0.105632 0.035697 0.055006 0.076739 0.014801 0.000010 0.201060 0.511045 0.000010
0.165279 0.090881 0.025861 0.152566 0.000010 0.000010 0.230254 0.335128 0.000010
0.156337 0.066240 0.077673 0.157527 0.000010 0.000010 0.169041 0.373151 0.000010
0.177949 0.095046 0.000010 0.006285 0.055387 0.000010 0.188340 0.476964 0.000010
0.225019 0.122658 0.000010 0.103515 0.000010 0.024949 0.119709 0.404120 0.000010
0.074856 0.144678 0.000010 0.157827 0.000010 0.000010 0.198495 0.391649 0.032465
0.267372 0.000010 0.129678 0.110913 0.037048 0.035240 0.030642 0.269395 0.119702
0.149080 0.048464 0.009352 0.087713 0.005063 0.000010 0.208545 0.491763 0.000010
0.166807 0.000010 0.026044 0.032545 0.000010 0.000010 0.220996 0.487327 0.066251
0.268393 0.229690 0.064570 0.029480 0.000010 0.000010 0.032312 0.375525 0.000010
0.138738 0.051307 0.168799 0.000010 0.029845 0.000010 0.030867 0.580413 0.000010
0.111158 0.083883 0.088226 0.000010 0.000010 0.009360 0.116777 0.508211 0.082365
0.000010 0.000010 0.000010 0.000010 0.013451 0.382871 0.043727 0.000010 0.559900
0.034217 0.000010 0.000010 0.000010 0.000010 0.387299 0.000010 0.000010 0.578424
0.000010 0.025192 0.000010 0.017152 0.000010 0.307414 0.000010 0.008534 0.641669
0.033040 0.006349 0.000010 0.000010 0.000010 0.322168 0.000010 0.000010 0.638393
0.006692 0.000010 0.000010 0.000010 0.000010 0.406979 0.039280 0.010723 0.536286
0.000010 0.000010 0.066713 0.000010 0.000010 0.349785 0.004049 0.000010 0.579404
0.000010 0.005611 0.036884 0.000010 0.036819 0.444235 0.001617 0.000010 0.474804
0.000010 0.000010 0.000010 0.000010 0.028778 0.440693 0.009321 0.048897 0.472271
0.000010 0.000010 0.010418 0.000010 0.037471 0.302116 0.000010 0.000010 0.649945
0.000010 0.000010 0.000010 0.000010 0.031347 0.290913 0.093773 0.000010 0.583917
0.000010 0.028478 0.000010 0.000010 0.040199 0.275760 0.000010 0.000010 0.655513
0.000010 0.000010 0.000010 0.024155 0.000010 0.308982 0.008822 0.000163 0.657837
0.011012 0.000010 0.000010 0.000010 0.000010 0.405367 0.000010 0.028991 0.554579
0.038611 0.000010 0.000010 0.030209 0.000010 0.445018 0.000047 0.000010 0.486076
0.000010 0.000010 0.000010 0.000010 0.000010 0.362235 0.000010 0.018479 0.619226
0.000010 0.000010 0.000010 0.000010 0.000010 0.348248 0.055168 0.043230 0.553304
0.000010 0.000010 0.000010 0.000010 0.038522 0.315330 0.017929 0.000010 0.628169
0.000010 0.000010 0.000010 0.000030 0.000010 0.381306 0.081535 0.000010 0.537079
0.029952 0.000010 0.012199 0.000010 0.006840 0.292267 0.000010 0.000010 0.658701
0.000010 0.000010 0.000010 0.026262 0.000010 0.333201 0.002151 0.049527 0.588819
0.000010 0.000010 0.063486 0.000010 0.000010 0.375689 0.035294 0.000010 0.525481
0.000010 0.015057 0.009896 0.000010 0.000010 0.516184 0.000010 0.026704 0.432120
0.039279 0.000010 0.002810 0.000010 0.000010 0.375051 0.015789 0.000010 0.567030
0.000010 0.000010 0.000010 0.000010 0.043985 0.489721 0.000010 0.000010 0.466234
0.011506 0.027249 0.020253 0.000010 0.018745 0.417938 0.000010 0.000010 0.504279
0.056028 0.000010 0.000010 0.000010 0.000010 0.451744 0.000010 0.000010 0.492168
0.051668 0.000010 0.000010 0.000010 0.000010 0.384349 0.000010 0.037043 0.526890
0.014591 0.014295 0.000010 0.000010 0.000010 0.394185 0.000010 0.018067 0.558822
0.000010 0.000010 0.000010 0.000010 0.718055 0.000010 0.281875 0.000010 0.000010
0.695257 0.000010 0.000010 0.023389 0.000010 0.000010 0.000010 0.281294 0.000010
0.368479 0.157511 0.000010 0.242924 0.000010 0.000010 0.046613 0.184432 0.000010
0.491427 0.000010 0.079619 0.170203 0.011487 0.024288 0.000010 0.222947 0.000010
0.281851 0.000010 0.005640 0.415765 0.043499 0.033021 0.000010 0.207455 0.012751
0.500695 0.017247 0.000010 0.353697 0.031360 0.000010 0.000010 0.096961 0.000010
0.297049 0.025964 0.046941 0.351900 0.034037 0.000010 0.000010 0.244079 0.000010
0.227144 0.000010 0.000010 0.478869 0.000010 0.000010 0.000010 0.293927 0.000010
0.441132 0.044536 0.000010 0.192979 0.064568 0.000010 0.000010 0.256745 0.000010
0.277658 0.037698 0.061529 0.328175 0.000010 0.004399 0.072499 0.218021 0.000010
0.561349 0.000010 0.000010 0.133376 0.004785 0.000010 0.023355 0.241791 0.035313
0.416635 0.000010 0.095569 0.253450 0.084482 0.000010 0.000010 0.149824 0.000010
0.265156 0.090959 0.000010 0.493174 0.059056 0.000010 0.000010 0.091615 0.000010
0.496945 0.021230 0.000010 0.285411 0.000010 0.000010 0.000010 0.160850 0.035524
0.487719 0.084821 0.000010 0.216601 0.003392 0.000010 0.023147 0.184289 0.000010
0.527153 0.028897 0.012813 0.260870 0.024793 0.000010 0.000010 0.141918 0.003536
0.417025 0.038103 0.000010 0.321459 0.047732 0.025431 0.000010 0.150220 0.000010
0.506127 0.064628 0.049262 0.187994 0.008921 0.000010 0.026172 0.156876 0.000010
0.437795 0.000010 0.113898 0.289395 0.016287 0.000010 0.000010 0.142586 0.000010
0.396832 0.022251 0.000010 0.364567 0.068420 0.009421 0.000010 0.138479 0.000010
0.430725 0.020334 0.085289 0.285879 0.065935 0.035795 0.000010 0.076022 0.000010
0.457193 0.026361 0.039125 0.263846 0.005387 0.000010 0.000010 0.208059 0.000010
0.295832 0.000010 0.007814 0.360216 0.070948 0.034366 0.033858 0.196946 0.000010
0.315867 0.067637 0.000010 0.400553 0.056357 0.000010 0.006542 0.153015 0.000010
0.437768 0.000010 0.000010 0.170752 0.000010 0.000010 0.078061 0.313369 0.000010
0.327792 0.000010 0.000010 0.274910 0.107097 0.000010 0.000010 0.272261 0.017900
0.511369 0.000010 0.002986 0.232786 0.042050 0.000010 0.000010 0.210769 0.000010
0.349510 0.032512 0.000010 0.302890 0.074865 0.000010 0.074455 0.165738 0.000010
0.426073 0.009796 0.002656 0.297303 0.000010 0.000010 0.044519 0.206380 0.013252
0.000010 0.000010 0.000010 0.018768 0.945217 0.000010 0.035955 0.000010 0.000010
0.000010 0.000010 0.000010 0.000010 0.999920 0.000010 0.000010 0.000010 0.000010
0.025850 0.000010 0.000010 0.000010 0.959414 0.000010 0.011767 0.000010 0.002919
0.000011 0.000010 0.007118 0.000010 0.961835 0.010331 0.000010 0.020664 0.000010
0.017287 0.027120 0.023994 0.000010 0.931549 0.000010 0.000010 0.000010 0.000010
0.005609 0.000010 0.000010 0.000010 0.994321 0.000010 0.000010 0.000010 0.000010
0.000010 0.000010 0.000010 0.000010 0.986476 0.000010 0.000010 0.013454 0.000010
0.000010 0.000010 0.018308 0.000010 0.974171 0.000010 0.000010 0.007461 0.000010
0.000010 0.006445 0.000010 0.000010 0.993485 0.000010 0.000010 0.000010 0.000010
0.000010 0.000010 0.000010 0.000010 0.962950 0.000010 0.036980 0.000010 0.000010
0.000010 0.000010 0.024532 0.000010 0.968894 0.000011 0.000010 0.000010 0.006514
0.000010 0.000010 0.000010 0.000010 0.934359 0.006113 0.042048 0.000010 0.017429
0.000010 0.032231 0.000020 0.000010 0.909242 0.000011 0.000010 0.058456 0.000010
0.000010 0.040680 0.000010 0.000010 0.959250 0.000010 0.000010 0.000010 0.000010
0.000010 0.008792 0.000010 0.000010 0.991138 0.000010 0.000010 0.000010 0.000010
0.000010 0.000010 0.000014 0.000010 0.962349 0.000010 0.037577 0.000010 0.000010
0.000010 0.000010 0.011577 0.009161 0.969445 0.000010 0.009766 0.000010 0.000010
0.450698 0.078594 0.000010 0.000010 0.000010 0.000010 0.145960 0.324697 0.000010
0.564641 0.000010 0.000010 0.102647 0.000010 0.000010 0.000010 0.332651 0.000010
0.544622 0.000010 0.074491 0.217329 0.032915 0.000010 0.041835 0.088778 0.000010
0.470313 0.000010 0.000010 0.155131 0.000010 0.025684 0.000010 0.348822 0.000010
0.709171 0.001260 0.012567 0.000010 0.000010 0.000010 0.000010 0.235469 0.041494
0.558293 0.000010 0.021004 0.085879 0.025631 0.000010 0.000010 0.304980 0.004183
0.558473 0.051608 0.000010 0.089319 0.000010 0.000010 0.000010 0.300550 0.000010
0.581334 0.052138 0.000010 0.045200 0.007423 0.021295 0.000010 0.292579 0.000010
0.547465 0.005715 0.000010 0.045053 0.010149 0.040587 0.000010 0.325648 0.025364
0.355715 0.036889 0.000010 0.096449 0.000010 0.002744 0.000010 0.376440 0.131733
0.456905 0.026124 0.028698 0.002536 0.012321 0.000010 0.012203 0.351419 0.109784
0.408655 0.066081 0.000010 0.108009 0.000010 0.000010 0.000010 0.402240 0.014976
0.630178 0.000010 0.000010 0.050297 0.029347 0.000010 0.051980 0.225134 0.013034
0.417747 0.003054 0.000010 0.238223 0.000010 0.000011 0.000010 0.293591 0.047344
0.552176 0.000010 0.013268 0.147619 0.000010 0.008316 0.013346 0.223061 0.042194
0.398828 0.000010 0.003659 0.106952 0.032573 0.013889 0.036021 0.404295 0.003774
0.537476 0.025779 0.000010 0.103001 0.000010 0.000010 0.000010 0.333694 0.000010
0.447096 0.035836 0.000010 0.183407 0.000010 0.021775 0.009766 0.193167 0.108934
0.635007 0.000010 0.000010 0.030597 0.000011 0.000010 0.030853 0.295950 0.007551
0.421214 0.000010 0.000010 0.192767 0.000010 0.000010 0.000010 0.361510 0.024459
0.515143 0.000010 0.056167 0.049646 0.025565 0.047312 0.032231 0.251784 0.022143
0.522158 0.054005 0.000010 0.056613 0.000010 0.022090 0.000010 0.322442 0.022663
0.467065 0.075368 0.000010 0.199791 0.000010 0.000010 0.000010 0.257725 0.000010
0.577293 0.000010 0.136911 0.000010 0.018634 0.022441 0.000010 0.244682 0.000010
0.428490 0.000010 0.031600 0.089675 0.000010 0.025517 0.000010 0.420679 0.004010
0.576809 0.021557 0.019487 0.000010 0.014662 0.000010 0.000010 0.367445 0.000010
0.678751 0.000010 0.034064 0.005748 0.041745 0.025890 0.061653 0.152129 0.000010
0.674709 0.092124 0.000010 0.000010 0.023224 0.000010 0.037485 0.160251 0.012176
0.529082 0.006217 0.000010 0.070688 0.062817 0.000010 0.000010 0.331156 0.000010
0.519675 0.000010 0.011639 0.072563 0.018553 0.000010 0.000010 0.377530 0.000010
0.629838 0.000010 0.000010 0.000010 0.018709 0.091586 0.027908 0.231918 0.000010
0.468138 0.000010 0.042071 0.114268 0.000010 0.074068 0.006314 0.289728 0.005392
0.527610 0.000010 0.000010 0.043380 0.018312 0.000010 0.023807 0.386850 0.000010
0.474334 0.070668 0.000010 0.022983 0.099606 0.000010 0.000010 0.332370 0.000010
0.485585 0.014050 0.052897 0.111183 0.083744 0.000010 0.009158 0.220664 0.022710
0.440525 0.138371 0.000010 0.083819 0.000010 0.000010 0.000010 0.324766 0.012478
0.406884 0.000010 0.125249 0.075165 0.040730 0.000010 0.000010 0.254350 0.097591
0.700877 0.000010 0.000010 0.077497 0.010917 0.000010 0.000010 0.210659 0.000010
0.605140 0.014825 0.000010 0.080073 0.000010 0.010286 0.001305 0.288340 0.000010
0.331054 0.000010 0.000010 0.235566 0.000010 0.018651 0.092729 0.272412 0.049558
0.541362 0.016329 0.000010 0.045284 0.000010 0.000010 0.045522 0.351462 0.000010
0.545839 0.000010 0.000010 0.129630 0.059310 0.063378 0.000010 0.201803 0.000010
0.617682 0.000010 0.000010 0.000010 0.000010 0.037264 0.064089 0.147571 0.133354
0.600169 0.013577 0.076684 0.097274 0.060185 0.037293 0.000010 0.114797 0.000010
0.551687 0.000010 0.000010 0.000010 0.000010 0.092176 0.000010 0.319481 0.036606
0.560826 0.017012 0.019176 0.028313 0.000010 0.000010 0.088662 0.246094 0.039897
0.562593 0.000010 0.077583 0.164787 0.080941 0.000010 0.000010 0.114057 0.000010
0.597467 0.000010 0.058913 0.000010 0.005241 0.053439 0.000010 0.274363 0.010547
0.565773 0.000010 0.000010 0.070812 0.071233 0.000010 0.000010 0.258606 0.033536
0.481222 0.016762 0.000010 0.032628 0.000010 0.000010 0.052321 0.417028 0.000010
0.444643 0.138690 0.000010 0.036233 0.000010 0.000010 0.064484 0.210891 0.105029
0.407250 0.024024 0.000010 0.097126 0.062937 0.000010 0.023618 0.239943 0.145083
0.480192 0.000010 0.000010 0.205240 0.016365 0.024452 0.000010 0.252418 0.021303
0.690510 0.000010 0.051291 0.000010 0.035079 0.009330 0.000010 0.086639 0.127121
0.541997 0.046600 0.032521 0.000010 0.000010 0.000010 0.000010 0.240199 0.138643
0.118437 0.000010 0.000010 0.013678 0.000010 0.212818 0.000010 0.131391 0.523636
0.513521 0.017081 0.000010 0.000010 0.010272 0.000010 0.000010 0.213442 0.245644
0.589935 0.000010 0.000010 0.016459 0.000010 0.088729 0.000010 0.304828 0.000010
0.549525 0.000010 0.000010 0.000010 0.008621 0.055770 0.000180 0.263884 0.121990
0.557840 0.038752 0.000010 0.002422 0.039637 0.000010 0.067618 0.174567 0.119145
0.490090 0.000010 0.000010 0.000010 0.080123 0.023720 0.000010 0.234544 0.171483
0.561438 0.000010 0.050517 0.000010 0.000010 0.000010 0.021410 0.270916 0.095679
0.533282 0.000010 0.000010 0.000010 0.000010 0.041020 0.031905 0.277866 0.115888
0.424210 0.014473 0.000010 0.047673 0.000010 0.000010 0.000010 0.291822 0.221781
0.703648 0.127527 0.025477 0.000010 0.062893 0.000010 0.000010 0.032832 0.047593
0.459444 0.025341 0.000010 0.131956 0.123458 0.000010 0.000010 0.155994 0.103777
0.402634 0.082431 0.006877 0.068586 0.006587 0.000010 0.000010 0.328411 0.104455
0.484512 0.000010 0.025828 0.000010 0.000010 0.000010 0.000010 0.384230 0.105380
0.348321 0.000010 0.047416 0.068974 0.037205 0.070548 0.000010 0.136657 0.290858
0.711834 0.000010 0.039836 0.016733 0.000010 0.029828 0.066176 0.132688 0.002884
0.537993 0.046161 0.036311 0.037225 0.046205 0.008354 0.008443 0.204306 0.075002
0.553558 0.031839 0.018506 0.012796 0.000010 0.051976 0.000010 0.244082 0.087224
0.627538 0.000010 0.021319 0.000010 0.000010 0.000010 0.000010 0.198551 0.152542
0.549826 0.000010 0.000010 0.034705 0.000010 0.032152 0.012102 0.207842 0.163344
0.538180 0.120550 0.000010 0.039302 0.054684 0.000010 0.026468 0.193792 0.027004
0.526716 0.000010 0.000010 0.016224 0.021380 0.000010 0.017317 0.291529 0.126803
0.513422 0.078201 0.000830 0.051901 0.000010 0.000010 0.024698 0.239654 0.091275
0.616659 0.074061 0.000010 0.000013 0.000010 0.000010 0.000010 0.263040 0.046186
0.687012 0.008833 0.005943 0.000010 0.000010 0.000010 0.000010 0.261039 0.037132
0.381877 0.001487 0.000010 0.000010 0.060878 0.086659 0.000010 0.176240 0.292829
0.469109 0.010993 0.000010 0.042713 0.000010 0.067238 0.000010 0.309334 0.100582
0.476218 0.039860 0.000010 0.030382 0.000010 0.047632 0.000010 0.324928 0.080951
0.508398 0.000010 0.000010 0.002268 0.055312 0.073060 0.000010 0.245255 0.115677
0.618837 0.000010 0.032601 0.000010 0.000010 0.000010 0.000010 0.299131 0.049382
0.651935 0.085232 0.000010 0.039739 0.000501 0.000010 0.000010 0.164575 0.057989
0.570656 0.072988 0.000010 0.062330 0.014514 0.008828 0.017482 0.100361 0.152832
0.364992 0.026136 0.000010 0.160994 0.000010 0.000010 0.038199 0.198462 0.211187
0.000010 0.000010 0.088993 0.000010 0.760052 0.000010 0.150895 0.000010 0.000010
0.021251 0.022813 0.000010 0.020321 0.804861 0.000010 0.130713 0.000010 0.000010
0.000010 0.000010 0.078381 0.000010 0.776549 0.023021 0.121999 0.000010 0.000010
0.000010 0.000010 0.043645 0.000010 0.782793 0.017713 0.155798 0.000010 0.000010
0.000010 0.000010 0.002424 0.000010 0.904325 0.000010 0.093191 0.000010 0.000010
0.000012 0.000010 0.002489 0.000010 0.714125 0.000010 0.283324 0.000010 0.000010
0.000010 0.000010 0.000010 0.000010 0.811824 0.000010 0.188106 0.000010 0.000010
0.538138 0.000010 0.000010 0.151655 0.000010 0.000010 0.068076 0.242081 0.000010
0.498636 0.000010 0.000010 0.235240 0.081114 0.000010 0.000010 0.184960 0.000010
0.513440 0.000010 0.099737 0.250748 0.006117 0.000010 0.014942 0.114986 0.000010
0.688667 0.075981 0.020103 0.046027 0.000010 0.044443 0.000010 0.124749 0.000010
0.523303 0.043946 0.000010 0.218910 0.060080 0.000010 0.021850 0.131880 0.000010
0.637636 0.000010 0.009548 0.204190 0.000334 0.000010 0.000010 0.148253 0.000010
0.534268 0.004717 0.000010 0.349063 0.000010 0.000010 0.029090 0.082821 0.000010
0.456295 0.025106 0.128169 0.331069 0.000010 0.000010 0.028404 0.030926 0.000010
0.690220 0.000010 0.047851 0.094541 0.000010 0.000010 0.000010 0.167338 0.000010
0.477006 0.047135 0.000010 0.292595 0.027630 0.000010 0.000010 0.155594 0.000010
0.638778 0.000010 0.024498 0.071613 0.000010 0.000010 0.025663 0.239408 0.000010
0.557896 0.066471 0.000010 0.000010 0.121826 0.003649 0.020455 0.191095 0.038588
0.538632 0.050730 0.000010 0.000010 0.170119 0.040276 0.041572 0.080687 0.077963
0.468339 0.000010 0.019541 0.000010 0.047955 0.000010 0.056127 0.407999 0.000010
0.604077 0.031350 0.099425 0.000010 0.000010 0.000010 0.008940 0.256167 0.000010
0.504452 0.000010 0.004389 0.000010 0.068145 0.000010 0.000010 0.369875 0.053100
0.490907 0.056377 0.000010 0.111886 0.019141 0.012286 0.001619 0.235090 0.072684
0.528682 0.000010 0.119091 0.000010 0.000010 0.000010 0.038385 0.228176 0.085625
0.434754 0.000010 0.041035 0.038354 0.041920 0.016823 0.000010 0.321557 0.105536
0.424902 0.035994 0.112953 0.048954 0.000010 0.066296 0.001204 0.309677 0.000010
0.611565 0.000010 0.000010 0.084360 0.000431 0.001043 0.000010 0.280655 0.021916
0.550135 0.011429 0.000010 0.013170 0.114353 0.019504 0.055327 0.236062 0.000010
0.432619 0.037823 0.000010 0.016177 0.069534 0.000010 0.056990 0.302717 0.084120
0.632980 0.014652 0.083107 0.021695 0.000010 0.042147 0.092248 0.106152 0.007009
0.587856 0.000010 0.006240 0.000010 0.000010 0.000010 0.000010 0.325414 0.080441
0.435966 0.074313 0.026623 0.102725 0.000010 0.000010 0.000010 0.257225 0.103118
0.334141 0.000010 0.059449 0.072232 0.002318 0.047148 0.010950 0.136102 0.337650
0.587882 0.003284 0.088328 0.000010 0.000010 0.008944 0.000010 0.287375 0.024157
0.489952 0.030223 0.132609 0.048725 0.005960 0.000010 0.000010 0.282402 0.010108
0.539394 0.000017 0.000010 0.118522 0.048458 0.000010 0.030636 0.262943 0.000010
0.476127 0.000010 0.000010 0.007596 0.126057 0.058235 0.000010 0.300862 0.031094
0.576435 0.000010 0.000010 0.051999 0.010443 0.058094 0.053395 0.241383 0.008231
0.433583 0.000010 0.000010 0.000010 0.074494 0.000010 0.000010 0.412612 0.079260
0.688065 0.025003 0.011653 0.000010 0.000010 0.085193 0.019784 0.109274 0.061008
0.473286 0.051101 0.000010 0.105000 0.000010 0.093914 0.000010 0.202834 0.073835
0.000010 0.943284 0.000010 0.000010 0.000010 0.000010 0.000010 0.022386 0.034270
0.000010 0.798997 0.119589 0.000010 0.000010 0.000010 0.000010 0.017922 0.063442
0.000014 0.874868 0.097790 0.000010 0.000010 0.000010 0.000010 0.027278 0.000010
0.000010 0.920639 0.008808 0.000010 0.000010 0.005098 0.000010 0.065405 0.000010
0.010289 0.004770 0.566497 0.000010 0.000010 0.000010 0.296339 0.122065 0.000010
0.000010 0.030442 0.520256 0.000010 0.082489 0.005676 0.310529 0.050578 0.000010
0.009069 0.075270 0.517881 0.000010 0.052637 0.000010 0.326660 0.018453 0.000010
0.000010 0.000010 0.462778 0.003637 0.001884 0.000010 0.357992 0.173669 0.000010
0.000010 0.000791 0.458344 0.045093 0.085130 0.000010 0.380602 0.010147 0.019873
0.070479 0.056352 0.513176 0.000010 0.000010 0.000010 0.321943 0.035043 0.002977
0.067152 0.013722 0.407129 0.000010 0.012255 0.000010 0.325940 0.173772 0.000010
0.000010 0.000010 0.492924 0.084997 0.006202 0.000010 0.415827 0.000010 0.000010
0.000010 0.000010 0.483570 0.000010 0.084098 0.000010 0.356591 0.075692 0.000010
0.000010 0.000010 0.422416 0.017403 0.045366 0.000010 0.363408 0.125205 0.026173
0.607241 0.000010 0.047228 0.062264 0.000010 0.000010 0.000010 0.245446 0.037780
0.559298 0.000010 0.079784 0.029469 0.058741 0.093162 0.000010 0.150298 0.029227
0.546149 0.080526 0.066846 0.000010 0.073048 0.000010 0.000010 0.138797 0.094604
0.470254 0.000010 0.011451 0.000010 0.036154 0.016973 0.062576 0.270641 0.131931
0.458595 0.100205 0.070929 0.000010 0.000010 0.039073 0.000010 0.293741 0.037427
0.629225 0.000010 0.000010 0.000010 0.000010 0.041920 0.000010 0.277721 0.051084
0.593012 0.000010 0.020785 0.118506 0.000010 0.000010 0.000010 0.223401 0.044255
0.543158 0.000010 0.017086 0.087230 0.004007 0.000010 0.006118 0.342370 0.000010
0.448287 0.053406 0.058225 0.013981 0.005533 0.000010 0.012787 0.330542 0.077230
0.521841 0.000010 0.007058 0.000010 0.000010 0.000010 0.098083 0.345245 0.027734
0.544407 0.000010 0.000010 0.000010 0.017914 0.053762 0.000010 0.383868 0.000010
0.430184 0.068975 0.000010 0.191950 0.057324 0.076881 0.024641 0.087293 0.062743
0.415194 0.099651 0.000010 0.095828 0.067279 0.000010 0.044689 0.273355 0.003983
0.405093 0.022777 0.000010 0.132170 0.073934 0.000010 0.135677 0.164451 0.065878
0.580496 0.016808 0.000010 0.153649 0.075516 0.000010 0.000010 0.172322 0.001178
0.536237 0.000010 0.000010 0.127716 0.039482 0.000010 0.000010 0.263313 0.033212
0.496188 0.032300 0.000010 0.045506 0.029903 0.063905 0.000010 0.225010 0.107168
0.596701 0.067587 0.000257 0.111234 0.093885 0.000010 0.000010 0.130307 0.000010
0.550927 0.055197 0.000010 0.000010 0.010634 0.062331 0.000010 0.264227 0.056654
0.524883 0.017488 0.000010 0.000010 0.010244 0.000010 0.055196 0.110651 0.281507
0.647434 0.029636 0.000010 0.000010 0.052025 0.012770 0.000010 0.246539 0.011566
0.000010 0.000010 0.596152 0.000010 0.030970 0.000010 0.237506 0.102649 0.032682
0.000010 0.064549 0.500818 0.025495 0.000010 0.000010 0.370741 0.038357 0.000010
0.000010 0.030287 0.603357 0.000010 0.033930 0.000010 0.332375 0.000010 0.000010
0.000010 0.000010 0.711103 0.000010 0.000010 0.000010 0.279797 0.009041 0.000010
0.000010 0.043337 0.595591 0.008097 0.071964 0.000010 0.174140 0.106841 0.000010
0.000010 0.063379 0.579761 0.000010 0.000010 0.000010 0.328531 0.000010 0.028279
0.000010 0.000010 0.712604 0.000010 0.014676 0.000010 0.218714 0.050637 0.003327
0.000010 0.000010 0.716215 0.074541 0.106673 0.000010 0.074224 0.000010 0.028307
0.000010 0.083125 0.592361 0.020435 0.047119 0.000010 0.256920 0.000010 0.000010
0.000010 0.031670 0.868644 0.001194 0.000010 0.000010 0.098443 0.000010 0.000010
0.000010 0.008894 0.671428 0.012387 0.026258 0.000010 0.280994 0.000010 0.000010
0.000010 0.129860 0.634060 0.000010 0.000010 0.000010 0.222914 0.000010 0.013115
0.000010 0.000010 0.816025 0.000010 0.000010 0.000010 0.126922 0.056993 0.000010
0.000010 0.037391 0.634533 0.000010 0.000010 0.000010 0.277263 0.050763 0.000010
0.000010 0.000010 0.727325 0.000010 0.000010 0.067630 0.198260 0.000010 0.006736
0.000010 0.033847 0.696770 0.000010 0.000010 0.048666 0.167396 0.029299 0.023992
0.000010 0.080025 0.628221 0.000010 0.043769 0.005064 0.242882 0.000010 0.000010
0.043850 0.056823 0.642670 0.000010 0.038797 0.000010 0.195073 0.000010 0.022756
0.035682 0.000010 0.766640 0.000010 0.026853 0.000010 0.148297 0.022489 0.000010
0.033766 0.060370 0.688614 0.000010 0.031198 0.000010 0.186012 0.000010 0.000010
0.000010 0.011846 0.664709 0.000010 0.027560 0.000010 0.295835 0.000010 0.000010
0.000010 0.012636 0.565169 0.023318 0.161569 0.000010 0.211371 0.000010 0.025907
0.000010 0.000010 0.721870 0.000010 0.004277 0.000010 0.236717 0.037086 0.000010
0.000010 0.000010 0.689725 0.000010 0.013272 0.000010 0.296943 0.000010 0.000010
0.042215 0.078108 0.648140 0.000010 0.000010 0.000010 0.145242 0.086255 0.000010
0.000010 0.000010 0.673624 0.000010 0.053975 0.000010 0.272341 0.000010 0.000010
0.000010 0.000010 0.619351 0.000010 0.000010 0.000010 0.380579 0.000010 0.000010
0.000010 0.114989 0.614461 0.000010 0.000010 0.000010 0.270491 0.000010 0.000010
0.000010 0.023133 0.659405 0.029843 0.000010 0.000010 0.287570 0.000010 0.000010
0.033837 0.005515 0.568147 0.000010 0.000010 0.000010 0.378824 0.013636 0.000010
0.041030 0.068366 0.599640 0.000010 0.000010 0.000010 0.266517 0.000010 0.024406
0.000010 0.045655 0.561969 0.000010 0.062429 0.000010 0.275987 0.032283 0.021648
0.000010 0.000010 0.695706 0.000010 0.000010 0.019266 0.273725 0.011252 0.000010
0.000010 0.000010 0.634280 0.000010 0.047673 0.000010 0.317987 0.000010 0.000010
0.000010 0.092878 0.647325 0.000010 0.000010 0.043537 0.216210 0.000010 0.000010
0.000010 0.000010 0.636153 0.000010 0.000010 0.000010 0.363777 0.000010 0.000010
0.000010 0.000010 0.562901 0.000010 0.000010 0.000010 0.437029 0.000010 0.000010
0.049721 0.009772 0.692319 0.000010 0.000010 0.000010 0.248139 0.000010 0.000010
0.000010 0.021207 0.652486 0.015964 0.000010 0.000010 0.292581 0.017721 0.000010
0.000010 0.000010 0.009155 0.000010 0.826165 0.026134 0.138495 0.000010 0.000010
0.000010 0.000010 0.042341 0.000010 0.885981 0.000010 0.071618 0.000010 0.000010
0.000010 0.000010 0.667841 0.000010 0.000010 0.028634 0.248859 0.054616 0.000010
0.000010 0.006705 0.716773 0.000010 0.112652 0.000010 0.142936 0.020894 0.000010
0.273973 0.035502 0.000010 0.430564 0.000010 0.000010 0.147458 0.112463 0.000010
0.463759 0.081510 0.000010 0.147734 0.002557 0.007354 0.050084 0.240215 0.006778
0.177155 0.081716 0.000010 0.411064 0.004140 0.000010 0.118635 0.204021 0.003249
0.212897 0.000010 0.000011 0.557704 0.065487 0.000010 0.000010 0.163861 0.000010
0.371712 0.090794 0.032672 0.267031 0.050064 0.000010 0.000010 0.187698 0.000010
0.228950 0.083338 0.021053 0.439290 0.020275 0.037058 0.013371 0.156655 0.000010
0.383282 0.083622 0.000010 0.346005 0.021734 0.000010 0.026323 0.139003 0.000010
0.168813 0.069757 0.002439 0.454095 0.000010 0.000010 0.000010 0.304856 0.000010
0.474037 0.071375 0.000010 0.185019 0.000320 0.000010 0.044424 0.224795 0.000010
0.184312 0.042702 0.010808 0.404414 0.000010 0.066504 0.018393 0.272847 0.000010
0.242126 0.000010 0.000010 0.251489 0.122897 0.000010 0.031288 0.352160 0.000010
0.310339 0.009504 0.035003 0.335883 0.000010 0.000010 0.000010 0.309231 0.000010
0.420858 0.018164 0.000010 0.223217 0.011503 0.028018 0.000010 0.298210 0.000010
0.032398 0.017258 0.701344 0.000010 0.000010 0.000010 0.243847 0.005113 0.000010
0.000010 0.020905 0.601747 0.010373 0.041822 0.005783 0.309420 0.009930 0.000010
0.000010 0.047086 0.642767 0.000010 0.055076 0.000010 0.255020 0.000010 0.000010
0.049826 0.000010 0.732785 0.000010 0.000010 0.000010 0.210582 0.006757 0.000010
0.000010 0.010707 0.625338 0.000010 0.000010 0.000010 0.362296 0.000010 0.001610
0.000010 0.017516 0.761630 0.000010 0.000010 0.000010 0.208128 0.000010 0.012676
0.000010 0.000010 0.586269 0.000010 0.086867 0.000521 0.326292 0.000010 0.000010
0.000010 0.000010 0.624592 0.000010 0.008962 0.000010 0.366386 0.000010 0.000010
0.000010 0.000010 0.662997 0.000010 0.046149 0.000010 0.290795 0.000010 0.000010
0.000010 0.000010 0.575926 0.013911 0.067876 0.000010 0.314038 0.028208 0.000010
0.000010 0.000010 0.659443 0.000010 0.022616 0.000010 0.241820 0.076071 0.000010
0.000010 0.033120 0.652804 0.000010 0.023059 0.009743 0.244921 0.036324 0.000010
