0.384844 0.032416 0.000010 0.000010 0.000010 0.000010 0.141991 0.436487 0.004223
0.247854 0.096520 0.000010 0.153702 0.043083 0.000010 0.048082 0.410728 0.000010
0.266892 0.068739 0.096056 0.000010 0.000010 0.000010 0.034375 0.488603 0.045306
0.227608 0.056025 0.000010 0.141520 0.000010 0.011403 0.086946 0.373770 0.102708
0.041865 0.069984 0.000010 0.085762 0.108550 0.005466 0.087588 0.580112 0.020664
0.179554 0.000010 0.009678 0.122855 0.013109 0.049063 0.066903 0.523380 0.035448
0.358475 0.000010 0.038574 0.000010 0.000010 0.000010 0.135800 0.467100 0.000010
0.363257 0.149405 0.025248 0.032122 0.000010 0.000010 0.065803 0.364135 0.000010
0.548004 0.012060 0.110424 0.000010 0.000010 0.000010 0.000010 0.329462 0.000010
0.477689 0.000010 0.070430 0.083283 0.006577 0.000010 0.000010 0.262807 0.099184
0.344307 0.000010 0.175594 0.000010 0.000010 0.002652 0.020726 0.449344 0.007346
0.326606 0.000010 0.069137 0.144884 0.003263 0.000010 0.000010 0.456070 0.000010
0.072060 0.055393 0.000010 0.107683 0.055716 0.000010 0.096497 0.545730 0.066901
0.184908 0.024975 0.029208 0.000010 0.018018 0.038930 0.092498 0.437373 0.174079
0.200791 0.000010 0.000010 0.080901 0.018295 0.031095 0.183908 0.440630 0.044359
0.329372 0.098606 0.058377 0.000010 0.000010 0.000010 0.000010 0.479358 0.034248
0.368472 0.012965 0.054746 0.000010 0.000010 0.000581 0.019669 0.412513 0.131034
0.394020 0.131304 0.028898 0.000010 0.000010 0.006404 0.067950 0.371394 0.000010
0.307097 0.165043 0.020415 0.012323 0.046680 0.000010 0.013187 0.420939 0.014306
0.196196 0.082456 0.026328 0.017939 0.021988 0.000010 0.156001 0.417146 0.081937
0.040998 0.049655 0.121970 0.139506 0.000010 0.000010 0.041627 0.606214 0.000010
0.499498 0.060541 0.000010 0.044119 0.022995 0.072463 0.001827 0.298538 0.000010
0.279274 0.048836 0.033815 0.029578 0.090760 0.043795 0.000010 0.083631 0.390301
0.198223 0.000010 0.130741 0.038673 0.000010 0.000010 0.094685 0.537638 0.000010
0.169904 0.103222 0.046333 0.251644 0.014806 0.000010 0.022404 0.391667 0.000010
0.299223 0.085269 0.026648 0.048900 0.047096 0.022349 0.021706 0.448798 0.000010
0.249468 0.077682 0.009634 0.000010 0.035019 0.000010 0.103074 0.525093 0.000010
0.419273 0.018058 0.042641 0.038552 0.000010 0.000220 0.091585 0.352257 0.037405
0.229736 0.128335 0.028002 0.000010 0.000010 0.000010 0.128706 0.460685 0.024506
0.385351 0.000010 0.040261 0.064378 0.000010 0.000010 0.077655 0.432316 0.000010
0.353356 0.012857 0.041078 0.002228 0.000010 0.000010 0.000010 0.497188 0.093261
0.305306 0.000010 0.088214 0.000010 0.000010 0.000010 0.086295 0.458453 0.061693
0.359971 0.000010 0.079824 0.077324 0.060205 0.000010 0.015333 0.399356 0.007968
0.287860 0.000010 0.060929 0.216601 0.000010 0.070644 0.102645 0.261292 0.000010
0.062272 0.089113 0.038240 0.010833 0.078104 0.000010 0.270983 0.382378 0.068068
0.399039 0.000010 0.084334 0.000010 0.010485 0.042226 0.002327 0.461559 0.000010
0.346774 0.094147 0.022236 0.026969 0.000010 0.000010 0.098539 0.411305 0.000010
0.302947 0.019742 0.188723 0.051337 0.000010 0.000010 0.085598 0.351622 0.000010
0.350631 0.094485 0.014750 0.099855 0.000010 0.038700 0.000010 0.384842 0.016717
0.346204 0.032586 0.009133 0.008396 0.000010 0.036332 0.041922 0.477858 0.047558
0.353542 0.014267 0.125052 0.060021 0.032471 0.003362 0.092743 0.318532 0.000010
0.346509 0.065933 0.000010 0.000010 0.000010 0.000010 0.000010 0.587497 0.000010
0.274949 0.145269 0.006068 0.026115 0.000010 0.000010 0.056146 0.459247 0.032186
0.292563 0.000010 0.141528 0.132988 0.000010 0.034678 0.081007 0.317208 0.000010
0.366618 0.000010 0.046202 0.000010 0.000010 0.000010 0.105807 0.481323 0.000010
0.225502 0.022798 0.000010 0.040292 0.038184 0.000010 0.000010 0.632481 0.040713
0.334248 0.000010 0.054065 0.000010 0.036512 0.000010 0.036101 0.451891 0.087153
0.292759 0.000010 0.000010 0.000010 0.058293 0.000010 0.085771 0.563127 0.000010
0.000010 0.002209 0.438290 0.039520 0.068536 0.000010 0.140989 0.214484 0.095951
0.134907 0.000010 0.380757 0.053562 0.016762 0.000010 0.252052 0.161929 0.000010
0.098810 0.012745 0.461085 0.052532 0.005128 0.000010 0.211127 0.113580 0.044984
0.000010 0.065052 0.382252 0.104391 0.015728 0.000010 0.268889 0.149775 0.013894
0.181315 0.004998 0.171920 0.189552 0.000010 0.000010 0.129554 0.322631 0.000010
0.047748 0.000010 0.599508 0.000010 0.000010 0.017527 0.248972 0.086205 0.000010
0.098101 0.000010 0.399055 0.107384 0.099280 0.000010 0.120579 0.152744 0.022837
0.009431 0.087640 0.460647 0.023518 0.000010 0.000010 0.220562 0.161328 0.036853
0.000010 0.000010 0.531255 0.076629 0.014572 0.000010 0.242393 0.135111 0.000010
0.000010 0.083966 0.249465 0.204405 0.000010 0.001362 0.138751 0.269495 0.052538
0.118486 0.054768 0.357828 0.000010 0.000010 0.000010 0.213537 0.255342 0.000010
0.188617 0.030664 0.178978 0.000010 0.057506 0.000010 0.152708 0.391497 0.000010
0.051139 0.024153 0.395883 0.094988 0.131374 0.000010 0.108374 0.194068 0.000010
0.000010 0.000010 0.325771 0.238582 0.114757 0.007283 0.000010 0.313567 0.000010
0.352396 0.000010 0.350305 0.058849 0.000010 0.000010 0.104465 0.133945 0.000010
0.050362 0.046669 0.482691 0.048031 0.073620 0.001344 0.174994 0.122279 0.000010
0.028123 0.000010 0.717939 0.000010 0.012379 0.000010 0.144030 0.087759 0.009740
0.057144 0.036897 0.378942 0.101035 0.134044 0.000010 0.144920 0.094138 0.052870
0.032274 0.035620 0.374434 0.055788 0.000010 0.021208 0.257184 0.223473 0.000010
0.155413 0.039550 0.498476 0.017030 0.032669 0.000010 0.040008 0.188016 0.028827
0.286891 0.169255 0.317602 0.012732 0.000010 0.000010 0.026436 0.187053 0.000010
0.244754 0.020858 0.279679 0.000010 0.104527 0.037029 0.119851 0.193283 0.000010
0.297383 0.038957 0.095198 0.040011 0.000010 0.000010 0.049160 0.189280 0.289991
0.338653 0.075931 0.000010 0.000010 0.000010 0.064749 0.079996 0.440631 0.000010
0.387381 0.024154 0.006723 0.041427 0.114760 0.000010 0.000010 0.425525 0.000010
0.458292 0.058100 0.000010 0.000010 0.040215 0.000010 0.000010 0.443343 0.000010
0.174661 0.106146 0.019489 0.076685 0.000010 0.058257 0.060172 0.504571 0.000010
0.196373 0.023172 0.063045 0.030228 0.007069 0.045581 0.056187 0.362883 0.215461
0.275677 0.000010 0.000010 0.031174 0.042218 0.022614 0.099097 0.395966 0.133234
0.549598 0.044485 0.000010 0.000010 0.057969 0.000010 0.000010 0.218464 0.129444
0.200896 0.000010 0.061088 0.087417 0.000010 0.039339 0.097686 0.358371 0.155183
0.295645 0.000010 0.000010 0.074499 0.000010 0.003253 0.205266 0.421297 0.000010
0.122520 0.000010 0.133640 0.000010 0.021918 0.000010 0.238445 0.483437 0.000010
0.190227 0.067260 0.049973 0.030618 0.000010 0.072676 0.085925 0.406570 0.096741
0.088823 0.029594 0.000010 0.218732 0.092874 0.000010 0.067456 0.434357 0.068144
0.418480 0.000010 0.000010 0.000010 0.050346 0.008065 0.015326 0.443678 0.064075
0.135867 0.009277 0.111116 0.000010 0.000010 0.079888 0.150004 0.513818 0.000010
0.241331 0.053512 0.057319 0.020250 0.000010 0.000010 0.129885 0.330252 0.167431
0.235140 0.055637 0.011415 0.000010 0.045363 0.139377 0.000010 0.294794 0.218254
0.506230 0.011214 0.000010 0.000010 0.000010 0.017101 0.000010 0.460622 0.004792
0.238176 0.045846 0.207111 0.000010 0.012228 0.014121 0.033276 0.449223 0.000010
0.249430 0.000010 0.000010 0.205895 0.000010 0.000010 0.039872 0.453899 0.050864
0.326776 0.065745 0.000010 0.016024 0.000010 0.000010 0.092245 0.398514 0.100668
0.294155 0.058649 0.000010 0.013398 0.083921 0.000010 0.000010 0.496178 0.053668
0.239244 0.134652 0.000010 0.000010 0.007985 0.000010 0.067871 0.501000 0.049218
0.359392 0.046099 0.000010 0.063017 0.000010 0.000010 0.000010 0.490964 0.040487
0.352071 0.004572 0.055970 0.085995 0.000010 0.000010 0.121124 0.326701 0.053547
0.056202 0.101680 0.000010 0.000010 0.013090 0.000010 0.284720 0.513922 0.030355
0.237920 0.028480 0.062881 0.020744 0.000010 0.000010 0.119220 0.476814 0.053922
0.146285 0.000010 0.018661 0.000010 0.000010 0.000010 0.276983 0.558022 0.000010
0.184038 0.000010 0.108005 0.046089 0.000010 0.000010 0.175654 0.468454 0.017730
0.000010 0.029278 0.085190 0.254082 0.000010 0.000010 0.130375 0.501034 0.000010
0.060961 0.071053 0.073179 0.059315 0.000010 0.000010 0.121924 0.401442 0.212106
0.076082 0.014595 0.000010 0.041987 0.000010 0.000010 0.172929 0.265296 0.429082
0.073379 0.036595 0.036999 0.094222 0.014383 0.000010 0.184412 0.493669 0.066331
0.281904 0.000010 0.000010 0.000010 0.000010 0.000010 0.159386 0.558650 0.000010
0.213866 0.117101 0.000010 0.048041 0.000010 0.007588 0.090481 0.522893 0.000010
0.225257 0.035589 0.000010 0.218759 0.000010 0.000010 0.070350 0.450005 0.000010
0.057162 0.011712 0.000010 0.247126 0.004712 0.044803 0.176692 0.457772 0.000010
0.313511 0.000010 0.014366 0.007281 0.029576 0.038012 0.000010 0.553653 0.043581
0.054613 0.000010 0.046285 0.204511 0.000010 0.000010 0.197441 0.497109 0.000010
0.200930 0.063631 0.005689 0.069887 0.000010 0.017997 0.124543 0.517305 0.000010
0.191863 0.186189 0.000010 0.150354 0.000010 0.000010 0.064946 0.406608 0.000010
0.171160 0.024027 0.000010 0.000010 0.000010 0.000010 0.158815 0.645948 0.000010
0.224539 0.000010 0.069228 0.154287 0.023054 0.000010 0.030918 0.497943 0.000010
0.292797 0.000010 0.000010 0.120398 0.155590 0.023510 0.000010 0.403637 0.004038
0.277977 0.098036 0.000010 0.089312 0.000010 0.013653 0.089885 0.392922 0.038194
0.307880 0.000010 0.000010 0.102754 0.121080 0.000010 0.035933 0.410705 0.021618
0.182339 0.000010 0.000010 0.064427 0.000010 0.000010 0.314936 0.438247 0.000010
0.391277 0.010857 0.000010 0.089797 0.086878 0.065163 0.000010 0.355999 0.000010
0.000010 0.124875 0.014003 0.000010 0.064426 0.000010 0.121880 0.674776 0.000010
0.265143 0.000010 0.107827 0.090214 0.008186 0.069323 0.000010 0.458117 0.001169
0.360826 0.045092 0.030440 0.050309 0.000010 0.000010 0.109228 0.404074 0.000010
0.116115 0.115392 0.043730 0.196225 0.068684 0.000010 0.017431 0.415047 0.027365
0.000010 0.000609 0.178958 0.065341 0.000010 0.000010 0.263296 0.443144 0.048622
0.147270 0.058807 0.000010 0.157623 0.000010 0.000010 0.098001 0.538258 0.000010
0.325537 0.010303 0.009681 0.124588 0.000010 0.002512 0.073263 0.422177 0.031930
0.339113 0.054356 0.000010 0.198838 0.000010 0.000010 0.000010 0.407644 0.000010
0.309151 0.022810 0.000010 0.028040 0.023991 0.000010 0.096131 0.509518 0.010339
0.369084 0.000010 0.044904 0.045395 0.000010 0.008499 0.093694 0.438395 0.000010
0.199134 0.000010 0.000010 0.075925 0.001754 0.000010 0.235780 0.483014 0.004364
0.170426 0.000010 0.054183 0.065431 0.101325 0.000010 0.121428 0.487178 0.000010
0.281988 0.127125 0.013236 0.106147 0.015785 0.000010 0.154243 0.301456 0.000010
0.202048 0.000010 0.134724 0.097144 0.000010 0.000010 0.123494 0.442550 0.000010
0.180792 0.000010 0.000010 0.089470 0.001768 0.000010 0.213076 0.514854 0.000010
0.232190 0.070611 0.045466 0.019869 0.000010 0.033941 0.032637 0.565266 0.000010
0.101885 0.086055 0.026015 0.006973 0.000010 0.000010 0.248034 0.512991 0.018027
0.303962 0.000010 0.023257 0.000010 0.043808 0.000010 0.128610 0.500323 0.000010
0.267959 0.001582 0.000010 0.051176 0.000010 0.000010 0.159700 0.519543 0.000010
0.284218 0.000010 0.091579 0.016952 0.000010 0.000010 0.146994 0.460217 0.000010
0.331542 0.033782 0.101082 0.117018 0.023421 0.022306 0.064548 0.306291 0.000010
0.208392 0.046989 0.027401 0.078188 0.000010 0.044722 0.077889 0.516398 0.000010
0.296308 0.056233 0.019959 0.000010 0.042035 0.002442 0.103207 0.479606 0.000200
0.246285 0.003250 0.034701 0.000010 0.000010 0.020013 0.127001 0.568721 0.000010
0.186352 0.116640 0.000010 0.131957 0.000010 0.051108 0.173313 0.340599 0.000010
0.259942 0.000010 0.229178 0.323708 0.000010 0.000010 0.031378 0.155753 0.000010
0.101842 0.100407 0.000010 0.124780 0.000010 0.000010 0.158676 0.514255 0.000010
0.066241 0.000010 0.023302 0.189423 0.000010 0.103577 0.098399 0.511232 0.007805
0.286672 0.134618 0.096414 0.091716 0.000010 0.000010 0.021634 0.368916 0.000010
0.227813 0.085505 0.039908 0.210565 0.000010 0.000010 0.000010 0.436170 0.000010
0.061587 0.147427 0.022735 0.132320 0.000010 0.000010 0.138697 0.497205 0.000010
0.129914 0.058148 0.046754 0.323195 0.000010 0.000010 0.049144 0.392070 0.000756
0.141257 0.072069 0.018934 0.172467 0.000010 0.000010 0.148400 0.377827 0.069026
0.000010 0.000010 0.090400 0.094228 0.000010 0.052863 0.124195 0.577319 0.060966
0.162491 0.119595 0.146237 0.139873 0.000010 0.010695 0.104060 0.317029 0.000010
0.121357 0.012304 0.153963 0.139258 0.000010 0.062063 0.046579 0.464456 0.000010
0.144173 0.000010 0.142719 0.310904 0.000010 0.000010 0.091533 0.310631 0.000010
0.197000 0.147804 0.109432 0.122068 0.000010 0.027032 0.043001 0.349544 0.004110
0.095283 0.040194 0.000010 0.110063 0.047643 0.019773 0.175945 0.511078 0.000010
0.378750 0.000010 0.164754 0.201933 0.000010 0.000572 0.058694 0.195267 0.000010
0.111308 0.053203 0.103536 0.271949 0.000010 0.031107 0.149714 0.236834 0.042340
0.213765 0.002050 0.092166 0.004173 0.000010 0.067250 0.199198 0.421379 0.000010
0.212087 0.109032 0.000010 0.097397 0.002329 0.040794 0.065860 0.472481 0.000010
0.130340 0.076005 0.004598 0.188923 0.018790 0.000010 0.119206 0.424461 0.037668
0.105726 0.000010 0.139191 0.040937 0.065917 0.000010 0.188089 0.367472 0.092648
0.176276 0.000010 0.066288 0.009096 0.000010 0.000010 0.217670 0.530630 0.000010
0.064521 0.033232 0.075721 0.061010 0.000010 0.000010 0.165788 0.599697 0.000010
0.046100 0.000010 0.194559 0.113521 0.027151 0.000010 0.072463 0.546176 0.000010
0.286779 0.064534 0.000010 0.122240 0.081074 0.000010 0.156608 0.288735 0.000010
0.003386 0.059472 0.133082 0.290177 0.130215 0.011542 0.072166 0.284183 0.015777
0.278398 0.000010 0.125446 0.000010 0.000010 0.000010 0.059928 0.464672 0.071517
0.244348 0.000010 0.000010 0.121501 0.009084 0.000010 0.183481 0.441547 0.000010
0.115739 0.000010 0.246594 0.165918 0.081580 0.000010 0.065708 0.288843 0.035597
0.197466 0.096530 0.153564 0.103626 0.000010 0.000010 0.130476 0.318308 0.000010
0.052807 0.062041 0.236807 0.010391 0.000010 0.000010 0.149927 0.487996 0.000010
0.241589 0.070876 0.000010 0.000010 0.051409 0.000010 0.198294 0.437792 0.000010
0.076610 0.065845 0.121702 0.000010 0.000010 0.006528 0.110269 0.555006 0.064019
0.078802 0.140098 0.035857 0.034473 0.024783 0.000010 0.202283 0.483685 0.000010
0.045081 0.000154 0.029846 0.118414 0.038467 0.000010 0.325066 0.442952 0.000010
0.097980 0.027018 0.173521 0.000010 0.000010 0.000010 0.242619 0.441383 0.017449
0.176478 0.074970 0.105818 0.000010 0.000010 0.000010 0.177427 0.465266 0.000010
0.356102 0.001820 0.134342 0.105504 0.003954 0.000010 0.045502 0.352757 0.000010
0.289610 0.000010 0.000010 0.196987 0.062989 0.000010 0.061479 0.388895 0.000010
0.270540 0.000010 0.125020 0.129489 0.032614 0.000010 0.180494 0.261814 0.000010
0.066380 0.000010 0.218419 0.282440 0.000674 0.000010 0.090461 0.282887 0.058720
0.253102 0.039324 0.068154 0.000010 0.112030 0.023183 0.151010 0.303030 0.050156
0.196077 0.036771 0.088532 0.044735 0.000010 0.017530 0.207189 0.403784 0.005372
0.110086 0.000010 0.127400 0.116544 0.000010 0.000010 0.122663 0.488930 0.034347
0.111597 0.057236 0.018908 0.020451 0.244636 0.000010 0.101627 0.445525 0.000010
0.000010 0.000010 0.053469 0.000010 0.000010 0.469393 0.000010 0.000010 0.477079
0.000010 0.050229 0.000010 0.007185 0.000010 0.502671 0.009599 0.000010 0.430276
0.000010 0.000010 0.000010 0.030157 0.000010 0.327860 0.000010 0.036337 0.605597
0.000010 0.016073 0.000010 0.000010 0.000010 0.426916 0.000010 0.000010 0.556951
0.000010 0.022755 0.000010 0.000010 0.003733 0.337888 0.000010 0.009295 0.626289
0.000010 0.000010 0.048890 0.000010 0.000010 0.314839 0.000010 0.000010 0.636211
0.000013 0.000010 0.000010 0.029823 0.000010 0.439877 0.000010 0.000010 0.530236
0.015828 0.000010 0.029760 0.000010 0.013887 0.288882 0.000010 0.000010 0.651603
0.054951 0.000010 0.032052 0.000010 0.000010 0.462062 0.000010 0.000010 0.450886
0.000010 0.000010 0.000010 0.000010 0.000010 0.338549 0.004770 0.014499 0.642131
0.000010 0.000010 0.000010 0.025027 0.018848 0.544159 0.000564 0.000075 0.411298
0.017736 0.000010 0.000010 0.000010 0.000010 0.415493 0.029503 0.000010 0.537218
0.000010 0.000010 0.000010 0.000010 0.000010 0.597844 0.036067 0.001655 0.364384
0.000010 0.037528 0.000010 0.000752 0.000010 0.375045 0.035032 0.000010 0.551602
0.000010 0.000010 0.000010 0.000010 0.000010 0.365154 0.017682 0.000010 0.617104
0.000010 0.000010 0.009410 0.000010 0.000010 0.476497 0.000010 0.000010 0.514034
0.000010 0.000010 0.000010 0.000010 0.047123 0.429978 0.000010 0.000010 0.522839
0.021205 0.000010 0.019566 0.000010 0.000010 0.486700 0.000010 0.000010 0.472480
0.000010 0.027435 0.000010 0.000010 0.032318 0.194030 0.020653 0.000010 0.725524
0.000010 0.000010 0.014184 0.000010 0.000010 0.421365 0.000010 0.000010 0.564391
0.031921 0.000010 0.055002 0.000010 0.000010 0.544147 0.000010 0.000010 0.368880
0.000010 0.035860 0.000010 0.000010 0.000010 0.433383 0.044802 0.000010 0.485906
0.000010 0.000010 0.000010 0.016942 0.000010 0.390130 0.000010 0.000010 0.592868
0.000010 0.020866 0.007303 0.008730 0.000010 0.460472 0.000010 0.000010 0.502589
0.015452 0.001378 0.000010 0.000010 0.000010 0.334074 0.000010 0.000010 0.649046
0.000010 0.001964 0.000010 0.000010 0.000010 0.426422 0.000010 0.000010 0.571554
0.000010 0.000010 0.047319 0.000010 0.000010 0.561072 0.000010 0.000010 0.391549
0.000010 0.000010 0.000010 0.000010 0.014662 0.374957 0.053242 0.000010 0.557088
0.000010 0.000010 0.106221 0.000010 0.757044 0.000010 0.136676 0.000010 0.000010
0.304972 0.065110 0.000010 0.335288 0.081457 0.000010 0.000010 0.213133 0.000010
0.559733 0.000010 0.039062 0.215370 0.060284 0.000010 0.025127 0.100393 0.000010
0.381743 0.008883 0.080002 0.300425 0.139754 0.000010 0.000010 0.089163 0.000010
0.378961 0.041823 0.000010 0.359770 0.020281 0.009347 0.000010 0.178709 0.011089
0.527329 0.026859 0.000010 0.337462 0.001896 0.000010 0.000010 0.106413 0.000010
0.416052 0.000010 0.092115 0.196359 0.000010 0.000010 0.009496 0.285938 0.000010
0.305061 0.000010 0.000010 0.423031 0.000010 0.000010 0.082395 0.189463 0.000010
0.348092 0.000010 0.000010 0.343077 0.000010 0.024741 0.053887 0.230163 0.000010
0.358211 0.000010 0.000010 0.315458 0.068524 0.006817 0.069086 0.142777 0.039107
0.516995 0.004988 0.037499 0.178055 0.000010 0.000010 0.004946 0.257486 0.000010
0.368173 0.069305 0.000010 0.383342 0.000010 0.000010 0.000010 0.101676 0.077464
0.513504 0.146317 0.000010 0.152160 0.000010 0.008884 0.000010 0.124047 0.055057
0.557801 0.017260 0.033033 0.320274 0.000010 0.025820 0.023924 0.021868 0.000010
0.362153 0.039567 0.000010 0.313395 0.062709 0.000010 0.035414 0.186732 0.000010
0.226055 0.016875 0.000010 0.386841 0.064829 0.011261 0.010283 0.277559 0.006287
0.466402 0.016420 0.000010 0.350606 0.013665 0.000010 0.000010 0.152867 0.000010
0.311818 0.080253 0.054532 0.234626 0.004651 0.000010 0.000010 0.314091 0.000010
0.420032 0.054609 0.000010 0.293585 0.042600 0.022354 0.000010 0.166789 0.000010
0.581287 0.000010 0.000010 0.276860 0.014759 0.000010 0.049765 0.040840 0.036458
0.170088 0.003959 0.116518 0.477717 0.000010 0.000010 0.000010 0.231678 0.000010
0.267043 0.035913 0.000010 0.401454 0.000010 0.000010 0.083371 0.212179 0.000010
0.302710 0.000010 0.044603 0.327937 0.051364 0.000010 0.000010 0.273345 0.000010
0.248155 0.022799 0.039808 0.423009 0.000010 0.039241 0.121657 0.105311 0.000010
0.487003 0.077029 0.001090 0.233740 0.001367 0.000010 0.000010 0.199740 0.000010
0.254970 0.000010 0.000010 0.382520 0.031315 0.000010 0.000010 0.310994 0.020161
0.330464 0.000010 0.000010 0.463552 0.000010 0.000010 0.022311 0.153230 0.030403
0.295775 0.014440 0.006802 0.587211 0.072649 0.000010 0.000010 0.023094 0.000010
0.376083 0.039813 0.000010 0.347687 0.000010 0.000010 0.021169 0.209560 0.005658
0.000010 0.000010 0.000010 0.000010 0.965897 0.000010 0.000010 0.034033 0.000010
0.000010 0.000010 0.000010 0.000010 0.960651 0.006819 0.032469 0.000010 0.000010
0.000010 0.002004 0.000010 0.000010 0.948107 0.000010 0.000010 0.049829 0.000010
0.000010 0.000010 0.000010 0.000010 0.967489 0.000010 0.002562 0.029889 0.000010
0.000010 0.021042 0.055730 0.128408 0.762997 0.000010 0.031783 0.000010 0.000010
0.000010 0.022916 0.022890 0.000010 0.884334 0.000010 0.044981 0.000010 0.024839
0.032643 0.000010 0.000010 0.000010 0.964214 0.003083 0.000010 0.000010 0.000010
0.000010 0.014725 0.000010 0.000010 0.958979 0.000010 0.000010 0.026237 0.000010
0.000010 0.000010 0.000010 0.000010 0.922798 0.000010 0.077132 0.000010 0.000010
0.007753 0.000010 0.000010 0.028797 0.963390 0.000010 0.000010 0.000010 0.000010
0.000010 0.039396 0.015900 0.000010 0.901581 0.000010 0.043073 0.000010 0.000010
0.000010 0.016228 0.000010 0.020704 0.939778 0.000010 0.004583 0.018667 0.000010
0.000010 0.000010 0.000010 0.000010 0.967704 0.000010 0.000010 0.032226 0.000010
0.000010 0.000014 0.000010 0.071745 0.900860 0.000010 0.027331 0.000010 0.000010
0.000010 0.000010 0.000010 0.000010 0.945764 0.000010 0.010684 0.024653 0.018848
0.000010 0.000010 0.000010 0.000010 0.892841 0.000010 0.073528 0.033571 0.000010
0.024007 0.000010 0.000010 0.000010 0.975923 0.000010 0.000010 0.000010 0.000010
0.648009 0.000010 0.013713 0.102187 0.009637 0.015536 0.000078 0.210820 0.000010
0.516400 0.057344 0.000010 0.088273 0.016480 0.000010 0.022120 0.256223 0.043139
0.385756 0.027052 0.107098 0.203811 0.000010 0.004017 0.081760 0.190486 0.000010
0.446624 0.000010 0.076451 0.138373 0.064940 0.000010 0.080122 0.158919 0.034551
0.510434 0.000010 0.006775 0.117744 0.000010 0.000010 0.005285 0.357667 0.002064
0.449243 0.003424 0.000010 0.000010 0.003708 0.022718 0.155990 0.307558 0.057339
0.580265 0.000010 0.025934 0.000010 0.025295 0.000010 0.122496 0.245971 0.000010
0.542740 0.087238 0.030753 0.000010 0.000010 0.000010 0.001341 0.321910 0.015989
0.598917 0.086418 0.000010 0.026822 0.000010 0.000010 0.074797 0.213006 0.000010
0.712354 0.039672 0.000010 0.094040 0.000010 0.000010 0.000010 0.120755 0.033139
0.445714 0.066527 0.000010 0.199695 0.066455 0.000010 0.000010 0.221570 0.000010
0.491159 0.007960 0.002862 0.087094 0.000010 0.000010 0.039463 0.293253 0.078190
0.522220 0.009949 0.031767 0.117613 0.064268 0.000010 0.019950 0.234000 0.000224
0.474277 0.006684 0.000010 0.099873 0.010644 0.005608 0.014492 0.364759 0.023653
0.503780 0.067772 0.000010 0.135571 0.000010 0.000010 0.000010 0.292828 0.000010
0.550812 0.000010 0.000010 0.017629 0.086550 0.000010 0.000010 0.344959 0.000010
0.697814 0.012011 0.051673 0.004946 0.007975 0.000010 0.000010 0.225551 0.000010
0.627962 0.000010 0.004697 0.037858 0.049933 0.000010 0.002986 0.222603 0.053942
0.457975 0.014957 0.013606 0.000010 0.098038 0.030985 0.024439 0.301150 0.058839
0.578328 0.030538 0.005214 0.000010 0.000010 0.035812 0.045174 0.181484 0.123430
0.558434 0.000010 0.000706 0.064468 0.115988 0.000010 0.000010 0.260363 0.000010
0.605471 0.000010 0.000010 0.068784 0.000010 0.000010 0.063306 0.262388 0.000010
0.644347 0.000010 0.000010 0.103658 0.000010 0.000010 0.000010 0.211382 0.040562
0.421586 0.000010 0.000010 0.148253 0.086166 0.000010 0.043085 0.300871 0.000010
0.465721 0.000010 0.032866 0.000010 0.000010 0.008238 0.073325 0.377330 0.042489
0.657270 0.000010 0.001224 0.009746 0.000010 0.000010 0.000010 0.268625 0.063094
0.511092 0.000010 0.022528 0.066361 0.000010 0.033662 0.073432 0.289581 0.003323
0.681904 0.022785 0.000010 0.016396 0.000010 0.000010 0.033945 0.244930 0.000010
0.638443 0.051921 0.000010 0.060284 0.007624 0.000010 0.000010 0.241688 0.000010
0.511078 0.000010 0.062645 0.080211 0.067818 0.000010 0.000010 0.247808 0.030410
0.508959 0.062992 0.000010 0.066126 0.042076 0.000010 0.005014 0.314803 0.000010
0.538299 0.105166 0.000010 0.013549 0.000010 0.000010 0.010941 0.312116 0.019898
0.358215 0.000010 0.000010 0.141421 0.041554 0.000010 0.217288 0.187876 0.053616
0.550952 0.000010 0.136314 0.000010 0.000010 0.000010 0.000010 0.261339 0.051345
0.443665 0.000409 0.087023 0.067296 0.050937 0.000010 0.000010 0.312216 0.038433
0.567342 0.045568 0.000010 0.088711 0.034983 0.036406 0.044493 0.164655 0.017833
0.574704 0.000010 0.062161 0.144460 0.000010 0.004260 0.000010 0.182384 0.032000
0.484790 0.068504 0.000010 0.000010 0.001737 0.000010 0.042531 0.402398 0.000010
0.419815 0.017320 0.050326 0.037148 0.007706 0.020904 0.060595 0.386175 0.000010
0.535551 0.021102 0.000010 0.023865 0.000786 0.000010 0.061335 0.255164 0.102177
0.603335 0.007234 0.000010 0.000010 0.056121 0.018925 0.000010 0.309586 0.004770
0.618227 0.000010 0.089061 0.000010 0.022636 0.077370 0.000010 0.190074 0.002602
0.495626 0.027217 0.000010 0.000010 0.009034 0.000010 0.011523 0.279495 0.177075
0.659856 0.029457 0.000010 0.000010 0.123611 0.000010 0.000010 0.137060 0.049976
0.572383 0.013831 0.000010 0.000010 0.000010 0.000010 0.067441 0.085241 0.261064
0.722653 0.000010 0.000010 0.000010 0.058588 0.054999 0.000010 0.163710 0.000010
0.488526 0.013938 0.000010 0.171684 0.051942 0.000010 0.071217 0.112609 0.090064
0.680272 0.000010 0.000010 0.000010 0.000010 0.069850 0.000010 0.233145 0.016682
0.644018 0.000376 0.000010 0.004338 0.009762 0.000010 0.076730 0.156306 0.108449
0.484126 0.093807 0.000010 0.000010 0.040877 0.000010 0.000010 0.300570 0.080579
0.679683 0.007476 0.000010 0.000010 0.011670 0.002299 0.018914 0.279928 0.000010
0.729228 0.023344 0.000010 0.028929 0.030561 0.033346 0.026678 0.127894 0.000010
0.636568 0.015804 0.000010 0.000010 0.000010 0.000010 0.000010 0.226475 0.121103
0.454570 0.000010 0.000010 0.258195 0.000010 0.000010 0.000010 0.148216 0.138968
0.539559 0.000010 0.039327 0.193642 0.000010 0.000010 0.106708 0.042848 0.077887
0.000010 0.000010 0.000010 0.000010 0.057163 0.105000 0.000010 0.000010 0.837777
0.437336 0.000010 0.000010 0.000010 0.024633 0.026752 0.148926 0.222815 0.139507
0.680077 0.010785 0.000010 0.000010 0.025092 0.010300 0.000010 0.211911 0.061806
0.690295 0.036062 0.000010 0.000010 0.053709 0.000010 0.000010 0.219884 0.000010
0.567385 0.047886 0.000010 0.066293 0.001432 0.000010 0.000010 0.139990 0.176984
0.538730 0.050450 0.000010 0.000010 0.057718 0.021365 0.000010 0.321481 0.010226
0.688860 0.000010 0.000010 0.004464 0.111522 0.000319 0.000010 0.194794 0.000010
0.553266 0.000010 0.000010 0.000010 0.009522 0.000010 0.037246 0.374999 0.024927
0.569086 0.015937 0.000010 0.049148 0.086784 0.000010 0.000010 0.227160 0.051854
0.530274 0.000010 0.000010 0.000010 0.000010 0.025088 0.000010 0.360301 0.084287
0.724793 0.016942 0.000010 0.000010 0.000010 0.000010 0.000010 0.226906 0.031310
0.568998 0.000010 0.000010 0.095325 0.059777 0.030945 0.002799 0.081588 0.160549
0.719573 0.000010 0.035568 0.000010 0.000010 0.042175 0.000010 0.067557 0.135087
0.596767 0.000010 0.022622 0.044825 0.043450 0.033872 0.030401 0.194428 0.033626
0.587107 0.063188 0.000010 0.039228 0.046639 0.000010 0.017442 0.216601 0.029775
0.355053 0.000010 0.000010 0.085793 0.045759 0.088660 0.138130 0.207469 0.079116
0.538916 0.010337 0.000010 0.082677 0.000010 0.020332 0.000010 0.212234 0.135474
0.636463 0.000010 0.000010 0.000010 0.016479 0.000010 0.000010 0.270070 0.076939
0.520293 0.000010 0.007744 0.066647 0.018977 0.000010 0.085439 0.183720 0.117159
0.656956 0.015790 0.000010 0.039349 0.000010 0.000010 0.041586 0.191336 0.054953
0.537216 0.005306 0.141846 0.000010 0.073094 0.000010 0.000010 0.242498 0.000010
0.552248 0.000010 0.000010 0.021076 0.054104 0.010130 0.000010 0.340149 0.022265
0.649749 0.000010 0.000010 0.000010 0.000010 0.010325 0.073163 0.203466 0.063257
0.537292 0.074177 0.071869 0.049498 0.000010 0.000010 0.020210 0.166489 0.080445
0.462539 0.000010 0.000010 0.000010 0.000010 0.000010 0.150209 0.182657 0.204545
0.522402 0.063250 0.000010 0.000010 0.000010 0.000010 0.000010 0.337733 0.076564
0.502259 0.000010 0.000010 0.182560 0.083170 0.013382 0.000010 0.193390 0.025208
0.493937 0.009119 0.000010 0.088172 0.000010 0.017706 0.055052 0.323888 0.012105
0.657903 0.000010 0.000010 0.021439 0.039502 0.085485 0.029648 0.165993 0.000010
0.486608 0.090199 0.000010 0.012641 0.000010 0.050643 0.000010 0.302660 0.057219
0.727421 0.005286 0.000010 0.035974 0.054709 0.099231 0.008499 0.068861 0.000010
0.636813 0.029271 0.000010 0.014758 0.000010 0.000010 0.000010 0.315178 0.003940
0.000010 0.000010 0.071721 0.000010 0.785216 0.010117 0.132896 0.000010 0.000010
0.000010 0.000010 0.060032 0.000010 0.816623 0.000010 0.123285 0.000010 0.000010
0.000010 0.030433 0.000010 0.000010 0.864495 0.000010 0.094496 0.000010 0.010526
0.000010 0.000010 0.000010 0.000010 0.872272 0.000010 0.103191 0.000010 0.024478
0.000010 0.000010 0.055052 0.000016 0.700675 0.000010 0.244207 0.000010 0.000010
0.000010 0.000010 0.000010 0.000010 0.903892 0.000010 0.078480 0.000010 0.017568
0.000010 0.000010 0.000010 0.000010 0.779291 0.000010 0.220639 0.000010 0.000010
0.512447 0.009467 0.005769 0.255979 0.009673 0.000010 0.138689 0.067956 0.000010
0.717049 0.012808 0.000010 0.181881 0.049438 0.000010 0.003331 0.035463 0.000010
0.619160 0.000010 0.000010 0.166048 0.006367 0.000010 0.032796 0.111259 0.064340
0.476620 0.050827 0.000010 0.223153 0.000010 0.018123 0.116789 0.114458 0.000010
0.681388 0.000010 0.000010 0.099786 0.058701 0.006917 0.000010 0.116685 0.036493
0.658071 0.021239 0.027923 0.198957 0.024406 0.036949 0.013803 0.018641 0.000010
0.354655 0.030085 0.000010 0.288387 0.019113 0.000010 0.072967 0.214092 0.020682
0.553528 0.024052 0.013036 0.346958 0.062385 0.000010 0.000010 0.000010 0.000010
0.459471 0.000010 0.000010 0.369017 0.018449 0.002558 0.026500 0.082681 0.041305
0.670996 0.014442 0.000010 0.142241 0.019109 0.007823 0.037275 0.108094 0.000010
0.633566 0.000010 0.000010 0.000010 0.000010 0.006164 0.062709 0.241780 0.055741
0.463813 0.036740 0.000010 0.192133 0.000010 0.000010 0.035213 0.176618 0.095453
0.613066 0.000010 0.019198 0.000010 0.028511 0.052870 0.024032 0.262293 0.000010
0.545970 0.000010 0.062861 0.002705 0.000010 0.010990 0.000010 0.305384 0.072061
0.483201 0.000010 0.000010 0.125201 0.004171 0.039815 0.086995 0.210147 0.050449
0.515991 0.037976 0.000010 0.031579 0.047273 0.000010 0.082390 0.003550 0.281220
0.481422 0.000010 0.000010 0.000010 0.000010 0.021482 0.059510 0.335108 0.102438
0.559673 0.097771 0.000010 0.056694 0.035666 0.000010 0.000010 0.111496 0.138670
0.394174 0.044774 0.069180 0.118700 0.000010 0.000010 0.010566 0.243910 0.118676
0.420148 0.016511 0.000010 0.000010 0.059544 0.045501 0.060256 0.258271 0.139750
0.278758 0.000010 0.047841 0.094913 0.000010 0.002226 0.161133 0.343080 0.072028
0.566498 0.000010 0.000010 0.024607 0.000010 0.050056 0.104111 0.254689 0.000010
0.512166 0.000010 0.000010 0.036137 0.030552 0.000010 0.084071 0.298473 0.038571
0.704230 0.000010 0.000010 0.026750 0.056993 0.000010 0.000010 0.187376 0.024611
0.565073 0.058324 0.000010 0.031162 0.000010 0.000010 0.029596 0.278282 0.037534
0.564657 0.000010 0.013623 0.076015 0.014135 0.054091 0.017581 0.207624 0.052264
0.516565 0.000010 0.000010 0.000010 0.000010 0.061574 0.000010 0.245099 0.176712
0.587879 0.090491 0.000010 0.118202 0.012344 0.000020 0.000010 0.085824 0.105220
0.556093 0.002411 0.030459 0.088660 0.068193 0.006848 0.017232 0.230095 0.000010
0.525247 0.000653 0.000010 0.000010 0.000010 0.031950 0.000010 0.279076 0.163034
0.483950 0.000010 0.000010 0.044094 0.000010 0.085633 0.065328 0.320954 0.000010
0.648787 0.067102 0.000010 0.038077 0.072525 0.021117 0.000010 0.122747 0.029625
0.549041 0.010281 0.000010 0.159413 0.000010 0.000010 0.044992 0.129763 0.106480
0.516636 0.048921 0.119721 0.014995 0.000010 0.043936 0.000010 0.184765 0.071005
0.575350 0.000010 0.000010 0.045494 0.105081 0.041622 0.064717 0.167707 0.000010
0.000010 0.952510 0.000010 0.000010 0.000010 0.000010 0.000010 0.000010 0.047420
0.000010 0.700398 0.013108 0.159360 0.000010 0.000010 0.014010 0.088093 0.025002
0.000010 0.979707 0.000010 0.000010 0.000010 0.000010 0.000010 0.000010 0.020223
0.000010 0.940545 0.000010 0.000010 0.015006 0.007964 0.000010 0.035710 0.000735
0.000010 0.015388 0.444881 0.000010 0.061439 0.000010 0.477191 0.001061 0.000010
0.000010 0.053776 0.584951 0.000010 0.000010 0.000010 0.361213 0.000010 0.000010
0.000010 0.064045 0.319656 0.024839 0.029857 0.104079 0.408243 0.035435 0.013836
0.000010 0.056320 0.397276 0.000010 0.046642 0.000010 0.499712 0.000010 0.000010
0.028151 0.056460 0.312380 0.065588 0.078219 0.000010 0.414403 0.044780 0.000010
0.000010 0.054180 0.616100 0.000010 0.000010 0.000010 0.329660 0.000010 0.000010
0.042640 0.000010 0.555763 0.000010 0.011373 0.000010 0.390174 0.000010 0.000010
0.000010 0.152922 0.283895 0.000010 0.016796 0.000010 0.427817 0.118531 0.000010
0.000010 0.000010 0.535845 0.000010 0.021418 0.000010 0.395148 0.040678 0.006870
0.082656 0.049666 0.448958 0.007640 0.043103 0.000010 0.354856 0.004079 0.009031
0.318313 0.000010 0.000010 0.093237 0.000010 0.033379 0.019559 0.314807 0.220675
0.534628 0.000010 0.000010 0.042608 0.009140 0.000010 0.000010 0.283146 0.130437
0.706184 0.000010 0.060036 0.046998 0.041229 0.000010 0.000010 0.145513 0.000010
0.416122 0.057843 0.000010 0.188764 0.051929 0.000010 0.000010 0.226008 0.059303
0.520145 0.000010 0.000010 0.116285 0.000010 0.078329 0.024838 0.172986 0.087387
0.760669 0.019771 0.000010 0.042058 0.009523 0.000010 0.000010 0.143082 0.024868
0.509110 0.047601 0.000010 0.042104 0.035636 0.083637 0.000010 0.281881 0.000010
0.645442 0.000010 0.018401 0.008225 0.037764 0.000010 0.031317 0.232976 0.025856
0.638185 0.000010 0.000010 0.013700 0.032164 0.000010 0.056246 0.201998 0.057677
0.399949 0.000010 0.021369 0.087848 0.000010 0.071068 0.068217 0.190396 0.161132
0.472759 0.061316 0.013812 0.101715 0.044060 0.042870 0.069243 0.194215 0.000010
0.618467 0.000010 0.000010 0.039277 0.022612 0.000010 0.068274 0.200135 0.051205
0.509934 0.052282 0.101434 0.000010 0.000010 0.012513 0.034677 0.238945 0.050195
0.446131 0.006708 0.005424 0.220202 0.000010 0.000010 0.053572 0.244409 0.023535
0.558392 0.000010 0.000010 0.000010 0.066094 0.039660 0.031745 0.304069 0.000010
0.449184 0.000010 0.000010 0.157254 0.064475 0.050668 0.000010 0.155795 0.122594
0.592116 0.043049 0.000010 0.137269 0.000010 0.050686 0.000010 0.176839 0.000010
0.571926 0.000010 0.000010 0.099307 0.000010 0.028670 0.142380 0.157676 0.000010
0.521251 0.000010 0.000010 0.059343 0.016746 0.000010 0.045684 0.215282 0.141665
0.498392 0.000010 0.000010 0.133698 0.015293 0.063802 0.000010 0.288775 0.000010
0.678252 0.000010 0.000010 0.000010 0.000010 0.000063 0.013099 0.226624 0.081922
0.000010 0.012263 0.522450 0.000010 0.079206 0.000515 0.385525 0.000010 0.000010
0.000010 0.037556 0.683251 0.000010 0.000010 0.000010 0.277006 0.002137 0.000010
0.000010 0.000011 0.660596 0.000010 0.000010 0.021642 0.239732 0.077979 0.000010
0.000010 0.000010 0.684017 0.000010 0.000010 0.000010 0.315913 0.000010 0.000010
0.000010 0.000010 0.818781 0.000010 0.000010 0.000010 0.181149 0.000010 0.000010
0.000010 0.000010 0.687974 0.000010 0.059635 0.004494 0.220529 0.027327 0.000010
0.000010 0.000010 0.630879 0.000010 0.056049 0.000010 0.313012 0.000010 0.000010
0.000010 0.005066 0.665421 0.000010 0.035323 0.000010 0.244273 0.049877 0.000010
0.026582 0.021829 0.641534 0.000010 0.005384 0.000010 0.291653 0.000010 0.012987
0.000010 0.000010 0.683363 0.000010 0.000010 0.000010 0.316567 0.000010 0.000010
0.036321 0.000010 0.632448 0.086291 0.000010 0.000010 0.244889 0.000010 0.000010
0.000010 0.000010 0.637259 0.000010 0.000010 0.030731 0.270333 0.061627 0.000010
0.000010 0.097271 0.650352 0.000010 0.000010 0.023022 0.229305 0.000010 0.000010
0.000010 0.041676 0.703154 0.000010 0.000010 0.000010 0.255110 0.000010 0.000010
0.043455 0.026001 0.588283 0.000010 0.034640 0.000010 0.307582 0.000010 0.000010
0.000010 0.000010 0.669404 0.000010 0.000010 0.000010 0.316936 0.013601 0.000010
0.000010 0.019095 0.783111 0.000010 0.000010 0.000010 0.193366 0.004378 0.000010
0.000010 0.000010 0.648390 0.000010 0.012754 0.009588 0.288295 0.040932 0.000010
0.007124 0.116542 0.605801 0.000010 0.057212 0.000010 0.213281 0.000010 0.000010
0.000015 0.000010 0.583590 0.000010 0.052724 0.019346 0.296127 0.048168 0.000010
0.000010 0.005569 0.550605 0.000010 0.031452 0.000010 0.402731 0.009603 0.000010
0.000010 0.017362 0.605057 0.000010 0.003463 0.000010 0.335045 0.039033 0.000010
0.000010 0.015563 0.694272 0.000010 0.000010 0.000010 0.290105 0.000010 0.000010
0.011984 0.000010 0.622071 0.000010 0.042748 0.000010 0.323147 0.000010 0.000010
0.000010 0.062398 0.684884 0.000010 0.000010 0.019645 0.199766 0.005697 0.027579
0.000010 0.000010 0.648286 0.000010 0.015533 0.000010 0.329023 0.000010 0.007108
0.000010 0.031247 0.623441 0.000010 0.019720 0.000010 0.325542 0.000010 0.000010
0.000010 0.000010 0.571094 0.000010 0.000010 0.014868 0.380050 0.033938 0.000010
0.009225 0.000010 0.578393 0.028238 0.000010 0.000010 0.360575 0.000010 0.023529
0.000010 0.000010 0.741557 0.000010 0.000010 0.000010 0.258373 0.000010 0.000010
0.001559 0.000010 0.666708 0.000010 0.000010 0.000010 0.313002 0.000010 0.018681
0.000010 0.005955 0.607257 0.000010 0.038064 0.000010 0.293627 0.055058 0.000010
0.020581 0.000010 0.553758 0.006282 0.000010 0.000010 0.385733 0.021994 0.011622
0.000010 0.000010 0.648087 0.000010 0.000010 0.000010 0.351843 0.000010 0.000010
0.000010 0.000010 0.813976 0.000010 0.000010 0.000010 0.179987 0.000010 0.005978
0.000010 0.000010 0.538341 0.000010 0.042685 0.000010 0.372002 0.046923 0.000010
0.000010 0.003785 0.558237 0.000010 0.053182 0.000010 0.384746 0.000010 0.000010
0.007621 0.043377 0.558218 0.000010 0.030412 0.000010 0.360333 0.000010 0.000010
0.000010 0.000010 0.575719 0.000010 0.000010 0.000010 0.424211 0.000010 0.000010
0.000010 0.000010 0.159279 0.000010 0.752076 0.000010 0.060938 0.000010 0.027657
0.000010 0.000010 0.000010 0.000010 0.963743 0.000012 0.036185 0.000010 0.000010
0.000010 0.000255 0.757949 0.000010 0.000010 0.000010 0.241736 0.000010 0.000010
0.000010 0.000010 0.605613 0.000010 0.000010 0.000010 0.394317 0.000010 0.000010
0.421821 0.000010 0.028725 0.321895 0.062906 0.010585 0.000010 0.105872 0.048176
0.443491 0.036739 0.000010 0.271018 0.000010 0.020378 0.020313 0.208030 0.000010
0.310390 0.013688 0.042946 0.457360 0.000010 0.000010 0.072141 0.084558 0.018897
0.306405 0.000010 0.000010 0.476956 0.030301 0.000010 0.000010 0.186288 0.000010
0.383255 0.031346 0.055098 0.447031 0.008594 0.000010 0.000010 0.040304 0.034353
0.526928 0.000010 0.012246 0.226213 0.066329 0.000010 0.000010 0.159376 0.008879
0.364861 0.025388 0.000010 0.232473 0.080956 0.000010 0.000010 0.296281 0.000010
0.267794 0.188770 0.067526 0.246701 0.029683 0.057437 0.000010 0.142069 0.000010
0.238377 0.089631 0.000010 0.453080 0.007007 0.013369 0.000010 0.198507 0.000010
0.446579 0.000010 0.000010 0.321640 0.024548 0.000010 0.000010 0.207183 0.000010
0.214728 0.034984 0.000010 0.552176 0.000010 0.014236 0.050989 0.113691 0.019175
0.400707 0.020265 0.000010 0.321342 0.000010 0.000010 0.057876 0.186044 0.013735
0.317198 0.042302 0.056932 0.340326 0.019536 0.000010 0.048348 0.175339 0.000010
0.000010 0.000010 0.540040 0.000010 0.069208 0.008359 0.382344 0.000010 0.000010
0.000010 0.004692 0.528116 0.000010 0.017926 0.000010 0.449216 0.000010 0.000010
0.000010 0.008083 0.607672 0.000010 0.031499 0.000010 0.352696 0.000010 0.000010
0.000010 0.000010 0.706400 0.000010 0.090416 0.000010 0.203124 0.000010 0.000010
0.000010 0.020807 0.649003 0.000010 0.022047 0.000010 0.308093 0.000010 0.000010
0.000010 0.044348 0.645960 0.000010 0.000010 0.000010 0.309632 0.000010 0.000010
0.000010 0.000010 0.653974 0.000010 0.017753 0.018317 0.309907 0.000010 0.000010
0.000010 0.000010 0.582243 0.063988 0.000010 0.002627 0.351092 0.000010 0.000010
0.000010 0.000010 0.536903 0.000010 0.219379 0.000010 0.243658 0.000010 0.000010
0.000010 0.007012 0.671963 0.000010 0.000010 0.000010 0.309297 0.011678 0.000010
0.000010 0.000010 0.634458 0.000058 0.000010 0.013166 0.327002 0.000010 0.025275
0.000010 0.000010 0.722307 0.000010 0.000010 0.000010 0.277623 0.000010 0.000010
