0.350033 0.000010 0.000010 0.051839 0.015489 0.021173 0.128018 0.433418 0.000010
0.455709 0.000010 0.000010 0.000010 0.000010 0.000010 0.083095 0.458736 0.002410
0.162616 0.000010 0.115095 0.251327 0.000010 0.000010 0.023709 0.419957 0.027266
0.380129 0.000010 0.000010 0.060146 0.048509 0.000010 0.040929 0.470247 0.000010
0.385051 0.051540 0.000010 0.051436 0.088163 0.000010 0.045201 0.378579 0.000010
0.160876 0.000010 0.005423 0.047061 0.023103 0.118112 0.145811 0.406220 0.093384
0.334336 0.045132 0.000010 0.059953 0.000010 0.000010 0.064882 0.495657 0.000010
0.072885 0.025578 0.000010 0.248822 0.023072 0.042189 0.055589 0.531844 0.000010
0.356546 0.000010 0.105980 0.031337 0.000010 0.067066 0.096962 0.302173 0.039916
0.195393 0.000010 0.000010 0.064984 0.000010 0.029634 0.111643 0.598306 0.000010
0.307512 0.000010 0.000010 0.011138 0.000010 0.014539 0.138064 0.528706 0.000010
0.378033 0.009795 0.071606 0.065533 0.000172 0.012237 0.050512 0.412102 0.000010
0.173655 0.000010 0.000010 0.209108 0.000010 0.000010 0.138398 0.451389 0.027409
0.203650 0.054903 0.000010 0.000010 0.027976 0.013427 0.112075 0.349649 0.238300
0.317486 0.006542 0.000010 0.167117 0.018135 0.000010 0.031197 0.459493 0.000010
0.314689 0.000010 0.056311 0.011144 0.022065 0.033834 0.000010 0.561928 0.000010
0.203260 0.000010 0.005732 0.103078 0.031172 0.052206 0.121105 0.483428 0.000010
0.344841 0.038208 0.000010 0.135572 0.073679 0.000010 0.000010 0.407660 0.000010
0.287617 0.000010 0.011499 0.000010 0.028276 0.000010 0.119346 0.553223 0.000010
0.289514 0.000010 0.000010 0.021316 0.008527 0.000010 0.084721 0.595882 0.000010
0.139681 0.000010 0.000010 0.230094 0.016121 0.039345 0.051326 0.473064 0.050348
0.213350 0.093256 0.054604 0.044620 0.000010 0.000010 0.072820 0.521321 0.000010
0.270258 0.043350 0.000010 0.134694 0.017492 0.000010 0.003978 0.530199 0.000010
0.274473 0.000010 0.072024 0.000010 0.025747 0.003465 0.105955 0.517876 0.000440
0.374249 0.068715 0.072268 0.000010 0.000010 0.063886 0.000010 0.420842 0.000010
0.358906 0.084713 0.000010 0.014936 0.000010 0.000010 0.111838 0.429566 0.000010
0.090954 0.017905 0.026412 0.145229 0.044853 0.000010 0.083724 0.537293 0.053619
0.292559 0.000010 0.067964 0.179382 0.000010 0.000010 0.079084 0.303580 0.077400
0.414049 0.000010 0.000010 0.000010 0.000010 0.000010 0.129830 0.456061 0.000010
0.355548 0.009681 0.000010 0.000010 0.045626 0.018282 0.123436 0.386415 0.060991
0.281497 0.071334 0.051723 0.082841 0.037356 0.004911 0.118522 0.301937 0.049877
0.411028 0.073200 0.000010 0.000010 0.000010 0.000010 0.083207 0.432515 0.000010
0.303144 0.064859 0.000010 0.075873 0.000010 0.000010 0.080480 0.475603 0.000010
0.230543 0.006654 0.003198 0.065684 0.008120 0.000010 0.074557 0.581655 0.029580
0.000010 0.000010 0.000010 0.156959 0.068967 0.000010 0.280207 0.493816 0.000010
0.132173 0.000010 0.201285 0.133145 0.000010 0.000010 0.050471 0.482885 0.000010
0.416501 0.000010 0.016033 0.009641 0.000010 0.032657 0.124463 0.400675 0.000010
0.280547 0.105570 0.000010 0.000010 0.000010 0.013973 0.000010 0.331699 0.268171
0.355743 0.007888 0.128070 0.000010 0.032730 0.000010 0.064784 0.410755 0.000010
0.456195 0.000010 0.000010 0.000010 0.056699 0.000010 0.104929 0.381996 0.000141
0.236798 0.059982 0.000010 0.149074 0.008239 0.035649 0.024174 0.486064 0.000010
0.147700 0.009349 0.059358 0.138444 0.016957 0.031003 0.076614 0.520567 0.000010
0.435977 0.000010 0.118975 0.103581 0.000010 0.000010 0.000010 0.284084 0.057342
0.243266 0.006730 0.000010 0.003055 0.117566 0.000010 0.094452 0.534901 0.000010
0.199015 0.034845 0.043438 0.075378 0.027016 0.021751 0.008194 0.546899 0.043464
0.284125 0.000010 0.000010 0.065856 0.000010 0.022083 0.122923 0.496683 0.008300
0.110876 0.000010 0.022818 0.200036 0.011250 0.026514 0.044158 0.584328 0.000010
0.361483 0.000010 0.000010 0.028574 0.000010 0.000010 0.042963 0.562254 0.004686
0.050669 0.075461 0.299985 0.277819 0.000010 0.000010 0.085043 0.210994 0.000010
0.229270 0.044730 0.172392 0.154631 0.029844 0.000010 0.092264 0.276850 0.000010
0.228981 0.014345 0.179718 0.228564 0.000010 0.009693 0.138656 0.200023 0.000010
0.283083 0.000010 0.255633 0.051813 0.017360 0.000010 0.173913 0.188639 0.029539
0.106531 0.000010 0.250639 0.165631 0.000010 0.000010 0.079762 0.397396 0.000010
0.302899 0.000010 0.383094 0.006602 0.000010 0.000010 0.078830 0.173823 0.054723
0.320185 0.000010 0.211330 0.213707 0.029316 0.046603 0.071181 0.107658 0.000010
0.090996 0.000010 0.269435 0.209813 0.000010 0.000010 0.123157 0.306559 0.000010
0.162272 0.004345 0.368737 0.046945 0.000010 0.045598 0.079484 0.292599 0.000010
0.084984 0.129205 0.246822 0.145258 0.000010 0.000010 0.164383 0.229318 0.000010
0.000010 0.011563 0.565827 0.000010 0.000010 0.051565 0.177475 0.193530 0.000010
0.074506 0.000010 0.390549 0.052127 0.000010 0.000010 0.143336 0.289174 0.050278
0.028737 0.010111 0.490204 0.181765 0.000010 0.009054 0.172198 0.107912 0.000010
0.117180 0.051854 0.182418 0.255789 0.000010 0.063275 0.078633 0.250830 0.000010
0.073005 0.000356 0.395542 0.186929 0.000010 0.000010 0.180285 0.163853 0.000010
0.269272 0.000010 0.237310 0.139437 0.000010 0.008614 0.116618 0.228718 0.000010
0.214479 0.106041 0.164333 0.026435 0.000010 0.026507 0.086923 0.375262 0.000010
0.113953 0.052602 0.200906 0.192042 0.020224 0.006396 0.123686 0.273710 0.016480
0.080092 0.078098 0.441718 0.000961 0.000010 0.046160 0.101487 0.251464 0.000010
0.146520 0.000010 0.541856 0.000010 0.012811 0.000010 0.131900 0.163877 0.003007
0.176191 0.048628 0.413286 0.063640 0.124797 0.000010 0.056525 0.116914 0.000010
0.435845 0.033342 0.157989 0.018619 0.059842 0.000010 0.097180 0.197164 0.000010
0.037437 0.019992 0.009839 0.068255 0.051060 0.039645 0.022262 0.276251 0.475258
0.329551 0.000010 0.000010 0.067520 0.056269 0.019727 0.121431 0.405472 0.000010
0.411036 0.000010 0.129621 0.089477 0.000010 0.000010 0.040632 0.329195 0.000010
0.278395 0.000010 0.000010 0.045533 0.000010 0.052133 0.115582 0.451031 0.057296
0.322626 0.000010 0.091545 0.020306 0.000010 0.000010 0.025740 0.520807 0.018947
0.108268 0.000010 0.006776 0.072699 0.000786 0.043974 0.127867 0.586575 0.053044
0.263145 0.070859 0.000010 0.069825 0.107191 0.000010 0.000010 0.460283 0.028667
0.226809 0.000010 0.028570 0.006117 0.038477 0.088837 0.033358 0.548391 0.029431
0.302322 0.021430 0.000010 0.142735 0.027413 0.018827 0.042244 0.445007 0.000010
0.404198 0.037992 0.070393 0.000010 0.000010 0.000010 0.000010 0.425843 0.061535
0.229038 0.094453 0.000010 0.055375 0.017749 0.069077 0.060172 0.388311 0.085815
0.244301 0.033878 0.000010 0.139949 0.064740 0.057042 0.081458 0.378613 0.000010
0.502314 0.000010 0.000010 0.016744 0.000010 0.000010 0.076222 0.404670 0.000010
0.376004 0.072029 0.056070 0.072712 0.065768 0.060904 0.030761 0.265743 0.000010
0.359493 0.000010 0.011854 0.012343 0.069498 0.000010 0.074926 0.471856 0.000010
0.196245 0.000010 0.000010 0.034872 0.010505 0.000010 0.129780 0.628558 0.000010
0.437508 0.000010 0.040729 0.000010 0.062710 0.052727 0.000010 0.343745 0.062551
0.421634 0.045343 0.000010 0.051861 0.000010 0.000010 0.000010 0.451018 0.030104
0.331646 0.000010 0.078281 0.000010 0.002444 0.017919 0.050920 0.397082 0.121687
0.486731 0.000010 0.038354 0.053602 0.000010 0.020038 0.000010 0.401235 0.000010
0.471556 0.000010 0.000010 0.096190 0.025886 0.037841 0.005455 0.343618 0.019432
0.333301 0.000010 0.091407 0.175335 0.000010 0.000010 0.002640 0.352176 0.045111
0.208440 0.012632 0.210502 0.110161 0.000010 0.000010 0.000010 0.458225 0.000010
0.251882 0.000010 0.000010 0.237824 0.000010 0.000788 0.142860 0.366606 0.000010
0.305089 0.016975 0.116984 0.035146 0.040704 0.000010 0.033794 0.326796 0.124502
0.108731 0.000010 0.035367 0.040841 0.000010 0.033330 0.217283 0.564419 0.000010
0.235411 0.057799 0.000010 0.125462 0.046339 0.000010 0.073698 0.448383 0.012887
0.156335 0.004191 0.000010 0.174878 0.000010 0.000010 0.251722 0.412834 0.000010
0.258135 0.000010 0.109701 0.000010 0.054191 0.000010 0.216989 0.360943 0.000010
0.038965 0.045875 0.000010 0.231121 0.000010 0.054543 0.173596 0.455871 0.000010
0.107232 0.022143 0.000010 0.048082 0.047463 0.104918 0.206977 0.438395 0.024781
0.092976 0.000010 0.000010 0.049435 0.033612 0.178705 0.119578 0.128923 0.396752
0.300779 0.000010 0.072005 0.000010 0.056903 0.062298 0.000010 0.377418 0.130567
0.292446 0.000010 0.000010 0.000010 0.148616 0.040736 0.105976 0.412186 0.000010
0.225598 0.000010 0.122892 0.000010 0.016738 0.013120 0.194166 0.427456 0.000010
0.247306 0.000010 0.000010 0.041235 0.032890 0.040514 0.101164 0.536861 0.000010
0.151049 0.000010 0.134245 0.222185 0.049363 0.000010 0.078408 0.264857 0.099873
0.154306 0.000010 0.000010 0.093398 0.000010 0.027609 0.179891 0.544756 0.000010
0.203695 0.000010 0.000010 0.000010 0.127407 0.000010 0.198228 0.470620 0.000010
0.157193 0.008702 0.140656 0.146923 0.008822 0.017584 0.060521 0.459589 0.000010
0.097630 0.000010 0.000010 0.078900 0.000010 0.010121 0.215355 0.584254 0.013710
0.215332 0.070621 0.000010 0.022108 0.000010 0.000010 0.170979 0.520920 0.000010
0.255814 0.000010 0.000010 0.157707 0.000010 0.000010 0.057632 0.528797 0.000010
0.348044 0.046297 0.063200 0.043676 0.000010 0.000010 0.079818 0.418934 0.000010
0.125182 0.000010 0.000010 0.093862 0.000010 0.041826 0.149919 0.589172 0.000010
0.165275 0.105973 0.047837 0.092934 0.000010 0.009847 0.136938 0.441176 0.000010
0.129765 0.044920 0.000976 0.035467 0.071848 0.000010 0.176089 0.540915 0.000010
0.202961 0.012946 0.152237 0.056886 0.000010 0.050797 0.028674 0.495480 0.000010
0.272913 0.032351 0.000010 0.121113 0.000010 0.032954 0.164971 0.363254 0.012425
0.317143 0.017030 0.000010 0.041167 0.000010 0.000010 0.152153 0.472467 0.000010
0.145443 0.000010 0.068463 0.068705 0.000010 0.023560 0.225458 0.467133 0.001218
0.320121 0.000010 0.000010 0.019124 0.119365 0.000010 0.142679 0.384964 0.013716
0.350744 0.033860 0.057717 0.074682 0.137079 0.003795 0.000010 0.271882 0.070231
0.418139 0.007196 0.000359 0.000010 0.031349 0.004325 0.105492 0.433121 0.000010
0.121420 0.000010 0.023561 0.269372 0.000010 0.000010 0.089965 0.495642 0.000010
0.211337 0.000010 0.035353 0.098587 0.144575 0.000010 0.061635 0.448484 0.000010
0.170328 0.000010 0.097393 0.318207 0.015210 0.000010 0.013705 0.385126 0.000010
0.124556 0.009763 0.068783 0.141128 0.000010 0.000010 0.112536 0.543203 0.000010
0.261435 0.000010 0.000010 0.000010 0.029082 0.000010 0.222216 0.487216 0.000010
0.317701 0.010096 0.000010 0.000010 0.005289 0.000010 0.185053 0.422308 0.059523
0.261669 0.013868 0.039154 0.000010 0.000010 0.000010 0.313750 0.371518 0.000010
0.218498 0.089959 0.000010 0.049556 0.045970 0.000010 0.178219 0.417767 0.000010
0.292334 0.069270 0.049241 0.000010 0.000010 0.000010 0.077991 0.511125 0.000010
0.203292 0.052029 0.000010 0.256032 0.000010 0.031037 0.066781 0.390800 0.000010
0.149123 0.063318 0.151153 0.001023 0.095496 0.000010 0.055294 0.484573 0.000010
0.235019 0.063498 0.032554 0.138523 0.009110 0.000010 0.097704 0.423571 0.000010
0.035033 0.000010 0.096903 0.109325 0.044666 0.000010 0.119089 0.594954 0.000010
0.164091 0.000010 0.070810 0.129911 0.000010 0.000010 0.149507 0.485641 0.000010
0.286994 0.000010 0.061263 0.054365 0.011261 0.023091 0.121741 0.441266 0.000010
0.316582 0.000010 0.017590 0.000010 0.000010 0.066954 0.189034 0.389290 0.020522
0.281463 0.000010 0.095995 0.159191 0.006744 0.000010 0.081615 0.374962 0.000010
0.279536 0.007486 0.000010 0.073486 0.000010 0.000010 0.185657 0.449503 0.004302
0.291411 0.001917 0.060405 0.135791 0.045711 0.009165 0.065280 0.390310 0.000010
0.152957 0.000010 0.000010 0.211266 0.000010 0.012087 0.111028 0.512622 0.000010
0.064112 0.036568 0.008952 0.214009 0.000010 0.000010 0.150138 0.526191 0.000010
0.082477 0.000010 0.000010 0.349438 0.022058 0.041667 0.045376 0.458954 0.000010
0.160671 0.011034 0.037852 0.115398 0.000010 0.000010 0.119614 0.500321 0.055091
0.241983 0.007340 0.003779 0.213239 0.077533 0.000010 0.037170 0.403594 0.015353
0.086568 0.075038 0.000010 0.189533 0.000010 0.000010 0.029111 0.513548 0.106173
0.076888 0.000010 0.000010 0.167993 0.068025 0.000010 0.158993 0.455079 0.072992
0.136114 0.086518 0.053129 0.141521 0.000010 0.000010 0.099121 0.480452 0.003126
0.201414 0.000010 0.035130 0.206559 0.002326 0.004420 0.108926 0.423566 0.017649
0.256013 0.000010 0.018128 0.160195 0.072952 0.014864 0.051362 0.426465 0.000010
0.094155 0.161661 0.001083 0.279205 0.045852 0.019693 0.010886 0.387454 0.000010
0.173207 0.061433 0.011311 0.101873 0.063293 0.000010 0.068841 0.515395 0.004637
0.327600 0.061462 0.032640 0.128790 0.045755 0.016035 0.017883 0.334865 0.034971
0.226585 0.066870 0.023451 0.068017 0.000010 0.019770 0.155674 0.419902 0.019722
0.000010 0.101552 0.000010 0.171697 0.000010 0.000010 0.075243 0.535915 0.115553
0.197088 0.000010 0.021955 0.158635 0.000010 0.003481 0.130035 0.488776 0.000010
0.197906 0.020619 0.000010 0.219679 0.000010 0.000010 0.045973 0.431185 0.084609
0.247185 0.000010 0.039891 0.110275 0.015985 0.000010 0.102541 0.484092 0.000010
0.099291 0.000010 0.000010 0.280860 0.008793 0.008390 0.138457 0.464179 0.000010
0.106188 0.007531 0.090469 0.159686 0.000010 0.000010 0.145142 0.490953 0.000010
0.326322 0.051821 0.000010 0.000010 0.090734 0.030696 0.026849 0.468022 0.005537
0.230443 0.021117 0.099071 0.109720 0.045927 0.000010 0.083069 0.410633 0.000010
0.212159 0.000010 0.072974 0.070057 0.012301 0.000010 0.152791 0.479689 0.000010
0.294293 0.000010 0.062064 0.099440 0.000010 0.000010 0.205142 0.339021 0.000010
0.065394 0.098050 0.107170 0.259007 0.000010 0.000010 0.127618 0.277372 0.065369
0.186122 0.035039 0.086247 0.037453 0.000010 0.008317 0.193797 0.405142 0.047873
0.105754 0.000010 0.103852 0.077603 0.046251 0.000010 0.201708 0.425788 0.039025
0.184574 0.052833 0.076675 0.054001 0.000010 0.000010 0.167967 0.463920 0.000010
0.085644 0.067304 0.133890 0.076429 0.000010 0.016972 0.150877 0.468863 0.000010
0.307752 0.000010 0.073603 0.036118 0.000010 0.000010 0.142733 0.429244 0.010520
0.151004 0.000010 0.149892 0.216403 0.000010 0.021658 0.094233 0.314385 0.052403
0.250360 0.000010 0.000010 0.047513 0.010624 0.031296 0.105221 0.542625 0.012340
0.303090 0.110617 0.007287 0.083532 0.000010 0.000787 0.106546 0.388122 0.000010
0.008652 0.033293 0.034608 0.114490 0.063757 0.048341 0.192787 0.488876 0.015197
0.259650 0.000010 0.000010 0.140745 0.006197 0.000010 0.123139 0.470228 0.000010
0.252192 0.000010 0.090131 0.126412 0.000010 0.000010 0.111057 0.360642 0.059536
0.000535 0.046295 0.000010 0.172558 0.000010 0.000010 0.281085 0.499488 0.000010
0.008892 0.052832 0.000010 0.264470 0.032961 0.000010 0.094617 0.546199 0.000010
0.255544 0.000010 0.175048 0.000010 0.021666 0.022047 0.155904 0.369760 0.000010
0.244979 0.000316 0.159885 0.055710 0.014346 0.002216 0.077172 0.445366 0.000010
0.218487 0.000010 0.206786 0.036025 0.000010 0.000010 0.094974 0.443688 0.000010
0.152545 0.000010 0.090694 0.079788 0.000010 0.000010 0.175431 0.501503 0.000010
0.148736 0.099181 0.000010 0.091390 0.026142 0.072893 0.168821 0.392817 0.000010
0.206489 0.000010 0.097308 0.126968 0.000010 0.017261 0.102351 0.449593 0.000010
0.000010 0.000010 0.000010 0.027070 0.022692 0.455364 0.017421 0.000010 0.477414
0.000010 0.000010 0.000010 0.000010 0.000010 0.371936 0.015767 0.013899 0.598348
0.022272 0.000010 0.000010 0.000010 0.000010 0.413600 0.000010 0.000010 0.564068
0.000010 0.000010 0.018159 0.000010 0.000010 0.334140 0.000010 0.000010 0.647641
0.000010 0.017979 0.000010 0.000010 0.000010 0.348283 0.006494 0.000010 0.627194
0.000010 0.000010 0.000010 0.000010 0.000010 0.438932 0.000010 0.000010 0.560998
0.002623 0.000010 0.037395 0.000010 0.000010 0.364313 0.000010 0.000010 0.595619
0.000010 0.000010 0.000010 0.000010 0.000010 0.288619 0.000010 0.035377 0.675944
0.000010 0.000010 0.000010 0.000010 0.000010 0.331899 0.004831 0.010568 0.652652
0.000010 0.000010 0.011672 0.000010 0.029287 0.360695 0.000010 0.010773 0.587533
0.000010 0.000010 0.004941 0.000010 0.008719 0.399135 0.017511 0.000010 0.569655
0.064790 0.000010 0.000010 0.000010 0.000010 0.181630 0.009443 0.000010 0.744087
0.000010 0.000010 0.000010 0.000010 0.000010 0.449646 0.024659 0.032010 0.493636
0.000010 0.000010 0.029807 0.000010 0.000010 0.401377 0.000010 0.000010 0.568755
0.005736 0.000010 0.038048 0.000010 0.000010 0.436664 0.000010 0.000010 0.519501
0.012789 0.000010 0.029091 0.000010 0.000010 0.431900 0.000010 0.006976 0.519204
0.000010 0.000010 0.008220 0.001328 0.000010 0.379446 0.000010 0.000010 0.610956
0.011861 0.000010 0.000010 0.000010 0.000010 0.328082 0.000010 0.019596 0.640412
0.000010 0.000010 0.000010 0.022108 0.000010 0.433926 0.000010 0.000010 0.543906
0.000010 0.000010 0.000010 0.000010 0.008765 0.309357 0.000010 0.000010 0.681818
0.000010 0.000010 0.013165 0.000010 0.049116 0.550530 0.000010 0.000010 0.387139
0.000010 0.000010 0.012761 0.002128 0.000010 0.319715 0.015892 0.000010 0.649464
0.017730 0.010654 0.000010 0.000010 0.000010 0.326015 0.000010 0.000010 0.645551
0.000010 0.048009 0.000010 0.000010 0.000010 0.401420 0.025547 0.000010 0.524973
0.000010 0.000010 0.000010 0.000010 0.000010 0.330133 0.026500 0.000010 0.643307
0.000010 0.025771 0.000010 0.000010 0.018943 0.356334 0.000279 0.001468 0.597175
0.036648 0.030964 0.000010 0.017226 0.000010 0.400966 0.000010 0.000010 0.514156
0.000010 0.000010 0.012328 0.000010 0.000010 0.351524 0.000010 0.000010 0.636087
0.021012 0.045370 0.000010 0.000010 0.828091 0.000010 0.105477 0.000010 0.000010
0.562739 0.029960 0.000010 0.182619 0.040649 0.000010 0.000010 0.183993 0.000010
0.433294 0.000010 0.000010 0.315589 0.073306 0.000010 0.000010 0.177760 0.000010
0.345552 0.000010 0.074323 0.303497 0.008770 0.000010 0.000010 0.245767 0.022062
0.333627 0.044055 0.010899 0.321885 0.005230 0.000010 0.000010 0.228252 0.056032
0.289017 0.001771 0.000010 0.376944 0.000010 0.000010 0.143160 0.189069 0.000010
0.301268 0.000010 0.000010 0.357282 0.000010 0.000010 0.053906 0.287494 0.000010
0.289139 0.000010 0.011891 0.423605 0.010640 0.000010 0.006511 0.251275 0.006919
0.420582 0.000010 0.000010 0.195109 0.065670 0.000010 0.000010 0.251962 0.066637
0.366499 0.000010 0.000010 0.326713 0.054077 0.000010 0.074504 0.178168 0.000010
0.431215 0.000010 0.000010 0.362730 0.000889 0.000010 0.068783 0.130579 0.005774
0.367004 0.009088 0.000010 0.362872 0.023262 0.000010 0.076159 0.161585 0.000010
0.324432 0.000010 0.056137 0.484542 0.028414 0.020126 0.025371 0.060957 0.000010
0.463324 0.042384 0.000010 0.321368 0.000010 0.000010 0.057670 0.115215 0.000010
0.551424 0.000010 0.025127 0.133928 0.050361 0.000010 0.058681 0.180449 0.000010
0.569776 0.044140 0.008691 0.201863 0.000010 0.000010 0.054981 0.092159 0.028371
0.429611 0.007263 0.000010 0.246661 0.065066 0.000010 0.082338 0.166481 0.002560
0.544727 0.027106 0.000010 0.198407 0.049614 0.000010 0.046395 0.120485 0.013246
0.511607 0.000010 0.000010 0.239789 0.012141 0.000010 0.021548 0.214874 0.000010
0.277407 0.000010 0.040989 0.347594 0.000010 0.000801 0.033537 0.278354 0.021299
0.353291 0.000010 0.000010 0.388995 0.007353 0.036583 0.003992 0.193597 0.016168
0.311138 0.065803 0.000010 0.417481 0.039952 0.000010 0.000010 0.165585 0.000010
0.472357 0.063931 0.000010 0.183857 0.000010 0.000010 0.000010 0.279805 0.000010
0.362754 0.020600 0.000010 0.395326 0.000010 0.000010 0.058261 0.163019 0.000010
0.368993 0.000010 0.000010 0.227342 0.045989 0.000010 0.084567 0.273068 0.000010
0.375766 0.000010 0.000010 0.285379 0.033594 0.027581 0.013609 0.264041 0.000010
0.329689 0.105275 0.000010 0.358462 0.005175 0.000010 0.079484 0.121886 0.000010
0.307186 0.000010 0.034050 0.478895 0.000010 0.013251 0.000010 0.166578 0.000010
0.475653 0.021564 0.000010 0.270048 0.022354 0.030982 0.059106 0.120273 0.000010
0.000010 0.000010 0.000010 0.002415 0.975267 0.000010 0.010869 0.000010 0.011399
0.000010 0.000010 0.010809 0.000010 0.989121 0.000010 0.000010 0.000010 0.000010
0.033334 0.000010 0.000010 0.000010 0.966596 0.000010 0.000010 0.000010 0.000010
0.000010 0.000010 0.000010 0.000010 0.985157 0.000010 0.014773 0.000010 0.000010
0.000010 0.000010 0.099690 0.000010 0.659674 0.000010 0.240576 0.000010 0.000010
0.000010 0.000010 0.000010 0.000010 0.985725 0.000010 0.000010 0.014205 0.000010
0.000010 0.000010 0.000010 0.001028 0.974478 0.024434 0.000010 0.000010 0.000010
0.000010 0.000010 0.000010 0.003015 0.978927 0.000010 0.017997 0.000010 0.000010
0.012572 0.000010 0.000010 0.000010 0.987358 0.000010 0.000010 0.000010 0.000010
0.000010 0.000010 0.001408 0.026023 0.971356 0.000010 0.000010 0.001163 0.000010
0.000010 0.000010 0.008864 0.025136 0.866008 0.000010 0.048421 0.051531 0.000010
0.000011 0.000010 0.000010 0.000010 0.999919 0.000010 0.000010 0.000010 0.000010
0.029409 0.000010 0.000010 0.000010 0.970521 0.000010 0.000010 0.000010 0.000010
0.000010 0.000010 0.000010 0.000010 0.972391 0.000010 0.000010 0.027539 0.000010
0.000010 0.000010 0.000010 0.000010 0.964858 0.000010 0.035072 0.000010 0.000010
0.000010 0.000010 0.000010 0.019524 0.980406 0.000010 0.000010 0.000010 0.000010
0.000010 0.000010 0.000010 0.000010 0.955419 0.000010 0.044511 0.000010 0.000010
0.573508 0.000010 0.000110 0.204433 0.000010 0.000010 0.000010 0.221899 0.000010
0.485637 0.020474 0.000010 0.050746 0.000010 0.000010 0.051620 0.320823 0.070670
0.440601 0.033442 0.016399 0.107566 0.000010 0.000010 0.066183 0.317971 0.017816
0.614878 0.000010 0.055734 0.023183 0.000010 0.000010 0.000010 0.250551 0.055614
0.574756 0.000010 0.032000 0.055593 0.000010 0.000010 0.000010 0.285970 0.051641
0.531331 0.000010 0.096789 0.071360 0.037957 0.000010 0.000010 0.204153 0.058380
0.485615 0.095437 0.000010 0.064240 0.000010 0.050898 0.028407 0.275373 0.000010
0.509223 0.000010 0.034035 0.089051 0.027978 0.000010 0.000010 0.312604 0.027078
0.601769 0.000010 0.010626 0.118641 0.000010 0.000010 0.000010 0.268914 0.000010
0.576451 0.057578 0.000261 0.004550 0.119503 0.003448 0.003135 0.235064 0.000010
0.414620 0.000010 0.000010 0.127583 0.074337 0.000010 0.128429 0.252351 0.002650
0.497177 0.040399 0.000010 0.000010 0.000010 0.000010 0.000010 0.421209 0.041164
0.616094 0.000010 0.000010 0.050612 0.012849 0.001681 0.000010 0.306550 0.012185
0.497157 0.000010 0.019540 0.183633 0.018519 0.000010 0.020512 0.248877 0.011742
0.599562 0.083085 0.000010 0.022160 0.053801 0.044497 0.030689 0.166185 0.000010
0.383830 0.000010 0.081667 0.000010 0.000010 0.037835 0.029479 0.467149 0.000010
0.626072 0.061757 0.000010 0.000010 0.000010 0.000010 0.013751 0.271028 0.027352
0.501040 0.005122 0.000010 0.229313 0.032242 0.000022 0.000010 0.224363 0.007878
0.451359 0.030651 0.000010 0.098694 0.039160 0.000010 0.054044 0.271965 0.054107
0.752995 0.011509 0.060906 0.041155 0.000010 0.011319 0.000010 0.122087 0.000010
0.403996 0.000010 0.004478 0.162505 0.000010 0.000010 0.000010 0.397893 0.031087
0.607041 0.000010 0.000010 0.090580 0.000010 0.054411 0.000010 0.238393 0.009535
0.631845 0.000010 0.000010 0.032943 0.000010 0.000010 0.000010 0.327241 0.007921
0.707231 0.000010 0.000010 0.062631 0.031896 0.000010 0.000010 0.198192 0.000010
0.404285 0.039696 0.000010 0.255195 0.093740 0.000010 0.000010 0.196514 0.010539
0.468504 0.000010 0.017689 0.110088 0.018915 0.000010 0.000010 0.323673 0.061101
0.635064 0.000010 0.000010 0.068942 0.000010 0.000010 0.000010 0.211522 0.084423
0.677296 0.023477 0.012219 0.029804 0.000010 0.000010 0.000010 0.202095 0.055079
0.428608 0.105883 0.000010 0.205633 0.000010 0.000435 0.000010 0.190659 0.068752
0.662655 0.000010 0.000010 0.000010 0.052402 0.049429 0.000010 0.146404 0.089070
0.603416 0.030060 0.000010 0.044839 0.000010 0.000010 0.000010 0.280873 0.040771
0.605828 0.000010 0.091440 0.098543 0.000010 0.000010 0.000010 0.186853 0.017297
0.652668 0.000010 0.011901 0.000010 0.025441 0.002880 0.000010 0.228089 0.078990
0.441278 0.000010 0.114620 0.039935 0.000010 0.000010 0.055442 0.312830 0.035865
0.533519 0.000010 0.000010 0.025939 0.000010 0.000010 0.000010 0.340822 0.099671
0.498971 0.000010 0.065991 0.104543 0.005713 0.000010 0.000010 0.312437 0.012315
0.627972 0.059462 0.000010 0.018240 0.000010 0.000010 0.000010 0.287325 0.006961
0.495602 0.000010 0.075531 0.000010 0.000010 0.000010 0.000010 0.420679 0.008138
0.587130 0.010032 0.004060 0.195179 0.000010 0.000010 0.009839 0.147211 0.046530
0.626162 0.000010 0.000010 0.080582 0.000010 0.000010 0.000010 0.220422 0.072784
0.545623 0.000010 0.108317 0.067894 0.000010 0.000010 0.000010 0.260970 0.017156
0.451537 0.041355 0.000010 0.254985 0.000010 0.000010 0.000194 0.216245 0.035654
0.654694 0.000010 0.000010 0.000010 0.000010 0.037717 0.039559 0.244272 0.023718
0.607515 0.042828 0.000010 0.027315 0.086013 0.041853 0.000010 0.194446 0.000010
0.417282 0.000010 0.007813 0.139263 0.000010 0.043270 0.000010 0.198983 0.193359
0.627942 0.000010 0.000010 0.000010 0.060765 0.048788 0.000010 0.175847 0.086619
0.556424 0.000010 0.000010 0.014479 0.072523 0.048567 0.000010 0.182815 0.125162
0.546281 0.101772 0.000010 0.000010 0.000010 0.046581 0.000010 0.305316 0.000010
0.558546 0.000010 0.021610 0.122460 0.000010 0.000010 0.027126 0.270219 0.000010
0.555015 0.063417 0.000010 0.123713 0.000010 0.002938 0.000010 0.229000 0.025887
0.644013 0.000010 0.011629 0.000010 0.028198 0.000010 0.038938 0.206380 0.070811
0.754626 0.000010 0.000010 0.000010 0.035091 0.000010 0.000010 0.144335 0.065898
0.691429 0.065665 0.000010 0.000010 0.024891 0.058245 0.017000 0.122735 0.020015
0.565435 0.000010 0.000010 0.000010 0.000010 0.005669 0.000010 0.349750 0.079097
0.481344 0.103925 0.000010 0.087370 0.000010 0.020617 0.036879 0.236022 0.033823
0.067695 0.000010 0.000010 0.000010 0.060417 0.011941 0.022600 0.022335 0.814982
0.608888 0.065113 0.000010 0.000010 0.000010 0.004077 0.068755 0.212083 0.041054
0.566286 0.000010 0.059754 0.000010 0.000010 0.047172 0.000010 0.105217 0.221532
0.676560 0.000010 0.000010 0.061264 0.087699 0.000010 0.000161 0.174275 0.000010
0.543238 0.024282 0.000010 0.000010 0.000010 0.023619 0.000010 0.327906 0.080915
0.509502 0.000010 0.080430 0.159353 0.000010 0.000010 0.062279 0.137177 0.051228
0.629458 0.069966 0.000010 0.000010 0.000010 0.000010 0.000010 0.122533 0.177994
0.660268 0.000010 0.038266 0.000010 0.010694 0.000010 0.000010 0.290721 0.000010
0.577758 0.000010 0.000010 0.012578 0.036130 0.000010 0.000010 0.347606 0.025889
0.724248 0.133906 0.000010 0.000010 0.000010 0.000010 0.000010 0.047848 0.093948
0.647475 0.012233 0.000010 0.000010 0.000010 0.000010 0.078977 0.217243 0.044032
0.558787 0.000010 0.138968 0.073624 0.017585 0.030331 0.072859 0.085480 0.022355
0.595424 0.000010 0.000010 0.062832 0.088709 0.029830 0.017982 0.000010 0.205193
0.528081 0.117195 0.000010 0.000010 0.000010 0.000010 0.000010 0.324146 0.030527
0.664584 0.000010 0.000010 0.000010 0.040936 0.002393 0.000010 0.281395 0.010653
0.425528 0.000010 0.000010 0.075727 0.142807 0.000010 0.106240 0.127307 0.122361
0.458445 0.000010 0.000010 0.063119 0.017966 0.049252 0.000010 0.245062 0.166127
0.499074 0.002492 0.067118 0.085929 0.068021 0.005538 0.013675 0.153690 0.104465
0.484397 0.032104 0.000010 0.020812 0.000010 0.016541 0.000010 0.282180 0.163936
0.614754 0.005645 0.000010 0.000010 0.000010 0.000010 0.000010 0.224808 0.154742
0.625338 0.000010 0.000010 0.000010 0.000010 0.000010 0.000010 0.243010 0.131591
0.674846 0.065674 0.000010 0.000010 0.007052 0.000010 0.000010 0.200142 0.052246
0.555104 0.000010 0.000010 0.025393 0.073820 0.000010 0.033771 0.235657 0.076224
0.480192 0.000010 0.000010 0.145247 0.039318 0.027322 0.003165 0.252407 0.052329
0.355224 0.000010 0.000010 0.113081 0.025687 0.000010 0.088537 0.167805 0.249636
0.621220 0.030142 0.020854 0.037332 0.000010 0.041772 0.002270 0.218074 0.028325
0.731037 0.043450 0.000010 0.000010 0.000010 0.000010 0.016783 0.208679 0.000010
0.761967 0.063248 0.000010 0.000010 0.043301 0.002878 0.000010 0.114650 0.013926
0.450912 0.020472 0.000010 0.084671 0.000010 0.008977 0.009372 0.286703 0.138873
0.702797 0.000010 0.060238 0.000010 0.027580 0.000010 0.000010 0.184419 0.024926
0.660689 0.128999 0.000010 0.050108 0.000010 0.000010 0.000010 0.127204 0.032960
0.400896 0.000010 0.000010 0.149666 0.063442 0.057898 0.000010 0.328058 0.000010
0.020351 0.000010 0.000010 0.005434 0.866163 0.000010 0.108003 0.000010 0.000010
0.046901 0.000010 0.000010 0.000010 0.825068 0.000010 0.127599 0.000382 0.000010
0.000010 0.006058 0.028264 0.000010 0.730250 0.000010 0.235378 0.000010 0.000010
0.000010 0.024951 0.000010 0.017699 0.865970 0.003890 0.087450 0.000010 0.000010
0.000010 0.011753 0.009047 0.000016 0.803154 0.000010 0.175990 0.000010 0.000010
0.000010 0.066396 0.000010 0.000010 0.842356 0.000010 0.091188 0.000010 0.000010
0.000010 0.000010 0.023936 0.032633 0.816408 0.000010 0.082674 0.000010 0.044310
0.626741 0.000010 0.000010 0.052707 0.000010 0.049760 0.101874 0.127579 0.041308
0.636897 0.000010 0.000010 0.171437 0.000010 0.047412 0.000010 0.102924 0.041291
0.614422 0.070878 0.000010 0.259375 0.031979 0.000010 0.000010 0.003820 0.019495
0.794718 0.000010 0.005390 0.116550 0.000010 0.000010 0.000010 0.054864 0.028437
0.621255 0.099020 0.000010 0.082875 0.044423 0.029993 0.000010 0.122404 0.000010
0.500295 0.004905 0.078009 0.214333 0.000010 0.009567 0.000011 0.192860 0.000010
0.512053 0.024710 0.040143 0.184743 0.000010 0.000010 0.000010 0.238311 0.000010
0.546486 0.085341 0.000010 0.144211 0.028574 0.023427 0.000010 0.171932 0.000010
0.448186 0.048878 0.000010 0.216965 0.000010 0.000010 0.070792 0.158496 0.056653
0.328767 0.116780 0.075727 0.312605 0.000010 0.000010 0.030281 0.135809 0.000010
0.519585 0.128253 0.000010 0.000010 0.000010 0.000010 0.000010 0.233707 0.118404
0.448268 0.035473 0.078401 0.091440 0.000010 0.000010 0.056134 0.257368 0.032895
0.477607 0.052532 0.000010 0.148091 0.000010 0.000010 0.037519 0.284211 0.000010
0.557032 0.066944 0.000010 0.063669 0.000010 0.000010 0.046820 0.186020 0.079484
0.523063 0.151975 0.000010 0.000010 0.000010 0.042690 0.076225 0.187703 0.018313
0.606900 0.000010 0.000010 0.000010 0.000010 0.002480 0.000010 0.390560 0.000010
0.528303 0.029611 0.000010 0.000010 0.000010 0.000010 0.000010 0.283943 0.158093
0.547287 0.000010 0.000010 0.071255 0.000010 0.000010 0.000010 0.276803 0.104605
0.519740 0.082894 0.000010 0.098247 0.022054 0.000010 0.000010 0.228969 0.048066
0.524899 0.032766 0.000010 0.092153 0.000010 0.071668 0.046200 0.093405 0.138890
0.506624 0.000010 0.015295 0.118167 0.023356 0.000010 0.027587 0.161646 0.147305
0.614578 0.000010 0.000010 0.124618 0.000010 0.000010 0.059803 0.200951 0.000010
0.543606 0.000010 0.000010 0.000010 0.122074 0.000010 0.019503 0.245595 0.069182
0.542170 0.028120 0.000010 0.060373 0.053290 0.070651 0.000010 0.217829 0.027548
0.731661 0.000010 0.000010 0.000010 0.001702 0.000010 0.000010 0.215704 0.050884
0.611972 0.000010 0.000010 0.080138 0.000010 0.000010 0.000010 0.178304 0.129536
0.585316 0.000010 0.000010 0.000010 0.000010 0.086855 0.114167 0.189596 0.024027
0.490309 0.124930 0.000010 0.000010 0.010667 0.007797 0.000010 0.244047 0.122221
0.560470 0.042949 0.067625 0.000010 0.000010 0.037653 0.000010 0.232965 0.058309
0.525319 0.000010 0.000010 0.151520 0.035013 0.015131 0.006445 0.176547 0.090005
0.434564 0.000010 0.012040 0.171325 0.000010 0.000010 0.063622 0.318409 0.000010
0.614441 0.009552 0.000010 0.083807 0.000010 0.039143 0.000010 0.253017 0.000010
0.570812 0.000010 0.000010 0.039568 0.024666 0.036208 0.050055 0.276036 0.002635
0.613696 0.000010 0.000010 0.043021 0.040897 0.009366 0.000010 0.238754 0.054236
0.672796 0.012935 0.000010 0.000010 0.033297 0.095378 0.025283 0.151971 0.008320
0.000010 0.955629 0.000010 0.000010 0.044301 0.000010 0.000010 0.000010 0.000010
0.000010 0.906270 0.023858 0.013661 0.000010 0.000010 0.056161 0.000010 0.000010
0.000010 0.847815 0.034326 0.078354 0.000010 0.000010 0.039456 0.000010 0.000010
0.000010 0.946377 0.018439 0.000010 0.000010 0.000010 0.035124 0.000010 0.000010
0.065509 0.173173 0.356634 0.005594 0.091585 0.047484 0.260002 0.000010 0.000010
0.000010 0.000010 0.585655 0.000010 0.007585 0.000010 0.316741 0.081686 0.008293
0.082728 0.080406 0.413149 0.002158 0.128705 0.000010 0.258757 0.034078 0.000010
0.000010 0.010685 0.548142 0.000010 0.038009 0.000010 0.362034 0.041091 0.000010
0.000010 0.000010 0.513943 0.000010 0.000010 0.000010 0.325869 0.160128 0.000010
0.000010 0.000010 0.611121 0.000010 0.056999 0.000010 0.321986 0.009844 0.000010
0.000010 0.000010 0.537494 0.000010 0.000010 0.000010 0.363162 0.099283 0.000010
0.000010 0.000010 0.646659 0.000010 0.000010 0.000010 0.340012 0.000010 0.013269
0.002610 0.000010 0.462956 0.000010 0.118170 0.000010 0.393710 0.022515 0.000010
0.000010 0.000010 0.527492 0.037607 0.070626 0.043420 0.283833 0.036993 0.000010
0.484611 0.000010 0.000010 0.285525 0.000010 0.000010 0.016526 0.197078 0.016220
0.521078 0.022507 0.000010 0.030499 0.000010 0.084540 0.000010 0.269150 0.072197
0.624326 0.020374 0.000010 0.034764 0.000010 0.000010 0.042596 0.274813 0.003097
0.499805 0.078343 0.000010 0.109561 0.000010 0.046897 0.000010 0.195375 0.069988
0.488457 0.006555 0.000010 0.078961 0.000010 0.054883 0.041589 0.314873 0.014662
0.448142 0.026016 0.000010 0.082455 0.019613 0.000010 0.000010 0.295249 0.128495
0.659934 0.102956 0.000010 0.000010 0.051621 0.011596 0.000010 0.042230 0.131632
0.573410 0.036094 0.025956 0.053019 0.023902 0.000010 0.000010 0.287589 0.000010
0.380897 0.069095 0.000010 0.062362 0.083225 0.032835 0.020245 0.307471 0.043859
0.559957 0.000010 0.000010 0.000010 0.061008 0.009816 0.017983 0.255853 0.095352
0.507583 0.000010 0.000010 0.000010 0.024619 0.000010 0.000010 0.384019 0.083728
0.552276 0.074234 0.000010 0.000010 0.000010 0.000010 0.000010 0.298390 0.075050
0.680186 0.013316 0.000010 0.036434 0.002539 0.000010 0.000010 0.219129 0.048366
0.471401 0.000010 0.135976 0.140261 0.011386 0.073005 0.000010 0.144459 0.023491
0.491257 0.000010 0.000010 0.144939 0.025975 0.015359 0.000010 0.229406 0.093034
0.446816 0.000010 0.000010 0.032393 0.098355 0.124723 0.000010 0.219593 0.078089
0.642601 0.069706 0.000010 0.000010 0.000010 0.000010 0.000010 0.119893 0.167750
0.494848 0.000010 0.124051 0.000010 0.000010 0.019061 0.000010 0.205141 0.156859
0.539683 0.064584 0.000010 0.029226 0.047842 0.000010 0.000010 0.157500 0.161136
0.466810 0.000010 0.152414 0.075855 0.000010 0.000011 0.000010 0.106471 0.198410
0.551936 0.020850 0.036382 0.008764 0.081830 0.013542 0.078020 0.202117 0.006559
0.000010 0.000010 0.672474 0.000010 0.000010 0.000010 0.219399 0.108066 0.000010
0.000010 0.029651 0.653566 0.000010 0.003619 0.000010 0.313115 0.000010 0.000010
0.000010 0.150042 0.636995 0.000010 0.000010 0.000010 0.203075 0.005083 0.004765
0.000010 0.000010 0.740494 0.000010 0.017638 0.000010 0.241808 0.000010 0.000010
0.000010 0.011177 0.647603 0.000010 0.000010 0.000010 0.330695 0.010475 0.000010
0.000010 0.008955 0.628616 0.013482 0.043119 0.000010 0.305064 0.000010 0.000734
0.000010 0.064652 0.672844 0.000010 0.031902 0.000010 0.210021 0.020541 0.000010
0.000010 0.048430 0.641525 0.000010 0.000010 0.000010 0.293107 0.016889 0.000010
0.000010 0.055453 0.628116 0.000010 0.005265 0.000010 0.278261 0.032865 0.000010
0.049649 0.068650 0.642351 0.000010 0.000010 0.000010 0.239148 0.000010 0.000162
0.000010 0.059992 0.580624 0.000010 0.000010 0.000010 0.359324 0.000010 0.000010
0.000010 0.071045 0.694925 0.000010 0.000010 0.000010 0.233970 0.000010 0.000010
0.000010 0.114035 0.588964 0.008633 0.043283 0.010732 0.217224 0.017109 0.000010
0.000010 0.000010 0.667811 0.000010 0.017182 0.000010 0.220007 0.094949 0.000010
0.000010 0.000010 0.706526 0.000010 0.000010 0.000010 0.278756 0.000010 0.014658
0.003488 0.108771 0.445705 0.048018 0.061309 0.000010 0.332678 0.000010 0.000010
0.000010 0.004218 0.685722 0.000010 0.000010 0.000010 0.244660 0.065350 0.000010
0.000010 0.031392 0.670975 0.000010 0.080497 0.000010 0.217085 0.000010 0.000010
0.000010 0.018487 0.691404 0.000010 0.000010 0.000010 0.290049 0.000010 0.000010
0.000010 0.010109 0.650402 0.000010 0.000010 0.000010 0.265123 0.074316 0.000010
0.000010 0.015442 0.572005 0.000010 0.000010 0.000010 0.358881 0.051938 0.001693
0.000010 0.030597 0.725443 0.000010 0.022371 0.000010 0.221539 0.000010 0.000010
0.000010 0.169398 0.495585 0.000010 0.000010 0.000010 0.333274 0.000010 0.001692
0.000010 0.000010 0.630685 0.000010 0.000010 0.000010 0.304558 0.055452 0.009255
0.000010 0.033077 0.748116 0.000010 0.000010 0.000010 0.190088 0.028670 0.000010
0.000010 0.139574 0.573920 0.000010 0.000010 0.000010 0.279518 0.006938 0.000010
0.000010 0.024753 0.599015 0.000010 0.096571 0.003610 0.266024 0.009996 0.000010
0.000010 0.000010 0.750290 0.000010 0.000010 0.019823 0.229828 0.000010 0.000010
0.000010 0.000010 0.658823 0.000010 0.000010 0.000010 0.308680 0.032437 0.000010
0.000010 0.073693 0.633514 0.025137 0.035149 0.000010 0.232467 0.000010 0.000010
0.000010 0.029323 0.639320 0.000010 0.000010 0.009983 0.321324 0.000010 0.000010
0.000010 0.070295 0.551007 0.000010 0.000010 0.015587 0.360564 0.000010 0.002508
0.000010 0.102462 0.425920 0.039116 0.054008 0.000010 0.378453 0.000010 0.000010
0.035247 0.024494 0.618523 0.000010 0.070926 0.006867 0.243913 0.000010 0.000010
0.000010 0.106293 0.516741 0.036823 0.072679 0.009383 0.258050 0.000010 0.000010
0.000010 0.000010 0.601049 0.000010 0.038485 0.028577 0.331838 0.000010 0.000010
0.000010 0.046772 0.595573 0.000010 0.039650 0.000010 0.317955 0.000010 0.000010
0.002888 0.105859 0.454125 0.000010 0.033070 0.020994 0.340979 0.019518 0.022558
0.000010 0.000010 0.660595 0.000010 0.000010 0.000010 0.339335 0.000010 0.000010
0.000010 0.000010 0.000010 0.003085 0.900885 0.000010 0.095970 0.000010 0.000010
0.000010 0.000010 0.000010 0.035505 0.961447 0.000010 0.002989 0.000010 0.000010
0.000010 0.012503 0.675885 0.000010 0.000010 0.009345 0.302217 0.000010 0.000010
0.000010 0.007086 0.586743 0.066088 0.000010 0.000010 0.340033 0.000010 0.000010
0.384822 0.001254 0.000010 0.372193 0.000010 0.000010 0.047300 0.109740 0.084662
0.528050 0.000010 0.000010 0.287025 0.131076 0.030454 0.018072 0.000010 0.005292
0.580620 0.098370 0.000010 0.176705 0.000010 0.000010 0.000010 0.144255 0.000010
0.307364 0.000010 0.000010 0.336892 0.006400 0.007945 0.053389 0.281414 0.006577
0.232634 0.000010 0.000010 0.430006 0.000010 0.000010 0.084258 0.253052 0.000010
0.467484 0.016720 0.029596 0.251166 0.000010 0.034343 0.024087 0.174763 0.001830
0.234378 0.027629 0.025436 0.420199 0.000010 0.019651 0.000010 0.271649 0.001039
0.281042 0.000010 0.000010 0.489643 0.000010 0.000010 0.078378 0.150886 0.000010
0.341988 0.000010 0.017486 0.369295 0.035157 0.000010 0.033696 0.202348 0.000010
0.395415 0.047767 0.000010 0.419402 0.000010 0.000010 0.000010 0.137367 0.000010
0.447904 0.005927 0.000010 0.352065 0.005943 0.003135 0.000010 0.167527 0.017478
0.458356 0.031685 0.085422 0.218641 0.000010 0.000010 0.000010 0.205857 0.000010
0.235207 0.042439 0.000010 0.464068 0.000010 0.005003 0.000010 0.250945 0.002309
0.000010 0.049440 0.571521 0.000010 0.061900 0.000010 0.317088 0.000010 0.000010
0.000010 0.000010 0.590564 0.000010 0.053372 0.000010 0.356004 0.000010 0.000010
0.000010 0.000010 0.674306 0.000010 0.000010 0.000010 0.325624 0.000010 0.000010
0.000010 0.027356 0.633752 0.000010 0.000010 0.000010 0.321393 0.017449 0.000010
0.000010 0.003332 0.774413 0.011302 0.000010 0.000010 0.210904 0.000010 0.000010
0.000010 0.007196 0.577178 0.000010 0.028827 0.000010 0.344560 0.030532 0.011676
0.000010 0.000010 0.693020 0.000010 0.001397 0.012339 0.293193 0.000010 0.000010
0.000010 0.000010 0.617953 0.000010 0.000010 0.000010 0.339304 0.033547 0.009146
0.000010 0.000010 0.516390 0.000010 0.000010 0.000010 0.466010 0.000010 0.017540
0.016802 0.000010 0.619181 0.002531 0.000010 0.016299 0.345147 0.000010 0.000010
0.000010 0.000010 0.740139 0.000010 0.000010 0.000010 0.247134 0.000010 0.012666
0.001624 0.047017 0.718849 0.000010 0.000010 0.000010 0.232460 0.000010 0.000010
