0.212017 0.085265 0.020224 0.202481 0.000010 0.000010 0.089938 0.331973 0.058082
0.331999 0.029692 0.143950 0.053072 0.000010 0.000010 0.064361 0.361135 0.015772
0.221352 0.055050 0.055018 0.120020 0.000010 0.000010 0.128583 0.419947 0.000010
0.318864 0.031983 0.058140 0.000010 0.000010 0.000010 0.069720 0.521253 0.000010
0.397298 0.000010 0.000010 0.031711 0.058150 0.000010 0.099509 0.413292 0.000010
0.086631 0.006742 0.057194 0.193719 0.012355 0.017754 0.000010 0.123579 0.502017
0.444437 0.022095 0.000010 0.000010 0.001148 0.000010 0.171077 0.324151 0.037063
0.326817 0.000010 0.082066 0.000010 0.000010 0.000010 0.109437 0.438799 0.042841
0.081253 0.000010 0.160614 0.182824 0.038078 0.000010 0.164290 0.331992 0.040929
0.141709 0.000010 0.021080 0.153545 0.000010 0.000010 0.141475 0.492590 0.049572
0.436457 0.000010 0.000010 0.000010 0.009203 0.016293 0.065474 0.472532 0.000010
0.424487 0.037341 0.000010 0.000010 0.106628 0.000010 0.052819 0.359967 0.018728
0.371565 0.003015 0.008218 0.078583 0.015621 0.000010 0.101196 0.421782 0.000010
0.325240 0.057145 0.000010 0.081698 0.000010 0.000010 0.174083 0.170391 0.191413
0.233347 0.000010 0.098353 0.120951 0.013511 0.000010 0.097304 0.436503 0.000010
0.264419 0.031802 0.007548 0.093420 0.064166 0.000010 0.048704 0.457446 0.032484
0.262443 0.000010 0.025161 0.047176 0.004200 0.000010 0.026313 0.514782 0.119904
0.397240 0.015507 0.030500 0.087802 0.000010 0.000010 0.106527 0.362394 0.000010
0.129953 0.000010 0.000010 0.142489 0.000010 0.062738 0.126567 0.497264 0.040960
0.220151 0.006098 0.073305 0.120958 0.000010 0.000010 0.000010 0.571274 0.008184
0.402555 0.000010 0.000010 0.110396 0.000010 0.000010 0.039217 0.447782 0.000010
0.421633 0.000010 0.126422 0.000010 0.083608 0.000010 0.042411 0.318843 0.007053
0.350063 0.000010 0.000010 0.000010 0.000010 0.000010 0.098202 0.551676 0.000010
0.564169 0.000010 0.000010 0.000010 0.037014 0.000010 0.065913 0.332854 0.000010
0.330548 0.000010 0.000010 0.029709 0.000010 0.000010 0.169751 0.469943 0.000010
0.498765 0.061098 0.000010 0.000010 0.106401 0.000010 0.000010 0.333687 0.000010
0.351965 0.068936 0.003524 0.001191 0.000010 0.000010 0.061038 0.513317 0.000010
0.297501 0.012647 0.012701 0.082624 0.134657 0.000010 0.145795 0.197304 0.116761
0.234337 0.002068 0.003224 0.070821 0.038305 0.044395 0.221235 0.385605 0.000010
0.148389 0.000010 0.000010 0.049943 0.000010 0.000010 0.118364 0.461186 0.222078
0.560413 0.044841 0.000010 0.077385 0.000010 0.000010 0.000010 0.317311 0.000010
0.376212 0.009865 0.044768 0.025450 0.000010 0.000010 0.016547 0.521785 0.005354
0.235926 0.070408 0.000010 0.153694 0.000010 0.000010 0.063336 0.461361 0.015244
0.402331 0.000010 0.124229 0.000010 0.151258 0.028006 0.052905 0.241242 0.000010
0.174433 0.000010 0.148162 0.000010 0.031384 0.000010 0.176342 0.464524 0.005125
0.296850 0.062756 0.000010 0.099725 0.149714 0.000010 0.012314 0.378611 0.000010
0.457853 0.000010 0.000010 0.049538 0.000010 0.000010 0.103589 0.349078 0.039903
0.411091 0.065775 0.000010 0.000010 0.024117 0.016039 0.003433 0.369086 0.110438
0.242914 0.067064 0.062692 0.000010 0.000010 0.022196 0.049645 0.550917 0.004552
0.393352 0.000010 0.035986 0.000010 0.015198 0.089099 0.000010 0.418070 0.048265
0.206891 0.050616 0.113560 0.190662 0.000010 0.000010 0.051567 0.386673 0.000010
0.307096 0.028968 0.079287 0.026597 0.000010 0.000010 0.043047 0.514974 0.000010
0.387695 0.019421 0.000010 0.143308 0.000010 0.034014 0.071695 0.319625 0.024222
0.324917 0.000010 0.012144 0.000010 0.000010 0.000010 0.104438 0.515950 0.042511
0.326166 0.069961 0.035652 0.000010 0.023153 0.002304 0.109820 0.432924 0.000010
0.282757 0.000010 0.118167 0.000010 0.000010 0.000010 0.115212 0.483815 0.000010
0.264183 0.000010 0.000010 0.176318 0.000010 0.000010 0.124844 0.434605 0.000010
0.249813 0.000010 0.000010 0.093534 0.000010 0.000010 0.165883 0.448436 0.042293
0.215349 0.000010 0.306487 0.194864 0.018569 0.012357 0.108867 0.116476 0.027020
0.394307 0.050382 0.130896 0.082102 0.000010 0.045642 0.049322 0.247329 0.000010
0.145019 0.052316 0.364799 0.004022 0.103755 0.000010 0.000010 0.314137 0.015933
0.000010 0.076990 0.533006 0.204606 0.014963 0.000010 0.014910 0.155495 0.000010
0.144146 0.004691 0.431038 0.000010 0.000010 0.014394 0.205522 0.200178 0.000010
0.005507 0.000010 0.447833 0.048118 0.046846 0.009885 0.248912 0.150881 0.042006
0.297702 0.146767 0.198053 0.021369 0.024176 0.006829 0.118786 0.179461 0.006857
0.141072 0.000010 0.348966 0.131864 0.000010 0.000010 0.119541 0.258516 0.000010
0.106938 0.127661 0.386861 0.004932 0.000010 0.000010 0.166928 0.139083 0.067576
0.054371 0.065232 0.342955 0.189401 0.000010 0.000010 0.041971 0.306039 0.000010
0.162493 0.000010 0.408624 0.137792 0.007937 0.000010 0.136822 0.146302 0.000010
0.151603 0.071811 0.307117 0.163640 0.000010 0.000010 0.146755 0.159044 0.000010
0.153183 0.053942 0.301016 0.000010 0.005320 0.000010 0.152141 0.272534 0.061844
0.344626 0.000010 0.216558 0.055698 0.038875 0.000010 0.115852 0.228361 0.000010
0.128612 0.000010 0.164708 0.184205 0.077862 0.017186 0.089281 0.338126 0.000010
0.127070 0.010289 0.342277 0.041114 0.070006 0.000010 0.106628 0.302595 0.000010
0.148447 0.034254 0.388749 0.066561 0.009622 0.000010 0.146540 0.205807 0.000010
0.106008 0.108958 0.374309 0.107544 0.023729 0.000010 0.049396 0.230035 0.000010
0.173188 0.013116 0.197352 0.182115 0.163076 0.000010 0.036222 0.155072 0.079849
0.094320 0.060463 0.203357 0.358124 0.000010 0.000010 0.096504 0.187202 0.000010
0.128323 0.011869 0.315665 0.000010 0.110216 0.001547 0.137356 0.295004 0.000010
0.111434 0.000010 0.209343 0.286227 0.098457 0.000010 0.000010 0.232582 0.061926
0.172330 0.000010 0.000010 0.058447 0.000010 0.095696 0.037829 0.000010 0.635658
0.329789 0.015477 0.076555 0.017291 0.000010 0.040303 0.071133 0.449432 0.000010
0.428006 0.009992 0.082829 0.000010 0.048795 0.086106 0.000010 0.328846 0.015406
0.349472 0.000010 0.134935 0.000010 0.014206 0.000010 0.030680 0.288701 0.181976
0.353874 0.000010 0.000010 0.040148 0.000010 0.000010 0.155669 0.450258 0.000010
0.437539 0.052552 0.005923 0.035864 0.044454 0.000010 0.087845 0.335803 0.000010
0.403398 0.000010 0.000010 0.000010 0.007996 0.000010 0.128310 0.399898 0.060359
0.272181 0.010931 0.076087 0.073603 0.000010 0.027556 0.013701 0.401584 0.124346
0.440442 0.000010 0.000010 0.102344 0.000010 0.012598 0.112440 0.332137 0.000010
0.411710 0.097173 0.000010 0.112170 0.000010 0.008458 0.064049 0.306411 0.000010
0.196970 0.000010 0.000010 0.042392 0.000010 0.066146 0.170713 0.433853 0.089895
0.356763 0.000010 0.000010 0.037571 0.000010 0.000010 0.115389 0.490228 0.000010
0.584301 0.007068 0.000010 0.000010 0.074393 0.013528 0.000010 0.269377 0.051303
0.360251 0.000010 0.000768 0.175564 0.000010 0.000010 0.000010 0.463366 0.000010
0.104197 0.000010 0.000010 0.246483 0.000010 0.072749 0.058536 0.368199 0.149806
0.262677 0.000010 0.037817 0.080115 0.000010 0.000010 0.137290 0.448247 0.033824
0.246050 0.000010 0.000010 0.000010 0.000010 0.000010 0.140271 0.441195 0.172434
0.139528 0.000010 0.000010 0.087833 0.000010 0.034064 0.080899 0.582558 0.075087
0.464395 0.000010 0.000010 0.019772 0.028286 0.031490 0.000010 0.400640 0.055387
0.616633 0.000010 0.142343 0.019602 0.000766 0.000010 0.000010 0.220616 0.000010
0.316519 0.000010 0.017828 0.025080 0.000010 0.000010 0.081438 0.556560 0.002546
0.358717 0.027660 0.075833 0.094467 0.059477 0.000010 0.006771 0.355935 0.021130
0.392743 0.000010 0.000010 0.185962 0.000010 0.047782 0.042722 0.330751 0.000010
0.278464 0.000010 0.000010 0.070822 0.000010 0.036772 0.101416 0.512486 0.000010
0.240743 0.000010 0.000010 0.169943 0.000010 0.000010 0.104945 0.484319 0.000010
0.205011 0.000010 0.001418 0.082109 0.015117 0.046427 0.200273 0.449626 0.000010
0.152742 0.000010 0.000010 0.005251 0.000010 0.021349 0.136735 0.489359 0.194535
0.340936 0.008860 0.000010 0.000010 0.078021 0.024990 0.020376 0.526788 0.000010
0.196228 0.000010 0.083691 0.124910 0.006058 0.041004 0.073438 0.474650 0.000010
0.267766 0.000010 0.000010 0.173018 0.029316 0.024852 0.120371 0.384647 0.000010
0.278062 0.000010 0.023179 0.000010 0.000010 0.025997 0.186864 0.485858 0.000010
0.122760 0.027082 0.015278 0.000010 0.000010 0.098061 0.082894 0.349537 0.304368
0.249812 0.000010 0.001404 0.051837 0.054182 0.000010 0.158533 0.484203 0.000010
0.232611 0.000010 0.000010 0.000010 0.000010 0.000010 0.207314 0.525475 0.034550
0.212932 0.004877 0.000010 0.067695 0.062353 0.000010 0.252869 0.399244 0.000010
0.176902 0.024586 0.000010 0.114203 0.058514 0.000010 0.202672 0.423093 0.000010
0.262665 0.000010 0.033520 0.015094 0.059839 0.048042 0.074554 0.479595 0.026682
0.201535 0.035859 0.090595 0.033174 0.000010 0.000010 0.132779 0.506027 0.000010
0.179149 0.006741 0.000010 0.049074 0.000010 0.000010 0.203265 0.561730 0.000010
0.267060 0.000010 0.049619 0.000010 0.075604 0.000010 0.083711 0.484158 0.039818
0.184605 0.000010 0.000010 0.098251 0.000010 0.010214 0.147460 0.535567 0.023873
0.192935 0.000010 0.094796 0.070030 0.000010 0.000010 0.115864 0.466663 0.059681
0.164035 0.050129 0.104435 0.000010 0.000010 0.000010 0.170373 0.510989 0.000010
0.265110 0.000010 0.043919 0.006797 0.008724 0.000010 0.235354 0.440065 0.000010
0.297437 0.002207 0.061175 0.166472 0.000010 0.000010 0.072777 0.399328 0.000585
0.123271 0.000010 0.000010 0.075957 0.000010 0.000010 0.297818 0.502904 0.000010
0.108683 0.000010 0.066757 0.082983 0.000010 0.000010 0.268000 0.473537 0.000010
0.429886 0.000010 0.039230 0.000010 0.000010 0.000010 0.104996 0.425838 0.000010
0.168493 0.000010 0.031446 0.079596 0.000010 0.018402 0.285093 0.389116 0.027834
0.176805 0.054939 0.082395 0.239488 0.000010 0.019365 0.046402 0.364519 0.016078
0.090708 0.012374 0.000010 0.204372 0.029497 0.000010 0.152284 0.510735 0.000010
0.255952 0.000010 0.143248 0.154374 0.000010 0.000010 0.104698 0.341688 0.000010
0.459219 0.000010 0.021603 0.032459 0.060316 0.000010 0.016788 0.366285 0.043311
0.330888 0.065986 0.000010 0.000010 0.099978 0.001281 0.152939 0.348899 0.000010
0.334759 0.000010 0.000010 0.001902 0.066206 0.000010 0.000010 0.597083 0.000010
0.260211 0.035454 0.017648 0.080315 0.000010 0.067356 0.098277 0.440719 0.000010
0.111053 0.000010 0.027037 0.227728 0.000010 0.000010 0.190760 0.443382 0.000010
0.145459 0.008385 0.159554 0.186954 0.000010 0.000010 0.057768 0.441850 0.000010
0.271013 0.050388 0.000010 0.024168 0.000010 0.000010 0.187874 0.466517 0.000010
0.000411 0.017903 0.151515 0.138942 0.000010 0.000010 0.191557 0.490690 0.008962
0.139252 0.034990 0.016976 0.119752 0.052109 0.000010 0.248043 0.388858 0.000010
0.228505 0.005841 0.000010 0.037355 0.000010 0.000010 0.209884 0.518373 0.000010
0.328511 0.000010 0.007623 0.072775 0.053200 0.000010 0.132306 0.386485 0.019080
0.296393 0.016177 0.000010 0.196868 0.088998 0.000010 0.015259 0.386275 0.000010
0.205026 0.000010 0.100680 0.118532 0.043232 0.042648 0.121989 0.367873 0.000010
0.229783 0.004581 0.000010 0.000010 0.000010 0.034480 0.186774 0.544342 0.000010
0.122425 0.000010 0.057288 0.118016 0.000010 0.000010 0.151368 0.550863 0.000010
0.161870 0.000010 0.000010 0.094345 0.040141 0.000010 0.135245 0.568358 0.000010
0.258866 0.000010 0.055618 0.173454 0.118750 0.000010 0.094184 0.286318 0.012790
0.292122 0.030994 0.000010 0.129129 0.041080 0.000010 0.186768 0.317531 0.002356
0.218183 0.119404 0.012638 0.165470 0.009743 0.023926 0.134032 0.284645 0.031959
0.141855 0.106109 0.000010 0.192625 0.000010 0.040578 0.000010 0.518793 0.000010
0.139630 0.072449 0.000598 0.117051 0.078841 0.000010 0.078696 0.493559 0.019167
0.236826 0.083830 0.000010 0.028093 0.000010 0.000010 0.148142 0.503068 0.000010
0.154555 0.000010 0.000010 0.181920 0.000010 0.000010 0.066084 0.510910 0.086491
0.316133 0.000010 0.043508 0.000011 0.000010 0.059258 0.200768 0.359688 0.020616
0.073513 0.000010 0.000010 0.138608 0.033894 0.000010 0.246230 0.461791 0.045934
0.217918 0.000010 0.125687 0.102406 0.000010 0.012818 0.039998 0.455543 0.045611
0.278890 0.024486 0.000010 0.121229 0.000010 0.000010 0.201167 0.374188 0.000010
0.321749 0.050793 0.012235 0.074977 0.040089 0.000010 0.077670 0.422466 0.000010
0.149879 0.138787 0.001240 0.232008 0.028851 0.000010 0.012318 0.436897 0.000010
0.327715 0.009146 0.026967 0.100994 0.000010 0.000010 0.163829 0.371319 0.000010
0.105381 0.000010 0.056134 0.091663 0.000010 0.043488 0.163712 0.539593 0.000010
0.065732 0.070856 0.033306 0.173926 0.065350 0.000010 0.142323 0.448488 0.000010
0.139360 0.086943 0.000010 0.058712 0.101611 0.000010 0.155961 0.457384 0.000010
0.212508 0.070515 0.076093 0.041460 0.000010 0.014247 0.079755 0.505401 0.000010
0.252673 0.040071 0.053956 0.098977 0.000010 0.049394 0.157056 0.334552 0.013312
0.251629 0.000010 0.081186 0.062480 0.063780 0.000010 0.082404 0.455100 0.003400
0.217523 0.082833 0.056332 0.058878 0.022608 0.000010 0.198592 0.363213 0.000010
0.111466 0.034142 0.112738 0.000010 0.161981 0.086831 0.013332 0.467992 0.011508
0.013505 0.086019 0.090910 0.283112 0.000010 0.000010 0.103706 0.422718 0.000010
0.158453 0.065786 0.035418 0.000010 0.043246 0.005908 0.153935 0.537234 0.000010
0.136256 0.000010 0.110321 0.168011 0.029157 0.000010 0.151083 0.405142 0.000010
0.075666 0.081614 0.062307 0.133630 0.042353 0.040649 0.187513 0.376257 0.000010
0.215125 0.000010 0.289314 0.020802 0.000010 0.000010 0.109140 0.365580 0.000010
0.222393 0.000010 0.094030 0.000010 0.014107 0.025535 0.203788 0.440116 0.000010
0.362547 0.000010 0.057659 0.112106 0.000010 0.000010 0.113546 0.354101 0.000010
0.315697 0.050346 0.083500 0.020778 0.022097 0.000010 0.111180 0.396381 0.000010
0.185995 0.091566 0.117109 0.000010 0.000010 0.000010 0.204324 0.400967 0.000010
0.205086 0.054323 0.028037 0.125819 0.000010 0.023057 0.186583 0.369164 0.007922
0.326987 0.076010 0.026764 0.067361 0.015762 0.000010 0.094457 0.392639 0.000010
0.091523 0.000010 0.075796 0.065709 0.054653 0.000010 0.058413 0.605424 0.048460
0.069530 0.096667 0.000010 0.066593 0.000010 0.000010 0.197864 0.538072 0.031245
0.158825 0.000010 0.055155 0.077297 0.000010 0.025083 0.181685 0.501925 0.000010
0.336232 0.043249 0.037633 0.000010 0.087521 0.000010 0.093162 0.402172 0.000010
0.233996 0.074285 0.175925 0.002943 0.000010 0.000010 0.047371 0.465449 0.000010
0.161760 0.034151 0.141108 0.135478 0.000010 0.019509 0.154590 0.335965 0.017429
0.346248 0.000010 0.185260 0.012999 0.046149 0.000010 0.084087 0.325226 0.000010
0.108094 0.000010 0.093899 0.249495 0.092589 0.000010 0.095622 0.360270 0.000010
0.156897 0.000010 0.012174 0.145615 0.022004 0.057912 0.203996 0.401381 0.000010
0.255568 0.055803 0.157495 0.000010 0.000010 0.000010 0.150240 0.380854 0.000010
0.113583 0.000010 0.046296 0.090543 0.000010 0.000010 0.229408 0.507325 0.012815
0.155303 0.031442 0.086184 0.066781 0.061498 0.000010 0.177764 0.395093 0.025925
0.072923 0.000010 0.000010 0.091237 0.014680 0.009474 0.346700 0.423603 0.041363
0.243134 0.011435 0.075146 0.123421 0.009603 0.000010 0.189931 0.347310 0.000010
0.415170 0.098455 0.112767 0.000010 0.000010 0.000010 0.061156 0.312412 0.000010
0.240930 0.026536 0.186862 0.000010 0.034672 0.000010 0.230671 0.280299 0.000010
0.000010 0.077380 0.007470 0.000010 0.000103 0.440409 0.000010 0.017541 0.457067
0.000010 0.000010 0.015873 0.000010 0.000044 0.466509 0.011707 0.034669 0.471168
0.000010 0.000010 0.000010 0.009800 0.000010 0.358853 0.064998 0.000010 0.566299
0.000010 0.000010 0.050053 0.000010 0.013821 0.412544 0.000010 0.003591 0.519950
0.000010 0.011285 0.017895 0.000010 0.025662 0.226617 0.021905 0.007747 0.688869
0.000010 0.000010 0.000010 0.022355 0.000010 0.446937 0.000010 0.080160 0.450498
0.000010 0.001280 0.000010 0.000557 0.031212 0.450812 0.000010 0.017474 0.498635
0.010685 0.000010 0.000010 0.005995 0.000010 0.278288 0.050372 0.015095 0.639535
0.000010 0.000010 0.000010 0.000010 0.000010 0.376588 0.000010 0.010146 0.613206
0.000010 0.000010 0.000010 0.000010 0.000010 0.438215 0.000010 0.078623 0.483102
0.043922 0.039102 0.000010 0.000010 0.000010 0.294707 0.000010 0.000010 0.622219
0.000010 0.000010 0.000010 0.000010 0.000010 0.309279 0.004085 0.067842 0.618744
0.024573 0.000010 0.000010 0.040483 0.000010 0.373637 0.000010 0.000302 0.560965
0.000010 0.000010 0.000010 0.000010 0.023330 0.286748 0.000010 0.064268 0.625604
0.000010 0.000010 0.000010 0.000010 0.000010 0.217618 0.000010 0.053250 0.729072
0.000010 0.000010 0.000010 0.000010 0.027786 0.333353 0.000010 0.046715 0.592095
0.000010 0.010425 0.001886 0.000010 0.000010 0.393894 0.000010 0.006311 0.587444
0.000010 0.002170 0.000010 0.000010 0.000010 0.404584 0.000010 0.036806 0.556389
0.046477 0.000010 0.000010 0.000010 0.000010 0.318960 0.000010 0.000010 0.634503
0.000010 0.041271 0.000010 0.000010 0.000010 0.302762 0.000253 0.047730 0.607944
0.000010 0.000010 0.014576 0.020356 0.000010 0.390563 0.000010 0.060233 0.514232
0.000010 0.002343 0.000010 0.000010 0.000010 0.313816 0.000010 0.000092 0.683699
0.000010 0.020155 0.000010 0.000010 0.000010 0.415325 0.003660 0.083669 0.477151
0.000010 0.000010 0.000010 0.000010 0.000010 0.492284 0.000010 0.000010 0.507646
0.082707 0.000010 0.000010 0.013458 0.000010 0.385301 0.000010 0.007154 0.511339
0.000010 0.000010 0.000010 0.000010 0.000010 0.512120 0.000010 0.022063 0.465757
0.000010 0.000010 0.006015 0.000010 0.079866 0.420667 0.000010 0.000010 0.493402
0.000010 0.016225 0.055598 0.000010 0.008841 0.413789 0.000010 0.004729 0.500789
0.000010 0.000010 0.127518 0.000010 0.756671 0.000010 0.115751 0.000010 0.000010
0.475139 0.000010 0.052501 0.350399 0.000010 0.000010 0.029615 0.092306 0.000010
0.537172 0.089131 0.000010 0.315639 0.019546 0.001996 0.000010 0.036487 0.000010
0.196460 0.037674 0.000011 0.449185 0.041326 0.000010 0.013277 0.203746 0.058311
0.334062 0.000010 0.038364 0.506383 0.024459 0.026274 0.016406 0.050945 0.003097
0.421673 0.053827 0.000010 0.194418 0.000010 0.000010 0.010568 0.319474 0.000010
0.239432 0.000010 0.103951 0.456784 0.051022 0.042708 0.000010 0.104946 0.001137
0.442112 0.000010 0.055179 0.331928 0.000010 0.000010 0.000010 0.170731 0.000010
0.392154 0.007253 0.022009 0.301060 0.003818 0.006628 0.062195 0.204872 0.000010
0.428534 0.000010 0.000010 0.225030 0.000010 0.000010 0.160118 0.186268 0.000010
0.336331 0.184561 0.000010 0.241831 0.000010 0.000010 0.000010 0.222349 0.014888
0.411040 0.000010 0.050211 0.197542 0.047524 0.005644 0.033088 0.254930 0.000010
0.355328 0.000010 0.000010 0.400738 0.027351 0.000010 0.000010 0.216533 0.000010
0.367756 0.000010 0.013942 0.432988 0.000010 0.000010 0.000010 0.185264 0.000010
0.303210 0.084813 0.066518 0.303693 0.017539 0.000010 0.000010 0.224198 0.000010
0.401148 0.042271 0.021968 0.341841 0.000010 0.000010 0.000010 0.182074 0.010668
0.329957 0.071468 0.046495 0.266247 0.008088 0.000010 0.007537 0.270188 0.000010
0.262526 0.000010 0.000010 0.297702 0.012239 0.011658 0.070169 0.322874 0.022811
0.384504 0.129132 0.055714 0.295815 0.000010 0.000010 0.000010 0.084171 0.050634
0.192966 0.060495 0.022731 0.378436 0.020119 0.000010 0.054021 0.181317 0.089905
0.432265 0.000010 0.113863 0.380853 0.000010 0.000010 0.000010 0.072969 0.000010
0.605710 0.026828 0.000010 0.249333 0.000010 0.000010 0.000010 0.118079 0.000010
0.320315 0.000010 0.018380 0.397825 0.000010 0.000010 0.085044 0.178396 0.000010
0.372679 0.035805 0.000010 0.473484 0.050260 0.000010 0.036975 0.030768 0.000010
0.336910 0.000010 0.032975 0.397597 0.000010 0.002099 0.061036 0.101989 0.067374
0.494293 0.064699 0.060399 0.223577 0.061625 0.000010 0.000010 0.095377 0.000010
0.320921 0.000010 0.088894 0.327993 0.067110 0.000010 0.000010 0.195043 0.000010
0.425828 0.000010 0.000010 0.266896 0.093460 0.053372 0.010079 0.150335 0.000010
0.439186 0.015226 0.000010 0.213223 0.000010 0.000010 0.119349 0.212975 0.000010
0.000010 0.000010 0.000010 0.000010 0.998710 0.000010 0.001220 0.000010 0.000010
0.000010 0.000010 0.000010 0.016018 0.969174 0.000010 0.014748 0.000010 0.000010
0.000010 0.020222 0.000010 0.000010 0.928423 0.000010 0.051295 0.000010 0.000010
0.000010 0.000010 0.000010 0.000010 0.926069 0.000010 0.073861 0.000010 0.000010
0.000010 0.000010 0.000010 0.000010 0.755825 0.000010 0.198675 0.045440 0.000010
0.000010 0.000010 0.000010 0.000010 0.898221 0.000010 0.090434 0.000010 0.011285
0.000010 0.000010 0.000010 0.000010 0.963586 0.000010 0.036344 0.000010 0.000010
0.000010 0.000010 0.000010 0.000010 0.990906 0.009024 0.000010 0.000010 0.000010
0.027898 0.000010 0.000010 0.037028 0.910721 0.019653 0.000010 0.000010 0.004659
0.000010 0.029616 0.000010 0.000010 0.902281 0.000010 0.042742 0.025311 0.000010
0.000010 0.000010 0.000010 0.012452 0.939067 0.000010 0.000010 0.048421 0.000010
0.000010 0.000010 0.000010 0.019361 0.958297 0.000010 0.022282 0.000010 0.000010
0.012558 0.000010 0.000010 0.017565 0.908351 0.008571 0.015638 0.037288 0.000010
0.000010 0.023878 0.002778 0.022182 0.919543 0.000010 0.015103 0.016486 0.000010
0.048273 0.000010 0.000010 0.014020 0.918399 0.000010 0.000010 0.019258 0.000010
0.000010 0.000010 0.000010 0.000010 0.982202 0.010273 0.007465 0.000010 0.000010
0.000010 0.000010 0.000010 0.000010 0.881746 0.000010 0.020364 0.097830 0.000010
0.533050 0.000010 0.000010 0.013016 0.000010 0.001335 0.082202 0.346729 0.023638
0.542326 0.000010 0.032262 0.076182 0.072321 0.000010 0.000010 0.276869 0.000010
0.621872 0.000010 0.106302 0.000010 0.038401 0.016482 0.012949 0.203964 0.000010
0.560131 0.000010 0.000010 0.000010 0.058748 0.000010 0.039185 0.324083 0.017813
0.646660 0.000010 0.044489 0.000010 0.083653 0.000010 0.002586 0.176991 0.045591
0.514624 0.000010 0.068366 0.064350 0.064426 0.000010 0.000010 0.288194 0.000010
0.460604 0.000010 0.000010 0.100574 0.029525 0.000010 0.000010 0.349045 0.060211
0.556441 0.000010 0.150292 0.042842 0.000010 0.000010 0.014838 0.181807 0.053748
0.464025 0.000010 0.057111 0.029038 0.000010 0.005620 0.090696 0.235723 0.117767
0.512874 0.000010 0.058694 0.000010 0.081238 0.000010 0.000010 0.292659 0.054494
0.527478 0.000010 0.025062 0.034655 0.000010 0.000010 0.014938 0.303181 0.094655
0.429725 0.000010 0.067054 0.004959 0.000010 0.033706 0.000010 0.365283 0.099244
0.508554 0.037611 0.064070 0.135975 0.000010 0.015562 0.000010 0.108105 0.130103
0.532527 0.000010 0.035599 0.034255 0.007413 0.000010 0.011468 0.378708 0.000010
0.696931 0.077495 0.000010 0.015299 0.005948 0.000010 0.051087 0.144745 0.008475
0.487522 0.000010 0.029369 0.081507 0.000010 0.095598 0.024120 0.262977 0.018887
0.450959 0.000010 0.000010 0.125241 0.007398 0.034116 0.050946 0.331311 0.000010
0.680320 0.000010 0.000010 0.041187 0.000010 0.028474 0.000010 0.249968 0.000010
0.410940 0.000010 0.000010 0.130091 0.000010 0.007658 0.000010 0.373682 0.077588
0.592577 0.012574 0.000010 0.020857 0.007965 0.063694 0.035867 0.200716 0.065740
0.676291 0.000010 0.000010 0.000010 0.000010 0.000010 0.000010 0.307209 0.016440
0.524546 0.000010 0.000010 0.011437 0.005368 0.000071 0.000010 0.399014 0.059534
0.548694 0.050590 0.000010 0.000010 0.001016 0.033780 0.020455 0.345434 0.000010
0.431316 0.000010 0.000010 0.217899 0.042251 0.041667 0.033082 0.233756 0.000010
0.536863 0.000010 0.029621 0.089747 0.000010 0.021807 0.000010 0.321922 0.000010
0.599828 0.000010 0.000010 0.124863 0.066152 0.043702 0.000010 0.165415 0.000010
0.465701 0.000010 0.000010 0.114116 0.035795 0.000010 0.056409 0.327939 0.000010
0.618223 0.000010 0.000010 0.022812 0.000010 0.000010 0.000010 0.358905 0.000010
0.627003 0.000010 0.000010 0.078802 0.073554 0.000010 0.000010 0.197930 0.022672
0.619212 0.000010 0.080859 0.000010 0.000700 0.014154 0.018730 0.266315 0.000010
0.357202 0.000010 0.000010 0.018208 0.083620 0.014687 0.000010 0.396308 0.129945
0.484624 0.000010 0.099500 0.000010 0.000010 0.047981 0.070864 0.277276 0.019725
0.623695 0.000010 0.000010 0.024371 0.038287 0.043646 0.096989 0.142735 0.030257
0.526354 0.028570 0.099127 0.108955 0.008071 0.000010 0.051088 0.122023 0.055802
0.388275 0.045854 0.000350 0.169997 0.000010 0.000010 0.039453 0.305489 0.050563
0.592382 0.000010 0.005750 0.093793 0.033712 0.002502 0.088808 0.183032 0.000010
0.618221 0.000010 0.000010 0.000010 0.017671 0.004421 0.000010 0.336622 0.023024
0.618261 0.023232 0.000010 0.000010 0.000010 0.024859 0.000010 0.333597 0.000010
0.678122 0.000010 0.013388 0.000010 0.000010 0.026138 0.000010 0.282302 0.000010
0.594911 0.000010 0.010882 0.060071 0.033946 0.000010 0.000010 0.270638 0.029523
0.539926 0.000010 0.000010 0.149454 0.006013 0.054017 0.004131 0.246429 0.000010
0.637856 0.000010 0.049813 0.000010 0.112820 0.000010 0.005266 0.137843 0.056372
0.635249 0.000010 0.000010 0.000010 0.000010 0.076868 0.000010 0.287823 0.000010
0.599542 0.012331 0.003640 0.000010 0.000010 0.024925 0.021692 0.299745 0.038105
0.459994 0.000010 0.000011 0.055504 0.000010 0.000010 0.145141 0.302734 0.036586
0.677507 0.079188 0.007478 0.000010 0.000010 0.000010 0.004815 0.205385 0.025597
0.428832 0.044824 0.006260 0.217041 0.086742 0.000010 0.000010 0.153135 0.063146
0.600058 0.000010 0.049670 0.000010 0.071078 0.000010 0.000010 0.210598 0.068556
0.452410 0.000010 0.000010 0.000010 0.021399 0.040840 0.000010 0.307416 0.177895
0.262450 0.000010 0.000010 0.136221 0.070672 0.005266 0.000010 0.240367 0.284994
0.495074 0.011776 0.021252 0.000010 0.000010 0.010555 0.137691 0.281820 0.041812
0.660626 0.000010 0.040674 0.000010 0.039807 0.029774 0.000010 0.229079 0.000010
0.626558 0.031978 0.036666 0.001450 0.000010 0.015882 0.000010 0.287435 0.000010
0.497971 0.000010 0.000010 0.066059 0.000010 0.028298 0.071662 0.311915 0.024066
0.516343 0.000010 0.000010 0.000010 0.000010 0.078411 0.000010 0.199738 0.205457
0.038470 0.000012 0.000072 0.094439 0.028327 0.102360 0.000010 0.024094 0.712215
0.431339 0.000011 0.079525 0.015287 0.063331 0.169295 0.000010 0.067917 0.173285
0.651388 0.123704 0.134414 0.046650 0.000010 0.007079 0.000010 0.036736 0.000010
0.484302 0.010984 0.000010 0.000010 0.000010 0.030018 0.070556 0.253130 0.150980
0.482850 0.000010 0.084954 0.000010 0.026224 0.042580 0.017556 0.216740 0.129075
0.556610 0.000010 0.000010 0.000010 0.000010 0.042930 0.000010 0.276938 0.123471
0.575563 0.003745 0.000010 0.023005 0.052956 0.046363 0.000010 0.156292 0.142057
0.399790 0.000010 0.031790 0.017492 0.002401 0.038630 0.003999 0.293917 0.211971
0.494818 0.000010 0.000010 0.013684 0.014956 0.011682 0.000010 0.227717 0.237112
0.523109 0.100379 0.005986 0.003188 0.000010 0.089737 0.000010 0.176035 0.101545
0.686401 0.000010 0.051367 0.085416 0.001932 0.000010 0.000010 0.154269 0.020585
0.468082 0.020948 0.000010 0.080566 0.000010 0.049329 0.009804 0.287913 0.083337
0.516087 0.029876 0.063188 0.000010 0.000010 0.000010 0.003932 0.287585 0.099302
0.640971 0.000010 0.000010 0.056464 0.043415 0.000010 0.000010 0.027859 0.231251
0.637897 0.000010 0.000010 0.016055 0.040846 0.081572 0.010303 0.213297 0.000010
0.521038 0.000010 0.111924 0.000010 0.000010 0.064790 0.000010 0.302198 0.000010
0.467771 0.052524 0.037817 0.062630 0.000010 0.047400 0.000010 0.156852 0.174985
0.639895 0.000010 0.077092 0.000010 0.000010 0.000010 0.019604 0.258392 0.004977
0.514716 0.004546 0.004878 0.036027 0.000010 0.000010 0.051282 0.231741 0.156790
0.583206 0.000010 0.000010 0.000010 0.000010 0.017950 0.015012 0.337385 0.046408
0.624152 0.000010 0.000010 0.000010 0.019756 0.000010 0.029346 0.190192 0.136513
0.612887 0.000010 0.000010 0.070592 0.017824 0.081131 0.000010 0.210024 0.007513
0.574179 0.000010 0.007732 0.036983 0.092665 0.000010 0.000010 0.174359 0.114051
0.621433 0.000010 0.000010 0.000010 0.031389 0.000010 0.009342 0.304268 0.033527
0.501962 0.000010 0.059732 0.065575 0.000010 0.075318 0.005237 0.185667 0.106490
0.672310 0.029745 0.000010 0.028919 0.019543 0.026983 0.037506 0.184974 0.000010
0.409033 0.000010 0.050620 0.000011 0.000010 0.128094 0.024532 0.347084 0.040606
0.616731 0.000010 0.096481 0.000010 0.006452 0.019191 0.028573 0.232542 0.000010
0.665263 0.000010 0.000010 0.000010 0.000010 0.025812 0.000010 0.308865 0.000010
0.625363 0.000010 0.072105 0.000010 0.000010 0.000010 0.085246 0.141462 0.075784
0.710003 0.013172 0.000010 0.000010 0.000010 0.000010 0.000010 0.207483 0.069292
0.333126 0.052281 0.075345 0.202809 0.008829 0.000010 0.000010 0.169092 0.158497
0.000010 0.012827 0.097715 0.000010 0.681154 0.021999 0.186265 0.000010 0.000010
0.000010 0.000010 0.000010 0.000010 0.895853 0.000010 0.104077 0.000010 0.000010
0.000010 0.011342 0.084183 0.000010 0.728273 0.030022 0.144722 0.000010 0.001429
0.010789 0.032161 0.000010 0.000010 0.865160 0.004305 0.087545 0.000010 0.000010
0.000010 0.022380 0.004854 0.000010 0.796983 0.000010 0.175732 0.000010 0.000010
0.000010 0.000010 0.000010 0.000010 0.909335 0.000010 0.090595 0.000010 0.000010
0.000010 0.000010 0.019185 0.016801 0.903009 0.000010 0.060955 0.000010 0.000010
0.495395 0.000010 0.000010 0.282030 0.022683 0.007813 0.048297 0.143751 0.000010
0.531636 0.000010 0.014894 0.260004 0.000010 0.000010 0.000010 0.185650 0.007775
0.546685 0.077046 0.000010 0.274928 0.000010 0.000010 0.000010 0.101291 0.000010
0.620643 0.000010 0.002685 0.199885 0.032482 0.048248 0.000010 0.096027 0.000010
0.479418 0.000011 0.050623 0.213435 0.000010 0.041641 0.078473 0.112634 0.023756
0.469037 0.000010 0.000010 0.228926 0.070999 0.000010 0.023121 0.164369 0.043519
0.538833 0.007955 0.000010 0.165840 0.000010 0.000010 0.012095 0.233088 0.042159
0.578462 0.003288 0.000010 0.202319 0.034159 0.000010 0.000010 0.172870 0.008872
0.390451 0.019237 0.000010 0.306746 0.065484 0.022831 0.000010 0.131030 0.064201
0.435160 0.019070 0.001319 0.445726 0.036688 0.000010 0.000010 0.062007 0.000010
0.492617 0.000010 0.004482 0.153178 0.064426 0.064169 0.000010 0.221099 0.000010
0.561654 0.075643 0.000010 0.000010 0.000010 0.019939 0.000010 0.337068 0.005657
0.565719 0.000714 0.000010 0.034433 0.000010 0.000010 0.034051 0.300691 0.064363
0.603647 0.083630 0.034329 0.000010 0.000010 0.000010 0.000010 0.278344 0.000010
0.583269 0.000010 0.076538 0.000010 0.000010 0.037322 0.007824 0.295007 0.000010
0.679685 0.017343 0.009731 0.000010 0.000010 0.000010 0.000010 0.248397 0.044804
0.566149 0.000010 0.000010 0.035535 0.080767 0.001242 0.000010 0.281538 0.034739
0.558905 0.088156 0.000010 0.000010 0.005795 0.008420 0.000010 0.338683 0.000010
0.588962 0.000010 0.000010 0.012787 0.102679 0.012966 0.000010 0.216843 0.065734
0.487244 0.000010 0.000010 0.084504 0.073712 0.000848 0.031456 0.190248 0.131968
0.501334 0.000010 0.050236 0.000010 0.012237 0.000010 0.027599 0.405510 0.003054
0.476016 0.039035 0.042107 0.151413 0.000010 0.050776 0.068315 0.172318 0.000010
0.444365 0.000010 0.000010 0.097293 0.017612 0.000010 0.186034 0.254655 0.000010
0.626500 0.000010 0.000010 0.126334 0.059270 0.000010 0.030368 0.157488 0.000010
0.537003 0.000010 0.026789 0.029413 0.091477 0.000010 0.000010 0.315278 0.000010
0.450774 0.000010 0.098563 0.139586 0.000010 0.013649 0.000010 0.145456 0.151941
0.523105 0.000010 0.047181 0.151476 0.026720 0.010360 0.000010 0.051449 0.189688
0.569312 0.033318 0.000010 0.000010 0.019953 0.000010 0.028662 0.348715 0.000010
0.371103 0.000010 0.000010 0.212468 0.000010 0.000010 0.000010 0.330013 0.086366
0.422833 0.000010 0.000010 0.013053 0.000010 0.023631 0.039476 0.448491 0.052486
0.580443 0.000010 0.060850 0.080486 0.000010 0.000010 0.000010 0.209744 0.068437
0.602150 0.000010 0.000010 0.172503 0.000010 0.061426 0.000010 0.163871 0.000010
0.661414 0.000010 0.000010 0.000010 0.021045 0.084706 0.000010 0.189400 0.043394
0.706957 0.000010 0.000010 0.000010 0.000010 0.000010 0.000010 0.247530 0.045453
0.543074 0.003712 0.002374 0.000010 0.031935 0.070644 0.000010 0.348232 0.000010
0.033242 0.765158 0.084897 0.116653 0.000010 0.000010 0.000010 0.000010 0.000010
0.057929 0.736018 0.069734 0.083340 0.000010 0.000010 0.000010 0.000010 0.052939
0.076563 0.806543 0.006040 0.033941 0.067432 0.000010 0.009452 0.000010 0.000010
0.000010 0.811750 0.000010 0.175874 0.012315 0.000010 0.000010 0.000010 0.000010
0.000010 0.050787 0.453321 0.000010 0.063447 0.000010 0.379579 0.052827 0.000010
0.030650 0.000010 0.641717 0.008314 0.000010 0.001122 0.265156 0.000010 0.053011
0.023162 0.000010 0.468462 0.000010 0.000010 0.028706 0.423945 0.000010 0.055685
0.000010 0.118677 0.350909 0.000010 0.049633 0.000010 0.344852 0.135889 0.000010
0.019910 0.000010 0.482301 0.011261 0.000010 0.018720 0.367589 0.100189 0.000010
0.097177 0.038362 0.481841 0.000010 0.021872 0.029606 0.331112 0.000010 0.000010
0.000010 0.000010 0.337816 0.000010 0.034478 0.000010 0.409788 0.217867 0.000010
0.153430 0.044229 0.406464 0.000010 0.000010 0.021343 0.345595 0.028909 0.000010
0.000010 0.083715 0.443766 0.000010 0.000010 0.031888 0.414953 0.025638 0.000010
0.064142 0.123813 0.302760 0.000010 0.000010 0.044076 0.362518 0.102661 0.000010
0.583837 0.064819 0.000010 0.000010 0.082179 0.016201 0.000010 0.252925 0.000010
0.544236 0.000010 0.000010 0.088078 0.000010 0.000010 0.097641 0.245904 0.024101
0.379829 0.000010 0.000010 0.086549 0.000010 0.022632 0.022116 0.258431 0.230413
0.568984 0.000010 0.000010 0.155954 0.000010 0.000010 0.041492 0.233520 0.000010
0.558766 0.030113 0.033716 0.000010 0.091313 0.059211 0.000010 0.143832 0.083030
0.462152 0.000010 0.103146 0.211245 0.010254 0.000010 0.000010 0.200323 0.012849
0.497490 0.000010 0.018730 0.124125 0.000010 0.000010 0.022618 0.204082 0.132924
0.715682 0.024919 0.000010 0.000010 0.000110 0.057853 0.000010 0.182907 0.018499
0.677917 0.060807 0.000010 0.007846 0.005912 0.000010 0.060166 0.053083 0.134249
0.570995 0.000010 0.000010 0.019465 0.000010 0.000010 0.044430 0.297601 0.067469
0.556029 0.025290 0.016142 0.009345 0.000010 0.000010 0.000010 0.240194 0.152970
0.667763 0.000010 0.000010 0.000010 0.000010 0.000010 0.000010 0.273457 0.058719
0.582547 0.018861 0.000010 0.050007 0.117434 0.000010 0.049595 0.131874 0.049663
0.589805 0.000010 0.000010 0.059747 0.043866 0.038793 0.000010 0.102235 0.165524
0.490275 0.012873 0.000010 0.024389 0.000010 0.000010 0.000010 0.388430 0.083993
0.571667 0.000010 0.016210 0.000010 0.011067 0.023146 0.000010 0.000010 0.377870
0.574849 0.025730 0.050387 0.000010 0.056434 0.000010 0.000010 0.292560 0.000010
0.764736 0.000010 0.000010 0.000010 0.085958 0.000010 0.000010 0.092867 0.056389
0.640778 0.000010 0.000010 0.000010 0.000010 0.000010 0.000010 0.268883 0.090279
0.431667 0.000010 0.001831 0.038318 0.000010 0.000010 0.035592 0.213922 0.278639
0.388636 0.056554 0.000010 0.161427 0.000010 0.021685 0.054823 0.310125 0.006730
0.000010 0.000010 0.631339 0.014707 0.000010 0.000010 0.325732 0.000010 0.028173
0.000010 0.000010 0.789906 0.000010 0.000010 0.000010 0.208801 0.001233 0.000010
0.000010 0.000010 0.694007 0.076552 0.000010 0.000010 0.229380 0.000010 0.000010
0.000010 0.037194 0.770969 0.000010 0.051087 0.000010 0.140700 0.000010 0.000010
0.000010 0.066561 0.601905 0.000010 0.024773 0.000010 0.306711 0.000010 0.000010
0.000010 0.000010 0.628297 0.000010 0.033591 0.029591 0.235090 0.002793 0.070608
0.004671 0.000010 0.682759 0.000010 0.011966 0.000010 0.300555 0.000010 0.000010
0.050770 0.000010 0.713353 0.000010 0.047967 0.007412 0.165851 0.004183 0.010444
0.000010 0.000010 0.682873 0.030321 0.000010 0.030653 0.219910 0.036203 0.000010
0.000010 0.058161 0.560957 0.000010 0.063246 0.000277 0.298095 0.000010 0.019234
0.000010 0.000010 0.648506 0.000010 0.049740 0.000010 0.278002 0.023701 0.000010
0.000010 0.066317 0.675470 0.004221 0.000010 0.000010 0.185830 0.029471 0.038661
0.000010 0.126509 0.540327 0.000010 0.114546 0.000010 0.218568 0.000010 0.000010
0.000010 0.000010 0.547446 0.000010 0.000010 0.000010 0.452484 0.000010 0.000010
0.003052 0.024711 0.699480 0.023913 0.000010 0.000010 0.248804 0.000010 0.000010
0.000010 0.000010 0.604840 0.000010 0.001242 0.000010 0.211523 0.182345 0.000010
0.012735 0.057149 0.660194 0.051507 0.000010 0.000010 0.155781 0.062604 0.000010
0.009730 0.062114 0.664920 0.019696 0.025949 0.024622 0.192949 0.000010 0.000010
0.000010 0.000010 0.697060 0.000010 0.022656 0.000010 0.264678 0.000010 0.015556
0.015682 0.000010 0.621470 0.006858 0.000010 0.000010 0.240534 0.115416 0.000010
0.020768 0.122643 0.587578 0.000010 0.061506 0.000010 0.207465 0.000010 0.000010
0.000010 0.000010 0.716920 0.000010 0.000010 0.000010 0.218796 0.064224 0.000010
0.051941 0.000010 0.670153 0.000010 0.000010 0.025963 0.231490 0.020412 0.000010
0.000010 0.014359 0.621129 0.000010 0.066943 0.000010 0.293374 0.004155 0.000010
0.000010 0.000010 0.711278 0.000010 0.045780 0.000010 0.216256 0.026636 0.000010
0.000010 0.000010 0.560591 0.000010 0.055009 0.010547 0.312482 0.061331 0.000010
0.000010 0.000010 0.464838 0.050469 0.101603 0.000010 0.383039 0.000010 0.000010
0.000010 0.000010 0.678283 0.000010 0.000010 0.000010 0.321647 0.000010 0.000010
0.000010 0.000010 0.556784 0.042198 0.094815 0.000010 0.306153 0.000010 0.000010
0.000010 0.047631 0.601895 0.000010 0.000010 0.023906 0.326518 0.000010 0.000010
0.000010 0.000010 0.628151 0.000010 0.054287 0.000010 0.317503 0.000010 0.000010
0.000010 0.029644 0.633765 0.000010 0.051540 0.006816 0.278196 0.000010 0.000010
0.000010 0.000010 0.470973 0.101794 0.042813 0.000010 0.384370 0.000010 0.000010
0.010231 0.051591 0.566224 0.000010 0.004722 0.000010 0.367192 0.000010 0.000010
0.000010 0.017070 0.703108 0.024715 0.000010 0.000010 0.255056 0.000010 0.000010
0.095310 0.000011 0.604140 0.000010 0.016459 0.000010 0.268708 0.015342 0.000010
0.000010 0.000010 0.624732 0.000010 0.000010 0.000010 0.375198 0.000010 0.000010
0.000010 0.000010 0.644321 0.000010 0.058761 0.008318 0.288551 0.000010 0.000010
0.000010 0.113887 0.565545 0.000010 0.009663 0.000010 0.310854 0.000010 0.000010
0.000010 0.020759 0.000010 0.028463 0.815630 0.000010 0.120716 0.000010 0.014392
0.000010 0.000010 0.091444 0.000010 0.834974 0.000010 0.073522 0.000010 0.000010
0.000010 0.000010 0.696231 0.036052 0.000010 0.000010 0.221159 0.046509 0.000010
0.000010 0.009892 0.736973 0.000010 0.000010 0.012146 0.240940 0.000010 0.000010
0.408568 0.054210 0.018693 0.155187 0.000010 0.000010 0.030746 0.326818 0.005758
0.247115 0.000010 0.005563 0.387479 0.009858 0.000010 0.047214 0.302741 0.000010
0.281818 0.025027 0.050850 0.268039 0.000010 0.000010 0.042176 0.265718 0.066352
0.216876 0.063636 0.000010 0.381661 0.000010 0.005263 0.026792 0.245764 0.059989
0.184501 0.000010 0.061713 0.417763 0.000010 0.000010 0.034687 0.258827 0.042479
0.261620 0.030916 0.000010 0.396335 0.000010 0.000010 0.004529 0.227704 0.078866
0.545870 0.009775 0.000010 0.272746 0.000010 0.000010 0.000010 0.171559 0.000010
0.321879 0.069357 0.000010 0.470087 0.045934 0.000010 0.000010 0.092703 0.000010
0.186524 0.000010 0.045076 0.452097 0.063362 0.031123 0.088925 0.132789 0.000094
0.330215 0.021167 0.000010 0.424590 0.000010 0.000010 0.007205 0.148665 0.068128
0.386623 0.000010 0.072433 0.305923 0.000010 0.000010 0.019738 0.215243 0.000010
0.402272 0.006701 0.051542 0.288458 0.037488 0.007166 0.000010 0.206352 0.000010
0.317312 0.000825 0.050284 0.430040 0.000010 0.003870 0.000010 0.197639 0.000010
0.018917 0.000010 0.660329 0.007968 0.016489 0.000010 0.296257 0.000010 0.000010
0.072784 0.113864 0.498491 0.000010 0.005439 0.000010 0.309381 0.000010 0.000010
0.000010 0.000010 0.724765 0.000010 0.019225 0.000010 0.255949 0.000010 0.000010
0.000010 0.000010 0.653598 0.000010 0.017869 0.000010 0.277208 0.051274 0.000010
0.000010 0.000010 0.674980 0.000010 0.000010 0.000010 0.324950 0.000010 0.000010
0.009315 0.011394 0.606928 0.000010 0.014478 0.000010 0.329863 0.027991 0.000010
0.000010 0.006764 0.685863 0.000010 0.000010 0.009346 0.297977 0.000010 0.000010
0.000010 0.000010 0.637885 0.000010 0.052541 0.000010 0.309513 0.000010 0.000010
0.000010 0.025502 0.606411 0.000010 0.123912 0.000010 0.244125 0.000010 0.000010
0.000010 0.000010 0.537966 0.000010 0.000010 0.000010 0.461964 0.000010 0.000010
0.000010 0.000010 0.669801 0.093412 0.049850 0.000010 0.186887 0.000010 0.000010
0.000010 0.033239 0.486742 0.020388 0.000010 0.000010 0.306634 0.152957 0.000010
