0.201153 0.030616 0.078599 0.202831 0.000010 0.036960 0.012082 0.415287 0.022463
0.307255 0.000010 0.010243 0.064368 0.062841 0.000010 0.100653 0.454610 0.000010
0.222660 0.017809 0.008662 0.061877 0.000010 0.036462 0.188900 0.463610 0.000010
0.207362 0.172150 0.000010 0.124804 0.013533 0.000010 0.000010 0.482111 0.000010
0.380428 0.052400 0.000010 0.000010 0.000010 0.000010 0.103219 0.453165 0.010748
0.187578 0.000010 0.000010 0.041271 0.000010 0.057096 0.059042 0.399129 0.255853
0.461192 0.000010 0.000010 0.100108 0.025231 0.000010 0.000010 0.413418 0.000010
0.373081 0.012019 0.038010 0.005425 0.122580 0.004156 0.000010 0.399969 0.044751
0.371221 0.057917 0.091855 0.037991 0.000010 0.000010 0.000010 0.399548 0.041439
0.197757 0.000010 0.016475 0.145418 0.052476 0.018605 0.124190 0.445059 0.000010
0.326974 0.000010 0.113805 0.017583 0.000010 0.000010 0.014265 0.485661 0.041683
0.248086 0.091796 0.089837 0.048551 0.000010 0.000010 0.000010 0.432357 0.089343
0.161565 0.063506 0.000010 0.173362 0.000010 0.078901 0.002978 0.406293 0.113376
0.426618 0.000010 0.116850 0.005739 0.007208 0.000010 0.089408 0.239780 0.114377
0.403318 0.083857 0.035287 0.031933 0.000010 0.015973 0.000010 0.410443 0.019169
0.291210 0.098508 0.001818 0.061261 0.000010 0.000010 0.143938 0.403235 0.000010
0.290180 0.107009 0.060438 0.000010 0.019880 0.027407 0.055377 0.380165 0.059534
0.180488 0.103860 0.138781 0.105242 0.000010 0.045075 0.022072 0.382677 0.021796
0.070200 0.001963 0.000010 0.105898 0.050282 0.011406 0.171300 0.530654 0.058289
0.278629 0.025612 0.000010 0.041010 0.000010 0.024834 0.116473 0.513412 0.000010
0.269877 0.065934 0.002903 0.002354 0.071238 0.000010 0.080975 0.506699 0.000010
0.356610 0.063287 0.078409 0.001175 0.000010 0.000010 0.000010 0.500479 0.000010
0.405010 0.000010 0.000010 0.016466 0.008131 0.000010 0.044234 0.526119 0.000010
0.300269 0.000010 0.000010 0.164299 0.000010 0.018639 0.170724 0.346030 0.000010
0.361628 0.106342 0.000010 0.000010 0.003651 0.010987 0.166869 0.350492 0.000010
0.309903 0.060594 0.000010 0.077989 0.000010 0.024259 0.051898 0.401679 0.073659
0.265230 0.000010 0.130653 0.016060 0.000010 0.000010 0.076364 0.511654 0.000010
0.332131 0.000010 0.083104 0.110707 0.016544 0.045960 0.000010 0.411523 0.000010
0.211063 0.087770 0.000010 0.028252 0.000010 0.000010 0.000010 0.621553 0.051322
0.251378 0.049499 0.000010 0.006839 0.021035 0.000010 0.165191 0.486705 0.019333
0.398405 0.000010 0.055079 0.139484 0.000010 0.000010 0.000010 0.406983 0.000010
0.423238 0.128418 0.242796 0.029435 0.000010 0.006495 0.000010 0.169589 0.000010
0.280188 0.000010 0.031124 0.153060 0.004815 0.000010 0.094535 0.436248 0.000010
0.311291 0.000010 0.054285 0.000010 0.000010 0.019709 0.110682 0.425125 0.078878
0.193462 0.070227 0.011412 0.009753 0.000010 0.013206 0.193308 0.508612 0.000010
0.368148 0.032181 0.022161 0.044620 0.031102 0.019769 0.066598 0.415411 0.000010
0.374010 0.000010 0.000010 0.018891 0.031473 0.000010 0.062892 0.451528 0.061176
0.347794 0.031465 0.000010 0.031775 0.016896 0.029871 0.056144 0.483519 0.002527
0.349990 0.000010 0.055771 0.093476 0.034260 0.000010 0.049538 0.416934 0.000010
0.290871 0.033686 0.000010 0.024220 0.000010 0.054919 0.041764 0.435512 0.119008
0.393279 0.103367 0.017104 0.048062 0.060221 0.009853 0.028423 0.339681 0.000010
0.293357 0.106563 0.000010 0.110701 0.000010 0.052468 0.000010 0.436871 0.000010
0.213643 0.007956 0.030539 0.102028 0.000010 0.000010 0.172259 0.473545 0.000010
0.217958 0.000010 0.000010 0.000010 0.050383 0.000010 0.117795 0.613814 0.000010
0.274017 0.000010 0.000010 0.036060 0.000010 0.000010 0.125260 0.564612 0.000010
0.339083 0.135017 0.000010 0.105770 0.034703 0.000010 0.036745 0.348652 0.000010
0.286628 0.000010 0.126376 0.068623 0.000010 0.000010 0.000010 0.518323 0.000010
0.235001 0.018645 0.152396 0.064001 0.000010 0.021759 0.028043 0.475415 0.004730
0.273083 0.000010 0.144776 0.168587 0.000010 0.000010 0.154874 0.258640 0.000010
0.042264 0.030319 0.278612 0.134441 0.011293 0.000010 0.177738 0.293105 0.032219
0.131468 0.000010 0.395918 0.025961 0.024068 0.033246 0.150555 0.238763 0.000010
0.188942 0.000010 0.492527 0.063852 0.000010 0.000010 0.047799 0.163204 0.043646
0.135494 0.000010 0.429491 0.023853 0.018628 0.005001 0.111543 0.275971 0.000010
0.154227 0.000010 0.239987 0.133177 0.000010 0.000010 0.131316 0.341252 0.000010
0.109479 0.044517 0.292369 0.103652 0.037752 0.000010 0.207473 0.183393 0.021355
0.199514 0.000010 0.363305 0.066551 0.011512 0.008459 0.036949 0.313689 0.000010
0.242515 0.048842 0.245501 0.000010 0.069684 0.000010 0.165197 0.228230 0.000010
0.278556 0.000010 0.255014 0.117758 0.000010 0.000010 0.000010 0.348622 0.000010
0.124600 0.016419 0.388901 0.093120 0.000010 0.000010 0.085437 0.291493 0.000010
0.116054 0.099554 0.371497 0.068319 0.072284 0.024114 0.088823 0.159346 0.000010
0.005341 0.087789 0.471242 0.051183 0.000010 0.036908 0.049202 0.191735 0.106590
0.105397 0.000010 0.303559 0.094716 0.007777 0.018173 0.178714 0.291643 0.000010
0.243600 0.030339 0.249599 0.077106 0.000010 0.001197 0.188953 0.209185 0.000010
0.216039 0.021731 0.303987 0.110512 0.000010 0.037530 0.101371 0.208810 0.000010
0.000010 0.078545 0.398196 0.155192 0.000010 0.009024 0.100461 0.258552 0.000010
0.000010 0.065396 0.344711 0.153107 0.000010 0.000010 0.243140 0.193605 0.000010
0.123819 0.050277 0.070267 0.109315 0.000010 0.013761 0.245743 0.386799 0.000010
0.000010 0.147345 0.270476 0.204021 0.049930 0.000010 0.097855 0.228975 0.001378
0.091811 0.026296 0.284612 0.055102 0.000010 0.055524 0.181384 0.305251 0.000010
0.092132 0.007044 0.486526 0.093944 0.000010 0.000010 0.062403 0.191940 0.065989
0.170177 0.027954 0.000010 0.026737 0.000010 0.044191 0.111836 0.179799 0.439286
0.265565 0.000010 0.000010 0.094478 0.004711 0.000010 0.099254 0.494819 0.041143
0.157696 0.000010 0.103584 0.072818 0.090505 0.000010 0.076492 0.498876 0.000010
0.193920 0.039969 0.000010 0.062221 0.104528 0.000010 0.080691 0.301715 0.216936
0.327160 0.051507 0.019458 0.228498 0.013310 0.001423 0.058372 0.277676 0.022597
0.324566 0.000010 0.074073 0.145998 0.000010 0.020163 0.005369 0.413564 0.016247
0.423883 0.000010 0.000010 0.031434 0.000010 0.139440 0.141367 0.263837 0.000010
0.294190 0.000552 0.000010 0.060153 0.000010 0.029211 0.113026 0.502838 0.000010
0.274402 0.000010 0.000010 0.000010 0.000010 0.000010 0.214004 0.510439 0.001106
0.360770 0.080046 0.000010 0.000010 0.000010 0.076534 0.179277 0.303332 0.000010
0.151354 0.000010 0.000010 0.202745 0.019373 0.000010 0.059045 0.463467 0.103986
0.331673 0.055990 0.000122 0.051575 0.000010 0.006781 0.090130 0.420405 0.043314
0.400001 0.159412 0.000010 0.012058 0.005861 0.000010 0.032407 0.390231 0.000010
0.192023 0.093512 0.005151 0.090099 0.000010 0.000010 0.003925 0.533911 0.081358
0.262229 0.000010 0.015356 0.016477 0.000010 0.000010 0.129933 0.442515 0.133461
0.180041 0.048799 0.065648 0.146935 0.000010 0.000010 0.138429 0.392860 0.027267
0.273593 0.010053 0.141327 0.083950 0.000010 0.000010 0.000010 0.397689 0.093360
0.413431 0.000010 0.098658 0.084004 0.009074 0.000010 0.123779 0.271023 0.000010
0.450101 0.000010 0.008968 0.000010 0.000010 0.060866 0.033699 0.421672 0.024664
0.400745 0.063560 0.000010 0.000010 0.000010 0.000010 0.097318 0.336980 0.101358
0.335197 0.000010 0.000010 0.049927 0.022099 0.043298 0.130736 0.418713 0.000010
0.298269 0.038881 0.000010 0.000010 0.031687 0.000010 0.102693 0.413750 0.114691
0.251011 0.036611 0.000010 0.150327 0.000010 0.000010 0.111246 0.450765 0.000010
0.453753 0.078423 0.026730 0.000010 0.026208 0.004288 0.000010 0.410567 0.000010
0.351783 0.000010 0.000010 0.048127 0.049281 0.022808 0.025825 0.431838 0.070319
0.252926 0.090567 0.105444 0.006197 0.000010 0.000010 0.081935 0.462902 0.000010
0.263226 0.000010 0.026797 0.000010 0.000010 0.006330 0.032697 0.185677 0.485243
0.281062 0.000010 0.067041 0.000010 0.104169 0.058771 0.000010 0.488917 0.000010
0.234231 0.005293 0.000010 0.065593 0.088714 0.000010 0.172464 0.433674 0.000010
0.048014 0.000010 0.000010 0.038103 0.000010 0.000010 0.298843 0.614989 0.000010
0.245340 0.000010 0.025309 0.110460 0.079057 0.086447 0.054485 0.393705 0.005186
0.167327 0.092785 0.047484 0.000010 0.006258 0.058649 0.065115 0.250408 0.311966
0.184075 0.035411 0.087778 0.077808 0.000010 0.000010 0.096085 0.343291 0.175532
0.359906 0.169402 0.000010 0.000010 0.054939 0.000010 0.009688 0.406024 0.000010
0.142159 0.000010 0.082976 0.162553 0.031623 0.032232 0.167126 0.381311 0.000010
0.195352 0.010827 0.098013 0.063957 0.006218 0.000010 0.142126 0.483488 0.000010
0.243947 0.000010 0.000010 0.175080 0.000010 0.000010 0.109624 0.471299 0.000010
0.222880 0.125196 0.155795 0.051271 0.065979 0.006319 0.031160 0.316065 0.025335
0.235695 0.016449 0.044032 0.168811 0.000010 0.000010 0.015722 0.456708 0.062563
0.119133 0.074283 0.040516 0.175286 0.056774 0.000010 0.067676 0.466312 0.000010
0.404294 0.036222 0.000010 0.118666 0.000010 0.077452 0.105920 0.257415 0.000010
0.266120 0.110999 0.022608 0.000757 0.017966 0.000010 0.097143 0.484386 0.000010
0.222789 0.141197 0.000010 0.040395 0.002954 0.000010 0.120595 0.431687 0.040363
0.209486 0.058114 0.058131 0.069028 0.000010 0.000010 0.077144 0.528068 0.000010
0.207887 0.046346 0.042782 0.151085 0.000010 0.036324 0.101252 0.400456 0.013857
0.209396 0.077135 0.089741 0.018796 0.000010 0.000010 0.098946 0.505957 0.000010
0.262142 0.024804 0.000010 0.090202 0.000010 0.000010 0.134578 0.488235 0.000010
0.255740 0.099425 0.027584 0.054474 0.036921 0.005823 0.088158 0.431865 0.000010
0.162935 0.000010 0.000010 0.156745 0.024757 0.014371 0.121530 0.519632 0.000010
0.249724 0.096735 0.000010 0.114533 0.000010 0.006267 0.135222 0.382079 0.015420
0.206459 0.000010 0.083441 0.156642 0.005795 0.000010 0.151548 0.396085 0.000010
0.097223 0.015072 0.009593 0.159931 0.027614 0.062727 0.170363 0.457468 0.000010
0.157003 0.000010 0.076065 0.110257 0.073868 0.000010 0.098480 0.428589 0.055718
0.245031 0.032403 0.000010 0.027101 0.025463 0.000010 0.116335 0.511609 0.042039
0.142576 0.016123 0.011012 0.159871 0.081763 0.000010 0.109055 0.445523 0.034067
0.206996 0.072442 0.000010 0.000010 0.050311 0.000010 0.248414 0.403210 0.018597
0.248170 0.000010 0.043137 0.000010 0.033687 0.000010 0.118445 0.556521 0.000010
0.261419 0.000010 0.105051 0.000010 0.000010 0.019927 0.193318 0.356650 0.063604
0.183529 0.000010 0.192862 0.307830 0.000010 0.000010 0.061763 0.253975 0.000010
0.382689 0.000010 0.077320 0.103422 0.039001 0.000010 0.182750 0.214789 0.000010
0.090761 0.002965 0.065901 0.091831 0.034713 0.000010 0.198816 0.514994 0.000010
0.195963 0.120948 0.000010 0.024130 0.000010 0.000010 0.254230 0.404690 0.000010
0.230879 0.036552 0.000010 0.026248 0.029158 0.007062 0.051578 0.567065 0.051447
0.323572 0.088534 0.110670 0.104916 0.014962 0.011840 0.093273 0.230247 0.021986
0.217870 0.000010 0.013997 0.000010 0.025126 0.000010 0.254901 0.488066 0.000010
0.053720 0.000010 0.000010 0.222409 0.012012 0.000010 0.245057 0.466764 0.000010
0.182075 0.059491 0.018061 0.027626 0.000010 0.000010 0.145448 0.567269 0.000010
0.243690 0.000010 0.048154 0.069391 0.000010 0.011046 0.099130 0.522625 0.005943
0.299283 0.000010 0.038237 0.000010 0.000010 0.009635 0.076721 0.476974 0.099120
0.184305 0.023426 0.135728 0.100925 0.000010 0.035202 0.116878 0.403517 0.000010
0.098052 0.114344 0.022612 0.161564 0.013451 0.001746 0.138440 0.449782 0.000010
0.055280 0.086705 0.000010 0.232523 0.035511 0.000010 0.061020 0.528930 0.000010
0.154154 0.000010 0.144482 0.067395 0.000010 0.000010 0.087827 0.494343 0.051769
0.220926 0.019930 0.047069 0.165641 0.000010 0.000010 0.086653 0.459752 0.000010
0.314924 0.062199 0.000010 0.095843 0.000010 0.000010 0.057530 0.462674 0.006799
0.094703 0.000010 0.007463 0.140481 0.000010 0.000654 0.188445 0.568225 0.000010
0.295068 0.084886 0.086845 0.000010 0.026224 0.000010 0.039982 0.466965 0.000010
0.262229 0.044150 0.000010 0.000010 0.002485 0.004493 0.157531 0.529083 0.000010
0.172638 0.010766 0.000010 0.129093 0.000010 0.024386 0.093941 0.535360 0.033795
0.073467 0.122862 0.000010 0.119524 0.000010 0.000010 0.209516 0.474591 0.000010
0.239781 0.045446 0.127239 0.064279 0.105568 0.000010 0.000010 0.406914 0.010754
0.143924 0.022231 0.015797 0.123906 0.089828 0.028413 0.080343 0.495550 0.000010
0.295122 0.000010 0.000010 0.000010 0.000010 0.000010 0.133651 0.571167 0.000010
0.074829 0.053399 0.062096 0.138879 0.099999 0.005558 0.089758 0.475471 0.000010
0.102036 0.088092 0.000010 0.130361 0.000010 0.000010 0.186300 0.458300 0.034881
0.083562 0.010460 0.000010 0.132078 0.006087 0.000010 0.139478 0.598425 0.029890
0.251227 0.000010 0.000010 0.033632 0.000010 0.000010 0.213887 0.501205 0.000010
0.153068 0.000010 0.058559 0.195483 0.000010 0.000010 0.041836 0.494395 0.056630
0.232518 0.000010 0.056581 0.000010 0.000010 0.000010 0.087202 0.623649 0.000010
0.060864 0.049800 0.084853 0.099372 0.000010 0.027353 0.022626 0.632438 0.022684
0.096029 0.000529 0.000010 0.162078 0.000010 0.007450 0.161814 0.570696 0.001385
0.032375 0.041940 0.000010 0.250782 0.016286 0.001363 0.064928 0.518589 0.073726
0.114087 0.035690 0.155727 0.159943 0.129743 0.000010 0.127563 0.277227 0.000010
0.211145 0.000010 0.324706 0.031643 0.000010 0.043632 0.000010 0.376101 0.012744
0.285217 0.000010 0.138103 0.000010 0.004989 0.007935 0.160347 0.403378 0.000010
0.156799 0.075647 0.000010 0.085476 0.100155 0.000010 0.178222 0.403671 0.000010
0.218288 0.082177 0.072097 0.024361 0.000010 0.053306 0.184426 0.285678 0.079657
0.036920 0.085727 0.077606 0.121903 0.000010 0.000010 0.224216 0.402376 0.051231
0.234028 0.000010 0.059016 0.185906 0.051668 0.028742 0.085377 0.355243 0.000010
0.201616 0.016137 0.110878 0.148964 0.000010 0.055304 0.164195 0.302886 0.000010
0.059199 0.088769 0.140164 0.128879 0.000010 0.013041 0.051085 0.518842 0.000010
0.119624 0.062165 0.018739 0.144613 0.000010 0.035519 0.204403 0.414916 0.000010
0.093733 0.033556 0.000010 0.151845 0.000010 0.004392 0.279781 0.436663 0.000010
0.204069 0.000010 0.113808 0.030830 0.000010 0.016646 0.154506 0.480111 0.000010
0.159115 0.053861 0.000010 0.117635 0.000010 0.016059 0.192521 0.456202 0.004586
0.186780 0.060999 0.050834 0.060494 0.083333 0.008066 0.196028 0.353457 0.000010
0.131500 0.000010 0.000010 0.044797 0.061031 0.048229 0.181208 0.533206 0.000010
0.112646 0.000010 0.152578 0.080323 0.000010 0.026703 0.108917 0.518803 0.000010
0.149524 0.097759 0.000010 0.153999 0.046201 0.000010 0.156852 0.395635 0.000010
0.283153 0.000010 0.088314 0.167755 0.000010 0.044572 0.114590 0.301586 0.000010
0.265652 0.000010 0.128017 0.037643 0.082502 0.000010 0.080541 0.405615 0.000010
0.145971 0.164936 0.028564 0.097055 0.121380 0.000010 0.188237 0.233323 0.020523
0.112436 0.000010 0.130389 0.220516 0.009216 0.010257 0.109485 0.324558 0.083133
0.303236 0.015031 0.045697 0.068295 0.000010 0.011471 0.153594 0.402656 0.000010
0.170448 0.003497 0.234080 0.144637 0.037804 0.031307 0.126812 0.251405 0.000010
0.235895 0.047157 0.058643 0.057128 0.000010 0.000010 0.193002 0.405367 0.002788
0.166444 0.000010 0.074366 0.179065 0.012543 0.000010 0.256599 0.310952 0.000010
0.090345 0.000010 0.000010 0.000010 0.000010 0.473985 0.000010 0.006584 0.429036
0.063978 0.000010 0.000010 0.000010 0.000010 0.467997 0.000010 0.000010 0.467965
0.000010 0.000010 0.000010 0.000010 0.052018 0.263449 0.000010 0.048285 0.636197
0.014549 0.000010 0.000010 0.000010 0.001341 0.461672 0.000010 0.000010 0.522387
0.000010 0.000010 0.000010 0.000010 0.014933 0.411817 0.006770 0.035020 0.531421
0.000010 0.000010 0.000010 0.000010 0.026512 0.364265 0.000010 0.000010 0.609163
0.025241 0.000010 0.000010 0.012299 0.000010 0.415241 0.000010 0.013917 0.533262
0.000010 0.000010 0.000010 0.000010 0.000010 0.440420 0.000010 0.000010 0.559510
0.000010 0.000010 0.002668 0.039740 0.009145 0.445077 0.000010 0.000010 0.503330
0.000010 0.011946 0.000010 0.000010 0.029127 0.317203 0.000010 0.000010 0.641674
0.062715 0.000010 0.000010 0.000010 0.009602 0.266368 0.000010 0.000010 0.661266
0.000010 0.000010 0.000010 0.000010 0.000010 0.393254 0.000010 0.042519 0.564167
0.000010 0.000010 0.015411 0.000010 0.000010 0.549078 0.002369 0.046113 0.386990
0.000010 0.000010 0.000010 0.000010 0.055646 0.346174 0.000010 0.017564 0.580566
0.000010 0.000010 0.000010 0.000010 0.007630 0.374576 0.000010 0.000010 0.617734
0.000010 0.000010 0.000010 0.000010 0.014170 0.448414 0.000010 0.015551 0.521815
0.000010 0.000010 0.000010 0.000010 0.052441 0.542793 0.000010 0.000010 0.404707
0.049999 0.000010 0.000010 0.000010 0.000010 0.438824 0.000010 0.000010 0.511117
0.000010 0.000010 0.000010 0.000010 0.012070 0.464251 0.000010 0.003991 0.519638
0.016185 0.000010 0.000010 0.000010 0.010896 0.333374 0.000010 0.000010 0.639494
0.034839 0.015732 0.000010 0.000010 0.000010 0.379281 0.000010 0.017728 0.552380
0.000010 0.000010 0.000010 0.000770 0.000010 0.455408 0.000010 0.000010 0.543762
0.000010 0.000010 0.000010 0.000010 0.000010 0.312967 0.024974 0.009256 0.652753
0.082630 0.000010 0.000010 0.000010 0.016664 0.424783 0.000010 0.000010 0.475874
0.000010 0.000010 0.000010 0.020945 0.048914 0.423120 0.000010 0.055972 0.451009
0.000010 0.000010 0.005526 0.000010 0.018661 0.425961 0.025515 0.058625 0.465682
0.041226 0.000010 0.000010 0.011219 0.000010 0.500168 0.000010 0.005371 0.441976
0.000010 0.000010 0.000010 0.000010 0.035687 0.358795 0.000010 0.021765 0.583703
0.002391 0.000010 0.025724 0.000010 0.791868 0.005608 0.174369 0.000010 0.000010
0.616126 0.000010 0.000010 0.226678 0.033543 0.000010 0.000010 0.123603 0.000010
0.620727 0.073640 0.013053 0.154763 0.000010 0.027329 0.000010 0.110458 0.000010
0.341696 0.000010 0.100149 0.138086 0.000010 0.000010 0.000010 0.420019 0.000010
0.507620 0.048748 0.000010 0.193572 0.000010 0.002486 0.000010 0.203878 0.043667
0.454765 0.000010 0.000010 0.316239 0.052412 0.000010 0.009420 0.167124 0.000010
0.318630 0.000010 0.000010 0.255946 0.037334 0.019913 0.000010 0.368136 0.000010
0.440563 0.000010 0.096520 0.252796 0.025913 0.000010 0.028634 0.155545 0.000010
0.426899 0.000010 0.000010 0.377893 0.054879 0.000010 0.000010 0.140278 0.000010
0.432964 0.000010 0.000010 0.363416 0.000010 0.005940 0.000010 0.197630 0.000010
0.488130 0.050960 0.058824 0.138878 0.028200 0.000010 0.003649 0.231339 0.000010
0.319650 0.000010 0.004504 0.304789 0.000010 0.000798 0.000010 0.326886 0.043343
0.466859 0.046150 0.000010 0.272977 0.000010 0.025076 0.000010 0.188899 0.000010
0.382204 0.084731 0.000010 0.291056 0.000010 0.008583 0.054645 0.128649 0.050112
0.433746 0.003174 0.000010 0.218819 0.000010 0.000010 0.000010 0.344211 0.000010
0.236332 0.000010 0.082584 0.446664 0.000010 0.000010 0.000010 0.234370 0.000010
0.299806 0.011486 0.012465 0.377466 0.000010 0.047845 0.111111 0.128684 0.011127
0.349421 0.000010 0.000010 0.443118 0.000010 0.000010 0.011963 0.176436 0.019023
0.554246 0.000010 0.000010 0.126446 0.004476 0.028959 0.066035 0.175409 0.044409
0.298897 0.000010 0.060524 0.360352 0.000010 0.010529 0.000010 0.269658 0.000010
0.377716 0.000010 0.099413 0.269546 0.004024 0.007457 0.000010 0.146318 0.095505
0.389683 0.122272 0.000010 0.319293 0.000010 0.000010 0.021519 0.147194 0.000010
0.433157 0.000010 0.041552 0.348528 0.000010 0.000010 0.076050 0.071849 0.028834
0.420875 0.049651 0.000010 0.304662 0.000010 0.000010 0.087460 0.137312 0.000010
0.428776 0.059204 0.000010 0.294936 0.000010 0.005198 0.028686 0.183170 0.000010
0.645793 0.010255 0.000010 0.129195 0.000010 0.008428 0.064966 0.120431 0.020911
0.407197 0.001374 0.009074 0.261414 0.000010 0.000010 0.038972 0.281938 0.000010
0.363885 0.000010 0.000010 0.453068 0.000010 0.000010 0.000010 0.182987 0.000010
0.417163 0.000010 0.000010 0.255354 0.000010 0.000010 0.046724 0.280709 0.000010
0.000010 0.018116 0.027888 0.000010 0.953936 0.000010 0.000010 0.000010 0.000010
0.020250 0.000010 0.000010 0.000010 0.964730 0.000010 0.000010 0.014960 0.000010
0.000010 0.000010 0.018365 0.002479 0.969591 0.000010 0.009515 0.000010 0.000010
0.000010 0.000010 0.000010 0.021977 0.945240 0.000010 0.000010 0.032723 0.000010
0.003889 0.000010 0.182048 0.000010 0.644103 0.000010 0.154527 0.001786 0.013617
0.000010 0.000010 0.010032 0.000010 0.927487 0.000010 0.000010 0.038742 0.023689
0.000010 0.000010 0.000010 0.004206 0.946475 0.000010 0.000010 0.049259 0.000010
0.000010 0.000010 0.029099 0.000010 0.963744 0.000010 0.000010 0.007098 0.000010
0.000010 0.012154 0.025831 0.000010 0.920537 0.000010 0.000010 0.041428 0.000010
0.000010 0.007124 0.000010 0.000010 0.940276 0.045583 0.000010 0.006967 0.000010
0.005905 0.000010 0.000010 0.000010 0.849827 0.000010 0.066536 0.077682 0.000010
0.000010 0.025178 0.000010 0.073284 0.891030 0.000010 0.000010 0.010458 0.000010
0.000010 0.011043 0.000010 0.000010 0.961979 0.000010 0.006840 0.000010 0.020089
0.000010 0.000010 0.000010 0.000010 0.931919 0.000010 0.068011 0.000010 0.000010
0.000010 0.000010 0.000010 0.000010 0.987522 0.012408 0.000010 0.000010 0.000010
0.000010 0.030523 0.000010 0.024012 0.945405 0.000010 0.000010 0.000010 0.000010
0.000010 0.000010 0.000010 0.017714 0.952366 0.000010 0.029860 0.000010 0.000010
0.602670 0.098258 0.010497 0.069541 0.000010 0.000010 0.000010 0.218994 0.000010
0.581008 0.000010 0.011776 0.073644 0.000010 0.000010 0.000010 0.333522 0.000010
0.591452 0.000010 0.000010 0.109079 0.000010 0.007890 0.022640 0.268898 0.000010
0.604230 0.000010 0.000010 0.000010 0.000010 0.046397 0.145351 0.203972 0.000010
0.626113 0.052423 0.000010 0.038106 0.031067 0.019077 0.023570 0.209623 0.000010
0.419268 0.000010 0.000010 0.183711 0.000010 0.000442 0.000010 0.380288 0.016251
0.353781 0.000010 0.000010 0.164159 0.014406 0.106120 0.057143 0.304362 0.000010
0.504324 0.000010 0.000010 0.082003 0.000010 0.000010 0.090765 0.210931 0.111937
0.514543 0.000010 0.000010 0.000010 0.000010 0.000010 0.047904 0.437494 0.000010
0.558100 0.000010 0.000010 0.031833 0.000010 0.020800 0.048900 0.329291 0.011045
0.521777 0.033898 0.133995 0.000010 0.022228 0.037369 0.000010 0.197892 0.052821
0.570343 0.006857 0.000010 0.087272 0.054222 0.079911 0.000010 0.193386 0.007988
0.672029 0.012334 0.002768 0.143566 0.000010 0.020167 0.000010 0.149105 0.000010
0.649409 0.007246 0.000010 0.043579 0.000010 0.000010 0.000010 0.299715 0.000010
0.569059 0.000010 0.000010 0.061437 0.031482 0.047038 0.000010 0.290944 0.000010
0.582114 0.005629 0.024031 0.131443 0.011133 0.014818 0.000010 0.230812 0.000010
0.736170 0.000010 0.000010 0.000010 0.000010 0.000010 0.006187 0.252017 0.005576
0.656217 0.000010 0.018980 0.022431 0.058383 0.000010 0.000010 0.243948 0.000010
0.471839 0.015705 0.000010 0.155251 0.000010 0.008563 0.028574 0.267263 0.052785
0.570456 0.011440 0.000010 0.067654 0.043128 0.000010 0.000010 0.307282 0.000010
0.594195 0.000010 0.018191 0.000010 0.000010 0.000010 0.000010 0.196474 0.191090
0.533041 0.032571 0.000010 0.000010 0.089117 0.051280 0.000010 0.293951 0.000010
0.519181 0.000010 0.000010 0.105311 0.023447 0.003374 0.098722 0.249934 0.000010
0.609938 0.000010 0.037519 0.062094 0.000010 0.008599 0.000010 0.281809 0.000010
0.583111 0.000010 0.015710 0.088312 0.028268 0.000010 0.070401 0.184287 0.029891
0.416157 0.000010 0.061239 0.148062 0.015044 0.080117 0.000010 0.250435 0.028926
0.492833 0.029023 0.000010 0.218715 0.025775 0.000010 0.000010 0.210884 0.022739
0.567017 0.000010 0.021428 0.039126 0.000010 0.032006 0.031370 0.291316 0.017717
0.564465 0.000010 0.000010 0.091506 0.029400 0.000010 0.000010 0.314579 0.000010
0.627969 0.000010 0.024813 0.052752 0.000010 0.000010 0.000010 0.222145 0.072281
0.540511 0.000010 0.022881 0.091814 0.000010 0.000010 0.000010 0.344745 0.000010
0.457467 0.000010 0.074742 0.123679 0.000010 0.000010 0.035059 0.307702 0.001321
0.465996 0.003441 0.026142 0.205100 0.101805 0.000010 0.007125 0.166709 0.023672
0.493985 0.000010 0.097227 0.098854 0.001561 0.065894 0.023745 0.205890 0.012834
0.557714 0.170576 0.000010 0.000010 0.005949 0.000010 0.000010 0.265711 0.000010
0.480617 0.000010 0.186937 0.038156 0.000010 0.031836 0.000010 0.262414 0.000010
0.625273 0.000010 0.000010 0.026620 0.048555 0.002136 0.000010 0.217453 0.079932
0.494022 0.004167 0.000010 0.084127 0.030706 0.071820 0.025392 0.289745 0.000010
0.553607 0.000010 0.000010 0.084136 0.000010 0.006846 0.040684 0.209267 0.105430
0.582317 0.000010 0.015017 0.131359 0.000010 0.000010 0.057577 0.213691 0.000010
0.553893 0.000010 0.000010 0.107703 0.000010 0.000010 0.046180 0.262781 0.029403
0.428643 0.000010 0.000010 0.173968 0.046236 0.064622 0.065576 0.152490 0.068445
0.622600 0.049075 0.000010 0.000010 0.000010 0.051566 0.000010 0.276708 0.000010
0.656037 0.000010 0.039949 0.063419 0.007303 0.000010 0.050964 0.182298 0.000010
0.563699 0.000010 0.062085 0.034659 0.000010 0.000010 0.000010 0.241774 0.097744
0.591118 0.000010 0.000010 0.000010 0.000010 0.000010 0.069435 0.339387 0.000010
0.585857 0.008223 0.000010 0.037783 0.001837 0.000010 0.000010 0.084607 0.281663
0.750549 0.029634 0.068910 0.000010 0.000010 0.000010 0.000010 0.150857 0.000010
0.478855 0.000010 0.000010 0.040855 0.024406 0.056713 0.064010 0.243855 0.091286
0.497733 0.000010 0.023583 0.146578 0.000010 0.025102 0.000010 0.306964 0.000010
0.484863 0.084261 0.000010 0.029431 0.000010 0.003630 0.002356 0.288915 0.106524
0.600257 0.000010 0.000010 0.037074 0.068741 0.000010 0.027745 0.231652 0.034500
0.663861 0.000010 0.000010 0.000010 0.106858 0.000010 0.023738 0.182792 0.022712
0.534651 0.022719 0.000010 0.030436 0.000010 0.049497 0.000010 0.334750 0.027917
0.484227 0.000010 0.044293 0.064552 0.000010 0.000010 0.000010 0.331818 0.075069
0.000010 0.058379 0.015813 0.000901 0.000010 0.115012 0.007220 0.000010 0.802646
0.629815 0.048512 0.000010 0.059795 0.004815 0.000010 0.022704 0.157795 0.076544
0.580266 0.000010 0.000010 0.000010 0.000010 0.000010 0.081000 0.311640 0.027044
0.727977 0.000010 0.035883 0.000010 0.002755 0.000010 0.014040 0.121100 0.098214
0.606791 0.003733 0.145372 0.043417 0.000010 0.000010 0.033241 0.123577 0.043848
0.651800 0.000010 0.000010 0.089402 0.000010 0.009323 0.044090 0.205344 0.000010
0.631039 0.000010 0.000010 0.000010 0.000010 0.041084 0.000010 0.113042 0.214785
0.547247 0.000010 0.028134 0.000010 0.000010 0.000010 0.000010 0.241445 0.183124
0.590838 0.000010 0.032858 0.000010 0.080084 0.000010 0.000010 0.274658 0.021521
0.581269 0.000010 0.096403 0.000010 0.000010 0.000010 0.068787 0.217838 0.035663
0.590521 0.000010 0.042973 0.011748 0.100821 0.000010 0.000010 0.253897 0.000010
0.560253 0.000010 0.000010 0.076730 0.000010 0.000010 0.000010 0.173489 0.189478
0.606796 0.000010 0.000010 0.000010 0.030312 0.000010 0.000010 0.300457 0.062385
0.598770 0.000010 0.040722 0.017138 0.046449 0.000010 0.006841 0.212972 0.077087
0.619021 0.000010 0.000010 0.061730 0.080404 0.041515 0.000010 0.175846 0.021454
0.468746 0.000010 0.000010 0.050654 0.000010 0.014162 0.000010 0.221151 0.245248
0.569898 0.000010 0.000010 0.028157 0.000010 0.027040 0.000010 0.277987 0.096878
0.645028 0.063895 0.000010 0.005335 0.000010 0.000010 0.000010 0.230178 0.055524
0.429594 0.000010 0.000010 0.014125 0.159847 0.009757 0.000010 0.268418 0.118228
0.519840 0.000010 0.000010 0.086698 0.067585 0.013105 0.001915 0.253553 0.057283
0.479552 0.000815 0.000010 0.047625 0.000010 0.000010 0.026418 0.247030 0.198531
0.623106 0.059875 0.003820 0.011552 0.000010 0.012549 0.000010 0.237680 0.051396
0.501721 0.000010 0.000010 0.211789 0.000010 0.044693 0.004618 0.193530 0.043619
0.473186 0.020316 0.015819 0.000010 0.005414 0.052272 0.044172 0.354522 0.034288
0.379312 0.053752 0.000010 0.088587 0.041844 0.012067 0.126883 0.169151 0.128395
0.539893 0.000010 0.000010 0.136276 0.052286 0.040989 0.000010 0.159085 0.071441
0.675799 0.000010 0.000010 0.066141 0.000010 0.004463 0.000010 0.106375 0.147183
0.616912 0.000010 0.000010 0.000010 0.000010 0.011993 0.070926 0.136799 0.163330
0.537227 0.000010 0.029828 0.000010 0.019609 0.000010 0.068392 0.326061 0.018852
0.579888 0.000010 0.000010 0.000010 0.019024 0.000010 0.038354 0.293612 0.069083
0.573013 0.009427 0.000010 0.053284 0.000010 0.000010 0.000010 0.307416 0.056820
0.555446 0.000010 0.019834 0.032921 0.066989 0.000010 0.007142 0.257374 0.060274
0.000010 0.000010 0.000010 0.000010 0.866306 0.000010 0.133624 0.000010 0.000010
0.000010 0.018040 0.000010 0.000010 0.778925 0.000010 0.202975 0.000010 0.000010
0.000010 0.000010 0.000010 0.000010 0.912888 0.000010 0.087042 0.000010 0.000010
0.000010 0.032487 0.000010 0.000010 0.863736 0.012335 0.091392 0.000010 0.000010
0.000010 0.000010 0.000010 0.000010 0.749763 0.000010 0.250167 0.000010 0.000010
0.000010 0.000010 0.025963 0.000010 0.834137 0.000010 0.139839 0.000010 0.000010
0.006947 0.000010 0.074964 0.000010 0.696364 0.000010 0.221675 0.000010 0.000010
0.681663 0.000010 0.000010 0.000010 0.000010 0.036562 0.110737 0.170988 0.000010
0.584154 0.000010 0.073636 0.148419 0.000010 0.000010 0.105281 0.088470 0.000010
0.637384 0.000010 0.000010 0.079633 0.000010 0.000010 0.154897 0.128035 0.000010
0.540304 0.005118 0.000010 0.337808 0.000010 0.000010 0.000010 0.116720 0.000010
0.511950 0.000010 0.000010 0.220011 0.000010 0.000010 0.014773 0.253216 0.000010
0.575066 0.000010 0.000010 0.282935 0.000010 0.000010 0.062048 0.079900 0.000010
0.603674 0.000010 0.000010 0.252464 0.051437 0.032716 0.031094 0.028585 0.000010
0.632323 0.000010 0.000010 0.184862 0.026875 0.000010 0.044883 0.097909 0.013118
0.573565 0.000010 0.027487 0.207412 0.040341 0.000010 0.000010 0.101543 0.049622
0.505926 0.000010 0.000010 0.183638 0.036640 0.007312 0.000010 0.266443 0.000010
0.527092 0.000010 0.000010 0.024406 0.065189 0.019367 0.007134 0.356783 0.000010
0.690641 0.000010 0.000010 0.006106 0.014428 0.000010 0.000010 0.286531 0.002253
0.440238 0.064430 0.039933 0.122786 0.003885 0.000010 0.000010 0.295717 0.032989
0.592612 0.000010 0.000010 0.046263 0.029030 0.045496 0.000010 0.286559 0.000010
0.673144 0.000010 0.000010 0.006761 0.000010 0.000010 0.000010 0.317344 0.002701
0.634457 0.000010 0.019955 0.059203 0.000010 0.000010 0.093464 0.117593 0.075298
0.512820 0.000010 0.027563 0.051444 0.000010 0.023474 0.087222 0.297447 0.000010
0.497746 0.000010 0.000010 0.015121 0.088780 0.050339 0.036385 0.267422 0.044187
0.587187 0.000010 0.000010 0.048097 0.042719 0.011466 0.000465 0.247469 0.062577
0.508252 0.010567 0.000010 0.000010 0.008178 0.000010 0.071195 0.230802 0.170976
0.576020 0.000010 0.000010 0.110011 0.000010 0.000010 0.000010 0.281954 0.031965
0.569597 0.072187 0.107098 0.028291 0.013632 0.000010 0.007750 0.201426 0.000010
0.489861 0.000010 0.000010 0.185079 0.000010 0.019746 0.000010 0.305264 0.000010
0.510763 0.000010 0.037578 0.000010 0.011650 0.029258 0.000010 0.364814 0.045907
0.472874 0.004044 0.000010 0.072794 0.174620 0.035670 0.000010 0.211486 0.028491
0.480872 0.000010 0.026752 0.000010 0.000010 0.000010 0.000010 0.492316 0.000010
0.311439 0.048380 0.000010 0.172711 0.098984 0.078027 0.000010 0.108808 0.181632
0.639910 0.006807 0.000010 0.094332 0.000010 0.000010 0.013699 0.245211 0.000010
0.579965 0.069372 0.000010 0.035115 0.000010 0.000010 0.000010 0.314350 0.001159
0.550858 0.000010 0.000010 0.037582 0.006589 0.000010 0.017661 0.376326 0.010954
0.565281 0.052145 0.000010 0.101323 0.000010 0.000010 0.000010 0.221952 0.059259
0.527036 0.000010 0.021959 0.069822 0.000010 0.000010 0.028702 0.352440 0.000010
0.546147 0.000010 0.000010 0.000010 0.000010 0.006210 0.074955 0.297238 0.075409
0.429474 0.033276 0.025879 0.086659 0.000010 0.000010 0.090850 0.219732 0.114110
0.474260 0.000010 0.000010 0.135189 0.050461 0.000010 0.000010 0.286910 0.053140
0.000010 0.826829 0.161129 0.011983 0.000010 0.000010 0.000010 0.000010 0.000010
0.038439 0.695893 0.069360 0.000010 0.019489 0.000010 0.085375 0.055438 0.035986
0.000010 0.805253 0.081902 0.047424 0.000010 0.000010 0.065371 0.000010 0.000010
0.000010 0.781371 0.130863 0.000010 0.040008 0.000010 0.047708 0.000010 0.000010
0.000010 0.000010 0.478632 0.000010 0.074646 0.054480 0.381488 0.010715 0.000010
0.057257 0.000010 0.514565 0.000010 0.030637 0.005346 0.392156 0.000010 0.000010
0.014291 0.026225 0.357532 0.037580 0.042791 0.000010 0.418109 0.032199 0.071262
0.000010 0.000010 0.475060 0.000010 0.018287 0.055449 0.342253 0.090509 0.018411
0.000010 0.000010 0.318014 0.048641 0.024652 0.000010 0.426887 0.181766 0.000010
0.003927 0.047508 0.476793 0.030860 0.003436 0.006678 0.410986 0.000010 0.019801
0.035690 0.003182 0.347248 0.000010 0.000010 0.014007 0.510513 0.029454 0.059886
0.000010 0.001973 0.503620 0.000010 0.010518 0.000010 0.353547 0.130301 0.000010
0.000010 0.088391 0.319388 0.000010 0.016092 0.000010 0.455299 0.111293 0.009506
0.000010 0.000010 0.318819 0.000010 0.058116 0.037707 0.503990 0.081328 0.000010
0.486817 0.000010 0.000010 0.092968 0.000010 0.000010 0.058172 0.290495 0.071508
0.527892 0.085252 0.000010 0.066252 0.005956 0.000010 0.000010 0.179274 0.135345
0.484555 0.021737 0.000010 0.083069 0.024259 0.021911 0.127496 0.186988 0.049975
0.476700 0.048784 0.091110 0.030553 0.000010 0.000010 0.071074 0.214166 0.067592
0.499052 0.000010 0.000010 0.091190 0.000010 0.000010 0.000010 0.325680 0.084028
0.652150 0.000010 0.000010 0.000010 0.000010 0.000010 0.056329 0.291460 0.000010
0.493961 0.030500 0.000010 0.091173 0.078402 0.029732 0.000010 0.220647 0.055563
0.657264 0.000010 0.000010 0.000010 0.000010 0.128730 0.032317 0.164416 0.017233
0.639246 0.000010 0.054761 0.048967 0.000010 0.078765 0.000010 0.087521 0.090711
0.586646 0.000010 0.045949 0.000010 0.056256 0.000010 0.026944 0.244498 0.039678
0.527558 0.008205 0.000010 0.138248 0.000010 0.000010 0.000010 0.325939 0.000010
0.521356 0.000010 0.011356 0.066360 0.048702 0.000010 0.074337 0.277859 0.000010
0.613173 0.000010 0.000010 0.000010 0.044369 0.025216 0.054022 0.243205 0.019985
0.460868 0.023334 0.000010 0.100785 0.000010 0.000010 0.000010 0.383910 0.031063
0.492918 0.000010 0.065391 0.020091 0.011648 0.000010 0.017673 0.392250 0.000010
0.494912 0.000010 0.069490 0.000010 0.001315 0.000010 0.000010 0.384999 0.049245
0.461130 0.037667 0.000010 0.000010 0.042292 0.019370 0.044303 0.349275 0.045943
0.524034 0.003471 0.000010 0.000010 0.042341 0.000010 0.000010 0.421754 0.008360
0.586197 0.091795 0.000010 0.004004 0.000010 0.052120 0.000123 0.184085 0.081656
0.320926 0.000010 0.000010 0.252184 0.029956 0.046677 0.000010 0.200165 0.150062
0.553781 0.000010 0.000010 0.149357 0.000010 0.000010 0.090476 0.206336 0.000010
0.000010 0.000010 0.633849 0.000010 0.051267 0.000010 0.295500 0.019334 0.000010
0.064924 0.054308 0.637809 0.000010 0.042558 0.000010 0.197494 0.002877 0.000010
0.000010 0.008553 0.695748 0.006901 0.000010 0.029514 0.256742 0.000010 0.002513
0.000010 0.000010 0.390226 0.000010 0.066290 0.016076 0.466242 0.031465 0.029671
0.103594 0.003140 0.635727 0.000010 0.052941 0.000010 0.203579 0.000010 0.000989
0.000010 0.000010 0.665988 0.006715 0.104132 0.000010 0.214852 0.008273 0.000010
0.000010 0.000010 0.695613 0.043127 0.041373 0.000010 0.214839 0.000010 0.005008
0.000010 0.000010 0.521795 0.000010 0.083417 0.000010 0.394728 0.000010 0.000010
0.000010 0.045785 0.657343 0.000010 0.000010 0.000010 0.210076 0.000010 0.086746
0.013442 0.000010 0.536062 0.059340 0.120422 0.000010 0.265568 0.005137 0.000010
0.000010 0.000010 0.700370 0.000010 0.000010 0.000010 0.228058 0.071512 0.000010
0.000010 0.010873 0.620354 0.000010 0.022493 0.007251 0.335296 0.000010 0.003703
0.000010 0.000010 0.648982 0.000010 0.055076 0.000010 0.295882 0.000010 0.000010
0.000010 0.001616 0.656617 0.000010 0.000010 0.000010 0.315225 0.000010 0.026491
0.000010 0.023749 0.641493 0.000010 0.122699 0.000010 0.212008 0.000010 0.000010
0.000010 0.078316 0.652773 0.000010 0.023067 0.000010 0.196887 0.036756 0.012171
0.039124 0.004200 0.676405 0.000010 0.004043 0.030626 0.245573 0.000010 0.000010
0.000010 0.027186 0.614383 0.035461 0.000010 0.008926 0.314004 0.000010 0.000010
0.060570 0.000010 0.603331 0.000010 0.052340 0.000010 0.283709 0.000010 0.000010
0.000010 0.000010 0.582696 0.015054 0.000010 0.017790 0.335569 0.048851 0.000010
0.000010 0.021114 0.706089 0.052272 0.020034 0.000010 0.200451 0.000010 0.000010
0.000010 0.000010 0.498515 0.000010 0.032412 0.042645 0.359459 0.048548 0.018392
0.000010 0.030928 0.701025 0.000010 0.000010 0.000010 0.264088 0.003910 0.000010
0.026493 0.000010 0.695476 0.007351 0.000010 0.000010 0.270630 0.000010 0.000010
0.000010 0.000816 0.708419 0.000010 0.027774 0.000010 0.259899 0.003052 0.000010
0.000010 0.000010 0.641699 0.013676 0.000010 0.000010 0.331199 0.013376 0.000010
0.000010 0.000010 0.651868 0.014289 0.013575 0.000010 0.320218 0.000010 0.000010
0.000010 0.000010 0.696888 0.000010 0.000010 0.027296 0.233741 0.005987 0.036048
0.000010 0.000010 0.701078 0.000010 0.029336 0.000010 0.256082 0.000010 0.013455
0.000010 0.089882 0.603626 0.000010 0.000010 0.000010 0.271139 0.035303 0.000010
0.000010 0.000010 0.551479 0.000010 0.034556 0.000010 0.408989 0.004926 0.000010
0.000010 0.000010 0.571051 0.024126 0.057487 0.000010 0.347286 0.000010 0.000010
0.029728 0.044858 0.545015 0.000010 0.020255 0.009229 0.341201 0.000010 0.009695
0.000010 0.000010 0.657183 0.000010 0.025018 0.000010 0.304972 0.012777 0.000010
0.000010 0.000010 0.752478 0.000010 0.000010 0.000010 0.247452 0.000010 0.000010
0.000010 0.052818 0.572215 0.000010 0.000010 0.003360 0.371557 0.000010 0.000010
0.000010 0.000010 0.512170 0.003546 0.000010 0.000010 0.296021 0.188213 0.000010
0.000010 0.000010 0.693920 0.000010 0.000010 0.000010 0.298283 0.000010 0.007737
0.000010 0.000010 0.674641 0.000010 0.067742 0.000010 0.257558 0.000010 0.000010
0.000010 0.000010 0.000010 0.000010 0.914345 0.000010 0.085585 0.000010 0.000010
0.000010 0.042748 0.000010 0.000010 0.891956 0.000010 0.065236 0.000010 0.000010
0.000010 0.000010 0.697173 0.000010 0.064172 0.000010 0.192765 0.045840 0.000010
0.000010 0.000010 0.731902 0.000010 0.000010 0.000010 0.268028 0.000010 0.000010
0.411101 0.065786 0.052579 0.269568 0.000010 0.000010 0.068965 0.131972 0.000010
0.232616 0.068463 0.000010 0.420534 0.039211 0.000010 0.019696 0.219450 0.000010
0.394914 0.000010 0.000010 0.279781 0.001375 0.000010 0.065132 0.258757 0.000010
0.408923 0.087430 0.000010 0.337733 0.000010 0.000010 0.000010 0.165864 0.000010
0.346606 0.048603 0.000010 0.405296 0.000010 0.000010 0.067997 0.131457 0.000010
0.461710 0.000010 0.033807 0.291798 0.000010 0.000010 0.000010 0.212635 0.000010
0.344029 0.022519 0.072617 0.308133 0.003793 0.000010 0.000010 0.248879 0.000010
0.296236 0.001952 0.000010 0.425498 0.000010 0.000010 0.028335 0.247940 0.000010
0.399549 0.000010 0.000010 0.294612 0.000010 0.000010 0.057917 0.247872 0.000010
0.396415 0.000010 0.010390 0.408585 0.000010 0.000010 0.070068 0.114503 0.000010
0.375053 0.018795 0.000010 0.266561 0.028646 0.000010 0.001110 0.309805 0.000010
0.389985 0.000010 0.000010 0.348243 0.000010 0.000010 0.004158 0.257564 0.000010
0.383157 0.000010 0.000016 0.316687 0.000010 0.000010 0.000010 0.300090 0.000010
0.000010 0.000010 0.753530 0.016206 0.000010 0.000010 0.230204 0.000010 0.000010
0.000010 0.000010 0.524418 0.000010 0.086711 0.004676 0.289010 0.095145 0.000010
0.000010 0.000010 0.633905 0.000010 0.037549 0.004863 0.323633 0.000010 0.000010
0.000010 0.000010 0.588959 0.024619 0.000010 0.000010 0.302775 0.045573 0.038034
0.012750 0.000010 0.611825 0.000010 0.051619 0.000010 0.323756 0.000010 0.000010
0.000010 0.022627 0.533829 0.000010 0.117510 0.032011 0.293984 0.000010 0.000010
0.000010 0.000010 0.709086 0.000010 0.019596 0.000010 0.250987 0.000010 0.020282
0.000010 0.005938 0.762920 0.005055 0.000010 0.000010 0.215359 0.010688 0.000010
0.000010 0.000010 0.599962 0.000010 0.033658 0.000616 0.352023 0.001446 0.012264
0.000010 0.064854 0.534572 0.000010 0.033809 0.041758 0.324967 0.000010 0.000010
0.000010 0.000010 0.704921 0.000010 0.000564 0.000010 0.289557 0.000010 0.004908
0.000010 0.000010 0.726346 0.000010 0.020754 0.047680 0.205170 0.000010 0.000010
