0.226398 0.086600 0.022223 0.071938 0.026074 0.090863 0.041004 0.434890 0.000010
0.089776 0.086185 0.034031 0.165884 0.000010 0.000010 0.138373 0.410798 0.074934
0.386547 0.063620 0.091854 0.068063 0.000010 0.000010 0.000010 0.389875 0.000010
0.392121 0.000010 0.014985 0.223342 0.035285 0.000010 0.065683 0.268555 0.000010
0.348778 0.000010 0.000010 0.000010 0.092889 0.005467 0.080185 0.468340 0.004312
0.197342 0.000010 0.026401 0.151146 0.000010 0.088254 0.084459 0.102193 0.350185
0.345121 0.000010 0.000010 0.009937 0.046222 0.000010 0.108522 0.460476 0.029692
0.253914 0.066434 0.000010 0.179501 0.000010 0.025848 0.125375 0.344639 0.004270
0.273141 0.020586 0.000010 0.204792 0.070140 0.039531 0.040990 0.350801 0.000010
0.267905 0.031857 0.016942 0.121900 0.043123 0.000010 0.060864 0.448957 0.008441
0.298725 0.041558 0.000010 0.135127 0.159060 0.000010 0.000010 0.365489 0.000010
0.314934 0.000010 0.081957 0.049704 0.112780 0.000010 0.021924 0.418671 0.000010
0.460729 0.000010 0.075119 0.078842 0.022930 0.000010 0.000010 0.305476 0.056874
0.175567 0.000010 0.026319 0.057270 0.049824 0.019758 0.134104 0.318445 0.218703
0.413033 0.024883 0.000152 0.164378 0.022218 0.000010 0.029361 0.288871 0.057093
0.267983 0.004163 0.000010 0.109786 0.018522 0.000010 0.161747 0.426401 0.011378
0.321400 0.000010 0.067780 0.143734 0.000010 0.000010 0.077441 0.389605 0.000010
0.160512 0.000010 0.000010 0.194662 0.000465 0.000010 0.227352 0.404570 0.012409
0.301078 0.017471 0.000010 0.222185 0.009309 0.027418 0.000010 0.422510 0.000010
0.321519 0.008559 0.119561 0.154212 0.010701 0.000010 0.000010 0.385418 0.000010
0.257279 0.013381 0.150409 0.186514 0.042314 0.002015 0.000010 0.334262 0.013816
0.340786 0.000010 0.000010 0.208516 0.000010 0.000010 0.079686 0.370962 0.000010
0.206330 0.000010 0.174060 0.228937 0.000010 0.000010 0.042423 0.297487 0.050733
0.206324 0.029603 0.103104 0.203889 0.000010 0.000010 0.043755 0.413295 0.000010
0.343623 0.011035 0.000010 0.000010 0.107800 0.000010 0.044807 0.492695 0.000010
0.245948 0.039599 0.000010 0.154203 0.068109 0.000010 0.158458 0.333653 0.000010
0.182425 0.000010 0.218282 0.015741 0.096534 0.000010 0.130390 0.356598 0.000010
0.197445 0.000010 0.278989 0.000010 0.011964 0.000010 0.039359 0.336475 0.135737
0.228047 0.041535 0.000010 0.099588 0.039774 0.000010 0.150432 0.440594 0.000010
0.388102 0.000010 0.004275 0.051615 0.000010 0.000010 0.093850 0.404277 0.057851
0.112995 0.000010 0.179512 0.000010 0.034430 0.027498 0.152363 0.493173 0.000010
0.205280 0.135320 0.000010 0.074023 0.031369 0.060416 0.000010 0.467697 0.025875
0.139066 0.000010 0.000010 0.114417 0.042167 0.007731 0.115545 0.581044 0.000010
0.087726 0.004226 0.059624 0.238374 0.120832 0.016122 0.029179 0.443908 0.000010
0.069792 0.002243 0.146468 0.122259 0.077616 0.036200 0.159452 0.385960 0.000010
0.320399 0.077108 0.059115 0.059487 0.017511 0.008463 0.064773 0.371955 0.021189
0.284947 0.005729 0.035354 0.083916 0.055727 0.053863 0.021825 0.458629 0.000010
0.292983 0.000010 0.046650 0.176676 0.000010 0.000010 0.055359 0.428293 0.000010
0.254208 0.095435 0.005752 0.229953 0.019317 0.000010 0.065933 0.329382 0.000010
0.302178 0.060643 0.034038 0.049314 0.057340 0.000010 0.046465 0.450002 0.000010
0.210079 0.036456 0.091173 0.143912 0.071435 0.016538 0.005588 0.424808 0.000010
0.176315 0.000010 0.146891 0.098945 0.061654 0.000010 0.017301 0.498865 0.000010
0.223836 0.067007 0.093859 0.087676 0.000010 0.000010 0.134434 0.393158 0.000010
0.235504 0.027559 0.057356 0.000010 0.000010 0.169579 0.071379 0.360244 0.078359
0.406387 0.104468 0.000010 0.013423 0.012492 0.000010 0.057812 0.405388 0.000010
0.128659 0.032598 0.000010 0.058454 0.000010 0.000010 0.116654 0.606571 0.057033
0.379073 0.066723 0.043735 0.070379 0.034407 0.000010 0.031012 0.352165 0.022496
0.356316 0.000010 0.000010 0.170383 0.066297 0.000010 0.000010 0.406953 0.000010
0.133813 0.000010 0.423262 0.067348 0.000010 0.000010 0.119535 0.256002 0.000010
0.101649 0.155957 0.040654 0.045226 0.000010 0.000010 0.135455 0.492025 0.029013
0.000012 0.176222 0.156624 0.213687 0.013546 0.000010 0.164258 0.275631 0.000010
0.162686 0.000010 0.386062 0.079452 0.000010 0.020776 0.073636 0.213603 0.063766
0.186120 0.000010 0.249366 0.122920 0.000010 0.000010 0.171684 0.244916 0.024963
0.073908 0.035419 0.463356 0.076746 0.058264 0.000010 0.114340 0.117120 0.060837
0.155152 0.102786 0.500318 0.031047 0.000010 0.048926 0.133970 0.027780 0.000010
0.000010 0.000010 0.443574 0.158640 0.029090 0.047359 0.093627 0.227680 0.000010
0.279587 0.052400 0.170844 0.132747 0.065849 0.000010 0.021664 0.276890 0.000010
0.161141 0.142693 0.241669 0.000010 0.000010 0.000010 0.091231 0.363226 0.000010
0.167136 0.000010 0.537556 0.027937 0.061132 0.000010 0.054554 0.111462 0.040202
0.235793 0.125520 0.382429 0.096243 0.000381 0.000010 0.074849 0.084765 0.000010
0.155924 0.061138 0.358917 0.115589 0.115516 0.000010 0.090079 0.094580 0.008247
0.065610 0.028016 0.450435 0.154362 0.000010 0.000010 0.113210 0.185611 0.002737
0.010668 0.000010 0.442234 0.181176 0.002357 0.025940 0.096663 0.240942 0.000010
0.113269 0.057947 0.297627 0.046355 0.052555 0.000010 0.000010 0.419572 0.012655
0.221770 0.000010 0.264255 0.078698 0.058946 0.000010 0.059358 0.316943 0.000010
0.090429 0.000010 0.159443 0.226617 0.039303 0.000010 0.061900 0.422278 0.000010
0.055568 0.042292 0.497981 0.000010 0.030163 0.023504 0.138179 0.212293 0.000010
0.168273 0.076778 0.264681 0.156289 0.000010 0.000010 0.085102 0.242043 0.006815
0.055388 0.084691 0.367885 0.205956 0.000012 0.000010 0.101914 0.184134 0.000010
0.190723 0.000010 0.274349 0.000010 0.000010 0.000010 0.101034 0.396025 0.037830
0.113444 0.000010 0.000010 0.131223 0.000010 0.092623 0.079388 0.289145 0.294147
0.369211 0.000010 0.000016 0.142506 0.000010 0.013249 0.000010 0.474977 0.000010
0.211192 0.000010 0.108179 0.055527 0.058834 0.000010 0.000010 0.566228 0.000010
0.185080 0.000010 0.000010 0.131319 0.000637 0.030008 0.042948 0.549586 0.060402
0.415174 0.041525 0.043382 0.046099 0.000010 0.000010 0.087051 0.358689 0.008060
0.299548 0.000010 0.000010 0.073845 0.004836 0.013024 0.000010 0.566786 0.041931
0.264097 0.000010 0.030742 0.088029 0.000010 0.058007 0.041484 0.517611 0.000010
0.305461 0.000010 0.000010 0.177574 0.000010 0.000010 0.000010 0.318986 0.197929
0.239935 0.003914 0.000010 0.025225 0.039524 0.009124 0.176116 0.506142 0.000010
0.369596 0.000010 0.024848 0.169185 0.032028 0.000010 0.000010 0.404303 0.000010
0.163794 0.014619 0.169766 0.135978 0.000010 0.027655 0.155035 0.249309 0.083834
0.443085 0.031640 0.016815 0.000010 0.013106 0.043363 0.035422 0.357696 0.058862
0.316035 0.020600 0.054401 0.094977 0.000010 0.000010 0.000010 0.513947 0.000010
0.211158 0.000010 0.001201 0.018342 0.029963 0.000010 0.145988 0.593318 0.000010
0.205184 0.054592 0.086136 0.118200 0.000010 0.000010 0.032041 0.474190 0.029637
0.101218 0.000010 0.000010 0.100495 0.020650 0.000010 0.158000 0.547609 0.071999
0.186785 0.054748 0.000010 0.053686 0.046280 0.000010 0.186964 0.471507 0.000010
0.242330 0.027483 0.011251 0.095739 0.000010 0.000010 0.049657 0.556511 0.017009
0.256972 0.014784 0.078881 0.121862 0.020453 0.000010 0.053666 0.453361 0.000010
0.320833 0.000010 0.000010 0.194020 0.062070 0.024066 0.000010 0.360978 0.038003
0.295904 0.003268 0.000010 0.215688 0.000010 0.000010 0.000010 0.482717 0.002384
0.464893 0.000010 0.094205 0.065537 0.000010 0.000010 0.000010 0.375315 0.000010
0.332443 0.073825 0.000010 0.123459 0.000010 0.000010 0.025988 0.443076 0.001178
0.343578 0.048895 0.000010 0.070888 0.000010 0.000010 0.000010 0.536588 0.000010
0.513192 0.148305 0.000010 0.000010 0.000010 0.034594 0.000010 0.300662 0.003206
0.148808 0.000010 0.000010 0.003684 0.030687 0.049568 0.000010 0.308942 0.458281
0.239419 0.000010 0.000010 0.044580 0.000010 0.055610 0.187593 0.472758 0.000010
0.284623 0.034350 0.000010 0.000010 0.027348 0.054758 0.093201 0.464150 0.041550
0.308169 0.000010 0.000010 0.000010 0.000010 0.000010 0.231547 0.460224 0.000010
0.254434 0.000010 0.000010 0.000010 0.129382 0.000010 0.104433 0.511701 0.000010
0.122460 0.000010 0.000010 0.262613 0.000010 0.102492 0.089897 0.356728 0.065780
0.279898 0.000010 0.025288 0.089488 0.000010 0.033126 0.132834 0.232935 0.206410
0.051885 0.000012 0.035079 0.094197 0.067872 0.000010 0.175305 0.470812 0.104829
0.000011 0.022898 0.000014 0.265815 0.055443 0.000010 0.179753 0.398280 0.077776
0.225591 0.000010 0.000010 0.128451 0.000010 0.000010 0.111038 0.534870 0.000010
0.242634 0.000010 0.042821 0.000010 0.047129 0.045613 0.197091 0.402934 0.021757
0.101309 0.023548 0.000010 0.097112 0.090378 0.010367 0.150257 0.527010 0.000010
0.314439 0.123719 0.036726 0.092789 0.000010 0.000010 0.139393 0.292905 0.000010
0.274181 0.000010 0.000010 0.165746 0.015597 0.000010 0.047664 0.484356 0.012426
0.155628 0.168028 0.018872 0.000010 0.025729 0.002520 0.213928 0.415275 0.000010
0.319177 0.027496 0.000010 0.108006 0.014262 0.000010 0.165904 0.365126 0.000010
0.277024 0.008877 0.000010 0.127811 0.000010 0.000010 0.157516 0.398946 0.029796
0.192427 0.097033 0.000010 0.000010 0.000010 0.010567 0.186194 0.513740 0.000010
0.410189 0.000010 0.172705 0.000010 0.000010 0.000010 0.049213 0.367843 0.000010
0.301275 0.000010 0.022175 0.000010 0.042628 0.011554 0.169947 0.452390 0.000010
0.253177 0.000010 0.089271 0.215303 0.000010 0.015761 0.000010 0.426448 0.000010
0.206188 0.000010 0.000010 0.017444 0.000010 0.008551 0.151265 0.558346 0.058177
0.164858 0.052437 0.000010 0.000010 0.028898 0.069546 0.133894 0.513631 0.036715
0.320705 0.000010 0.028241 0.002194 0.000010 0.000010 0.122025 0.481449 0.045355
0.418611 0.018453 0.020596 0.011585 0.000010 0.000010 0.153149 0.354698 0.022889
0.426004 0.000010 0.000010 0.047041 0.072250 0.000010 0.047693 0.326138 0.080845
0.189311 0.108149 0.125143 0.092063 0.055756 0.000010 0.074157 0.355400 0.000010
0.330307 0.000010 0.088899 0.089702 0.000010 0.000010 0.022629 0.468423 0.000010
0.364285 0.008298 0.025344 0.178599 0.000010 0.010006 0.082783 0.330665 0.000010
0.234087 0.115375 0.093235 0.235332 0.000010 0.000010 0.038727 0.283214 0.000010
0.136292 0.145646 0.159670 0.000010 0.008624 0.000010 0.166367 0.383371 0.000010
0.279831 0.031955 0.065710 0.140503 0.001256 0.000010 0.029656 0.420142 0.030937
0.148575 0.053627 0.000010 0.046579 0.000010 0.000010 0.261022 0.490157 0.000010
0.119129 0.030512 0.000010 0.135007 0.025520 0.000010 0.110201 0.579601 0.000010
0.333788 0.025058 0.124799 0.072448 0.004193 0.000010 0.079250 0.319295 0.041159
0.227124 0.106083 0.046568 0.006709 0.000010 0.046582 0.144527 0.358576 0.063821
0.248425 0.078200 0.000010 0.000010 0.090171 0.008247 0.146405 0.428522 0.000010
0.227333 0.098821 0.000010 0.081389 0.000010 0.000010 0.167663 0.424754 0.000010
0.298261 0.000010 0.019247 0.094204 0.000010 0.000010 0.102267 0.485981 0.000010
0.439148 0.101275 0.010276 0.027448 0.000010 0.000010 0.027445 0.394377 0.000010
0.357738 0.000010 0.142451 0.000700 0.027373 0.069370 0.021612 0.380736 0.000010
0.113044 0.000010 0.115643 0.069807 0.000010 0.064608 0.228243 0.408625 0.000010
0.133337 0.000010 0.000010 0.085451 0.021040 0.000010 0.122914 0.503247 0.133981
0.308152 0.000010 0.159721 0.082805 0.000010 0.000010 0.014281 0.435001 0.000010
0.214263 0.143381 0.012776 0.042112 0.043105 0.000010 0.036585 0.482855 0.024913
0.274558 0.000010 0.041627 0.000010 0.000010 0.026447 0.038391 0.527219 0.091728
0.274685 0.044381 0.081202 0.107449 0.041044 0.000010 0.000010 0.440613 0.010607
0.201724 0.000010 0.001337 0.126100 0.000010 0.035786 0.203270 0.406087 0.025675
0.183600 0.109746 0.000010 0.108197 0.072430 0.000010 0.142431 0.307786 0.075790
0.135973 0.091979 0.142150 0.133560 0.000010 0.000012 0.000010 0.433563 0.062742
0.147572 0.064860 0.000010 0.202421 0.000010 0.042011 0.011955 0.465249 0.065912
0.136990 0.000010 0.109918 0.263032 0.008196 0.041462 0.045812 0.376030 0.018549
0.197967 0.096585 0.000010 0.074314 0.027755 0.000010 0.093596 0.498471 0.011291
0.340815 0.106531 0.039904 0.001222 0.041449 0.022179 0.077763 0.370125 0.000010
0.325008 0.074331 0.025711 0.052204 0.061352 0.000010 0.068574 0.392800 0.000010
0.078844 0.026999 0.073176 0.321517 0.081722 0.000010 0.048458 0.336134 0.033139
0.172550 0.024027 0.000010 0.289602 0.000010 0.000010 0.066245 0.447536 0.000010
0.162918 0.057775 0.004460 0.080061 0.000010 0.000010 0.179622 0.482385 0.032759
0.131829 0.000010 0.172988 0.180983 0.080167 0.057410 0.009820 0.366783 0.000010
0.421266 0.056306 0.042961 0.104248 0.000010 0.021419 0.000010 0.353771 0.000010
0.220826 0.053805 0.025708 0.267893 0.052523 0.011634 0.000010 0.340757 0.026845
0.228052 0.097121 0.000010 0.213645 0.000010 0.061767 0.058298 0.341087 0.000010
0.377609 0.164780 0.000010 0.144500 0.000010 0.000010 0.007233 0.305838 0.000010
0.220744 0.045177 0.070431 0.221912 0.000010 0.000010 0.000010 0.419805 0.021900
0.236252 0.035792 0.000010 0.150795 0.050923 0.000010 0.018801 0.486457 0.020960
0.286599 0.078256 0.000010 0.033322 0.038306 0.041547 0.032875 0.486022 0.003063
0.161177 0.086245 0.034149 0.330615 0.000010 0.000010 0.051530 0.284958 0.051308
0.148713 0.085349 0.192295 0.000010 0.099530 0.022933 0.054000 0.397159 0.000010
0.274322 0.000011 0.235653 0.118836 0.000011 0.000010 0.000010 0.371137 0.000010
0.116219 0.108910 0.000010 0.085118 0.048605 0.044413 0.137611 0.459103 0.000010
0.151363 0.166464 0.102730 0.073114 0.023215 0.061864 0.133282 0.287958 0.000010
0.210772 0.150947 0.029322 0.000010 0.073307 0.000339 0.161027 0.374268 0.000010
0.165497 0.047130 0.080104 0.081928 0.089085 0.000010 0.116537 0.380745 0.038965
0.174413 0.030240 0.019320 0.000010 0.000010 0.025589 0.175651 0.534108 0.040660
0.091429 0.040733 0.138615 0.109186 0.000010 0.017906 0.064105 0.538006 0.000010
0.052728 0.028034 0.078752 0.227399 0.000010 0.000010 0.146255 0.466802 0.000010
0.243836 0.046885 0.120391 0.074508 0.044011 0.000010 0.161195 0.309154 0.000010
0.026910 0.018129 0.117684 0.069560 0.000010 0.029476 0.233956 0.504265 0.000010
0.007844 0.007446 0.155753 0.056620 0.000010 0.031988 0.241543 0.498787 0.000010
0.329405 0.000010 0.194674 0.142802 0.000010 0.000010 0.065053 0.252807 0.015229
0.000010 0.141628 0.129891 0.078916 0.003972 0.000010 0.218459 0.427106 0.000010
0.100606 0.000010 0.133846 0.159672 0.000010 0.004793 0.224321 0.376732 0.000010
0.258809 0.000010 0.206521 0.073797 0.039222 0.000010 0.000010 0.381699 0.039921
0.290147 0.177953 0.160792 0.071560 0.121285 0.000010 0.000014 0.178229 0.000010
0.182329 0.000010 0.168266 0.122988 0.000010 0.000334 0.088798 0.403817 0.033447
0.080903 0.039656 0.212376 0.149760 0.015440 0.000010 0.131713 0.370133 0.000010
0.298490 0.000010 0.231371 0.007104 0.050012 0.005185 0.059672 0.348145 0.000010
0.202337 0.032086 0.000010 0.208950 0.000010 0.000010 0.136798 0.419789 0.000010
0.213107 0.063196 0.000010 0.103208 0.000010 0.000010 0.194669 0.425780 0.000010
0.202601 0.071722 0.076384 0.142430 0.125125 0.000010 0.077774 0.282742 0.021212
0.152201 0.118731 0.018941 0.025800 0.067156 0.000010 0.069423 0.513523 0.034215
0.000010 0.106312 0.023015 0.086872 0.108746 0.000010 0.198699 0.476327 0.000010
0.000010 0.000010 0.000010 0.000010 0.036706 0.400758 0.000010 0.011107 0.551379
0.000010 0.000010 0.000010 0.000010 0.000010 0.448101 0.033478 0.000010 0.518362
0.016781 0.025291 0.000010 0.000083 0.005545 0.337076 0.000010 0.038242 0.576962
0.000010 0.000010 0.000010 0.000010 0.000010 0.309457 0.027055 0.000010 0.663428
0.000010 0.000010 0.000010 0.000010 0.000010 0.303836 0.004745 0.000010 0.691359
0.000010 0.000010 0.000010 0.054602 0.000010 0.296453 0.030985 0.000010 0.617909
0.000010 0.000010 0.092121 0.000010 0.043519 0.509864 0.000010 0.000010 0.354446
0.000010 0.000010 0.000010 0.000010 0.000010 0.198535 0.017758 0.039448 0.744210
0.000010 0.045245 0.000010 0.000010 0.000010 0.432940 0.005830 0.030080 0.485864
0.000010 0.000010 0.000010 0.000010 0.000010 0.266594 0.038409 0.000010 0.694937
0.000010 0.000010 0.000010 0.000010 0.000010 0.296505 0.043060 0.013954 0.646431
0.007664 0.000010 0.000010 0.000010 0.000010 0.378710 0.000010 0.005628 0.607948
0.011049 0.014863 0.000010 0.000010 0.004848 0.284383 0.004661 0.000010 0.680165
0.000010 0.000010 0.009365 0.000010 0.036910 0.483413 0.000010 0.000010 0.470262
0.045936 0.000010 0.000010 0.000010 0.000010 0.081551 0.063875 0.000010 0.808587
0.037055 0.000010 0.000010 0.000010 0.009607 0.415875 0.000010 0.036496 0.500927
0.024585 0.000010 0.000010 0.000010 0.008289 0.301265 0.053937 0.013368 0.598527
0.000010 0.016445 0.000010 0.000010 0.009212 0.389811 0.000010 0.000010 0.584483
0.000010 0.000010 0.000010 0.000010 0.000010 0.215629 0.000010 0.000010 0.784301
0.000010 0.000010 0.000010 0.000010 0.000010 0.376327 0.019894 0.012900 0.590828
0.000010 0.022117 0.000010 0.000010 0.034995 0.445710 0.000010 0.006406 0.490732
0.000010 0.027504 0.000010 0.000010 0.000010 0.215895 0.079568 0.000010 0.676983
0.000010 0.000010 0.031661 0.000010 0.024902 0.348119 0.014856 0.039148 0.541283
0.000010 0.046430 0.000010 0.000010 0.000010 0.471331 0.012813 0.020268 0.449118
0.000010 0.000010 0.000010 0.035823 0.000010 0.200052 0.014662 0.009510 0.739913
0.000010 0.000010 0.004948 0.000010 0.028260 0.460633 0.000010 0.021650 0.484470
0.000010 0.030606 0.003430 0.000010 0.000010 0.481543 0.000010 0.004028 0.480353
0.000639 0.000010 0.000010 0.000010 0.000010 0.361769 0.033687 0.008117 0.595748
0.000010 0.000010 0.000010 0.000010 0.929439 0.000010 0.070491 0.000010 0.000010
0.380315 0.002742 0.000010 0.263139 0.000010 0.056302 0.048339 0.249132 0.000010
0.624269 0.000010 0.088452 0.062837 0.000010 0.000010 0.000010 0.206862 0.017540
0.463046 0.066474 0.035223 0.220030 0.000010 0.000010 0.000010 0.204682 0.010515
0.522958 0.000010 0.053957 0.176670 0.012664 0.016060 0.010465 0.207206 0.000010
0.481077 0.000010 0.000010 0.237477 0.000010 0.000010 0.000010 0.281386 0.000010
0.404480 0.000010 0.000010 0.337871 0.000010 0.000010 0.000010 0.253955 0.003645
0.432490 0.016586 0.000010 0.270406 0.000010 0.032388 0.058415 0.189685 0.000010
0.603567 0.000010 0.000010 0.225518 0.000010 0.000010 0.069322 0.068251 0.033301
0.354300 0.041273 0.000010 0.255293 0.042717 0.037561 0.054132 0.214705 0.000010
0.545307 0.000010 0.000010 0.148200 0.000010 0.067206 0.016763 0.174689 0.047805
0.334778 0.000010 0.000010 0.301365 0.113968 0.000010 0.000010 0.249839 0.000010
0.441565 0.000010 0.108533 0.239759 0.000010 0.000010 0.000010 0.210094 0.000010
0.292993 0.000010 0.000010 0.367421 0.042892 0.000010 0.003512 0.293142 0.000010
0.439492 0.018106 0.000010 0.260961 0.093982 0.006147 0.039083 0.142209 0.000010
0.565586 0.012292 0.000010 0.194877 0.000010 0.000010 0.018449 0.208757 0.000010
0.311531 0.041278 0.046155 0.310573 0.000010 0.005217 0.061842 0.223384 0.000010
0.576033 0.057846 0.014750 0.166705 0.032374 0.000010 0.000010 0.152262 0.000010
0.285791 0.000010 0.031876 0.356214 0.030444 0.000010 0.021387 0.251251 0.023016
0.275494 0.000010 0.000010 0.344610 0.153068 0.055452 0.020565 0.150780 0.000010
0.573123 0.000010 0.000010 0.250344 0.000010 0.000010 0.000010 0.176473 0.000010
0.531042 0.009545 0.004100 0.116660 0.000010 0.000010 0.000010 0.318542 0.020080
0.294628 0.000010 0.000010 0.301262 0.017413 0.000010 0.063586 0.323071 0.000010
0.391152 0.000010 0.071991 0.284329 0.000010 0.000010 0.008462 0.244026 0.000010
0.340360 0.133180 0.000010 0.298346 0.000010 0.000010 0.000010 0.228064 0.000010
0.451874 0.000010 0.050107 0.194393 0.000010 0.000010 0.050367 0.222276 0.030952
0.401350 0.000010 0.032231 0.232877 0.001752 0.106742 0.042267 0.182761 0.000010
0.443220 0.001536 0.089851 0.318749 0.000010 0.000010 0.000010 0.059087 0.087528
0.361877 0.043543 0.000018 0.242620 0.000010 0.049900 0.039263 0.240309 0.022460
0.000010 0.000010 0.000010 0.012193 0.962014 0.000010 0.024784 0.000958 0.000010
0.005778 0.000010 0.000010 0.000010 0.888905 0.000010 0.020574 0.084693 0.000010
0.032394 0.000010 0.000010 0.000010 0.967536 0.000010 0.000010 0.000010 0.000010
0.000011 0.000010 0.038120 0.000010 0.905664 0.000010 0.012855 0.043309 0.000010
0.000013 0.000010 0.056148 0.000010 0.838934 0.000010 0.060761 0.014082 0.030032
0.000010 0.000010 0.001442 0.000010 0.992114 0.000010 0.006384 0.000010 0.000010
0.050591 0.014276 0.002306 0.000010 0.932777 0.000010 0.000010 0.000010 0.000010
0.000010 0.000010 0.000010 0.000010 0.930644 0.000010 0.069286 0.000010 0.000010
0.000010 0.000010 0.000010 0.000010 0.897554 0.000010 0.072150 0.030236 0.000010
0.000010 0.000010 0.000010 0.000010 0.956106 0.000010 0.020532 0.023302 0.000010
0.035228 0.000010 0.004955 0.000010 0.959756 0.000011 0.000010 0.000010 0.000010
0.017912 0.000010 0.000010 0.000010 0.940618 0.000010 0.029934 0.011486 0.000010
0.001614 0.037981 0.000020 0.000010 0.939327 0.000010 0.017353 0.000010 0.003675
0.000010 0.001737 0.000010 0.000010 0.953048 0.000010 0.045155 0.000010 0.000010
0.015739 0.000010 0.000010 0.000010 0.920541 0.000010 0.063660 0.000010 0.000010
0.014799 0.000010 0.000014 0.000010 0.926228 0.000010 0.045905 0.013014 0.000010
0.000010 0.000010 0.000010 0.000010 0.959751 0.000010 0.040179 0.000010 0.000010
0.666024 0.000010 0.069495 0.082655 0.000010 0.002505 0.000010 0.162749 0.016542
0.676787 0.000010 0.066591 0.025944 0.084069 0.000010 0.000010 0.146569 0.000010
0.565058 0.004699 0.000010 0.121519 0.000010 0.000010 0.000010 0.282034 0.026650
0.528988 0.000010 0.000010 0.116126 0.040438 0.011855 0.000010 0.302553 0.000010
0.668620 0.000010 0.109833 0.062912 0.000010 0.044714 0.000010 0.113881 0.000010
0.705910 0.000010 0.117026 0.010270 0.000010 0.082378 0.000010 0.081272 0.003115
0.574462 0.000010 0.000010 0.154068 0.000010 0.026327 0.000010 0.141942 0.103161
0.503178 0.000010 0.000010 0.087325 0.074605 0.000010 0.000010 0.334842 0.000010
0.596284 0.000010 0.000010 0.000010 0.035464 0.065372 0.008334 0.294507 0.000010
0.633121 0.000010 0.000010 0.136529 0.000010 0.000010 0.051889 0.178410 0.000010
0.699646 0.000010 0.051744 0.021582 0.035533 0.008209 0.000010 0.065492 0.117774
0.445073 0.000010 0.105432 0.019484 0.045483 0.000010 0.025032 0.319009 0.040467
0.398373 0.014597 0.000010 0.172221 0.053794 0.000010 0.000010 0.331275 0.029710
0.565146 0.071091 0.000010 0.130962 0.000010 0.000011 0.000010 0.147385 0.085375
0.684748 0.000010 0.000010 0.060028 0.000010 0.000010 0.002448 0.153115 0.099622
0.509805 0.003756 0.080059 0.078816 0.000010 0.018291 0.000010 0.309243 0.000010
0.649649 0.000010 0.000010 0.000010 0.029821 0.000010 0.037496 0.241986 0.041008
0.527407 0.000010 0.015515 0.024876 0.125600 0.000010 0.000010 0.218900 0.087673
0.607060 0.109571 0.000010 0.132584 0.000011 0.000010 0.061414 0.008429 0.080911
0.641671 0.064191 0.000010 0.054596 0.000010 0.000010 0.000010 0.228788 0.010714
0.500388 0.000010 0.075551 0.134274 0.019123 0.000010 0.000010 0.270625 0.000010
0.575325 0.000010 0.000010 0.147240 0.013832 0.000010 0.000010 0.226352 0.037212
0.558831 0.023789 0.000010 0.126538 0.017988 0.033699 0.006269 0.232865 0.000010
0.493035 0.000010 0.000010 0.002105 0.010755 0.000010 0.000010 0.414698 0.079367
0.477495 0.007192 0.083703 0.000010 0.000010 0.039967 0.011090 0.165845 0.214688
0.660406 0.000010 0.040923 0.021789 0.048470 0.000010 0.000010 0.177520 0.050861
0.498504 0.000010 0.000010 0.111025 0.022778 0.001332 0.044750 0.298244 0.023348
0.501521 0.012562 0.112441 0.081659 0.000010 0.068738 0.000010 0.175904 0.047154
0.555874 0.024490 0.000010 0.105531 0.000010 0.060090 0.000010 0.253975 0.000010
0.587201 0.000010 0.000010 0.089300 0.075090 0.038633 0.000010 0.209736 0.000010
0.636077 0.012960 0.000010 0.024766 0.028067 0.000010 0.023307 0.232663 0.042140
0.402388 0.029511 0.074032 0.178411 0.106631 0.000010 0.035592 0.149800 0.023624
0.445265 0.007569 0.000010 0.107328 0.022410 0.084085 0.000010 0.291368 0.041956
0.597765 0.000010 0.075647 0.086790 0.012047 0.000010 0.000010 0.182777 0.044944
0.615750 0.164762 0.000010 0.000010 0.000010 0.000010 0.000510 0.218928 0.000010
0.413419 0.079447 0.024166 0.160419 0.010750 0.000010 0.000010 0.293335 0.018445
0.642375 0.018827 0.000010 0.000010 0.009326 0.030051 0.000010 0.299380 0.000010
0.441866 0.000010 0.000010 0.083346 0.000010 0.000010 0.039296 0.392427 0.043025
0.671010 0.039386 0.000011 0.028871 0.016100 0.000010 0.000010 0.224752 0.019849
0.464826 0.052963 0.083315 0.106985 0.045944 0.016379 0.009937 0.201066 0.018584
0.641057 0.000010 0.231138 0.036689 0.000010 0.025137 0.000010 0.065939 0.000010
0.406969 0.000010 0.073920 0.174395 0.015957 0.037017 0.000010 0.291712 0.000010
0.627263 0.000010 0.000010 0.000010 0.044591 0.000010 0.029800 0.183019 0.115286
0.692319 0.008424 0.036940 0.000010 0.000010 0.000010 0.000010 0.163298 0.098980
0.358175 0.000010 0.008679 0.129114 0.000010 0.040536 0.104367 0.306382 0.052727
0.483658 0.000010 0.000010 0.033540 0.000010 0.003710 0.000010 0.363540 0.115512
0.599700 0.000010 0.015669 0.077463 0.000010 0.000010 0.000010 0.130825 0.176303
0.554178 0.000010 0.016559 0.000010 0.000012 0.000010 0.119700 0.186433 0.123088
0.584450 0.000010 0.000010 0.050867 0.000010 0.000010 0.065833 0.267976 0.030833
0.493286 0.000010 0.032245 0.057540 0.000010 0.020943 0.086630 0.233847 0.075489
0.558651 0.047733 0.020423 0.000018 0.000010 0.013043 0.000010 0.243122 0.116991
0.652700 0.000010 0.035257 0.000010 0.000010 0.000010 0.031084 0.237400 0.043519
0.624443 0.000010 0.077190 0.000010 0.059291 0.000010 0.000010 0.203351 0.035684
0.688284 0.000010 0.066252 0.009010 0.000010 0.000010 0.063981 0.169096 0.003347
0.475049 0.000010 0.084356 0.000010 0.000010 0.036922 0.000010 0.211977 0.191656
0.065718 0.000010 0.025503 0.038666 0.073728 0.003647 0.024469 0.026201 0.742059
0.508708 0.000010 0.052819 0.047733 0.063973 0.062562 0.000010 0.264175 0.000010
0.592755 0.000010 0.102462 0.000010 0.043405 0.037552 0.013512 0.168889 0.041406
0.505120 0.000010 0.017358 0.014230 0.007486 0.000010 0.096436 0.308123 0.051226
0.587777 0.047840 0.159254 0.000010 0.000010 0.012104 0.000010 0.138794 0.054201
0.539443 0.003621 0.000010 0.069291 0.000010 0.016457 0.000010 0.333126 0.038032
0.674372 0.000010 0.000010 0.000010 0.049048 0.023314 0.000010 0.253215 0.000010
0.390963 0.000010 0.133071 0.000010 0.054737 0.000010 0.000010 0.340157 0.081032
0.610807 0.000010 0.002113 0.018470 0.000010 0.051581 0.040043 0.276957 0.000010
0.724812 0.021547 0.000010 0.034844 0.058283 0.000010 0.000010 0.160475 0.000010
0.728758 0.006714 0.058339 0.022813 0.031675 0.000010 0.000010 0.047143 0.104538
0.444038 0.000010 0.000010 0.038492 0.000010 0.000010 0.068602 0.259465 0.189363
0.571638 0.000010 0.100788 0.020862 0.000010 0.000010 0.003359 0.290295 0.013027
0.680940 0.000010 0.000010 0.000010 0.000010 0.063658 0.023794 0.221659 0.009909
0.623543 0.045972 0.096576 0.000010 0.000010 0.000010 0.001044 0.192189 0.040647
0.547183 0.000010 0.000010 0.000010 0.000010 0.051615 0.000010 0.262139 0.139013
0.498377 0.000010 0.000010 0.020199 0.034143 0.048618 0.034002 0.293687 0.070954
0.583059 0.000010 0.000010 0.045741 0.000010 0.005957 0.000010 0.244178 0.121026
0.563537 0.000010 0.003755 0.000010 0.000010 0.017417 0.025688 0.275399 0.114174
0.480844 0.000010 0.000010 0.015267 0.003390 0.000010 0.162179 0.239817 0.098472
0.372602 0.092608 0.109582 0.114038 0.015914 0.026746 0.043162 0.107224 0.118126
0.720373 0.000010 0.014706 0.000010 0.000010 0.000010 0.000010 0.200302 0.064569
0.427606 0.000012 0.000010 0.000013 0.000010 0.087886 0.064193 0.395898 0.024372
0.528304 0.000010 0.053536 0.000010 0.003314 0.019146 0.054117 0.273812 0.067752
0.637213 0.012010 0.000010 0.122734 0.038200 0.035628 0.039692 0.105545 0.008968
0.667051 0.033178 0.077110 0.000010 0.000010 0.061624 0.000010 0.116994 0.044012
0.557121 0.000010 0.000010 0.094593 0.042007 0.000010 0.047014 0.259226 0.000010
0.708714 0.000010 0.024659 0.000010 0.000010 0.047870 0.054898 0.163820 0.000010
0.699344 0.000010 0.054522 0.000010 0.082327 0.000010 0.000010 0.077465 0.086302
0.655038 0.000010 0.000010 0.000010 0.000010 0.000010 0.000010 0.298902 0.046000
0.578016 0.056846 0.041776 0.052000 0.006354 0.000010 0.000010 0.264977 0.000010
0.480002 0.000013 0.133160 0.000010 0.035226 0.002061 0.024474 0.325044 0.000010
0.000010 0.000010 0.000010 0.000010 0.864867 0.000010 0.135063 0.000010 0.000010
0.000010 0.000010 0.000010 0.000010 0.741808 0.064359 0.193774 0.000010 0.000010
0.054478 0.000010 0.000010 0.000010 0.824208 0.004443 0.116821 0.000010 0.000010
0.000010 0.000010 0.065357 0.000010 0.672533 0.000010 0.258992 0.003068 0.000010
0.000010 0.000010 0.000010 0.000010 0.878758 0.000010 0.121172 0.000010 0.000010
0.000012 0.000010 0.000010 0.028347 0.912769 0.000010 0.058822 0.000010 0.000010
0.000010 0.000010 0.037308 0.000010 0.860305 0.029236 0.073101 0.000010 0.000010
0.410189 0.000010 0.000010 0.045842 0.082406 0.049796 0.004061 0.407676 0.000010
0.592834 0.015566 0.000010 0.068611 0.072730 0.000010 0.058887 0.191341 0.000010
0.646617 0.000010 0.000010 0.223511 0.000010 0.000010 0.000010 0.129812 0.000010
0.537930 0.000010 0.000010 0.122049 0.000010 0.000010 0.121591 0.218380 0.000010
0.461588 0.030340 0.000010 0.234892 0.000010 0.000010 0.007149 0.218191 0.047811
0.498164 0.000010 0.000010 0.304234 0.000010 0.000010 0.112543 0.020349 0.064670
0.650200 0.000010 0.000010 0.135723 0.000010 0.000010 0.000010 0.214017 0.000010
0.776316 0.000010 0.049319 0.084019 0.000010 0.000010 0.000010 0.090296 0.000010
0.735722 0.000010 0.046964 0.074941 0.006577 0.033818 0.000010 0.101948 0.000010
0.693972 0.000010 0.000010 0.118153 0.000010 0.000010 0.041829 0.145996 0.000010
0.672352 0.000010 0.000010 0.038202 0.000010 0.039930 0.020805 0.228671 0.000010
0.487889 0.036733 0.000010 0.000010 0.042033 0.054194 0.000010 0.230668 0.148454
0.536197 0.000010 0.051494 0.054825 0.000010 0.005887 0.000010 0.317331 0.034236
0.648384 0.000010 0.120688 0.030922 0.000010 0.085093 0.000010 0.114674 0.000209
0.480303 0.000010 0.000010 0.133028 0.008408 0.005906 0.025840 0.346484 0.000010
0.550999 0.000010 0.000010 0.000010 0.012033 0.000010 0.049209 0.308481 0.079239
0.532991 0.095364 0.052824 0.049311 0.000010 0.000010 0.065861 0.152803 0.050826
0.442934 0.000010 0.000010 0.000010 0.114085 0.068923 0.041795 0.271875 0.060359
0.531288 0.000012 0.025517 0.046857 0.000011 0.000010 0.000010 0.288407 0.107888
0.534531 0.000010 0.000010 0.222731 0.100005 0.040741 0.000010 0.074124 0.027838
0.390240 0.000010 0.057960 0.070618 0.000010 0.029609 0.062014 0.297777 0.091763
0.578102 0.009233 0.000010 0.078270 0.000010 0.000010 0.000010 0.253321 0.081033
0.481544 0.067099 0.024816 0.013582 0.000010 0.000010 0.015565 0.305573 0.091801
0.612029 0.055047 0.034110 0.000010 0.014295 0.003929 0.000010 0.248920 0.031651
0.614303 0.000010 0.000010 0.000010 0.012117 0.039063 0.000010 0.275591 0.058886
0.631562 0.000010 0.000010 0.012334 0.000010 0.075879 0.000010 0.117041 0.163144
0.490969 0.000010 0.017017 0.000010 0.000010 0.114576 0.000010 0.282554 0.094843
0.491415 0.000010 0.236245 0.148380 0.000010 0.026271 0.000010 0.097649 0.000010
0.525893 0.025265 0.000010 0.041303 0.000010 0.060702 0.000010 0.301353 0.045453
0.577742 0.000017 0.142763 0.023883 0.000010 0.000010 0.000010 0.255555 0.000010
0.606501 0.000010 0.000010 0.062906 0.000010 0.000010 0.081879 0.155847 0.092827
0.674962 0.000010 0.000010 0.113682 0.046415 0.000010 0.000010 0.164890 0.000010
0.491755 0.000010 0.093187 0.056336 0.000010 0.031255 0.000010 0.327427 0.000010
0.497803 0.000010 0.000010 0.162376 0.016622 0.000010 0.000010 0.260411 0.062748
0.407346 0.098886 0.109790 0.041696 0.000010 0.062757 0.000010 0.149406 0.130099
0.000010 0.984142 0.000010 0.000010 0.000010 0.000010 0.015788 0.000010 0.000010
0.000012 0.839028 0.106152 0.000010 0.054758 0.000010 0.000010 0.000010 0.000010
0.000014 0.899504 0.044260 0.028634 0.007670 0.010761 0.000010 0.000010 0.009137
0.000010 0.904991 0.000013 0.000010 0.071526 0.000012 0.014806 0.008621 0.000010
0.000010 0.128529 0.236594 0.000010 0.038885 0.027084 0.356091 0.212786 0.000010
0.000010 0.084055 0.466576 0.000010 0.126572 0.000010 0.322748 0.000010 0.000010
0.000010 0.063558 0.437434 0.000010 0.036224 0.003232 0.362418 0.097103 0.000010
0.000010 0.025994 0.383156 0.000011 0.012212 0.000010 0.418811 0.159786 0.000010
0.000010 0.000010 0.537410 0.031005 0.021145 0.012822 0.389543 0.008044 0.000010
0.013896 0.000010 0.555709 0.000010 0.000010 0.050766 0.276428 0.103161 0.000010
0.000010 0.110182 0.416555 0.000010 0.102526 0.000010 0.370687 0.000010 0.000010
0.000010 0.000010 0.504307 0.000010 0.028452 0.000010 0.408015 0.000010 0.059175
0.049515 0.000010 0.429092 0.000010 0.017905 0.000010 0.445637 0.057810 0.000010
0.000010 0.000010 0.458482 0.027139 0.000010 0.002217 0.436363 0.044513 0.031256
0.480380 0.002760 0.056499 0.026272 0.000010 0.001062 0.044176 0.358001 0.030840
0.482974 0.040214 0.030911 0.000010 0.029689 0.000010 0.028788 0.320347 0.067057
0.427465 0.000711 0.002281 0.000010 0.000010 0.030420 0.058547 0.418337 0.062219
0.550961 0.000010 0.000010 0.073602 0.114305 0.023239 0.010395 0.140858 0.086620
0.548661 0.041986 0.000010 0.011634 0.000010 0.022402 0.000010 0.247799 0.127488
0.714994 0.000010 0.000010 0.022394 0.000010 0.108257 0.012684 0.123185 0.018456
0.538579 0.000010 0.110265 0.000010 0.000010 0.088966 0.037233 0.224917 0.000010
0.656163 0.000010 0.054271 0.000010 0.000010 0.012856 0.000010 0.242497 0.034173
0.647228 0.019175 0.007858 0.000010 0.033976 0.033577 0.034715 0.200389 0.023072
0.602526 0.000010 0.045834 0.031839 0.013148 0.000010 0.000010 0.290208 0.016415
0.591594 0.000010 0.000010 0.038587 0.000010 0.050446 0.102861 0.216472 0.000010
0.518645 0.000010 0.000010 0.017561 0.000010 0.062616 0.000010 0.349584 0.051553
0.504533 0.023533 0.048575 0.166861 0.069148 0.000010 0.000010 0.149656 0.037674
0.533868 0.000010 0.005174 0.102327 0.009430 0.036231 0.000010 0.312939 0.000010
0.665789 0.000010 0.000010 0.077548 0.033626 0.065685 0.000010 0.157313 0.000010
0.591406 0.018233 0.000010 0.103550 0.007986 0.000010 0.000010 0.101799 0.176996
0.532163 0.000010 0.000010 0.135657 0.038952 0.014769 0.035757 0.112466 0.130215
0.499411 0.034405 0.000010 0.051153 0.000010 0.006384 0.155850 0.229437 0.023340
0.681395 0.000010 0.000010 0.000010 0.000010 0.000010 0.067387 0.151403 0.099764
0.606117 0.000010 0.000010 0.000010 0.000010 0.045795 0.053978 0.217683 0.076387
0.438479 0.092712 0.079683 0.048233 0.078140 0.010939 0.000010 0.251794 0.000010
0.000010 0.000010 0.799047 0.021569 0.000010 0.000010 0.173130 0.006204 0.000010
0.000010 0.015927 0.539814 0.000010 0.112148 0.000010 0.318048 0.000010 0.014022
0.000010 0.122357 0.581112 0.008970 0.083384 0.000010 0.204137 0.000010 0.000010
0.000010 0.031242 0.705283 0.000010 0.005036 0.000010 0.258388 0.000010 0.000010
0.000010 0.000013 0.548512 0.000010 0.000010 0.000010 0.375938 0.064772 0.010725
0.000010 0.000010 0.593032 0.000010 0.000010 0.000010 0.406898 0.000010 0.000010
0.000010 0.044310 0.666843 0.000010 0.000010 0.000010 0.164417 0.082418 0.041972
0.000010 0.025847 0.635280 0.000010 0.047114 0.000010 0.291709 0.000010 0.000010
0.000010 0.000010 0.584584 0.000010 0.000010 0.031442 0.353849 0.000483 0.029602
0.000010 0.020962 0.555277 0.000010 0.098335 0.000010 0.325377 0.000010 0.000010
0.000010 0.000010 0.644066 0.000010 0.000010 0.000010 0.311501 0.037486 0.006897
0.000010 0.032865 0.565751 0.018292 0.043217 0.000010 0.339834 0.000010 0.000010
0.000010 0.003089 0.672155 0.000010 0.023172 0.000010 0.301534 0.000010 0.000010
0.000010 0.000010 0.675373 0.000010 0.002387 0.000010 0.304234 0.000010 0.017955
0.000010 0.000010 0.657100 0.047417 0.005184 0.000010 0.229164 0.061095 0.000010
0.000010 0.056206 0.654680 0.000010 0.000010 0.000010 0.289054 0.000010 0.000010
0.000010 0.000010 0.586323 0.000010 0.043138 0.000010 0.324143 0.046345 0.000010
0.000010 0.000020 0.716219 0.010735 0.000010 0.044884 0.228102 0.000010 0.000010
0.000010 0.041505 0.681889 0.000010 0.000010 0.000010 0.276546 0.000010 0.000010
0.000010 0.000010 0.667393 0.000010 0.011827 0.000010 0.320720 0.000010 0.000010
0.000010 0.000010 0.717409 0.000010 0.000193 0.000010 0.282338 0.000010 0.000010
0.000010 0.000010 0.607812 0.000010 0.082726 0.000010 0.309401 0.000010 0.000010
0.008659 0.000010 0.695776 0.000010 0.029934 0.000010 0.265581 0.000010 0.000010
0.000010 0.000010 0.651710 0.078476 0.001467 0.000010 0.268296 0.000010 0.000010
0.000010 0.000010 0.743417 0.000010 0.000010 0.000010 0.256513 0.000010 0.000010
0.000010 0.000010 0.672092 0.000010 0.066870 0.000010 0.260979 0.000010 0.000010
0.000010 0.021998 0.595645 0.000010 0.000010 0.000010 0.365902 0.000010 0.016405
0.000010 0.000010 0.749835 0.000010 0.000010 0.000010 0.250095 0.000010 0.000010
0.046743 0.040528 0.595596 0.000010 0.000010 0.000010 0.317082 0.000010 0.000010
0.000010 0.000075 0.739729 0.000010 0.000010 0.000010 0.260137 0.000010 0.000010
0.071973 0.000010 0.563580 0.000010 0.000010 0.000010 0.352843 0.000010 0.011554
0.000010 0.034640 0.618790 0.039748 0.000010 0.000010 0.306772 0.000010 0.000010
0.000010 0.000010 0.619807 0.030683 0.000010 0.000010 0.257264 0.060164 0.032042
0.000010 0.000010 0.638348 0.007123 0.000010 0.000010 0.354469 0.000010 0.000010
0.039382 0.040450 0.581365 0.000010 0.000342 0.000010 0.338421 0.000010 0.000010
0.000010 0.093674 0.605687 0.000010 0.000010 0.000010 0.298138 0.000010 0.002451
0.000010 0.000010 0.479492 0.067741 0.072814 0.000010 0.379903 0.000010 0.000010
0.000010 0.072024 0.529705 0.000010 0.000010 0.000010 0.398211 0.000010 0.000010
0.000010 0.000010 0.656471 0.029847 0.000010 0.000010 0.313622 0.000010 0.000010
0.000010 0.000010 0.000010 0.000010 0.766100 0.000010 0.233827 0.000013 0.000010
0.000010 0.000010 0.000010 0.000010 0.969610 0.000010 0.030320 0.000010 0.000010
0.000010 0.095114 0.585547 0.000010 0.038444 0.000010 0.280844 0.000010 0.000010
0.000010 0.000010 0.655278 0.006121 0.052290 0.000010 0.286261 0.000010 0.000010
0.267998 0.017555 0.008282 0.473464 0.009371 0.023802 0.058277 0.141241 0.000010
0.473932 0.000010 0.000010 0.346601 0.000010 0.000010 0.066807 0.112610 0.000010
0.481730 0.085031 0.001063 0.262964 0.004543 0.000010 0.000010 0.164639 0.000010
0.216915 0.000010 0.000011 0.421612 0.000010 0.000010 0.012593 0.249442 0.099396
0.469444 0.000010 0.003182 0.316748 0.029228 0.082280 0.000010 0.099087 0.000010
0.253304 0.000010 0.070891 0.449618 0.002692 0.000010 0.000010 0.183479 0.039985
0.526586 0.000010 0.018645 0.178020 0.106727 0.000010 0.065877 0.104114 0.000010
0.517492 0.034503 0.000010 0.160247 0.000010 0.000010 0.034278 0.252792 0.000658
0.367233 0.000010 0.000010 0.336269 0.014866 0.000010 0.000010 0.254476 0.027117
0.486328 0.000010 0.000010 0.204725 0.037985 0.024496 0.000010 0.246426 0.000010
0.356106 0.022764 0.000010 0.349141 0.052082 0.000010 0.045182 0.174696 0.000010
0.211419 0.097952 0.000010 0.400386 0.000010 0.000010 0.000010 0.290193 0.000010
0.313841 0.050046 0.024323 0.346505 0.000010 0.000010 0.000010 0.238398 0.026857
0.000010 0.000011 0.618103 0.000010 0.000010 0.002793 0.288305 0.016530 0.074228
0.000010 0.005852 0.565239 0.000010 0.000010 0.000010 0.391731 0.000010 0.037129
0.000010 0.052493 0.666988 0.000010 0.000010 0.025775 0.254694 0.000010 0.000010
0.000010 0.000010 0.594280 0.000010 0.000010 0.038894 0.330968 0.035808 0.000010
0.000010 0.034337 0.497400 0.000010 0.027598 0.037449 0.403176 0.000010 0.000010
0.000010 0.012110 0.639233 0.000010 0.081805 0.000010 0.266801 0.000010 0.000010
0.000010 0.000010 0.635380 0.052680 0.000010 0.000010 0.299972 0.007885 0.004042
0.000010 0.045209 0.649298 0.000010 0.000010 0.000010 0.300879 0.000010 0.004564
0.000010 0.010793 0.531381 0.016573 0.063646 0.000010 0.375003 0.000010 0.002574
0.000010 0.178585 0.546950 0.008342 0.000010 0.000010 0.266072 0.000010 0.000010
0.000010 0.129424 0.548164 0.000010 0.000010 0.000010 0.322352 0.000010 0.000010
0.000010 0.074106 0.487115 0.000010 0.130601 0.000010 0.308128 0.000010 0.000010
