0.256120 0.074349 0.017067 0.000010 0.043760 0.000010 0.131693 0.476981 0.000010
0.398958 0.000010 0.000010 0.060657 0.000010 0.000010 0.022529 0.477734 0.040081
0.195706 0.000010 0.159565 0.120989 0.006008 0.000010 0.000010 0.517692 0.000010
0.403203 0.000010 0.072044 0.062724 0.000010 0.000010 0.059225 0.361078 0.041695
0.352533 0.000010 0.032341 0.138929 0.046553 0.000010 0.069533 0.360080 0.000010
0.437169 0.000010 0.077534 0.011271 0.000010 0.000010 0.108893 0.218933 0.146169
0.335112 0.000010 0.024330 0.019808 0.027655 0.000010 0.155133 0.437932 0.000010
0.335539 0.000010 0.014289 0.222413 0.097595 0.000010 0.000010 0.330125 0.000010
0.517554 0.080589 0.041387 0.049341 0.020844 0.000010 0.043691 0.228671 0.017913
0.395265 0.090989 0.013906 0.000010 0.006821 0.008350 0.108205 0.369478 0.006976
0.346264 0.000010 0.076158 0.021658 0.000010 0.000010 0.113478 0.437408 0.005005
0.335263 0.000010 0.000010 0.088921 0.000010 0.000010 0.081049 0.494717 0.000010
0.359218 0.000010 0.000010 0.139261 0.000010 0.000010 0.043547 0.406373 0.051560
0.239052 0.000010 0.020007 0.026964 0.075522 0.074999 0.105893 0.457543 0.000010
0.406680 0.000010 0.000010 0.073771 0.022953 0.000010 0.083786 0.412770 0.000010
0.375454 0.046965 0.084107 0.061182 0.044416 0.000010 0.012814 0.344600 0.030454
0.240498 0.000010 0.022049 0.098598 0.000010 0.000010 0.159976 0.458003 0.020846
0.292689 0.062137 0.025600 0.209390 0.000010 0.007922 0.066792 0.335452 0.000010
0.320150 0.000010 0.050428 0.031406 0.036420 0.000010 0.069993 0.490574 0.001009
0.232292 0.030588 0.000010 0.170452 0.088278 0.000010 0.059419 0.418941 0.000010
0.406332 0.030110 0.000010 0.077574 0.000010 0.009965 0.000010 0.475980 0.000010
0.300455 0.062606 0.000010 0.179047 0.000010 0.000010 0.028639 0.386122 0.043101
0.278917 0.031894 0.030794 0.058159 0.004329 0.036024 0.089316 0.470557 0.000010
0.308816 0.049270 0.003015 0.105911 0.000010 0.009593 0.097457 0.408996 0.016932
0.393332 0.036687 0.119726 0.106379 0.000010 0.002373 0.024115 0.317368 0.000010
0.278928 0.003632 0.043965 0.155036 0.000686 0.000010 0.076289 0.441445 0.000010
0.311527 0.000010 0.073568 0.054839 0.000010 0.000010 0.008780 0.466117 0.085140
0.289061 0.008658 0.000010 0.042145 0.000010 0.000010 0.156616 0.449416 0.054075
0.141621 0.000010 0.000010 0.136968 0.007496 0.000010 0.229942 0.483932 0.000010
0.230504 0.048729 0.065139 0.098283 0.004847 0.089977 0.000010 0.387330 0.075180
0.426250 0.012291 0.000010 0.102567 0.023120 0.000010 0.000010 0.386533 0.049210
0.308343 0.000010 0.041488 0.111023 0.024632 0.044339 0.013178 0.434398 0.022589
0.358448 0.000010 0.000010 0.064854 0.073517 0.000010 0.196379 0.306762 0.000010
0.383351 0.028073 0.128578 0.000010 0.058728 0.000010 0.000010 0.401231 0.000010
0.102348 0.000010 0.021727 0.138046 0.077775 0.004876 0.164695 0.490513 0.000010
0.438329 0.000010 0.000010 0.000010 0.012499 0.013663 0.072489 0.462981 0.000010
0.396352 0.000010 0.103102 0.000010 0.000010 0.000010 0.151908 0.348588 0.000010
0.359480 0.000010 0.081845 0.084056 0.067165 0.070608 0.000010 0.258406 0.078420
0.304348 0.000010 0.022067 0.109858 0.040972 0.000010 0.088409 0.360245 0.074079
0.420274 0.000010 0.054526 0.000010 0.000010 0.000010 0.129049 0.384015 0.012096
0.246456 0.006019 0.004890 0.292653 0.057165 0.013749 0.072405 0.306654 0.000010
0.270622 0.000010 0.000010 0.039384 0.000010 0.000010 0.136076 0.553868 0.000010
0.278626 0.043411 0.000010 0.135662 0.137013 0.041530 0.000010 0.363728 0.000010
0.161188 0.170567 0.010048 0.059327 0.120359 0.000010 0.039205 0.406701 0.032594
0.413005 0.000010 0.018613 0.038577 0.002070 0.033998 0.114605 0.379113 0.000010
0.299790 0.033279 0.150277 0.055864 0.071422 0.031384 0.000010 0.357964 0.000010
0.369322 0.093110 0.020510 0.164888 0.090335 0.017637 0.000010 0.244178 0.000010
0.306989 0.024724 0.000010 0.081668 0.112693 0.018985 0.025274 0.429647 0.000010
0.239712 0.059666 0.432489 0.000010 0.094404 0.000010 0.114462 0.059236 0.000010
0.110447 0.068694 0.237123 0.107571 0.000010 0.000010 0.118872 0.357263 0.000010
0.139276 0.000010 0.343896 0.002873 0.000010 0.000010 0.161266 0.352649 0.000010
0.108985 0.043196 0.441079 0.108113 0.000010 0.000010 0.121774 0.176824 0.000010
0.126208 0.000010 0.288544 0.109841 0.000010 0.000010 0.153383 0.321984 0.000010
0.227423 0.092042 0.219778 0.026838 0.000010 0.025662 0.054357 0.353879 0.000010
0.115854 0.041731 0.323385 0.052742 0.024002 0.000010 0.179982 0.248914 0.013381
0.203939 0.041417 0.189575 0.167286 0.000010 0.000010 0.163066 0.234686 0.000010
0.291416 0.074459 0.285079 0.046377 0.000010 0.000010 0.015820 0.271279 0.015550
0.220363 0.022102 0.163442 0.027495 0.009062 0.000010 0.190446 0.367070 0.000010
0.062882 0.097405 0.345041 0.001810 0.000343 0.026438 0.207407 0.258664 0.000010
0.120843 0.003638 0.358587 0.004128 0.026001 0.036215 0.152805 0.297774 0.000010
0.012878 0.073814 0.293380 0.149680 0.012161 0.000010 0.098975 0.339384 0.019718
0.000010 0.000010 0.420931 0.203763 0.000010 0.000010 0.149582 0.225673 0.000010
0.118792 0.088145 0.284172 0.033414 0.022081 0.017534 0.154612 0.281240 0.000010
0.179691 0.000010 0.360955 0.019046 0.036057 0.000010 0.077683 0.295001 0.031547
0.246660 0.018597 0.332865 0.011920 0.100746 0.009597 0.140831 0.109677 0.029107
0.097433 0.001458 0.390918 0.000010 0.091928 0.000010 0.154971 0.263261 0.000010
0.075484 0.038677 0.436024 0.097091 0.000010 0.000010 0.152580 0.200114 0.000010
0.131055 0.000010 0.335524 0.107328 0.025786 0.015987 0.075500 0.308800 0.000010
0.014321 0.000010 0.315786 0.203712 0.085503 0.000010 0.200250 0.163206 0.017201
0.248521 0.000010 0.214557 0.043207 0.000010 0.000010 0.152199 0.330109 0.011377
0.173510 0.033914 0.028901 0.154052 0.001167 0.000010 0.000010 0.301089 0.307347
0.344786 0.055652 0.000010 0.115429 0.000010 0.044331 0.030689 0.369870 0.039223
0.356875 0.041222 0.000010 0.010495 0.000010 0.000010 0.093292 0.498077 0.000010
0.277887 0.043105 0.000010 0.089985 0.035998 0.014657 0.047658 0.490690 0.000010
0.313230 0.000010 0.000010 0.040198 0.020904 0.050383 0.108569 0.412876 0.053820
0.283054 0.000010 0.000010 0.227357 0.000010 0.000010 0.067909 0.421629 0.000010
0.399526 0.003159 0.000010 0.071903 0.000010 0.000010 0.082919 0.421079 0.021384
0.405643 0.000010 0.000010 0.000010 0.000010 0.000010 0.107525 0.456292 0.030489
0.400575 0.008562 0.007604 0.038705 0.000010 0.000010 0.106768 0.352652 0.085113
0.272863 0.000010 0.000010 0.208337 0.013263 0.035666 0.062757 0.377865 0.029228
0.008504 0.000010 0.116868 0.121516 0.004955 0.001421 0.142480 0.538755 0.065492
0.449988 0.038212 0.038092 0.000010 0.000010 0.000010 0.028385 0.424796 0.020498
0.430868 0.081605 0.026536 0.040239 0.110316 0.000010 0.000010 0.195885 0.114531
0.404275 0.000010 0.001582 0.129878 0.047091 0.000010 0.041676 0.375469 0.000010
0.365806 0.000010 0.000010 0.124596 0.045917 0.005222 0.078615 0.379814 0.000010
0.117850 0.140020 0.060188 0.000010 0.000010 0.051538 0.156789 0.456112 0.017484
0.241443 0.000010 0.098586 0.000010 0.030038 0.032199 0.040599 0.442479 0.114636
0.344777 0.000010 0.067670 0.075407 0.000010 0.000010 0.041558 0.376237 0.094321
0.326369 0.000010 0.045705 0.068559 0.000010 0.000010 0.097147 0.462181 0.000010
0.472415 0.025420 0.080638 0.027540 0.004597 0.000010 0.012010 0.352934 0.024436
0.278365 0.040818 0.000010 0.227606 0.000010 0.000010 0.063865 0.389306 0.000010
0.445872 0.030413 0.000010 0.002057 0.000010 0.026647 0.120547 0.361317 0.013127
0.181128 0.000010 0.091389 0.231071 0.050053 0.000010 0.000010 0.389887 0.056441
0.372325 0.000010 0.000010 0.000010 0.085312 0.000010 0.040692 0.421248 0.080383
0.040528 0.008971 0.000010 0.157712 0.000010 0.000010 0.194627 0.536348 0.061783
0.430225 0.006062 0.000010 0.012683 0.000010 0.000010 0.012762 0.538227 0.000010
0.177071 0.000010 0.000010 0.173423 0.000010 0.000010 0.193563 0.449124 0.006779
0.495453 0.035269 0.000010 0.045316 0.000010 0.000010 0.064096 0.280857 0.078979
0.303069 0.012287 0.016956 0.102264 0.042844 0.022045 0.102868 0.397659 0.000010
0.341263 0.012914 0.025190 0.062602 0.000010 0.026425 0.141696 0.384221 0.005680
0.063484 0.135821 0.000010 0.129897 0.037787 0.033916 0.107732 0.464137 0.027217
0.106416 0.000010 0.000010 0.082029 0.139741 0.074983 0.110598 0.196058 0.290156
0.342243 0.034137 0.000010 0.000010 0.000010 0.000010 0.191528 0.405659 0.026392
0.205959 0.000010 0.031788 0.000010 0.045791 0.021913 0.144775 0.540912 0.008842
0.215177 0.000010 0.072500 0.044935 0.000010 0.000010 0.162907 0.504441 0.000010
0.352841 0.000010 0.000010 0.000010 0.000010 0.000010 0.165483 0.481616 0.000010
0.165148 0.030514 0.049261 0.221444 0.085312 0.053448 0.002634 0.392229 0.000010
0.214268 0.069668 0.029145 0.141368 0.000010 0.000010 0.030001 0.502709 0.012821
0.357518 0.057048 0.034538 0.023406 0.000010 0.000010 0.080300 0.447161 0.000010
0.413809 0.000010 0.040316 0.095023 0.000010 0.000010 0.066086 0.384725 0.000010
0.177815 0.000010 0.050488 0.040177 0.000010 0.000010 0.116147 0.615333 0.000010
0.084580 0.000010 0.048796 0.141013 0.000010 0.023507 0.213769 0.488305 0.000010
0.198129 0.012783 0.000010 0.143218 0.096183 0.000010 0.086816 0.462842 0.000010
0.378144 0.000010 0.105799 0.039461 0.026497 0.000010 0.009336 0.391419 0.049324
0.297254 0.043187 0.000892 0.000010 0.000010 0.000010 0.143907 0.512752 0.001978
0.387891 0.000010 0.164671 0.000010 0.000010 0.038826 0.021611 0.386961 0.000010
0.217825 0.000010 0.000010 0.052737 0.014673 0.000010 0.194650 0.494042 0.026043
0.176975 0.008548 0.020293 0.116513 0.000010 0.000010 0.088034 0.589607 0.000010
0.080971 0.000010 0.014798 0.270465 0.000010 0.000010 0.227221 0.406505 0.000010
0.410248 0.000010 0.000010 0.035718 0.053472 0.000010 0.041250 0.459271 0.000010
0.211065 0.000010 0.108589 0.218557 0.011744 0.000010 0.101723 0.348292 0.000010
0.197115 0.045282 0.070699 0.238635 0.008815 0.000010 0.000010 0.371116 0.068319
0.142709 0.051067 0.000010 0.235879 0.000010 0.036489 0.182668 0.351157 0.000010
0.218537 0.000010 0.059438 0.099191 0.010646 0.018384 0.143249 0.450537 0.000010
0.250657 0.054225 0.000010 0.151131 0.018085 0.008494 0.095358 0.422031 0.000010
0.372475 0.000010 0.088111 0.029783 0.026612 0.013127 0.000010 0.469862 0.000010
0.151400 0.017731 0.076834 0.220641 0.000010 0.000010 0.137845 0.344189 0.051340
0.243629 0.007756 0.081296 0.135588 0.000010 0.000010 0.135659 0.349534 0.046517
0.262852 0.003997 0.025317 0.105450 0.000010 0.033355 0.104018 0.464990 0.000010
0.364193 0.089270 0.017183 0.222347 0.000010 0.000010 0.004127 0.302849 0.000010
0.358814 0.066931 0.005170 0.025751 0.045361 0.047389 0.099654 0.350920 0.000010
0.131887 0.000010 0.070009 0.106267 0.085275 0.000010 0.112855 0.493676 0.000010
0.117286 0.000010 0.000010 0.258051 0.049474 0.000010 0.051772 0.505600 0.017788
0.380879 0.025873 0.156027 0.055468 0.000010 0.000010 0.078880 0.302843 0.000010
0.228366 0.098283 0.000010 0.159218 0.000010 0.000010 0.011188 0.502905 0.000010
0.327784 0.000010 0.097251 0.069537 0.000010 0.000010 0.117155 0.388233 0.000010
0.034510 0.008999 0.107971 0.264002 0.043917 0.000010 0.100540 0.429358 0.010693
0.062649 0.000010 0.022485 0.130065 0.000010 0.000010 0.203394 0.581367 0.000010
0.199907 0.000010 0.000010 0.112197 0.000010 0.007888 0.081375 0.598593 0.000010
0.323176 0.000010 0.050454 0.013653 0.000010 0.028584 0.116699 0.446646 0.020768
0.157821 0.000010 0.076651 0.238220 0.000010 0.034520 0.144215 0.348543 0.000010
0.059241 0.000010 0.240917 0.101514 0.000010 0.003003 0.015760 0.480653 0.098892
0.162934 0.000010 0.000010 0.175899 0.000010 0.006096 0.148650 0.506381 0.000010
0.112790 0.000010 0.000010 0.105008 0.106617 0.051587 0.101117 0.499911 0.022950
0.329634 0.000010 0.000010 0.269287 0.000010 0.003826 0.098787 0.281430 0.017006
0.264781 0.000010 0.020582 0.202782 0.005757 0.000010 0.086826 0.382798 0.036454
0.267022 0.109507 0.087935 0.097794 0.027765 0.000010 0.012850 0.375032 0.022084
0.281971 0.000010 0.014240 0.175596 0.052607 0.045006 0.017380 0.413181 0.000010
0.255682 0.036877 0.170804 0.130766 0.000010 0.000010 0.049019 0.356822 0.000010
0.304221 0.078347 0.015706 0.066945 0.000010 0.000010 0.110413 0.424339 0.000010
0.290682 0.005130 0.106653 0.105438 0.000010 0.000010 0.058359 0.426376 0.007343
0.461926 0.000010 0.133751 0.061141 0.006268 0.000010 0.034738 0.302145 0.000010
0.261762 0.000010 0.000010 0.243613 0.000010 0.000010 0.094082 0.400493 0.000010
0.110064 0.029311 0.000010 0.118053 0.000010 0.000010 0.170573 0.571959 0.000010
0.361030 0.000010 0.071663 0.188779 0.000010 0.026977 0.033391 0.318129 0.000010
0.192969 0.008123 0.000010 0.139712 0.000010 0.000010 0.076900 0.524629 0.057637
0.346514 0.016092 0.129014 0.127089 0.039005 0.051757 0.032868 0.253878 0.003783
0.276252 0.000010 0.136575 0.000010 0.006184 0.000010 0.127860 0.453089 0.000010
0.348975 0.052143 0.000010 0.153551 0.035811 0.000010 0.056794 0.352696 0.000010
0.380984 0.004790 0.099648 0.071147 0.071360 0.000010 0.054784 0.317266 0.000010
0.186035 0.000010 0.111342 0.083909 0.039273 0.000010 0.082116 0.494542 0.002764
0.318408 0.018226 0.105366 0.058597 0.018658 0.000010 0.084811 0.395913 0.000010
0.321743 0.002899 0.107361 0.000010 0.000010 0.000010 0.127965 0.439992 0.000010
0.321999 0.074902 0.000010 0.107736 0.036633 0.032037 0.143032 0.213840 0.069811
0.324699 0.000010 0.053292 0.137693 0.000010 0.000010 0.060329 0.423947 0.000010
0.238560 0.000010 0.000010 0.043411 0.076167 0.000010 0.123843 0.491984 0.026005
0.242074 0.036854 0.058887 0.182460 0.033576 0.011510 0.009549 0.397762 0.027328
0.183356 0.042122 0.232010 0.000010 0.000010 0.000010 0.009980 0.532491 0.000010
0.227835 0.000010 0.177178 0.000010 0.075742 0.000010 0.149036 0.366177 0.004002
0.203489 0.102211 0.113677 0.097362 0.000010 0.000010 0.064541 0.418690 0.000010
0.110328 0.000010 0.023940 0.069425 0.000010 0.047525 0.166234 0.582519 0.000010
0.171610 0.000010 0.078087 0.197668 0.000010 0.000010 0.131323 0.421272 0.000010
0.316335 0.111520 0.000010 0.000010 0.000010 0.000010 0.026612 0.545483 0.000010
0.000010 0.111575 0.025455 0.223302 0.000010 0.037008 0.072242 0.530388 0.000010
0.107301 0.007997 0.003867 0.178145 0.009496 0.000010 0.173409 0.519765 0.000010
0.030346 0.000010 0.155097 0.256004 0.050525 0.000010 0.088084 0.419914 0.000010
0.230405 0.037646 0.079805 0.006988 0.063613 0.023053 0.154216 0.404264 0.000010
0.190023 0.100325 0.183222 0.028123 0.012392 0.004797 0.000010 0.480626 0.000481
0.186396 0.050763 0.084113 0.145526 0.127061 0.050919 0.089650 0.265562 0.000010
0.198614 0.000010 0.058235 0.198155 0.152668 0.000010 0.027360 0.364939 0.000010
0.241696 0.002357 0.000010 0.141786 0.000010 0.000010 0.086561 0.470562 0.057009
0.193240 0.000010 0.000010 0.102852 0.090681 0.034938 0.112617 0.465641 0.000010
0.156652 0.060669 0.036395 0.063547 0.000010 0.003333 0.181030 0.491099 0.007265
0.439965 0.005641 0.000010 0.017636 0.000010 0.042630 0.091994 0.402106 0.000010
0.310485 0.051537 0.000010 0.029274 0.000010 0.043299 0.080026 0.485350 0.000010
0.042699 0.111502 0.190188 0.024715 0.000010 0.013223 0.080417 0.537236 0.000010
0.148980 0.000010 0.036083 0.000010 0.002486 0.041585 0.157947 0.537860 0.075039
0.000010 0.018212 0.000010 0.000010 0.000010 0.447937 0.000010 0.000010 0.533791
0.000010 0.000010 0.000010 0.000010 0.009055 0.456674 0.061903 0.000010 0.472319
0.033478 0.000010 0.000010 0.000010 0.000010 0.254183 0.000010 0.000010 0.712280
0.000010 0.000010 0.000010 0.000010 0.058966 0.203288 0.000010 0.000010 0.737685
0.000010 0.000010 0.000010 0.000010 0.000010 0.240615 0.012079 0.000010 0.747246
0.000010 0.000010 0.000010 0.000010 0.020822 0.372803 0.013865 0.000010 0.592460
0.000010 0.000010 0.000010 0.000010 0.040645 0.461623 0.000010 0.000010 0.497672
0.000010 0.000010 0.000010 0.030921 0.001146 0.237189 0.000010 0.000010 0.730693
0.000010 0.004279 0.000010 0.000010 0.007669 0.375332 0.043454 0.000010 0.569225
0.000010 0.000010 0.000010 0.000010 0.008382 0.346044 0.024719 0.048065 0.572750
0.000010 0.000010 0.000010 0.000010 0.028722 0.280593 0.089877 0.019180 0.581588
0.000010 0.000010 0.000010 0.000010 0.000010 0.293640 0.024316 0.000010 0.681984
0.000010 0.016986 0.000010 0.000010 0.000123 0.368137 0.000010 0.027370 0.587344
0.000010 0.000010 0.000010 0.000010 0.024487 0.382963 0.026212 0.000010 0.566289
0.000010 0.007501 0.000010 0.000010 0.000010 0.214637 0.030619 0.000010 0.747192
0.000010 0.000010 0.000010 0.000010 0.000010 0.338736 0.000010 0.041148 0.620055
0.000010 0.005916 0.000010 0.000010 0.000010 0.316355 0.000016 0.000010 0.677664
0.000010 0.011049 0.000010 0.013917 0.000010 0.444277 0.000689 0.000010 0.530027
0.000010 0.000010 0.000010 0.021711 0.048904 0.244904 0.038470 0.000010 0.645972
0.000010 0.000010 0.000010 0.001942 0.000010 0.356780 0.034964 0.000010 0.606265
0.000010 0.003402 0.000010 0.000010 0.008710 0.400936 0.016847 0.000010 0.570065
0.025752 0.032046 0.000010 0.000010 0.000010 0.152593 0.000010 0.009583 0.779987
0.000010 0.027161 0.000010 0.014883 0.000010 0.244087 0.038475 0.000010 0.675354
0.000010 0.000019 0.000010 0.063521 0.000010 0.510840 0.000010 0.006909 0.418672
0.000010 0.025212 0.000010 0.024122 0.000010 0.319590 0.000010 0.000010 0.631026
0.000010 0.007123 0.000010 0.000010 0.008493 0.512904 0.000010 0.025451 0.445989
0.000010 0.000010 0.000010 0.000010 0.000010 0.480199 0.011340 0.000010 0.508401
0.000010 0.000010 0.000010 0.000010 0.018069 0.258053 0.000010 0.000604 0.723224
0.000010 0.000010 0.000010 0.000010 0.839844 0.000010 0.160086 0.000010 0.000010
0.321011 0.000010 0.059461 0.389040 0.050151 0.000010 0.000010 0.180297 0.000010
0.396679 0.053634 0.004813 0.315301 0.000010 0.000010 0.000010 0.149439 0.080104
0.390799 0.027850 0.000010 0.309951 0.012902 0.024780 0.059320 0.174378 0.000010
0.201105 0.000010 0.000010 0.424305 0.030343 0.000010 0.000010 0.344197 0.000010
0.392794 0.002002 0.000010 0.369841 0.032521 0.032174 0.000010 0.170638 0.000010
0.498777 0.000010 0.000010 0.195642 0.000010 0.000010 0.010111 0.295420 0.000010
0.453393 0.026173 0.000010 0.284300 0.000010 0.000661 0.000010 0.235432 0.000010
0.262794 0.000010 0.047205 0.378037 0.009916 0.000010 0.000010 0.302009 0.000010
0.148295 0.027425 0.000010 0.356959 0.024069 0.004921 0.002560 0.406252 0.029509
0.371207 0.004559 0.000010 0.332517 0.000010 0.000010 0.020575 0.271103 0.000010
0.418005 0.083930 0.000010 0.244508 0.000010 0.011477 0.020132 0.221918 0.000010
0.403791 0.000471 0.000010 0.355530 0.000010 0.000010 0.052322 0.187846 0.000010
0.451497 0.012449 0.000010 0.234834 0.000010 0.014201 0.047393 0.239595 0.000010
0.509811 0.034142 0.041295 0.218595 0.000010 0.042486 0.000010 0.153641 0.000010
0.357063 0.023477 0.000010 0.335130 0.000010 0.000010 0.000010 0.284280 0.000010
0.418905 0.063635 0.000010 0.296785 0.000010 0.000010 0.000010 0.220625 0.000010
0.413210 0.000010 0.000010 0.283103 0.000010 0.000010 0.000010 0.303627 0.000010
0.470662 0.000010 0.014711 0.202633 0.082302 0.009021 0.034152 0.173781 0.012727
0.496660 0.012543 0.019817 0.269332 0.000010 0.000010 0.000010 0.201607 0.000010
0.465328 0.062051 0.000010 0.353281 0.043376 0.000010 0.000010 0.075924 0.000010
0.550497 0.000010 0.000010 0.212080 0.000010 0.017941 0.000010 0.167783 0.051659
0.326748 0.000010 0.000010 0.327186 0.035683 0.000010 0.000010 0.310334 0.000010
0.370695 0.005401 0.000010 0.387264 0.025484 0.000010 0.018696 0.192431 0.000010
0.478245 0.000010 0.000010 0.240920 0.000010 0.000010 0.000010 0.280775 0.000010
0.391487 0.000010 0.000010 0.380392 0.000010 0.034871 0.000010 0.160930 0.032280
0.528732 0.018931 0.000010 0.173081 0.000010 0.000010 0.000010 0.279205 0.000010
0.551694 0.000010 0.000010 0.202755 0.002318 0.000010 0.050681 0.192511 0.000010
0.344094 0.055197 0.000010 0.313649 0.000010 0.000010 0.000010 0.287010 0.000010
0.000010 0.000010 0.000010 0.000010 0.974304 0.000015 0.000010 0.000010 0.025621
0.000010 0.000010 0.007187 0.000010 0.933437 0.001636 0.014005 0.001838 0.041868
0.000010 0.046842 0.000010 0.000010 0.953088 0.000010 0.000010 0.000010 0.000010
0.000010 0.000010 0.000010 0.016462 0.949646 0.000010 0.002996 0.030846 0.000010
0.000010 0.010856 0.231647 0.000010 0.659199 0.000010 0.088127 0.010130 0.000010
0.014937 0.000010 0.000010 0.000010 0.969875 0.000010 0.000010 0.015127 0.000010
0.000010 0.000010 0.000010 0.000010 0.929273 0.032715 0.000010 0.037952 0.000010
0.000010 0.004782 0.020743 0.044069 0.930356 0.000010 0.000010 0.000010 0.000010
0.000019 0.000010 0.000012 0.028362 0.963126 0.008440 0.000010 0.000010 0.000010
0.000010 0.000010 0.005818 0.000867 0.965752 0.000010 0.000010 0.000010 0.027514
0.000010 0.000010 0.008269 0.000010 0.991660 0.000011 0.000010 0.000010 0.000010
0.000010 0.000010 0.000010 0.020381 0.962708 0.016851 0.000010 0.000010 0.000010
0.000010 0.000010 0.039580 0.000010 0.910117 0.000016 0.000010 0.000010 0.050237
0.004181 0.000010 0.000010 0.000010 0.954544 0.000010 0.000010 0.004745 0.036481
0.000010 0.000010 0.005012 0.000010 0.964478 0.030450 0.000010 0.000010 0.000010
0.000010 0.000010 0.000010 0.021974 0.941962 0.000010 0.000010 0.036004 0.000010
0.016695 0.000010 0.000010 0.010515 0.972058 0.000682 0.000010 0.000010 0.000010
0.766202 0.001623 0.000010 0.000010 0.000010 0.000010 0.000010 0.232115 0.000010
0.404220 0.000010 0.012721 0.247168 0.000010 0.000010 0.038508 0.297344 0.000010
0.491168 0.057553 0.000010 0.075295 0.018018 0.000010 0.000010 0.243259 0.114677
0.489136 0.000010 0.000010 0.140751 0.000010 0.000010 0.003792 0.366270 0.000010
0.430828 0.000010 0.000010 0.095543 0.000010 0.000010 0.000010 0.473569 0.000010
0.596603 0.000010 0.000010 0.000010 0.000010 0.000010 0.000010 0.348349 0.054988
0.573258 0.023357 0.011366 0.000010 0.000010 0.000010 0.000010 0.391970 0.000010
0.535805 0.000010 0.047371 0.000010 0.041121 0.000010 0.000010 0.375653 0.000010
0.640111 0.000010 0.023004 0.000010 0.037718 0.002106 0.000010 0.297021 0.000010
0.513172 0.074658 0.022466 0.181887 0.000010 0.000010 0.038959 0.153931 0.014909
0.626132 0.000010 0.000010 0.171478 0.000010 0.000010 0.066567 0.135773 0.000010
0.487133 0.000010 0.038538 0.075524 0.000010 0.000010 0.034304 0.301419 0.063052
0.642281 0.055137 0.000010 0.069849 0.011575 0.000010 0.000010 0.221118 0.000010
0.657797 0.087751 0.000010 0.022856 0.000010 0.000020 0.000010 0.231536 0.000010
0.552804 0.072211 0.000792 0.043931 0.000010 0.000010 0.000010 0.330222 0.000010
0.509775 0.017417 0.000010 0.206533 0.000010 0.000010 0.003072 0.239106 0.024067
0.600587 0.059470 0.000010 0.037611 0.000010 0.000010 0.000010 0.302281 0.000010
0.599016 0.063510 0.022729 0.078267 0.002447 0.000010 0.000010 0.234001 0.000010
0.644898 0.000010 0.000010 0.027587 0.083508 0.000010 0.015488 0.228479 0.000010
0.518462 0.041454 0.007073 0.153675 0.094345 0.008313 0.000010 0.176659 0.000010
0.594441 0.000010 0.011846 0.000010 0.000010 0.007452 0.000010 0.367545 0.018676
0.340188 0.054420 0.000010 0.167601 0.000010 0.000010 0.067250 0.318519 0.051992
0.465437 0.037769 0.000010 0.044331 0.022477 0.000010 0.043097 0.386859 0.000010
0.565929 0.000010 0.000010 0.217488 0.000010 0.000010 0.025115 0.105887 0.085541
0.723782 0.000010 0.000010 0.015198 0.000010 0.000010 0.041574 0.219396 0.000010
0.557640 0.001544 0.000010 0.117057 0.000010 0.000010 0.025856 0.285924 0.011950
0.644372 0.000010 0.000010 0.000461 0.000010 0.025060 0.000010 0.295272 0.034795
0.458119 0.000010 0.067674 0.169111 0.044710 0.000010 0.000010 0.260346 0.000010
0.472679 0.000010 0.000010 0.279706 0.019855 0.000010 0.000010 0.189230 0.038489
0.549798 0.000010 0.000010 0.129932 0.000010 0.000010 0.045778 0.269703 0.004749
0.528314 0.061075 0.000010 0.184195 0.000010 0.000010 0.000010 0.226366 0.000010
0.583897 0.000010 0.017391 0.044795 0.000010 0.000010 0.000010 0.332064 0.021812
0.512945 0.093861 0.046159 0.011243 0.000010 0.000010 0.000010 0.335752 0.000010
0.628764 0.098498 0.000010 0.000010 0.000010 0.026438 0.000010 0.246250 0.000010
0.555855 0.000010 0.000010 0.161408 0.000010 0.009285 0.020820 0.252592 0.000010
0.626417 0.066773 0.000010 0.096233 0.000010 0.008902 0.000010 0.146634 0.055010
0.581395 0.000010 0.064034 0.000010 0.021884 0.000010 0.005638 0.311896 0.015123
0.527693 0.029648 0.041470 0.038074 0.000010 0.000010 0.000010 0.341084 0.022002
0.537822 0.009602 0.157247 0.044950 0.000010 0.000010 0.000010 0.188517 0.061832
0.575027 0.005713 0.000010 0.113877 0.000010 0.000010 0.000010 0.305332 0.000010
0.599930 0.000010 0.000010 0.064005 0.013474 0.000010 0.032262 0.277818 0.012482
0.509351 0.000010 0.034345 0.089215 0.000010 0.051845 0.000010 0.284434 0.030780
0.631396 0.018282 0.006970 0.020209 0.000010 0.011301 0.027215 0.228881 0.055736
0.565249 0.000010 0.117990 0.000010 0.000010 0.045984 0.018391 0.223154 0.029201
0.590603 0.000010 0.045523 0.010373 0.000010 0.000010 0.000010 0.161799 0.191661
0.674688 0.000010 0.004362 0.126197 0.000010 0.084569 0.000010 0.110143 0.000010
0.481645 0.034413 0.000831 0.063208 0.000010 0.049172 0.037444 0.272982 0.060295
0.512907 0.000010 0.000010 0.057427 0.000010 0.000010 0.107039 0.277277 0.045309
0.664430 0.000010 0.000010 0.000010 0.000010 0.000010 0.044743 0.223329 0.067448
0.516822 0.000010 0.085935 0.059777 0.059993 0.013228 0.000010 0.264215 0.000010
0.378673 0.000010 0.000010 0.207303 0.023992 0.035400 0.000010 0.267869 0.086733
0.672165 0.014620 0.038615 0.000010 0.006135 0.054310 0.000010 0.214126 0.000010
0.687497 0.000010 0.077169 0.000010 0.000010 0.000010 0.033414 0.201870 0.000010
0.451526 0.000010 0.000010 0.109499 0.000010 0.000728 0.000010 0.321058 0.117149
0.643974 0.000010 0.070538 0.000010 0.013175 0.022344 0.000010 0.219199 0.030740
0.000010 0.086596 0.000010 0.000010 0.039283 0.104525 0.000010 0.000010 0.769545
0.519394 0.000010 0.088345 0.119538 0.020189 0.000010 0.000010 0.252494 0.000010
0.614551 0.023125 0.035995 0.000010 0.010395 0.000010 0.008346 0.307558 0.000010
0.625843 0.000010 0.000010 0.041967 0.000010 0.000010 0.000010 0.237703 0.094438
0.603042 0.039186 0.074617 0.000010 0.016231 0.081421 0.000010 0.185473 0.000010
0.562932 0.005840 0.000010 0.131373 0.027853 0.057933 0.000010 0.214039 0.000010
0.493694 0.000010 0.000010 0.000010 0.014686 0.005533 0.000010 0.387996 0.098051
0.526992 0.040330 0.015667 0.060673 0.000010 0.081306 0.000010 0.201181 0.073831
0.607885 0.000010 0.022625 0.000010 0.000010 0.041928 0.000010 0.288781 0.038742
0.496560 0.025791 0.049040 0.094822 0.051995 0.000010 0.000010 0.109334 0.172439
0.484831 0.052991 0.000010 0.080690 0.047404 0.015107 0.027438 0.255316 0.036213
0.638751 0.000010 0.000010 0.066610 0.029580 0.031986 0.000010 0.209100 0.023943
0.506243 0.000010 0.031701 0.042319 0.014347 0.102353 0.040349 0.213567 0.049113
0.391521 0.000010 0.006684 0.144825 0.073664 0.049445 0.000010 0.243402 0.090439
0.656008 0.042129 0.033964 0.034238 0.071914 0.026464 0.000773 0.134499 0.000010
0.512137 0.045683 0.000010 0.000010 0.000010 0.000010 0.000010 0.349922 0.092209
0.574227 0.058816 0.063034 0.000010 0.054959 0.000010 0.000010 0.228452 0.020482
0.621244 0.031693 0.000010 0.071651 0.038112 0.000010 0.000010 0.237260 0.000010
0.628123 0.119233 0.000010 0.003957 0.000010 0.092342 0.000010 0.119354 0.036962
0.490715 0.000010 0.000010 0.141497 0.000010 0.095916 0.000010 0.252326 0.019506
0.480965 0.045949 0.014830 0.080052 0.000010 0.000010 0.000010 0.344852 0.033322
0.571472 0.025280 0.028804 0.063821 0.027973 0.000010 0.000010 0.244797 0.037833
0.580082 0.000010 0.000010 0.054968 0.000010 0.000010 0.030822 0.334078 0.000010
0.593210 0.075970 0.000010 0.027842 0.003287 0.034838 0.018767 0.190977 0.055099
0.619383 0.000010 0.000010 0.000010 0.028159 0.044813 0.000010 0.248602 0.059003
0.599970 0.000010 0.032714 0.063053 0.000010 0.000010 0.000010 0.261724 0.042498
0.660143 0.036534 0.000010 0.000010 0.000010 0.000010 0.070067 0.211583 0.021633
0.517100 0.000010 0.000010 0.105838 0.134082 0.000010 0.000010 0.242930 0.000010
0.569209 0.000010 0.000010 0.057162 0.047018 0.000010 0.000010 0.297413 0.029158
0.630119 0.039039 0.021318 0.041440 0.012927 0.000010 0.000010 0.253448 0.001688
0.577913 0.005983 0.000010 0.000010 0.000010 0.022249 0.025679 0.368136 0.000010
0.519702 0.000010 0.023563 0.040182 0.000010 0.035983 0.024153 0.356387 0.000010
0.000010 0.003217 0.041291 0.000010 0.856232 0.000010 0.090741 0.008479 0.000010
0.000010 0.000010 0.012073 0.000010 0.721284 0.000010 0.266583 0.000010 0.000010
0.000010 0.033760 0.000010 0.000010 0.858941 0.012873 0.094375 0.000010 0.000010
0.000010 0.088587 0.012640 0.000010 0.731013 0.000010 0.167711 0.000010 0.000010
0.000010 0.000010 0.000010 0.000010 0.810956 0.000010 0.188974 0.000010 0.000010
0.000010 0.000010 0.019739 0.000010 0.708289 0.000010 0.271912 0.000010 0.000010
0.000010 0.000010 0.021593 0.000010 0.769801 0.000010 0.208547 0.000010 0.000010
0.523768 0.010170 0.000010 0.290500 0.000010 0.000010 0.079534 0.070949 0.025050
0.459889 0.064405 0.000010 0.278662 0.000010 0.000010 0.000010 0.182947 0.014056
0.499938 0.077818 0.000010 0.193659 0.000010 0.000010 0.036335 0.192210 0.000010
0.731030 0.052956 0.000010 0.169033 0.000010 0.000010 0.000010 0.033951 0.012989
0.767824 0.000010 0.000010 0.204393 0.000010 0.000010 0.000010 0.027723 0.000010
0.625554 0.000010 0.014407 0.082767 0.000010 0.028535 0.013577 0.235130 0.000010
0.583878 0.000010 0.000010 0.283165 0.000010 0.000010 0.000010 0.132897 0.000010
0.768711 0.000010 0.000010 0.203204 0.000010 0.000010 0.019000 0.000010 0.009035
0.683287 0.000010 0.000010 0.044635 0.061152 0.000010 0.000010 0.160480 0.050406
0.671535 0.000010 0.000010 0.143727 0.000010 0.000010 0.054176 0.130511 0.000010
0.680698 0.000010 0.000010 0.000010 0.000010 0.000010 0.000010 0.254224 0.065018
0.435088 0.023178 0.000010 0.140615 0.000010 0.056293 0.000010 0.344786 0.000010
0.636239 0.026270 0.000010 0.000010 0.034643 0.000010 0.008766 0.287886 0.006166
0.644032 0.000010 0.069203 0.000010 0.000010 0.000010 0.000010 0.254519 0.032195
0.554750 0.042718 0.059042 0.082990 0.014343 0.000010 0.000010 0.246126 0.000010
0.591123 0.000010 0.000010 0.000010 0.072763 0.000010 0.018229 0.246696 0.071150
0.585817 0.002851 0.000801 0.000010 0.014762 0.030970 0.000010 0.306988 0.057791
0.544846 0.000010 0.000010 0.000010 0.000010 0.059366 0.020941 0.330026 0.044782
0.429757 0.022983 0.000010 0.103267 0.000010 0.000010 0.000010 0.187017 0.256937
0.614931 0.000010 0.000010 0.000010 0.028528 0.017635 0.000010 0.161384 0.177483
0.551763 0.000010 0.000010 0.084764 0.000010 0.000010 0.069071 0.253285 0.041077
0.590215 0.000798 0.000010 0.015209 0.000010 0.007127 0.073698 0.312924 0.000010
0.487647 0.034116 0.000010 0.000010 0.000010 0.000010 0.000010 0.414415 0.063772
0.652970 0.041942 0.000010 0.030071 0.000010 0.016776 0.000010 0.204434 0.053778
0.576053 0.000010 0.014144 0.150807 0.019867 0.004447 0.021313 0.203029 0.010330
0.569098 0.000010 0.020905 0.000010 0.062617 0.080269 0.000010 0.232843 0.034237
0.554414 0.000010 0.000010 0.000010 0.000010 0.043464 0.000010 0.183222 0.218851
0.602076 0.097886 0.000010 0.084644 0.000010 0.000010 0.000010 0.215344 0.000010
0.481273 0.000010 0.000010 0.054630 0.056235 0.000010 0.000010 0.320963 0.086859
0.507986 0.032975 0.000010 0.119045 0.022721 0.022405 0.025401 0.258691 0.010766
0.682131 0.000010 0.043895 0.035298 0.028872 0.000010 0.009270 0.196714 0.003800
0.415021 0.015342 0.000010 0.123690 0.000010 0.000010 0.019089 0.391393 0.035436
0.639792 0.061838 0.000010 0.000010 0.031041 0.010616 0.002604 0.254078 0.000010
0.634445 0.000010 0.025757 0.000010 0.000010 0.000010 0.000010 0.251019 0.088729
0.697637 0.000010 0.006335 0.000010 0.000010 0.000010 0.009553 0.225672 0.060764
0.000010 0.950952 0.014662 0.000010 0.000010 0.000010 0.034326 0.000010 0.000010
0.000010 0.733703 0.061133 0.054497 0.000010 0.000010 0.061046 0.014090 0.075501
0.000010 0.860002 0.074657 0.036649 0.000010 0.000010 0.000010 0.000010 0.028642
0.000010 0.753545 0.194455 0.005163 0.000010 0.000010 0.046786 0.000010 0.000010
0.000010 0.059369 0.520251 0.022335 0.051628 0.000010 0.326683 0.019705 0.000010
0.000010 0.049310 0.578620 0.000010 0.004247 0.000010 0.309105 0.000010 0.058678
0.115235 0.074030 0.297419 0.000010 0.032276 0.000010 0.317139 0.084009 0.079873
0.025570 0.042193 0.533341 0.000010 0.003435 0.000010 0.389100 0.006331 0.000010
0.043582 0.075958 0.531030 0.000010 0.000010 0.000010 0.297635 0.040870 0.010894
0.015703 0.027006 0.424528 0.000010 0.000010 0.020105 0.467138 0.045491 0.000010
0.000010 0.028495 0.466413 0.000010 0.057466 0.017473 0.303888 0.126236 0.000010
0.008787 0.000010 0.580041 0.006734 0.021607 0.000010 0.268451 0.114352 0.000010
0.000010 0.014141 0.557166 0.000010 0.019963 0.008772 0.399918 0.000010 0.000010
0.000010 0.000010 0.546107 0.032782 0.000010 0.000010 0.245641 0.106833 0.068596
0.453877 0.000010 0.000010 0.185856 0.079714 0.015778 0.000010 0.190442 0.074303
0.509643 0.048715 0.008122 0.100063 0.032886 0.022936 0.000010 0.222745 0.054880
0.370727 0.000010 0.029298 0.172798 0.000010 0.000010 0.026262 0.343338 0.057548
0.646962 0.000010 0.000010 0.117328 0.000010 0.000010 0.000010 0.235651 0.000010
0.595613 0.000010 0.000010 0.041405 0.000010 0.000010 0.000010 0.362922 0.000010
0.587283 0.000010 0.000010 0.000010 0.000010 0.000010 0.050205 0.320207 0.042255
0.547784 0.017964 0.093987 0.043701 0.000010 0.000010 0.000010 0.289610 0.006925
0.618346 0.033053 0.000010 0.125817 0.010261 0.000330 0.052519 0.108933 0.050731
0.657231 0.012466 0.000010 0.000010 0.000010 0.038823 0.000010 0.267795 0.023646
0.672555 0.000010 0.000010 0.027731 0.001000 0.010997 0.000010 0.287676 0.000010
0.571485 0.051733 0.082199 0.082077 0.000010 0.023732 0.017230 0.171525 0.000010
0.469524 0.000010 0.015741 0.112260 0.000010 0.000010 0.068348 0.273622 0.060475
0.696517 0.000010 0.066986 0.000010 0.019751 0.055316 0.000010 0.124802 0.036598
0.480716 0.085988 0.000010 0.097531 0.000010 0.085361 0.000010 0.212184 0.038190
0.594566 0.000010 0.040747 0.123447 0.000010 0.012727 0.000010 0.228473 0.000010
0.541820 0.000010 0.000010 0.000010 0.011790 0.075590 0.037064 0.258177 0.075529
0.605818 0.010895 0.003156 0.078940 0.082752 0.094165 0.000010 0.069949 0.054315
0.683131 0.003046 0.017894 0.000010 0.028319 0.021241 0.000010 0.246340 0.000010
0.569157 0.018286 0.127034 0.036105 0.000010 0.008842 0.000010 0.198188 0.042369
0.515043 0.011644 0.000010 0.026019 0.000010 0.087413 0.000010 0.272145 0.087705
0.616038 0.000010 0.047588 0.009751 0.000010 0.000010 0.000010 0.230076 0.096507
0.000010 0.013808 0.714218 0.000010 0.026659 0.001030 0.213524 0.000010 0.030731
0.000010 0.000010 0.600364 0.000010 0.000010 0.000010 0.399566 0.000010 0.000010
0.000010 0.000010 0.593705 0.004500 0.033970 0.000010 0.336796 0.004518 0.026481
0.000010 0.073633 0.703905 0.000010 0.000010 0.029331 0.172083 0.021007 0.000010
0.023427 0.021292 0.644988 0.000010 0.098240 0.014242 0.197781 0.000010 0.000010
0.000010 0.000010 0.599181 0.000010 0.061353 0.000010 0.339405 0.000010 0.000010
0.000010 0.055737 0.648894 0.000010 0.002901 0.011954 0.258787 0.000010 0.021697
0.000010 0.097026 0.626565 0.000010 0.000010 0.000010 0.204627 0.071732 0.000010
0.000010 0.035167 0.639401 0.008952 0.000010 0.000010 0.316430 0.000010 0.000010
0.000010 0.000010 0.672912 0.000010 0.051460 0.000010 0.275568 0.000010 0.000010
0.000010 0.048548 0.620703 0.019897 0.084527 0.000010 0.226085 0.000010 0.000210
0.000010 0.077605 0.605916 0.040765 0.011904 0.000010 0.263770 0.000010 0.000010
0.000010 0.000010 0.654594 0.000010 0.000010 0.000010 0.297396 0.047951 0.000010
0.000010 0.000010 0.696530 0.000010 0.010901 0.000010 0.273334 0.019184 0.000010
0.000010 0.000010 0.667626 0.000010 0.063808 0.002762 0.265755 0.000010 0.000010
0.000010 0.033289 0.657181 0.000010 0.000010 0.049920 0.259560 0.000010 0.000010
0.000010 0.025556 0.730460 0.000010 0.000010 0.000010 0.243925 0.000010 0.000010
0.000010 0.011087 0.757219 0.000010 0.000010 0.001980 0.229664 0.000010 0.000010
0.006733 0.000010 0.640694 0.032553 0.010043 0.000010 0.309938 0.000010 0.000010
0.000010 0.089713 0.638662 0.000010 0.007764 0.000010 0.242708 0.021113 0.000010
0.064781 0.000010 0.618700 0.000010 0.133373 0.020277 0.162829 0.000010 0.000010
0.000010 0.027124 0.546831 0.023035 0.000010 0.000010 0.391974 0.010996 0.000010
0.000010 0.023278 0.657023 0.000010 0.000010 0.000010 0.317401 0.000010 0.002248
0.000010 0.003858 0.709621 0.000010 0.000010 0.000010 0.274469 0.007195 0.004817
0.000010 0.087942 0.613725 0.005834 0.054703 0.001506 0.236260 0.000010 0.000010
0.000010 0.069809 0.609818 0.000010 0.000010 0.000010 0.320313 0.000010 0.000010
0.000010 0.108505 0.578629 0.000010 0.034129 0.000010 0.278688 0.000010 0.000010
0.000010 0.000010 0.717473 0.013819 0.000010 0.000010 0.268648 0.000010 0.000010
0.000010 0.019908 0.715988 0.000010 0.031421 0.031534 0.201110 0.000010 0.000010
0.017251 0.048174 0.707991 0.000010 0.000010 0.002966 0.215360 0.008227 0.000010
0.000010 0.113756 0.531409 0.000010 0.000010 0.032249 0.322536 0.000010 0.000010
0.000010 0.000010 0.570699 0.000010 0.000010 0.000010 0.400743 0.000010 0.028499
0.000010 0.000010 0.687910 0.000010 0.000010 0.000010 0.312020 0.000010 0.000010
0.000010 0.013622 0.684769 0.000010 0.000010 0.006582 0.294977 0.000010 0.000010
0.000010 0.049929 0.646668 0.000010 0.012994 0.000010 0.290360 0.000010 0.000010
0.000010 0.000010 0.658260 0.000010 0.089291 0.000010 0.205274 0.047125 0.000010
0.000010 0.051953 0.685417 0.000010 0.000010 0.000010 0.227658 0.000010 0.034922
0.000010 0.000010 0.706939 0.000010 0.000010 0.000010 0.284459 0.008542 0.000010
0.000010 0.000010 0.670718 0.000010 0.000010 0.000010 0.329212 0.000010 0.000010
0.000010 0.000010 0.071067 0.000010 0.763025 0.007753 0.143081 0.000010 0.015033
0.000010 0.000010 0.000010 0.000010 0.990068 0.000010 0.009862 0.000010 0.000010
0.000010 0.039654 0.675478 0.000010 0.000010 0.020638 0.264180 0.000010 0.000010
0.002561 0.126820 0.537296 0.000010 0.051923 0.021611 0.259759 0.000010 0.000010
0.400720 0.000010 0.000010 0.369051 0.000010 0.004446 0.060975 0.134818 0.029960
0.344419 0.029444 0.000010 0.376743 0.000010 0.000010 0.004090 0.245264 0.000010
0.345320 0.000010 0.000010 0.322162 0.000010 0.020488 0.078969 0.233021 0.000010
0.307687 0.000010 0.004257 0.313458 0.041223 0.000010 0.000010 0.333335 0.000010
0.376213 0.015946 0.000010 0.447638 0.006929 0.000010 0.000010 0.153234 0.000010
0.330689 0.055718 0.000010 0.314195 0.065185 0.000010 0.029828 0.204356 0.000010
0.306030 0.028641 0.000010 0.420107 0.020278 0.011599 0.017930 0.195396 0.000010
0.351354 0.014108 0.000010 0.355262 0.000010 0.000010 0.011322 0.267915 0.000010
0.169887 0.000719 0.000010 0.419837 0.000010 0.021267 0.076918 0.260544 0.050808
0.308475 0.035891 0.030975 0.346361 0.030090 0.000010 0.000010 0.248178 0.000010
0.417096 0.000010 0.015612 0.375379 0.040105 0.000010 0.000010 0.151768 0.000010
0.414621 0.055672 0.000010 0.329220 0.000010 0.010063 0.000010 0.190384 0.000010
0.242490 0.012658 0.000010 0.433938 0.000010 0.058494 0.012401 0.239990 0.000010
0.000010 0.007557 0.563849 0.046958 0.000010 0.000010 0.320233 0.061364 0.000010
0.003594 0.023102 0.464409 0.000010 0.092662 0.000010 0.415859 0.000343 0.000010
0.000010 0.000010 0.488404 0.000010 0.000010 0.000010 0.501763 0.000010 0.009773
0.008537 0.042538 0.649360 0.007314 0.000010 0.000010 0.241482 0.012707 0.038042
0.000010 0.005027 0.674015 0.000010 0.087539 0.000010 0.233368 0.000010 0.000010
0.016351 0.128623 0.537560 0.000010 0.000010 0.000016 0.317410 0.000010 0.000010
0.000010 0.000010 0.685439 0.000010 0.000010 0.000010 0.314491 0.000010 0.000010
0.000010 0.099662 0.498856 0.000010 0.000010 0.000010 0.401422 0.000010 0.000010
0.000010 0.082172 0.578110 0.000010 0.028729 0.000010 0.310939 0.000010 0.000010
0.000010 0.000010 0.640996 0.000010 0.008275 0.028538 0.322141 0.000010 0.000010
0.000010 0.000010 0.643111 0.000010 0.062059 0.009064 0.285716 0.000010 0.000010
0.000010 0.000010 0.719050 0.006710 0.000010 0.028872 0.245317 0.000010 0.000010
