0.256343 0.000010 0.000010 0.108677 0.035948 0.000010 0.000010 0.562506 0.036486
0.323183 0.000010 0.049951 0.080123 0.000010 0.000010 0.076778 0.418434 0.051502
0.348618 0.073517 0.067345 0.056775 0.000010 0.015941 0.025726 0.345529 0.066538
0.374853 0.030752 0.128731 0.046405 0.017033 0.054037 0.060756 0.223903 0.063529
0.175291 0.066889 0.011290 0.220889 0.000010 0.000010 0.070237 0.442696 0.012689
0.229079 0.000010 0.000010 0.073835 0.000010 0.000010 0.099103 0.437127 0.160816
0.341678 0.000010 0.063691 0.023029 0.048924 0.000010 0.044667 0.440656 0.037335
0.329131 0.000010 0.000010 0.000010 0.000010 0.000010 0.176076 0.477405 0.017337
0.202957 0.099790 0.000010 0.151148 0.120245 0.000010 0.035200 0.390629 0.000010
0.220784 0.000010 0.005259 0.132543 0.054077 0.008417 0.071792 0.448886 0.058233
0.238469 0.005491 0.098417 0.170138 0.000010 0.001379 0.044956 0.441130 0.000010
0.356764 0.024418 0.139408 0.000010 0.000010 0.003185 0.000010 0.416898 0.059298
0.108478 0.000010 0.000010 0.209240 0.131713 0.000010 0.091334 0.459194 0.000010
0.366114 0.061219 0.003620 0.078960 0.075328 0.000010 0.045904 0.309640 0.059205
0.356878 0.100338 0.000015 0.000010 0.071516 0.000010 0.080927 0.390297 0.000010
0.284646 0.026357 0.033154 0.138874 0.000010 0.000010 0.000010 0.490773 0.026165
0.352481 0.071385 0.000010 0.000010 0.055198 0.033824 0.059992 0.427090 0.000010
0.255031 0.077995 0.045856 0.169659 0.000010 0.000010 0.000328 0.431353 0.019759
0.226519 0.028249 0.043695 0.000010 0.040389 0.000010 0.118254 0.479059 0.063815
0.329174 0.000010 0.017592 0.120168 0.000010 0.056948 0.070496 0.377170 0.028432
0.200132 0.000010 0.000010 0.095934 0.000010 0.014355 0.152584 0.536956 0.000010
0.433274 0.000010 0.041210 0.045911 0.043845 0.000010 0.043560 0.392170 0.000010
0.344124 0.098368 0.040516 0.000010 0.022516 0.045112 0.108552 0.340608 0.000194
0.250549 0.008427 0.113742 0.038420 0.041099 0.000010 0.085246 0.462496 0.000010
0.247344 0.000010 0.000010 0.040222 0.000010 0.000010 0.114650 0.541178 0.056566
0.431460 0.000010 0.039158 0.018178 0.000010 0.000010 0.126734 0.316457 0.067983
0.332891 0.000010 0.052691 0.005149 0.000010 0.000010 0.109439 0.408435 0.091365
0.259139 0.000010 0.057622 0.068011 0.000010 0.038021 0.019721 0.412841 0.144624
0.353417 0.000010 0.044859 0.000010 0.044095 0.005602 0.080787 0.471210 0.000010
0.273838 0.000010 0.000010 0.066570 0.000010 0.000010 0.095018 0.500313 0.064221
0.269614 0.000010 0.044122 0.000010 0.122314 0.031358 0.002455 0.486545 0.043573
0.297450 0.091524 0.085356 0.098179 0.000010 0.000010 0.039570 0.387890 0.000010
0.498258 0.000010 0.052929 0.020401 0.000010 0.000010 0.123059 0.305313 0.000010
0.436409 0.000010 0.125683 0.045571 0.000010 0.000010 0.091440 0.300857 0.000010
0.087241 0.000010 0.087353 0.206544 0.000010 0.000010 0.095686 0.497064 0.026082
0.269103 0.042421 0.000010 0.160288 0.000010 0.000010 0.032315 0.495833 0.000010
0.421978 0.000010 0.000010 0.020846 0.000010 0.000010 0.153100 0.404027 0.000010
0.334817 0.059080 0.000010 0.122604 0.000010 0.000010 0.007456 0.384554 0.091458
0.340695 0.000010 0.000010 0.051406 0.000010 0.000010 0.000010 0.486189 0.121661
0.178661 0.000010 0.021255 0.140482 0.000010 0.000010 0.215054 0.444508 0.000010
0.374734 0.000010 0.006225 0.111715 0.000010 0.000010 0.040555 0.466731 0.000010
0.215985 0.040826 0.050412 0.127298 0.021085 0.000010 0.086920 0.457454 0.000010
0.373887 0.000010 0.000010 0.000010 0.000010 0.000010 0.056285 0.566353 0.003425
0.247205 0.000010 0.115280 0.034159 0.000010 0.008900 0.185422 0.409005 0.000010
0.417601 0.000246 0.000010 0.076470 0.000010 0.019475 0.135209 0.350969 0.000010
0.371181 0.057080 0.029473 0.056946 0.000010 0.000010 0.111575 0.373715 0.000010
0.355358 0.000010 0.000010 0.066017 0.000010 0.029971 0.083601 0.397571 0.067451
0.345145 0.000010 0.000010 0.021059 0.000010 0.000595 0.140358 0.379165 0.113649
0.176051 0.029273 0.412917 0.041716 0.000010 0.012192 0.102044 0.225787 0.000010
0.152811 0.015672 0.340893 0.067242 0.092297 0.001027 0.055939 0.274108 0.000010
0.253545 0.000010 0.286154 0.124875 0.021204 0.000010 0.075302 0.236466 0.002434
0.090195 0.068384 0.416794 0.000010 0.000010 0.046753 0.222598 0.155246 0.000010
0.191626 0.084572 0.135352 0.120155 0.000010 0.032220 0.130823 0.305231 0.000010
0.238665 0.102010 0.269676 0.037764 0.149824 0.000010 0.050256 0.151786 0.000010
0.105750 0.038166 0.425310 0.059989 0.000010 0.046279 0.125795 0.198691 0.000010
0.224134 0.000010 0.354784 0.102427 0.108397 0.000010 0.131269 0.051068 0.027900
0.223901 0.113795 0.101465 0.000010 0.000010 0.009035 0.207962 0.285875 0.057947
0.182773 0.118809 0.358686 0.000010 0.000010 0.000010 0.092653 0.213811 0.033239
0.202391 0.086467 0.445327 0.000010 0.000010 0.065587 0.198002 0.000010 0.002196
0.053510 0.000010 0.360322 0.171252 0.000010 0.022425 0.110563 0.281897 0.000010
0.143158 0.105847 0.181573 0.116146 0.099725 0.045409 0.108915 0.193453 0.005774
0.196331 0.062136 0.270645 0.000010 0.102902 0.000010 0.174856 0.193100 0.000010
0.327920 0.011615 0.219993 0.107112 0.108655 0.000010 0.172423 0.052261 0.000010
0.031727 0.074980 0.252464 0.156425 0.000010 0.030580 0.124231 0.329572 0.000010
0.181982 0.070699 0.287088 0.116772 0.000010 0.000010 0.075590 0.267839 0.000010
0.044886 0.047384 0.356686 0.135563 0.000010 0.016250 0.122302 0.203758 0.073161
0.322864 0.042042 0.283187 0.087229 0.012907 0.030102 0.162692 0.058967 0.000010
0.222589 0.064381 0.389785 0.000010 0.000010 0.000010 0.132361 0.190844 0.000010
0.289887 0.000010 0.339935 0.039133 0.108575 0.000010 0.025034 0.197406 0.000010
0.160659 0.109351 0.304106 0.000010 0.062694 0.000010 0.097007 0.266153 0.000010
0.190226 0.043543 0.090764 0.048774 0.000010 0.018355 0.147069 0.116964 0.344294
0.415411 0.100479 0.048250 0.000010 0.050016 0.021241 0.005051 0.305741 0.053801
0.277215 0.000010 0.043401 0.109464 0.019708 0.000010 0.000010 0.550172 0.000010
0.453218 0.020119 0.000010 0.029439 0.000010 0.000010 0.128379 0.349475 0.019340
0.187639 0.011463 0.046907 0.000010 0.117881 0.000010 0.115380 0.520700 0.000010
0.198985 0.083561 0.026248 0.158872 0.065158 0.068138 0.096955 0.302073 0.000010
0.299601 0.000010 0.059359 0.105607 0.022245 0.000010 0.064822 0.448335 0.000010
0.462772 0.000010 0.032287 0.005757 0.028078 0.072554 0.008231 0.359006 0.031305
0.362010 0.110930 0.000010 0.121059 0.000010 0.000010 0.014099 0.362223 0.029649
0.329384 0.000010 0.000010 0.079585 0.000010 0.014466 0.000010 0.576515 0.000010
0.120325 0.000010 0.125078 0.209084 0.000010 0.092127 0.167282 0.279712 0.006372
0.402736 0.086183 0.059327 0.000010 0.046080 0.066417 0.054469 0.284768 0.000010
0.419294 0.033150 0.062392 0.000010 0.000010 0.027318 0.010017 0.359277 0.088532
0.349662 0.000010 0.000010 0.011524 0.000010 0.000010 0.112512 0.422036 0.104226
0.372882 0.031704 0.000010 0.007896 0.031603 0.000010 0.018189 0.537696 0.000010
0.147520 0.078129 0.008377 0.094149 0.040628 0.000010 0.105222 0.333854 0.192111
0.260671 0.042250 0.069093 0.084069 0.000010 0.000010 0.062844 0.336437 0.144616
0.369071 0.000010 0.000010 0.130206 0.030732 0.000010 0.059031 0.380432 0.030497
0.337810 0.000010 0.075533 0.034150 0.033193 0.000010 0.048572 0.470712 0.000010
0.365056 0.055530 0.000010 0.000010 0.000010 0.031125 0.046064 0.433679 0.068516
0.306079 0.009426 0.137431 0.136723 0.000010 0.000010 0.017735 0.387688 0.004898
0.190577 0.000010 0.000010 0.093563 0.000010 0.019946 0.077893 0.553251 0.064739
0.335955 0.015640 0.000010 0.145104 0.000010 0.000010 0.041357 0.461904 0.000010
0.390059 0.000010 0.180192 0.000010 0.004051 0.038169 0.028992 0.358506 0.000010
0.428179 0.045009 0.000010 0.000010 0.000010 0.054619 0.065646 0.370937 0.035578
0.170613 0.051922 0.000010 0.000010 0.000010 0.215278 0.068115 0.258434 0.235607
0.222097 0.045635 0.000010 0.000010 0.008308 0.000010 0.151632 0.572289 0.000010
0.274675 0.005260 0.000010 0.040417 0.005133 0.000010 0.192078 0.482407 0.000010
0.241450 0.028482 0.000010 0.070816 0.001552 0.000010 0.062360 0.575393 0.019928
0.293721 0.087113 0.000010 0.000010 0.019356 0.000010 0.091792 0.507978 0.000010
0.279310 0.027543 0.068498 0.025603 0.000010 0.000010 0.074601 0.102831 0.421594
0.041784 0.116479 0.007884 0.000010 0.000010 0.064709 0.172069 0.407529 0.189526
0.335042 0.000010 0.000010 0.000010 0.000010 0.045164 0.162698 0.369454 0.087602
0.068305 0.089888 0.000010 0.094553 0.000010 0.023675 0.150700 0.572849 0.000010
0.177036 0.000010 0.000010 0.052561 0.000010 0.000010 0.214779 0.530777 0.024807
0.236334 0.034293 0.000010 0.027525 0.019857 0.000010 0.209295 0.471172 0.001504
0.209071 0.113453 0.080994 0.085219 0.000010 0.000010 0.126504 0.384730 0.000010
0.236450 0.127222 0.000010 0.029898 0.064034 0.031883 0.077677 0.432816 0.000010
0.294291 0.043822 0.175621 0.115995 0.121234 0.000010 0.030017 0.218999 0.000010
0.238699 0.006730 0.000010 0.156621 0.000010 0.016069 0.069288 0.512095 0.000478
0.204549 0.000010 0.013867 0.081152 0.000010 0.000010 0.135914 0.564478 0.000010
0.338595 0.018192 0.008128 0.000010 0.038356 0.010588 0.198173 0.358025 0.029934
0.274042 0.064086 0.019356 0.130837 0.000010 0.000010 0.035649 0.475999 0.000010
0.368261 0.005859 0.000010 0.023829 0.075732 0.015002 0.130600 0.380697 0.000010
0.170289 0.125190 0.000010 0.070302 0.000010 0.000010 0.121513 0.465674 0.047003
0.165185 0.000010 0.094000 0.073940 0.000010 0.000010 0.090251 0.576584 0.000010
0.230705 0.016047 0.000010 0.000010 0.000579 0.003558 0.092693 0.656387 0.000010
0.306200 0.001975 0.000010 0.073506 0.000010 0.019848 0.088823 0.473397 0.036231
0.313681 0.000010 0.000010 0.000010 0.008783 0.053121 0.187210 0.367897 0.069279
0.269680 0.096259 0.000010 0.169184 0.000010 0.014837 0.091981 0.358029 0.000010
0.288210 0.000148 0.076601 0.092924 0.047914 0.000010 0.099273 0.359133 0.035787
0.279667 0.115977 0.014844 0.000010 0.000010 0.000010 0.183586 0.405887 0.000010
0.355612 0.000010 0.080239 0.106742 0.000272 0.000010 0.000010 0.426200 0.030904
0.253065 0.111051 0.084263 0.067800 0.000010 0.000010 0.114409 0.369382 0.000010
0.359115 0.038127 0.000010 0.086769 0.000010 0.000010 0.083273 0.432676 0.000010
0.267734 0.000010 0.075852 0.210136 0.004260 0.000010 0.133211 0.308776 0.000010
0.262484 0.081273 0.000010 0.008498 0.000010 0.000010 0.134042 0.441173 0.072501
0.267465 0.055738 0.000010 0.085600 0.000010 0.001112 0.062426 0.487837 0.039802
0.152821 0.000010 0.000010 0.118673 0.036795 0.000010 0.114185 0.533650 0.043846
0.234293 0.144986 0.000871 0.000010 0.000010 0.112866 0.172266 0.334688 0.000010
0.172664 0.000010 0.000010 0.000010 0.000010 0.000010 0.226262 0.506141 0.094883
0.196495 0.011965 0.000010 0.091353 0.000010 0.020269 0.227348 0.452146 0.000405
0.377768 0.059182 0.022876 0.083311 0.000010 0.000010 0.036233 0.398586 0.022025
0.332557 0.045977 0.023900 0.125947 0.000010 0.013910 0.068790 0.388899 0.000010
0.192376 0.001928 0.000010 0.289228 0.000010 0.000010 0.081843 0.373039 0.061555
0.058232 0.025990 0.038611 0.208946 0.000010 0.000010 0.124828 0.541853 0.001520
0.277432 0.066044 0.000010 0.096657 0.000010 0.006318 0.144589 0.408930 0.000010
0.200895 0.000010 0.233012 0.038449 0.015448 0.000010 0.142811 0.369355 0.000010
0.305603 0.005686 0.000010 0.075243 0.000010 0.000010 0.134884 0.478544 0.000010
0.142394 0.035685 0.176712 0.073780 0.000010 0.000010 0.073724 0.400886 0.096798
0.277353 0.098263 0.000010 0.051050 0.000010 0.000010 0.109466 0.463827 0.000010
0.155974 0.000010 0.047241 0.141433 0.005175 0.000010 0.167283 0.482865 0.000010
0.321566 0.000010 0.000010 0.017387 0.000010 0.030024 0.134067 0.496916 0.000010
0.197992 0.000010 0.000010 0.047308 0.155460 0.068289 0.101414 0.429506 0.000010
0.319865 0.028905 0.092183 0.027562 0.000010 0.000010 0.100012 0.409089 0.022363
0.129904 0.134995 0.019902 0.115322 0.011444 0.000010 0.119177 0.469237 0.000010
0.318088 0.111257 0.000010 0.100570 0.062499 0.000010 0.096451 0.311105 0.000010
0.299088 0.069106 0.047167 0.108963 0.097980 0.000010 0.039364 0.329846 0.008475
0.232831 0.034367 0.050831 0.083437 0.088663 0.000010 0.000010 0.468061 0.041790
0.219078 0.071905 0.000010 0.145664 0.098450 0.000010 0.010986 0.453887 0.000010
0.369623 0.000010 0.041844 0.005663 0.092598 0.022096 0.000010 0.448435 0.019722
0.239943 0.004270 0.073826 0.071377 0.001576 0.053550 0.148922 0.406527 0.000010
0.417745 0.000010 0.018875 0.008819 0.000010 0.000010 0.192791 0.361730 0.000010
0.114614 0.087411 0.180039 0.121442 0.000010 0.000010 0.122771 0.373692 0.000010
0.297526 0.133095 0.068015 0.100242 0.073365 0.062589 0.005521 0.259638 0.000010
0.316439 0.008253 0.191130 0.151778 0.000086 0.003909 0.088288 0.240108 0.000010
0.223671 0.000010 0.091376 0.273925 0.032716 0.000010 0.041866 0.336416 0.000010
0.168731 0.000010 0.132020 0.040009 0.004409 0.034330 0.042417 0.578066 0.000010
0.215716 0.037452 0.018884 0.022891 0.112096 0.000010 0.018289 0.551562 0.023101
0.185440 0.003379 0.062214 0.155955 0.000010 0.019937 0.157396 0.415659 0.000010
0.354090 0.029949 0.023551 0.040800 0.092719 0.009229 0.049914 0.388817 0.010930
0.201830 0.067516 0.000010 0.063617 0.095669 0.000010 0.000010 0.558759 0.012579
0.176894 0.017925 0.094456 0.012583 0.023127 0.000010 0.155226 0.519769 0.000010
0.140669 0.000010 0.225595 0.089983 0.034326 0.018142 0.128736 0.335816 0.026722
0.000010 0.033541 0.182904 0.213189 0.038905 0.000010 0.084552 0.446879 0.000010
0.049006 0.229909 0.136721 0.095441 0.063994 0.000010 0.048399 0.376510 0.000010
0.245535 0.000010 0.126201 0.000010 0.000010 0.000010 0.202125 0.426089 0.000010
0.000010 0.000010 0.135135 0.236027 0.000010 0.000010 0.214366 0.396178 0.018255
0.173278 0.116395 0.054250 0.091594 0.000010 0.024865 0.033176 0.490341 0.016091
0.201046 0.000010 0.000010 0.000010 0.023756 0.057360 0.201316 0.461561 0.054932
0.253891 0.000010 0.000010 0.028966 0.018748 0.000010 0.170249 0.506089 0.022027
0.144741 0.107046 0.068585 0.181958 0.000273 0.000010 0.103560 0.390273 0.003554
0.125937 0.000010 0.000010 0.137689 0.082703 0.000010 0.224140 0.429491 0.000010
0.188270 0.004942 0.139516 0.000010 0.000010 0.000010 0.205365 0.461867 0.000010
0.000010 0.000010 0.077944 0.164941 0.019043 0.013075 0.232074 0.492892 0.000010
0.242753 0.051270 0.075125 0.000010 0.000010 0.000010 0.182108 0.330836 0.117879
0.312449 0.025675 0.040212 0.067268 0.000010 0.057690 0.064661 0.432026 0.000010
0.108998 0.000010 0.073585 0.201950 0.036322 0.000010 0.186842 0.354871 0.037412
0.189150 0.093883 0.000010 0.128139 0.059878 0.008468 0.108826 0.411636 0.000010
0.020685 0.011229 0.191580 0.107153 0.000010 0.000010 0.110768 0.558555 0.000010
0.097982 0.055308 0.091007 0.054238 0.000010 0.000010 0.260148 0.441133 0.000163
0.127331 0.023741 0.125515 0.149506 0.000010 0.000010 0.108244 0.465635 0.000010
0.246161 0.053460 0.063695 0.046773 0.000010 0.000010 0.103671 0.486210 0.000010
0.202739 0.049485 0.004388 0.000010 0.025094 0.015273 0.254768 0.448231 0.000010
0.100605 0.000010 0.127618 0.119689 0.000010 0.000010 0.206956 0.432889 0.012213
0.133696 0.080423 0.082177 0.037987 0.033266 0.028661 0.145104 0.428548 0.030139
0.057655 0.000010 0.250035 0.124243 0.033649 0.000010 0.106940 0.416364 0.011094
0.026655 0.000010 0.000010 0.000010 0.000010 0.358558 0.000010 0.000010 0.614727
0.001324 0.000010 0.000011 0.031121 0.000010 0.454681 0.000010 0.000010 0.512823
0.000010 0.009457 0.000010 0.000010 0.000010 0.351899 0.005721 0.000010 0.632873
0.000010 0.000010 0.000010 0.000010 0.000010 0.383282 0.032321 0.000010 0.584337
0.000010 0.014196 0.000010 0.000010 0.000010 0.331309 0.000024 0.001587 0.652843
0.000010 0.000010 0.000010 0.005148 0.000010 0.354682 0.000010 0.000010 0.640110
0.006110 0.017379 0.000010 0.000010 0.000010 0.478295 0.000010 0.010644 0.487533
0.000010 0.000010 0.006964 0.001765 0.000010 0.411296 0.045073 0.000010 0.534861
0.000010 0.000010 0.000010 0.000010 0.000010 0.308773 0.019531 0.000010 0.671637
0.000010 0.000010 0.025269 0.000010 0.000010 0.281661 0.000010 0.000010 0.693010
0.000010 0.000010 0.000010 0.000010 0.000010 0.393811 0.000010 0.000010 0.606119
0.000010 0.014211 0.000010 0.000010 0.000010 0.347820 0.000010 0.003147 0.634772
0.002194 0.013213 0.000010 0.004620 0.005677 0.490190 0.000010 0.000010 0.484076
0.000010 0.000010 0.013943 0.000010 0.000010 0.487414 0.000010 0.000010 0.498584
0.000010 0.000010 0.000010 0.027646 0.000010 0.341326 0.001634 0.000010 0.629344
0.000010 0.000010 0.017765 0.000010 0.000010 0.270785 0.000010 0.000010 0.711391
0.000010 0.000012 0.000010 0.008671 0.000010 0.394455 0.019462 0.000010 0.577360
0.024144 0.000010 0.000010 0.001172 0.000010 0.453788 0.000010 0.042359 0.478498
0.015659 0.000010 0.000010 0.006545 0.044730 0.318525 0.012021 0.000010 0.602490
0.000010 0.000010 0.000010 0.000010 0.010853 0.322034 0.000010 0.000010 0.667053
0.000010 0.000010 0.000010 0.000010 0.000010 0.492714 0.000010 0.000010 0.507216
0.000010 0.000010 0.000010 0.000010 0.033210 0.342310 0.000010 0.000010 0.624420
0.000010 0.000010 0.000010 0.000010 0.000010 0.431143 0.009254 0.000010 0.559544
0.000010 0.000010 0.000010 0.005154 0.000010 0.535404 0.000010 0.010130 0.449262
0.000010 0.000010 0.000010 0.047061 0.000010 0.348800 0.000010 0.000010 0.604079
0.000010 0.000010 0.000010 0.000010 0.045124 0.500214 0.000010 0.000010 0.454602
0.000010 0.000010 0.000010 0.000010 0.013120 0.455391 0.000010 0.000010 0.531430
0.009563 0.002918 0.000010 0.009209 0.000010 0.286449 0.000010 0.000010 0.691822
0.000010 0.000010 0.000010 0.000010 0.859593 0.000010 0.140337 0.000010 0.000010
0.302783 0.058666 0.027718 0.365234 0.000010 0.003818 0.001749 0.235848 0.004173
0.278619 0.057372 0.000010 0.410429 0.000010 0.000010 0.026822 0.226718 0.000010
0.205930 0.005043 0.078249 0.428404 0.000010 0.000010 0.000010 0.240300 0.042044
0.443814 0.000010 0.034157 0.140152 0.036863 0.000010 0.012308 0.331500 0.001185
0.348258 0.000010 0.000010 0.241674 0.090268 0.017324 0.000010 0.302435 0.000010
0.295361 0.000010 0.052785 0.310243 0.010548 0.000010 0.042612 0.235305 0.053126
0.332600 0.000010 0.122195 0.313354 0.000010 0.032747 0.003029 0.182060 0.013995
0.509287 0.000010 0.033055 0.263786 0.000010 0.014781 0.016014 0.157200 0.005857
0.495274 0.000010 0.000010 0.249782 0.119383 0.000010 0.046657 0.073245 0.015628
0.463658 0.000010 0.000010 0.272383 0.073445 0.000010 0.062327 0.128147 0.000010
0.450407 0.057187 0.000727 0.264104 0.000010 0.004393 0.075098 0.148064 0.000010
0.412345 0.000010 0.024411 0.191726 0.009422 0.000010 0.000010 0.362055 0.000010
0.257999 0.000010 0.108229 0.451024 0.043251 0.000010 0.000010 0.139456 0.000010
0.317870 0.000010 0.000010 0.420192 0.024323 0.010102 0.000010 0.227474 0.000010
0.341018 0.045364 0.013162 0.453918 0.000010 0.000010 0.000010 0.146498 0.000010
0.398812 0.000153 0.000010 0.207987 0.126423 0.000010 0.000010 0.266585 0.000010
0.374376 0.000010 0.017789 0.264039 0.039628 0.000010 0.007153 0.296985 0.000010
0.308202 0.000010 0.182284 0.309098 0.000010 0.064121 0.000010 0.136254 0.000010
0.521161 0.012922 0.021441 0.260808 0.000010 0.000010 0.000010 0.183628 0.000010
0.487195 0.000010 0.000010 0.081653 0.027259 0.000010 0.089638 0.314215 0.000010
0.366824 0.000010 0.000010 0.375629 0.000010 0.000010 0.030191 0.194591 0.032725
0.331057 0.000766 0.021137 0.297557 0.003431 0.000010 0.050312 0.290150 0.005580
0.407481 0.014660 0.071919 0.284993 0.000010 0.000010 0.001993 0.161424 0.057509
0.301601 0.000010 0.000010 0.391915 0.000010 0.000010 0.082842 0.223591 0.000010
0.494102 0.000010 0.010990 0.167350 0.038262 0.000010 0.057566 0.227020 0.004690
0.323771 0.017461 0.029639 0.296917 0.000010 0.000010 0.000010 0.330256 0.001926
0.573517 0.000010 0.063244 0.258399 0.000010 0.000010 0.000010 0.044606 0.060195
0.397492 0.082546 0.000010 0.221649 0.071384 0.000965 0.015496 0.125671 0.084786
0.000010 0.000010 0.000010 0.018082 0.981848 0.000010 0.000010 0.000010 0.000010
0.049845 0.000010 0.000010 0.000010 0.939881 0.000010 0.000010 0.000010 0.010214
0.000010 0.000010 0.000010 0.000010 0.983938 0.000010 0.013209 0.000010 0.002792
0.000010 0.000010 0.000010 0.000010 0.904964 0.009619 0.038678 0.000010 0.046689
0.000010 0.000010 0.244198 0.009757 0.658164 0.000010 0.068727 0.000010 0.019114
0.011003 0.000010 0.000010 0.020041 0.968895 0.000010 0.000010 0.000010 0.000010
0.000010 0.011886 0.000010 0.024502 0.946542 0.017021 0.000010 0.000010 0.000010
0.000010 0.000010 0.000010 0.000010 0.933664 0.000010 0.066266 0.000010 0.000010
0.000010 0.000010 0.000010 0.037294 0.955981 0.004071 0.002604 0.000010 0.000010
0.000010 0.000010 0.003270 0.000010 0.979473 0.000010 0.017198 0.000010 0.000010
0.000010 0.008358 0.000010 0.016636 0.949187 0.025768 0.000010 0.000010 0.000010
0.000010 0.000010 0.000010 0.000010 0.951850 0.000010 0.025144 0.022946 0.000010
0.000010 0.000010 0.000011 0.008657 0.991272 0.000010 0.000010 0.000010 0.000010
0.000010 0.000010 0.051699 0.000010 0.919610 0.000010 0.028631 0.000010 0.000010
0.000010 0.000010 0.009526 0.000010 0.953228 0.000011 0.020434 0.000010 0.016761
0.000010 0.000010 0.000010 0.000010 0.946165 0.000010 0.000010 0.023910 0.029865
0.000010 0.000010 0.000010 0.000010 0.947881 0.000010 0.026170 0.025889 0.000010
0.422534 0.037171 0.074988 0.194284 0.000010 0.020072 0.000010 0.250921 0.000010
0.371900 0.000010 0.045420 0.244341 0.000010 0.029559 0.000010 0.308415 0.000335
0.474989 0.000010 0.000010 0.147992 0.000010 0.041568 0.058419 0.276993 0.000010
0.579222 0.000010 0.000010 0.019085 0.005541 0.000010 0.000010 0.329489 0.066622
0.432178 0.000010 0.110995 0.040796 0.088839 0.000010 0.000010 0.290229 0.036933
0.539805 0.018989 0.000010 0.071843 0.001895 0.042123 0.013321 0.309778 0.002236
0.664983 0.000010 0.000010 0.038183 0.000010 0.000010 0.000010 0.296774 0.000010
0.542716 0.022354 0.040692 0.047896 0.000010 0.062366 0.000010 0.224143 0.059813
0.472047 0.000010 0.020640 0.038977 0.000634 0.000010 0.116342 0.278363 0.072977
0.674307 0.000010 0.000010 0.049042 0.029254 0.001939 0.074294 0.170901 0.000243
0.673011 0.028042 0.000010 0.066149 0.073501 0.000010 0.011147 0.148119 0.000010
0.623471 0.000010 0.010350 0.033741 0.000365 0.057686 0.000010 0.243376 0.030991
0.577977 0.000010 0.009412 0.121819 0.000010 0.015668 0.086201 0.188893 0.000010
0.434987 0.075215 0.096100 0.150552 0.031116 0.000010 0.002192 0.179769 0.030059
0.518360 0.035204 0.000010 0.122858 0.022927 0.000010 0.074997 0.163423 0.062212
0.535113 0.000010 0.000010 0.000010 0.000010 0.000010 0.004992 0.288602 0.171243
0.643779 0.000010 0.037965 0.000010 0.000010 0.051897 0.000010 0.265179 0.001139
0.472247 0.000010 0.096760 0.052786 0.000010 0.033694 0.000010 0.301573 0.042910
0.519018 0.000010 0.088840 0.162871 0.011133 0.000010 0.015186 0.187014 0.015918
0.585100 0.038845 0.057804 0.000010 0.010938 0.027456 0.000010 0.174245 0.105592
0.721606 0.044991 0.000010 0.093765 0.000010 0.000010 0.015143 0.104614 0.019851
0.727357 0.000010 0.027836 0.017199 0.000010 0.016915 0.000010 0.132758 0.077904
0.516638 0.005628 0.033384 0.111273 0.040155 0.013461 0.000010 0.279441 0.000010
0.640350 0.000010 0.026405 0.000010 0.012781 0.001753 0.000010 0.262420 0.056261
0.508208 0.000010 0.074992 0.114207 0.000010 0.016570 0.000010 0.209144 0.076849
0.482162 0.000010 0.028075 0.138862 0.000010 0.000010 0.000010 0.350851 0.000010
0.449096 0.000010 0.060483 0.247713 0.000010 0.000010 0.000010 0.242657 0.000010
0.574190 0.000010 0.000010 0.000010 0.002699 0.036425 0.086190 0.270180 0.030287
0.468439 0.000010 0.000010 0.173570 0.049508 0.000010 0.041459 0.255324 0.011671
0.795174 0.000010 0.000010 0.007282 0.013093 0.001305 0.000010 0.183106 0.000010
0.596818 0.000010 0.031330 0.098114 0.000010 0.000010 0.000010 0.273688 0.000010
0.670673 0.022064 0.000010 0.000010 0.015472 0.000010 0.000010 0.248398 0.043352
0.416651 0.067874 0.000010 0.174579 0.000010 0.097975 0.000010 0.242881 0.000010
0.610089 0.000010 0.000010 0.077631 0.063193 0.000366 0.000010 0.162433 0.086258
0.593014 0.000010 0.000095 0.034921 0.000010 0.000010 0.000010 0.289056 0.082874
0.597065 0.055709 0.000010 0.056972 0.000010 0.000010 0.000010 0.240350 0.049864
0.513736 0.000010 0.000010 0.141939 0.000010 0.000010 0.022882 0.215753 0.105650
0.593221 0.096798 0.036041 0.007700 0.000010 0.020228 0.030909 0.194924 0.020168
0.643739 0.083004 0.002208 0.000010 0.000010 0.017223 0.033057 0.192467 0.028282
0.567598 0.083480 0.000010 0.029893 0.000010 0.056600 0.008685 0.249539 0.004185
0.502658 0.024112 0.000010 0.124501 0.000010 0.000010 0.000010 0.343437 0.005253
0.620864 0.000010 0.055948 0.000010 0.085016 0.000010 0.000010 0.234686 0.003446
0.754405 0.082880 0.000010 0.000010 0.009635 0.000010 0.000010 0.110161 0.042879
0.584525 0.064034 0.000010 0.000010 0.036083 0.000010 0.000010 0.197589 0.117729
0.613025 0.000010 0.000010 0.000010 0.000010 0.000010 0.000010 0.300623 0.086292
0.601207 0.028001 0.000010 0.140216 0.000010 0.006549 0.000010 0.223988 0.000010
0.542196 0.000010 0.000010 0.000010 0.000010 0.118296 0.000010 0.152229 0.187229
0.664516 0.000010 0.000010 0.000010 0.000010 0.000010 0.000010 0.335414 0.000010
0.446843 0.012563 0.000010 0.023047 0.000010 0.060459 0.038708 0.285627 0.132732
0.465121 0.000010 0.022647 0.000010 0.000010 0.000010 0.026261 0.343724 0.142207
0.472143 0.000010 0.000011 0.000010 0.011312 0.006493 0.104977 0.320571 0.084473
0.548570 0.034899 0.040492 0.126871 0.000010 0.000010 0.020301 0.155843 0.073004
0.681563 0.000010 0.042337 0.000010 0.000010 0.000010 0.000010 0.241150 0.034900
0.706048 0.000010 0.000010 0.091328 0.000010 0.000010 0.004580 0.127488 0.070517
0.593493 0.000010 0.000010 0.000010 0.000010 0.001270 0.028394 0.165955 0.210849
0.000010 0.000010 0.109246 0.058579 0.003374 0.125878 0.046240 0.000010 0.656654
0.314739 0.000010 0.014621 0.191449 0.000010 0.080179 0.090244 0.127231 0.181517
0.712601 0.000010 0.009386 0.000010 0.000010 0.027734 0.034996 0.133606 0.081647
0.550504 0.000010 0.000010 0.178182 0.000010 0.000010 0.047489 0.186861 0.036925
0.563001 0.036604 0.004284 0.065121 0.000010 0.049951 0.000010 0.208794 0.072224
0.507699 0.000010 0.000010 0.014911 0.000010 0.022908 0.034342 0.307031 0.113079
0.613710 0.000010 0.000010 0.000010 0.000010 0.054575 0.074394 0.125685 0.131596
0.331595 0.033896 0.089023 0.151073 0.000010 0.080789 0.012808 0.215740 0.085067
0.566697 0.060027 0.000010 0.000010 0.009139 0.000010 0.000010 0.260073 0.104024
0.743627 0.000010 0.062905 0.000010 0.000010 0.000010 0.000010 0.193408 0.000010
0.783752 0.025064 0.029260 0.000010 0.000010 0.000010 0.000010 0.161874 0.000010
0.582758 0.050444 0.000010 0.068870 0.000010 0.000010 0.000010 0.183673 0.114215
0.395629 0.029568 0.000010 0.082288 0.122702 0.049623 0.003108 0.317062 0.000010
0.555056 0.000981 0.000010 0.000010 0.000010 0.025779 0.085604 0.142645 0.189905
0.611651 0.000010 0.000010 0.094046 0.065587 0.000010 0.000010 0.176083 0.052593
0.523033 0.000010 0.072131 0.100323 0.007354 0.000010 0.014656 0.282473 0.000010
0.682171 0.000010 0.000010 0.000010 0.000010 0.000010 0.006323 0.260988 0.050469
0.529405 0.000010 0.060533 0.110013 0.010272 0.000010 0.000010 0.124314 0.165433
0.494077 0.071398 0.045442 0.000010 0.000010 0.000010 0.000010 0.253517 0.135526
0.649369 0.000010 0.057997 0.000010 0.000010 0.079545 0.002292 0.181756 0.029012
0.471945 0.000010 0.000010 0.012922 0.000010 0.000010 0.006147 0.304453 0.204494
0.612098 0.067237 0.002702 0.000010 0.000010 0.000010 0.081571 0.161880 0.074482
0.464789 0.039521 0.052480 0.000010 0.000010 0.072504 0.059696 0.167810 0.143181
0.671957 0.000010 0.000010 0.011710 0.000010 0.000010 0.000010 0.223176 0.093107
0.590627 0.031512 0.116479 0.005854 0.000010 0.073387 0.009737 0.088834 0.083560
0.664697 0.000010 0.000010 0.032834 0.000010 0.000010 0.000010 0.274115 0.028304
0.653598 0.063206 0.074649 0.016886 0.000010 0.000010 0.000010 0.143598 0.048033
0.715607 0.058159 0.000010 0.029612 0.000010 0.000010 0.000010 0.163052 0.033531
0.713634 0.088752 0.000328 0.000010 0.000010 0.019185 0.015833 0.135906 0.026343
0.606451 0.080343 0.000010 0.000010 0.000010 0.000010 0.015209 0.180342 0.117615
0.726348 0.114244 0.000010 0.000010 0.000010 0.000010 0.000010 0.097354 0.062003
0.557119 0.000010 0.000010 0.023939 0.120288 0.075441 0.000010 0.162394 0.060789
0.005279 0.000010 0.000010 0.000010 0.800017 0.010845 0.183809 0.000010 0.000010
0.000010 0.013171 0.000010 0.000010 0.806160 0.000010 0.180609 0.000010 0.000010
0.000010 0.000010 0.000010 0.000010 0.910999 0.000010 0.088931 0.000010 0.000010
0.000010 0.000904 0.000010 0.062409 0.834544 0.000010 0.102093 0.000010 0.000010
0.000010 0.000010 0.000010 0.000016 0.903603 0.000010 0.096321 0.000010 0.000010
0.000010 0.000010 0.000010 0.000010 0.826596 0.000010 0.173334 0.000010 0.000010
0.000010 0.000010 0.010593 0.071780 0.727291 0.019768 0.170528 0.000010 0.000010
0.572942 0.000010 0.052611 0.112062 0.020640 0.003763 0.024025 0.142268 0.071679
0.666019 0.020007 0.052705 0.205356 0.042984 0.000010 0.012899 0.000010 0.000010
0.516919 0.031593 0.040818 0.242868 0.031909 0.000010 0.000010 0.135863 0.000010
0.518597 0.033451 0.004519 0.215203 0.004942 0.002100 0.032317 0.188862 0.000010
0.528287 0.000010 0.040882 0.193866 0.011549 0.002867 0.023534 0.198996 0.000010
0.650240 0.136760 0.000010 0.175529 0.000010 0.000010 0.025757 0.011674 0.000010
0.539035 0.000010 0.000010 0.211501 0.046739 0.000010 0.045988 0.091355 0.065352
0.503899 0.000010 0.076347 0.206350 0.000010 0.034059 0.000010 0.172111 0.007203
0.511854 0.194652 0.035939 0.239174 0.000010 0.002743 0.015609 0.000010 0.000010
0.575509 0.003078 0.000010 0.121786 0.077941 0.029198 0.072190 0.120278 0.000010
0.392090 0.076937 0.000010 0.202932 0.000010 0.000010 0.000010 0.280830 0.047171
0.535584 0.000010 0.000010 0.054397 0.000010 0.000010 0.000010 0.299771 0.110198
0.540241 0.000010 0.000010 0.074768 0.000010 0.000010 0.028417 0.311380 0.045154
0.541968 0.000626 0.074596 0.140397 0.000010 0.000010 0.000010 0.184282 0.058101
0.702991 0.000010 0.100932 0.034215 0.016949 0.000010 0.001749 0.041336 0.101808
0.629468 0.000010 0.001694 0.000010 0.036456 0.000010 0.018805 0.241541 0.072005
0.615682 0.000010 0.108357 0.068505 0.000010 0.018626 0.000010 0.120961 0.067840
0.666252 0.000010 0.092362 0.063465 0.000010 0.038623 0.000010 0.139259 0.000010
0.534363 0.056096 0.048193 0.065549 0.000010 0.000010 0.000010 0.242725 0.053043
0.600645 0.002374 0.000010 0.040902 0.004114 0.015883 0.000010 0.336052 0.000010
0.620518 0.041551 0.102274 0.000010 0.000010 0.000010 0.005543 0.125141 0.104943
0.490673 0.006023 0.019718 0.042379 0.000010 0.000010 0.000010 0.321476 0.119700
0.478956 0.065289 0.037215 0.164320 0.000010 0.015621 0.000010 0.180147 0.058433
0.527123 0.000010 0.000010 0.029905 0.040958 0.000010 0.015820 0.280662 0.105503
0.562183 0.016910 0.000010 0.000010 0.000010 0.016150 0.000010 0.238735 0.165981
0.513494 0.000010 0.014485 0.129637 0.000010 0.000010 0.021024 0.242529 0.078802
0.576817 0.000010 0.000010 0.000010 0.012512 0.000010 0.066545 0.257417 0.086669
0.611802 0.000010 0.000010 0.000010 0.014298 0.000010 0.050025 0.207268 0.116567
0.600760 0.094602 0.000010 0.044971 0.000010 0.023679 0.009119 0.215340 0.011509
0.472690 0.000010 0.000010 0.047774 0.072730 0.000010 0.011738 0.383131 0.011907
0.569809 0.000010 0.066242 0.000010 0.019468 0.013876 0.008581 0.210224 0.111780
0.616714 0.000010 0.055858 0.000010 0.000010 0.066771 0.025919 0.086824 0.147885
0.585334 0.000010 0.000010 0.000724 0.000010 0.000010 0.000010 0.413882 0.000010
0.449831 0.145461 0.000010 0.000010 0.083439 0.058532 0.000010 0.168794 0.093912
0.672151 0.116488 0.000010 0.000010 0.000010 0.000010 0.002285 0.092609 0.116427
0.000010 0.808092 0.173781 0.000010 0.000010 0.018068 0.000010 0.000010 0.000010
0.022238 0.581180 0.122637 0.136761 0.000422 0.076974 0.000010 0.016343 0.043435
0.000010 0.858064 0.000010 0.014091 0.007403 0.000010 0.000010 0.120392 0.000010
0.000010 0.828013 0.046943 0.051838 0.000010 0.000010 0.073156 0.000010 0.000010
0.000010 0.059588 0.363073 0.000010 0.178907 0.000010 0.371728 0.026663 0.000010
0.000010 0.000010 0.599808 0.000010 0.000010 0.000010 0.400122 0.000010 0.000010
0.143300 0.000013 0.526608 0.000010 0.000010 0.000010 0.330028 0.000010 0.000010
0.000010 0.000010 0.534420 0.085727 0.066353 0.000010 0.238486 0.074974 0.000010
0.134088 0.055297 0.224698 0.000010 0.223235 0.000010 0.299339 0.063313 0.000010
0.016808 0.000010 0.605552 0.000010 0.079660 0.000010 0.198056 0.099884 0.000010
0.046330 0.010941 0.407212 0.006179 0.037247 0.024006 0.407784 0.060290 0.000010
0.000010 0.027673 0.509087 0.018921 0.111882 0.003053 0.275135 0.054230 0.000010
0.005133 0.015596 0.401130 0.000010 0.071698 0.000010 0.442239 0.064175 0.000010
0.031845 0.129311 0.307645 0.000010 0.089407 0.022760 0.394601 0.008429 0.015992
0.491993 0.081603 0.035333 0.000010 0.000010 0.000010 0.033446 0.292709 0.064886
0.446716 0.041962 0.000010 0.000010 0.000010 0.012677 0.089938 0.296754 0.111924
0.465751 0.015395 0.062337 0.185512 0.000010 0.034410 0.041694 0.194882 0.000010
0.521272 0.000010 0.000010 0.041923 0.000010 0.062946 0.000010 0.304894 0.068925
0.592861 0.055360 0.000010 0.000010 0.000010 0.010701 0.000010 0.256470 0.084568
0.442534 0.000010 0.029406 0.163379 0.000010 0.000010 0.058943 0.305697 0.000010
0.598554 0.000010 0.014535 0.095519 0.000010 0.029283 0.000010 0.249988 0.012091
0.537716 0.037647 0.000010 0.092010 0.050210 0.000010 0.000010 0.249500 0.032887
0.617369 0.000010 0.047668 0.000010 0.000010 0.000010 0.000010 0.240080 0.094833
0.627335 0.018000 0.000010 0.025125 0.000010 0.000010 0.000010 0.286365 0.043135
0.594339 0.065455 0.000010 0.040554 0.000010 0.000010 0.000010 0.299586 0.000027
0.541408 0.000010 0.020469 0.000010 0.000010 0.000010 0.030262 0.252321 0.155500
0.522018 0.024601 0.000010 0.056621 0.000010 0.069184 0.049280 0.278266 0.000010
0.531934 0.000010 0.000010 0.054061 0.000010 0.045870 0.025666 0.229024 0.113415
0.530113 0.017393 0.000010 0.116465 0.011447 0.086548 0.000010 0.238004 0.000010
0.504971 0.014866 0.000010 0.097675 0.000010 0.122897 0.082516 0.105647 0.071407
0.601943 0.008529 0.023249 0.000010 0.000010 0.010702 0.000010 0.134443 0.221104
0.744394 0.032363 0.000010 0.000010 0.000010 0.000010 0.011291 0.211902 0.000010
0.614528 0.045999 0.051509 0.000010 0.000010 0.000010 0.000010 0.153226 0.134698
0.465215 0.000010 0.067968 0.017652 0.000010 0.057735 0.060869 0.134786 0.195755
0.458289 0.042356 0.077639 0.137585 0.000010 0.000010 0.000010 0.233398 0.050703
0.051289 0.000010 0.490532 0.000010 0.107975 0.000010 0.303098 0.047066 0.000010
0.000010 0.000010 0.793714 0.000010 0.074631 0.000010 0.131595 0.000010 0.000010
0.000010 0.013637 0.673986 0.000010 0.000010 0.000010 0.312317 0.000010 0.000010
0.000010 0.053248 0.489069 0.000010 0.071830 0.010178 0.327256 0.043342 0.005057
0.000010 0.027748 0.576392 0.000010 0.028047 0.000010 0.367758 0.000016 0.000010
0.060101 0.070992 0.552274 0.000010 0.014628 0.000010 0.240347 0.000010 0.061628
0.000010 0.022120 0.610355 0.000010 0.000010 0.000010 0.367465 0.000010 0.000010
0.000010 0.000010 0.685048 0.000010 0.000010 0.009795 0.305097 0.000010 0.000010
0.061388 0.112309 0.592161 0.000010 0.013978 0.013349 0.174102 0.011862 0.020840
0.000010 0.000010 0.732564 0.000010 0.059329 0.000010 0.208047 0.000010 0.000010
0.000010 0.076448 0.618420 0.036916 0.000010 0.000010 0.235940 0.032235 0.000010
0.000010 0.014308 0.607401 0.000010 0.000010 0.000010 0.378230 0.000010 0.000010
0.000010 0.000010 0.692681 0.000010 0.000010 0.000010 0.307249 0.000010 0.000010
0.000010 0.068896 0.624178 0.000010 0.017455 0.000010 0.178626 0.110805 0.000010
0.000010 0.114600 0.478808 0.053159 0.035088 0.000010 0.308503 0.009811 0.000010
0.000010 0.000010 0.653639 0.000010 0.067814 0.000010 0.278487 0.000010 0.000010
0.000010 0.051332 0.631903 0.015681 0.036355 0.000010 0.264689 0.000010 0.000010
0.000010 0.043677 0.665203 0.000010 0.000010 0.000010 0.275169 0.015901 0.000010
0.000010 0.038076 0.672040 0.000010 0.000010 0.000010 0.204062 0.085772 0.000010
0.112956 0.013201 0.600814 0.000010 0.000010 0.022896 0.250093 0.000010 0.000010
0.000010 0.000010 0.681471 0.000010 0.061293 0.000010 0.257176 0.000010 0.000010
0.068333 0.048123 0.629359 0.000010 0.000010 0.000010 0.254135 0.000010 0.000010
0.000010 0.000010 0.630076 0.000010 0.000010 0.000010 0.274735 0.095129 0.000010
0.055499 0.042886 0.696943 0.009212 0.000010 0.000010 0.174106 0.019092 0.002241
0.000010 0.053417 0.618215 0.000010 0.047409 0.000010 0.269898 0.000010 0.011020
0.000010 0.000010 0.607054 0.000010 0.000010 0.004135 0.352678 0.036083 0.000010
0.000010 0.072840 0.533432 0.000010 0.000010 0.000010 0.393669 0.000010 0.000010
0.000010 0.031364 0.714648 0.000010 0.006964 0.000010 0.234128 0.009973 0.002893
0.000010 0.000010 0.591830 0.044136 0.000010 0.000010 0.335875 0.022362 0.005756
0.000010 0.000010 0.563415 0.000010 0.044217 0.000010 0.392308 0.000010 0.000010
0.000010 0.057435 0.534769 0.000010 0.000010 0.031309 0.339082 0.019692 0.017682
0.000010 0.000010 0.808658 0.000010 0.000010 0.000010 0.191272 0.000010 0.000010
0.000010 0.034827 0.552068 0.000010 0.000010 0.000010 0.413045 0.000010 0.000010
0.015907 0.000010 0.682543 0.000010 0.000010 0.000010 0.301490 0.000010 0.000010
0.000010 0.000010 0.764545 0.000010 0.015793 0.012387 0.207225 0.000010 0.000010
0.039896 0.000010 0.635569 0.004006 0.069275 0.000010 0.231206 0.000010 0.020017
0.000010 0.000010 0.601584 0.000010 0.000010 0.000010 0.398346 0.000010 0.000010
0.000010 0.000010 0.498125 0.015316 0.000010 0.031003 0.399246 0.050683 0.005595
0.000010 0.047191 0.483921 0.000010 0.070300 0.000010 0.398537 0.000010 0.000010
0.000010 0.031634 0.000010 0.000010 0.860991 0.000010 0.107315 0.000010 0.000010
0.000010 0.000010 0.000010 0.000010 0.857393 0.000010 0.142537 0.000010 0.000010
0.000010 0.006959 0.689390 0.000010 0.031402 0.029069 0.243140 0.000010 0.000010
0.012752 0.120827 0.577325 0.000010 0.000010 0.002474 0.286582 0.000010 0.000010
0.434062 0.009239 0.001996 0.234628 0.000010 0.044728 0.071579 0.203746 0.000010
0.512902 0.000010 0.000010 0.248843 0.038822 0.041783 0.018921 0.117578 0.021132
0.438088 0.000010 0.104828 0.330110 0.050446 0.000010 0.000010 0.019610 0.056889
0.398603 0.093761 0.000010 0.231774 0.000010 0.011315 0.000010 0.264508 0.000010
0.321029 0.089361 0.000010 0.337000 0.000010 0.000010 0.000010 0.252560 0.000010
0.392004 0.132123 0.000010 0.318074 0.000010 0.000010 0.000010 0.125640 0.032119
0.453017 0.075129 0.023855 0.223065 0.000010 0.000010 0.000010 0.224895 0.000010
0.329537 0.063562 0.016243 0.307965 0.000010 0.000010 0.103675 0.178987 0.000010
0.555958 0.000010 0.225135 0.115882 0.008528 0.004379 0.008131 0.081967 0.000010
0.316722 0.000010 0.034918 0.395648 0.045139 0.000010 0.000010 0.207533 0.000010
0.329857 0.038990 0.119096 0.365376 0.000010 0.000010 0.000010 0.108113 0.038537
0.355193 0.000010 0.000010 0.322918 0.000010 0.000010 0.000010 0.321829 0.000010
0.322712 0.000010 0.082748 0.435846 0.034662 0.000010 0.019968 0.071665 0.032380
0.000010 0.000010 0.570065 0.000010 0.035244 0.000010 0.394631 0.000010 0.000010
0.000010 0.018192 0.639666 0.000010 0.000010 0.000082 0.315807 0.024036 0.002188
0.000010 0.000894 0.724789 0.000010 0.000010 0.026989 0.238504 0.000010 0.008784
0.000010 0.010255 0.543268 0.000010 0.000010 0.000010 0.438659 0.007768 0.000010
0.000010 0.000010 0.673108 0.000010 0.000010 0.025029 0.266046 0.000010 0.035767
0.000010 0.051308 0.592245 0.000010 0.000010 0.020082 0.336315 0.000010 0.000010
0.000010 0.000010 0.601954 0.010783 0.050793 0.000010 0.336421 0.000010 0.000010
0.000010 0.001887 0.683906 0.000010 0.000010 0.000010 0.286739 0.027417 0.000010
0.000010 0.000010 0.624097 0.000010 0.034217 0.004095 0.299056 0.038496 0.000010
0.000010 0.000010 0.630586 0.000010 0.000010 0.048133 0.321221 0.000010 0.000010
0.000010 0.005057 0.582946 0.000010 0.000010 0.000010 0.353691 0.058256 0.000010
0.000010 0.000010 0.674545 0.000010 0.068614 0.000010 0.256781 0.000010 0.000010
