0.408897 0.053984 0.012658 0.029321 0.001896 0.000010 0.068427 0.341255 0.083551
0.333966 0.048742 0.042354 0.053456 0.000010 0.000010 0.139843 0.331303 0.050315
0.352640 0.000010 0.041826 0.066603 0.041809 0.002070 0.000010 0.462875 0.032157
0.433921 0.000010 0.000020 0.000010 0.000010 0.012778 0.047355 0.505885 0.000010
0.268671 0.030166 0.082566 0.023323 0.000010 0.000010 0.062907 0.532338 0.000010
0.176672 0.075564 0.050347 0.000010 0.000010 0.139819 0.067481 0.177629 0.312468
0.370223 0.000010 0.010153 0.035752 0.032591 0.000010 0.065250 0.486001 0.000010
0.125119 0.075836 0.000010 0.140658 0.082474 0.080814 0.075171 0.419909 0.000010
0.333666 0.000857 0.013972 0.107767 0.000010 0.000010 0.118611 0.425097 0.000010
0.371678 0.000010 0.000010 0.132523 0.000010 0.000010 0.089933 0.293954 0.111872
0.313493 0.043275 0.000010 0.105074 0.000010 0.000010 0.048015 0.490102 0.000010
0.231542 0.064309 0.000010 0.103056 0.000010 0.021334 0.177307 0.402422 0.000010
0.078000 0.000010 0.139889 0.096826 0.000010 0.000010 0.145702 0.428138 0.111414
0.004546 0.000010 0.000010 0.100321 0.046180 0.114118 0.204777 0.283631 0.246406
0.414809 0.000010 0.000010 0.119764 0.000010 0.000010 0.057980 0.309128 0.098278
0.354906 0.105135 0.000010 0.000010 0.035365 0.000010 0.056070 0.353298 0.095196
0.374987 0.000010 0.000010 0.157254 0.032902 0.000010 0.035532 0.373666 0.025630
0.336899 0.081365 0.000010 0.000010 0.000010 0.076984 0.054326 0.325961 0.124435
0.373443 0.037991 0.000010 0.122537 0.036969 0.000010 0.111722 0.254823 0.062496
0.346281 0.034646 0.000010 0.000490 0.017935 0.000010 0.056103 0.469399 0.075126
0.399465 0.061482 0.000010 0.000010 0.000010 0.038485 0.000010 0.466061 0.034466
0.375026 0.118627 0.000010 0.073675 0.000010 0.088101 0.000010 0.344532 0.000010
0.341053 0.012287 0.000010 0.046179 0.000010 0.000010 0.107861 0.492580 0.000010
0.297571 0.000010 0.000010 0.000010 0.000010 0.037376 0.164232 0.489552 0.011229
0.197196 0.039887 0.115668 0.012887 0.000010 0.000010 0.085993 0.536741 0.011609
0.317508 0.000010 0.032922 0.168091 0.000010 0.037673 0.066205 0.377573 0.000010
0.331807 0.000010 0.069889 0.041693 0.000010 0.000010 0.065767 0.405465 0.085350
0.426146 0.000010 0.033602 0.061847 0.000010 0.002863 0.065849 0.347000 0.062673
0.297989 0.084301 0.030216 0.000010 0.000010 0.000010 0.164477 0.422978 0.000010
0.358809 0.000010 0.000010 0.036618 0.011189 0.000010 0.029694 0.419115 0.144546
0.350754 0.027586 0.000020 0.000010 0.000010 0.000010 0.098544 0.523056 0.000010
0.336371 0.048549 0.003756 0.158473 0.000010 0.000010 0.041379 0.309749 0.101703
0.364124 0.062591 0.000017 0.000010 0.000010 0.000010 0.080792 0.492436 0.000010
0.528174 0.001803 0.037316 0.000010 0.000010 0.000010 0.041960 0.323465 0.067251
0.321395 0.000010 0.000010 0.000010 0.062115 0.000010 0.040221 0.551617 0.024612
0.384293 0.100296 0.000010 0.085563 0.000010 0.000010 0.093892 0.335915 0.000010
0.312530 0.000010 0.023267 0.157204 0.000010 0.070733 0.000010 0.436226 0.000010
0.110510 0.075049 0.087955 0.205811 0.000010 0.024192 0.000010 0.262901 0.233562
0.268016 0.100439 0.002746 0.063389 0.016651 0.085218 0.000010 0.217771 0.245760
0.230108 0.031147 0.000010 0.128487 0.000010 0.000010 0.080607 0.497728 0.031892
0.296980 0.000010 0.103632 0.186117 0.022929 0.000010 0.002313 0.387998 0.000010
0.255676 0.005532 0.005515 0.139153 0.000010 0.000010 0.209173 0.379985 0.004945
0.300906 0.112764 0.000010 0.078230 0.064057 0.021707 0.021618 0.400264 0.000442
0.411159 0.001348 0.000010 0.000010 0.070710 0.099197 0.107006 0.310550 0.000010
0.187025 0.070572 0.027780 0.000010 0.114490 0.000010 0.147852 0.441880 0.010381
0.193160 0.102188 0.073896 0.000010 0.000010 0.000010 0.056160 0.488970 0.085597
0.264170 0.000010 0.070877 0.133372 0.000010 0.000010 0.121194 0.406252 0.004104
0.287949 0.000010 0.026521 0.000482 0.141955 0.015414 0.046460 0.444727 0.036483
0.213275 0.008880 0.261459 0.000010 0.124660 0.000010 0.139538 0.252158 0.000010
0.174253 0.115659 0.285355 0.088814 0.029224 0.000010 0.000010 0.306665 0.000010
0.028164 0.000010 0.531417 0.176043 0.000010 0.001468 0.067419 0.130968 0.064500
0.080119 0.065044 0.505105 0.106902 0.046498 0.000010 0.105528 0.090783 0.000010
0.279047 0.030338 0.166384 0.097905 0.000010 0.000010 0.000010 0.367500 0.058798
0.300120 0.000010 0.340550 0.000560 0.011903 0.000010 0.051118 0.295719 0.000010
0.242104 0.000010 0.255836 0.000010 0.048515 0.000010 0.040193 0.413311 0.000010
0.090522 0.000010 0.413785 0.094992 0.070959 0.000010 0.185678 0.103156 0.040887
0.192176 0.126895 0.347540 0.000010 0.017412 0.000010 0.000010 0.242917 0.073029
0.223971 0.000010 0.208098 0.057804 0.037892 0.000010 0.117280 0.354925 0.000010
0.145924 0.196166 0.322737 0.028732 0.000010 0.000010 0.111293 0.195118 0.000010
0.266211 0.000010 0.336073 0.143549 0.073960 0.000010 0.031014 0.147064 0.002110
0.195497 0.000010 0.283593 0.075930 0.000010 0.000010 0.077718 0.367222 0.000010
0.157483 0.055463 0.113313 0.148632 0.050292 0.000010 0.105862 0.368935 0.000010
0.181223 0.090812 0.498326 0.000010 0.000010 0.000010 0.086467 0.143131 0.000010
0.224997 0.000014 0.418429 0.000010 0.000010 0.000010 0.116491 0.240028 0.000010
0.141068 0.058876 0.575866 0.076005 0.000010 0.022743 0.113869 0.000010 0.011552
0.208232 0.013875 0.332323 0.111879 0.000017 0.000010 0.025670 0.277303 0.030691
0.021533 0.101718 0.512888 0.107342 0.000010 0.000010 0.002756 0.252636 0.001106
0.133004 0.043517 0.270401 0.134989 0.255148 0.000014 0.061949 0.100968 0.000010
0.246719 0.000010 0.417593 0.000010 0.048989 0.000010 0.086045 0.200613 0.000010
0.237602 0.000010 0.222981 0.108729 0.000010 0.000010 0.110976 0.319672 0.000010
0.200672 0.020796 0.007502 0.063404 0.026834 0.129672 0.089795 0.408997 0.052328
0.328043 0.098751 0.003616 0.152095 0.020801 0.093393 0.059186 0.244105 0.000010
0.248200 0.000010 0.000010 0.008890 0.000010 0.051830 0.047227 0.622451 0.021371
0.347464 0.000010 0.043285 0.000010 0.045893 0.000010 0.099219 0.457398 0.006711
0.358555 0.000010 0.048948 0.196539 0.000010 0.000010 0.070385 0.325532 0.000010
0.356029 0.024387 0.032939 0.161477 0.000010 0.000010 0.037909 0.387230 0.000010
0.311852 0.000010 0.033961 0.070737 0.000010 0.000010 0.107151 0.422225 0.054044
0.173218 0.043953 0.009099 0.067367 0.000010 0.100169 0.033203 0.242536 0.330446
0.378698 0.040678 0.012859 0.088986 0.056900 0.000010 0.076676 0.281421 0.063772
0.259352 0.008325 0.049967 0.025071 0.000010 0.041502 0.159168 0.439926 0.016679
0.179566 0.036483 0.020345 0.099947 0.000010 0.000010 0.124085 0.514782 0.024773
0.120584 0.000010 0.175546 0.193669 0.000010 0.000010 0.068532 0.441629 0.000010
0.301554 0.000010 0.038060 0.062778 0.001882 0.069090 0.070820 0.445681 0.010124
0.362169 0.000013 0.000010 0.180067 0.004098 0.000010 0.002806 0.357959 0.092868
0.224015 0.017840 0.106788 0.117826 0.000010 0.072212 0.041077 0.306464 0.113769
0.262218 0.021819 0.053148 0.126948 0.035998 0.000010 0.019937 0.462672 0.017249
0.154616 0.000010 0.092444 0.081521 0.014483 0.000010 0.041948 0.355456 0.259512
0.257262 0.050779 0.076141 0.087016 0.012463 0.000010 0.130184 0.386136 0.000010
0.225871 0.035315 0.022195 0.017013 0.051138 0.031174 0.044460 0.394709 0.178125
0.058120 0.000010 0.060800 0.224567 0.002806 0.106265 0.000010 0.405073 0.142348
0.280814 0.083363 0.122726 0.076039 0.000010 0.000010 0.000010 0.322508 0.114520
0.262413 0.000010 0.000010 0.024109 0.000010 0.039748 0.069316 0.505702 0.098681
0.324788 0.000010 0.099871 0.032829 0.000010 0.019216 0.018498 0.460049 0.044729
0.331524 0.057626 0.000010 0.042216 0.013280 0.000010 0.000010 0.501070 0.054254
0.349163 0.000010 0.051370 0.039722 0.000010 0.024256 0.067839 0.467621 0.000010
0.190637 0.092773 0.000010 0.000010 0.000010 0.024303 0.130739 0.525120 0.036398
0.176647 0.013078 0.013106 0.003210 0.044871 0.003869 0.156651 0.476962 0.111606
0.102499 0.027153 0.007410 0.000010 0.126288 0.000010 0.124188 0.539679 0.072764
0.043660 0.040721 0.058827 0.090651 0.001657 0.000010 0.247824 0.468384 0.048265
0.115809 0.047692 0.000010 0.090681 0.000541 0.041010 0.190947 0.513300 0.000010
0.118666 0.000010 0.028649 0.065878 0.051341 0.000010 0.042756 0.213466 0.479225
0.235000 0.054788 0.024753 0.005555 0.000010 0.000010 0.111861 0.379774 0.188250
0.044237 0.000010 0.000010 0.118192 0.102272 0.024957 0.177074 0.509165 0.024083
0.247991 0.035541 0.002183 0.101931 0.114730 0.000010 0.065505 0.374509 0.057600
0.205743 0.041569 0.000010 0.147987 0.000010 0.000010 0.149588 0.378218 0.076865
0.290992 0.000010 0.000010 0.000010 0.000010 0.019444 0.118597 0.500889 0.070039
0.266857 0.041921 0.007090 0.073353 0.057231 0.014860 0.039438 0.445127 0.054123
0.314982 0.000010 0.028653 0.009239 0.000010 0.000010 0.025132 0.589148 0.032816
0.092262 0.049601 0.000010 0.057413 0.000013 0.000010 0.345518 0.455163 0.000010
0.182932 0.031646 0.128988 0.124211 0.057207 0.000010 0.061433 0.413563 0.000010
0.219472 0.034903 0.000010 0.041231 0.032658 0.000010 0.207815 0.417450 0.046452
0.130361 0.029947 0.007689 0.065798 0.082421 0.013532 0.176612 0.493630 0.000010
0.131150 0.000010 0.111057 0.000010 0.157832 0.000010 0.080145 0.519776 0.000010
0.390816 0.020287 0.000010 0.000010 0.000010 0.003990 0.127093 0.457774 0.000010
0.041997 0.000010 0.016800 0.105159 0.035437 0.009252 0.187337 0.579534 0.024472
0.321601 0.032116 0.040422 0.000010 0.002544 0.000010 0.076735 0.526552 0.000010
0.268939 0.070449 0.017032 0.031300 0.000010 0.000558 0.080377 0.531325 0.000010
0.400592 0.007577 0.000010 0.098252 0.064843 0.029894 0.114281 0.284542 0.000010
0.157338 0.100357 0.013183 0.043961 0.037692 0.000010 0.174708 0.456450 0.016300
0.104510 0.081971 0.000010 0.142995 0.053552 0.000010 0.000010 0.525895 0.091047
0.443546 0.000010 0.020429 0.001655 0.071604 0.022612 0.000010 0.404894 0.035240
0.415421 0.094886 0.000010 0.009865 0.000010 0.037459 0.050790 0.378567 0.012992
0.462113 0.023149 0.026919 0.127508 0.016468 0.000010 0.000010 0.295661 0.048162
0.128677 0.103096 0.052518 0.000010 0.056204 0.023109 0.213822 0.417775 0.004789
0.372830 0.012344 0.090579 0.000010 0.000010 0.000010 0.140543 0.383664 0.000010
0.277541 0.088886 0.011340 0.093692 0.000015 0.000010 0.159578 0.368927 0.000010
0.040359 0.000010 0.063435 0.087272 0.000010 0.069432 0.178628 0.560844 0.000010
0.203210 0.047488 0.000010 0.191688 0.060726 0.000010 0.113166 0.361485 0.022217
0.236377 0.033278 0.000010 0.057369 0.015128 0.043665 0.115418 0.498745 0.000010
0.327871 0.000010 0.050426 0.010147 0.007638 0.000010 0.069229 0.534660 0.000010
0.183693 0.000010 0.000010 0.000010 0.050689 0.007262 0.236457 0.518095 0.003774
0.151063 0.003129 0.003815 0.009163 0.083745 0.000010 0.180317 0.568748 0.000010
0.262850 0.030611 0.060645 0.206340 0.118224 0.000010 0.077913 0.243397 0.000010
0.242248 0.047471 0.009456 0.291144 0.000010 0.039579 0.025208 0.344873 0.000010
0.081606 0.000010 0.097455 0.175746 0.013334 0.000010 0.064585 0.567244 0.000010
0.293960 0.000010 0.002236 0.013218 0.116934 0.000010 0.121016 0.407186 0.045430
0.232396 0.000010 0.000010 0.000010 0.000010 0.061192 0.151076 0.555285 0.000010
0.177334 0.171552 0.021788 0.000010 0.000010 0.000010 0.285660 0.343627 0.000010
0.258330 0.000010 0.045803 0.105707 0.033139 0.000010 0.066574 0.490417 0.000010
0.108565 0.141702 0.000010 0.000010 0.076110 0.000010 0.202582 0.471000 0.000010
0.255497 0.119233 0.000010 0.129655 0.000010 0.000010 0.000010 0.426377 0.069198
0.283455 0.080094 0.000010 0.000010 0.000010 0.000010 0.091683 0.515170 0.029558
0.107789 0.000010 0.096909 0.149275 0.000010 0.000010 0.106373 0.539614 0.000010
0.268276 0.087808 0.000010 0.022477 0.045411 0.000010 0.083626 0.489412 0.002970
0.223972 0.060398 0.000010 0.135371 0.014360 0.013307 0.148834 0.403738 0.000010
0.154850 0.000010 0.114055 0.019656 0.057942 0.000010 0.084477 0.568991 0.000010
0.368521 0.072210 0.000010 0.041637 0.028684 0.000010 0.123767 0.365150 0.000010
0.242211 0.037525 0.128701 0.107612 0.000010 0.000010 0.043278 0.440644 0.000010
0.252022 0.000010 0.085680 0.116454 0.000010 0.000010 0.044661 0.405377 0.095776
0.343699 0.060630 0.044260 0.154823 0.000010 0.000010 0.000010 0.396547 0.000010
0.220919 0.017638 0.073106 0.173486 0.050263 0.000010 0.005121 0.459447 0.000010
0.334426 0.000010 0.000010 0.164770 0.020451 0.000010 0.031964 0.448350 0.000010
0.177674 0.095205 0.035197 0.058586 0.000010 0.000010 0.171756 0.420383 0.041180
0.193013 0.099739 0.000010 0.123863 0.092759 0.058239 0.062115 0.330066 0.040195
0.141351 0.094477 0.057554 0.094462 0.025987 0.022318 0.040093 0.523749 0.000010
0.280284 0.061756 0.004354 0.000010 0.062530 0.001546 0.168377 0.414748 0.006395
0.243450 0.018991 0.133033 0.150524 0.056455 0.002500 0.000010 0.395028 0.000010
0.242530 0.010505 0.000010 0.096374 0.000010 0.000010 0.219343 0.398850 0.032367
0.372753 0.076139 0.000010 0.000010 0.026843 0.034345 0.025859 0.464030 0.000010
0.224440 0.041410 0.011783 0.130351 0.000010 0.000010 0.017461 0.565817 0.008718
0.153234 0.129665 0.000010 0.124450 0.000010 0.043016 0.115455 0.434150 0.000010
0.372108 0.004187 0.000010 0.168320 0.000010 0.000010 0.094328 0.361016 0.000010
0.199845 0.127801 0.147166 0.095070 0.000010 0.000010 0.232839 0.197249 0.000010
0.179902 0.128448 0.071378 0.181650 0.000010 0.000010 0.035941 0.402651 0.000010
0.179812 0.000010 0.131820 0.069748 0.000010 0.014073 0.155377 0.449140 0.000010
0.109394 0.000013 0.000010 0.064659 0.053572 0.000010 0.200384 0.571948 0.000010
0.206530 0.000010 0.088803 0.136751 0.030878 0.000010 0.045673 0.485845 0.005499
0.197106 0.013389 0.025318 0.098728 0.102615 0.000010 0.185012 0.324595 0.053226
0.217659 0.000010 0.082232 0.137277 0.005825 0.000010 0.155205 0.367860 0.033922
0.382168 0.042780 0.000010 0.000010 0.000010 0.021977 0.083083 0.469952 0.000010
0.078715 0.000010 0.169121 0.066627 0.000010 0.014054 0.101722 0.513731 0.056010
0.352406 0.103896 0.009227 0.034307 0.000010 0.000010 0.053908 0.408486 0.037750
0.204925 0.000010 0.033256 0.000010 0.000010 0.001478 0.200459 0.559842 0.000010
0.064527 0.046159 0.131080 0.205937 0.000010 0.048952 0.076721 0.426603 0.000010
0.111423 0.019365 0.163080 0.001467 0.083097 0.001576 0.108865 0.511117 0.000010
0.347738 0.000010 0.027906 0.028469 0.000010 0.042917 0.072413 0.460443 0.020093
0.237691 0.084972 0.054335 0.116699 0.000010 0.000010 0.013108 0.447250 0.045924
0.087872 0.215678 0.000010 0.112269 0.000010 0.035485 0.106009 0.442656 0.000010
0.232302 0.039275 0.056716 0.000010 0.000010 0.000010 0.210511 0.461156 0.000010
0.180857 0.000010 0.174521 0.000010 0.000010 0.015502 0.145430 0.440200 0.043460
0.234388 0.064419 0.100107 0.000010 0.003730 0.000010 0.152464 0.377228 0.067645
0.345763 0.037245 0.006307 0.000010 0.014687 0.014757 0.184714 0.396507 0.000010
0.242462 0.071720 0.131428 0.077334 0.000010 0.007832 0.133318 0.307907 0.027990
0.186890 0.046534 0.040354 0.061539 0.000010 0.000010 0.161480 0.503173 0.000010
0.178009 0.010413 0.000010 0.052696 0.000010 0.000010 0.191521 0.567322 0.000010
0.159683 0.044891 0.317015 0.074724 0.000010 0.000010 0.029365 0.374293 0.000010
0.387196 0.131602 0.023918 0.000010 0.063087 0.000010 0.046948 0.241832 0.105397
0.031607 0.000010 0.000010 0.000010 0.027136 0.466201 0.000010 0.000010 0.475006
0.002099 0.000010 0.000010 0.000010 0.000010 0.527238 0.019256 0.000010 0.451357
0.000010 0.000010 0.000010 0.000010 0.010712 0.466242 0.000010 0.000010 0.522986
0.016828 0.002471 0.000010 0.000010 0.000010 0.331274 0.000010 0.000010 0.649376
0.018798 0.000010 0.000010 0.018005 0.014279 0.333197 0.000010 0.000010 0.615681
0.000010 0.001328 0.000010 0.019648 0.000010 0.338005 0.032262 0.000010 0.608717
0.000017 0.000010 0.000010 0.000010 0.055354 0.506892 0.005833 0.000010 0.431865
0.000010 0.000010 0.000010 0.000010 0.000010 0.326094 0.031971 0.000010 0.641875
0.007796 0.000010 0.000010 0.001721 0.000010 0.473786 0.000010 0.000010 0.516648
0.000010 0.000010 0.000010 0.000010 0.000010 0.246962 0.000010 0.015791 0.737187
0.000010 0.000010 0.000010 0.000010 0.000010 0.400850 0.000010 0.000010 0.599080
0.026326 0.000010 0.000010 0.000010 0.000010 0.235499 0.000010 0.000010 0.738115
0.019834 0.000010 0.000010 0.000010 0.000010 0.532445 0.014231 0.000010 0.433440
0.012683 0.000010 0.000010 0.004862 0.000010 0.532407 0.007382 0.000010 0.442626
0.039497 0.000010 0.000010 0.000010 0.000010 0.376766 0.000010 0.000010 0.583677
0.029483 0.000010 0.000011 0.000011 0.000010 0.375518 0.000010 0.000010 0.594938
0.056226 0.000010 0.000010 0.000010 0.000010 0.374048 0.029548 0.002265 0.537872
0.006729 0.000010 0.000016 0.000010 0.000010 0.643149 0.003982 0.038621 0.307473
0.000010 0.012285 0.000010 0.000010 0.019897 0.546687 0.000010 0.000010 0.421081
0.000010 0.000010 0.000010 0.000010 0.000010 0.368699 0.000010 0.000010 0.631231
0.014983 0.061760 0.000010 0.000010 0.000010 0.455593 0.000010 0.006342 0.461283
0.000010 0.000010 0.000010 0.000010 0.000017 0.308156 0.063743 0.000010 0.628034
0.010528 0.000010 0.000010 0.000010 0.000010 0.362900 0.000010 0.000010 0.626512
0.019945 0.000010 0.000017 0.000010 0.000010 0.600290 0.019016 0.004016 0.356687
0.000010 0.018379 0.025709 0.000010 0.000010 0.246037 0.014824 0.000010 0.695011
0.011064 0.000010 0.000010 0.000010 0.000010 0.593991 0.006738 0.000010 0.388157
0.028704 0.008750 0.000010 0.000010 0.064868 0.358002 0.000010 0.000010 0.539637
0.034066 0.000010 0.000010 0.000010 0.002709 0.382095 0.000010 0.000010 0.581080
0.000010 0.000010 0.010488 0.000010 0.758800 0.032425 0.198237 0.000010 0.000010
0.513183 0.000010 0.000010 0.282252 0.000010 0.000015 0.048131 0.156379 0.000010
0.301189 0.037411 0.000010 0.272661 0.017137 0.000010 0.076773 0.294798 0.000010
0.399554 0.096531 0.000010 0.165675 0.022106 0.000010 0.000010 0.256578 0.059526
0.401907 0.000010 0.053494 0.342194 0.014800 0.000010 0.000010 0.187565 0.000010
0.425497 0.000010 0.000010 0.259100 0.048290 0.000010 0.000010 0.267063 0.000010
0.346526 0.031627 0.009151 0.284961 0.094815 0.008667 0.000013 0.224230 0.000010
0.576821 0.000010 0.095133 0.006453 0.005766 0.000010 0.009907 0.305891 0.000010
0.452619 0.000010 0.000012 0.264614 0.023488 0.000010 0.024569 0.234669 0.000010
0.327055 0.010399 0.036118 0.416167 0.053837 0.000010 0.000010 0.156001 0.000403
0.490489 0.037894 0.000010 0.214121 0.046288 0.000010 0.000010 0.211167 0.000010
0.424333 0.032753 0.000010 0.264647 0.079009 0.000010 0.000010 0.175066 0.024162
0.562002 0.047595 0.000010 0.285441 0.000010 0.014906 0.000010 0.090015 0.000010
0.371372 0.008740 0.020160 0.336003 0.024431 0.018155 0.016725 0.204404 0.000010
0.529934 0.000010 0.000010 0.164313 0.000010 0.013391 0.012834 0.184487 0.095012
0.524951 0.100437 0.012688 0.068028 0.000010 0.000010 0.000010 0.276573 0.017294
0.598609 0.058170 0.018505 0.251308 0.000010 0.000010 0.000010 0.073368 0.000010
0.411382 0.145000 0.039966 0.244997 0.022707 0.000010 0.005970 0.129958 0.000010
0.568827 0.000010 0.046863 0.160789 0.000010 0.000010 0.000010 0.223471 0.000010
0.397479 0.033499 0.000010 0.219327 0.000010 0.032558 0.000010 0.310688 0.006419
0.344238 0.000010 0.072517 0.314652 0.058815 0.000010 0.000010 0.200583 0.009165
0.573191 0.003328 0.000010 0.158691 0.000010 0.000010 0.082179 0.141202 0.041379
0.291444 0.049837 0.042008 0.290373 0.018117 0.023382 0.002125 0.275554 0.007161
0.486983 0.007515 0.000010 0.263149 0.000010 0.057919 0.014110 0.131858 0.038446
0.403855 0.000010 0.000010 0.319139 0.000459 0.000010 0.000010 0.276498 0.000010
0.513775 0.069085 0.000010 0.193212 0.000010 0.000010 0.000010 0.143058 0.080830
0.501873 0.019203 0.000010 0.299905 0.000010 0.000625 0.000010 0.178353 0.000010
0.374783 0.037975 0.113130 0.358808 0.031986 0.001338 0.000388 0.035568 0.046025
0.420768 0.098045 0.000010 0.232644 0.000015 0.000010 0.039909 0.173218 0.035381
0.000010 0.000010 0.000010 0.019649 0.919661 0.000010 0.060629 0.000010 0.000010
0.000013 0.000010 0.053037 0.015296 0.931603 0.000010 0.000010 0.000010 0.000010
0.000010 0.000010 0.032111 0.042736 0.925093 0.000010 0.000010 0.000010 0.000010
0.000012 0.000010 0.000010 0.000010 0.908895 0.012521 0.065210 0.000010 0.013323
0.056995 0.054061 0.026861 0.008078 0.750102 0.000010 0.103873 0.000010 0.000010
0.000010 0.000017 0.040449 0.000010 0.943556 0.000010 0.000010 0.015928 0.000010
0.000010 0.000010 0.018406 0.000013 0.879662 0.000010 0.101869 0.000010 0.000010
0.000012 0.000010 0.048348 0.008671 0.942920 0.000010 0.000010 0.000010 0.000010
0.000010 0.000010 0.000010 0.000010 0.961681 0.000010 0.038249 0.000010 0.000010
0.000010 0.000010 0.000010 0.000010 0.903173 0.000010 0.000010 0.096757 0.000010
0.000010 0.000018 0.000010 0.000010 0.938321 0.000010 0.046701 0.014910 0.000010
0.000010 0.072100 0.058753 0.000010 0.865214 0.000010 0.001019 0.002874 0.000010
0.000010 0.000010 0.000010 0.000010 0.979719 0.000010 0.020211 0.000010 0.000010
0.000010 0.000010 0.000010 0.000010 0.962401 0.000010 0.010588 0.026951 0.000010
0.000010 0.000010 0.000010 0.000010 0.999920 0.000010 0.000010 0.000010 0.000010
0.000010 0.000010 0.000010 0.000010 0.962945 0.016487 0.000010 0.000010 0.020508
0.000010 0.001565 0.010222 0.000010 0.935339 0.034114 0.000010 0.018721 0.000010
0.622983 0.000903 0.000010 0.000010 0.041918 0.000010 0.083884 0.250272 0.000010
0.673889 0.038015 0.000010 0.000010 0.000010 0.000010 0.027575 0.260472 0.000010
0.582750 0.000010 0.000010 0.000010 0.000010 0.004855 0.000010 0.412335 0.000010
0.555006 0.000010 0.007394 0.000010 0.045224 0.000010 0.000010 0.361270 0.031066
0.667136 0.005952 0.110533 0.000010 0.048495 0.009839 0.000010 0.144820 0.013206
0.645981 0.000010 0.002080 0.000010 0.000010 0.009113 0.000010 0.301549 0.041237
0.568832 0.000010 0.000016 0.243608 0.000010 0.000010 0.042575 0.065558 0.079381
0.591264 0.000010 0.000010 0.034726 0.000010 0.000010 0.000010 0.324487 0.049473
0.548063 0.011589 0.000010 0.000010 0.075057 0.000010 0.047785 0.200462 0.117014
0.623724 0.000010 0.060527 0.021034 0.012155 0.036662 0.000010 0.245868 0.000010
0.439413 0.063059 0.010962 0.207571 0.041595 0.021025 0.063216 0.092220 0.060940
0.670308 0.132029 0.000670 0.015564 0.000010 0.000010 0.000010 0.145303 0.036097
0.547108 0.022514 0.000010 0.105208 0.000010 0.035504 0.019922 0.269713 0.000010
0.648198 0.007770 0.018241 0.128333 0.000010 0.000010 0.000010 0.197417 0.000010
0.733013 0.000010 0.000010 0.058083 0.000010 0.029112 0.040715 0.112178 0.026869
0.541996 0.021969 0.000010 0.000010 0.059208 0.000010 0.000010 0.324404 0.052384
0.461258 0.000010 0.000010 0.212081 0.000010 0.000010 0.000010 0.312136 0.014475
0.563899 0.016930 0.000010 0.050421 0.082409 0.000010 0.000010 0.215459 0.070851
0.547946 0.000010 0.004767 0.028893 0.000010 0.000010 0.000010 0.227961 0.190393
0.731986 0.000011 0.059999 0.010881 0.000010 0.000010 0.000010 0.197084 0.000010
0.746755 0.019857 0.011005 0.000010 0.047206 0.000015 0.009924 0.165219 0.000010
0.709411 0.000010 0.000010 0.069015 0.000010 0.000010 0.023912 0.178809 0.018814
0.593553 0.043381 0.000010 0.004009 0.000010 0.000010 0.000010 0.301390 0.057628
0.530000 0.000014 0.000010 0.000010 0.000010 0.000010 0.000010 0.424428 0.045508
0.408473 0.000010 0.000010 0.256395 0.000010 0.000010 0.000010 0.335072 0.000010
0.531491 0.000010 0.000010 0.104468 0.047562 0.000010 0.000010 0.203037 0.113402
0.515903 0.000014 0.000010 0.093674 0.015297 0.033381 0.000010 0.341701 0.000010
0.537761 0.000010 0.074079 0.151814 0.000010 0.034393 0.025906 0.176017 0.000010
0.498007 0.000010 0.079440 0.156722 0.000010 0.000010 0.018039 0.218047 0.029715
0.529563 0.066842 0.000010 0.025819 0.000010 0.000010 0.027034 0.350702 0.000010
0.693497 0.000011 0.000010 0.000010 0.000013 0.015954 0.000010 0.290485 0.000010
0.522576 0.000010 0.000010 0.056416 0.000010 0.000010 0.030339 0.390619 0.000010
0.626948 0.033587 0.009532 0.000010 0.023043 0.027140 0.020822 0.258908 0.000010
0.681704 0.000010 0.049946 0.000010 0.000010 0.000010 0.000010 0.234300 0.034001
0.705672 0.006485 0.023245 0.009465 0.000010 0.042463 0.000010 0.212641 0.000010
0.621461 0.043074 0.000010 0.007588 0.000010 0.000010 0.000010 0.253625 0.074212
0.500710 0.062775 0.000010 0.031296 0.005166 0.000010 0.000010 0.290156 0.109867
0.653551 0.064384 0.021573 0.062866 0.000010 0.040872 0.000010 0.156724 0.000010
0.702226 0.050220 0.001642 0.000010 0.000010 0.000010 0.001582 0.240607 0.003693
0.520543 0.000010 0.000010 0.041983 0.000010 0.000010 0.000010 0.437414 0.000010
0.625809 0.034453 0.000010 0.039116 0.000010 0.012841 0.069863 0.217889 0.000010
0.449241 0.036757 0.004842 0.108441 0.000010 0.000010 0.000010 0.270401 0.130288
0.599541 0.000010 0.000010 0.000010 0.099845 0.029229 0.000010 0.200502 0.070842
0.699127 0.008713 0.000010 0.000010 0.000010 0.039201 0.000010 0.210130 0.042790
0.649524 0.018945 0.000010 0.097686 0.000010 0.000010 0.010912 0.191781 0.031121
0.652914 0.014438 0.000010 0.077831 0.000010 0.000010 0.004762 0.109104 0.140921
0.698228 0.000010 0.000010 0.033312 0.000010 0.002963 0.000010 0.203132 0.062325
0.666262 0.054607 0.000010 0.019915 0.000010 0.051797 0.000010 0.207380 0.000010
0.655762 0.026644 0.000010 0.100368 0.000010 0.072089 0.000010 0.130792 0.014315
0.510146 0.000010 0.018713 0.000010 0.000010 0.000010 0.018386 0.387702 0.065013
0.650194 0.000010 0.000010 0.000010 0.000017 0.028710 0.000010 0.321029 0.000010
0.569385 0.000010 0.037372 0.090430 0.003377 0.027821 0.000010 0.271585 0.000010
0.715998 0.000018 0.000012 0.000010 0.026179 0.000010 0.000010 0.214201 0.043562
0.562408 0.045943 0.000010 0.000013 0.027613 0.100202 0.000010 0.176308 0.087493
0.590415 0.000010 0.004081 0.000010 0.133937 0.000010 0.055368 0.136069 0.080100
0.056791 0.000010 0.000010 0.000010 0.000010 0.061499 0.087242 0.021690 0.772739
0.559388 0.000010 0.000010 0.000010 0.000010 0.000010 0.075295 0.322657 0.042611
0.605070 0.045159 0.000010 0.055082 0.000010 0.068147 0.007861 0.109856 0.108804
0.486100 0.000010 0.000010 0.026457 0.097012 0.107985 0.000010 0.132004 0.150412
0.555011 0.000010 0.000010 0.108261 0.000010 0.068739 0.100099 0.167850 0.000010
0.509535 0.000010 0.034224 0.143042 0.079203 0.000010 0.024650 0.142067 0.067258
0.427320 0.000010 0.000010 0.000010 0.013171 0.061632 0.005977 0.197828 0.294042
0.495693 0.026566 0.037976 0.074985 0.000010 0.000010 0.000010 0.364740 0.000010
0.583893 0.000010 0.000010 0.000010 0.012694 0.000010 0.033895 0.369468 0.000010
0.722512 0.039284 0.000010 0.000010 0.000010 0.030433 0.000010 0.170000 0.037731
0.498451 0.042571 0.007750 0.128612 0.051086 0.000010 0.000010 0.204775 0.066735
0.458465 0.000010 0.073844 0.059564 0.014770 0.094698 0.020991 0.163934 0.113724
0.484388 0.009877 0.025551 0.136593 0.000010 0.050915 0.000010 0.265527 0.027130
0.642204 0.014926 0.038272 0.055688 0.000010 0.000010 0.000010 0.169336 0.079544
0.547674 0.000010 0.000010 0.059619 0.000010 0.000010 0.032458 0.170490 0.189719
0.392502 0.034364 0.130547 0.000010 0.043498 0.000010 0.020477 0.106013 0.272579
0.458380 0.000010 0.000010 0.041763 0.000010 0.064183 0.000010 0.223440 0.212194
0.456342 0.097197 0.000010 0.050638 0.002574 0.043789 0.002415 0.188614 0.158421
0.566657 0.000010 0.014552 0.030468 0.017142 0.000010 0.000010 0.175290 0.195862
0.494268 0.033058 0.000010 0.000010 0.000010 0.000010 0.000010 0.199797 0.272827
0.564493 0.000011 0.000010 0.053735 0.000010 0.019432 0.095784 0.266515 0.000010
0.641860 0.010875 0.000010 0.006061 0.000010 0.000010 0.000010 0.137519 0.203643
0.481420 0.054340 0.000010 0.036656 0.048846 0.027848 0.000010 0.338242 0.012628
0.465290 0.007703 0.000010 0.000010 0.000011 0.000010 0.000010 0.292202 0.234754
0.468545 0.000010 0.054135 0.011134 0.000010 0.063261 0.000010 0.342000 0.060895
0.434701 0.000010 0.000010 0.000010 0.068302 0.005963 0.000010 0.307978 0.183016
0.628754 0.000010 0.053846 0.000010 0.000012 0.075072 0.027447 0.214838 0.000010
0.753843 0.000010 0.000010 0.000010 0.000010 0.000010 0.000010 0.246087 0.000010
0.721264 0.000010 0.030057 0.024750 0.000010 0.000010 0.000010 0.172566 0.051324
0.746285 0.055870 0.000010 0.000010 0.075000 0.003832 0.000010 0.118973 0.000010
0.658224 0.091691 0.000010 0.000010 0.000010 0.089289 0.000010 0.139339 0.021418
0.350006 0.081782 0.000010 0.000010 0.000010 0.056908 0.000010 0.301802 0.209463
0.046020 0.000010 0.000010 0.000010 0.890593 0.000010 0.063327 0.000010 0.000010
0.000010 0.000011 0.000010 0.000010 0.855407 0.012585 0.131940 0.000017 0.000010
0.000010 0.000010 0.000010 0.000010 0.959400 0.000010 0.040530 0.000010 0.000010
0.000010 0.039426 0.111477 0.000010 0.546170 0.000010 0.302878 0.000010 0.000010
0.000010 0.000010 0.000010 0.000016 0.912074 0.000010 0.087850 0.000010 0.000010
0.000010 0.000010 0.000010 0.000010 0.789014 0.000010 0.210916 0.000010 0.000010
0.000010 0.039636 0.003678 0.000010 0.897972 0.000012 0.058663 0.000010 0.000010
0.523554 0.000013 0.000010 0.279492 0.034149 0.000010 0.035749 0.127013 0.000010
0.558276 0.005764 0.057915 0.199365 0.000010 0.000010 0.000010 0.178640 0.000010
0.630626 0.002623 0.000010 0.195053 0.077681 0.001055 0.002376 0.090566 0.000010
0.657705 0.005199 0.045023 0.083628 0.000010 0.000010 0.004023 0.204392 0.000010
0.583963 0.000010 0.060783 0.231332 0.005273 0.024016 0.000010 0.094603 0.000010
0.532021 0.000010 0.000010 0.191605 0.024899 0.023694 0.044111 0.183640 0.000010
0.625375 0.000010 0.000010 0.172965 0.025413 0.000010 0.053830 0.122378 0.000010
0.458189 0.000010 0.000010 0.236970 0.088999 0.000010 0.014456 0.185425 0.015932
0.700922 0.000010 0.077128 0.053459 0.005479 0.000010 0.000010 0.162972 0.000010
0.730022 0.044345 0.000010 0.082351 0.000010 0.000010 0.006824 0.066795 0.069632
0.574244 0.067153 0.000563 0.021945 0.000010 0.012444 0.000010 0.256903 0.066727
0.506872 0.000010 0.026108 0.022892 0.000010 0.036954 0.000010 0.238937 0.168207
0.694026 0.000010 0.000010 0.000010 0.076369 0.021669 0.000010 0.187433 0.020464
0.515902 0.019807 0.000010 0.063409 0.000010 0.061145 0.019873 0.318030 0.001815
0.581612 0.000010 0.000010 0.000010 0.006168 0.000010 0.073808 0.276666 0.061706
0.598581 0.000010 0.000010 0.000010 0.023366 0.047605 0.012054 0.318354 0.000010
0.361267 0.029119 0.034034 0.057593 0.000010 0.099766 0.000010 0.128734 0.289467
0.591625 0.000010 0.000010 0.013051 0.000010 0.002071 0.039169 0.183950 0.170104
0.510553 0.045238 0.000010 0.016086 0.026514 0.036775 0.040183 0.261456 0.063185
0.546764 0.062383 0.000010 0.095504 0.000010 0.000010 0.001178 0.174017 0.120124
0.652156 0.000010 0.000010 0.000010 0.000010 0.052036 0.052042 0.112458 0.131268
0.674371 0.000010 0.000010 0.016723 0.000010 0.000010 0.004383 0.183636 0.120846
0.500915 0.000010 0.000010 0.056619 0.000010 0.072244 0.000010 0.189790 0.180392
0.627722 0.055589 0.000014 0.129573 0.016211 0.000010 0.000010 0.170861 0.000010
0.610522 0.000010 0.000010 0.025472 0.110266 0.058577 0.026582 0.072093 0.096469
0.578119 0.000010 0.004102 0.108744 0.000010 0.043071 0.000010 0.265924 0.000010
0.602817 0.002293 0.048805 0.000010 0.000010 0.010711 0.088425 0.246919 0.000010
0.692460 0.044705 0.000010 0.055687 0.000010 0.030378 0.000010 0.049573 0.127167
0.472976 0.000010 0.000019 0.091612 0.134939 0.000010 0.000010 0.173771 0.126653
0.425083 0.000010 0.066534 0.201402 0.000010 0.078632 0.000010 0.228309 0.000010
0.573736 0.014916 0.082222 0.031719 0.000010 0.066188 0.000010 0.231188 0.000010
0.579323 0.000010 0.000010 0.000010 0.071987 0.000010 0.000010 0.264486 0.084154
0.613485 0.012473 0.000010 0.092485 0.000010 0.000010 0.000010 0.225813 0.055704
0.540131 0.139810 0.035204 0.072822 0.000010 0.048492 0.033770 0.129750 0.000010
0.684378 0.000010 0.000010 0.000010 0.000010 0.000010 0.000010 0.263759 0.051803
0.000010 0.871842 0.069241 0.000010 0.032405 0.000010 0.018018 0.008454 0.000010
0.000010 0.412861 0.067550 0.000010 0.000010 0.016775 0.050252 0.044832 0.407700
0.000010 0.898467 0.061005 0.000010 0.000010 0.010419 0.030060 0.000010 0.000010
0.000010 0.857711 0.045402 0.000010 0.000012 0.007100 0.003181 0.086563 0.000010
0.000010 0.000010 0.419289 0.000010 0.000010 0.029714 0.467822 0.080699 0.002437
0.000010 0.000010 0.668822 0.003237 0.097454 0.000010 0.219591 0.002486 0.008380
0.000010 0.046134 0.509822 0.000010 0.019482 0.000010 0.331476 0.028787 0.064268
0.000010 0.053004 0.595976 0.000012 0.002757 0.006336 0.341885 0.000010 0.000010
0.030387 0.000010 0.604163 0.000010 0.000010 0.000010 0.358743 0.006657 0.000010
0.010456 0.068511 0.360650 0.000010 0.039572 0.000010 0.413341 0.088470 0.018981
0.047084 0.048374 0.364012 0.000010 0.139363 0.000010 0.385504 0.015633 0.000010
0.078325 0.131225 0.168963 0.000010 0.124684 0.000010 0.351356 0.145417 0.000010
0.000010 0.035994 0.569965 0.000010 0.000010 0.000010 0.367037 0.026954 0.000010
0.000010 0.018287 0.378780 0.000010 0.105312 0.019610 0.379704 0.098277 0.000010
0.456903 0.000088 0.000010 0.186829 0.025682 0.000010 0.013656 0.217355 0.099467
0.462913 0.015429 0.032654 0.000010 0.000010 0.000010 0.046155 0.259923 0.182896
0.597953 0.000010 0.023695 0.019813 0.009662 0.035412 0.060367 0.221939 0.031149
0.537620 0.024564 0.000010 0.000012 0.000014 0.003539 0.000010 0.301989 0.132242
0.593930 0.000010 0.000010 0.143637 0.046965 0.085475 0.000010 0.121249 0.008715
0.621008 0.016290 0.000010 0.000010 0.070503 0.000010 0.033269 0.231313 0.027587
0.566211 0.001040 0.000010 0.053843 0.000010 0.101504 0.041337 0.236035 0.000010
0.423573 0.029767 0.081601 0.132972 0.035041 0.000010 0.047694 0.240044 0.009298
0.575030 0.039491 0.000010 0.000010 0.000010 0.056271 0.069190 0.202992 0.056996
0.591953 0.030570 0.000010 0.077219 0.000010 0.041346 0.000010 0.258871 0.000010
0.749302 0.000010 0.000010 0.000010 0.006665 0.000010 0.010782 0.155088 0.078123
0.588018 0.000011 0.033706 0.000010 0.000010 0.026924 0.000010 0.267541 0.083769
0.591314 0.061690 0.000010 0.027862 0.007470 0.027772 0.170340 0.113533 0.000010
0.566068 0.044319 0.010045 0.046064 0.056484 0.002075 0.059245 0.215689 0.000010
0.646173 0.000010 0.044046 0.036101 0.000010 0.000010 0.000010 0.141537 0.132104
0.499444 0.000010 0.000010 0.000010 0.065614 0.060885 0.000010 0.249181 0.124835
0.582190 0.049814 0.000010 0.038902 0.000010 0.000010 0.000139 0.128834 0.200090
0.550903 0.032253 0.000010 0.000010 0.000010 0.064587 0.000010 0.325701 0.026515
0.305752 0.000010 0.034669 0.103867 0.028944 0.083799 0.000010 0.151216 0.291733
0.607680 0.048746 0.000010 0.000010 0.044592 0.030787 0.045856 0.061038 0.161282
0.582487 0.000010 0.000010 0.000010 0.072050 0.000010 0.000010 0.345403 0.000010
0.000010 0.000018 0.661194 0.000010 0.049671 0.000013 0.265486 0.023588 0.000010
0.060033 0.054099 0.546147 0.000010 0.036266 0.000010 0.253525 0.000010 0.049900
0.000010 0.000010 0.710229 0.000010 0.049370 0.000010 0.240341 0.000010 0.000010
0.000010 0.000010 0.621873 0.000010 0.012364 0.000010 0.365702 0.000010 0.000010
0.000010 0.000010 0.525670 0.000010 0.080984 0.000010 0.245277 0.102364 0.045665
0.011363 0.051654 0.522703 0.000010 0.051881 0.000010 0.320208 0.042162 0.000010
0.000010 0.000010 0.678336 0.000010 0.000010 0.008578 0.313027 0.000010 0.000010
0.000010 0.000010 0.702234 0.000010 0.000010 0.000010 0.263954 0.000010 0.033752
0.000010 0.000010 0.644122 0.000010 0.000010 0.000010 0.303754 0.052064 0.000010
0.000010 0.000010 0.818617 0.000010 0.007483 0.000010 0.173839 0.000010 0.000010
0.000010 0.005332 0.641453 0.000013 0.000010 0.000470 0.336089 0.016613 0.000010
0.034087 0.075160 0.640274 0.000010 0.000010 0.000010 0.224205 0.026233 0.000010
0.000010 0.000010 0.620700 0.000010 0.016044 0.020477 0.342729 0.000010 0.000010
0.000010 0.025034 0.716982 0.000010 0.043062 0.000010 0.214873 0.000010 0.000010
0.000010 0.000010 0.733560 0.000010 0.000010 0.000010 0.266369 0.000011 0.000010
0.000014 0.008960 0.737330 0.002677 0.022692 0.000010 0.185890 0.000010 0.042418
0.000010 0.000010 0.715672 0.000010 0.000010 0.000010 0.223022 0.038982 0.022274
0.000010 0.045205 0.575977 0.000010 0.000010 0.014953 0.357590 0.000010 0.006235
0.000010 0.000010 0.691157 0.000010 0.000010 0.043514 0.258918 0.006361 0.000010
0.029439 0.013264 0.707317 0.008718 0.025842 0.023720 0.181336 0.010353 0.000010
0.000010 0.000010 0.666865 0.000010 0.006711 0.000010 0.299276 0.027099 0.000010
0.000010 0.007225 0.683261 0.000010 0.000010 0.000010 0.248533 0.027469 0.033472
0.000017 0.041017 0.573013 0.000012 0.079191 0.000010 0.269295 0.000010 0.037435
0.000010 0.026573 0.669173 0.000010 0.000010 0.000010 0.237279 0.066925 0.000010
0.055866 0.020999 0.653016 0.016578 0.000010 0.005129 0.248382 0.000010 0.000010
0.001520 0.036240 0.600131 0.000010 0.043179 0.000010 0.302286 0.010618 0.006006
0.000010 0.000010 0.761740 0.000010 0.000010 0.012335 0.225864 0.000010 0.000010
0.000010 0.003036 0.601908 0.000010 0.109603 0.000010 0.278423 0.006991 0.000010
0.000010 0.000010 0.677759 0.000010 0.000019 0.000010 0.322160 0.000013 0.000010
0.017139 0.000447 0.706035 0.000010 0.013804 0.000010 0.240745 0.000010 0.021800
0.000010 0.044253 0.567653 0.000010 0.032758 0.019092 0.336205 0.000010 0.000010
0.000010 0.065059 0.576415 0.000010 0.000010 0.000010 0.358466 0.000010 0.000010
0.000010 0.069026 0.444219 0.000010 0.105640 0.016509 0.364565 0.000010 0.000010
0.000010 0.008741 0.564556 0.000010 0.000010 0.000010 0.408440 0.000010 0.018212
0.000010 0.053341 0.691936 0.000010 0.000010 0.000010 0.253448 0.001225 0.000010
0.000016 0.019084 0.643980 0.075734 0.027704 0.003018 0.225028 0.005425 0.000010
0.000010 0.092821 0.494308 0.000010 0.014259 0.000010 0.398562 0.000010 0.000010
0.000010 0.000010 0.666206 0.000010 0.000010 0.010924 0.322809 0.000010 0.000010
0.000010 0.000010 0.697647 0.000010 0.000010 0.000010 0.302283 0.000010 0.000010
0.000010 0.000010 0.010795 0.000010 0.840775 0.014837 0.133543 0.000010 0.000010
0.000010 0.004444 0.000010 0.000010 0.983239 0.000010 0.012257 0.000011 0.000010
0.000010 0.000010 0.724526 0.000010 0.000010 0.042245 0.233169 0.000010 0.000010
0.000010 0.000010 0.537820 0.088373 0.018907 0.000010 0.354849 0.000011 0.000010
0.244229 0.136951 0.000010 0.431192 0.000010 0.000010 0.000010 0.129021 0.058567
0.110806 0.000010 0.000010 0.477386 0.000010 0.043422 0.089289 0.279057 0.000010
0.463709 0.109472 0.020682 0.164482 0.030521 0.000010 0.000010 0.181602 0.029511
0.022016 0.000010 0.049761 0.538816 0.091903 0.000010 0.052221 0.245254 0.000010
0.390881 0.125196 0.001040 0.297124 0.036008 0.000010 0.000010 0.149720 0.000010
0.472685 0.060138 0.000010 0.416240 0.000010 0.000010 0.000010 0.050888 0.000010
0.298591 0.033972 0.000010 0.366446 0.000010 0.000212 0.000010 0.234446 0.066303
0.378432 0.000010 0.010386 0.203818 0.007701 0.004695 0.052113 0.327186 0.015659
0.446380 0.017440 0.047295 0.248303 0.000010 0.046706 0.000010 0.193846 0.000010
0.344863 0.006185 0.000010 0.341555 0.033459 0.000010 0.095946 0.177962 0.000010
0.459947 0.000010 0.000010 0.197635 0.025773 0.023973 0.039156 0.253485 0.000010
0.394772 0.000010 0.000010 0.349282 0.000010 0.002448 0.000010 0.200283 0.053176
0.354840 0.054484 0.043067 0.115125 0.027895 0.000010 0.000010 0.404558 0.000010
0.000010 0.000010 0.645890 0.000010 0.000010 0.015696 0.337936 0.000010 0.000427
0.000010 0.057783 0.618029 0.000010 0.000010 0.020654 0.303484 0.000010 0.000010
0.000010 0.010777 0.605288 0.000010 0.000010 0.000010 0.383873 0.000011 0.000010
0.000010 0.000018 0.631033 0.000010 0.000010 0.000010 0.368614 0.000285 0.000010
0.000010 0.000010 0.768871 0.000010 0.032555 0.000010 0.198514 0.000010 0.000010
0.000010 0.042398 0.593034 0.000018 0.000010 0.000010 0.364501 0.000010 0.000010
0.000010 0.000010 0.613275 0.000010 0.004640 0.000010 0.382025 0.000010 0.000010
0.000010 0.000010 0.492437 0.000010 0.045589 0.024173 0.437752 0.000010 0.000010
0.000010 0.000010 0.607355 0.000010 0.000010 0.071114 0.321472 0.000010 0.000010
0.000010 0.054079 0.498193 0.000010 0.143583 0.000010 0.304095 0.000010 0.000010
0.005263 0.000010 0.662306 0.000010 0.030921 0.000010 0.264073 0.036045 0.001364
0.000010 0.061969 0.646863 0.000010 0.011416 0.000010 0.262460 0.017253 0.000010
