0.513091 0.030714 0.048378 0.000010 0.000010 0.000010 0.003622 0.404155 0.000010
0.089796 0.000010 0.000010 0.148722 0.000010 0.000010 0.054542 0.621137 0.085763
0.311157 0.000010 0.000010 0.000010 0.039755 0.017937 0.000010 0.563932 0.067180
0.272879 0.094719 0.062830 0.075394 0.005236 0.000010 0.000010 0.488913 0.000010
0.296755 0.051019 0.078083 0.000010 0.020803 0.000010 0.090927 0.462384 0.000010
0.247120 0.000010 0.098046 0.000010 0.051430 0.009276 0.068447 0.506246 0.019414
0.170059 0.000447 0.162030 0.096309 0.000010 0.000010 0.036142 0.534983 0.000010
0.326590 0.035791 0.000010 0.083402 0.000010 0.032955 0.054430 0.466802 0.000010
0.156890 0.000010 0.100138 0.007752 0.108126 0.000010 0.024561 0.602503 0.000010
0.264265 0.000010 0.000010 0.040163 0.000010 0.000010 0.091352 0.604170 0.000010
0.348302 0.000010 0.000010 0.000010 0.000010 0.000010 0.221642 0.422126 0.007880
0.161539 0.000010 0.000010 0.000010 0.023607 0.036716 0.248261 0.529837 0.000010
0.241029 0.010745 0.000010 0.134558 0.069458 0.000010 0.056694 0.391255 0.096242
0.125196 0.128071 0.000010 0.268211 0.091573 0.013174 0.000010 0.294641 0.079113
0.239213 0.010906 0.000010 0.031075 0.000010 0.002090 0.208305 0.508382 0.000010
0.162519 0.065497 0.000010 0.087809 0.098422 0.000010 0.076374 0.509349 0.000010
0.127754 0.007766 0.040478 0.105623 0.008516 0.000010 0.182446 0.527396 0.000010
0.243419 0.000010 0.000010 0.067827 0.000010 0.000010 0.212440 0.470326 0.005948
0.353496 0.000010 0.006132 0.062073 0.044434 0.000010 0.045660 0.488176 0.000010
0.448777 0.000010 0.067557 0.026167 0.000010 0.010037 0.027086 0.420345 0.000010
0.284010 0.016513 0.002196 0.000010 0.000010 0.020084 0.142581 0.499319 0.035278
0.179027 0.000010 0.000010 0.161893 0.043237 0.000010 0.087981 0.457924 0.069909
0.103558 0.022267 0.107745 0.098670 0.026371 0.000010 0.236480 0.267391 0.137508
0.337289 0.000010 0.022973 0.000010 0.057822 0.000010 0.000010 0.395396 0.186479
0.204149 0.161368 0.018309 0.184045 0.000010 0.000010 0.059439 0.119445 0.253226
0.069868 0.000010 0.237621 0.171247 0.051502 0.000010 0.051640 0.406952 0.011150
0.024751 0.088426 0.000010 0.070726 0.009411 0.000010 0.301448 0.505208 0.000010
0.416464 0.005709 0.000010 0.000010 0.058146 0.000010 0.000010 0.415943 0.103698
0.223963 0.000010 0.034418 0.110633 0.057185 0.000010 0.123946 0.325282 0.124552
0.079336 0.000010 0.000010 0.000010 0.000010 0.029115 0.121054 0.432569 0.337886
0.239363 0.000010 0.012290 0.106775 0.074653 0.000010 0.171101 0.395788 0.000010
0.363760 0.022205 0.037567 0.000010 0.058855 0.000010 0.150183 0.367400 0.000010
0.106554 0.052501 0.000010 0.180399 0.000010 0.017724 0.157978 0.484815 0.000010
0.319340 0.000010 0.036244 0.139861 0.025909 0.000010 0.058675 0.419941 0.000010
0.252014 0.022023 0.000010 0.000010 0.026401 0.000010 0.246878 0.382263 0.070391
0.079114 0.000010 0.031099 0.000010 0.075492 0.005199 0.186093 0.546246 0.076737
0.455218 0.000010 0.038468 0.059283 0.000010 0.045964 0.150216 0.250821 0.000010
0.156565 0.000010 0.024261 0.112537 0.166868 0.000010 0.054767 0.384077 0.100905
0.388487 0.175617 0.000010 0.016740 0.034164 0.000010 0.000010 0.384952 0.000010
0.270616 0.000010 0.180383 0.105752 0.000010 0.000010 0.024008 0.419200 0.000010
0.434546 0.000010 0.000010 0.000010 0.000010 0.000010 0.100956 0.464438 0.000010
0.239614 0.000010 0.013651 0.000010 0.021133 0.000010 0.203345 0.522217 0.000010
0.275270 0.000010 0.000010 0.089771 0.000010 0.000010 0.112167 0.522742 0.000010
0.070845 0.046269 0.000010 0.215735 0.001200 0.000010 0.094079 0.571842 0.000010
0.362386 0.028134 0.000010 0.000010 0.089480 0.029994 0.081312 0.408665 0.000010
0.230341 0.000010 0.079047 0.124958 0.000010 0.000010 0.059308 0.506306 0.000010
0.305237 0.098585 0.015448 0.040262 0.004630 0.023718 0.087255 0.424856 0.000010
0.167309 0.000010 0.022509 0.000010 0.000010 0.000010 0.197275 0.400013 0.212853
0.147702 0.150831 0.344599 0.000010 0.000010 0.000010 0.213995 0.142833 0.000010
0.106920 0.000010 0.419022 0.143985 0.000010 0.000010 0.190919 0.139115 0.000010
0.268398 0.000010 0.442647 0.000010 0.029280 0.000010 0.104298 0.155336 0.000010
0.093719 0.000010 0.391086 0.091563 0.035978 0.000010 0.072351 0.315274 0.000010
0.080483 0.127287 0.237641 0.000010 0.055714 0.034732 0.182303 0.267526 0.014305
0.150975 0.047724 0.465507 0.000010 0.015969 0.033143 0.093566 0.193097 0.000010
0.130968 0.000010 0.296478 0.144407 0.162915 0.000010 0.145951 0.119250 0.000010
0.069152 0.009039 0.316407 0.071914 0.101882 0.053821 0.165577 0.162422 0.049786
0.019154 0.016628 0.329950 0.172191 0.032300 0.019396 0.181084 0.229287 0.000010
0.104523 0.000010 0.388488 0.114754 0.011082 0.000010 0.141789 0.239334 0.000010
0.083487 0.000010 0.148323 0.085902 0.000010 0.000010 0.276764 0.405484 0.000010
0.000010 0.116341 0.283306 0.000010 0.000010 0.000010 0.331938 0.268365 0.000010
0.321731 0.000010 0.192385 0.040620 0.041608 0.000010 0.159034 0.244591 0.000010
0.083164 0.052411 0.322805 0.008102 0.046549 0.028300 0.181005 0.259078 0.018585
0.038260 0.038514 0.401827 0.045079 0.000010 0.000010 0.186360 0.289929 0.000010
0.277014 0.010609 0.083300 0.020872 0.038429 0.000010 0.254017 0.315739 0.000010
0.106615 0.068420 0.276504 0.170322 0.000010 0.000010 0.091264 0.222422 0.064433
0.005694 0.000010 0.233418 0.221462 0.069858 0.000010 0.163563 0.300185 0.005800
0.290622 0.104150 0.304011 0.000010 0.044016 0.006437 0.028119 0.222625 0.000010
0.160086 0.030575 0.373590 0.024451 0.039251 0.035232 0.151598 0.124164 0.061054
0.084702 0.076495 0.298472 0.185530 0.000010 0.000010 0.135136 0.219636 0.000010
0.401096 0.210111 0.000010 0.147187 0.000010 0.000010 0.029191 0.212261 0.000124
0.022877 0.011242 0.031749 0.002391 0.012095 0.000010 0.041493 0.023478 0.854665
0.304367 0.000010 0.050584 0.082773 0.137349 0.000010 0.002794 0.422103 0.000010
0.184746 0.055046 0.000010 0.238876 0.097644 0.064090 0.009778 0.322768 0.027043
0.193459 0.000010 0.050460 0.081730 0.013508 0.000010 0.240144 0.420669 0.000010
0.286032 0.000010 0.017259 0.000010 0.025256 0.063830 0.152556 0.455036 0.000010
0.188511 0.027827 0.081307 0.144342 0.103616 0.000010 0.083745 0.370632 0.000010
0.123354 0.040994 0.060959 0.000010 0.118077 0.007181 0.088729 0.560685 0.000010
0.367849 0.000010 0.071448 0.000010 0.108479 0.000010 0.000010 0.452173 0.000010
0.253988 0.061323 0.003979 0.118312 0.036770 0.052723 0.071703 0.401192 0.000010
0.274381 0.000010 0.069151 0.047628 0.016834 0.000010 0.195581 0.396395 0.000010
0.134855 0.079779 0.080152 0.082791 0.128605 0.000010 0.069193 0.424606 0.000010
0.210467 0.159061 0.005184 0.000010 0.000010 0.022164 0.158621 0.444472 0.000010
0.315131 0.000010 0.126346 0.081091 0.000010 0.000010 0.000010 0.407535 0.069858
0.379128 0.019359 0.000010 0.000010 0.000010 0.000010 0.000010 0.581952 0.019511
0.115769 0.059319 0.000010 0.151966 0.007823 0.000010 0.170153 0.494940 0.000010
0.380476 0.009537 0.107321 0.000010 0.093685 0.021465 0.082079 0.215093 0.090333
0.305720 0.097080 0.000010 0.052393 0.074013 0.052457 0.022405 0.208235 0.187689
0.166037 0.064243 0.000010 0.000010 0.015440 0.000010 0.161267 0.560367 0.032617
0.311478 0.000010 0.083224 0.000010 0.000010 0.000010 0.049050 0.495520 0.060688
0.166683 0.000010 0.039219 0.015941 0.130926 0.000010 0.068422 0.578778 0.000010
0.137406 0.118032 0.025554 0.152875 0.000010 0.005287 0.090246 0.470581 0.000010
0.258778 0.000010 0.219114 0.113016 0.000010 0.000010 0.000010 0.389474 0.019577
0.321389 0.000010 0.111334 0.000010 0.069373 0.000010 0.120712 0.377152 0.000010
0.248285 0.000010 0.107008 0.090710 0.000010 0.020997 0.080800 0.452170 0.000010
0.187535 0.000010 0.124406 0.019913 0.041396 0.086169 0.036162 0.326680 0.177729
0.121793 0.000010 0.000010 0.213758 0.100940 0.061627 0.171089 0.330763 0.000010
0.118471 0.000010 0.000010 0.178284 0.017749 0.016023 0.325804 0.329809 0.013840
0.091354 0.000010 0.087133 0.000010 0.025343 0.033716 0.235993 0.500916 0.025524
0.258253 0.084649 0.000010 0.098552 0.025109 0.000010 0.184812 0.348595 0.000010
0.170559 0.150834 0.000010 0.000010 0.000010 0.000010 0.154738 0.523819 0.000010
0.000010 0.000010 0.019229 0.044548 0.018554 0.033009 0.264672 0.220090 0.399878
0.161862 0.006840 0.000010 0.042990 0.053049 0.000010 0.012157 0.334707 0.388376
0.134037 0.000894 0.065153 0.081793 0.087265 0.031745 0.169261 0.429841 0.000010
0.148624 0.099050 0.086856 0.020060 0.000010 0.063838 0.182517 0.399035 0.000010
0.195751 0.000010 0.039577 0.123821 0.133120 0.000010 0.195483 0.312217 0.000010
0.068447 0.072773 0.000010 0.166092 0.046079 0.000010 0.151088 0.495492 0.000010
0.120503 0.000010 0.000010 0.123660 0.000010 0.000010 0.263406 0.420098 0.072293
0.223409 0.051930 0.054363 0.175238 0.037562 0.000010 0.079579 0.377900 0.000010
0.243145 0.061309 0.102931 0.085550 0.036947 0.000010 0.094886 0.361169 0.014052
0.206419 0.171312 0.016197 0.167766 0.087270 0.000010 0.055040 0.295976 0.000010
0.081810 0.000010 0.000010 0.134618 0.070607 0.000010 0.186108 0.526817 0.000010
0.199658 0.000010 0.000010 0.160147 0.000010 0.000010 0.128284 0.467960 0.043910
0.066598 0.013992 0.050600 0.161416 0.127852 0.000010 0.166863 0.412659 0.000010
0.264768 0.016154 0.052534 0.099952 0.000010 0.000010 0.138093 0.375570 0.052909
0.176528 0.018502 0.000010 0.084002 0.000010 0.017081 0.174316 0.529541 0.000010
0.225459 0.000010 0.000010 0.044329 0.000065 0.086581 0.250410 0.393126 0.000010
0.235111 0.067261 0.000010 0.053636 0.000010 0.040923 0.170862 0.432177 0.000010
0.000010 0.000010 0.015741 0.189180 0.054191 0.013537 0.347056 0.380265 0.000010
0.000010 0.010327 0.000010 0.118837 0.056570 0.000010 0.249720 0.479543 0.084974
0.293759 0.000010 0.129866 0.068430 0.000010 0.044877 0.053643 0.409396 0.000010
0.250442 0.000010 0.000010 0.000010 0.112662 0.000010 0.133034 0.503812 0.000010
0.101189 0.000010 0.054809 0.191499 0.067579 0.000010 0.201743 0.363873 0.019287
0.128159 0.057402 0.000010 0.081012 0.000010 0.000010 0.208989 0.510500 0.013907
0.027997 0.053417 0.000010 0.272544 0.059181 0.000010 0.285610 0.269726 0.031504
0.095242 0.011000 0.000010 0.089020 0.071950 0.045659 0.164304 0.471634 0.051180
0.375013 0.006133 0.071485 0.150547 0.004065 0.006696 0.092398 0.283663 0.009999
0.122102 0.127309 0.000010 0.137055 0.096222 0.000010 0.098442 0.418841 0.000010
0.047737 0.094367 0.000010 0.000010 0.000010 0.000010 0.291870 0.565976 0.000010
0.252071 0.000010 0.000010 0.132718 0.152712 0.000010 0.076232 0.386226 0.000010
0.109169 0.023293 0.178253 0.045359 0.009701 0.018869 0.286397 0.308823 0.020137
0.269691 0.000010 0.118222 0.029938 0.085711 0.000010 0.044545 0.436306 0.015567
0.115559 0.000010 0.000010 0.000010 0.196377 0.009603 0.217663 0.444803 0.015964
0.129317 0.154563 0.000010 0.140654 0.139736 0.000010 0.116294 0.305771 0.013644
0.215199 0.015547 0.019274 0.047554 0.001645 0.005871 0.162863 0.532037 0.000010
0.163454 0.000010 0.006139 0.181601 0.060272 0.000010 0.274500 0.314005 0.000010
0.014336 0.124474 0.085666 0.000010 0.000010 0.000010 0.161132 0.612233 0.002130
0.123535 0.033314 0.024135 0.000010 0.018722 0.015183 0.291148 0.492259 0.001695
0.232327 0.093660 0.000010 0.014368 0.070912 0.001649 0.074499 0.494817 0.017758
0.241224 0.000010 0.050275 0.000010 0.017642 0.000954 0.063357 0.556965 0.069564
0.069206 0.000010 0.046109 0.138055 0.000010 0.000010 0.207514 0.424249 0.114837
0.177882 0.023744 0.000010 0.270695 0.036030 0.000010 0.000010 0.491610 0.000010
0.118563 0.000010 0.078421 0.000010 0.070061 0.000010 0.258464 0.474452 0.000010
0.293056 0.029105 0.146195 0.254712 0.002054 0.000010 0.000010 0.274848 0.000010
0.201618 0.065741 0.037969 0.219958 0.000010 0.000010 0.000010 0.474674 0.000010
0.346852 0.026622 0.000010 0.137330 0.049818 0.000010 0.000010 0.439339 0.000010
0.264783 0.000010 0.013058 0.171945 0.075676 0.000010 0.094474 0.380034 0.000010
0.286014 0.000010 0.026778 0.001697 0.000010 0.031613 0.062818 0.591049 0.000010
0.257149 0.044331 0.013016 0.261533 0.000010 0.000010 0.063877 0.360065 0.000010
0.367111 0.063463 0.063505 0.149182 0.000010 0.000010 0.047301 0.276105 0.033312
0.272021 0.018163 0.000010 0.149510 0.035137 0.000010 0.111670 0.393683 0.019797
0.347484 0.201930 0.145746 0.058706 0.000010 0.000010 0.000010 0.246094 0.000010
0.103426 0.062203 0.071738 0.314005 0.000010 0.040282 0.136865 0.271461 0.000010
0.260990 0.000010 0.046905 0.062748 0.000010 0.000010 0.223149 0.406167 0.000010
0.148619 0.121464 0.000010 0.052670 0.005961 0.000010 0.138930 0.532326 0.000010
0.313001 0.036005 0.191063 0.213589 0.000010 0.000010 0.017074 0.217773 0.011476
0.182672 0.000010 0.000010 0.136150 0.127476 0.000010 0.191277 0.331632 0.030762
0.225244 0.000010 0.091303 0.118011 0.081984 0.000010 0.187550 0.295877 0.000010
0.212976 0.064437 0.000010 0.291200 0.000010 0.025391 0.066531 0.339436 0.000010
0.374905 0.103859 0.000010 0.000010 0.153278 0.000010 0.042637 0.212256 0.113036
0.273691 0.000010 0.049343 0.152777 0.000010 0.000010 0.071680 0.452469 0.000010
0.436947 0.000010 0.000010 0.134321 0.000010 0.007536 0.013342 0.407814 0.000010
0.359571 0.025462 0.000010 0.076718 0.055694 0.000010 0.134651 0.347875 0.000010
0.099303 0.000010 0.079398 0.099443 0.019932 0.000010 0.230305 0.446580 0.025018
0.128522 0.101864 0.066674 0.077277 0.000010 0.016754 0.088617 0.429933 0.090348
0.307185 0.089398 0.109664 0.005548 0.019007 0.000010 0.058216 0.394864 0.016109
0.233999 0.000010 0.190706 0.000010 0.000010 0.024221 0.149645 0.401389 0.000010
0.323461 0.047609 0.119106 0.000010 0.000010 0.000010 0.060591 0.449193 0.000010
0.202657 0.000010 0.114234 0.000010 0.031315 0.000010 0.089545 0.562209 0.000010
0.082189 0.000010 0.000010 0.081617 0.027057 0.000010 0.287088 0.522009 0.000010
0.113548 0.072031 0.151446 0.089175 0.066531 0.008725 0.128193 0.319377 0.050974
0.133417 0.000010 0.114801 0.130080 0.108138 0.000010 0.177065 0.336470 0.000010
0.035771 0.000010 0.089408 0.210452 0.000010 0.000010 0.102297 0.527949 0.034092
0.351428 0.000010 0.000010 0.000010 0.157879 0.000010 0.112370 0.378273 0.000010
0.147986 0.154280 0.000010 0.218363 0.000010 0.011043 0.081962 0.364496 0.021850
0.041908 0.000010 0.252472 0.134173 0.000010 0.000010 0.193541 0.377866 0.000010
0.133389 0.036907 0.255765 0.000010 0.000010 0.000010 0.130057 0.420984 0.022867
0.108383 0.017130 0.169231 0.300333 0.074894 0.000010 0.074222 0.255787 0.000010
0.211139 0.000010 0.090631 0.033912 0.054215 0.000010 0.265197 0.344373 0.000513
0.060517 0.122066 0.027904 0.229985 0.072286 0.016617 0.163053 0.305043 0.002529
0.043365 0.000010 0.161255 0.117573 0.119396 0.000010 0.048041 0.474839 0.035510
0.155799 0.028352 0.321535 0.026678 0.020139 0.000010 0.011299 0.408183 0.028006
0.015498 0.042738 0.000010 0.147136 0.000010 0.009015 0.265587 0.493426 0.026581
0.230676 0.000010 0.131858 0.000010 0.095342 0.000010 0.069527 0.465129 0.007438
0.109162 0.000010 0.000010 0.208351 0.074056 0.066720 0.078850 0.462832 0.000010
0.238020 0.039899 0.186010 0.000010 0.009710 0.004509 0.189503 0.332329 0.000010
0.334173 0.071169 0.047845 0.114972 0.000010 0.003345 0.062780 0.365695 0.000010
0.232631 0.033568 0.001261 0.214123 0.000010 0.000010 0.093276 0.387840 0.037280
0.000010 0.040685 0.000010 0.000010 0.000010 0.398124 0.000016 0.000010 0.561125
0.000010 0.068149 0.000010 0.000010 0.000010 0.295223 0.000010 0.000010 0.636569
0.000010 0.000010 0.000010 0.000854 0.008472 0.245625 0.000010 0.011065 0.733943
0.000010 0.000010 0.000010 0.000010 0.000010 0.348385 0.000010 0.000010 0.651545
0.000010 0.012037 0.000010 0.000010 0.000969 0.380064 0.000010 0.000010 0.606880
0.001193 0.000010 0.000010 0.000010 0.000010 0.337438 0.000010 0.000010 0.661309
0.000013 0.000010 0.020730 0.000010 0.000010 0.533816 0.000010 0.000010 0.445390
0.000010 0.000010 0.000010 0.000010 0.000010 0.115362 0.000010 0.000010 0.884568
0.000010 0.020247 0.000010 0.000010 0.000010 0.320801 0.000010 0.002232 0.656670
0.000010 0.009941 0.000010 0.051598 0.000010 0.248907 0.000010 0.000010 0.689503
0.012767 0.000010 0.000010 0.000010 0.000010 0.362390 0.034412 0.000010 0.590381
0.000010 0.000010 0.000010 0.038891 0.000010 0.535063 0.000010 0.000010 0.425986
0.000010 0.069802 0.000010 0.000010 0.000010 0.418179 0.000010 0.002297 0.509672
0.000010 0.024704 0.009108 0.000010 0.000010 0.430709 0.000010 0.000010 0.535430
0.000010 0.000010 0.000010 0.000010 0.025242 0.393195 0.000010 0.000010 0.581503
0.000010 0.000010 0.000010 0.035255 0.000010 0.310894 0.000010 0.000010 0.653791
0.000010 0.000010 0.011760 0.000010 0.013504 0.348838 0.000010 0.000010 0.625848
0.020893 0.017062 0.000010 0.000010 0.000010 0.268753 0.000010 0.029733 0.663519
0.000010 0.021032 0.000010 0.000010 0.000010 0.373112 0.000010 0.000010 0.605796
0.000010 0.019934 0.000010 0.007535 0.000010 0.460440 0.000010 0.000010 0.512040
0.016114 0.000010 0.000010 0.000010 0.000010 0.391697 0.000010 0.000010 0.592129
0.000010 0.000010 0.000010 0.002275 0.012630 0.247891 0.021254 0.000010 0.715910
0.000010 0.026332 0.000010 0.000010 0.000010 0.467891 0.000010 0.000010 0.505717
0.000010 0.000010 0.000010 0.079924 0.000010 0.451591 0.000010 0.000010 0.468425
0.000010 0.018016 0.030009 0.000010 0.008941 0.341969 0.012029 0.000010 0.589006
0.000010 0.020734 0.000010 0.002475 0.000010 0.450234 0.004997 0.000010 0.521520
0.000010 0.000543 0.000010 0.037868 0.000010 0.340599 0.000010 0.000010 0.620940
0.000010 0.000010 0.000010 0.000010 0.000010 0.310808 0.000010 0.014536 0.674596
0.001587 0.000010 0.000010 0.000010 0.925360 0.000010 0.061924 0.000010 0.011080
0.481793 0.021345 0.001482 0.176684 0.097231 0.020959 0.000010 0.200486 0.000010
0.261584 0.063690 0.000010 0.278494 0.000010 0.010201 0.057552 0.328450 0.000010
0.507501 0.000010 0.005545 0.372568 0.000010 0.020856 0.000010 0.093491 0.000010
0.433981 0.097993 0.016403 0.302637 0.000010 0.039541 0.030054 0.079372 0.000010
0.366848 0.000010 0.000010 0.288469 0.000010 0.082524 0.070596 0.191523 0.000010
0.401567 0.000010 0.008797 0.348169 0.005183 0.000010 0.000010 0.236245 0.000010
0.325772 0.000010 0.076001 0.421580 0.055833 0.000010 0.000010 0.120774 0.000010
0.450662 0.040094 0.003023 0.110501 0.019633 0.000010 0.000010 0.327800 0.048267
0.363441 0.000010 0.011318 0.298465 0.029889 0.000010 0.076898 0.138002 0.081968
0.463004 0.074022 0.000010 0.340667 0.000010 0.000010 0.000010 0.119240 0.003027
0.301252 0.027100 0.118334 0.292577 0.000010 0.000010 0.015135 0.245571 0.000010
0.557482 0.000265 0.021282 0.322570 0.000010 0.000010 0.050317 0.048054 0.000010
0.242212 0.000010 0.000010 0.450113 0.026867 0.002871 0.062995 0.214134 0.000788
0.529688 0.118400 0.000010 0.277481 0.000010 0.000010 0.000010 0.074381 0.000010
0.263210 0.031359 0.053553 0.378001 0.025272 0.000010 0.000010 0.248575 0.000010
0.454142 0.008882 0.038209 0.355348 0.098939 0.000010 0.000010 0.044450 0.000010
0.367403 0.030389 0.040139 0.273639 0.110857 0.000010 0.002746 0.135487 0.039330
0.381315 0.000010 0.097456 0.241829 0.002286 0.048854 0.000010 0.228230 0.000010
0.484373 0.000010 0.000010 0.314136 0.038201 0.000010 0.000010 0.163092 0.000158
0.291052 0.001725 0.000010 0.309264 0.133172 0.000010 0.000010 0.264748 0.000010
0.426486 0.075512 0.000010 0.374230 0.000010 0.046201 0.000010 0.077531 0.000010
0.375929 0.000010 0.036149 0.411627 0.002995 0.000010 0.106752 0.019070 0.047460
0.357396 0.000010 0.005292 0.406217 0.054050 0.016727 0.000010 0.160288 0.000010
0.435626 0.035412 0.023239 0.223609 0.046367 0.000010 0.000010 0.235717 0.000010
0.402203 0.000010 0.047696 0.226146 0.028699 0.000010 0.006947 0.259568 0.028721
0.350041 0.017775 0.000010 0.363579 0.000010 0.000010 0.033090 0.235476 0.000010
0.336738 0.037205 0.000010 0.212541 0.035035 0.000010 0.000010 0.286570 0.091881
0.242352 0.000010 0.000010 0.334245 0.081959 0.062751 0.000010 0.278654 0.000010
0.000010 0.000010 0.000010 0.000010 0.948986 0.000010 0.000010 0.043640 0.007314
0.000013 0.000010 0.000010 0.000010 0.958895 0.000010 0.040055 0.000987 0.000010
0.000010 0.000010 0.000010 0.047411 0.904689 0.000010 0.031748 0.016102 0.000010
0.000010 0.000010 0.000010 0.000010 0.949254 0.000010 0.050676 0.000010 0.000010
0.013285 0.019538 0.062672 0.000010 0.845191 0.000010 0.059275 0.000010 0.000010
0.000010 0.004254 0.000010 0.000010 0.909209 0.000010 0.012176 0.064709 0.009612
0.000010 0.000010 0.000010 0.000010 0.986352 0.000010 0.000010 0.013578 0.000010
0.000010 0.000010 0.000010 0.000010 0.948195 0.000010 0.033370 0.018375 0.000010
0.003172 0.000010 0.000010 0.000010 0.902574 0.012737 0.027045 0.000010 0.054431
0.008718 0.000010 0.003590 0.000010 0.927797 0.015912 0.043943 0.000010 0.000010
0.023055 0.000731 0.000010 0.000010 0.951968 0.020553 0.000010 0.003653 0.000010
0.000010 0.017174 0.000010 0.000010 0.977017 0.005750 0.000010 0.000010 0.000010
0.000010 0.000010 0.000010 0.000010 0.963151 0.000010 0.023411 0.013377 0.000010
0.000010 0.063824 0.000010 0.000010 0.875165 0.009756 0.051205 0.000010 0.000010
0.000010 0.000010 0.000010 0.000010 0.923632 0.000010 0.000010 0.000010 0.076298
0.000010 0.000010 0.000010 0.013706 0.985141 0.000010 0.000010 0.000010 0.001093
0.000010 0.008915 0.000010 0.000010 0.954402 0.002217 0.000010 0.034415 0.000010
0.576539 0.000010 0.000010 0.104733 0.022282 0.000010 0.000010 0.296396 0.000010
0.777084 0.000010 0.000010 0.035122 0.029144 0.000010 0.007634 0.150976 0.000010
0.563934 0.000010 0.075912 0.033938 0.044499 0.000010 0.000010 0.281676 0.000010
0.868172 0.000010 0.000010 0.000010 0.000010 0.000010 0.000010 0.064609 0.067159
0.562259 0.000010 0.209596 0.000010 0.000010 0.035451 0.000010 0.192644 0.000010
0.576788 0.046756 0.026751 0.018763 0.000010 0.076329 0.043674 0.199900 0.011029
0.611021 0.000010 0.000010 0.034491 0.000010 0.000010 0.000081 0.354357 0.000010
0.748203 0.000010 0.028487 0.039339 0.000010 0.011861 0.000010 0.097969 0.074111
0.431861 0.000010 0.125594 0.123570 0.056286 0.033939 0.000010 0.228720 0.000010
0.637699 0.000010 0.000010 0.000010 0.000010 0.021561 0.105569 0.235121 0.000010
0.628448 0.000010 0.000010 0.162866 0.000010 0.000010 0.000010 0.208627 0.000010
0.796799 0.000010 0.000010 0.018025 0.127440 0.000010 0.006876 0.050820 0.000010
0.483075 0.000010 0.000010 0.000010 0.000010 0.009834 0.094039 0.304916 0.108097
0.578081 0.037450 0.000010 0.148564 0.000010 0.000010 0.030206 0.205659 0.000010
0.555039 0.000010 0.107071 0.000010 0.038254 0.049422 0.124202 0.125982 0.000010
0.674701 0.000010 0.000010 0.166785 0.000010 0.000010 0.000010 0.158454 0.000010
0.529485 0.001218 0.000010 0.000010 0.166229 0.059968 0.041136 0.196273 0.005672
0.695060 0.000010 0.000010 0.003171 0.000010 0.034871 0.042765 0.209240 0.014863
0.523408 0.000010 0.073024 0.033476 0.000010 0.000010 0.046037 0.323161 0.000864
0.497312 0.000010 0.056679 0.000010 0.000010 0.047540 0.057333 0.335798 0.005309
0.660531 0.000010 0.000010 0.015301 0.000010 0.025835 0.000010 0.273811 0.024482
0.573901 0.000010 0.000010 0.039396 0.086721 0.000010 0.000010 0.299932 0.000010
0.545527 0.000010 0.000010 0.002549 0.072284 0.100147 0.000010 0.279453 0.000010
0.550777 0.113345 0.000010 0.012742 0.045938 0.003555 0.000010 0.273613 0.000010
0.501936 0.000010 0.206071 0.000010 0.000010 0.077068 0.048473 0.166412 0.000010
0.701602 0.000010 0.000010 0.002051 0.000010 0.001250 0.000010 0.295047 0.000010
0.696487 0.000010 0.011163 0.091840 0.062429 0.000010 0.000010 0.076545 0.061506
0.512800 0.000010 0.030245 0.008015 0.000010 0.031412 0.129655 0.116028 0.171825
0.748933 0.031901 0.015488 0.082353 0.000010 0.000010 0.000010 0.121285 0.000010
0.476844 0.040174 0.024367 0.050993 0.033260 0.038426 0.000010 0.335917 0.000010
0.702040 0.007749 0.017447 0.042246 0.000010 0.015466 0.000010 0.215022 0.000010
0.480476 0.010149 0.065720 0.165616 0.000010 0.014749 0.074347 0.188922 0.000010
0.605264 0.000010 0.053530 0.000010 0.000010 0.003073 0.086489 0.251604 0.000010
0.487639 0.000010 0.186520 0.051617 0.000010 0.013847 0.000010 0.092961 0.167386
0.445668 0.000010 0.000010 0.150308 0.055089 0.000010 0.000010 0.348885 0.000010
0.677241 0.000010 0.014532 0.000010 0.062271 0.064519 0.000010 0.181398 0.000010
0.416015 0.000010 0.018285 0.142762 0.123916 0.000010 0.000010 0.298982 0.000010
0.672487 0.001745 0.000010 0.026150 0.000010 0.000010 0.018835 0.280743 0.000010
0.782734 0.000010 0.033535 0.000010 0.009044 0.000010 0.000010 0.174637 0.000010
0.625752 0.000010 0.037760 0.000010 0.013697 0.070092 0.000010 0.252658 0.000010
0.674595 0.000010 0.000010 0.092001 0.043914 0.000010 0.000010 0.189440 0.000010
0.572035 0.001896 0.000010 0.128012 0.000010 0.000010 0.051913 0.246103 0.000010
0.658125 0.000010 0.000010 0.000010 0.000010 0.065654 0.052442 0.210725 0.013014
0.675891 0.008350 0.000010 0.124822 0.003904 0.000010 0.000010 0.116709 0.070294
0.484421 0.005711 0.000010 0.033285 0.052405 0.047460 0.000010 0.227766 0.148932
0.513691 0.000010 0.017150 0.000010 0.022273 0.000010 0.000010 0.250602 0.196242
0.638022 0.129963 0.000010 0.000010 0.000010 0.012509 0.026674 0.151949 0.040853
0.791032 0.000010 0.000010 0.000010 0.019058 0.078434 0.000010 0.111426 0.000010
0.506269 0.012116 0.000010 0.000010 0.046308 0.103409 0.004188 0.269029 0.058662
0.472616 0.000010 0.000010 0.101947 0.007834 0.000010 0.104340 0.249581 0.063653
0.446437 0.002198 0.000010 0.000010 0.000010 0.060431 0.066029 0.369821 0.055055
0.617018 0.031341 0.028139 0.000010 0.000010 0.020632 0.130323 0.172517 0.000010
0.658289 0.005102 0.000010 0.014815 0.112789 0.000010 0.000010 0.208964 0.000010
0.558602 0.023843 0.000010 0.021620 0.132178 0.004099 0.001471 0.173513 0.084665
0.325360 0.000010 0.045296 0.161888 0.000010 0.064374 0.017708 0.292437 0.092917
0.151297 0.000010 0.016379 0.040639 0.000010 0.195792 0.000010 0.000010 0.595853
0.468618 0.031002 0.069499 0.214663 0.000010 0.002231 0.000010 0.172882 0.041084
0.804339 0.000010 0.013484 0.000010 0.000010 0.000010 0.027889 0.154238 0.000010
0.563720 0.000010 0.000010 0.000010 0.015329 0.081193 0.000010 0.339708 0.000010
0.499123 0.000010 0.094947 0.000010 0.041941 0.000010 0.042943 0.321007 0.000010
0.549130 0.000010 0.038144 0.084599 0.000010 0.009050 0.000010 0.293015 0.026032
0.466250 0.031867 0.000010 0.072707 0.000010 0.000010 0.000010 0.161746 0.267390
0.700509 0.000010 0.000010 0.000010 0.065123 0.040251 0.000010 0.194067 0.000010
0.541279 0.000010 0.051913 0.040346 0.000010 0.071783 0.016248 0.251707 0.026704
0.511830 0.000010 0.232314 0.000010 0.038215 0.000010 0.000010 0.217592 0.000010
0.715922 0.000010 0.000010 0.017559 0.000010 0.000010 0.000010 0.266459 0.000010
0.476358 0.000010 0.000010 0.096699 0.000010 0.085783 0.000010 0.295330 0.045790
0.465338 0.000010 0.000010 0.000010 0.000010 0.094360 0.000010 0.328877 0.111376
0.709655 0.000010 0.000010 0.000010 0.000010 0.000010 0.000010 0.290275 0.000010
0.657546 0.000010 0.000010 0.043813 0.162392 0.021741 0.000010 0.114468 0.000010
0.612833 0.000010 0.000010 0.000010 0.007006 0.000010 0.091333 0.201660 0.087127
0.492589 0.000010 0.036836 0.048689 0.000010 0.047751 0.000010 0.247182 0.126923
0.585741 0.061051 0.000010 0.036020 0.033094 0.000010 0.101531 0.182533 0.000010
0.364743 0.027772 0.000010 0.037801 0.000010 0.028513 0.000010 0.374684 0.166456
0.612737 0.046865 0.112502 0.000010 0.000010 0.000010 0.000010 0.227846 0.000010
0.353607 0.082441 0.000010 0.170097 0.087896 0.000010 0.012247 0.118249 0.175443
0.573082 0.000010 0.000010 0.000010 0.000010 0.046097 0.000010 0.238690 0.142081
0.595010 0.000010 0.039623 0.049838 0.075726 0.000010 0.000010 0.214332 0.025441
0.572811 0.000010 0.000010 0.161492 0.152884 0.064429 0.000010 0.035857 0.012496
0.472487 0.049460 0.000010 0.188912 0.000010 0.000010 0.000010 0.145424 0.143678
0.587232 0.003700 0.051586 0.058898 0.000010 0.061874 0.075247 0.161443 0.000010
0.628295 0.000010 0.000010 0.030714 0.021642 0.010134 0.000010 0.240463 0.068721
0.477860 0.000010 0.000010 0.080232 0.037373 0.012309 0.098305 0.242450 0.051452
0.583153 0.000010 0.000010 0.000010 0.041749 0.052280 0.054460 0.236738 0.031590
0.560100 0.000010 0.050395 0.000010 0.012866 0.000010 0.000010 0.258206 0.118394
0.560155 0.000010 0.000010 0.007104 0.040060 0.028842 0.032783 0.331027 0.000010
0.630255 0.000010 0.000010 0.000010 0.027784 0.000010 0.000010 0.248359 0.093552
0.000010 0.000010 0.000010 0.000010 0.956991 0.000010 0.042939 0.000010 0.000010
0.000010 0.000010 0.093656 0.000010 0.697550 0.000010 0.194013 0.000010 0.014731
0.000010 0.000010 0.065827 0.000010 0.783522 0.000010 0.150591 0.000010 0.000010
0.000010 0.000010 0.084828 0.000010 0.762473 0.000010 0.152639 0.000010 0.000010
0.000010 0.000010 0.030079 0.000016 0.812803 0.000010 0.157051 0.000010 0.000010
0.060025 0.000010 0.000010 0.000010 0.898207 0.000010 0.041708 0.000010 0.000010
0.000010 0.000010 0.076087 0.000010 0.665182 0.000010 0.242835 0.015846 0.000010
0.540094 0.105017 0.043826 0.218660 0.011030 0.000010 0.000010 0.081343 0.000010
0.508234 0.096639 0.000010 0.276769 0.025431 0.000010 0.034500 0.058397 0.000010
0.612796 0.000010 0.000010 0.199219 0.121308 0.000010 0.000010 0.066627 0.000010
0.501854 0.000010 0.066375 0.346670 0.000010 0.013930 0.000010 0.000010 0.071131
0.632579 0.000010 0.095301 0.177550 0.000010 0.006241 0.000010 0.088289 0.000010
0.691855 0.015757 0.000010 0.131266 0.026107 0.000010 0.004318 0.074678 0.055999
0.584186 0.000010 0.000010 0.168074 0.048955 0.000010 0.000010 0.158196 0.040549
0.610388 0.000010 0.064821 0.206196 0.000010 0.000010 0.000010 0.118545 0.000010
0.643779 0.000010 0.000010 0.105670 0.000010 0.004232 0.030025 0.129154 0.087110
0.512206 0.014003 0.012091 0.337252 0.089304 0.000010 0.000010 0.000010 0.035115
0.639212 0.051122 0.000010 0.083486 0.011509 0.109362 0.019008 0.086282 0.000010
0.595521 0.000010 0.000010 0.113335 0.045231 0.038295 0.000010 0.207577 0.000010
0.472362 0.121574 0.000010 0.000010 0.024043 0.068053 0.000010 0.209319 0.104619
0.713073 0.000010 0.000010 0.000010 0.000010 0.018145 0.000010 0.265890 0.002843
0.626067 0.000010 0.120848 0.065603 0.077435 0.009305 0.000010 0.071820 0.028903
0.656568 0.000010 0.105538 0.032849 0.000754 0.000010 0.028408 0.175853 0.000010
0.431056 0.010020 0.051703 0.000010 0.000010 0.000010 0.162673 0.344508 0.000010
0.482530 0.096365 0.000010 0.000010 0.000010 0.000010 0.017283 0.334199 0.069582
0.597779 0.000010 0.000010 0.000010 0.025693 0.037204 0.036981 0.302302 0.000010
0.636939 0.000010 0.000010 0.104442 0.000010 0.000010 0.034111 0.151438 0.073030
0.436150 0.000010 0.080728 0.032910 0.000010 0.000010 0.000010 0.384878 0.065295
0.585689 0.078701 0.000010 0.010252 0.000010 0.058227 0.024282 0.135874 0.106955
0.468745 0.000010 0.000010 0.125334 0.000010 0.079829 0.000010 0.326042 0.000010
0.576902 0.000010 0.063984 0.000010 0.068129 0.064240 0.000010 0.124676 0.102039
0.612786 0.009944 0.126262 0.000010 0.015544 0.014662 0.000010 0.220772 0.000010
0.509491 0.000010 0.057047 0.081956 0.096591 0.034088 0.093725 0.127083 0.000010
0.256354 0.025205 0.000010 0.000010 0.033273 0.094380 0.006824 0.178514 0.405428
0.627808 0.000010 0.044376 0.117176 0.025842 0.000010 0.117330 0.067438 0.000010
0.614764 0.044719 0.000010 0.150267 0.000010 0.000010 0.021274 0.166990 0.001956
0.544032 0.000010 0.062808 0.104787 0.124610 0.036073 0.000010 0.127661 0.000010
0.647147 0.000010 0.000010 0.105174 0.000010 0.054107 0.000010 0.169258 0.024275
0.557397 0.000010 0.000010 0.000010 0.094038 0.000010 0.000010 0.281435 0.067081
0.609035 0.000010 0.000010 0.000010 0.007223 0.033457 0.019032 0.246081 0.085142
0.586675 0.031258 0.000010 0.000010 0.000010 0.021818 0.018122 0.285123 0.056974
0.606633 0.000010 0.000726 0.016450 0.024914 0.040328 0.000010 0.307651 0.003277
0.000010 0.905319 0.006187 0.015796 0.066946 0.000010 0.005712 0.000010 0.000010
0.000010 0.922025 0.000010 0.013624 0.000010 0.000010 0.012814 0.051488 0.000010
0.000010 0.925445 0.000010 0.000331 0.000010 0.000010 0.074164 0.000010 0.000010
0.000010 0.980698 0.000010 0.018268 0.000010 0.000010 0.000010 0.000010 0.000974
0.000010 0.000010 0.353453 0.063211 0.085610 0.017654 0.426580 0.053462 0.000010
0.000010 0.000010 0.517849 0.000010 0.087331 0.000010 0.394760 0.000010 0.000010
0.000010 0.000010 0.430298 0.080135 0.000010 0.008757 0.403353 0.077418 0.000010
0.097010 0.000010 0.437514 0.000010 0.000010 0.024978 0.387155 0.045696 0.007616
0.000010 0.000010 0.424897 0.000010 0.014376 0.000010 0.426403 0.134274 0.000010
0.046782 0.004448 0.445213 0.010133 0.097220 0.000010 0.396174 0.000010 0.000010
0.000010 0.000010 0.386754 0.000010 0.080559 0.000010 0.458958 0.073680 0.000010
0.045533 0.046188 0.434449 0.000010 0.068779 0.068357 0.336664 0.000010 0.000010
0.000010 0.000010 0.441140 0.000010 0.133570 0.000010 0.425230 0.000010 0.000010
0.000010 0.000010 0.418675 0.075310 0.070048 0.019354 0.416573 0.000010 0.000010
0.596110 0.000010 0.101887 0.134903 0.000010 0.095982 0.000010 0.062913 0.008174
0.465314 0.000010 0.000010 0.000010 0.023723 0.000010 0.215190 0.291385 0.004348
0.573808 0.109924 0.000010 0.051192 0.104527 0.011142 0.000010 0.149378 0.000010
0.592715 0.066904 0.054546 0.000010 0.000805 0.179660 0.000010 0.105340 0.000010
0.463977 0.005303 0.000010 0.000010 0.085346 0.042327 0.000010 0.403008 0.000010
0.346189 0.000010 0.000010 0.151768 0.147720 0.068641 0.000010 0.172458 0.113194
0.404300 0.189827 0.000010 0.122512 0.001553 0.023589 0.011281 0.111961 0.134968
0.613909 0.000010 0.182148 0.000010 0.078142 0.000010 0.000010 0.086730 0.039032
0.524433 0.000010 0.000010 0.000010 0.058702 0.000010 0.000010 0.314996 0.101819
0.599940 0.054177 0.000010 0.034683 0.000010 0.000010 0.038888 0.272271 0.000010
0.474699 0.030868 0.000010 0.000010 0.000010 0.000010 0.000010 0.376471 0.117913
0.491362 0.000010 0.124254 0.131874 0.016626 0.039428 0.000010 0.196426 0.000010
0.600215 0.000010 0.000010 0.038792 0.012840 0.011597 0.000010 0.336516 0.000010
0.519772 0.079930 0.097609 0.000010 0.000010 0.000010 0.000010 0.281555 0.021094
0.541579 0.000010 0.000010 0.000010 0.000010 0.047618 0.044198 0.366555 0.000010
0.639683 0.000010 0.000010 0.000010 0.054086 0.000010 0.000010 0.262169 0.044012
0.566430 0.063021 0.000010 0.000010 0.000010 0.047607 0.000010 0.233590 0.089311
0.585895 0.000010 0.000010 0.128746 0.000010 0.027336 0.000010 0.239197 0.018787
0.537917 0.000010 0.032762 0.069932 0.088586 0.000010 0.000010 0.091497 0.179276
0.306207 0.000010 0.011771 0.157788 0.088005 0.027996 0.000010 0.231488 0.176726
0.096147 0.000010 0.136409 0.198994 0.100141 0.000010 0.086103 0.187781 0.194405
0.000010 0.012188 0.729229 0.000010 0.000010 0.000010 0.158156 0.100377 0.000010
0.037409 0.049986 0.641191 0.000010 0.007832 0.000010 0.263542 0.000010 0.000010
0.000010 0.098865 0.688312 0.000010 0.000010 0.000010 0.212763 0.000010 0.000010
0.000010 0.052529 0.686332 0.000010 0.000010 0.036616 0.163423 0.061060 0.000010
0.000010 0.007544 0.538582 0.067640 0.000010 0.000010 0.279566 0.000010 0.106628
0.000010 0.000010 0.573567 0.000010 0.000010 0.000010 0.426227 0.000145 0.000010
0.000010 0.000010 0.664609 0.000010 0.095526 0.000013 0.239801 0.000010 0.000010
0.000010 0.000010 0.647672 0.000010 0.000010 0.020522 0.288023 0.043733 0.000010
0.000010 0.010233 0.709719 0.000010 0.095735 0.000010 0.164122 0.000010 0.020151
0.000010 0.004269 0.755962 0.000010 0.000010 0.000010 0.222110 0.000010 0.017610
0.053995 0.000010 0.710590 0.000010 0.048809 0.000010 0.186556 0.000010 0.000010
0.028401 0.000010 0.530813 0.000010 0.000010 0.000010 0.371183 0.069552 0.000010
0.000010 0.000010 0.735879 0.000010 0.027998 0.010731 0.213577 0.011775 0.000010
0.031010 0.001474 0.653502 0.000010 0.033470 0.000010 0.249715 0.030799 0.000010
0.000010 0.000010 0.678837 0.000010 0.000010 0.000010 0.321093 0.000010 0.000010
0.050672 0.024384 0.609640 0.000010 0.000010 0.029080 0.262777 0.023417 0.000010
0.000010 0.071206 0.755047 0.000010 0.000010 0.020639 0.132469 0.000010 0.020599
0.000010 0.093508 0.600931 0.000010 0.085459 0.000010 0.213319 0.000010 0.006742
0.000010 0.000623 0.738146 0.000010 0.012044 0.000010 0.228200 0.020947 0.000010
0.000010 0.098983 0.548579 0.000010 0.043466 0.000010 0.308923 0.000010 0.000010
0.000010 0.004278 0.702162 0.000010 0.000010 0.000010 0.289480 0.004031 0.000010
0.000010 0.083884 0.619344 0.000010 0.128175 0.000010 0.168547 0.000010 0.000010
0.031438 0.059499 0.688985 0.000010 0.000010 0.000010 0.189438 0.030600 0.000010
0.000010 0.095291 0.616950 0.000010 0.021448 0.000010 0.228461 0.000010 0.037810
0.000010 0.000010 0.572572 0.043298 0.048232 0.000010 0.335847 0.000010 0.000010
0.000010 0.026210 0.757162 0.029307 0.001772 0.000010 0.185509 0.000010 0.000010
0.000010 0.000010 0.582661 0.000010 0.000010 0.000010 0.374508 0.028852 0.013930
0.000010 0.000010 0.636801 0.011040 0.041761 0.000010 0.310347 0.000010 0.000010
0.000010 0.051468 0.593890 0.000010 0.064782 0.015015 0.250159 0.024656 0.000010
0.000010 0.051541 0.616278 0.000010 0.010488 0.000010 0.305379 0.000010 0.016274
0.027922 0.073426 0.575880 0.000010 0.000010 0.000010 0.274391 0.048341 0.000010
0.000010 0.000010 0.556008 0.000010 0.031421 0.000010 0.400345 0.000010 0.012177
0.000010 0.015910 0.433606 0.000010 0.002391 0.000010 0.548044 0.000010 0.000010
0.087310 0.000010 0.477422 0.003736 0.000010 0.000501 0.416586 0.014414 0.000010
0.000010 0.000010 0.541319 0.000010 0.048406 0.000010 0.410215 0.000010 0.000010
0.000010 0.047598 0.683958 0.000010 0.000010 0.017875 0.250312 0.000217 0.000010
0.000010 0.049639 0.669039 0.000010 0.000010 0.000010 0.281262 0.000010 0.000010
0.048576 0.000010 0.526529 0.000010 0.000010 0.000010 0.424835 0.000010 0.000010
0.000010 0.028694 0.639251 0.000010 0.000010 0.003376 0.264922 0.063717 0.000010
0.000010 0.000010 0.000010 0.039270 0.951615 0.000010 0.000010 0.008672 0.000393
0.000010 0.000010 0.000010 0.000010 0.949605 0.000012 0.050323 0.000010 0.000010
0.000010 0.000010 0.748181 0.000010 0.000010 0.000010 0.251749 0.000010 0.000010
0.022743 0.000010 0.547103 0.000010 0.009206 0.000010 0.311496 0.109413 0.000010
0.529426 0.000010 0.089068 0.266396 0.000010 0.000010 0.000010 0.080773 0.034297
0.390550 0.000010 0.006109 0.307077 0.036772 0.062313 0.050984 0.146175 0.000010
0.473920 0.105441 0.000010 0.183692 0.000010 0.052437 0.011132 0.173348 0.000010
0.258724 0.000010 0.099990 0.396404 0.032459 0.000010 0.000010 0.212383 0.000010
0.342869 0.032499 0.000010 0.376807 0.067773 0.031405 0.000010 0.148618 0.000010
0.373679 0.000010 0.000010 0.281736 0.000010 0.018013 0.020949 0.305583 0.000010
0.398482 0.008591 0.128561 0.256633 0.047436 0.000010 0.000010 0.160266 0.000010
0.382266 0.000010 0.034051 0.389281 0.008201 0.006308 0.000010 0.179863 0.000010
0.299685 0.106662 0.000010 0.343431 0.000010 0.000010 0.077391 0.172791 0.000010
0.267069 0.116319 0.066990 0.326767 0.000010 0.004989 0.000010 0.171015 0.046832
0.281682 0.000010 0.000010 0.394351 0.015419 0.058477 0.067644 0.182397 0.000010
0.246964 0.000010 0.159877 0.387755 0.000010 0.000010 0.000010 0.205354 0.000010
0.309790 0.000010 0.059517 0.442611 0.000010 0.000010 0.000010 0.188033 0.000010
0.000010 0.031262 0.649529 0.000010 0.000010 0.000010 0.277906 0.041254 0.000010
0.000010 0.000010 0.542780 0.059634 0.020255 0.000010 0.377282 0.000010 0.000010
0.000010 0.040155 0.674787 0.000010 0.007737 0.000010 0.260821 0.016459 0.000010
0.008525 0.155799 0.572115 0.000010 0.000010 0.028496 0.215322 0.019713 0.000010
0.022130 0.000010 0.752291 0.000010 0.000010 0.000010 0.214320 0.011208 0.000010
0.013096 0.005431 0.493601 0.006084 0.010516 0.000010 0.471242 0.000010 0.000010
0.000010 0.000010 0.705167 0.000010 0.040051 0.000010 0.254723 0.000010 0.000010
0.000010 0.000010 0.584246 0.000010 0.000010 0.000010 0.402589 0.000010 0.013105
0.000010 0.030787 0.384778 0.000010 0.171121 0.000010 0.413265 0.000010 0.000010
0.000010 0.000010 0.609400 0.000010 0.080413 0.000010 0.310127 0.000010 0.000010
0.000010 0.021575 0.639772 0.000010 0.000010 0.000010 0.338593 0.000010 0.000010
0.037519 0.000010 0.512696 0.000010 0.013883 0.000010 0.301418 0.123211 0.011243
