0.334324 0.054569 0.000010 0.000010 0.036563 0.030116 0.083989 0.452778 0.007641
0.323477 0.008872 0.107887 0.199035 0.000010 0.000010 0.038404 0.322295 0.000010
0.385539 0.012850 0.076297 0.084006 0.031637 0.000010 0.043398 0.333924 0.032340
0.320602 0.017373 0.000010 0.000010 0.033168 0.058912 0.188836 0.331202 0.049888
0.410705 0.000010 0.000010 0.000010 0.000010 0.000010 0.158490 0.430745 0.000010
0.314921 0.019021 0.044804 0.000010 0.099532 0.000010 0.023200 0.352137 0.146365
0.223141 0.000010 0.049932 0.000010 0.000010 0.000010 0.136141 0.590736 0.000010
0.458485 0.081961 0.000010 0.000010 0.000010 0.000010 0.045349 0.395383 0.018782
0.293539 0.000010 0.077506 0.012594 0.000010 0.000010 0.037713 0.578608 0.000010
0.300669 0.000010 0.018878 0.098044 0.000010 0.020663 0.058779 0.502937 0.000010
0.431104 0.079739 0.049201 0.000010 0.000010 0.000010 0.000010 0.434120 0.005796
0.312227 0.023478 0.000010 0.098900 0.000010 0.000010 0.178087 0.387267 0.000010
0.191792 0.099641 0.037178 0.096588 0.011663 0.035223 0.051195 0.476710 0.000010
0.299234 0.000010 0.000010 0.000010 0.000010 0.000010 0.210520 0.490186 0.000010
0.268648 0.139493 0.000010 0.102679 0.000010 0.019010 0.066220 0.353082 0.050848
0.277331 0.071557 0.000010 0.000010 0.000010 0.000010 0.106666 0.544396 0.000010
0.249892 0.000010 0.007293 0.000010 0.000010 0.059772 0.140916 0.542086 0.000010
0.216385 0.007223 0.007697 0.092350 0.000010 0.000010 0.197101 0.479215 0.000010
0.239275 0.023030 0.129189 0.014088 0.000122 0.033399 0.154916 0.405970 0.000010
0.198998 0.023334 0.108181 0.059792 0.041845 0.000010 0.085784 0.401814 0.080242
0.208933 0.070586 0.031511 0.000010 0.064573 0.000010 0.113635 0.510731 0.000010
0.308852 0.000010 0.000010 0.225165 0.000010 0.000010 0.087377 0.378556 0.000010
0.258145 0.101133 0.000010 0.050937 0.046726 0.113600 0.120542 0.308896 0.000010
0.271565 0.067870 0.000010 0.131096 0.000010 0.000010 0.172629 0.327992 0.028819
0.222506 0.074288 0.087964 0.098322 0.000010 0.000010 0.014139 0.426358 0.076402
0.211564 0.000010 0.000010 0.094155 0.000010 0.000010 0.195932 0.498299 0.000010
0.169284 0.000010 0.017392 0.070095 0.061364 0.000010 0.175772 0.468997 0.037076
0.202644 0.000010 0.000010 0.172193 0.000010 0.083625 0.084212 0.318654 0.138642
0.180219 0.000010 0.048682 0.054991 0.000010 0.029096 0.146077 0.540906 0.000010
0.298963 0.080253 0.000010 0.000010 0.000010 0.000010 0.070432 0.425587 0.124725
0.376532 0.007062 0.000010 0.068740 0.000010 0.000010 0.171079 0.376547 0.000010
0.288513 0.080334 0.023668 0.065090 0.034336 0.000010 0.059451 0.448589 0.000010
0.263948 0.059581 0.000010 0.321738 0.032753 0.011122 0.000010 0.310828 0.000010
0.201955 0.086286 0.000010 0.121840 0.032769 0.000010 0.080965 0.476155 0.000010
0.108353 0.029275 0.000010 0.013432 0.000010 0.000010 0.295255 0.553645 0.000010
0.490374 0.019092 0.012443 0.000010 0.000010 0.000010 0.106336 0.305671 0.066054
0.267244 0.000010 0.034796 0.033187 0.000010 0.000010 0.210564 0.415430 0.038750
0.169725 0.000010 0.027440 0.014540 0.000010 0.021583 0.075489 0.318004 0.373199
0.262284 0.085921 0.058911 0.123427 0.000010 0.000010 0.089889 0.379538 0.000010
0.488191 0.003262 0.037733 0.097724 0.000010 0.000010 0.000010 0.373050 0.000010
0.156665 0.005658 0.000010 0.000010 0.000010 0.027793 0.216380 0.593465 0.000010
0.371047 0.013277 0.000010 0.000010 0.000010 0.000010 0.123376 0.451812 0.040448
0.184080 0.000010 0.000010 0.067407 0.000010 0.000010 0.112573 0.635889 0.000010
0.366806 0.000010 0.000010 0.035895 0.000010 0.000010 0.069101 0.528148 0.000010
0.417013 0.035827 0.026159 0.072337 0.000010 0.000010 0.000010 0.421955 0.026679
0.351753 0.049520 0.000010 0.016056 0.000010 0.040077 0.071820 0.408156 0.062598
0.252706 0.000010 0.015151 0.097136 0.039992 0.000010 0.061601 0.482319 0.051076
0.201730 0.000010 0.018628 0.055441 0.000010 0.000010 0.218818 0.477171 0.028183
0.241358 0.000010 0.341589 0.073269 0.050533 0.000010 0.185237 0.107984 0.000010
0.258606 0.136269 0.316866 0.038144 0.000010 0.000010 0.007782 0.238400 0.003912
0.205425 0.121446 0.226689 0.204633 0.000010 0.000010 0.147181 0.094597 0.000010
0.201334 0.128199 0.368312 0.016790 0.000010 0.036206 0.125900 0.123240 0.000010
0.077386 0.060130 0.360987 0.132455 0.000010 0.000010 0.071797 0.297215 0.000010
0.329240 0.055508 0.216321 0.128680 0.011670 0.000010 0.148784 0.109777 0.000010
0.169541 0.048269 0.157120 0.058559 0.000010 0.037719 0.183019 0.345753 0.000010
0.287734 0.000010 0.366030 0.152656 0.031636 0.000010 0.000010 0.161904 0.000010
0.116981 0.018637 0.346400 0.101750 0.043638 0.000010 0.111245 0.261329 0.000010
0.073113 0.035590 0.466333 0.194078 0.001753 0.000010 0.081746 0.147367 0.000010
0.251186 0.049287 0.195912 0.063096 0.000010 0.000010 0.059642 0.380846 0.000010
0.083038 0.015847 0.385472 0.075700 0.006185 0.000010 0.190205 0.243532 0.000010
0.109306 0.186648 0.228232 0.150302 0.068388 0.034870 0.113718 0.039721 0.068814
0.009380 0.016670 0.411919 0.099501 0.000010 0.000010 0.169486 0.293014 0.000010
0.126637 0.000010 0.394684 0.051821 0.000010 0.000010 0.187828 0.238989 0.000010
0.000010 0.000010 0.512005 0.231954 0.000010 0.000010 0.081057 0.150059 0.024884
0.119569 0.010338 0.325593 0.000010 0.000010 0.003500 0.208248 0.277373 0.055360
0.342701 0.000010 0.164240 0.000010 0.000010 0.037147 0.135274 0.320598 0.000010
0.251020 0.000010 0.262426 0.153189 0.100529 0.000010 0.000672 0.232134 0.000010
0.023009 0.000010 0.470830 0.102912 0.000010 0.000010 0.178010 0.225199 0.000010
0.108859 0.091174 0.337514 0.068219 0.000010 0.000010 0.134541 0.259662 0.000010
0.407669 0.092302 0.037463 0.051460 0.011359 0.000010 0.148472 0.251257 0.000010
0.000444 0.000010 0.000010 0.000010 0.000010 0.090763 0.119007 0.252075 0.537670
0.442279 0.077061 0.000010 0.016543 0.045523 0.000010 0.000010 0.390911 0.027653
0.384146 0.000010 0.143802 0.029429 0.000010 0.000010 0.003505 0.439077 0.000010
0.307170 0.000010 0.073388 0.071877 0.000010 0.013380 0.141499 0.392655 0.000010
0.445069 0.000010 0.000010 0.052387 0.079704 0.009332 0.083615 0.305489 0.024383
0.353065 0.000010 0.029983 0.000010 0.000010 0.000010 0.053260 0.532787 0.030865
0.272608 0.000010 0.000010 0.055848 0.018832 0.000010 0.089026 0.510786 0.052870
0.339421 0.012229 0.000010 0.142887 0.057097 0.064015 0.051941 0.261681 0.070719
0.263477 0.000010 0.093722 0.000010 0.000010 0.000010 0.104015 0.538737 0.000010
0.341732 0.007291 0.000010 0.000010 0.000010 0.000010 0.000010 0.455556 0.195370
0.117993 0.138611 0.085260 0.157868 0.000010 0.000010 0.006537 0.385535 0.108175
0.214141 0.044722 0.000010 0.129795 0.001469 0.068551 0.046439 0.494863 0.000010
0.309012 0.084492 0.002848 0.010861 0.000010 0.013234 0.103604 0.475928 0.000010
0.205120 0.063826 0.000010 0.000010 0.055313 0.000010 0.101785 0.494539 0.079388
0.273200 0.005227 0.129542 0.115527 0.000010 0.039441 0.028098 0.395068 0.013887
0.168139 0.064579 0.001435 0.067953 0.000010 0.000010 0.115932 0.493989 0.087954
0.322337 0.000010 0.059320 0.020193 0.000010 0.000010 0.000010 0.477320 0.120790
0.189401 0.034449 0.000010 0.000010 0.137377 0.000992 0.103718 0.358198 0.175844
0.444015 0.019585 0.014304 0.034343 0.003738 0.066671 0.000010 0.407279 0.010055
0.295607 0.000010 0.000010 0.052671 0.066951 0.031154 0.000010 0.553578 0.000010
0.456294 0.045588 0.000010 0.000010 0.000010 0.042452 0.002849 0.359463 0.093325
0.396186 0.022522 0.000010 0.060674 0.000010 0.017201 0.045469 0.407135 0.050794
0.446166 0.084467 0.000010 0.022829 0.000010 0.000010 0.158570 0.287928 0.000010
0.141932 0.000010 0.141898 0.068308 0.000010 0.000010 0.172680 0.464751 0.010403
0.297147 0.000010 0.000010 0.035570 0.000010 0.065981 0.144143 0.379863 0.077265
0.128709 0.000010 0.076824 0.000010 0.000010 0.000010 0.194696 0.599722 0.000010
0.244197 0.090811 0.089044 0.000010 0.000010 0.000010 0.209518 0.366390 0.000010
0.093843 0.075277 0.000010 0.225559 0.000010 0.034062 0.132494 0.356807 0.081939
0.126097 0.022539 0.049292 0.061078 0.005067 0.000010 0.190379 0.506386 0.039152
0.152565 0.049124 0.000010 0.019985 0.000010 0.009618 0.220015 0.480505 0.068166
0.269787 0.075762 0.000010 0.000010 0.000010 0.052131 0.113884 0.488396 0.000010
0.011046 0.000010 0.000010 0.150937 0.000010 0.090258 0.215967 0.207360 0.324403
0.042739 0.002086 0.000010 0.166293 0.000010 0.011046 0.225917 0.376445 0.175453
0.169076 0.033022 0.005482 0.078213 0.000010 0.036785 0.121297 0.556105 0.000010
0.107083 0.102865 0.036485 0.036689 0.027193 0.009771 0.253151 0.426754 0.000010
0.076286 0.000010 0.000010 0.052380 0.000010 0.000010 0.174697 0.570861 0.125736
0.164608 0.031833 0.007050 0.201670 0.037946 0.080741 0.065071 0.363013 0.048068
0.185359 0.045605 0.000010 0.023819 0.000010 0.000010 0.194579 0.550598 0.000010
0.437378 0.036678 0.063662 0.000010 0.000010 0.000010 0.037909 0.371455 0.052889
0.272156 0.052932 0.000010 0.147800 0.000010 0.000010 0.000010 0.527062 0.000010
0.140123 0.014653 0.000010 0.000010 0.000010 0.026471 0.181061 0.540870 0.096792
0.246270 0.032762 0.016072 0.016070 0.000010 0.000010 0.128775 0.560019 0.000010
0.375414 0.000010 0.063673 0.000010 0.000010 0.000010 0.163457 0.397406 0.000010
0.217673 0.000010 0.054376 0.121152 0.022096 0.000010 0.088915 0.495758 0.000010
0.262967 0.028972 0.000010 0.054689 0.000010 0.000010 0.202929 0.445672 0.004742
0.149747 0.118423 0.000010 0.039072 0.024099 0.000010 0.207348 0.443807 0.017483
0.222846 0.002142 0.000010 0.062152 0.011433 0.000010 0.179619 0.521778 0.000010
0.255372 0.081442 0.073890 0.033701 0.096538 0.000010 0.095453 0.363584 0.000010
0.257712 0.000010 0.030693 0.000010 0.059113 0.006277 0.111841 0.511305 0.023040
0.097868 0.000010 0.000010 0.166787 0.000010 0.000010 0.180736 0.554559 0.000010
0.316858 0.062583 0.108053 0.114475 0.000010 0.031770 0.000010 0.366232 0.000010
0.366336 0.049380 0.100373 0.016693 0.000010 0.000010 0.099445 0.367744 0.000010
0.272697 0.063988 0.008702 0.169656 0.000010 0.009685 0.117224 0.358026 0.000010
0.096207 0.132940 0.000010 0.130743 0.039363 0.034228 0.048406 0.485020 0.033083
0.257928 0.067229 0.000010 0.020311 0.018668 0.024085 0.000010 0.538351 0.073406
0.052064 0.060035 0.087111 0.103299 0.000010 0.003425 0.211155 0.452791 0.030110
0.109624 0.000010 0.059412 0.155895 0.000010 0.000010 0.150688 0.508399 0.015952
0.386823 0.000010 0.000010 0.107936 0.000010 0.000010 0.096062 0.409130 0.000010
0.229396 0.088163 0.068200 0.050192 0.052925 0.000010 0.132206 0.346886 0.032023
0.044742 0.201593 0.000010 0.199849 0.046303 0.000010 0.055346 0.452138 0.000010
0.171257 0.031717 0.139241 0.083551 0.000010 0.000010 0.061721 0.457867 0.054626
0.187362 0.000010 0.063211 0.000010 0.042000 0.053773 0.218173 0.435451 0.000010
0.214469 0.000010 0.002348 0.092119 0.000010 0.000010 0.161690 0.529334 0.000010
0.195364 0.016924 0.104159 0.013513 0.032689 0.000010 0.148297 0.489034 0.000010
0.084851 0.004075 0.068419 0.279584 0.088744 0.000010 0.040297 0.419086 0.014934
0.194464 0.000010 0.000010 0.067707 0.000010 0.109703 0.120424 0.475386 0.032286
0.231326 0.000010 0.067149 0.078004 0.000010 0.000010 0.071974 0.551507 0.000010
0.083170 0.111046 0.027456 0.126199 0.000010 0.000010 0.158252 0.493847 0.000010
0.254931 0.015581 0.059232 0.065186 0.000010 0.026816 0.150744 0.427490 0.000010
0.143640 0.051842 0.170607 0.139578 0.000010 0.004889 0.127141 0.362283 0.000010
0.128274 0.076286 0.000010 0.108898 0.000010 0.000010 0.094850 0.526182 0.065481
0.282255 0.000010 0.000010 0.104634 0.004201 0.000010 0.000010 0.498603 0.110266
0.327761 0.000010 0.010098 0.000010 0.000010 0.000010 0.133039 0.429576 0.099486
0.299657 0.111099 0.000010 0.009994 0.000010 0.000010 0.111732 0.467477 0.000010
0.222052 0.000010 0.096087 0.000010 0.000010 0.000010 0.169809 0.512002 0.000010
0.290022 0.000010 0.080880 0.000010 0.000010 0.000010 0.093302 0.535746 0.000010
0.143367 0.023960 0.137933 0.262121 0.000010 0.000010 0.055571 0.377019 0.000010
0.106179 0.000010 0.064753 0.209898 0.000010 0.000010 0.085677 0.520879 0.012583
0.170630 0.000010 0.062494 0.060837 0.030400 0.000010 0.138577 0.537032 0.000010
0.157963 0.025880 0.095017 0.105153 0.005132 0.000010 0.081904 0.528931 0.000010
0.207746 0.132610 0.000010 0.189472 0.064007 0.000010 0.083676 0.322459 0.000010
0.326247 0.017198 0.081477 0.090755 0.036358 0.000010 0.000010 0.408349 0.039597
0.238031 0.072323 0.115880 0.185777 0.000010 0.000010 0.024885 0.363075 0.000010
0.145087 0.083895 0.000010 0.126827 0.022776 0.000010 0.169878 0.451507 0.000010
0.084581 0.042272 0.124461 0.154145 0.028264 0.000010 0.139468 0.426790 0.000010
0.269699 0.053064 0.122441 0.002507 0.006882 0.000010 0.107058 0.438328 0.000010
0.126186 0.000010 0.031229 0.040086 0.000010 0.000010 0.238506 0.563952 0.000010
0.241242 0.102615 0.000010 0.145156 0.000010 0.000010 0.122543 0.388405 0.000010
0.238870 0.052727 0.098109 0.012009 0.000010 0.000010 0.048505 0.435056 0.114703
0.237798 0.169258 0.000010 0.124605 0.000010 0.000010 0.112297 0.356002 0.000010
0.260529 0.033718 0.097820 0.043223 0.000010 0.000010 0.135480 0.429201 0.000010
0.161065 0.081253 0.000010 0.169021 0.015032 0.004311 0.115024 0.433246 0.021038
0.115033 0.000010 0.083281 0.173281 0.048241 0.035819 0.026692 0.517633 0.000010
0.164735 0.000010 0.163070 0.157876 0.036968 0.000010 0.155781 0.321539 0.000010
0.075320 0.000010 0.081393 0.139687 0.000914 0.000010 0.223871 0.409560 0.069234
0.126819 0.034962 0.160259 0.066453 0.000010 0.000010 0.098331 0.513146 0.000010
0.211119 0.010203 0.032465 0.056391 0.061391 0.022276 0.147254 0.458892 0.000010
0.062604 0.000010 0.087230 0.038688 0.028439 0.000010 0.194318 0.588691 0.000010
0.097831 0.131163 0.012074 0.109316 0.075974 0.000010 0.222052 0.351571 0.000010
0.261699 0.041918 0.041174 0.000010 0.023181 0.000010 0.132122 0.461491 0.038396
0.101470 0.000010 0.174300 0.194680 0.000010 0.000010 0.116935 0.412576 0.000010
0.177613 0.053782 0.151881 0.032373 0.029272 0.000010 0.146916 0.408143 0.000010
0.213701 0.016399 0.083800 0.001217 0.070300 0.000010 0.216384 0.398180 0.000010
0.258117 0.000010 0.124740 0.023510 0.000010 0.000010 0.139628 0.443240 0.010734
0.329561 0.000010 0.057947 0.000010 0.000010 0.007081 0.097242 0.508128 0.000010
0.170749 0.022372 0.155933 0.023341 0.000010 0.006981 0.132051 0.488554 0.000010
0.107704 0.036001 0.092913 0.145192 0.045059 0.000010 0.194648 0.378463 0.000010
0.131396 0.003206 0.051483 0.010670 0.000010 0.025634 0.189997 0.587594 0.000010
0.047509 0.000010 0.231553 0.222525 0.000010 0.000010 0.108435 0.389937 0.000010
0.137040 0.002904 0.130873 0.079421 0.060708 0.000010 0.114085 0.434060 0.040899
0.246450 0.050237 0.133965 0.073239 0.000010 0.000010 0.176478 0.255121 0.064489
0.177818 0.000010 0.109334 0.143123 0.000010 0.028477 0.133226 0.385009 0.022992
0.164058 0.109866 0.189223 0.047508 0.000024 0.034604 0.106795 0.347912 0.000010
0.116818 0.000010 0.052301 0.087656 0.000010 0.027921 0.165622 0.400386 0.149277
0.196377 0.121060 0.000010 0.000010 0.074630 0.000010 0.163578 0.444315 0.000010
0.091661 0.000010 0.018706 0.154550 0.060033 0.032722 0.223749 0.418558 0.000010
0.199826 0.049675 0.000010 0.062761 0.125930 0.000010 0.095752 0.466025 0.000010
0.000010 0.000010 0.042873 0.000010 0.010621 0.417141 0.000010 0.044346 0.484979
0.025478 0.050030 0.000010 0.000010 0.000010 0.333219 0.000010 0.000010 0.591222
0.036793 0.000010 0.000010 0.000010 0.000010 0.247215 0.000010 0.000010 0.715933
0.000010 0.000010 0.000010 0.000010 0.005132 0.429624 0.000010 0.000010 0.565183
0.000010 0.000010 0.027547 0.000010 0.018980 0.261518 0.000010 0.000010 0.691905
0.021331 0.000010 0.047320 0.000010 0.000010 0.213024 0.000010 0.001306 0.716980
0.000010 0.029985 0.000010 0.021068 0.000010 0.537452 0.000010 0.000010 0.411446
0.000010 0.000010 0.000010 0.000010 0.005133 0.345720 0.000010 0.000010 0.649087
0.000010 0.000010 0.000010 0.013820 0.000010 0.352904 0.010459 0.000010 0.622767
0.000010 0.000010 0.011102 0.005128 0.031521 0.201608 0.000010 0.000010 0.750601
0.067734 0.000010 0.000010 0.007335 0.000010 0.519751 0.000010 0.010443 0.394697
0.000010 0.000010 0.000010 0.015116 0.000010 0.271917 0.000010 0.059384 0.653534
0.000010 0.068810 0.019954 0.025370 0.000010 0.429549 0.000010 0.000010 0.456278
0.000010 0.026295 0.000010 0.007769 0.000010 0.396095 0.046483 0.000010 0.523318
0.000010 0.003596 0.000010 0.013402 0.000010 0.387934 0.000010 0.006107 0.588922
0.012376 0.009791 0.032180 0.000010 0.000010 0.330866 0.000010 0.013123 0.601635
0.000010 0.000010 0.000010 0.000010 0.000010 0.273486 0.000010 0.000010 0.726444
0.000010 0.000010 0.035759 0.000010 0.000010 0.429778 0.000010 0.000010 0.534403
0.008601 0.000010 0.000010 0.029605 0.000010 0.148392 0.000010 0.000010 0.813352
0.038837 0.000010 0.000010 0.000010 0.007173 0.384103 0.000010 0.007444 0.562403
0.000010 0.000010 0.030435 0.007131 0.000010 0.420329 0.005680 0.046574 0.489820
0.000010 0.000010 0.000010 0.000010 0.004184 0.346686 0.000010 0.079129 0.569950
0.057556 0.000010 0.000010 0.000010 0.000010 0.270682 0.000010 0.000010 0.671701
0.029639 0.000010 0.027937 0.010471 0.000010 0.370250 0.031598 0.000010 0.530076
0.000010 0.024788 0.000010 0.000010 0.015532 0.279119 0.000010 0.000010 0.680510
0.000010 0.000010 0.000010 0.000010 0.000010 0.450873 0.081690 0.037178 0.430209
0.000010 0.078175 0.003828 0.000010 0.000010 0.419730 0.030747 0.000010 0.467480
0.003195 0.019060 0.033304 0.000010 0.000010 0.326542 0.000010 0.000010 0.617859
0.000010 0.000010 0.065149 0.018087 0.680079 0.000010 0.236634 0.000010 0.000010
0.388115 0.000010 0.000010 0.282018 0.000010 0.000010 0.016904 0.312913 0.000010
0.339492 0.148142 0.010716 0.305049 0.016347 0.000010 0.037369 0.142864 0.000010
0.518285 0.000010 0.000010 0.173565 0.019109 0.050537 0.096851 0.132287 0.009346
0.388798 0.000010 0.043364 0.275270 0.065520 0.000010 0.000010 0.227007 0.000010
0.334350 0.049873 0.076168 0.357488 0.003212 0.000010 0.000010 0.178879 0.000010
0.426052 0.031844 0.003105 0.054259 0.000010 0.000010 0.106580 0.335178 0.042963
0.358042 0.083026 0.000010 0.355597 0.043412 0.000010 0.100675 0.027667 0.031562
0.404881 0.000010 0.000010 0.302229 0.000010 0.005940 0.017647 0.269263 0.000010
0.419194 0.112352 0.000010 0.319148 0.000010 0.000010 0.024914 0.124352 0.000010
0.512688 0.017143 0.000010 0.130984 0.000010 0.071659 0.068480 0.199016 0.000010
0.548449 0.036927 0.021962 0.252457 0.004180 0.000010 0.001852 0.134152 0.000010
0.394925 0.023956 0.000010 0.249272 0.000010 0.000010 0.108066 0.223740 0.000010
0.518723 0.035724 0.045677 0.206250 0.047167 0.000010 0.000010 0.146430 0.000010
0.439769 0.000010 0.000010 0.238008 0.000010 0.000010 0.074994 0.247179 0.000010
0.419200 0.044344 0.037786 0.350552 0.000010 0.002130 0.000010 0.134536 0.011433
0.334653 0.026579 0.018365 0.328544 0.003236 0.000010 0.119063 0.169541 0.000010
0.372648 0.186037 0.000010 0.294665 0.000010 0.000010 0.000010 0.146600 0.000010
0.447599 0.000010 0.000010 0.247319 0.006373 0.025408 0.073177 0.192600 0.007504
0.533323 0.000010 0.015710 0.274540 0.000010 0.017765 0.000010 0.155510 0.003122
0.581061 0.000010 0.011564 0.209213 0.023618 0.000010 0.000010 0.174504 0.000010
0.440446 0.011227 0.001204 0.297321 0.000010 0.012498 0.000010 0.219566 0.017718
0.317871 0.000010 0.012314 0.376938 0.000010 0.000010 0.017036 0.275801 0.000010
0.331103 0.066385 0.000010 0.392449 0.141717 0.052305 0.000010 0.016010 0.000010
0.337550 0.000010 0.000010 0.385075 0.000010 0.013574 0.066401 0.197360 0.000010
0.498896 0.000010 0.012631 0.255631 0.000010 0.000010 0.000010 0.232791 0.000010
0.445217 0.047744 0.025810 0.311196 0.000010 0.032644 0.000010 0.137360 0.000010
0.433603 0.070438 0.099637 0.243074 0.000010 0.017996 0.000010 0.135222 0.000010
0.336642 0.000010 0.033823 0.371367 0.052005 0.000010 0.033256 0.172878 0.000010
0.000010 0.000010 0.000010 0.007625 0.992305 0.000010 0.000010 0.000010 0.000010
0.000010 0.000010 0.012353 0.000010 0.946844 0.000010 0.040743 0.000010 0.000010
0.000010 0.028791 0.000010 0.000418 0.853416 0.000010 0.024069 0.093265 0.000010
0.038681 0.000010 0.000010 0.000010 0.944199 0.017060 0.000010 0.000010 0.000010
0.033112 0.000010 0.000010 0.000010 0.921120 0.000010 0.000010 0.000010 0.045707
0.004281 0.000010 0.014513 0.000010 0.981147 0.000010 0.000010 0.000010 0.000010
0.000010 0.015174 0.000010 0.000010 0.939689 0.000010 0.045077 0.000010 0.000010
0.000010 0.000010 0.000010 0.000010 0.999920 0.000010 0.000010 0.000010 0.000010
0.000010 0.000010 0.054112 0.042757 0.879616 0.000010 0.012292 0.011184 0.000010
0.000010 0.000010 0.000010 0.000010 0.971677 0.000010 0.028253 0.000010 0.000010
0.000010 0.009508 0.000010 0.000010 0.984287 0.000010 0.006145 0.000010 0.000010
0.000011 0.011300 0.000010 0.021287 0.967352 0.000010 0.000010 0.000010 0.000010
0.000010 0.000010 0.012962 0.029612 0.954888 0.000010 0.000010 0.000010 0.002487
0.013067 0.000010 0.000010 0.000010 0.956117 0.030756 0.000010 0.000010 0.000010
0.000010 0.000010 0.000010 0.000010 0.999920 0.000010 0.000010 0.000010 0.000010
0.000010 0.000010 0.000010 0.000010 0.901795 0.000010 0.098135 0.000010 0.000010
0.000010 0.000010 0.000010 0.000010 0.952277 0.000010 0.047653 0.000010 0.000010
0.614885 0.095417 0.000010 0.037023 0.027697 0.000010 0.000010 0.224938 0.000010
0.596134 0.031557 0.000010 0.000010 0.000010 0.000010 0.105357 0.266901 0.000010
0.475636 0.014436 0.000010 0.058409 0.000010 0.068800 0.058403 0.260277 0.064019
0.604310 0.103492 0.000010 0.000010 0.007908 0.000010 0.006823 0.277427 0.000010
0.476678 0.019727 0.027548 0.084837 0.000010 0.000010 0.158822 0.232357 0.000010
0.475125 0.000010 0.000010 0.137584 0.041970 0.029904 0.000010 0.315377 0.000010
0.577689 0.000010 0.109709 0.061543 0.000010 0.000010 0.047174 0.203845 0.000010
0.525079 0.000010 0.000010 0.073640 0.000010 0.012117 0.000010 0.389114 0.000010
0.577963 0.051974 0.000010 0.094561 0.000010 0.022033 0.032982 0.203340 0.017127
0.655676 0.005989 0.000010 0.000010 0.025971 0.000010 0.000010 0.312313 0.000010
0.609585 0.000010 0.005480 0.057226 0.005830 0.071871 0.017051 0.224957 0.007990
0.559652 0.000010 0.029590 0.000010 0.000010 0.000010 0.000010 0.410699 0.000010
0.508306 0.002375 0.000010 0.083441 0.000010 0.000010 0.101506 0.233842 0.070502
0.695845 0.045064 0.000010 0.000010 0.024616 0.000010 0.000318 0.215097 0.019031
0.568776 0.035986 0.000010 0.041849 0.000010 0.038378 0.000010 0.314970 0.000010
0.450752 0.045827 0.000010 0.098974 0.000010 0.050474 0.052650 0.230706 0.070595
0.436309 0.000010 0.021570 0.117505 0.000010 0.000010 0.022630 0.401946 0.000010
0.389286 0.000010 0.000010 0.095698 0.000010 0.049083 0.105677 0.357688 0.002537
0.536400 0.035837 0.000010 0.066705 0.000010 0.000010 0.000010 0.361008 0.000010
0.546103 0.000010 0.000010 0.000010 0.000010 0.001997 0.051158 0.400692 0.000010
0.610868 0.000010 0.000010 0.044140 0.010400 0.000010 0.051178 0.283375 0.000010
0.558134 0.109727 0.018532 0.061881 0.000010 0.000010 0.012059 0.236903 0.002745
0.409606 0.089305 0.008922 0.196805 0.004120 0.067601 0.000010 0.195173 0.028458
0.588872 0.031664 0.027297 0.008674 0.000010 0.054366 0.000010 0.289097 0.000010
0.431086 0.015540 0.000010 0.056985 0.000010 0.053865 0.070710 0.305488 0.066306
0.573730 0.000010 0.058914 0.043501 0.000010 0.067014 0.000010 0.256801 0.000010
0.502089 0.000010 0.000010 0.107030 0.000010 0.010059 0.049718 0.219445 0.111629
0.512024 0.064272 0.020322 0.039433 0.000010 0.056794 0.000010 0.229011 0.078124
0.492513 0.020888 0.024629 0.000010 0.030495 0.030464 0.043792 0.357200 0.000010
0.441494 0.000010 0.077000 0.078787 0.000010 0.000010 0.000010 0.402669 0.000010
0.623964 0.000010 0.000010 0.073062 0.000010 0.080773 0.044630 0.138081 0.039460
0.593014 0.025359 0.000010 0.045750 0.026642 0.080328 0.075763 0.153124 0.000010
0.543100 0.040857 0.000010 0.037563 0.040721 0.000010 0.005412 0.332317 0.000010
0.504178 0.005867 0.000010 0.010297 0.000010 0.000010 0.073054 0.364399 0.042174
0.423776 0.000010 0.006256 0.169421 0.000010 0.044028 0.061343 0.295147 0.000010
0.509854 0.000010 0.000010 0.212040 0.006741 0.000010 0.000010 0.271315 0.000010
0.565511 0.068738 0.000010 0.000010 0.024336 0.000010 0.000010 0.293686 0.047688
0.412087 0.073815 0.000010 0.224556 0.000010 0.015860 0.000010 0.221981 0.051671
0.528638 0.000010 0.000010 0.049036 0.010827 0.000010 0.062873 0.265587 0.083009
0.453584 0.004595 0.018388 0.082554 0.041861 0.002808 0.000010 0.365240 0.030960
0.402145 0.082002 0.000010 0.146401 0.028796 0.059777 0.031607 0.249251 0.000010
0.625003 0.079798 0.000010 0.067181 0.000010 0.000010 0.021970 0.188640 0.017379
0.668848 0.000010 0.000010 0.000010 0.039833 0.047931 0.004349 0.171791 0.067219
0.550429 0.000010 0.000010 0.000010 0.000010 0.017891 0.015873 0.268043 0.147723
0.468897 0.000010 0.000010 0.229024 0.052649 0.000494 0.044035 0.094402 0.110479
0.617007 0.000010 0.000010 0.063029 0.000010 0.000010 0.000010 0.155173 0.164742
0.485912 0.000010 0.016499 0.056366 0.000010 0.050151 0.000010 0.235799 0.155244
0.600658 0.084695 0.018950 0.000010 0.045504 0.020258 0.053083 0.146294 0.030548
0.541530 0.029316 0.108087 0.000010 0.000010 0.038431 0.000010 0.232825 0.049780
0.518757 0.013753 0.018478 0.031174 0.062871 0.018609 0.035077 0.207839 0.093442
0.545031 0.000010 0.000011 0.000010 0.001299 0.021813 0.030790 0.316177 0.084859
0.598519 0.000010 0.000010 0.000010 0.065617 0.060842 0.000010 0.205864 0.069117
0.517588 0.000010 0.054544 0.000010 0.000010 0.008120 0.054368 0.216150 0.149200
0.502130 0.000010 0.056006 0.033609 0.000010 0.015256 0.028159 0.297564 0.067256
0.502983 0.061327 0.018971 0.020914 0.000010 0.063013 0.000010 0.237864 0.094909
0.013891 0.000010 0.000010 0.055943 0.003095 0.031991 0.000010 0.000010 0.895039
0.323561 0.122191 0.000010 0.086215 0.015634 0.000010 0.000010 0.337274 0.115096
0.608479 0.000010 0.000010 0.029241 0.000010 0.121620 0.000010 0.203850 0.036770
0.564444 0.007602 0.065698 0.000010 0.000010 0.000010 0.011523 0.254108 0.096594
0.537164 0.082554 0.008390 0.000010 0.000010 0.000010 0.083265 0.225582 0.063015
0.464403 0.081663 0.007581 0.008822 0.043107 0.028245 0.013288 0.228178 0.124713
0.704930 0.004481 0.000010 0.035246 0.000010 0.000010 0.065255 0.111161 0.078897
0.484270 0.063166 0.000010 0.089551 0.029829 0.010414 0.043909 0.251013 0.027838
0.499181 0.080794 0.000010 0.077165 0.000010 0.049220 0.031186 0.218097 0.044337
0.855127 0.000010 0.000010 0.040520 0.000010 0.000010 0.000010 0.037538 0.066765
0.693807 0.000010 0.000010 0.000010 0.001685 0.000010 0.107655 0.196803 0.000010
0.607703 0.000010 0.117162 0.000010 0.000010 0.000010 0.000010 0.275075 0.000010
0.398089 0.009974 0.000010 0.123899 0.057157 0.000010 0.059818 0.147780 0.203263
0.452541 0.048321 0.000010 0.069857 0.035077 0.004397 0.000010 0.231512 0.158274
0.638322 0.014114 0.050666 0.104657 0.000010 0.036665 0.003691 0.098547 0.053329
0.523969 0.000010 0.000010 0.000010 0.000010 0.093104 0.000010 0.287099 0.095779
0.521704 0.000010 0.000010 0.033446 0.000010 0.004486 0.000010 0.409126 0.031199
0.568881 0.000010 0.021050 0.007297 0.000010 0.000010 0.040397 0.234237 0.128108
0.420673 0.004631 0.014389 0.170397 0.035895 0.028430 0.036917 0.269721 0.018947
0.506104 0.000010 0.099501 0.000010 0.018760 0.020896 0.066864 0.260573 0.027281
0.542705 0.031537 0.065590 0.000010 0.017121 0.000010 0.000010 0.211016 0.132000
0.490171 0.000010 0.000010 0.079347 0.068490 0.086574 0.061426 0.213961 0.000010
0.468883 0.000010 0.000010 0.000010 0.121231 0.024959 0.000010 0.302925 0.081962
0.391838 0.000010 0.095721 0.000010 0.048038 0.000010 0.107194 0.199934 0.157245
0.645619 0.000010 0.051069 0.000010 0.003102 0.000010 0.063302 0.113401 0.123477
0.310769 0.000010 0.000010 0.291424 0.040593 0.000010 0.000010 0.307926 0.049247
0.452251 0.000010 0.030626 0.043927 0.000010 0.000872 0.116771 0.267630 0.087902
0.450260 0.000010 0.016018 0.128228 0.018676 0.000010 0.056576 0.330211 0.000010
0.645895 0.051229 0.012765 0.012813 0.000010 0.047467 0.000010 0.118604 0.111207
0.592426 0.000010 0.036685 0.076797 0.000010 0.000010 0.108537 0.161307 0.024218
0.476275 0.000010 0.000010 0.089200 0.000010 0.000010 0.068820 0.253957 0.111708
0.580863 0.000010 0.071808 0.126244 0.000010 0.000010 0.000010 0.190476 0.030570
0.000010 0.008699 0.179376 0.000010 0.705151 0.000010 0.106725 0.000010 0.000010
0.000010 0.000010 0.073978 0.000010 0.775058 0.000010 0.150904 0.000010 0.000010
0.000010 0.000010 0.163526 0.010059 0.705051 0.000010 0.121314 0.000010 0.000010
0.080431 0.000011 0.044600 0.000010 0.854503 0.000010 0.000010 0.020415 0.000010
0.000010 0.013500 0.000010 0.000016 0.795995 0.005508 0.184942 0.000010 0.000010
0.000010 0.000010 0.080227 0.006809 0.670942 0.000010 0.241972 0.000010 0.000010
0.000010 0.000010 0.057019 0.038154 0.823003 0.000010 0.081774 0.000010 0.000010
0.507194 0.000010 0.100564 0.298545 0.017259 0.038218 0.000010 0.038189 0.000010
0.607996 0.000010 0.000010 0.201078 0.000010 0.000010 0.028701 0.105666 0.056518
0.542433 0.066992 0.000010 0.176110 0.080811 0.000010 0.000010 0.133614 0.000010
0.599483 0.000010 0.000010 0.031742 0.012012 0.000010 0.199003 0.157719 0.000010
0.468082 0.038292 0.000010 0.296585 0.000546 0.037070 0.095338 0.062391 0.001686
0.579369 0.014657 0.000010 0.195124 0.000010 0.035480 0.000011 0.175329 0.000010
0.573615 0.000010 0.000010 0.310749 0.000010 0.000010 0.000010 0.089557 0.026029
0.517665 0.000010 0.000010 0.125123 0.000010 0.038557 0.135218 0.183396 0.000010
0.483182 0.000010 0.000010 0.162561 0.067521 0.002545 0.169617 0.114543 0.000010
0.612682 0.035672 0.000010 0.113899 0.000010 0.027021 0.000010 0.210685 0.000010
0.439632 0.000010 0.000010 0.069766 0.069879 0.090705 0.039877 0.240331 0.049790
0.441091 0.000010 0.014500 0.182353 0.004114 0.014722 0.094658 0.197669 0.050883
0.630958 0.000010 0.018072 0.026018 0.000010 0.000923 0.000010 0.140403 0.183596
0.418523 0.028667 0.026832 0.015897 0.000010 0.000010 0.064868 0.307586 0.137607
0.523712 0.000010 0.000010 0.000010 0.101522 0.000010 0.000010 0.286353 0.088363
0.574988 0.000010 0.068069 0.138427 0.037048 0.006294 0.058660 0.116493 0.000010
0.559877 0.000010 0.013289 0.005856 0.073701 0.059637 0.054711 0.157098 0.075820
0.580929 0.000010 0.085514 0.000010 0.000010 0.067553 0.051957 0.160622 0.053395
0.541885 0.000010 0.020452 0.080131 0.000010 0.055917 0.104569 0.197016 0.000010
0.639306 0.030715 0.000010 0.000010 0.000010 0.001865 0.090233 0.204882 0.032970
0.516158 0.030910 0.060410 0.041885 0.027458 0.000010 0.000010 0.323149 0.000010
0.549643 0.009932 0.000010 0.000010 0.000010 0.063923 0.015292 0.361169 0.000010
0.568968 0.028912 0.000010 0.012087 0.000010 0.000010 0.057285 0.258424 0.074295
0.380205 0.000010 0.082698 0.055908 0.117482 0.000010 0.000010 0.183618 0.180060
0.635054 0.000010 0.008724 0.000010 0.079759 0.123491 0.038953 0.098927 0.015072
0.465603 0.000010 0.000010 0.137137 0.006368 0.058425 0.022572 0.244460 0.065416
0.406765 0.000010 0.000010 0.046837 0.028093 0.027168 0.010211 0.408850 0.072057
0.520957 0.000010 0.000010 0.191655 0.000010 0.000010 0.000010 0.273406 0.013932
0.507232 0.045334 0.004773 0.087057 0.000010 0.039922 0.000010 0.294794 0.020868
0.362831 0.038165 0.000010 0.045780 0.002823 0.041683 0.000010 0.302569 0.206129
0.513436 0.000010 0.000010 0.012963 0.000010 0.029263 0.000010 0.323506 0.120791
0.528514 0.000010 0.000010 0.000010 0.000010 0.000010 0.000010 0.365861 0.105564
0.588351 0.000010 0.020660 0.052022 0.021953 0.098283 0.000010 0.208755 0.009957
0.533409 0.005529 0.007777 0.027386 0.000010 0.065764 0.044182 0.281818 0.034125
0.610523 0.033750 0.000010 0.000010 0.000010 0.000010 0.022436 0.212228 0.121024
0.022199 0.894084 0.059682 0.000010 0.000010 0.008379 0.015616 0.000010 0.000010
0.000010 0.913061 0.046598 0.000010 0.000010 0.040281 0.000010 0.000010 0.000010
0.000010 0.848289 0.000010 0.000010 0.000010 0.000010 0.135613 0.000010 0.016038
0.000010 0.947146 0.017685 0.000010 0.025663 0.000010 0.005436 0.004030 0.000010
0.000010 0.017720 0.386531 0.000010 0.064016 0.020140 0.484001 0.027562 0.000010
0.068993 0.000010 0.419759 0.000010 0.000010 0.028147 0.378319 0.098055 0.006698
0.000010 0.101124 0.384849 0.025231 0.033749 0.000010 0.455008 0.000010 0.000010
0.000010 0.000010 0.477079 0.000010 0.001970 0.000010 0.364584 0.120866 0.035461
0.032852 0.080416 0.346400 0.018104 0.070780 0.023209 0.428220 0.000010 0.000010
0.000010 0.065809 0.352590 0.000010 0.000010 0.000010 0.532057 0.000010 0.049494
0.019713 0.000010 0.356964 0.000010 0.044197 0.068088 0.391531 0.092817 0.026671
0.000010 0.000010 0.494796 0.047057 0.000010 0.046368 0.386354 0.000010 0.025385
0.000010 0.007228 0.576016 0.000010 0.011702 0.000010 0.306268 0.074615 0.024140
0.000010 0.095040 0.472902 0.000795 0.096136 0.000010 0.234778 0.100319 0.000010
0.465088 0.000010 0.000010 0.009649 0.086920 0.012810 0.100893 0.168968 0.155653
0.472983 0.024469 0.000010 0.090640 0.000010 0.000010 0.107674 0.304194 0.000010
0.540251 0.018766 0.007453 0.083513 0.128679 0.046281 0.014488 0.058554 0.102013
0.530969 0.086069 0.036189 0.021703 0.071889 0.025344 0.000010 0.227817 0.000010
0.454263 0.000010 0.000010 0.077734 0.000010 0.027536 0.093618 0.346808 0.000010
0.613485 0.030080 0.000010 0.000010 0.000010 0.000010 0.000010 0.263797 0.092588
0.598978 0.086379 0.016376 0.000010 0.056677 0.000010 0.000010 0.197402 0.044157
0.467144 0.050068 0.000010 0.000010 0.065562 0.000483 0.000010 0.247512 0.169202
0.681833 0.000010 0.000010 0.033681 0.011835 0.010852 0.003957 0.195710 0.062112
0.412425 0.000010 0.000010 0.110450 0.025113 0.000010 0.095623 0.127310 0.229050
0.540496 0.000010 0.000010 0.091371 0.075139 0.022368 0.000010 0.239395 0.031200
0.714915 0.000010 0.017784 0.000010 0.000010 0.000010 0.000010 0.223195 0.044056
0.758468 0.000010 0.000010 0.000010 0.030032 0.000010 0.000010 0.183383 0.028067
0.447194 0.000010 0.000010 0.064240 0.000010 0.031210 0.084774 0.311947 0.060605
0.456701 0.000010 0.000010 0.004241 0.047351 0.038388 0.000010 0.258524 0.194766
0.645341 0.022399 0.000010 0.085781 0.000010 0.079796 0.000010 0.072313 0.094341
0.516305 0.032324 0.000010 0.030797 0.000010 0.005015 0.049787 0.231517 0.134234
0.531023 0.049468 0.024449 0.135846 0.000010 0.000010 0.011952 0.247231 0.000010
0.689146 0.000010 0.030445 0.000010 0.014781 0.000010 0.040720 0.224868 0.000010
0.481126 0.006923 0.000010 0.054673 0.000010 0.145777 0.000010 0.279378 0.032093
0.548704 0.081320 0.000010 0.000010 0.004895 0.014798 0.071004 0.258328 0.020930
0.000010 0.052333 0.634851 0.000010 0.000010 0.016158 0.296608 0.000010 0.000010
0.000010 0.041396 0.625393 0.000010 0.000010 0.000010 0.333151 0.000010 0.000010
0.000010 0.000010 0.667832 0.000010 0.092687 0.038148 0.181381 0.017034 0.002888
0.000010 0.112808 0.570085 0.000010 0.042309 0.000010 0.262293 0.000010 0.012464
0.023995 0.000010 0.641604 0.056578 0.000010 0.000010 0.277773 0.000010 0.000010
0.000010 0.048149 0.651510 0.000010 0.000010 0.008703 0.291588 0.000010 0.000010
0.000010 0.029093 0.654335 0.000010 0.000010 0.015590 0.294275 0.006667 0.000010
0.000010 0.000010 0.757411 0.000010 0.000010 0.000010 0.242519 0.000010 0.000010
0.000010 0.000010 0.691806 0.000010 0.000010 0.008660 0.299474 0.000010 0.000010
0.000010 0.000010 0.741743 0.000010 0.000010 0.000010 0.196710 0.057621 0.003876
0.000010 0.034690 0.683065 0.000010 0.000010 0.000010 0.275892 0.006303 0.000010
0.000010 0.000010 0.736132 0.000010 0.000010 0.000010 0.263798 0.000010 0.000010
0.000010 0.026151 0.734760 0.000010 0.000010 0.000010 0.239029 0.000010 0.000010
0.000010 0.000010 0.684319 0.000010 0.035703 0.012578 0.267349 0.000010 0.000010
0.000010 0.000010 0.731533 0.000010 0.000010 0.000010 0.268397 0.000010 0.000010
0.000010 0.000010 0.668107 0.000010 0.000010 0.031485 0.285907 0.011299 0.003162
0.026173 0.046471 0.722366 0.000010 0.000010 0.000010 0.204940 0.000010 0.000010
0.000010 0.000010 0.689912 0.000010 0.022737 0.000010 0.254635 0.032665 0.000010
0.018714 0.041875 0.734233 0.008292 0.000010 0.000010 0.165495 0.027805 0.003565
0.000010 0.125378 0.663028 0.000010 0.000010 0.000010 0.211535 0.000010 0.000010
0.000010 0.025106 0.643898 0.000010 0.013815 0.000010 0.317130 0.000010 0.000010
0.000010 0.000010 0.777037 0.032037 0.000010 0.000010 0.190866 0.000010 0.000010
0.000010 0.000010 0.709255 0.041771 0.000010 0.000010 0.248915 0.000010 0.000010
0.000010 0.000010 0.670499 0.028179 0.000010 0.020219 0.233473 0.047590 0.000010
0.000010 0.039702 0.733718 0.000010 0.000010 0.000010 0.226520 0.000010 0.000010
0.000010 0.011224 0.556749 0.000010 0.000010 0.000010 0.293815 0.138162 0.000010
0.000010 0.079459 0.529229 0.000010 0.071704 0.000010 0.319558 0.000010 0.000010
0.000010 0.000010 0.691282 0.000010 0.000010 0.000010 0.235816 0.072842 0.000010
0.000010 0.000010 0.723070 0.000010 0.000010 0.000943 0.254100 0.000010 0.021837
0.000010 0.000010 0.660280 0.000010 0.110097 0.001537 0.222649 0.005396 0.000010
0.035702 0.000010 0.485603 0.000010 0.000010 0.005327 0.444120 0.029208 0.000010
0.005189 0.000010 0.684494 0.000010 0.000010 0.000010 0.310256 0.000010 0.000010
0.000010 0.000010 0.634976 0.000010 0.000010 0.000010 0.364954 0.000010 0.000010
0.000010 0.000010 0.656695 0.000010 0.000010 0.000010 0.334718 0.000010 0.008527
0.059426 0.071356 0.616106 0.000010 0.000010 0.000010 0.253062 0.000010 0.000010
0.001371 0.059171 0.668198 0.000010 0.000010 0.000010 0.222040 0.049179 0.000010
0.053964 0.000010 0.567144 0.000010 0.063349 0.000010 0.315493 0.000010 0.000010
0.000010 0.000010 0.662820 0.050641 0.000010 0.000010 0.256781 0.029708 0.000010
0.000010 0.000010 0.609947 0.000010 0.000010 0.004107 0.268101 0.111133 0.006672
0.029117 0.000010 0.000010 0.000010 0.822067 0.000010 0.148756 0.000010 0.000010
0.000010 0.006302 0.000010 0.000010 0.809554 0.000010 0.184084 0.000010 0.000010
0.000010 0.000010 0.624171 0.000010 0.000010 0.048012 0.282566 0.000010 0.045202
0.000010 0.000010 0.774553 0.000010 0.000010 0.000010 0.225377 0.000010 0.000010
0.369447 0.144825 0.000010 0.346771 0.000010 0.000010 0.000010 0.138907 0.000010
0.273575 0.069874 0.020355 0.347093 0.049080 0.018164 0.051528 0.170321 0.000010
0.372592 0.020898 0.000010 0.395898 0.007758 0.000010 0.013297 0.189526 0.000010
0.231553 0.051829 0.015847 0.316619 0.000010 0.040936 0.000010 0.343187 0.000010
0.305969 0.146404 0.023968 0.342645 0.000010 0.000010 0.000010 0.180973 0.000010
0.373686 0.021893 0.017335 0.270272 0.000010 0.000010 0.000010 0.288727 0.028058
0.325976 0.024586 0.000010 0.366465 0.099623 0.064311 0.000010 0.119010 0.000010
0.390189 0.000010 0.052158 0.390552 0.000010 0.011431 0.000010 0.136308 0.019332
0.533943 0.032601 0.011284 0.252025 0.000010 0.000010 0.000010 0.170107 0.000010
0.300149 0.018842 0.000010 0.356654 0.009513 0.000010 0.000010 0.314803 0.000010
0.346068 0.008351 0.051619 0.344116 0.000010 0.035704 0.000010 0.177228 0.036894
0.416248 0.104876 0.000010 0.283029 0.039175 0.030218 0.000010 0.126423 0.000010
0.289590 0.011711 0.079137 0.495257 0.042057 0.000010 0.082218 0.000010 0.000010
0.000010 0.055773 0.567996 0.000010 0.000010 0.000010 0.376171 0.000010 0.000010
0.037582 0.000010 0.594822 0.000010 0.039228 0.000010 0.244105 0.084223 0.000010
0.000010 0.000010 0.633734 0.000010 0.000010 0.000010 0.352167 0.000010 0.014038
0.000010 0.000010 0.631522 0.000010 0.083462 0.009024 0.270332 0.000010 0.005619
0.000010 0.022514 0.576387 0.000010 0.005927 0.000010 0.369537 0.014156 0.011449
0.008765 0.000010 0.633958 0.000010 0.000010 0.000010 0.357218 0.000010 0.000010
0.000805 0.000010 0.605835 0.035455 0.000010 0.056901 0.300965 0.000010 0.000010
0.000010 0.000010 0.677239 0.000010 0.000010 0.017039 0.305662 0.000010 0.000010
0.000010 0.033414 0.512666 0.002461 0.000010 0.032449 0.417822 0.000010 0.001157
0.000010 0.000010 0.614095 0.000010 0.000010 0.000010 0.378550 0.000010 0.007295
0.000010 0.000010 0.649100 0.000010 0.000010 0.000010 0.350830 0.000010 0.000010
0.000010 0.000010 0.608076 0.000010 0.000010 0.027702 0.364162 0.000010 0.000010
