0.400065 0.040782 0.075935 0.030500 0.000010 0.005014 0.058514 0.347786 0.041394
0.358082 0.000010 0.033355 0.000010 0.000010 0.061664 0.000010 0.546849 0.000010
0.222371 0.017528 0.000010 0.110580 0.000010 0.000010 0.178465 0.471016 0.000010
0.204813 0.060622 0.045807 0.113399 0.011783 0.000010 0.031738 0.429146 0.102682
0.328461 0.000010 0.057999 0.080995 0.000010 0.000010 0.082413 0.450092 0.000010
0.178589 0.000010 0.002081 0.081405 0.071964 0.000010 0.090511 0.311336 0.264094
0.246625 0.000010 0.027925 0.012490 0.058669 0.047996 0.113314 0.489044 0.003928
0.353640 0.000010 0.023076 0.000010 0.000010 0.000010 0.065147 0.558087 0.000010
0.370780 0.089552 0.062590 0.000010 0.000010 0.000010 0.022332 0.380052 0.074664
0.382356 0.000218 0.009219 0.037245 0.095653 0.117166 0.000803 0.357331 0.000010
0.283038 0.000010 0.017105 0.070791 0.000010 0.000010 0.096627 0.431503 0.100905
0.236734 0.000010 0.057865 0.052852 0.000010 0.063094 0.112257 0.458544 0.018635
0.443646 0.023081 0.155621 0.000010 0.000010 0.019291 0.000010 0.343765 0.014566
0.397680 0.000159 0.000010 0.106080 0.076569 0.000010 0.107037 0.273107 0.039349
0.301664 0.000010 0.033275 0.061255 0.011814 0.000010 0.052063 0.466296 0.073613
0.428580 0.000010 0.087435 0.000010 0.097409 0.028467 0.005881 0.352198 0.000010
0.227682 0.000010 0.000010 0.008305 0.000010 0.000010 0.294857 0.469105 0.000010
0.321157 0.099777 0.019540 0.000010 0.000010 0.037456 0.113652 0.389005 0.019394
0.340425 0.000010 0.000010 0.000010 0.038920 0.000010 0.085743 0.492625 0.042247
0.124129 0.020411 0.126233 0.165379 0.000010 0.059315 0.096605 0.407908 0.000010
0.322771 0.000010 0.081888 0.037851 0.000010 0.019034 0.029519 0.245094 0.263822
0.284781 0.000010 0.106487 0.000010 0.004796 0.012131 0.028071 0.532275 0.031438
0.305113 0.000010 0.000010 0.011177 0.096827 0.000010 0.022504 0.261916 0.302433
0.309663 0.091775 0.000010 0.167943 0.091622 0.000010 0.034468 0.304499 0.000010
0.260926 0.018387 0.063176 0.060491 0.000010 0.000010 0.000010 0.529734 0.067255
0.334141 0.000010 0.033120 0.076727 0.000010 0.000010 0.068676 0.475424 0.011881
0.274998 0.036140 0.000010 0.000010 0.083590 0.052565 0.104980 0.380980 0.066726
0.278571 0.059114 0.041141 0.221817 0.001829 0.000010 0.020487 0.376086 0.000944
0.400675 0.000010 0.000010 0.000010 0.000010 0.000010 0.149261 0.381576 0.068438
0.309471 0.051289 0.000010 0.058604 0.000010 0.074388 0.094787 0.249439 0.162003
0.292952 0.076209 0.000010 0.083922 0.033819 0.034059 0.000010 0.479009 0.000010
0.480523 0.058595 0.005737 0.000010 0.000010 0.076786 0.038552 0.328420 0.011367
0.388587 0.000010 0.049298 0.025924 0.052840 0.031807 0.035761 0.415764 0.000010
0.343558 0.000010 0.000010 0.134525 0.000010 0.000010 0.146527 0.354129 0.021220
0.226746 0.000010 0.000010 0.000010 0.000010 0.003421 0.238976 0.530807 0.000010
0.223497 0.000010 0.038260 0.196290 0.000176 0.000010 0.158418 0.370219 0.013120
0.374235 0.033935 0.003979 0.000010 0.000010 0.000010 0.087469 0.500343 0.000010
0.293245 0.000010 0.003106 0.000010 0.000010 0.000010 0.030925 0.306473 0.366211
0.361716 0.014480 0.000010 0.032846 0.013966 0.000010 0.022326 0.478017 0.076628
0.440857 0.000010 0.004580 0.000010 0.000010 0.000010 0.083319 0.409055 0.062149
0.127534 0.000010 0.019498 0.251398 0.047800 0.014502 0.071468 0.467781 0.000010
0.341190 0.000010 0.037350 0.062177 0.000010 0.000010 0.084984 0.474258 0.000010
0.282320 0.000010 0.029990 0.117458 0.000010 0.028562 0.061599 0.457898 0.022153
0.295558 0.000725 0.078248 0.129082 0.052618 0.000010 0.141925 0.301825 0.000010
0.312091 0.022067 0.013025 0.000010 0.035794 0.013867 0.085522 0.425572 0.092051
0.346100 0.000010 0.000010 0.000010 0.000010 0.013321 0.207722 0.432807 0.000010
0.270750 0.000010 0.107181 0.067254 0.000010 0.068277 0.019511 0.397552 0.069454
0.352825 0.054028 0.000010 0.000010 0.000010 0.000010 0.073339 0.519758 0.000010
0.000622 0.000010 0.401024 0.150751 0.000010 0.015550 0.245092 0.183364 0.003578
0.295147 0.062016 0.349146 0.000010 0.050269 0.041288 0.000010 0.202104 0.000010
0.164201 0.000010 0.176523 0.045403 0.017833 0.000010 0.093701 0.411766 0.090552
0.066287 0.138980 0.334252 0.081546 0.040446 0.000010 0.091888 0.246581 0.000010
0.158091 0.000010 0.174623 0.092224 0.000010 0.000010 0.089704 0.485318 0.000010
0.000010 0.179375 0.343036 0.173497 0.000010 0.000010 0.120120 0.143228 0.040714
0.102999 0.000010 0.427667 0.108657 0.017268 0.013227 0.132673 0.195496 0.002002
0.099778 0.047525 0.416589 0.096626 0.000010 0.000010 0.117548 0.221904 0.000010
0.161542 0.021896 0.313093 0.023589 0.113877 0.000010 0.168715 0.197267 0.000010
0.267024 0.092404 0.191489 0.071398 0.000010 0.000010 0.023273 0.315481 0.038911
0.114881 0.000010 0.500765 0.079220 0.000010 0.000010 0.228033 0.077060 0.000010
0.032972 0.001354 0.431260 0.016418 0.000010 0.000010 0.175164 0.342802 0.000010
0.118593 0.000010 0.370804 0.095249 0.000504 0.032316 0.125565 0.256949 0.000010
0.000010 0.000010 0.547066 0.070287 0.000010 0.002704 0.169848 0.198577 0.011488
0.072132 0.000010 0.299970 0.000010 0.000010 0.038575 0.153926 0.353885 0.081482
0.224752 0.044191 0.279702 0.016541 0.020096 0.000010 0.168813 0.176247 0.069649
0.029073 0.000688 0.396078 0.060185 0.220490 0.000010 0.000010 0.293458 0.000010
0.112457 0.090939 0.364486 0.137818 0.107569 0.040699 0.000010 0.146013 0.000010
0.118123 0.015666 0.370579 0.000010 0.073649 0.000010 0.213987 0.207967 0.000010
0.102304 0.058937 0.465014 0.000010 0.000010 0.000010 0.132322 0.220474 0.020919
0.151191 0.000010 0.397536 0.121775 0.000010 0.000010 0.162703 0.166755 0.000010
0.287956 0.097782 0.098375 0.093354 0.175825 0.000010 0.000010 0.246678 0.000010
0.272931 0.007582 0.000010 0.013867 0.000010 0.076831 0.082427 0.190380 0.355963
0.265768 0.000010 0.031238 0.142927 0.000010 0.000010 0.080012 0.480016 0.000010
0.425465 0.000010 0.114485 0.000010 0.000010 0.000010 0.007469 0.360351 0.092190
0.377218 0.059916 0.053998 0.000010 0.000010 0.000010 0.000010 0.433050 0.075777
0.209475 0.000010 0.197346 0.154274 0.001553 0.000010 0.035670 0.349999 0.051663
0.274937 0.000010 0.161493 0.123822 0.000010 0.000010 0.019473 0.223852 0.196393
0.288292 0.027355 0.019405 0.092495 0.066702 0.000010 0.084784 0.420946 0.000010
0.008984 0.000010 0.025589 0.205699 0.050776 0.152216 0.060866 0.174701 0.321160
0.365725 0.021707 0.046862 0.073659 0.000010 0.000010 0.037900 0.448476 0.005650
0.127713 0.006872 0.097167 0.148083 0.109335 0.042653 0.040225 0.366142 0.061810
0.235780 0.000010 0.077304 0.118252 0.000010 0.000010 0.150479 0.418145 0.000010
0.262626 0.017553 0.108047 0.000010 0.025494 0.000010 0.042666 0.543583 0.000010
0.442548 0.055098 0.000010 0.057718 0.062573 0.052082 0.000010 0.329951 0.000010
0.406561 0.000010 0.006645 0.000010 0.000010 0.000010 0.020203 0.497709 0.068842
0.461949 0.031333 0.000010 0.007278 0.000010 0.000010 0.079009 0.420391 0.000010
0.169972 0.064024 0.006599 0.000010 0.061347 0.000010 0.133941 0.409808 0.154289
0.176033 0.000010 0.105752 0.041161 0.018794 0.026663 0.018494 0.512383 0.100709
0.407576 0.000010 0.000010 0.140087 0.059994 0.000010 0.000010 0.392293 0.000010
0.290993 0.061869 0.011870 0.000010 0.000010 0.000010 0.011807 0.331030 0.292401
0.340004 0.000010 0.033194 0.000010 0.000010 0.000010 0.053411 0.527043 0.046308
0.316827 0.012755 0.000010 0.047866 0.046313 0.000010 0.071900 0.473857 0.030462
0.261612 0.000010 0.104286 0.000010 0.000010 0.056854 0.106221 0.445989 0.025007
0.350182 0.000010 0.114711 0.011410 0.000010 0.034808 0.054620 0.434239 0.000010
0.456765 0.000010 0.134936 0.000010 0.000010 0.000010 0.056051 0.352197 0.000010
0.362852 0.000010 0.000010 0.136374 0.039805 0.000010 0.088906 0.261305 0.110727
0.189764 0.034854 0.026199 0.115704 0.000010 0.000010 0.136792 0.496657 0.000010
0.000010 0.000010 0.040232 0.213012 0.071599 0.000010 0.095942 0.503451 0.075735
0.324246 0.000010 0.000010 0.083522 0.000010 0.000010 0.079469 0.512713 0.000010
0.207547 0.000010 0.000010 0.109103 0.002857 0.017148 0.207332 0.455981 0.000010
0.209351 0.000010 0.115150 0.172287 0.000010 0.000010 0.050868 0.452305 0.000010
0.296959 0.000010 0.085976 0.000010 0.000010 0.035510 0.157587 0.284929 0.139010
0.183122 0.046123 0.000010 0.082036 0.029301 0.089292 0.096536 0.111026 0.362555
0.091273 0.112560 0.000010 0.125456 0.130160 0.106085 0.099520 0.257072 0.077865
0.369639 0.000010 0.079475 0.000010 0.000010 0.000010 0.071537 0.479299 0.000010
0.207781 0.000010 0.000010 0.014431 0.000010 0.000010 0.164915 0.603973 0.008860
0.171249 0.043762 0.054913 0.000010 0.000010 0.000010 0.166824 0.452909 0.110314
0.166323 0.005519 0.002975 0.115251 0.000010 0.011228 0.211214 0.436161 0.051320
0.178624 0.000010 0.000010 0.112499 0.056897 0.000010 0.150252 0.498697 0.003000
0.095118 0.047847 0.045926 0.000010 0.000010 0.000010 0.196942 0.614126 0.000010
0.122978 0.000010 0.000010 0.146726 0.134955 0.000010 0.132197 0.463104 0.000010
0.202805 0.042049 0.000010 0.003377 0.133476 0.000010 0.172308 0.408486 0.037478
0.371898 0.016109 0.044778 0.000010 0.020574 0.020377 0.089709 0.436536 0.000010
0.195111 0.028444 0.049892 0.058621 0.000010 0.015976 0.195265 0.456670 0.000010
0.490376 0.000010 0.000010 0.158307 0.073431 0.000010 0.086375 0.128310 0.063171
0.240158 0.000010 0.072434 0.000010 0.111599 0.000010 0.138897 0.436871 0.000010
0.255777 0.000010 0.000010 0.077487 0.051712 0.000010 0.106026 0.393415 0.115552
0.234350 0.000010 0.081667 0.002753 0.015820 0.023656 0.327638 0.314097 0.000010
0.199603 0.000010 0.000010 0.077480 0.023652 0.027338 0.143683 0.528214 0.000010
0.285059 0.092553 0.098657 0.061407 0.000010 0.000010 0.000010 0.431149 0.031145
0.267469 0.029475 0.000010 0.064515 0.218881 0.000010 0.048186 0.371444 0.000010
0.277985 0.078603 0.000010 0.113902 0.075507 0.000010 0.024990 0.428984 0.000010
0.186275 0.000010 0.051554 0.029194 0.074105 0.000010 0.172049 0.472474 0.014329
0.165496 0.000010 0.025078 0.206465 0.030633 0.000010 0.088949 0.456328 0.027031
0.225836 0.089409 0.000010 0.000010 0.000010 0.000010 0.191242 0.493463 0.000010
0.125785 0.000010 0.012129 0.158313 0.000010 0.000010 0.135735 0.556914 0.011094
0.272740 0.064477 0.000010 0.196080 0.070619 0.000010 0.038821 0.357233 0.000010
0.239459 0.000010 0.000010 0.000010 0.000010 0.041063 0.158017 0.561411 0.000010
0.316540 0.051271 0.049044 0.013683 0.000010 0.042097 0.078148 0.449197 0.000010
0.180995 0.151934 0.000010 0.153700 0.000010 0.000010 0.055042 0.458288 0.000010
0.345081 0.016722 0.192020 0.068285 0.000010 0.000010 0.000087 0.359282 0.018502
0.135543 0.000010 0.135036 0.089795 0.000010 0.023058 0.161431 0.439660 0.015457
0.155221 0.000010 0.000010 0.008137 0.000010 0.000010 0.219479 0.583501 0.033623
0.384378 0.000010 0.000010 0.061794 0.000010 0.000010 0.145155 0.408623 0.000010
0.297096 0.000010 0.098621 0.066942 0.069779 0.000010 0.000010 0.350616 0.116915
0.189972 0.000010 0.000010 0.143001 0.000010 0.000010 0.130729 0.411177 0.125081
0.177985 0.000010 0.070774 0.000010 0.082995 0.037513 0.019697 0.611006 0.000010
0.275820 0.047761 0.033208 0.230682 0.000010 0.000010 0.078302 0.334197 0.000010
0.201089 0.109949 0.003941 0.266288 0.059789 0.000010 0.005123 0.338815 0.014996
0.387046 0.000010 0.219239 0.081825 0.006407 0.070405 0.056394 0.178663 0.000010
0.225491 0.004177 0.000010 0.081069 0.049765 0.000010 0.072824 0.566644 0.000010
0.335375 0.033841 0.054635 0.000010 0.029554 0.000010 0.056964 0.424334 0.065277
0.432840 0.000010 0.052195 0.072401 0.051711 0.000010 0.027748 0.363075 0.000010
0.430374 0.000010 0.000010 0.000010 0.000010 0.000010 0.129207 0.440358 0.000010
0.164723 0.048483 0.000010 0.122693 0.077820 0.036854 0.145342 0.404066 0.000010
0.111083 0.000598 0.083876 0.060235 0.000010 0.000010 0.174092 0.570086 0.000010
0.151696 0.000010 0.109451 0.119056 0.000010 0.000010 0.166891 0.452307 0.000568
0.249340 0.039393 0.012155 0.208588 0.008278 0.000010 0.082099 0.398482 0.001655
0.134934 0.000010 0.007374 0.052012 0.101761 0.000010 0.198620 0.505268 0.000010
0.102519 0.051124 0.083351 0.059554 0.036767 0.007733 0.136470 0.522474 0.000010
0.095420 0.000010 0.024614 0.119257 0.004885 0.037046 0.125461 0.593298 0.000010
0.232904 0.103104 0.082292 0.000010 0.000766 0.000010 0.099618 0.481285 0.000010
0.222704 0.017151 0.097728 0.159529 0.046782 0.015085 0.000010 0.441000 0.000010
0.189393 0.030391 0.067026 0.155298 0.073209 0.000010 0.139373 0.345289 0.000010
0.082074 0.000010 0.000010 0.254498 0.000010 0.000010 0.028655 0.626134 0.008599
0.092784 0.000010 0.068860 0.193870 0.000010 0.000010 0.125486 0.518961 0.000010
0.027468 0.006340 0.000010 0.211854 0.000010 0.009949 0.143670 0.600688 0.000010
0.156482 0.037167 0.200632 0.182172 0.000010 0.000010 0.114361 0.309156 0.000010
0.173223 0.000010 0.180405 0.087096 0.032885 0.000010 0.105784 0.420577 0.000010
0.171691 0.000010 0.003297 0.068771 0.035127 0.000010 0.149729 0.571355 0.000010
0.206415 0.000010 0.085460 0.109117 0.078058 0.000010 0.089334 0.431587 0.000010
0.232778 0.028826 0.205916 0.156772 0.050930 0.000010 0.037374 0.287384 0.000010
0.243281 0.034082 0.000010 0.144676 0.000010 0.016362 0.158559 0.403011 0.000010
0.224080 0.006209 0.153034 0.033264 0.075095 0.060526 0.104968 0.333531 0.009294
0.175800 0.155701 0.000010 0.285350 0.000010 0.014774 0.094402 0.273943 0.000010
0.276109 0.004228 0.132962 0.029718 0.000010 0.000010 0.124914 0.432039 0.000010
0.183708 0.073075 0.122366 0.065540 0.033525 0.001408 0.163927 0.356442 0.000010
0.343854 0.000010 0.094026 0.087211 0.036840 0.000010 0.064472 0.332971 0.040605
0.287494 0.000010 0.173707 0.000010 0.099772 0.000010 0.020862 0.418125 0.000010
0.182732 0.036698 0.047606 0.115306 0.015867 0.000010 0.191743 0.410029 0.000010
0.148871 0.024651 0.110235 0.097749 0.060165 0.000010 0.135551 0.422759 0.000010
0.244430 0.019125 0.115889 0.000010 0.078982 0.033692 0.121675 0.340691 0.045505
0.141940 0.056806 0.099655 0.128564 0.000010 0.000010 0.211565 0.361440 0.000010
0.258447 0.093989 0.012753 0.110956 0.000010 0.000010 0.178486 0.345339 0.000010
0.287247 0.000010 0.142342 0.033528 0.084434 0.000010 0.197899 0.254520 0.000010
0.112531 0.040756 0.239685 0.068318 0.000010 0.000010 0.160872 0.377808 0.000010
0.224383 0.000010 0.153916 0.077697 0.000010 0.000010 0.030116 0.513848 0.000010
0.226872 0.000010 0.139791 0.000010 0.000010 0.000010 0.335563 0.297724 0.000010
0.183520 0.057838 0.087032 0.051713 0.000010 0.000010 0.192158 0.380244 0.047475
0.238855 0.000010 0.202058 0.000010 0.072741 0.000010 0.055036 0.431269 0.000010
0.206402 0.087919 0.048088 0.048027 0.075319 0.086954 0.079536 0.358790 0.008965
0.224485 0.029563 0.136916 0.177148 0.045213 0.016242 0.000010 0.370414 0.000010
0.050701 0.000010 0.000010 0.228506 0.077652 0.006526 0.213174 0.413300 0.010120
0.251478 0.000010 0.005072 0.192928 0.000010 0.000010 0.054495 0.451693 0.044303
0.224071 0.000010 0.093602 0.000010 0.000010 0.000010 0.120697 0.489678 0.071913
0.146129 0.000010 0.074873 0.000010 0.112847 0.000010 0.159051 0.507059 0.000010
0.236822 0.032992 0.102466 0.180591 0.000010 0.000010 0.081364 0.349881 0.015864
0.237007 0.000010 0.219390 0.057799 0.000010 0.000010 0.040707 0.445058 0.000010
0.047259 0.000010 0.000010 0.000010 0.031466 0.427378 0.010393 0.000010 0.483464
0.000010 0.000010 0.036431 0.000010 0.040498 0.498453 0.043354 0.000010 0.381224
0.003434 0.000010 0.032613 0.000010 0.025952 0.435160 0.000010 0.032531 0.470280
0.000010 0.000010 0.000010 0.011643 0.035142 0.433296 0.014150 0.000010 0.505729
0.000010 0.000010 0.018583 0.000010 0.008327 0.299053 0.000010 0.000010 0.673987
0.000010 0.038929 0.000010 0.012844 0.000010 0.420488 0.000010 0.000010 0.527688
0.004223 0.000010 0.000010 0.000010 0.042191 0.386339 0.024314 0.000010 0.542893
0.000010 0.000010 0.000010 0.026070 0.012766 0.362884 0.000010 0.010512 0.587729
0.004463 0.000010 0.000010 0.000010 0.032745 0.391348 0.000010 0.000010 0.571393
0.000010 0.000010 0.000010 0.005325 0.000010 0.423328 0.000010 0.037512 0.533785
0.000010 0.000010 0.006325 0.006348 0.000010 0.330464 0.017896 0.009231 0.629707
0.024333 0.000010 0.000010 0.000178 0.000010 0.256589 0.000010 0.000010 0.718850
0.001518 0.000010 0.001825 0.000010 0.075795 0.509757 0.000193 0.000010 0.410882
0.000010 0.000010 0.000010 0.000010 0.066196 0.462230 0.000010 0.000010 0.471515
0.000010 0.000010 0.000010 0.020574 0.030016 0.427713 0.000010 0.000010 0.521647
0.000010 0.000010 0.000010 0.000010 0.000010 0.444886 0.000010 0.000010 0.555044
0.053962 0.000010 0.021036 0.000010 0.000010 0.299028 0.000010 0.018305 0.607630
0.000010 0.000902 0.000010 0.000010 0.000010 0.443219 0.050252 0.000010 0.505577
0.027415 0.000010 0.000010 0.000010 0.087690 0.215722 0.000010 0.000010 0.669123
0.000010 0.000010 0.018210 0.000010 0.000010 0.414964 0.000010 0.000010 0.566765
0.000010 0.000010 0.000010 0.000010 0.000010 0.240395 0.020224 0.044508 0.694822
0.000010 0.000010 0.000010 0.000010 0.000010 0.395882 0.000010 0.000010 0.604048
0.000010 0.000010 0.000010 0.000010 0.122868 0.354020 0.000010 0.024052 0.499010
0.000010 0.003032 0.000010 0.000010 0.069138 0.552169 0.000010 0.000010 0.375611
0.000010 0.000010 0.025948 0.025934 0.032367 0.219364 0.000010 0.000010 0.696347
0.000010 0.000010 0.024345 0.000010 0.046094 0.473451 0.000756 0.000010 0.455314
0.000010 0.000010 0.037909 0.000010 0.000010 0.426564 0.000010 0.000010 0.535467
0.000010 0.000010 0.000010 0.000010 0.003420 0.423133 0.000010 0.055327 0.518070
0.000010 0.000010 0.000010 0.003144 0.861986 0.000010 0.134810 0.000010 0.000010
0.522802 0.117899 0.000010 0.182505 0.000010 0.000010 0.017212 0.159543 0.000010
0.340589 0.000010 0.000010 0.386699 0.035610 0.000010 0.000010 0.195436 0.041626
0.286829 0.050383 0.013866 0.326286 0.017537 0.071911 0.000010 0.233169 0.000010
0.399102 0.042280 0.000010 0.223463 0.000010 0.056213 0.057225 0.221686 0.000010
0.240792 0.000010 0.000010 0.426941 0.015358 0.000010 0.068904 0.234607 0.013367
0.343011 0.000010 0.112381 0.318412 0.000010 0.018244 0.021498 0.186424 0.000010
0.372729 0.034856 0.048533 0.273469 0.024906 0.000010 0.000010 0.245476 0.000010
0.458687 0.115881 0.000010 0.244868 0.080005 0.000010 0.000010 0.100518 0.000010
0.395428 0.000010 0.000010 0.329742 0.115233 0.001592 0.016732 0.141244 0.000010
0.330046 0.000010 0.000010 0.339065 0.054936 0.000010 0.046437 0.170938 0.058548
0.351696 0.058007 0.000010 0.249975 0.000010 0.000010 0.001780 0.273251 0.065260
0.345439 0.000010 0.138707 0.285828 0.000010 0.037548 0.031119 0.156966 0.004374
0.404147 0.043097 0.039319 0.287907 0.000010 0.000010 0.001288 0.224211 0.000010
0.337329 0.086522 0.000010 0.325964 0.000010 0.000010 0.000010 0.190691 0.059454
0.508783 0.000010 0.000010 0.286489 0.000010 0.000010 0.000010 0.204668 0.000010
0.342602 0.000010 0.117471 0.239288 0.001176 0.000010 0.000010 0.299424 0.000010
0.291044 0.103942 0.066444 0.264143 0.175119 0.000010 0.018336 0.080952 0.000010
0.394980 0.079593 0.026663 0.298808 0.000010 0.000010 0.000010 0.194417 0.005509
0.473740 0.000010 0.006692 0.239344 0.000010 0.000010 0.000010 0.280175 0.000010
0.400037 0.000010 0.087591 0.315760 0.041910 0.000010 0.000010 0.154662 0.000010
0.318823 0.020915 0.000010 0.382625 0.000010 0.000010 0.013256 0.245839 0.018512
0.275235 0.036266 0.020231 0.364620 0.000010 0.000010 0.000010 0.303608 0.000010
0.558152 0.031824 0.080569 0.238611 0.009939 0.000010 0.000010 0.050928 0.029956
0.379481 0.016717 0.118542 0.335086 0.000010 0.000010 0.022095 0.128049 0.000010
0.456793 0.015286 0.089889 0.145548 0.035889 0.000010 0.041656 0.214919 0.000010
0.327246 0.000010 0.013670 0.387500 0.024166 0.000010 0.044472 0.164634 0.038293
0.480538 0.000010 0.041177 0.240429 0.001880 0.000010 0.000010 0.233550 0.002397
0.452795 0.000010 0.000010 0.318456 0.066661 0.000010 0.000010 0.162038 0.000010
0.000010 0.000010 0.000010 0.000010 0.955835 0.011205 0.032900 0.000010 0.000010
0.004007 0.000010 0.000010 0.000010 0.977215 0.000010 0.000010 0.018718 0.000010
0.000010 0.000010 0.042429 0.000010 0.899920 0.000010 0.013252 0.044348 0.000010
0.000010 0.000010 0.000010 0.000010 0.999920 0.000010 0.000010 0.000010 0.000010
0.001482 0.000010 0.112998 0.005007 0.770141 0.008301 0.102041 0.000010 0.000010
0.000010 0.000010 0.000010 0.010214 0.947216 0.000010 0.000010 0.042510 0.000010
0.000010 0.000010 0.000010 0.000010 0.921142 0.022443 0.045816 0.010549 0.000010
0.016795 0.000010 0.020528 0.008143 0.897713 0.005226 0.000010 0.051565 0.000010
0.000010 0.000010 0.000010 0.000010 0.957395 0.000010 0.000010 0.042535 0.000010
0.000010 0.000010 0.000010 0.000010 0.891784 0.000010 0.047023 0.061133 0.000010
0.000010 0.000010 0.000010 0.000010 0.903331 0.000010 0.018576 0.078033 0.000010
0.004179 0.000010 0.000010 0.000010 0.989331 0.006430 0.000010 0.000010 0.000010
0.000010 0.000010 0.000010 0.000010 0.922292 0.000010 0.077638 0.000010 0.000010
0.013120 0.000014 0.000010 0.000010 0.971299 0.008888 0.000010 0.000010 0.006639
0.000010 0.020130 0.000010 0.005494 0.965756 0.000010 0.000010 0.008569 0.000010
0.022702 0.000010 0.000010 0.000010 0.977228 0.000010 0.000010 0.000010 0.000010
0.000010 0.000010 0.000010 0.000010 0.944327 0.000010 0.000010 0.055603 0.000010
0.570549 0.000010 0.144443 0.019482 0.041756 0.008613 0.000010 0.215127 0.000010
0.355778 0.035347 0.062472 0.107949 0.000010 0.050860 0.000010 0.387566 0.000010
0.622948 0.033922 0.027382 0.000010 0.015571 0.000010 0.000010 0.259557 0.040589
0.483740 0.054706 0.051161 0.050919 0.000010 0.088857 0.000010 0.253520 0.017077
0.566046 0.000584 0.000010 0.000010 0.106843 0.000010 0.011116 0.315370 0.000010
0.539105 0.036401 0.000010 0.152777 0.013431 0.040400 0.000010 0.203751 0.014115
0.539306 0.001899 0.001439 0.078737 0.000010 0.000010 0.032134 0.346455 0.000010
0.485938 0.000010 0.096129 0.135986 0.075406 0.000010 0.000010 0.204905 0.001605
0.532032 0.000010 0.071087 0.188903 0.000010 0.000010 0.000010 0.158035 0.049904
0.567808 0.023977 0.069167 0.041181 0.000010 0.000010 0.000010 0.261993 0.035844
0.540507 0.076767 0.011015 0.008885 0.040710 0.000010 0.000010 0.322086 0.000010
0.525846 0.000010 0.057709 0.075326 0.000010 0.003094 0.000010 0.337985 0.000010
0.580882 0.000010 0.022773 0.051286 0.045726 0.000010 0.038149 0.207955 0.053209
0.499435 0.000010 0.022438 0.127698 0.093415 0.042938 0.000010 0.214047 0.000010
0.511273 0.052156 0.000010 0.000010 0.000010 0.000010 0.000010 0.368752 0.067770
0.526810 0.089541 0.104704 0.205373 0.000010 0.028719 0.000010 0.044823 0.000010
0.637901 0.000010 0.003396 0.000010 0.000010 0.008918 0.043783 0.305962 0.000010
0.507412 0.081505 0.000010 0.147440 0.000331 0.000010 0.042397 0.220884 0.000010
0.497829 0.000010 0.000010 0.073940 0.105564 0.000010 0.024407 0.298220 0.000010
0.445458 0.094473 0.000010 0.123944 0.000010 0.098603 0.000010 0.237481 0.000010
0.530954 0.025626 0.000010 0.058937 0.000010 0.000010 0.020626 0.341704 0.022123
0.603741 0.000010 0.087987 0.014246 0.000010 0.000010 0.000010 0.248292 0.045695
0.641479 0.000010 0.081652 0.000010 0.058373 0.000010 0.000010 0.218446 0.000010
0.616960 0.000010 0.090494 0.000010 0.000010 0.000010 0.013539 0.260575 0.018392
0.671045 0.062737 0.024206 0.034055 0.055803 0.000010 0.000010 0.150146 0.001988
0.593319 0.055210 0.021612 0.000010 0.019198 0.000010 0.000010 0.273179 0.037452
0.587640 0.000010 0.126757 0.087582 0.000010 0.027692 0.000010 0.170289 0.000010
0.644573 0.028571 0.000010 0.136574 0.000010 0.031008 0.000010 0.159234 0.000010
0.550153 0.052135 0.000010 0.017979 0.064153 0.000010 0.000010 0.315540 0.000010
0.405010 0.000010 0.036164 0.152849 0.007921 0.056654 0.000010 0.310234 0.031149
0.546946 0.121234 0.000010 0.108144 0.000010 0.022375 0.000010 0.142829 0.058442
0.464321 0.000010 0.068956 0.107831 0.000010 0.000010 0.000010 0.358842 0.000010
0.566616 0.000010 0.000010 0.205866 0.000010 0.000010 0.000010 0.216826 0.010642
0.510494 0.000010 0.116963 0.017658 0.000010 0.024003 0.000010 0.330843 0.000010
0.517756 0.000010 0.066955 0.046378 0.000010 0.000010 0.000010 0.347844 0.021026
0.447709 0.000010 0.027235 0.099227 0.000010 0.000010 0.000010 0.319173 0.106615
0.474120 0.000010 0.019712 0.109446 0.000010 0.000010 0.000010 0.396672 0.000010
0.616492 0.000010 0.057914 0.000010 0.000010 0.000010 0.028340 0.296298 0.000916
0.453970 0.000010 0.000010 0.102286 0.066598 0.000010 0.000010 0.334165 0.042941
0.560994 0.000010 0.000010 0.134532 0.012462 0.036762 0.019734 0.235486 0.000010
0.667277 0.000010 0.007587 0.000010 0.021709 0.014833 0.005241 0.283324 0.000010
0.384823 0.000010 0.000010 0.012229 0.000010 0.000010 0.150711 0.374968 0.077228
0.529367 0.000010 0.016511 0.000010 0.060843 0.000010 0.020446 0.260727 0.112075
0.523281 0.092789 0.031104 0.000010 0.000010 0.000010 0.000010 0.352775 0.000010
0.605158 0.056694 0.080556 0.000010 0.000010 0.039974 0.000010 0.169163 0.048425
0.677701 0.000010 0.000010 0.073230 0.035375 0.000010 0.000010 0.213644 0.000010
0.691101 0.000010 0.000010 0.000010 0.022700 0.000010 0.000010 0.075011 0.211137
0.624978 0.000010 0.000010 0.000010 0.000010 0.063373 0.021473 0.242806 0.047331
0.472502 0.060297 0.000010 0.000010 0.130630 0.010258 0.034214 0.279216 0.012865
0.567460 0.000010 0.000010 0.000010 0.000010 0.000010 0.021678 0.410801 0.000010
0.485053 0.016373 0.100474 0.036707 0.000010 0.021776 0.000010 0.304877 0.034719
0.501532 0.000010 0.105066 0.000010 0.000010 0.000010 0.000010 0.364129 0.029223
0.540181 0.000010 0.000010 0.039209 0.000010 0.096010 0.000010 0.320054 0.004506
0.504427 0.057122 0.000010 0.129726 0.033489 0.123591 0.000010 0.010258 0.141366
0.602284 0.027140 0.000010 0.000010 0.030218 0.010500 0.013633 0.165683 0.150523
0.171804 0.000010 0.039754 0.000010 0.000010 0.010424 0.018696 0.097493 0.661799
0.427799 0.054269 0.051681 0.023991 0.062565 0.010309 0.000010 0.277035 0.092342
0.752009 0.008677 0.041410 0.000010 0.000010 0.066828 0.000010 0.131036 0.000010
0.599174 0.059162 0.027248 0.000010 0.000010 0.070693 0.000010 0.243683 0.000010
0.522971 0.010310 0.020671 0.073403 0.046561 0.000010 0.063072 0.217316 0.045685
0.536151 0.000514 0.000010 0.113155 0.028284 0.038698 0.025483 0.257696 0.000010
0.572535 0.000010 0.026495 0.000010 0.000010 0.102949 0.000010 0.202021 0.095960
0.525856 0.000010 0.161279 0.000010 0.000010 0.011655 0.084855 0.208687 0.007638
0.466830 0.000010 0.113394 0.048104 0.000010 0.008188 0.036438 0.239579 0.087447
0.680930 0.000010 0.000010 0.000010 0.000010 0.000010 0.000010 0.286790 0.032220
0.694424 0.000010 0.057458 0.031659 0.000010 0.000010 0.000010 0.199974 0.016446
0.566837 0.000010 0.000010 0.088489 0.025429 0.018330 0.015847 0.130691 0.154357
0.606713 0.041867 0.000010 0.002235 0.000010 0.000010 0.000010 0.139156 0.209990
0.466615 0.005698 0.000010 0.105998 0.000010 0.140173 0.007328 0.184883 0.089285
0.474502 0.040403 0.034065 0.165804 0.073462 0.064637 0.000010 0.141568 0.005549
0.644420 0.000010 0.024721 0.048410 0.035303 0.000010 0.000010 0.192993 0.054123
0.428148 0.000010 0.106128 0.029229 0.000010 0.077517 0.000010 0.175678 0.183270
0.505121 0.123019 0.040971 0.000010 0.000010 0.086245 0.000010 0.124472 0.120141
0.604963 0.000010 0.000010 0.000010 0.000010 0.024696 0.041814 0.328477 0.000010
0.712238 0.000010 0.000010 0.002171 0.015607 0.065603 0.000010 0.204341 0.000010
0.559851 0.020745 0.031080 0.000010 0.032953 0.030938 0.000010 0.310689 0.013724
0.585072 0.000010 0.035849 0.033684 0.092497 0.000010 0.000010 0.250226 0.002643
0.584262 0.117257 0.044551 0.054548 0.000010 0.076147 0.000010 0.123205 0.000010
0.414659 0.000010 0.054555 0.068073 0.000010 0.000010 0.052418 0.249620 0.160646
0.455741 0.000010 0.000010 0.069044 0.000330 0.122086 0.000010 0.352759 0.000010
0.448319 0.000010 0.099074 0.000010 0.000010 0.074904 0.000010 0.377653 0.000010
0.718631 0.000010 0.050297 0.000010 0.000010 0.035541 0.000010 0.180966 0.014525
0.558486 0.006331 0.015883 0.000010 0.046217 0.002552 0.000010 0.370502 0.000010
0.530130 0.058217 0.018561 0.056040 0.017080 0.055549 0.000010 0.112970 0.151444
0.662284 0.007688 0.006190 0.000010 0.000010 0.043433 0.061697 0.218678 0.000010
0.536486 0.112804 0.002789 0.063002 0.000010 0.086390 0.000010 0.186565 0.011944
0.508638 0.000010 0.043787 0.067869 0.000010 0.000144 0.000010 0.231101 0.148431
0.000010 0.044463 0.004777 0.000010 0.768250 0.000010 0.182460 0.000010 0.000010
0.000010 0.000010 0.000010 0.013195 0.703469 0.045107 0.215168 0.000010 0.023021
0.000010 0.000010 0.000010 0.000010 0.795279 0.000010 0.114629 0.000010 0.090032
0.000010 0.031341 0.000010 0.000010 0.807057 0.000010 0.077672 0.000010 0.083880
0.000010 0.017491 0.000010 0.000016 0.743293 0.000010 0.224829 0.000010 0.014331
0.000010 0.000010 0.000010 0.000010 0.791454 0.000010 0.114517 0.000010 0.093968
0.000010 0.000010 0.055757 0.000010 0.719769 0.044201 0.180223 0.000010 0.000010
0.453590 0.017159 0.041264 0.228245 0.063032 0.000010 0.010105 0.178043 0.008551
0.584239 0.000010 0.115915 0.084933 0.000010 0.018070 0.000013 0.196800 0.000010
0.529026 0.049490 0.000010 0.273499 0.000010 0.000010 0.034934 0.077777 0.035243
0.502763 0.000010 0.033161 0.253592 0.000010 0.000010 0.043562 0.144663 0.022229
0.508411 0.055693 0.000777 0.293323 0.000010 0.016533 0.007577 0.073501 0.044176
0.464469 0.000010 0.000010 0.364136 0.018999 0.000010 0.026466 0.125889 0.000010
0.524236 0.000010 0.000010 0.346333 0.000010 0.000010 0.031717 0.097663 0.000010
0.503569 0.009075 0.031712 0.141699 0.000010 0.028715 0.092220 0.192991 0.000010
0.555337 0.091481 0.000010 0.172252 0.000010 0.000010 0.010369 0.169518 0.001013
0.588375 0.000010 0.000010 0.095026 0.084220 0.000010 0.006678 0.162773 0.062898
0.538004 0.000010 0.028648 0.098687 0.082472 0.000010 0.059905 0.192254 0.000010
0.581382 0.000334 0.016356 0.036899 0.004873 0.000010 0.039232 0.244304 0.076612
0.413708 0.012819 0.042435 0.238723 0.036422 0.000010 0.030180 0.225692 0.000010
0.578803 0.038245 0.000010 0.115355 0.051806 0.014179 0.000010 0.155716 0.045875
0.483538 0.105091 0.000010 0.011685 0.000010 0.000010 0.061965 0.337682 0.000010
0.615054 0.000010 0.000010 0.000010 0.000010 0.098639 0.000010 0.185041 0.101215
0.637725 0.000010 0.018478 0.011458 0.026167 0.036422 0.072595 0.197134 0.000010
0.578194 0.000010 0.114510 0.000010 0.000010 0.058731 0.000010 0.187267 0.061258
0.491589 0.013987 0.038229 0.000010 0.000010 0.000010 0.051765 0.167559 0.236841
0.591917 0.014691 0.004734 0.000010 0.000010 0.105469 0.000010 0.283150 0.000010
0.483574 0.000010 0.047580 0.038427 0.000010 0.000010 0.053883 0.340455 0.036051
0.580649 0.000010 0.131815 0.017374 0.000010 0.019684 0.000010 0.250438 0.000010
0.530270 0.000010 0.010490 0.094802 0.090493 0.000010 0.001546 0.193474 0.078906
0.458041 0.028886 0.005771 0.000010 0.000010 0.000010 0.000010 0.348411 0.158851
0.623980 0.000010 0.048807 0.096525 0.024283 0.015936 0.070617 0.119832 0.000010
0.522371 0.000010 0.000010 0.000010 0.038640 0.000010 0.030069 0.305092 0.103787
0.340939 0.000010 0.000010 0.066231 0.000010 0.064620 0.041122 0.105255 0.381804
0.586465 0.105292 0.000010 0.040560 0.000010 0.000010 0.008922 0.199945 0.058786
0.540236 0.000010 0.021660 0.075637 0.011925 0.008918 0.043550 0.223132 0.074932
0.548878 0.000010 0.000010 0.089732 0.041443 0.000010 0.028882 0.271676 0.019359
0.410819 0.000010 0.005606 0.078577 0.028350 0.061769 0.048868 0.318402 0.047599
0.509532 0.000010 0.078739 0.000010 0.014822 0.036195 0.008174 0.205556 0.146962
0.618779 0.000010 0.014895 0.107283 0.006626 0.007219 0.000010 0.215648 0.029532
0.490601 0.000010 0.037926 0.000010 0.025963 0.052896 0.079413 0.284872 0.028310
0.674268 0.000010 0.000010 0.000010 0.000010 0.110890 0.000010 0.214782 0.000010
0.000010 0.983819 0.000010 0.016111 0.000010 0.000010 0.000010 0.000010 0.000010
0.017332 0.558186 0.097426 0.224825 0.000010 0.000010 0.000010 0.078804 0.023398
0.000010 0.870109 0.104011 0.009217 0.000010 0.000010 0.016612 0.000010 0.000010
0.000010 0.862912 0.106810 0.000010 0.000010 0.000010 0.030219 0.000010 0.000010
0.000010 0.000010 0.351484 0.029977 0.018210 0.000010 0.421509 0.178780 0.000010
0.000010 0.000010 0.570475 0.000010 0.017564 0.000010 0.403593 0.008318 0.000010
0.000010 0.045883 0.514980 0.000010 0.000010 0.000010 0.412042 0.027044 0.000010
0.000010 0.000010 0.439895 0.000010 0.090749 0.000010 0.417417 0.051889 0.000010
0.075699 0.000010 0.275825 0.000010 0.087855 0.000010 0.295543 0.228960 0.036088
0.000010 0.011906 0.483397 0.040074 0.075997 0.018423 0.308454 0.017566 0.044174
0.000010 0.030737 0.470049 0.000010 0.068899 0.000010 0.375517 0.054758 0.000010
0.000010 0.000010 0.441570 0.044512 0.090969 0.007913 0.411902 0.003105 0.000010
0.000010 0.000010 0.434822 0.012381 0.031292 0.000010 0.389388 0.132077 0.000010
0.000010 0.000010 0.381925 0.133796 0.107067 0.000010 0.348498 0.028673 0.000010
0.450268 0.000010 0.000010 0.047281 0.000010 0.037204 0.058703 0.380056 0.026458
0.647442 0.003244 0.021425 0.003095 0.000010 0.045988 0.026987 0.190120 0.061689
0.485906 0.000010 0.006705 0.097585 0.000010 0.077225 0.000010 0.332538 0.000010
0.550234 0.000010 0.000010 0.064403 0.000010 0.115016 0.000010 0.264263 0.006044
0.437567 0.041297 0.000010 0.059051 0.000010 0.082734 0.000010 0.156813 0.222508
0.587479 0.030648 0.000010 0.000010 0.042227 0.000010 0.000010 0.241705 0.097901
0.447106 0.000010 0.000010 0.070263 0.000010 0.093277 0.017048 0.327560 0.044716
0.454215 0.000010 0.000010 0.033721 0.054324 0.000010 0.011159 0.208401 0.238150
0.343935 0.000010 0.000010 0.124965 0.082711 0.120446 0.015664 0.227868 0.084390
0.577702 0.000010 0.000010 0.088838 0.036181 0.018498 0.000010 0.227342 0.051408
0.594116 0.000010 0.122931 0.000010 0.000010 0.035510 0.048018 0.199385 0.000010
0.457629 0.022873 0.079747 0.114118 0.007830 0.001272 0.000010 0.258246 0.058274
0.610834 0.000010 0.025180 0.117144 0.000010 0.109479 0.000010 0.137323 0.000010
0.661723 0.000010 0.000010 0.000010 0.025686 0.036631 0.000010 0.195728 0.080192
0.487266 0.000010 0.006365 0.042887 0.079348 0.000010 0.000010 0.311439 0.072665
0.489836 0.066417 0.047656 0.000010 0.000010 0.102341 0.038915 0.148094 0.106721
0.552255 0.000010 0.000878 0.028895 0.000010 0.056442 0.000010 0.230151 0.131348
0.593313 0.041767 0.000010 0.000010 0.026043 0.000010 0.104577 0.234259 0.000010
0.551951 0.035821 0.082601 0.019997 0.006838 0.081851 0.000010 0.220921 0.000010
0.536347 0.013215 0.000010 0.038252 0.000010 0.047244 0.000010 0.167520 0.197392
0.514328 0.016068 0.000010 0.036640 0.086057 0.000010 0.018928 0.327950 0.000010
0.000010 0.025064 0.731904 0.000010 0.000778 0.000010 0.211782 0.000010 0.030431
0.000010 0.000010 0.715051 0.000010 0.000010 0.000010 0.233768 0.031286 0.019846
0.000010 0.000010 0.628829 0.000010 0.000010 0.016345 0.354766 0.000010 0.000010
0.000010 0.000010 0.654486 0.000010 0.041559 0.000010 0.302095 0.000010 0.001810
0.000010 0.007503 0.598202 0.000010 0.037649 0.000010 0.356596 0.000010 0.000010
0.000010 0.056232 0.621000 0.000010 0.000010 0.000010 0.287105 0.035613 0.000010
0.000010 0.000010 0.590818 0.000010 0.000010 0.000010 0.409112 0.000010 0.000010
0.000010 0.000010 0.639815 0.000010 0.062659 0.000010 0.246765 0.050711 0.000010
0.000010 0.000010 0.601456 0.000010 0.000010 0.000010 0.304486 0.093998 0.000010
0.044142 0.040111 0.684251 0.000010 0.042587 0.000010 0.188868 0.000010 0.000010
0.000010 0.000010 0.586651 0.000010 0.000010 0.000010 0.413279 0.000010 0.000010
0.000010 0.001791 0.564391 0.000010 0.000010 0.000010 0.389694 0.000010 0.044074
0.039747 0.000010 0.577346 0.000010 0.000010 0.000010 0.380533 0.000010 0.002323
0.000010 0.012156 0.622464 0.000010 0.006637 0.000010 0.299879 0.058824 0.000010
0.000010 0.028918 0.467567 0.000010 0.000010 0.008440 0.383150 0.088398 0.023498
0.000010 0.000010 0.633218 0.000010 0.043780 0.000010 0.322942 0.000010 0.000010
0.000990 0.042714 0.693140 0.000010 0.027085 0.000010 0.231662 0.000010 0.004379
0.000010 0.020086 0.765660 0.000010 0.000010 0.000010 0.214195 0.000010 0.000010
0.000010 0.055161 0.709014 0.000010 0.057132 0.000010 0.178643 0.000010 0.000010
0.017562 0.000010 0.735999 0.000010 0.000010 0.000010 0.246379 0.000010 0.000010
0.004555 0.016536 0.581285 0.000010 0.000010 0.000010 0.395190 0.000010 0.002394
0.000010 0.000010 0.620914 0.000010 0.035947 0.000010 0.290772 0.041097 0.011230
0.079166 0.000010 0.575532 0.000010 0.000010 0.000010 0.306192 0.010770 0.028300
0.016472 0.000010 0.632277 0.000010 0.000010 0.000010 0.333339 0.000010 0.017863
0.000010 0.000010 0.595977 0.017174 0.000010 0.000010 0.349065 0.000010 0.037734
0.022421 0.000010 0.766020 0.000010 0.000010 0.000010 0.169483 0.039687 0.002348
0.000010 0.000010 0.477517 0.000010 0.000010 0.000010 0.522413 0.000010 0.000010
0.000010 0.000010 0.773249 0.000010 0.000010 0.002206 0.224485 0.000010 0.000010
0.011675 0.000010 0.610541 0.000010 0.074517 0.020318 0.282909 0.000010 0.000010
0.011748 0.012091 0.664518 0.000010 0.000010 0.000010 0.267926 0.043677 0.000010
0.000010 0.000010 0.575195 0.049612 0.000010 0.000010 0.375133 0.000010 0.000010
0.000010 0.000010 0.501814 0.000010 0.000010 0.000010 0.487935 0.000010 0.010191
0.000010 0.000010 0.636874 0.000010 0.004207 0.000010 0.358859 0.000010 0.000010
0.018741 0.000010 0.575428 0.000359 0.030118 0.008829 0.366494 0.000010 0.000010
0.000010 0.070168 0.616504 0.000010 0.000010 0.000010 0.313268 0.000010 0.000010
0.000010 0.017547 0.640424 0.000010 0.037313 0.000010 0.296820 0.007855 0.000010
0.000010 0.051070 0.516731 0.000010 0.011551 0.000010 0.411717 0.008891 0.000010
0.000010 0.000010 0.701677 0.000010 0.000010 0.009282 0.288981 0.000010 0.000010
0.000010 0.013272 0.641446 0.028258 0.038911 0.000010 0.278073 0.000010 0.000010
0.049798 0.000010 0.000010 0.000010 0.776254 0.071530 0.102367 0.000010 0.000010
0.000010 0.000010 0.000010 0.000010 0.845883 0.000010 0.154047 0.000010 0.000010
0.010582 0.029202 0.667813 0.000010 0.000010 0.000010 0.268770 0.023593 0.000010
0.000010 0.000010 0.703286 0.000010 0.000010 0.000010 0.296644 0.000010 0.000010
0.219304 0.047496 0.023700 0.347338 0.000010 0.000010 0.000010 0.350964 0.011168
0.335113 0.051293 0.041953 0.409761 0.035338 0.023276 0.000010 0.103246 0.000010
0.285075 0.000010 0.032162 0.395662 0.000010 0.000010 0.000010 0.287051 0.000010
0.469438 0.010983 0.067242 0.224702 0.084423 0.062761 0.044416 0.036025 0.000010
0.295457 0.000010 0.000702 0.425190 0.048336 0.000010 0.000010 0.230275 0.000010
0.361154 0.000010 0.101409 0.361863 0.000010 0.000010 0.000010 0.116664 0.058870
0.478688 0.000010 0.089962 0.269464 0.000010 0.000010 0.000010 0.142178 0.019667
0.325343 0.010194 0.009640 0.296403 0.000010 0.000010 0.000010 0.358379 0.000010
0.345100 0.041803 0.008104 0.294078 0.000010 0.000010 0.031596 0.279290 0.000010
0.439054 0.038663 0.152071 0.328782 0.000010 0.000010 0.036636 0.000010 0.004763
0.495431 0.000010 0.000010 0.217584 0.000010 0.000010 0.000010 0.286925 0.000010
0.200587 0.027206 0.000010 0.451867 0.009256 0.001621 0.000010 0.164458 0.144985
0.472252 0.000010 0.026057 0.324634 0.037888 0.000010 0.000010 0.139130 0.000010
0.017004 0.000010 0.560992 0.000010 0.000010 0.000010 0.421944 0.000010 0.000010
0.000010 0.028465 0.528496 0.067417 0.000010 0.000010 0.353088 0.000010 0.022494
0.020544 0.000010 0.537027 0.000010 0.000010 0.000010 0.433607 0.008772 0.000010
0.000010 0.008218 0.733252 0.037026 0.041806 0.000010 0.112436 0.067233 0.000010
0.000010 0.000010 0.564542 0.000010 0.065130 0.002185 0.368093 0.000010 0.000010
0.014159 0.000010 0.508807 0.000010 0.000010 0.000010 0.418755 0.007522 0.050717
0.000010 0.000010 0.708308 0.000010 0.000621 0.000010 0.291011 0.000010 0.000010
0.027218 0.000010 0.647470 0.000010 0.000010 0.000010 0.325252 0.000010 0.000010
0.106019 0.000010 0.512684 0.000010 0.000873 0.000010 0.380374 0.000010 0.000010
0.000010 0.000010 0.695388 0.000010 0.000010 0.000010 0.278113 0.026439 0.000010
0.000010 0.000010 0.573641 0.000140 0.000010 0.008743 0.417426 0.000010 0.000010
0.036957 0.000010 0.652705 0.000010 0.000010 0.000010 0.310278 0.000010 0.000010
