0.323240 0.000010 0.004670 0.000010 0.000010 0.000010 0.166671 0.421604 0.083775
0.413076 0.000010 0.000010 0.000010 0.007725 0.000010 0.161530 0.341063 0.076566
0.301098 0.066238 0.005776 0.142127 0.009213 0.000010 0.111968 0.363560 0.000010
0.360156 0.000010 0.000010 0.051781 0.000010 0.000010 0.155426 0.432588 0.000010
0.171646 0.092470 0.000010 0.000010 0.000010 0.000010 0.124342 0.611491 0.000010
0.293430 0.000010 0.000010 0.000010 0.126928 0.012367 0.037003 0.383496 0.146745
0.135794 0.000010 0.036330 0.111334 0.000010 0.058998 0.104318 0.553196 0.000010
0.414224 0.000010 0.000010 0.000010 0.001869 0.000010 0.065554 0.507738 0.010576
0.143402 0.000010 0.000010 0.151619 0.154387 0.015138 0.119938 0.415487 0.000010
0.158932 0.000010 0.000010 0.223270 0.023488 0.000010 0.138879 0.404290 0.051110
0.267858 0.007437 0.008591 0.091275 0.025071 0.022901 0.112547 0.464309 0.000010
0.188727 0.097490 0.000010 0.246392 0.000010 0.000010 0.091542 0.375808 0.000010
0.330900 0.000010 0.000010 0.068404 0.000010 0.000010 0.086387 0.514259 0.000010
0.233821 0.000010 0.065440 0.149704 0.043402 0.027083 0.088716 0.292617 0.099206
0.287690 0.000010 0.066629 0.069815 0.000010 0.051349 0.105942 0.414182 0.004374
0.154121 0.000010 0.033212 0.179611 0.053546 0.000010 0.073956 0.505524 0.000010
0.350787 0.000010 0.056038 0.000010 0.000010 0.014159 0.122426 0.400481 0.056079
0.350691 0.083172 0.000010 0.138132 0.073283 0.000010 0.087159 0.267533 0.000010
0.241166 0.037478 0.000010 0.000010 0.047523 0.000010 0.148008 0.474597 0.051199
0.399104 0.020254 0.037743 0.115032 0.000010 0.000010 0.009606 0.418230 0.000010
0.401191 0.000061 0.000010 0.032228 0.000010 0.021781 0.048879 0.408736 0.087103
0.376982 0.000010 0.136761 0.001397 0.016069 0.043382 0.000010 0.374676 0.050712
0.588383 0.000010 0.015941 0.000010 0.000010 0.038543 0.044557 0.312535 0.000010
0.356634 0.000010 0.031595 0.036413 0.060041 0.000010 0.076638 0.365608 0.073051
0.265492 0.000010 0.001426 0.077436 0.269214 0.000010 0.104606 0.281796 0.000010
0.279418 0.000010 0.000010 0.086925 0.036165 0.000010 0.068858 0.440349 0.088255
0.112455 0.000010 0.026593 0.163539 0.054495 0.052188 0.034568 0.556143 0.000010
0.402739 0.000010 0.000010 0.000010 0.000010 0.000095 0.075357 0.311861 0.209909
0.420991 0.000010 0.000010 0.036072 0.040566 0.002357 0.031640 0.461085 0.007269
0.321817 0.000010 0.000010 0.128620 0.096301 0.000010 0.031574 0.225359 0.196299
0.227644 0.000010 0.107058 0.000010 0.000010 0.019475 0.078464 0.559395 0.007934
0.304192 0.067679 0.000010 0.095689 0.038466 0.000010 0.000010 0.493935 0.000010
0.421124 0.043333 0.000010 0.000010 0.000010 0.054658 0.072102 0.408743 0.000010
0.404616 0.000010 0.000010 0.000010 0.038569 0.000010 0.157598 0.359298 0.039879
0.100212 0.024289 0.001853 0.112854 0.028526 0.000010 0.252664 0.479581 0.000010
0.420657 0.000010 0.042560 0.016448 0.000010 0.048191 0.018547 0.453568 0.000010
0.244554 0.015281 0.000010 0.074356 0.022804 0.000010 0.087370 0.555605 0.000010
0.294560 0.000010 0.000010 0.169841 0.017580 0.060815 0.013104 0.298282 0.145797
0.233115 0.119686 0.010491 0.210491 0.009898 0.000010 0.019318 0.396980 0.000010
0.303705 0.000010 0.000010 0.021761 0.061803 0.000010 0.076826 0.422258 0.113618
0.180306 0.006663 0.143444 0.343472 0.018494 0.001564 0.050588 0.255460 0.000010
0.414093 0.017990 0.000010 0.033487 0.000010 0.000010 0.048809 0.479835 0.005755
0.535653 0.000010 0.035073 0.073028 0.000010 0.000010 0.000010 0.328988 0.027218
0.241782 0.000010 0.099872 0.028569 0.000728 0.013333 0.141887 0.473809 0.000010
0.234504 0.045991 0.000010 0.077410 0.003911 0.002804 0.163447 0.471912 0.000010
0.143251 0.000010 0.086520 0.193504 0.000010 0.000010 0.000010 0.576674 0.000010
0.076953 0.000010 0.000010 0.164427 0.000010 0.075393 0.187009 0.496178 0.000010
0.208221 0.000010 0.000010 0.125438 0.000010 0.000010 0.146801 0.519490 0.000010
0.121209 0.021037 0.456105 0.000010 0.000010 0.076628 0.250840 0.074152 0.000010
0.181936 0.000010 0.161784 0.264669 0.000010 0.063155 0.106961 0.204357 0.017118
0.012027 0.080512 0.418749 0.033753 0.000010 0.035433 0.189853 0.120805 0.108858
0.028837 0.000010 0.359381 0.106749 0.000010 0.051231 0.138441 0.315331 0.000010
0.086958 0.148476 0.252450 0.000010 0.000010 0.000010 0.224035 0.288041 0.000010
0.259457 0.033538 0.181029 0.036920 0.055291 0.000010 0.099543 0.334202 0.000010
0.154128 0.000010 0.375098 0.000010 0.100961 0.000010 0.150265 0.219508 0.000010
0.118313 0.000010 0.420005 0.036651 0.000010 0.000010 0.354644 0.058082 0.012275
0.259214 0.111133 0.244493 0.000010 0.069225 0.000010 0.204362 0.111542 0.000010
0.053036 0.000010 0.323513 0.354694 0.000010 0.000010 0.126714 0.142003 0.000010
0.206661 0.007400 0.415298 0.000010 0.016224 0.000010 0.130161 0.183839 0.040398
0.133431 0.145270 0.222628 0.140789 0.043125 0.003658 0.030710 0.280379 0.000010
0.130047 0.011906 0.306549 0.259534 0.064948 0.004725 0.117203 0.105078 0.000010
0.148689 0.000010 0.411236 0.007885 0.020640 0.057031 0.042173 0.312327 0.000010
0.109993 0.227767 0.024618 0.214835 0.079204 0.029668 0.043666 0.265287 0.004962
0.075309 0.001473 0.576559 0.024781 0.092208 0.000010 0.133596 0.096054 0.000010
0.103441 0.006362 0.293358 0.000010 0.000010 0.000010 0.135709 0.461090 0.000010
0.175349 0.150718 0.466359 0.043487 0.000017 0.000010 0.021228 0.142822 0.000010
0.045196 0.066363 0.256010 0.163258 0.000010 0.004392 0.285643 0.179118 0.000010
0.170530 0.044993 0.185444 0.090863 0.000010 0.008679 0.203847 0.295626 0.000010
0.151118 0.000010 0.397440 0.062483 0.030385 0.068141 0.043481 0.246932 0.000010
0.206154 0.000010 0.475390 0.023681 0.004727 0.047752 0.000010 0.242266 0.000010
0.226504 0.000010 0.000010 0.020558 0.000010 0.161904 0.076685 0.236165 0.278154
0.394661 0.000010 0.000010 0.000010 0.000010 0.010723 0.071636 0.496198 0.026742
0.395088 0.015900 0.017078 0.000010 0.000010 0.000010 0.104972 0.464663 0.002269
0.468311 0.029028 0.000010 0.022811 0.000010 0.008823 0.044472 0.375589 0.050945
0.338294 0.000010 0.000010 0.067810 0.149088 0.000010 0.068712 0.359043 0.017023
0.309566 0.106161 0.000010 0.114182 0.000010 0.000010 0.046085 0.423967 0.000010
0.496594 0.000010 0.009764 0.035332 0.127355 0.000010 0.052225 0.278701 0.000010
0.374742 0.001387 0.059841 0.067000 0.023457 0.061008 0.021724 0.390832 0.000010
0.528532 0.000010 0.000010 0.000010 0.039497 0.000010 0.000010 0.431911 0.000010
0.469914 0.000010 0.000010 0.000010 0.083741 0.011545 0.023289 0.403073 0.008409
0.134526 0.027539 0.000010 0.000010 0.065481 0.000010 0.247521 0.524893 0.000010
0.397858 0.000010 0.000010 0.062253 0.000010 0.000010 0.068763 0.441501 0.029584
0.292486 0.000010 0.000010 0.041185 0.000010 0.000010 0.194640 0.306725 0.164925
0.259344 0.005474 0.000010 0.156366 0.018130 0.000010 0.096627 0.464030 0.000010
0.268028 0.067036 0.000010 0.065071 0.002212 0.000010 0.029630 0.522014 0.045990
0.239903 0.044359 0.000010 0.078924 0.000010 0.000010 0.194908 0.402660 0.039217
0.317516 0.043884 0.000010 0.000010 0.000010 0.040910 0.038610 0.409814 0.149235
0.341421 0.007112 0.000010 0.275615 0.045208 0.000010 0.063915 0.266698 0.000010
0.339225 0.000010 0.079421 0.044137 0.000010 0.000296 0.069385 0.413540 0.053977
0.315195 0.055669 0.036894 0.089600 0.000010 0.000010 0.039830 0.462781 0.000010
0.356984 0.000010 0.000010 0.031140 0.000010 0.000010 0.175194 0.436632 0.000010
0.400855 0.003320 0.000010 0.115600 0.000010 0.000010 0.125045 0.341554 0.013595
0.219994 0.045510 0.005447 0.161636 0.000010 0.000010 0.022921 0.509976 0.034495
0.415331 0.000010 0.011779 0.000010 0.000010 0.000010 0.097595 0.441990 0.033265
0.435165 0.000010 0.000010 0.034280 0.046525 0.037293 0.054266 0.392441 0.000010
0.184718 0.000010 0.012942 0.098584 0.039397 0.000010 0.195479 0.468849 0.000010
0.304089 0.000010 0.049609 0.000010 0.000338 0.019002 0.178295 0.420620 0.028026
0.299965 0.000010 0.027383 0.000010 0.003921 0.000010 0.130417 0.538275 0.000010
0.294407 0.000010 0.000010 0.000010 0.000010 0.000010 0.146364 0.559168 0.000010
0.215186 0.000010 0.079209 0.099036 0.000010 0.000010 0.076310 0.523653 0.006575
0.192860 0.000010 0.077448 0.000010 0.000010 0.000010 0.103505 0.626137 0.000010
0.000010 0.000010 0.000010 0.111237 0.000010 0.096489 0.000010 0.082216 0.710008
0.274950 0.000010 0.106285 0.000010 0.020010 0.000010 0.090808 0.378416 0.129501
0.182202 0.000010 0.000010 0.142628 0.086198 0.000010 0.088708 0.500224 0.000010
0.333457 0.000010 0.000010 0.000010 0.000010 0.000010 0.102273 0.564210 0.000010
0.065992 0.025420 0.000010 0.254687 0.000010 0.022220 0.077508 0.554143 0.000010
0.386198 0.000010 0.010503 0.050975 0.001514 0.000010 0.054172 0.496608 0.000010
0.309270 0.084097 0.000010 0.016000 0.000010 0.000010 0.092172 0.498420 0.000010
0.014560 0.000010 0.000010 0.026825 0.028469 0.000010 0.159497 0.726390 0.044230
0.028628 0.000010 0.000010 0.228088 0.050013 0.000010 0.163727 0.471022 0.058493
0.065801 0.044175 0.000010 0.000010 0.000010 0.000010 0.307909 0.508437 0.073638
0.022979 0.000010 0.000010 0.153374 0.016926 0.000010 0.308120 0.409915 0.088656
0.297108 0.100226 0.127654 0.167040 0.000010 0.015733 0.000010 0.292210 0.000010
0.392363 0.000010 0.047003 0.027964 0.000010 0.000010 0.007145 0.517805 0.007690
0.236582 0.010932 0.032137 0.000010 0.000010 0.070578 0.155273 0.494469 0.000010
0.140153 0.000010 0.039924 0.247866 0.000010 0.000010 0.138524 0.423792 0.009710
0.091492 0.000010 0.000010 0.100395 0.000010 0.000010 0.283215 0.395138 0.129720
0.178881 0.000010 0.004072 0.000010 0.000010 0.040199 0.107193 0.624108 0.045516
0.224362 0.004365 0.000010 0.000010 0.016956 0.000010 0.149686 0.598085 0.006516
0.377936 0.000010 0.000010 0.115480 0.000010 0.042762 0.087100 0.363600 0.013093
0.161697 0.070505 0.091080 0.171746 0.000010 0.000010 0.096010 0.392594 0.016348
0.232122 0.070499 0.087769 0.049445 0.000010 0.000010 0.113270 0.428316 0.018560
0.094100 0.000010 0.000010 0.220330 0.000010 0.000010 0.259906 0.425613 0.000010
0.043261 0.114736 0.043341 0.209613 0.000010 0.000010 0.087050 0.501969 0.000010
0.378124 0.024556 0.069642 0.033818 0.038988 0.000010 0.087583 0.367269 0.000010
0.298993 0.000010 0.000010 0.146012 0.048598 0.000010 0.168888 0.337469 0.000010
0.110204 0.073940 0.000010 0.032850 0.062724 0.062744 0.243713 0.402240 0.011574
0.408479 0.000010 0.013499 0.096090 0.000010 0.000010 0.121127 0.359288 0.001488
0.155253 0.046611 0.000010 0.000010 0.000010 0.095730 0.155671 0.546696 0.000010
0.207864 0.000010 0.016993 0.034251 0.000010 0.027499 0.122106 0.591255 0.000010
0.201694 0.065949 0.085618 0.156526 0.039711 0.000010 0.024362 0.426119 0.000010
0.283423 0.000010 0.091961 0.000010 0.000010 0.000010 0.181372 0.443194 0.000010
0.384543 0.005958 0.093681 0.000010 0.010718 0.000010 0.024958 0.459674 0.020447
0.253430 0.000010 0.076601 0.157709 0.000010 0.037834 0.089655 0.351561 0.033190
0.293601 0.070075 0.000010 0.100930 0.041731 0.000010 0.000010 0.493623 0.000010
0.175593 0.001763 0.006684 0.258712 0.085541 0.000010 0.005657 0.432746 0.033293
0.383795 0.016163 0.000010 0.000010 0.000010 0.000010 0.121295 0.478696 0.000010
0.239192 0.000010 0.088508 0.073190 0.083409 0.000010 0.059899 0.455771 0.000010
0.335557 0.000010 0.053757 0.052045 0.010563 0.023651 0.148356 0.376050 0.000010
0.167339 0.077407 0.015238 0.169295 0.023822 0.000010 0.239318 0.304358 0.003212
0.377314 0.000010 0.000010 0.000010 0.085218 0.000010 0.019792 0.517626 0.000010
0.262084 0.000010 0.000010 0.106532 0.137072 0.019128 0.068028 0.400519 0.006616
0.204816 0.154031 0.000010 0.000010 0.010590 0.000010 0.109673 0.445451 0.075409
0.220360 0.000010 0.000010 0.060083 0.202657 0.004728 0.090229 0.421913 0.000010
0.147845 0.000447 0.049064 0.056077 0.076912 0.000010 0.172665 0.496970 0.000010
0.113755 0.020080 0.000010 0.126867 0.139221 0.000010 0.080305 0.496240 0.023512
0.252674 0.000010 0.000010 0.204691 0.098477 0.000010 0.208116 0.236002 0.000010
0.024953 0.003576 0.030164 0.172821 0.001089 0.004794 0.234607 0.527985 0.000010
0.228288 0.044394 0.020829 0.137531 0.040129 0.000010 0.126387 0.402421 0.000010
0.027059 0.036652 0.000010 0.204372 0.000010 0.026272 0.199622 0.487437 0.018566
0.230187 0.026972 0.000010 0.000010 0.000010 0.000010 0.181202 0.561588 0.000010
0.269138 0.046936 0.061989 0.072285 0.097894 0.000010 0.041729 0.410008 0.000010
0.232271 0.064337 0.000010 0.000010 0.000010 0.000010 0.142926 0.488205 0.072220
0.206394 0.000010 0.060298 0.138817 0.010293 0.000010 0.144417 0.439752 0.000010
0.262324 0.010391 0.000010 0.133761 0.014623 0.000010 0.045981 0.532890 0.000010
0.227214 0.000010 0.000010 0.211774 0.110472 0.000010 0.049371 0.401129 0.000010
0.349221 0.000010 0.000010 0.080759 0.000010 0.038514 0.075680 0.396408 0.059389
0.276966 0.006170 0.000010 0.164997 0.043904 0.000010 0.115491 0.392442 0.000010
0.264647 0.032316 0.000010 0.181792 0.010962 0.000010 0.124205 0.386048 0.000010
0.246716 0.021626 0.000010 0.063421 0.064124 0.000010 0.126274 0.477809 0.000010
0.240782 0.000010 0.029176 0.000010 0.000010 0.002492 0.199841 0.527669 0.000010
0.282743 0.037525 0.140716 0.051435 0.062788 0.000010 0.069705 0.355069 0.000010
0.089977 0.000010 0.104956 0.128889 0.000010 0.028529 0.190482 0.437868 0.019278
0.034133 0.000010 0.171469 0.112324 0.000010 0.017279 0.181188 0.378066 0.105520
0.026325 0.186867 0.116307 0.106729 0.000010 0.000010 0.176508 0.323124 0.064119
0.178402 0.168727 0.000010 0.059681 0.066680 0.000010 0.034665 0.491814 0.000010
0.123203 0.000010 0.049490 0.085772 0.004727 0.000010 0.231585 0.505193 0.000010
0.110721 0.000010 0.172581 0.120788 0.192376 0.008979 0.031743 0.362793 0.000010
0.000010 0.036956 0.201913 0.339708 0.000010 0.000010 0.033895 0.387487 0.000010
0.181811 0.079124 0.010760 0.139789 0.089338 0.050924 0.090893 0.357352 0.000010
0.266365 0.043406 0.074528 0.134437 0.000010 0.000010 0.105644 0.364063 0.011536
0.372192 0.057228 0.069759 0.131024 0.000010 0.009971 0.052729 0.307077 0.000010
0.000010 0.000010 0.125732 0.145083 0.000010 0.009943 0.333480 0.385722 0.000010
0.077243 0.040075 0.165371 0.293756 0.047857 0.000010 0.105950 0.269728 0.000010
0.107561 0.115852 0.123671 0.100581 0.057919 0.000010 0.168111 0.326286 0.000010
0.072110 0.000010 0.089378 0.169446 0.000010 0.037594 0.120368 0.511074 0.000010
0.111538 0.013026 0.068671 0.219266 0.000010 0.000010 0.088709 0.439727 0.059044
0.361645 0.021226 0.090153 0.000010 0.000382 0.010514 0.046570 0.469490 0.000010
0.322528 0.062444 0.119573 0.006788 0.022262 0.000010 0.157206 0.309178 0.000010
0.147871 0.008260 0.072361 0.173324 0.000010 0.014390 0.152862 0.430912 0.000010
0.134785 0.125496 0.000010 0.174707 0.000010 0.017904 0.125856 0.347314 0.073919
0.157800 0.000010 0.065112 0.161974 0.000010 0.008607 0.166434 0.440043 0.000010
0.207567 0.029675 0.229084 0.146109 0.000010 0.000010 0.096986 0.268266 0.022293
0.096807 0.000010 0.015869 0.195967 0.095540 0.025785 0.164926 0.405086 0.000010
0.185478 0.041798 0.086485 0.000010 0.000010 0.000010 0.284599 0.401600 0.000010
0.349094 0.007770 0.000010 0.017410 0.102876 0.024333 0.035023 0.463474 0.000010
0.211183 0.000010 0.103945 0.000010 0.000010 0.000010 0.225792 0.459030 0.000010
0.000010 0.000010 0.000010 0.000010 0.000010 0.363627 0.000010 0.000010 0.636303
0.000010 0.000010 0.028113 0.000010 0.000010 0.462309 0.000010 0.000010 0.509517
0.020315 0.000010 0.000010 0.000010 0.000010 0.424066 0.000010 0.000010 0.555560
0.029150 0.000010 0.000010 0.000010 0.000010 0.297171 0.000010 0.000010 0.673619
0.000010 0.000010 0.000010 0.017268 0.000010 0.388993 0.011414 0.000010 0.582276
0.045653 0.000010 0.000010 0.000010 0.000010 0.333874 0.000010 0.000010 0.620413
0.000013 0.000010 0.055327 0.000010 0.000010 0.467578 0.000010 0.000010 0.477032
0.000010 0.000472 0.000010 0.000010 0.092435 0.393194 0.006103 0.000010 0.507756
0.000010 0.018269 0.000010 0.030428 0.000010 0.264128 0.000010 0.000010 0.687125
0.000010 0.018168 0.006331 0.000010 0.029690 0.367075 0.000010 0.000010 0.578698
0.000010 0.000010 0.000010 0.000010 0.020713 0.317719 0.000010 0.000010 0.661507
0.000010 0.000010 0.000010 0.005387 0.000010 0.397097 0.034223 0.000010 0.563243
0.000010 0.043260 0.008767 0.000010 0.019843 0.293171 0.000010 0.000010 0.634918
0.000010 0.000010 0.010240 0.000010 0.026239 0.470589 0.000010 0.000010 0.492882
0.000010 0.000010 0.014315 0.000010 0.000010 0.357355 0.000010 0.000010 0.628269
0.019187 0.000010 0.000010 0.000010 0.000010 0.270717 0.000010 0.000010 0.710036
0.000010 0.000010 0.047449 0.000010 0.000010 0.249087 0.000010 0.000010 0.703404
0.000010 0.000010 0.003191 0.000010 0.000010 0.356539 0.000010 0.000010 0.640210
0.008186 0.001105 0.000010 0.000010 0.000010 0.303156 0.013720 0.000010 0.673794
0.000010 0.018885 0.000010 0.035244 0.000010 0.463077 0.000010 0.000010 0.482744
0.000010 0.010355 0.006766 0.003168 0.000010 0.303317 0.000010 0.000010 0.676354
0.012458 0.000384 0.000010 0.000010 0.000010 0.303150 0.049013 0.000010 0.634956
0.035630 0.000010 0.000010 0.032185 0.027509 0.408947 0.000010 0.000010 0.495689
0.000010 0.000010 0.000010 0.000010 0.042658 0.439188 0.000010 0.000010 0.518094
0.000010 0.000010 0.000010 0.000010 0.000010 0.292580 0.008840 0.000010 0.698520
0.002570 0.000010 0.000010 0.000010 0.027076 0.338834 0.000010 0.000010 0.631471
0.000010 0.012081 0.000010 0.000010 0.000010 0.295906 0.000637 0.000010 0.691327
0.000010 0.026885 0.024214 0.011631 0.010641 0.204326 0.000010 0.000010 0.722273
0.000010 0.057786 0.158659 0.002641 0.644823 0.000010 0.136052 0.000010 0.000010
0.420300 0.043523 0.000010 0.314133 0.000010 0.000010 0.000010 0.221993 0.000010
0.381598 0.000010 0.000010 0.365473 0.006387 0.075441 0.002872 0.168200 0.000010
0.248363 0.000010 0.000010 0.344732 0.000010 0.000010 0.000010 0.331006 0.075848
0.283311 0.160056 0.000010 0.237166 0.000010 0.000010 0.000010 0.319417 0.000010
0.380880 0.054699 0.000010 0.251773 0.016617 0.007221 0.000010 0.200157 0.088633
0.283971 0.078277 0.000010 0.342075 0.000010 0.000010 0.040719 0.254918 0.000010
0.325891 0.000010 0.000010 0.421853 0.000010 0.000010 0.044754 0.207452 0.000010
0.378342 0.000010 0.000010 0.214857 0.000416 0.059550 0.014149 0.332656 0.000010
0.442093 0.000010 0.000010 0.281907 0.081331 0.000010 0.053766 0.140863 0.000010
0.380612 0.000010 0.013699 0.376037 0.000010 0.000010 0.029248 0.168009 0.032365
0.295761 0.000010 0.000010 0.290130 0.000010 0.003911 0.009642 0.400517 0.000010
0.393874 0.000010 0.013641 0.311816 0.000010 0.000010 0.057320 0.211676 0.011644
0.433441 0.040461 0.069343 0.296855 0.000010 0.000010 0.000010 0.159860 0.000010
0.451483 0.000010 0.000010 0.267782 0.000010 0.004332 0.000010 0.276354 0.000010
0.491780 0.093995 0.000010 0.154628 0.075279 0.000010 0.000010 0.184278 0.000010
0.340871 0.009667 0.051941 0.483969 0.000010 0.043027 0.007185 0.063320 0.000010
0.471832 0.000010 0.000010 0.157785 0.058858 0.000010 0.000010 0.311475 0.000010
0.514097 0.000010 0.000010 0.109405 0.000010 0.049114 0.043721 0.283622 0.000010
0.522548 0.023989 0.028647 0.181606 0.000010 0.031414 0.000010 0.179421 0.032355
0.271620 0.079713 0.000010 0.479410 0.000010 0.000010 0.000010 0.169207 0.000010
0.411537 0.048049 0.000010 0.317535 0.009070 0.000010 0.000010 0.213769 0.000010
0.401365 0.006531 0.000010 0.235166 0.000010 0.000010 0.027648 0.329251 0.000010
0.413862 0.095246 0.005027 0.143793 0.094518 0.000010 0.000010 0.247526 0.000010
0.423461 0.014670 0.000010 0.297344 0.000010 0.000010 0.050910 0.213575 0.000010
0.306356 0.051340 0.000010 0.323912 0.060914 0.017893 0.000010 0.239555 0.000010
0.382040 0.030746 0.000010 0.388473 0.021341 0.030565 0.000010 0.146805 0.000010
0.263504 0.046344 0.068693 0.378141 0.000010 0.000010 0.000010 0.243277 0.000010
0.438990 0.079177 0.017379 0.153094 0.035260 0.000010 0.011423 0.260469 0.004199
0.000010 0.000010 0.000010 0.000010 0.971195 0.000010 0.000010 0.028735 0.000010
0.000013 0.000010 0.000010 0.010062 0.958110 0.000010 0.000010 0.000010 0.031765
0.000010 0.000010 0.043794 0.000010 0.929759 0.000010 0.000010 0.026387 0.000010
0.000010 0.000010 0.053632 0.000010 0.926496 0.009905 0.009916 0.000010 0.000010
0.000010 0.000010 0.000010 0.000010 0.859554 0.003269 0.109162 0.027965 0.000010
0.000010 0.000010 0.000010 0.000010 0.990985 0.008945 0.000010 0.000010 0.000010
0.000010 0.000010 0.000010 0.000010 0.975250 0.000010 0.000010 0.024680 0.000010
0.025760 0.000010 0.000010 0.000010 0.958514 0.015666 0.000010 0.000010 0.000010
0.000010 0.019933 0.000010 0.000010 0.944766 0.000010 0.035241 0.000010 0.000010
0.000010 0.000010 0.002464 0.000010 0.980236 0.000010 0.000010 0.017240 0.000010
0.000010 0.000010 0.000010 0.000010 0.933932 0.018268 0.047740 0.000010 0.000010
0.000010 0.002995 0.000010 0.000010 0.944928 0.000010 0.052017 0.000010 0.000010
0.000010 0.008437 0.000010 0.000010 0.982759 0.000010 0.008743 0.000010 0.000010
0.000010 0.028303 0.000010 0.000010 0.967825 0.000010 0.003812 0.000010 0.000010
0.000010 0.005580 0.000826 0.000010 0.979647 0.000010 0.000010 0.013897 0.000010
0.000010 0.000010 0.000010 0.000010 0.944457 0.000010 0.000010 0.055473 0.000010
0.000010 0.000010 0.000010 0.000010 0.949477 0.000010 0.050453 0.000010 0.000010
0.517140 0.018838 0.000010 0.002427 0.000010 0.000010 0.050999 0.410556 0.000010
0.642701 0.012364 0.013621 0.000010 0.000010 0.000010 0.078594 0.209283 0.043409
0.604565 0.000010 0.016358 0.065988 0.015911 0.000010 0.035016 0.262132 0.000010
0.347826 0.000010 0.016101 0.160509 0.002560 0.000010 0.064325 0.408650 0.000010
0.660689 0.000010 0.000010 0.033172 0.000010 0.004645 0.026167 0.240668 0.034629
0.605639 0.032069 0.000010 0.000010 0.087578 0.000010 0.007350 0.267324 0.000010
0.569141 0.000010 0.004481 0.000010 0.021694 0.027014 0.055898 0.285257 0.036494
0.443776 0.000010 0.025395 0.135660 0.000010 0.000010 0.038381 0.356748 0.000010
0.471333 0.021217 0.000010 0.057723 0.000010 0.000010 0.123149 0.326538 0.000010
0.619060 0.000010 0.000010 0.000010 0.005580 0.000010 0.056023 0.316042 0.003255
0.396664 0.000010 0.000010 0.084577 0.000010 0.000010 0.054183 0.464527 0.000010
0.424868 0.000010 0.000010 0.021246 0.000010 0.000010 0.042917 0.510920 0.000010
0.381214 0.030018 0.077280 0.051900 0.075009 0.000010 0.000010 0.384550 0.000010
0.672671 0.000010 0.000010 0.028279 0.020460 0.000010 0.014562 0.190228 0.073770
0.494598 0.000010 0.011841 0.176188 0.000010 0.002999 0.082091 0.219416 0.012847
0.610168 0.000010 0.000010 0.000010 0.002556 0.029468 0.000010 0.292774 0.064994
0.496732 0.021679 0.000010 0.000010 0.000010 0.000010 0.039691 0.441849 0.000010
0.644253 0.000010 0.000010 0.000010 0.000010 0.000010 0.058504 0.297183 0.000010
0.705725 0.000010 0.000010 0.082724 0.000010 0.000010 0.000010 0.211491 0.000010
0.390189 0.000010 0.000010 0.090922 0.002927 0.000010 0.007676 0.508246 0.000010
0.524983 0.000010 0.037152 0.000010 0.000010 0.000010 0.054087 0.298443 0.085294
0.615947 0.000010 0.000010 0.154416 0.046546 0.021408 0.000010 0.123391 0.038262
0.504728 0.000010 0.040061 0.095513 0.059419 0.000010 0.000010 0.275635 0.024613
0.694236 0.010564 0.000010 0.000010 0.023401 0.000010 0.039582 0.211663 0.020523
0.446941 0.000010 0.000010 0.146977 0.000010 0.000010 0.042694 0.363337 0.000010
0.626867 0.000825 0.000010 0.049372 0.000010 0.000010 0.026410 0.255488 0.041009
0.545837 0.071444 0.038596 0.000010 0.000010 0.000010 0.006184 0.337899 0.000010
0.510271 0.101622 0.006727 0.000010 0.000010 0.000010 0.009758 0.371582 0.000010
0.595628 0.050928 0.011733 0.011211 0.000010 0.000010 0.065869 0.264600 0.000010
0.441323 0.000010 0.023127 0.107678 0.000010 0.000010 0.000010 0.427822 0.000010
0.715468 0.000010 0.066583 0.000010 0.000010 0.000010 0.000010 0.217889 0.000010
0.410824 0.000010 0.000010 0.000010 0.136508 0.000010 0.011700 0.440918 0.000010
0.573122 0.058464 0.051396 0.067876 0.000912 0.000010 0.036830 0.204651 0.006738
0.523124 0.057396 0.000010 0.214328 0.019020 0.000010 0.000800 0.185302 0.000010
0.542484 0.045893 0.000010 0.000010 0.038633 0.000010 0.000010 0.332114 0.040836
0.630650 0.000010 0.000010 0.084035 0.015781 0.010035 0.000010 0.227044 0.032426
0.554516 0.010239 0.000010 0.083575 0.010313 0.009935 0.017531 0.313872 0.000010
0.448717 0.000010 0.069465 0.082542 0.000010 0.009048 0.072978 0.315396 0.001835
0.443316 0.000010 0.000010 0.125685 0.000010 0.000010 0.000010 0.320944 0.110005
0.528121 0.000010 0.000010 0.000010 0.000010 0.000010 0.094152 0.377667 0.000010
0.567502 0.000010 0.123240 0.017567 0.000010 0.000010 0.000010 0.291641 0.000010
0.599042 0.000010 0.000010 0.022309 0.000010 0.000010 0.083272 0.295327 0.000010
0.684271 0.012195 0.000010 0.000010 0.000010 0.000010 0.000010 0.268660 0.034824
0.515382 0.000010 0.000010 0.033929 0.050369 0.031956 0.000010 0.096524 0.271810
0.570812 0.049830 0.086580 0.042132 0.000010 0.047721 0.004508 0.198397 0.000010
0.558783 0.050343 0.000010 0.000010 0.000010 0.000010 0.004135 0.357226 0.029472
0.523469 0.000010 0.000010 0.054562 0.001752 0.000010 0.000010 0.295369 0.124807
0.678614 0.064567 0.000010 0.000010 0.000010 0.000010 0.000010 0.256726 0.000043
0.465289 0.058080 0.000010 0.117769 0.025673 0.000010 0.046166 0.192425 0.094577
0.525292 0.000010 0.000010 0.000010 0.007272 0.023278 0.000010 0.315432 0.128686
0.478180 0.000010 0.062415 0.119516 0.030526 0.018562 0.055164 0.235617 0.000010
0.618961 0.000010 0.000010 0.000010 0.000010 0.000010 0.033999 0.309791 0.037199
0.668143 0.000010 0.000010 0.000010 0.000010 0.021328 0.050743 0.182873 0.076874
0.461875 0.000010 0.055847 0.059833 0.000010 0.000010 0.053685 0.368720 0.000010
0.418407 0.000010 0.087954 0.000010 0.000010 0.000010 0.061506 0.199119 0.232974
0.179115 0.000010 0.000010 0.000010 0.000010 0.084093 0.000010 0.004288 0.732454
0.683667 0.017010 0.000010 0.062289 0.000010 0.000010 0.000010 0.218693 0.018300
0.504746 0.000010 0.000010 0.000010 0.000010 0.033819 0.000010 0.383402 0.077982
0.632241 0.000010 0.008616 0.066317 0.034124 0.000010 0.000010 0.258663 0.000010
0.577032 0.000010 0.006441 0.069053 0.000010 0.021880 0.025789 0.299775 0.000010
0.434867 0.000010 0.000010 0.071158 0.009709 0.022286 0.069804 0.392146 0.000010
0.453605 0.000010 0.001437 0.000010 0.072727 0.000010 0.012740 0.283296 0.176164
0.485259 0.000010 0.000010 0.000010 0.057052 0.000010 0.000010 0.364883 0.092756
0.379027 0.000010 0.000010 0.000010 0.000010 0.000010 0.118778 0.290728 0.211418
0.523950 0.000010 0.000010 0.000010 0.053431 0.008170 0.000010 0.375190 0.039219
0.522205 0.000010 0.029609 0.000010 0.000010 0.000010 0.000010 0.342169 0.105968
0.579567 0.041742 0.012427 0.002562 0.000010 0.000010 0.000010 0.261578 0.102095
0.504360 0.000010 0.022220 0.056487 0.000010 0.000010 0.031041 0.261146 0.124715
0.513137 0.000010 0.000010 0.000010 0.000010 0.000587 0.000010 0.224482 0.261745
0.493769 0.010731 0.000010 0.000010 0.000010 0.000010 0.113723 0.381727 0.000010
0.590961 0.000010 0.003894 0.000010 0.000010 0.000010 0.024192 0.227928 0.152985
0.546135 0.026699 0.031805 0.000010 0.000010 0.037886 0.000010 0.243714 0.113730
0.556428 0.083218 0.000010 0.083880 0.000010 0.060739 0.000010 0.215695 0.000010
0.523542 0.071610 0.000010 0.000010 0.029828 0.039220 0.006155 0.187061 0.142564
0.566342 0.000010 0.000010 0.000010 0.000010 0.000010 0.005968 0.388337 0.039304
0.578736 0.000010 0.000010 0.044162 0.000581 0.000010 0.000010 0.246298 0.130184
0.587685 0.002751 0.000010 0.009838 0.000010 0.000010 0.036767 0.282735 0.080194
0.501479 0.007821 0.000010 0.010172 0.000010 0.000010 0.000010 0.408578 0.071911
0.579420 0.000010 0.000010 0.067904 0.000010 0.000010 0.000010 0.216308 0.136318
0.385824 0.000010 0.018915 0.000010 0.000010 0.042621 0.000010 0.127687 0.424914
0.481740 0.000010 0.000010 0.000773 0.000010 0.000010 0.078314 0.268519 0.170615
0.544124 0.000010 0.000010 0.000010 0.117918 0.000010 0.000010 0.286218 0.051690
0.458062 0.000010 0.000010 0.033541 0.044833 0.087687 0.000010 0.375837 0.000010
0.565856 0.000010 0.000010 0.000010 0.013464 0.000010 0.108468 0.269672 0.042499
0.694864 0.069932 0.000010 0.000010 0.000010 0.000010 0.008774 0.200231 0.026159
0.627963 0.000010 0.000010 0.000010 0.024338 0.000010 0.000010 0.286310 0.061339
0.435168 0.034794 0.000010 0.155295 0.000010 0.046161 0.000010 0.268324 0.060229
0.000010 0.000010 0.000010 0.000010 0.850857 0.000010 0.149073 0.000010 0.000010
0.000010 0.000010 0.000010 0.000010 0.841173 0.000010 0.158757 0.000010 0.000010
0.000010 0.000010 0.000010 0.018031 0.904598 0.000010 0.077312 0.000010 0.000010
0.000010 0.000010 0.000010 0.010462 0.931029 0.000010 0.058449 0.000010 0.000010
0.010036 0.000010 0.000010 0.000016 0.881849 0.000010 0.102614 0.005445 0.000010
0.000010 0.019241 0.000010 0.000010 0.848973 0.000010 0.131726 0.000010 0.000010
0.000010 0.000010 0.126167 0.054645 0.697159 0.000010 0.121979 0.000010 0.000010
0.546705 0.000010 0.000010 0.158339 0.055742 0.000010 0.063078 0.176096 0.000010
0.579112 0.000010 0.000010 0.208063 0.000010 0.000010 0.025674 0.187102 0.000010
0.480253 0.035720 0.000010 0.246975 0.035079 0.000010 0.032250 0.169693 0.000010
0.690424 0.000010 0.054250 0.123071 0.000010 0.000010 0.000010 0.132204 0.000010
0.517778 0.003209 0.005374 0.081933 0.000010 0.041133 0.000010 0.350542 0.000010
0.558910 0.011484 0.000010 0.046500 0.026549 0.005332 0.012884 0.311886 0.026444
0.674606 0.000010 0.000010 0.154357 0.000010 0.011126 0.000010 0.159860 0.000010
0.384654 0.000010 0.056198 0.159294 0.000010 0.019186 0.041136 0.339502 0.000010
0.517489 0.000010 0.000010 0.206397 0.020325 0.069241 0.000010 0.170432 0.016085
0.648986 0.009497 0.007905 0.148086 0.000010 0.000010 0.053542 0.131954 0.000010
0.442486 0.020038 0.000010 0.114161 0.000010 0.068930 0.000010 0.273050 0.081305
0.630672 0.000010 0.009107 0.000010 0.014169 0.000010 0.014950 0.284820 0.046252
0.376554 0.094076 0.000010 0.000010 0.000010 0.000010 0.037440 0.369190 0.122700
0.385994 0.000010 0.000010 0.057925 0.000010 0.000010 0.093734 0.462297 0.000010
0.480288 0.030873 0.037081 0.047099 0.000010 0.083044 0.000010 0.215126 0.106469
0.580106 0.033862 0.000010 0.000010 0.075154 0.000010 0.041731 0.269107 0.000010
0.604185 0.042903 0.000010 0.000010 0.000010 0.056267 0.000010 0.296595 0.000010
0.594673 0.039444 0.026009 0.007626 0.053616 0.000010 0.000010 0.172056 0.106556
0.465696 0.040045 0.035297 0.104249 0.000010 0.006842 0.000010 0.247724 0.100128
0.581833 0.000010 0.000010 0.000010 0.000010 0.015442 0.053468 0.228608 0.120610
0.528879 0.008978 0.046898 0.000010 0.000010 0.006216 0.017807 0.311714 0.079488
0.530547 0.019948 0.000010 0.000010 0.000010 0.000010 0.038988 0.278327 0.132151
0.498185 0.028351 0.000010 0.132845 0.000010 0.000010 0.000010 0.293467 0.047113
0.491526 0.038904 0.000010 0.103019 0.004389 0.009261 0.031831 0.248277 0.072783
0.636491 0.000010 0.016721 0.010773 0.004445 0.000010 0.000010 0.309085 0.022455
0.580200 0.000010 0.000010 0.140406 0.019201 0.000010 0.000010 0.240319 0.019834
0.253117 0.000010 0.000010 0.000010 0.000010 0.078313 0.100723 0.203871 0.363936
0.322243 0.050688 0.006517 0.000010 0.004631 0.015157 0.000010 0.343657 0.257088
0.545546 0.000010 0.074574 0.000010 0.000010 0.029198 0.000010 0.350632 0.000010
0.483157 0.000010 0.000010 0.000010 0.000010 0.000010 0.031972 0.465314 0.019507
0.660517 0.000010 0.000010 0.000010 0.000010 0.000010 0.052619 0.265722 0.021092
0.591151 0.000010 0.000010 0.000010 0.055778 0.024461 0.039305 0.114740 0.174535
0.334586 0.022715 0.000010 0.135284 0.010009 0.105892 0.122949 0.263434 0.005121
0.499484 0.031696 0.000010 0.000010 0.070135 0.000010 0.104679 0.231559 0.062416
0.458418 0.068336 0.026824 0.000010 0.032780 0.023206 0.021110 0.281063 0.088252
0.000010 0.961617 0.000010 0.000010 0.000010 0.000010 0.022739 0.000010 0.015584
0.000010 0.876542 0.104632 0.000010 0.000010 0.018766 0.000010 0.000010 0.000010
0.001915 0.932224 0.000010 0.000010 0.000010 0.000010 0.039546 0.026265 0.000010
0.000010 0.874382 0.000010 0.000010 0.053685 0.000010 0.000148 0.071734 0.000010
0.000010 0.000010 0.301738 0.000010 0.093366 0.000010 0.391671 0.142369 0.070816
0.000010 0.093946 0.478298 0.000010 0.000010 0.000010 0.381805 0.045900 0.000010
0.050157 0.025818 0.439393 0.004739 0.038905 0.000010 0.392402 0.041490 0.007086
0.000010 0.001916 0.483987 0.045748 0.062347 0.002701 0.403271 0.000010 0.000010
0.000010 0.167984 0.383282 0.000010 0.000010 0.000010 0.372174 0.076510 0.000010
0.000010 0.038834 0.508337 0.132136 0.000010 0.000010 0.320644 0.000010 0.000010
0.027144 0.000010 0.597067 0.000010 0.000010 0.000010 0.287609 0.072990 0.015150
0.000010 0.000010 0.452910 0.000010 0.000010 0.000010 0.465014 0.000010 0.082016
0.003698 0.000010 0.395173 0.014246 0.000010 0.020621 0.532539 0.033693 0.000010
0.000010 0.075556 0.339622 0.035630 0.133219 0.000010 0.415934 0.000010 0.000010
0.632269 0.000010 0.000010 0.000010 0.000010 0.000010 0.052013 0.215599 0.100070
0.446713 0.014841 0.038654 0.069392 0.000010 0.000010 0.059325 0.277420 0.093635
0.556519 0.000010 0.000010 0.000653 0.000010 0.000010 0.112077 0.206895 0.123816
0.654225 0.000010 0.025721 0.000010 0.000010 0.000010 0.000010 0.205754 0.114250
0.443743 0.000010 0.047927 0.000010 0.000010 0.000010 0.065144 0.423348 0.019797
0.587436 0.000010 0.000010 0.000010 0.000010 0.032322 0.000010 0.380181 0.000010
0.649151 0.000010 0.000010 0.069010 0.000010 0.005877 0.070355 0.205566 0.000010
0.535965 0.000010 0.000010 0.020483 0.000010 0.000010 0.074955 0.368547 0.000010
0.586375 0.000010 0.000010 0.014191 0.117071 0.000010 0.000010 0.210494 0.071830
0.521613 0.011694 0.000010 0.000010 0.000010 0.000010 0.112096 0.295618 0.058938
0.687764 0.000010 0.000010 0.000010 0.000010 0.034887 0.048073 0.229227 0.000010
0.567252 0.053281 0.000010 0.000010 0.000010 0.054558 0.003134 0.279412 0.042333
0.554440 0.000010 0.000010 0.116477 0.000010 0.019134 0.084343 0.170064 0.055512
0.548976 0.000010 0.000010 0.000010 0.006187 0.052583 0.000010 0.371410 0.020803
0.658812 0.051106 0.000010 0.084825 0.000010 0.000010 0.025618 0.084923 0.094686
0.371489 0.000010 0.091391 0.149625 0.000010 0.000010 0.000010 0.230292 0.157162
0.590431 0.000010 0.000010 0.104482 0.000010 0.000010 0.037645 0.238674 0.028729
0.511842 0.001611 0.000010 0.005186 0.000010 0.000010 0.098734 0.382587 0.000010
0.490904 0.049713 0.000010 0.095790 0.000010 0.000010 0.000010 0.248691 0.114863
0.649365 0.000010 0.000010 0.000010 0.039404 0.000010 0.041260 0.151379 0.118552
0.586292 0.000010 0.000010 0.064229 0.000010 0.000010 0.000010 0.208547 0.140881
0.009037 0.063622 0.648752 0.000010 0.000010 0.000010 0.203898 0.000010 0.074651
0.000010 0.054993 0.634306 0.038991 0.006097 0.000010 0.247142 0.018441 0.000010
0.013844 0.000010 0.722597 0.000010 0.023013 0.000010 0.187348 0.013895 0.039274
0.000010 0.000010 0.667443 0.000010 0.000010 0.007976 0.324520 0.000010 0.000010
0.000010 0.122573 0.617133 0.017800 0.000010 0.000010 0.214504 0.000010 0.027950
0.000010 0.000010 0.593047 0.004609 0.032984 0.000010 0.369310 0.000010 0.000010
0.000010 0.031277 0.663894 0.012178 0.011926 0.000013 0.280683 0.000010 0.000010
0.000010 0.005875 0.619575 0.000010 0.000010 0.056359 0.300325 0.000010 0.017826
0.000010 0.049347 0.621465 0.048058 0.000010 0.000010 0.280162 0.000928 0.000010
0.000010 0.129091 0.574590 0.001057 0.101425 0.005046 0.182013 0.006758 0.000010
0.008517 0.011514 0.717955 0.000010 0.000010 0.029571 0.232404 0.000010 0.000010
0.069203 0.000010 0.702845 0.000010 0.042002 0.000010 0.157341 0.028569 0.000010
0.000010 0.000010 0.701990 0.000010 0.019286 0.025760 0.252914 0.000010 0.000010
0.000010 0.022100 0.724162 0.000010 0.000010 0.000010 0.229622 0.016351 0.007725
0.008145 0.064891 0.717025 0.000010 0.000010 0.000010 0.209889 0.000010 0.000010
0.000010 0.010552 0.695400 0.081093 0.000010 0.000010 0.212906 0.000010 0.000010
0.000010 0.047015 0.650712 0.000010 0.000010 0.000010 0.302213 0.000010 0.000010
0.000010 0.000010 0.681117 0.000010 0.000010 0.000010 0.266609 0.000010 0.052215
0.000010 0.000010 0.653275 0.016673 0.000010 0.000555 0.329448 0.000010 0.000010
0.000010 0.000010 0.681049 0.000010 0.037424 0.021487 0.259990 0.000010 0.000010
0.000010 0.103161 0.617132 0.000010 0.037267 0.000010 0.225750 0.016650 0.000010
0.000010 0.018770 0.615403 0.000010 0.000010 0.000010 0.261011 0.079941 0.024835
0.000010 0.054247 0.657916 0.000010 0.024811 0.000010 0.223761 0.004814 0.034421
0.000010 0.000010 0.648169 0.027567 0.000010 0.000010 0.284024 0.040191 0.000010
0.000010 0.000010 0.819237 0.034862 0.000010 0.000010 0.141296 0.000010 0.004555
0.000010 0.000010 0.696342 0.054559 0.028391 0.001451 0.217278 0.000010 0.001949
0.000010 0.013622 0.616966 0.000010 0.105101 0.000010 0.222233 0.000010 0.042038
0.000010 0.000010 0.745273 0.000010 0.000010 0.000010 0.254657 0.000010 0.000010
0.000010 0.028894 0.569005 0.000010 0.031939 0.000014 0.345808 0.000010 0.024310
0.000010 0.000010 0.407536 0.103040 0.087695 0.003448 0.398241 0.000010 0.000010
0.000010 0.000010 0.709765 0.000010 0.000010 0.000010 0.290165 0.000010 0.000010
0.000010 0.008622 0.575754 0.000010 0.000010 0.000010 0.409064 0.000010 0.006510
0.000010 0.000010 0.648014 0.005225 0.048368 0.000010 0.298343 0.000010 0.000010
0.000010 0.003380 0.488276 0.056248 0.061933 0.000010 0.387896 0.002237 0.000010
0.015185 0.023239 0.613928 0.000010 0.000010 0.000010 0.347598 0.000010 0.000010
0.000010 0.000010 0.781593 0.000010 0.046406 0.000010 0.171941 0.000010 0.000010
0.000010 0.029569 0.532263 0.002901 0.009560 0.000010 0.342267 0.044577 0.038843
0.000010 0.019992 0.626269 0.015412 0.000010 0.000010 0.296911 0.041377 0.000010
0.000010 0.079015 0.570757 0.000010 0.000010 0.000010 0.350167 0.000010 0.000010
0.000010 0.000010 0.157535 0.000010 0.706553 0.000010 0.135852 0.000010 0.000010
0.000010 0.000010 0.000010 0.000010 0.975786 0.000010 0.024135 0.000019 0.000010
0.000010 0.000010 0.762709 0.000010 0.000010 0.000010 0.231051 0.006180 0.000010
0.000010 0.041695 0.732194 0.025947 0.000010 0.000010 0.200113 0.000010 0.000010
0.605314 0.036194 0.000010 0.076656 0.000010 0.060217 0.000010 0.218120 0.003470
0.375358 0.000010 0.021135 0.303153 0.054145 0.000010 0.012646 0.219803 0.013739
0.457236 0.023093 0.062214 0.143837 0.053717 0.016073 0.023183 0.220637 0.000010
0.438648 0.067200 0.000010 0.140546 0.000010 0.000010 0.034584 0.284060 0.034931
0.303792 0.000010 0.026889 0.327092 0.000010 0.017878 0.042094 0.256259 0.025975
0.468987 0.010656 0.000010 0.171862 0.000010 0.000010 0.055459 0.289597 0.003409
0.360340 0.000010 0.000010 0.197382 0.000010 0.000010 0.036792 0.405436 0.000010
0.486690 0.037045 0.000010 0.161706 0.019940 0.000010 0.000010 0.294579 0.000010
0.493801 0.157256 0.000010 0.040377 0.019037 0.000010 0.000010 0.289489 0.000010
0.564126 0.081408 0.000010 0.045659 0.129110 0.000010 0.018180 0.133276 0.028221
0.418240 0.000010 0.023691 0.313613 0.000010 0.026908 0.000010 0.210656 0.006861
0.396953 0.131327 0.000010 0.225624 0.000010 0.000010 0.038797 0.207260 0.000010
0.472245 0.004007 0.000010 0.171924 0.000010 0.000010 0.000010 0.351774 0.000010
0.000010 0.000010 0.697459 0.000010 0.000010 0.000010 0.298653 0.000010 0.003828
0.000010 0.003475 0.621312 0.000010 0.000010 0.000010 0.375153 0.000010 0.000010
0.000010 0.065410 0.601469 0.002496 0.000010 0.000010 0.330575 0.000010 0.000010
0.030380 0.000010 0.663854 0.000010 0.065735 0.000010 0.239981 0.000010 0.000010
0.000010 0.000010 0.703781 0.020613 0.000010 0.000010 0.275545 0.000010 0.000010
0.000010 0.062907 0.575950 0.062169 0.000010 0.000010 0.298924 0.000010 0.000010
0.000010 0.000010 0.554865 0.014943 0.052708 0.000010 0.377435 0.000010 0.000010
0.000010 0.048844 0.824671 0.000010 0.000010 0.000010 0.126425 0.000010 0.000010
0.000010 0.000010 0.732962 0.000010 0.000010 0.000010 0.266968 0.000010 0.000010
0.000010 0.012859 0.619435 0.000010 0.000010 0.000010 0.367646 0.000010 0.000010
0.000010 0.000010 0.711243 0.000010 0.000010 0.009485 0.269344 0.000010 0.009878
0.018112 0.120356 0.795765 0.000010 0.000010 0.007926 0.057801 0.000010 0.000010
