0.277640 0.000010 0.000010 0.096110 0.000010 0.000010 0.152911 0.473288 0.000010
0.286045 0.058915 0.000010 0.000010 0.106333 0.000010 0.143276 0.392362 0.013038
0.074028 0.035300 0.000010 0.043862 0.000010 0.000010 0.211938 0.634832 0.000010
0.132245 0.000010 0.016999 0.112671 0.000010 0.000010 0.106766 0.581966 0.049322
0.316746 0.000010 0.000010 0.059047 0.000010 0.000010 0.089355 0.534802 0.000010
0.270540 0.011868 0.000010 0.000010 0.127475 0.084248 0.000010 0.257204 0.248635
0.171533 0.009658 0.016699 0.235375 0.000010 0.000010 0.111038 0.455666 0.000010
0.435297 0.000010 0.074669 0.000010 0.000010 0.000010 0.102558 0.387426 0.000010
0.361554 0.000236 0.000010 0.203091 0.117204 0.021056 0.002329 0.262712 0.031808
0.293552 0.000010 0.000010 0.004174 0.103001 0.000010 0.124350 0.474883 0.000010
0.213975 0.114743 0.005763 0.000010 0.008762 0.013327 0.039991 0.586616 0.016812
0.182459 0.085070 0.000010 0.057632 0.026355 0.062054 0.113408 0.461594 0.011419
0.295249 0.000010 0.000010 0.179264 0.000010 0.000010 0.038727 0.486710 0.000010
0.138336 0.000010 0.025160 0.131007 0.080832 0.000010 0.111895 0.303211 0.209539
0.053427 0.044780 0.243995 0.233176 0.000010 0.000010 0.000010 0.424582 0.000010
0.225967 0.000010 0.042945 0.146622 0.000010 0.000010 0.128937 0.432997 0.022502
0.150499 0.034918 0.000010 0.138091 0.035356 0.000010 0.210829 0.416838 0.013448
0.240044 0.010975 0.080073 0.083276 0.000010 0.000010 0.135430 0.450172 0.000010
0.190358 0.000010 0.000010 0.041287 0.000010 0.000010 0.218758 0.539350 0.010206
0.423970 0.000010 0.000010 0.071983 0.000010 0.000010 0.029107 0.474890 0.000010
0.186191 0.048998 0.030266 0.128079 0.000010 0.000010 0.126185 0.452270 0.027990
0.233794 0.009557 0.020443 0.016483 0.000622 0.018518 0.171911 0.448438 0.080234
0.442496 0.000010 0.000010 0.035476 0.000010 0.000010 0.077751 0.427961 0.016277
0.348759 0.054585 0.015644 0.015262 0.025468 0.049697 0.090501 0.343020 0.057066
0.532305 0.000010 0.000010 0.000010 0.006005 0.000010 0.000010 0.461630 0.000010
0.325015 0.000010 0.000010 0.002872 0.077274 0.000010 0.139389 0.455410 0.000010
0.230419 0.000010 0.116260 0.091661 0.035618 0.000010 0.061372 0.464641 0.000010
0.241792 0.000010 0.073431 0.029701 0.078212 0.000010 0.060527 0.289159 0.227157
0.219919 0.000010 0.022136 0.110638 0.102734 0.000010 0.120162 0.424381 0.000010
0.501961 0.000010 0.033289 0.030994 0.095372 0.000010 0.037448 0.300906 0.000010
0.190414 0.074343 0.000010 0.042329 0.067377 0.002661 0.181901 0.400796 0.040170
0.232163 0.000010 0.000010 0.145028 0.089917 0.000010 0.060700 0.472152 0.000010
0.354330 0.030815 0.000010 0.219366 0.000010 0.032973 0.000010 0.362476 0.000010
0.178598 0.034027 0.197279 0.134323 0.000010 0.000010 0.099126 0.356617 0.000010
0.103954 0.000010 0.048115 0.050219 0.003488 0.000010 0.234145 0.560049 0.000010
0.343664 0.000010 0.000010 0.136097 0.000010 0.047867 0.020721 0.445300 0.006321
0.220019 0.029133 0.049143 0.042510 0.006361 0.000010 0.149295 0.503520 0.000010
0.340260 0.084271 0.031505 0.158597 0.000010 0.000010 0.040968 0.344369 0.000010
0.276905 0.000010 0.096012 0.176572 0.000010 0.015054 0.027867 0.391538 0.016032
0.253945 0.000010 0.000010 0.070153 0.000010 0.000010 0.054484 0.601146 0.020232
0.402788 0.000010 0.000010 0.080847 0.034884 0.055627 0.036835 0.388990 0.000010
0.276179 0.000010 0.000010 0.056500 0.141201 0.000010 0.038294 0.397846 0.089950
0.481066 0.000010 0.055873 0.056480 0.000010 0.000010 0.102897 0.303644 0.000010
0.136727 0.000010 0.000010 0.058615 0.000010 0.000010 0.261976 0.542632 0.000010
0.447531 0.000010 0.000010 0.018550 0.000010 0.000010 0.150584 0.383285 0.000010
0.428043 0.000010 0.000010 0.000010 0.041110 0.000010 0.069604 0.461194 0.000010
0.340931 0.067280 0.050856 0.000010 0.000010 0.000010 0.134971 0.405922 0.000010
0.107420 0.000010 0.000010 0.168999 0.018432 0.086182 0.224197 0.367133 0.027618
0.067327 0.083813 0.600958 0.009871 0.067456 0.000010 0.056298 0.114258 0.000010
0.171453 0.087043 0.313219 0.110016 0.013841 0.000010 0.069834 0.234574 0.000010
0.155981 0.108477 0.269969 0.091811 0.000010 0.013711 0.185903 0.174127 0.000010
0.000010 0.130671 0.461811 0.124503 0.035102 0.000010 0.129201 0.118681 0.000010
0.041005 0.000010 0.555694 0.058584 0.000010 0.000010 0.162385 0.180687 0.001615
0.000010 0.076264 0.529404 0.047940 0.000010 0.000010 0.210663 0.135689 0.000010
0.238644 0.052859 0.311536 0.014002 0.013861 0.000010 0.149651 0.192617 0.026820
0.095441 0.069872 0.366520 0.050631 0.016040 0.000010 0.216982 0.165808 0.018697
0.123746 0.080012 0.318989 0.163933 0.066283 0.000010 0.031580 0.215438 0.000010
0.125463 0.015726 0.543081 0.000010 0.066250 0.000010 0.111802 0.137648 0.000010
0.261926 0.028980 0.353865 0.125420 0.000010 0.000010 0.000010 0.229769 0.000010
0.114049 0.054143 0.497875 0.042855 0.060676 0.000010 0.132181 0.098202 0.000010
0.025339 0.184825 0.293305 0.192445 0.000010 0.044079 0.130234 0.129753 0.000010
0.022131 0.025476 0.226655 0.129968 0.000010 0.002267 0.197846 0.395637 0.000010
0.204315 0.014874 0.298226 0.038587 0.041475 0.000010 0.103729 0.298774 0.000010
0.163403 0.000010 0.211928 0.096385 0.024639 0.041120 0.103772 0.358733 0.000010
0.080488 0.000010 0.426701 0.048939 0.000010 0.000010 0.144578 0.209295 0.089969
0.269715 0.049784 0.224899 0.060516 0.016485 0.000010 0.228468 0.150113 0.000010
0.273605 0.031091 0.260118 0.000010 0.124134 0.000010 0.097550 0.183330 0.030154
0.069199 0.138698 0.115351 0.187271 0.028015 0.000010 0.050806 0.386281 0.024370
0.043820 0.038672 0.232520 0.215963 0.000010 0.064659 0.217756 0.186591 0.000010
0.214431 0.060431 0.116435 0.104042 0.031108 0.058906 0.062290 0.352348 0.000010
0.094056 0.000010 0.000010 0.064658 0.094585 0.115335 0.000010 0.247789 0.383547
0.301349 0.000010 0.000010 0.022255 0.062498 0.056167 0.151422 0.406278 0.000010
0.134703 0.105420 0.000010 0.170500 0.000010 0.000010 0.132629 0.434282 0.022437
0.429878 0.000010 0.000010 0.024135 0.050027 0.037150 0.000010 0.312950 0.145830
0.376906 0.000010 0.000010 0.061959 0.055203 0.000010 0.034362 0.438947 0.032593
0.285796 0.031686 0.000010 0.000010 0.000010 0.000010 0.179548 0.502920 0.000010
0.282792 0.013507 0.000010 0.000010 0.075362 0.026890 0.064011 0.415267 0.122152
0.261223 0.013770 0.000010 0.078062 0.099417 0.005090 0.066983 0.475435 0.000010
0.335175 0.029548 0.000010 0.003892 0.000010 0.075337 0.158336 0.361150 0.036542
0.344074 0.062971 0.000010 0.000010 0.000010 0.000010 0.206417 0.386489 0.000010
0.216427 0.000010 0.005030 0.000010 0.009470 0.000010 0.167518 0.578308 0.023217
0.228062 0.000010 0.000010 0.102419 0.000010 0.042690 0.208096 0.418694 0.000010
0.361033 0.000010 0.075100 0.053580 0.000010 0.001710 0.026584 0.446018 0.035955
0.326285 0.089377 0.000010 0.000010 0.053366 0.000010 0.072772 0.354032 0.104138
0.107435 0.000010 0.000010 0.072448 0.082894 0.073352 0.064245 0.406440 0.193166
0.250209 0.000010 0.000010 0.131228 0.000010 0.000010 0.068536 0.460267 0.089720
0.271342 0.025068 0.000010 0.011737 0.000010 0.057771 0.111856 0.111272 0.410933
0.271715 0.000010 0.000010 0.063899 0.055961 0.033201 0.137566 0.383524 0.054113
0.324837 0.000010 0.000010 0.007530 0.061788 0.018246 0.125588 0.461982 0.000010
0.273592 0.016542 0.000010 0.000010 0.000010 0.000010 0.082335 0.627481 0.000010
0.411438 0.000010 0.019756 0.071046 0.019175 0.050264 0.000010 0.428290 0.000010
0.190648 0.046970 0.000010 0.081110 0.050221 0.000010 0.047681 0.583339 0.000010
0.175791 0.000010 0.044297 0.000010 0.000010 0.000010 0.164355 0.615508 0.000010
0.272624 0.091001 0.020447 0.113569 0.000010 0.026044 0.027804 0.383581 0.064920
0.280271 0.000010 0.000010 0.000010 0.043724 0.000010 0.122595 0.537953 0.015418
0.141401 0.037118 0.068723 0.000010 0.057100 0.000010 0.155748 0.539881 0.000010
0.125014 0.000010 0.000010 0.000010 0.000010 0.000010 0.156361 0.718565 0.000010
0.301891 0.061197 0.000312 0.035959 0.000010 0.000010 0.168317 0.422668 0.009636
0.055098 0.000010 0.016849 0.128137 0.029525 0.011475 0.188084 0.570813 0.000010
0.342460 0.000010 0.000010 0.028576 0.000010 0.000010 0.115485 0.513429 0.000010
0.328481 0.000010 0.000010 0.122404 0.000010 0.000010 0.154633 0.330557 0.063885
0.150796 0.017940 0.028980 0.130444 0.000010 0.000010 0.144880 0.079692 0.447248
0.276284 0.003989 0.018488 0.047829 0.000010 0.036087 0.071064 0.382941 0.163308
0.223409 0.002923 0.000010 0.078731 0.000010 0.000010 0.256706 0.423861 0.014341
0.217489 0.000010 0.117387 0.069333 0.187136 0.036408 0.015115 0.357112 0.000010
0.137352 0.050045 0.000010 0.097556 0.039128 0.069150 0.161113 0.435179 0.010468
0.397147 0.000010 0.000010 0.091572 0.022510 0.000010 0.067594 0.421137 0.000010
0.267329 0.004956 0.012169 0.000010 0.000010 0.000010 0.157560 0.537026 0.020930
0.081050 0.043806 0.000010 0.220952 0.000010 0.000010 0.207576 0.446577 0.000010
0.169649 0.000010 0.000010 0.191370 0.118521 0.000010 0.120530 0.398137 0.001764
0.028595 0.000010 0.041316 0.255922 0.000010 0.000010 0.141945 0.532182 0.000010
0.119500 0.000010 0.031801 0.198611 0.000010 0.012471 0.088903 0.548684 0.000010
0.275330 0.039505 0.050352 0.000010 0.000010 0.001762 0.179666 0.453355 0.000010
0.164749 0.000010 0.000010 0.000010 0.132255 0.000500 0.223697 0.478759 0.000010
0.136946 0.000010 0.000010 0.155678 0.001794 0.000010 0.117221 0.588322 0.000010
0.151943 0.031976 0.022262 0.143604 0.002192 0.051323 0.154531 0.442159 0.000010
0.150405 0.091819 0.091307 0.220952 0.073366 0.000010 0.053974 0.318156 0.000010
0.229033 0.131665 0.000010 0.172033 0.020680 0.000010 0.020007 0.426552 0.000010
0.000010 0.058019 0.020048 0.069541 0.000010 0.022442 0.212437 0.614335 0.003158
0.362970 0.039011 0.023076 0.073454 0.048144 0.004870 0.086358 0.362107 0.000010
0.338373 0.000010 0.023180 0.133898 0.000010 0.000010 0.118432 0.386076 0.000010
0.145830 0.021455 0.000010 0.072573 0.076123 0.000010 0.208402 0.475587 0.000010
0.010187 0.018288 0.094482 0.217974 0.000010 0.000010 0.091840 0.564149 0.003061
0.240220 0.000010 0.168173 0.146951 0.000010 0.000010 0.051868 0.388439 0.004319
0.232593 0.000010 0.000010 0.042099 0.229225 0.000010 0.032967 0.463076 0.000010
0.294526 0.069518 0.033350 0.183076 0.000010 0.000010 0.013971 0.332146 0.073392
0.168715 0.099508 0.044707 0.167049 0.038434 0.000010 0.041021 0.440547 0.000010
0.047472 0.000010 0.065197 0.129225 0.000010 0.064360 0.129363 0.542409 0.021954
0.265238 0.027787 0.000010 0.171336 0.000010 0.000010 0.139073 0.396525 0.000010
0.190082 0.000010 0.065983 0.155105 0.002247 0.000010 0.148658 0.437895 0.000010
0.187100 0.000362 0.024396 0.135431 0.000010 0.000010 0.249882 0.396247 0.006562
0.097963 0.033874 0.028877 0.061706 0.031582 0.000010 0.274037 0.471941 0.000010
0.290405 0.000010 0.000010 0.000010 0.024233 0.033010 0.219360 0.432951 0.000010
0.409677 0.000010 0.153126 0.014560 0.000010 0.000010 0.000010 0.422588 0.000010
0.125792 0.029594 0.053147 0.286274 0.086574 0.000010 0.102230 0.316368 0.000010
0.321479 0.090393 0.000010 0.042657 0.065101 0.000010 0.118875 0.361465 0.000010
0.273882 0.000010 0.071061 0.117647 0.000010 0.000010 0.105259 0.432111 0.000010
0.121102 0.034022 0.165016 0.225264 0.000010 0.002587 0.046816 0.382518 0.022663
0.241931 0.125468 0.059888 0.158551 0.022440 0.000010 0.079278 0.312424 0.000010
0.189550 0.000010 0.000010 0.069818 0.026628 0.000010 0.187907 0.526057 0.000010
0.084378 0.000010 0.015350 0.168703 0.048357 0.000010 0.296101 0.311021 0.076070
0.062600 0.000010 0.091432 0.253484 0.050865 0.003006 0.114334 0.424260 0.000010
0.148734 0.000010 0.012577 0.162393 0.000010 0.000010 0.178595 0.497661 0.000010
0.431175 0.000010 0.000010 0.000010 0.092580 0.055379 0.000010 0.420816 0.000010
0.311249 0.035415 0.000010 0.158863 0.020178 0.061495 0.018148 0.394633 0.000010
0.173828 0.074548 0.062288 0.183317 0.035784 0.000010 0.025088 0.445126 0.000010
0.210180 0.101412 0.000010 0.204933 0.037879 0.000010 0.027641 0.417924 0.000010
0.206976 0.077129 0.046951 0.110451 0.083105 0.004825 0.059281 0.411272 0.000010
0.147039 0.048283 0.026744 0.209722 0.000010 0.009638 0.097686 0.460869 0.000010
0.268674 0.000010 0.063783 0.167862 0.000010 0.001782 0.000010 0.404966 0.092903
0.327978 0.097523 0.000010 0.155938 0.000010 0.000010 0.043874 0.374647 0.000010
0.140996 0.000010 0.000010 0.168770 0.000010 0.000010 0.184643 0.505540 0.000010
0.243367 0.000010 0.000010 0.185393 0.001971 0.000010 0.105938 0.463290 0.000010
0.293200 0.043762 0.000010 0.158417 0.000010 0.000010 0.130417 0.374164 0.000010
0.221080 0.000010 0.118197 0.124896 0.000010 0.023457 0.091978 0.420362 0.000010
0.233184 0.031426 0.052164 0.088409 0.026658 0.000010 0.096433 0.448410 0.023305
0.335042 0.003316 0.000010 0.220631 0.000010 0.026718 0.059271 0.354992 0.000010
0.000010 0.006507 0.000650 0.321454 0.023988 0.000010 0.290957 0.356414 0.000010
0.345147 0.154287 0.000010 0.000010 0.046480 0.025457 0.012906 0.380868 0.034835
0.216944 0.000010 0.032609 0.150315 0.045507 0.005612 0.191426 0.354283 0.003295
0.390910 0.000010 0.034567 0.222750 0.000010 0.000010 0.081301 0.270433 0.000010
0.320831 0.073200 0.000010 0.000010 0.034477 0.000010 0.028531 0.502748 0.040183
0.218895 0.000010 0.062684 0.071570 0.005280 0.000010 0.140520 0.501021 0.000010
0.313863 0.000010 0.135776 0.049445 0.090903 0.037596 0.000010 0.368508 0.003889
0.210948 0.000010 0.056683 0.265309 0.000010 0.000010 0.118612 0.341243 0.007176
0.040909 0.099492 0.126116 0.156245 0.009367 0.000010 0.093105 0.474746 0.000010
0.211514 0.137825 0.145395 0.142113 0.000010 0.047666 0.134230 0.181237 0.000010
0.164481 0.058154 0.000010 0.218845 0.032237 0.000010 0.147474 0.378779 0.000010
0.108540 0.000010 0.000010 0.134482 0.000010 0.000010 0.198282 0.558646 0.000010
0.197943 0.128395 0.054994 0.086968 0.000010 0.000010 0.177089 0.342828 0.011763
0.275049 0.154011 0.002328 0.072137 0.033810 0.000010 0.086079 0.376567 0.000010
0.103430 0.000010 0.115895 0.111298 0.068392 0.000010 0.216761 0.384193 0.000010
0.202138 0.104881 0.000010 0.091234 0.050619 0.000010 0.112934 0.438164 0.000010
0.165186 0.052241 0.000010 0.173656 0.000010 0.000010 0.237683 0.371195 0.000010
0.326497 0.002036 0.112470 0.000012 0.000010 0.000010 0.105986 0.452969 0.000010
0.209539 0.038570 0.013659 0.066288 0.000010 0.002882 0.130084 0.538958 0.000010
0.222323 0.000010 0.015578 0.298439 0.032873 0.000010 0.101126 0.329631 0.000010
0.209189 0.134917 0.046334 0.055534 0.000010 0.000010 0.107172 0.446823 0.000010
0.267730 0.110802 0.000010 0.110304 0.041791 0.000010 0.128878 0.330600 0.009876
0.196568 0.000010 0.201102 0.075809 0.000010 0.000010 0.046075 0.480406 0.000010
0.211543 0.056018 0.000010 0.026870 0.016911 0.000010 0.161117 0.515914 0.011607
0.206455 0.042358 0.179302 0.124884 0.028305 0.000010 0.169611 0.249065 0.000010
0.334495 0.000010 0.100979 0.067401 0.057950 0.000010 0.000010 0.439134 0.000010
0.289629 0.000010 0.231302 0.022882 0.000010 0.000010 0.092264 0.363882 0.000010
0.265909 0.002459 0.125198 0.101161 0.060090 0.014601 0.041806 0.388766 0.000010
0.015621 0.004954 0.116469 0.204031 0.016445 0.000010 0.114742 0.527720 0.000010
0.107544 0.021355 0.141369 0.000554 0.000010 0.022450 0.191894 0.514815 0.000010
0.000010 0.049691 0.000010 0.000010 0.000010 0.473077 0.012919 0.000010 0.464264
0.000010 0.000010 0.000010 0.000010 0.000010 0.457661 0.000010 0.000010 0.542269
0.034245 0.000010 0.000010 0.000010 0.034846 0.348461 0.000010 0.043758 0.538651
0.000010 0.000010 0.000010 0.000010 0.012373 0.382956 0.001495 0.030006 0.573130
0.000603 0.000010 0.000010 0.000010 0.031219 0.286077 0.000010 0.008091 0.673969
0.000010 0.000010 0.000010 0.000010 0.000010 0.339547 0.035667 0.000010 0.624726
0.031628 0.000010 0.000010 0.000010 0.000010 0.465340 0.000010 0.000010 0.502971
0.030472 0.000010 0.000010 0.000010 0.000010 0.522334 0.012207 0.000010 0.434937
0.000010 0.000010 0.000010 0.000010 0.002856 0.372826 0.000010 0.000010 0.624258
0.058839 0.000010 0.000010 0.000010 0.006364 0.365895 0.000010 0.000010 0.568851
0.021004 0.000010 0.000010 0.025386 0.000010 0.434086 0.000010 0.000010 0.519474
0.000010 0.000010 0.000010 0.029677 0.000010 0.459697 0.015369 0.000010 0.495207
0.000010 0.008844 0.000010 0.000010 0.011538 0.530753 0.023524 0.000010 0.425301
0.000010 0.000010 0.000010 0.000010 0.012917 0.555820 0.000010 0.000010 0.431203
0.000010 0.001674 0.000010 0.030833 0.000010 0.378744 0.000010 0.012443 0.576266
0.019605 0.000010 0.000010 0.000010 0.000010 0.456828 0.000010 0.000010 0.523507
0.000010 0.000010 0.032849 0.000854 0.000010 0.260391 0.000010 0.000010 0.705857
0.000010 0.000010 0.000010 0.000010 0.000010 0.500837 0.083777 0.000010 0.415326
0.000010 0.000010 0.000010 0.000010 0.000412 0.393277 0.009779 0.000010 0.596482
0.000010 0.000010 0.000010 0.000010 0.019785 0.322937 0.000010 0.025377 0.631851
0.000010 0.000010 0.000010 0.000010 0.000010 0.487609 0.000010 0.000010 0.512321
0.000010 0.020944 0.000010 0.021247 0.000010 0.349788 0.001271 0.001560 0.605159
0.000010 0.035200 0.008220 0.000010 0.000010 0.364423 0.021456 0.021073 0.549598
0.000010 0.000010 0.000010 0.000010 0.005165 0.452591 0.000010 0.000010 0.542184
0.000010 0.000010 0.000010 0.033078 0.023932 0.310167 0.000010 0.000010 0.632773
0.000010 0.000010 0.000010 0.000010 0.000010 0.503974 0.009359 0.013062 0.473555
0.000010 0.000010 0.000010 0.000010 0.000010 0.450020 0.025620 0.010807 0.513503
0.000010 0.003927 0.000547 0.014774 0.000010 0.320220 0.027272 0.001375 0.631863
0.000010 0.000010 0.001832 0.000010 0.753590 0.007091 0.237438 0.000010 0.000010
0.373581 0.000010 0.045490 0.339292 0.023139 0.000010 0.030047 0.188420 0.000010
0.383034 0.055584 0.022609 0.337384 0.000010 0.000010 0.000010 0.201349 0.000010
0.371722 0.000010 0.056431 0.252087 0.000010 0.000010 0.000010 0.319710 0.000010
0.375118 0.000010 0.053459 0.309955 0.000010 0.000010 0.053223 0.208204 0.000010
0.464662 0.000010 0.000010 0.222423 0.030488 0.009147 0.064465 0.208785 0.000010
0.435377 0.092772 0.018948 0.145532 0.000010 0.000010 0.049475 0.257866 0.000010
0.179784 0.106859 0.000010 0.310383 0.023856 0.000010 0.124483 0.254605 0.000010
0.216334 0.000010 0.065565 0.290763 0.030030 0.000010 0.083990 0.313289 0.000010
0.265217 0.039408 0.000010 0.318165 0.016123 0.007626 0.082825 0.270616 0.000010
0.229742 0.090528 0.000010 0.314120 0.000010 0.073632 0.006705 0.285242 0.000010
0.619632 0.014682 0.029185 0.063163 0.010372 0.000010 0.032771 0.230174 0.000010
0.230382 0.058241 0.000010 0.392196 0.000010 0.000010 0.150520 0.168621 0.000010
0.440698 0.000010 0.035118 0.307171 0.000010 0.000010 0.000010 0.216963 0.000010
0.417490 0.000010 0.000010 0.252566 0.021656 0.027172 0.000010 0.264695 0.016391
0.305484 0.056155 0.113120 0.241802 0.000010 0.018547 0.081901 0.182971 0.000010
0.395762 0.000010 0.076237 0.451364 0.000010 0.000010 0.000010 0.076588 0.000010
0.384571 0.000010 0.064109 0.268187 0.000010 0.111818 0.000010 0.171274 0.000010
0.483367 0.000010 0.040030 0.230411 0.000010 0.000010 0.000010 0.246142 0.000010
0.303548 0.103148 0.000010 0.344464 0.000010 0.000010 0.017099 0.231701 0.000010
0.560789 0.000010 0.000010 0.169036 0.037823 0.003815 0.002741 0.225765 0.000010
0.518449 0.000010 0.015888 0.243654 0.000010 0.000010 0.141870 0.080099 0.000010
0.268350 0.000010 0.000010 0.457391 0.000010 0.000010 0.089800 0.184409 0.000010
0.530499 0.030894 0.000010 0.312951 0.000010 0.000010 0.027760 0.097857 0.000010
0.393100 0.000010 0.000010 0.186106 0.000010 0.000010 0.156211 0.264532 0.000010
0.441066 0.000010 0.029769 0.251839 0.000010 0.066522 0.000010 0.198682 0.012092
0.374238 0.047035 0.026126 0.332931 0.000010 0.016934 0.060811 0.125361 0.016554
0.432733 0.000010 0.039020 0.243248 0.026050 0.004389 0.092840 0.161701 0.000010
0.360492 0.000010 0.012052 0.348265 0.031321 0.000010 0.071792 0.134581 0.041478
0.000010 0.049377 0.000010 0.000010 0.912083 0.000010 0.000010 0.038480 0.000010
0.000010 0.010209 0.000010 0.000010 0.893227 0.007129 0.029999 0.046702 0.012703
0.002729 0.078739 0.000010 0.000010 0.878242 0.000010 0.000010 0.024529 0.015721
0.000010 0.000010 0.038862 0.000010 0.961068 0.000010 0.000010 0.000010 0.000010
0.028710 0.000010 0.069934 0.016514 0.827094 0.000010 0.052426 0.005291 0.000010
0.000010 0.055523 0.000010 0.000010 0.921460 0.010391 0.000010 0.000010 0.012576
0.000010 0.000010 0.000010 0.000010 0.953208 0.000010 0.021252 0.000010 0.025480
0.000010 0.008903 0.000010 0.000010 0.929690 0.000010 0.000010 0.061347 0.000010
0.000010 0.000010 0.019049 0.000010 0.930860 0.000010 0.000010 0.050031 0.000010
0.022800 0.055655 0.000010 0.000010 0.915868 0.000010 0.005627 0.000010 0.000010
0.000010 0.000010 0.000010 0.000010 0.846986 0.000010 0.117622 0.035332 0.000010
0.000010 0.016874 0.000010 0.000010 0.916284 0.043353 0.020663 0.000010 0.002786
0.000010 0.000010 0.000010 0.000010 0.988482 0.000010 0.000010 0.000010 0.011448
0.000010 0.000010 0.000010 0.011764 0.933408 0.000010 0.024455 0.030323 0.000010
0.000010 0.099499 0.000010 0.000010 0.873631 0.000010 0.023988 0.002832 0.000010
0.000010 0.026665 0.000010 0.000010 0.943530 0.029745 0.000010 0.000010 0.000010
0.000010 0.000010 0.000010 0.080973 0.906352 0.012615 0.000010 0.000010 0.000010
0.547080 0.013391 0.011084 0.000010 0.000010 0.046595 0.059909 0.321911 0.000010
0.502550 0.000010 0.000010 0.096826 0.017092 0.000010 0.004596 0.376169 0.002737
0.534729 0.001547 0.000010 0.095572 0.000010 0.000010 0.038712 0.241338 0.088071
0.643827 0.000010 0.000010 0.076589 0.017499 0.000010 0.013432 0.223834 0.024789
0.636042 0.001717 0.038895 0.038830 0.029313 0.026734 0.044745 0.183715 0.000010
0.657493 0.000010 0.000010 0.003988 0.000010 0.059634 0.000010 0.278834 0.000010
0.530006 0.000010 0.002878 0.083862 0.000010 0.000010 0.008738 0.295065 0.079420
0.565239 0.000010 0.020946 0.105188 0.000010 0.000010 0.065185 0.243402 0.000010
0.447139 0.004260 0.031623 0.015362 0.076164 0.000010 0.000010 0.425423 0.000010
0.712809 0.032910 0.000010 0.034040 0.000010 0.031207 0.057645 0.108756 0.022612
0.618919 0.000010 0.000010 0.017107 0.000010 0.014543 0.000010 0.321324 0.028066
0.297645 0.000010 0.000010 0.227055 0.000010 0.000010 0.000010 0.453827 0.021423
0.432844 0.000010 0.000010 0.160162 0.125401 0.000010 0.000010 0.281543 0.000010
0.479063 0.000010 0.038236 0.062214 0.000011 0.031987 0.000010 0.388459 0.000010
0.528404 0.000010 0.000010 0.090467 0.000010 0.000010 0.000010 0.367525 0.013555
0.426756 0.002130 0.011671 0.164828 0.000010 0.000010 0.015937 0.378649 0.000010
0.602006 0.000010 0.000010 0.000010 0.040991 0.000010 0.000010 0.356943 0.000010
0.372079 0.000010 0.000010 0.177813 0.000010 0.000010 0.000010 0.406885 0.043174
0.570877 0.036010 0.000010 0.000010 0.015073 0.046785 0.015536 0.247546 0.068154
0.419920 0.000010 0.000010 0.179642 0.043921 0.010894 0.000010 0.345583 0.000010
0.295108 0.006667 0.000010 0.190814 0.127123 0.022613 0.055611 0.302044 0.000010
0.537830 0.020562 0.000010 0.113129 0.000010 0.000010 0.000010 0.217750 0.110688
0.639048 0.000010 0.000010 0.023608 0.011284 0.000010 0.007987 0.216931 0.101112
0.390217 0.000010 0.000010 0.157218 0.000010 0.048262 0.000010 0.385879 0.018384
0.631193 0.000010 0.000010 0.051203 0.000010 0.023038 0.033235 0.261291 0.000010
0.606051 0.000010 0.000010 0.099314 0.055559 0.031865 0.008259 0.198922 0.000010
0.460954 0.108151 0.009816 0.097967 0.000010 0.000010 0.000010 0.240971 0.082111
0.407215 0.000010 0.081127 0.155816 0.000010 0.011466 0.079984 0.264361 0.000010
0.298567 0.013466 0.039715 0.218434 0.106978 0.031224 0.000010 0.274751 0.016856
0.659052 0.000010 0.000010 0.000010 0.000010 0.018284 0.000010 0.322605 0.000010
0.685338 0.014113 0.000010 0.024319 0.000010 0.000010 0.030081 0.246109 0.000010
0.581139 0.000010 0.000010 0.058005 0.000010 0.024731 0.064399 0.271686 0.000010
0.600745 0.004138 0.019034 0.000010 0.000010 0.000010 0.000010 0.376033 0.000010
0.598830 0.001490 0.000010 0.109517 0.034987 0.045548 0.000010 0.209598 0.000010
0.502766 0.102661 0.000010 0.088899 0.019925 0.000010 0.027827 0.231570 0.026332
0.668723 0.000010 0.000010 0.048448 0.000010 0.000010 0.000010 0.282770 0.000010
0.547506 0.023351 0.080790 0.119902 0.013351 0.000010 0.002752 0.212329 0.000010
0.539699 0.000010 0.000010 0.035352 0.012187 0.073061 0.004724 0.334948 0.000010
0.696602 0.000010 0.037185 0.000010 0.000010 0.028018 0.000010 0.238146 0.000010
0.609785 0.000010 0.042581 0.000010 0.000010 0.040722 0.000010 0.306863 0.000010
0.395178 0.000010 0.000010 0.177335 0.026147 0.008405 0.000010 0.389233 0.003671
0.468922 0.046657 0.023295 0.048670 0.076021 0.048505 0.000010 0.287911 0.000010
0.580029 0.104400 0.016686 0.000010 0.000010 0.006165 0.000010 0.195294 0.097397
0.631784 0.087863 0.000010 0.000010 0.000010 0.000010 0.000010 0.209127 0.071176
0.604915 0.000010 0.015588 0.100983 0.013900 0.000010 0.016217 0.244012 0.004366
0.670333 0.000010 0.000010 0.000010 0.000010 0.000010 0.000010 0.179444 0.150163
0.401421 0.034851 0.074890 0.021914 0.000010 0.000010 0.000010 0.172837 0.294058
0.652620 0.040127 0.000010 0.000010 0.045396 0.000010 0.053573 0.084424 0.123831
0.547608 0.012393 0.000010 0.153408 0.070719 0.000010 0.000010 0.159539 0.056304
0.538558 0.000010 0.000010 0.087162 0.000010 0.000010 0.006697 0.267697 0.099846
0.398497 0.000010 0.034752 0.003586 0.074628 0.007542 0.000010 0.289052 0.191923
0.649260 0.041646 0.000010 0.000010 0.035491 0.000010 0.000010 0.159581 0.113983
0.541365 0.118954 0.005733 0.000010 0.003799 0.000010 0.000010 0.212905 0.117214
0.707902 0.000010 0.000250 0.027373 0.000010 0.000010 0.096732 0.157511 0.010201
0.590548 0.000010 0.000010 0.000010 0.000010 0.000010 0.037597 0.256283 0.115522
0.042625 0.000010 0.000010 0.076520 0.081314 0.054705 0.065670 0.210712 0.468435
0.505837 0.000010 0.000010 0.000010 0.050194 0.000010 0.000010 0.411561 0.032357
0.490288 0.051192 0.000010 0.000010 0.000010 0.028983 0.000010 0.237964 0.191533
0.609435 0.000010 0.000010 0.000010 0.000010 0.014008 0.000010 0.304455 0.072052
0.674574 0.000010 0.000010 0.000010 0.000010 0.000010 0.000010 0.260535 0.064831
0.604781 0.000010 0.000010 0.000010 0.075292 0.000010 0.000010 0.245140 0.074737
0.719871 0.020337 0.000010 0.000010 0.113832 0.000010 0.000010 0.055207 0.090713
0.697349 0.000010 0.000010 0.068590 0.000010 0.000010 0.014928 0.208163 0.010930
0.596959 0.000010 0.000010 0.073425 0.109503 0.024306 0.000010 0.195767 0.000010
0.547556 0.000010 0.000010 0.000010 0.000010 0.000010 0.000010 0.310065 0.142319
0.771807 0.018253 0.000010 0.000010 0.053378 0.034798 0.000010 0.066788 0.054946
0.566596 0.000010 0.035468 0.000010 0.078165 0.000010 0.000010 0.147021 0.172710
0.396092 0.035108 0.042105 0.000010 0.027119 0.042675 0.008275 0.362219 0.086398
0.441974 0.031496 0.062555 0.066616 0.000010 0.000010 0.129872 0.247957 0.019509
0.500112 0.000010 0.000010 0.054250 0.063836 0.000010 0.000010 0.156308 0.225454
0.315099 0.086082 0.000010 0.164216 0.000010 0.003107 0.064598 0.115694 0.251183
0.677781 0.000010 0.000010 0.015084 0.000010 0.037111 0.000010 0.182876 0.087108
0.537434 0.000010 0.000010 0.069528 0.128744 0.000010 0.000010 0.219384 0.044869
0.546764 0.000010 0.000010 0.000010 0.019352 0.000010 0.000010 0.282527 0.151308
0.610804 0.005664 0.005363 0.000010 0.000010 0.051957 0.000010 0.177886 0.148295
0.632421 0.000010 0.000010 0.000010 0.000010 0.014201 0.080814 0.256427 0.016096
0.612662 0.121652 0.008982 0.000010 0.000010 0.000010 0.000010 0.175510 0.081155
0.551957 0.000010 0.081583 0.000010 0.080414 0.000010 0.000010 0.210447 0.075558
0.502954 0.033241 0.000010 0.000010 0.000010 0.000010 0.033266 0.353674 0.076825
0.645412 0.000010 0.000010 0.046499 0.010900 0.000010 0.019500 0.171103 0.106557
0.558368 0.000010 0.000010 0.080597 0.000010 0.000010 0.088965 0.272019 0.000010
0.542731 0.000010 0.000010 0.016793 0.016725 0.000010 0.050045 0.308590 0.065087
0.552081 0.064595 0.000010 0.000010 0.000010 0.000010 0.000010 0.263028 0.120245
0.549791 0.000010 0.000010 0.076525 0.059880 0.000010 0.000010 0.217836 0.095928
0.628819 0.002092 0.013768 0.000010 0.038337 0.000010 0.024085 0.205078 0.087802
0.480649 0.000010 0.000010 0.011755 0.000010 0.064429 0.000010 0.360778 0.082350
0.473426 0.012889 0.000010 0.149207 0.000010 0.000010 0.000010 0.319654 0.044784
0.000010 0.000010 0.000010 0.000010 0.861042 0.000010 0.138888 0.000010 0.000010
0.000010 0.000010 0.000010 0.000010 0.868828 0.000010 0.131102 0.000010 0.000010
0.000010 0.000010 0.000010 0.000010 0.945623 0.000010 0.054307 0.000010 0.000010
0.094117 0.079546 0.000010 0.000010 0.637725 0.027722 0.099867 0.060993 0.000010
0.000010 0.000010 0.014423 0.000010 0.712852 0.000010 0.272665 0.000010 0.000010
0.000012 0.041374 0.000010 0.000010 0.823141 0.000010 0.083128 0.000010 0.052305
0.043439 0.031118 0.058563 0.000010 0.627567 0.010636 0.192962 0.035696 0.000010
0.638259 0.000010 0.000010 0.286504 0.000010 0.000010 0.000010 0.075177 0.000010
0.535092 0.000010 0.007512 0.185187 0.034337 0.000011 0.065256 0.172586 0.000010
0.603139 0.000010 0.000010 0.166919 0.000010 0.000010 0.080483 0.140846 0.008574
0.609240 0.027376 0.000010 0.291311 0.000010 0.000010 0.008766 0.033436 0.029841
0.834909 0.000010 0.000010 0.000010 0.000010 0.016786 0.014741 0.133514 0.000010
0.609575 0.055250 0.000951 0.145046 0.015130 0.000010 0.000010 0.174018 0.000010
0.602472 0.003849 0.026684 0.205247 0.000010 0.010092 0.064291 0.087345 0.000010
0.574591 0.000010 0.000010 0.224180 0.129870 0.000010 0.008690 0.062630 0.000010
0.455884 0.000010 0.000010 0.238818 0.000010 0.020029 0.060135 0.202697 0.022408
0.547038 0.000010 0.049499 0.225827 0.049608 0.000010 0.000010 0.127989 0.000010
0.566525 0.000010 0.000010 0.033049 0.015928 0.000010 0.067296 0.186168 0.131003
0.618283 0.005111 0.000010 0.115275 0.000010 0.000010 0.036958 0.224333 0.000010
0.508532 0.012605 0.023260 0.000010 0.036778 0.000010 0.000010 0.203032 0.215764
0.647153 0.019023 0.015319 0.000010 0.000010 0.000010 0.002145 0.316319 0.000010
0.525390 0.000010 0.002945 0.323367 0.084535 0.000010 0.000010 0.063724 0.000010
0.526920 0.000010 0.000010 0.042434 0.031089 0.021713 0.000010 0.193305 0.184509
0.648560 0.044912 0.097278 0.049369 0.039552 0.000010 0.004362 0.108680 0.007278
0.656811 0.024128 0.000010 0.102956 0.000010 0.000010 0.000010 0.216055 0.000010
0.498515 0.023062 0.000010 0.091092 0.000010 0.000010 0.000010 0.326099 0.061192
0.549421 0.000010 0.000010 0.061829 0.000010 0.043656 0.044382 0.269486 0.031195
0.558273 0.000010 0.039040 0.000010 0.000010 0.000010 0.000010 0.368034 0.034603
0.592612 0.000010 0.050629 0.000010 0.000010 0.000010 0.000010 0.223347 0.133361
0.627797 0.000010 0.016310 0.101630 0.053203 0.037751 0.000010 0.163280 0.000010
0.544589 0.000010 0.056137 0.047790 0.046132 0.013754 0.021861 0.237757 0.031970
0.669615 0.000010 0.000010 0.011761 0.032830 0.005000 0.002771 0.195341 0.082662
0.463072 0.000010 0.000010 0.000010 0.020185 0.000010 0.000010 0.266589 0.250103
0.550013 0.000010 0.000010 0.000010 0.001030 0.000010 0.000010 0.197316 0.251591
0.509550 0.055179 0.000561 0.138874 0.125315 0.000010 0.068726 0.101776 0.000010
0.616959 0.000010 0.050087 0.000010 0.056205 0.000010 0.000010 0.220979 0.055730
0.444821 0.079705 0.000010 0.000010 0.000010 0.020285 0.061277 0.349066 0.044816
0.644374 0.024634 0.000010 0.042073 0.000010 0.000010 0.019722 0.227871 0.041296
0.458375 0.011277 0.000010 0.181326 0.030468 0.055612 0.000010 0.262911 0.000010
0.551465 0.000010 0.065036 0.131945 0.080879 0.026434 0.000010 0.144211 0.000010
0.568531 0.026118 0.000010 0.003380 0.010497 0.000010 0.000010 0.221395 0.170049
0.727603 0.000010 0.000010 0.000010 0.000010 0.000010 0.084480 0.124077 0.063790
0.017731 0.788156 0.000010 0.000010 0.000010 0.000010 0.124677 0.029410 0.039986
0.079971 0.795544 0.000010 0.121881 0.000010 0.000010 0.000574 0.001990 0.000010
0.000010 0.850091 0.011429 0.016816 0.024376 0.000010 0.090960 0.000010 0.006298
0.000010 0.771079 0.083837 0.000010 0.002588 0.045253 0.097203 0.000010 0.000010
0.028514 0.079009 0.244951 0.000010 0.080349 0.022418 0.406153 0.073362 0.065234
0.000010 0.002946 0.692221 0.000010 0.000010 0.000010 0.260878 0.043905 0.000010
0.017402 0.131225 0.305519 0.000010 0.033059 0.000010 0.434326 0.077802 0.000646
0.001083 0.000010 0.443989 0.034784 0.000010 0.009026 0.280586 0.230501 0.000010
0.000010 0.185957 0.432469 0.000010 0.012520 0.000010 0.314766 0.054248 0.000010
0.000010 0.000010 0.619811 0.000010 0.000010 0.000010 0.380119 0.000010 0.000010
0.000010 0.000010 0.455703 0.059150 0.109458 0.000010 0.335455 0.000010 0.040195
0.000010 0.037360 0.555267 0.000010 0.000010 0.024405 0.314840 0.068088 0.000010
0.000010 0.000010 0.535366 0.000010 0.000010 0.000010 0.384894 0.079680 0.000010
0.000010 0.108396 0.245819 0.000010 0.013263 0.037618 0.483499 0.111375 0.000010
0.527457 0.082553 0.026549 0.000010 0.000010 0.023186 0.000010 0.259814 0.080411
0.496113 0.000010 0.059256 0.064826 0.000010 0.000010 0.000010 0.226222 0.153542
0.507074 0.000010 0.008009 0.000010 0.005176 0.012019 0.031757 0.286365 0.149579
0.660958 0.000010 0.091754 0.000010 0.000010 0.014257 0.019694 0.189031 0.024276
0.499761 0.000010 0.000010 0.099642 0.000010 0.035957 0.022330 0.308511 0.033769
0.580127 0.000010 0.001686 0.106875 0.000010 0.000010 0.049574 0.208004 0.053704
0.676917 0.079437 0.068530 0.000010 0.013400 0.000010 0.017552 0.144135 0.000010
0.591624 0.026367 0.000010 0.062355 0.000010 0.077053 0.000010 0.208349 0.034223
0.612676 0.000010 0.000010 0.100534 0.024679 0.000010 0.000010 0.116879 0.145192
0.591942 0.019980 0.000010 0.086617 0.000010 0.041351 0.000010 0.199499 0.060581
0.440566 0.029610 0.000010 0.118836 0.004348 0.000010 0.000010 0.305230 0.101380
0.693289 0.000010 0.000010 0.002895 0.030562 0.061816 0.009587 0.138965 0.062866
0.496294 0.000010 0.052931 0.080767 0.000010 0.000010 0.000010 0.246136 0.123833
0.633522 0.005718 0.000010 0.000010 0.049414 0.000010 0.000010 0.252518 0.058788
0.436181 0.000010 0.000010 0.000010 0.052892 0.084368 0.000010 0.238628 0.187891
0.665826 0.000010 0.082918 0.027851 0.000010 0.000010 0.000010 0.161474 0.061892
0.592470 0.019096 0.088351 0.058119 0.000010 0.000010 0.003553 0.168052 0.070339
0.605507 0.000010 0.000010 0.000010 0.000010 0.000010 0.000010 0.228422 0.166012
0.642509 0.000010 0.084013 0.000010 0.000010 0.000011 0.000010 0.273417 0.000010
0.289386 0.039569 0.100216 0.000010 0.059464 0.032627 0.025998 0.098636 0.354093
0.508425 0.044954 0.000010 0.000010 0.000010 0.000010 0.027503 0.360863 0.058216
0.000010 0.042827 0.596215 0.000010 0.000010 0.044236 0.316672 0.000010 0.000010
0.000011 0.090737 0.625407 0.000406 0.000010 0.000010 0.237365 0.000010 0.046045
0.059177 0.000010 0.532065 0.000010 0.000010 0.000010 0.223675 0.113700 0.071342
0.000010 0.019161 0.672348 0.000010 0.020592 0.000010 0.287849 0.000010 0.000010
0.000010 0.030376 0.660981 0.000010 0.000010 0.000010 0.209590 0.099002 0.000010
0.017573 0.015789 0.593257 0.014612 0.000010 0.000010 0.358730 0.000010 0.000010
0.022053 0.000010 0.695764 0.000010 0.004629 0.037817 0.216286 0.023422 0.000010
0.045118 0.101124 0.655282 0.000010 0.000010 0.000010 0.198426 0.000010 0.000010
0.000010 0.009293 0.626425 0.000010 0.052187 0.000010 0.304042 0.000010 0.008012
0.000010 0.025496 0.542324 0.082390 0.000010 0.000010 0.303089 0.046661 0.000010
0.000010 0.067629 0.690284 0.000010 0.029603 0.000010 0.212434 0.000010 0.000010
0.000010 0.053727 0.622480 0.000010 0.000010 0.000010 0.323733 0.000010 0.000010
0.003084 0.083350 0.594992 0.000010 0.000010 0.000010 0.317824 0.000710 0.000010
0.000010 0.000010 0.643779 0.001627 0.000010 0.000010 0.300698 0.043799 0.010056
0.000010 0.095434 0.701925 0.000010 0.000010 0.000030 0.186410 0.016161 0.000010
0.055423 0.112831 0.534293 0.001356 0.000010 0.005362 0.290705 0.000010 0.000010
0.000010 0.039955 0.775311 0.000010 0.000010 0.000010 0.184674 0.000010 0.000010
0.000010 0.093889 0.601671 0.000010 0.039690 0.000010 0.241507 0.000010 0.023203
0.000010 0.016586 0.571845 0.050842 0.064129 0.007271 0.255749 0.033557 0.000010
0.000010 0.005232 0.633122 0.000010 0.004235 0.052914 0.278259 0.026209 0.000010
0.000010 0.073628 0.534252 0.067210 0.101617 0.062260 0.146426 0.014587 0.000010
0.000010 0.000010 0.728767 0.000010 0.000010 0.010520 0.260653 0.000010 0.000010
0.053650 0.152775 0.464714 0.000010 0.055445 0.000010 0.260044 0.013342 0.000010
0.000010 0.053762 0.744878 0.008757 0.000010 0.000010 0.192553 0.000010 0.000010
0.000010 0.045341 0.516701 0.000010 0.000010 0.000010 0.354577 0.083332 0.000010
0.000010 0.156052 0.594293 0.025577 0.000010 0.061600 0.162438 0.000010 0.000010
0.000010 0.000010 0.624622 0.000010 0.051362 0.000010 0.323956 0.000010 0.000010
0.037913 0.000010 0.634761 0.000010 0.000010 0.000010 0.327266 0.000010 0.000010
0.000010 0.000010 0.565246 0.000010 0.014694 0.004287 0.359513 0.000010 0.056220
0.000010 0.000010 0.675737 0.000010 0.009740 0.000010 0.266604 0.032852 0.015028
0.000010 0.000010 0.733589 0.000010 0.000010 0.000010 0.266341 0.000010 0.000010
0.000010 0.000010 0.715889 0.000010 0.010077 0.000010 0.264525 0.009459 0.000010
0.000010 0.000010 0.727664 0.000010 0.000010 0.000010 0.212143 0.060133 0.000010
0.000010 0.031063 0.571955 0.000010 0.000010 0.022902 0.330017 0.033229 0.010803
0.011660 0.000010 0.676931 0.000010 0.011645 0.000010 0.299714 0.000010 0.000010
0.000010 0.067783 0.681956 0.000010 0.000010 0.000010 0.250201 0.000010 0.000010
0.000010 0.009294 0.501493 0.000010 0.000010 0.015469 0.415186 0.058518 0.000010
0.043801 0.000010 0.545520 0.000010 0.061925 0.000010 0.348704 0.000010 0.000010
0.000010 0.044615 0.692690 0.000010 0.000010 0.000010 0.262636 0.000010 0.000010
0.000010 0.041593 0.030189 0.075595 0.612923 0.000010 0.219795 0.000010 0.019875
0.000010 0.000010 0.000010 0.000010 0.854185 0.000010 0.145745 0.000010 0.000010
0.013968 0.077773 0.445078 0.017954 0.105609 0.000010 0.251504 0.088094 0.000010
0.037479 0.076609 0.647319 0.132610 0.000010 0.000010 0.070105 0.035847 0.000010
0.326428 0.000010 0.033309 0.459445 0.000010 0.000010 0.000010 0.180768 0.000010
0.327173 0.000010 0.086188 0.340054 0.032545 0.000010 0.000010 0.140647 0.073363
0.367451 0.000010 0.141629 0.310546 0.000010 0.000010 0.000010 0.180323 0.000010
0.264407 0.045220 0.078828 0.425738 0.000388 0.000010 0.000010 0.185390 0.000010
0.552752 0.000010 0.000010 0.231408 0.000010 0.000010 0.000010 0.215780 0.000010
0.355426 0.062936 0.027448 0.357406 0.000010 0.000010 0.023500 0.173253 0.000010
0.278622 0.000010 0.069091 0.393477 0.000010 0.000010 0.000010 0.258759 0.000010
0.207565 0.000010 0.074386 0.342010 0.033345 0.000010 0.000010 0.342654 0.000010
0.297260 0.056520 0.000010 0.355389 0.038824 0.000010 0.039861 0.212115 0.000010
0.508597 0.000010 0.000010 0.203414 0.005821 0.016670 0.058415 0.207053 0.000010
0.309254 0.000010 0.056666 0.378054 0.000010 0.000010 0.000010 0.255975 0.000010
0.384228 0.001168 0.087721 0.198970 0.000010 0.000010 0.068382 0.259502 0.000010
0.142394 0.038978 0.160452 0.514254 0.020728 0.000010 0.000010 0.123162 0.000010
0.000010 0.000010 0.753280 0.000010 0.000010 0.000010 0.212890 0.033769 0.000010
0.036534 0.000010 0.600489 0.000010 0.000010 0.000010 0.319859 0.043068 0.000010
0.000010 0.022207 0.666735 0.000010 0.000010 0.000010 0.310999 0.000010 0.000010
0.000010 0.101835 0.533802 0.000010 0.062243 0.003328 0.298752 0.000010 0.000010
0.000010 0.000010 0.685820 0.000010 0.000010 0.000010 0.314110 0.000010 0.000010
0.001712 0.000010 0.715587 0.000010 0.000010 0.000010 0.282641 0.000010 0.000010
0.000010 0.035481 0.681889 0.000010 0.058540 0.000010 0.224041 0.000010 0.000010
0.000010 0.041242 0.550789 0.000010 0.008601 0.048038 0.351289 0.000010 0.000010
0.000010 0.000010 0.665705 0.003840 0.023004 0.000010 0.237794 0.069616 0.000010
0.031402 0.000010 0.541325 0.000010 0.015338 0.041189 0.370707 0.000010 0.000010
0.000010 0.000010 0.543988 0.000010 0.057049 0.000010 0.357478 0.000010 0.041434
0.001702 0.105449 0.639739 0.000010 0.032145 0.000010 0.189411 0.017775 0.013760
