0.387260 0.000010 0.000010 0.000010 0.030029 0.000010 0.128233 0.406354 0.048083
0.159875 0.000010 0.030218 0.108043 0.000010 0.032218 0.161060 0.508556 0.000010
0.134071 0.101865 0.000010 0.064359 0.028510 0.000010 0.036930 0.533927 0.100318
0.374672 0.000010 0.000010 0.144230 0.000010 0.000010 0.088049 0.392999 0.000010
0.334833 0.010395 0.000010 0.032613 0.000010 0.000010 0.121781 0.475723 0.024625
0.460051 0.000010 0.000010 0.121653 0.060385 0.000010 0.058083 0.256831 0.042967
0.315313 0.025133 0.000010 0.082590 0.000010 0.027560 0.026164 0.522123 0.001097
0.117478 0.000010 0.000012 0.166146 0.000010 0.043417 0.107031 0.455681 0.110217
0.286640 0.000010 0.107051 0.135990 0.000010 0.023696 0.000010 0.446583 0.000010
0.310116 0.000010 0.047845 0.133683 0.000010 0.000010 0.002712 0.505604 0.000010
0.227388 0.000010 0.073419 0.159092 0.000010 0.000010 0.133799 0.360111 0.046161
0.353503 0.000010 0.000010 0.076441 0.120620 0.000010 0.016135 0.433261 0.000010
0.223819 0.045911 0.000010 0.111053 0.015752 0.059141 0.135818 0.408486 0.000010
0.312185 0.133075 0.000010 0.098756 0.000010 0.044095 0.078567 0.245971 0.087331
0.307263 0.000010 0.021180 0.139716 0.000010 0.000010 0.045901 0.485900 0.000010
0.413121 0.005179 0.000010 0.110130 0.003412 0.000010 0.053000 0.415129 0.000010
0.322992 0.000010 0.000010 0.000010 0.036206 0.000010 0.081813 0.452283 0.106666
0.414278 0.000010 0.000010 0.000010 0.000010 0.000010 0.021508 0.561506 0.002658
0.429630 0.000010 0.000010 0.000010 0.034702 0.000010 0.076585 0.459033 0.000010
0.240773 0.043957 0.000010 0.087624 0.000010 0.000010 0.098227 0.529378 0.000010
0.221018 0.118280 0.000010 0.000010 0.000010 0.000010 0.145164 0.501051 0.014447
0.279012 0.107617 0.000010 0.085816 0.000010 0.000010 0.081858 0.445657 0.000010
0.200681 0.016222 0.000010 0.123916 0.000010 0.048176 0.000010 0.458229 0.152745
0.293380 0.000010 0.026613 0.057314 0.000010 0.002429 0.127358 0.492877 0.000010
0.261168 0.000010 0.000010 0.117196 0.000010 0.000010 0.163108 0.458478 0.000010
0.522768 0.001172 0.012490 0.059268 0.074241 0.000010 0.000010 0.330031 0.000010
0.348348 0.000010 0.000010 0.000010 0.057470 0.000010 0.213757 0.380375 0.000010
0.336081 0.000010 0.000010 0.048709 0.006701 0.000010 0.157354 0.451115 0.000010
0.156886 0.007558 0.047283 0.155635 0.038621 0.000010 0.122209 0.444737 0.027061
0.208201 0.000010 0.000010 0.000010 0.043174 0.022712 0.137696 0.450662 0.137526
0.306061 0.000010 0.000010 0.000010 0.047371 0.002167 0.197129 0.447232 0.000010
0.572609 0.000010 0.000010 0.104694 0.000010 0.000010 0.000010 0.311092 0.011555
0.492940 0.036600 0.105422 0.085743 0.000010 0.077218 0.000010 0.202047 0.000010
0.292716 0.000010 0.018811 0.085294 0.000010 0.000010 0.025129 0.578009 0.000010
0.039840 0.018957 0.000010 0.128552 0.051788 0.046385 0.211942 0.486518 0.016007
0.314169 0.000010 0.004643 0.018053 0.125310 0.000010 0.027366 0.501737 0.008702
0.426426 0.036473 0.019673 0.028896 0.036724 0.010060 0.051741 0.389997 0.000010
0.181434 0.000010 0.037631 0.141707 0.043375 0.000010 0.060458 0.358396 0.176978
0.335193 0.000010 0.000010 0.121449 0.014002 0.050655 0.066308 0.412364 0.000010
0.249998 0.047238 0.080318 0.020649 0.000010 0.000010 0.067326 0.534441 0.000010
0.228092 0.000010 0.000010 0.183064 0.000010 0.006457 0.048607 0.486915 0.046835
0.356066 0.120924 0.000010 0.011412 0.000010 0.000010 0.003886 0.453942 0.053742
0.462721 0.018093 0.060485 0.000010 0.000010 0.000010 0.016219 0.423801 0.018651
0.204268 0.100192 0.000010 0.107926 0.049670 0.002779 0.115525 0.342174 0.077455
0.263395 0.000015 0.051392 0.128363 0.060216 0.060851 0.078971 0.356787 0.000010
0.354887 0.011834 0.017911 0.099138 0.063315 0.000010 0.064721 0.297929 0.090256
0.378958 0.000010 0.010398 0.044947 0.112187 0.000010 0.074594 0.353698 0.025198
0.165727 0.000010 0.260985 0.000010 0.000010 0.000010 0.177575 0.354148 0.041525
0.345512 0.000010 0.256286 0.003563 0.047184 0.000010 0.027733 0.319692 0.000010
0.118695 0.011712 0.488718 0.113790 0.000010 0.000010 0.021006 0.246048 0.000010
0.315281 0.113119 0.294994 0.057616 0.000010 0.000010 0.076378 0.142583 0.000010
0.378549 0.000010 0.217173 0.002924 0.013086 0.000010 0.096183 0.292054 0.000010
0.193736 0.000010 0.143279 0.088772 0.038449 0.000010 0.106712 0.377797 0.051236
0.256988 0.157951 0.357011 0.000010 0.000010 0.000010 0.155379 0.072631 0.000010
0.219442 0.000010 0.185254 0.177991 0.035412 0.000010 0.074860 0.296591 0.010431
0.207358 0.090513 0.277954 0.078812 0.000010 0.050323 0.119792 0.175228 0.000010
0.180423 0.126969 0.151812 0.044656 0.066021 0.000010 0.151070 0.244305 0.034736
0.166548 0.121025 0.383122 0.000010 0.064794 0.000010 0.095581 0.168899 0.000010
0.198334 0.018945 0.276395 0.069044 0.073094 0.000010 0.071644 0.292524 0.000010
0.157393 0.136958 0.242979 0.174312 0.008018 0.000010 0.091356 0.188963 0.000010
0.142170 0.063103 0.457941 0.042134 0.076158 0.000010 0.139981 0.078493 0.000010
0.010093 0.000010 0.439579 0.000010 0.070773 0.000010 0.246265 0.157164 0.076097
0.176245 0.004699 0.180290 0.154910 0.000010 0.000010 0.101321 0.365878 0.016636
0.128015 0.000010 0.358554 0.063984 0.046270 0.000010 0.092882 0.278833 0.031442
0.344326 0.000010 0.199822 0.073357 0.059815 0.000010 0.016063 0.205661 0.100936
0.070855 0.038820 0.325593 0.099950 0.087786 0.000010 0.075698 0.218461 0.082827
0.149044 0.124391 0.112156 0.028474 0.076674 0.079316 0.084495 0.345440 0.000010
0.168824 0.026302 0.283501 0.147664 0.000010 0.007223 0.061314 0.305152 0.000010
0.076741 0.080652 0.329573 0.220350 0.052029 0.000010 0.109041 0.131595 0.000010
0.359607 0.070805 0.046870 0.069958 0.020176 0.000010 0.133814 0.298749 0.000010
0.192155 0.000010 0.000010 0.014176 0.000010 0.013296 0.000010 0.074350 0.705983
0.397350 0.000010 0.000010 0.036540 0.020356 0.000010 0.082534 0.378869 0.084321
0.305034 0.010036 0.000010 0.071752 0.024075 0.017605 0.085016 0.478581 0.007891
0.467332 0.000010 0.000010 0.023220 0.071016 0.006651 0.030096 0.394754 0.006911
0.290319 0.059966 0.000010 0.129619 0.000010 0.000010 0.086736 0.433320 0.000010
0.388923 0.000010 0.053154 0.000010 0.000010 0.030832 0.069194 0.457856 0.000010
0.241846 0.009195 0.000010 0.206664 0.000010 0.000010 0.000010 0.422437 0.119818
0.456202 0.061762 0.000010 0.029722 0.022127 0.003319 0.000010 0.378391 0.048457
0.350567 0.000010 0.000010 0.009048 0.012853 0.000010 0.150332 0.477160 0.000010
0.235046 0.000010 0.000010 0.293382 0.008701 0.000010 0.073701 0.389130 0.000010
0.348759 0.057359 0.051206 0.000010 0.000010 0.026616 0.041420 0.394753 0.079867
0.193212 0.000010 0.047181 0.203612 0.043326 0.000010 0.086776 0.381191 0.044682
0.276058 0.000010 0.098522 0.044565 0.000010 0.000010 0.096728 0.484087 0.000010
0.381710 0.023987 0.026189 0.000010 0.000010 0.000010 0.093071 0.475003 0.000010
0.311057 0.000332 0.062816 0.044087 0.000010 0.000010 0.138868 0.442810 0.000010
0.329703 0.113172 0.055895 0.000010 0.053348 0.000010 0.077393 0.273954 0.096514
0.190373 0.000010 0.009301 0.057601 0.000010 0.004129 0.166518 0.379742 0.192316
0.246896 0.000012 0.000010 0.151859 0.000010 0.000010 0.173755 0.386947 0.040502
0.464403 0.000010 0.004449 0.085543 0.000010 0.000010 0.052002 0.368264 0.025309
0.281160 0.014223 0.063685 0.054792 0.063147 0.004149 0.176586 0.301916 0.040343
0.212371 0.033149 0.007667 0.179496 0.021043 0.002458 0.092997 0.450809 0.000010
0.399254 0.000010 0.000010 0.094488 0.000010 0.000010 0.132295 0.351926 0.021997
0.460616 0.000010 0.000010 0.066497 0.023099 0.018347 0.030156 0.401255 0.000010
0.282359 0.098510 0.000010 0.111490 0.049227 0.000010 0.000010 0.433065 0.025320
0.499220 0.000010 0.000010 0.000010 0.026108 0.000010 0.000010 0.474612 0.000010
0.167557 0.000010 0.007767 0.000010 0.007169 0.000010 0.146662 0.670806 0.000010
0.017611 0.000010 0.065828 0.000010 0.061519 0.000010 0.265174 0.589828 0.000010
0.287913 0.007005 0.000010 0.120996 0.068191 0.000010 0.143031 0.372835 0.000010
0.175733 0.000010 0.058329 0.139906 0.000010 0.000010 0.126137 0.499855 0.000010
0.271359 0.016234 0.000010 0.199644 0.000010 0.000696 0.000010 0.512026 0.000010
0.092539 0.000010 0.156561 0.243808 0.030610 0.065797 0.092077 0.318587 0.000010
0.076292 0.018374 0.000010 0.119766 0.040381 0.042363 0.225340 0.291344 0.186129
0.090375 0.000010 0.011002 0.154788 0.044063 0.083372 0.124288 0.333993 0.158109
0.102382 0.071202 0.000010 0.053172 0.000010 0.000010 0.321327 0.451877 0.000010
0.142460 0.012360 0.000010 0.091864 0.058520 0.000010 0.198045 0.493387 0.003344
0.155483 0.000010 0.000010 0.000010 0.000010 0.000010 0.246689 0.597767 0.000010
0.420135 0.010320 0.000010 0.023374 0.117794 0.000010 0.062259 0.366088 0.000010
0.145795 0.000010 0.088891 0.124055 0.000010 0.000010 0.072753 0.531897 0.036579
0.456080 0.000010 0.000010 0.000010 0.078477 0.012406 0.032785 0.407863 0.012359
0.371569 0.000010 0.034935 0.000010 0.038748 0.000010 0.000010 0.554697 0.000010
0.204046 0.009508 0.000010 0.023492 0.000010 0.000010 0.137672 0.588327 0.036925
0.150049 0.056402 0.000010 0.000012 0.012960 0.000010 0.226263 0.450303 0.103991
0.260274 0.000010 0.000010 0.025648 0.026158 0.017262 0.162161 0.508468 0.000010
0.359728 0.013263 0.049610 0.000010 0.122281 0.029116 0.017570 0.383187 0.025234
0.207419 0.000010 0.000010 0.087361 0.000010 0.000010 0.191595 0.513576 0.000010
0.289993 0.027384 0.028852 0.000010 0.000010 0.000010 0.257679 0.396051 0.000010
0.242783 0.000010 0.158263 0.000010 0.117779 0.000010 0.164684 0.316451 0.000010
0.271437 0.000010 0.095677 0.053844 0.021254 0.000010 0.087215 0.470544 0.000010
0.199781 0.018417 0.000010 0.178030 0.007006 0.022555 0.110540 0.463652 0.000010
0.213010 0.005000 0.045746 0.154270 0.000010 0.000010 0.083195 0.411674 0.087085
0.357471 0.106593 0.063363 0.012412 0.000010 0.000010 0.127370 0.255640 0.077132
0.219654 0.000010 0.080003 0.098516 0.108017 0.000010 0.119392 0.374387 0.000010
0.130775 0.064498 0.028230 0.130197 0.009256 0.000010 0.144941 0.492083 0.000010
0.294099 0.054857 0.018106 0.000010 0.000010 0.000010 0.173783 0.459116 0.000010
0.407508 0.091010 0.000010 0.008311 0.000010 0.000010 0.089356 0.403775 0.000010
0.408793 0.056394 0.000010 0.063637 0.000010 0.014502 0.109977 0.346667 0.000010
0.325189 0.000010 0.000010 0.124157 0.000010 0.000010 0.058025 0.492578 0.000010
0.289735 0.075184 0.000010 0.003695 0.018405 0.000010 0.131353 0.462735 0.018874
0.301270 0.000010 0.000010 0.001825 0.000010 0.000010 0.125092 0.569565 0.002208
0.386078 0.033348 0.010242 0.000017 0.000010 0.036294 0.032177 0.501823 0.000010
0.258192 0.041788 0.024819 0.000010 0.069563 0.000010 0.269512 0.321441 0.014666
0.194480 0.068438 0.000010 0.010560 0.043367 0.000010 0.238129 0.444996 0.000010
0.350973 0.000010 0.000010 0.041868 0.082702 0.000010 0.066016 0.458402 0.000010
0.303836 0.021559 0.000010 0.136242 0.082605 0.000010 0.037283 0.418446 0.000010
0.245432 0.025748 0.038677 0.089972 0.000010 0.000010 0.070916 0.499643 0.029593
0.275084 0.016995 0.039517 0.076970 0.075355 0.000010 0.087920 0.428139 0.000010
0.014368 0.027332 0.029355 0.196420 0.083161 0.000010 0.101837 0.502510 0.045007
0.302221 0.094772 0.104656 0.000010 0.014425 0.000010 0.042157 0.441739 0.000010
0.269385 0.122059 0.000010 0.128515 0.000010 0.000010 0.052428 0.427574 0.000010
0.102206 0.123103 0.000010 0.138202 0.008546 0.000010 0.208056 0.419857 0.000010
0.491748 0.047811 0.069588 0.000010 0.000010 0.012109 0.031487 0.347227 0.000010
0.278056 0.000010 0.023270 0.218415 0.052386 0.000010 0.143250 0.284593 0.000010
0.319460 0.000010 0.000208 0.027236 0.000010 0.000010 0.079132 0.572306 0.001629
0.392102 0.016778 0.000010 0.040199 0.071098 0.020106 0.000010 0.459686 0.000010
0.188701 0.000010 0.129037 0.080609 0.000010 0.000010 0.041226 0.560387 0.000010
0.144169 0.020180 0.073363 0.127006 0.012427 0.013026 0.175664 0.434155 0.000010
0.464622 0.000013 0.037058 0.049931 0.131105 0.000621 0.000010 0.316630 0.000010
0.378542 0.038069 0.000010 0.037239 0.051260 0.000010 0.039972 0.454889 0.000010
0.365509 0.000010 0.005998 0.153065 0.017513 0.018904 0.055043 0.383947 0.000010
0.169602 0.000010 0.021502 0.085435 0.194106 0.000010 0.004056 0.525268 0.000010
0.331265 0.110364 0.029887 0.000010 0.007213 0.000010 0.126806 0.394434 0.000010
0.411582 0.114879 0.057031 0.099285 0.000010 0.034511 0.054973 0.227718 0.000010
0.218270 0.071157 0.021924 0.049455 0.000010 0.035062 0.141180 0.462933 0.000010
0.228526 0.107653 0.000569 0.061509 0.022645 0.048892 0.139397 0.390798 0.000010
0.389166 0.021813 0.056535 0.172212 0.000010 0.021377 0.000010 0.338867 0.000010
0.179271 0.000010 0.021727 0.241573 0.000010 0.063027 0.052531 0.441841 0.000010
0.214316 0.174618 0.000010 0.084989 0.015925 0.017903 0.111617 0.376970 0.003651
0.283333 0.039680 0.063822 0.161306 0.047317 0.011414 0.023335 0.369783 0.000010
0.432407 0.000010 0.018134 0.081688 0.006805 0.000010 0.017534 0.437729 0.005683
0.141862 0.027569 0.033165 0.236040 0.129476 0.042044 0.001892 0.387943 0.000010
0.388696 0.000010 0.049426 0.043439 0.045172 0.000010 0.056865 0.359113 0.057268
0.256222 0.000010 0.062574 0.147161 0.084568 0.000010 0.056179 0.393266 0.000010
0.000010 0.000010 0.009048 0.228643 0.011443 0.000010 0.223012 0.527814 0.000010
0.000010 0.000010 0.063561 0.099435 0.000010 0.000010 0.267375 0.500327 0.069262
0.245282 0.047694 0.050633 0.038100 0.000010 0.000010 0.097818 0.520444 0.000010
0.286431 0.000010 0.061134 0.037708 0.000010 0.000010 0.182838 0.430999 0.000859
0.133282 0.007001 0.144623 0.165139 0.000010 0.007176 0.058260 0.441181 0.043327
0.307820 0.000010 0.043635 0.135382 0.035668 0.021270 0.166463 0.289743 0.000010
0.166555 0.000010 0.058419 0.000010 0.055151 0.000010 0.281380 0.422196 0.016270
0.275547 0.000010 0.020164 0.053132 0.000010 0.037497 0.144577 0.469053 0.000010
0.117673 0.142808 0.000010 0.102018 0.020708 0.000010 0.158980 0.457783 0.000010
0.149809 0.105588 0.122815 0.037231 0.049633 0.000010 0.200353 0.334550 0.000010
0.259000 0.017921 0.077136 0.000010 0.093497 0.000010 0.058803 0.493613 0.000010
0.145950 0.140914 0.032400 0.000010 0.019504 0.020827 0.178777 0.461609 0.000010
0.263180 0.000010 0.063637 0.093554 0.000010 0.000010 0.165020 0.378946 0.035633
0.078856 0.000010 0.013777 0.038165 0.000010 0.000010 0.306220 0.503855 0.059097
0.227671 0.042783 0.115416 0.000361 0.000010 0.000010 0.053962 0.466762 0.093024
0.111215 0.139510 0.122986 0.147305 0.000010 0.000010 0.056565 0.390462 0.031937
0.366360 0.000010 0.143631 0.000010 0.000010 0.000010 0.223210 0.266749 0.000010
0.240600 0.007265 0.083148 0.000010 0.025140 0.000010 0.108828 0.503600 0.031399
0.238761 0.133364 0.045235 0.102952 0.017789 0.000010 0.077278 0.379109 0.005502
0.360739 0.052418 0.008924 0.015958 0.027835 0.000010 0.084613 0.407678 0.041825
0.252699 0.027505 0.002271 0.106796 0.077263 0.000010 0.113392 0.420053 0.000010
0.160053 0.020706 0.000010 0.071730 0.000010 0.000010 0.172807 0.574663 0.000010
0.167282 0.057066 0.124813 0.147901 0.000010 0.000010 0.133863 0.345125 0.023930
0.257538 0.130209 0.058411 0.000010 0.021583 0.000010 0.086711 0.445518 0.000010
0.147896 0.023198 0.098597 0.028692 0.000014 0.000010 0.218522 0.477595 0.005475
0.000010 0.000010 0.000010 0.000010 0.055705 0.531900 0.030430 0.016759 0.365167
0.000010 0.000010 0.000010 0.000010 0.042370 0.412795 0.000010 0.000010 0.544775
0.000010 0.000010 0.018665 0.059359 0.000010 0.321028 0.000010 0.000010 0.600898
0.000010 0.023220 0.000010 0.000010 0.036443 0.383012 0.000010 0.000010 0.557276
0.000010 0.009371 0.000010 0.000010 0.001820 0.388315 0.020712 0.000010 0.579742
0.000010 0.026191 0.000010 0.000010 0.000010 0.306520 0.000010 0.000010 0.667230
0.000010 0.000010 0.013701 0.000010 0.028046 0.508908 0.015518 0.000010 0.433788
0.000010 0.020159 0.000010 0.000010 0.000010 0.370279 0.000010 0.000010 0.609502
0.000010 0.000010 0.000010 0.000010 0.000010 0.290818 0.000010 0.000010 0.709112
0.016606 0.000010 0.000010 0.000010 0.000010 0.314579 0.000010 0.000010 0.668755
0.007125 0.000010 0.000010 0.000010 0.029704 0.360650 0.000010 0.000010 0.602471
0.000010 0.000010 0.040279 0.000010 0.000010 0.511630 0.000010 0.000010 0.448031
0.000010 0.000010 0.000010 0.000010 0.077161 0.473244 0.017807 0.000010 0.431738
0.008686 0.000010 0.000010 0.000010 0.103547 0.350033 0.004779 0.000010 0.532915
0.000010 0.000010 0.022582 0.000010 0.003993 0.407651 0.017340 0.000010 0.548394
0.000010 0.000010 0.000010 0.000010 0.028876 0.374405 0.000010 0.000010 0.596659
0.000010 0.000010 0.000010 0.000010 0.076361 0.341956 0.005803 0.000010 0.575830
0.000010 0.011025 0.000010 0.000010 0.037924 0.465611 0.000010 0.000010 0.485391
0.017213 0.000010 0.037676 0.000010 0.000010 0.399622 0.000010 0.000010 0.545439
0.005566 0.003878 0.000010 0.000010 0.000010 0.333605 0.000010 0.011368 0.645543
0.000010 0.005404 0.053505 0.019909 0.011733 0.462780 0.020810 0.000010 0.425840
0.045823 0.000010 0.000010 0.000010 0.000010 0.291830 0.000010 0.000010 0.662287
0.000010 0.000010 0.010950 0.000010 0.000010 0.188183 0.000010 0.000010 0.800807
0.000010 0.000010 0.000010 0.000010 0.040423 0.460994 0.010637 0.022630 0.465276
0.044221 0.000010 0.000010 0.000010 0.000010 0.334473 0.000010 0.000010 0.621246
0.000010 0.003940 0.000010 0.000010 0.069947 0.437769 0.002584 0.000010 0.485720
0.014792 0.000010 0.000010 0.000010 0.000010 0.378413 0.028357 0.000010 0.578388
0.032017 0.008097 0.000010 0.000010 0.000010 0.370281 0.000010 0.000010 0.589556
0.017117 0.000010 0.053404 0.000010 0.834664 0.000010 0.094765 0.000010 0.000010
0.577550 0.000010 0.000010 0.206829 0.019463 0.000010 0.029387 0.166731 0.000010
0.510704 0.003914 0.062066 0.263344 0.000010 0.006676 0.000010 0.153266 0.000010
0.199084 0.048109 0.049259 0.569292 0.000010 0.000010 0.036661 0.097565 0.000010
0.493124 0.057477 0.000010 0.368820 0.000010 0.000010 0.001465 0.079074 0.000010
0.402172 0.019677 0.000010 0.351194 0.032703 0.042602 0.059523 0.092109 0.000010
0.339724 0.001692 0.024926 0.348859 0.018634 0.000010 0.009994 0.256151 0.000010
0.429920 0.000010 0.027660 0.277655 0.000010 0.000010 0.011533 0.253192 0.000010
0.413082 0.004816 0.000010 0.369229 0.004045 0.002499 0.029459 0.176850 0.000010
0.334539 0.022815 0.000010 0.384057 0.000010 0.024992 0.000010 0.233558 0.000010
0.536017 0.001375 0.065731 0.079294 0.000010 0.000010 0.054631 0.262921 0.000010
0.390846 0.026592 0.042060 0.219614 0.000010 0.009956 0.000010 0.310901 0.000010
0.417312 0.027043 0.000010 0.265083 0.079475 0.000010 0.000010 0.211047 0.000010
0.477860 0.000010 0.043552 0.331868 0.000010 0.000010 0.000010 0.146670 0.000010
0.541896 0.021250 0.000010 0.305819 0.000010 0.000010 0.020953 0.110042 0.000010
0.317726 0.006570 0.000010 0.457712 0.000010 0.000010 0.000010 0.217942 0.000010
0.460261 0.016443 0.020475 0.327387 0.000010 0.000010 0.016565 0.158840 0.000010
0.441679 0.000010 0.000010 0.322925 0.000010 0.000010 0.062138 0.173208 0.000010
0.435860 0.051516 0.000010 0.270156 0.032652 0.000010 0.000010 0.209776 0.000010
0.472790 0.000010 0.000010 0.222596 0.000010 0.000010 0.059922 0.244642 0.000010
0.378284 0.007559 0.138485 0.255100 0.017320 0.006024 0.000010 0.152338 0.044879
0.451808 0.000010 0.000010 0.235966 0.000010 0.000010 0.119279 0.192896 0.000010
0.085476 0.007753 0.000010 0.532072 0.000010 0.000010 0.020423 0.354236 0.000010
0.183221 0.000010 0.000010 0.509403 0.000010 0.000010 0.000010 0.256476 0.050850
0.318936 0.011772 0.000010 0.397737 0.027031 0.003224 0.061165 0.180116 0.000010
0.337652 0.061522 0.027834 0.405216 0.000010 0.000010 0.000010 0.125257 0.042488
0.278178 0.000010 0.000010 0.473672 0.058342 0.000011 0.000010 0.170381 0.019386
0.480173 0.027059 0.019802 0.138004 0.000010 0.016846 0.000010 0.268268 0.049829
0.405729 0.000010 0.000010 0.412357 0.000010 0.000010 0.026601 0.155263 0.000010
0.000010 0.049840 0.000010 0.014171 0.935929 0.000010 0.000010 0.000010 0.000010
0.003313 0.000010 0.000010 0.000010 0.922098 0.023653 0.050885 0.000010 0.000010
0.006778 0.000010 0.000010 0.002259 0.954445 0.000010 0.000010 0.036469 0.000010
0.000012 0.020280 0.000010 0.010980 0.957352 0.000010 0.000010 0.000010 0.011337
0.005246 0.064837 0.036853 0.038372 0.731158 0.000010 0.102224 0.021290 0.000010
0.020204 0.000010 0.000010 0.022164 0.892541 0.015976 0.042648 0.000010 0.006436
0.000010 0.021490 0.000010 0.000010 0.966894 0.000010 0.008907 0.002659 0.000010
0.012402 0.000010 0.000010 0.013885 0.952849 0.000010 0.012206 0.008618 0.000010
0.000010 0.000010 0.000010 0.000010 0.974894 0.000010 0.025036 0.000010 0.000010
0.017569 0.032276 0.000010 0.000010 0.938399 0.000010 0.000010 0.011705 0.000010
0.000010 0.000010 0.000010 0.017049 0.920051 0.000010 0.062839 0.000010 0.000010
0.000011 0.000010 0.056419 0.000010 0.911570 0.031951 0.000010 0.000010 0.000010
0.000010 0.000010 0.000010 0.013617 0.883563 0.032156 0.054655 0.015289 0.000689
0.000011 0.008105 0.000010 0.000010 0.890044 0.033132 0.068669 0.000010 0.000010
0.000010 0.000010 0.000010 0.000010 0.982058 0.017872 0.000010 0.000010 0.000010
0.000010 0.006508 0.000010 0.000010 0.922287 0.040381 0.002467 0.000010 0.028317
0.028311 0.058823 0.000010 0.000012 0.912804 0.000010 0.000010 0.000010 0.000010
0.470749 0.066281 0.001859 0.022092 0.000010 0.032728 0.061786 0.216423 0.128072
0.552910 0.005268 0.092747 0.030623 0.004647 0.000010 0.000010 0.253332 0.060453
0.650841 0.000010 0.000010 0.052390 0.000010 0.000010 0.057938 0.238781 0.000010
0.431379 0.041994 0.000010 0.041249 0.000010 0.010007 0.082787 0.300904 0.091659
0.496792 0.000010 0.018770 0.133685 0.009166 0.000010 0.029996 0.311561 0.000010
0.496415 0.060027 0.000010 0.197003 0.000010 0.000010 0.051439 0.158109 0.036977
0.688464 0.012435 0.000010 0.081711 0.000010 0.024916 0.000010 0.177272 0.015173
0.538710 0.000010 0.000010 0.000010 0.000010 0.006217 0.024662 0.430361 0.000010
0.619727 0.026678 0.000010 0.030250 0.031855 0.000010 0.061937 0.229523 0.000010
0.503259 0.061414 0.000010 0.146574 0.000010 0.065636 0.060347 0.147350 0.015400
0.602980 0.011297 0.067803 0.010211 0.052498 0.000010 0.066298 0.182860 0.006043
0.581592 0.000010 0.000010 0.093546 0.006155 0.004686 0.017829 0.296161 0.000010
0.670678 0.063133 0.000010 0.000010 0.000010 0.041585 0.000010 0.224554 0.000010
0.486264 0.010979 0.000010 0.155624 0.000010 0.017328 0.000010 0.329766 0.000010
0.457815 0.000908 0.000010 0.114688 0.000010 0.000010 0.031140 0.351417 0.044003
0.551130 0.000010 0.000010 0.000010 0.028542 0.019725 0.000010 0.400552 0.000010
0.504391 0.000010 0.009888 0.145173 0.000010 0.000010 0.001491 0.301202 0.037825
0.391752 0.000010 0.048726 0.008465 0.000010 0.135562 0.000010 0.399367 0.016097
0.674635 0.048233 0.000010 0.000010 0.042823 0.000010 0.018999 0.215270 0.000010
0.497299 0.060188 0.014001 0.139008 0.000010 0.000010 0.000010 0.225698 0.063776
0.453414 0.038663 0.000010 0.177407 0.000010 0.000010 0.004944 0.325531 0.000010
0.550686 0.065161 0.000010 0.003072 0.000010 0.000010 0.028188 0.352853 0.000010
0.588178 0.000010 0.040599 0.069050 0.020577 0.000010 0.011106 0.270459 0.000010
0.554944 0.017752 0.051626 0.000010 0.000010 0.025445 0.000010 0.345155 0.005048
0.663181 0.000010 0.135544 0.000010 0.000010 0.000010 0.000010 0.179710 0.021515
0.597894 0.000010 0.000010 0.000010 0.000010 0.000010 0.000010 0.284403 0.117643
0.526791 0.000010 0.015920 0.061797 0.000010 0.000010 0.062609 0.332842 0.000010
0.446978 0.058998 0.009611 0.231341 0.000010 0.000010 0.000010 0.227402 0.025639
0.704740 0.066563 0.000010 0.000010 0.000010 0.000010 0.006018 0.193005 0.029635
0.679693 0.018315 0.086934 0.133073 0.041561 0.000010 0.010894 0.029511 0.000010
0.461414 0.000010 0.034108 0.025956 0.000010 0.052500 0.000010 0.425981 0.000010
0.507616 0.000010 0.009810 0.151333 0.000010 0.000010 0.000010 0.331191 0.000010
0.494392 0.008805 0.000010 0.128336 0.000010 0.030907 0.089169 0.248361 0.000010
0.471529 0.000010 0.000010 0.212514 0.041421 0.003415 0.000010 0.262652 0.008440
0.619489 0.000010 0.006345 0.016463 0.000010 0.000010 0.000010 0.315782 0.041881
0.528065 0.000010 0.006939 0.091399 0.121008 0.000010 0.000010 0.252549 0.000010
0.676710 0.042998 0.019888 0.026244 0.000010 0.015557 0.017465 0.201117 0.000010
0.614728 0.000010 0.000010 0.061198 0.038440 0.000010 0.053605 0.231989 0.000010
0.570510 0.000010 0.011782 0.000010 0.000010 0.000010 0.025242 0.392417 0.000010
0.505853 0.000010 0.000010 0.056570 0.000010 0.000010 0.093297 0.344230 0.000010
0.397421 0.000010 0.001364 0.068052 0.001858 0.000010 0.000010 0.484779 0.046497
0.577267 0.000010 0.000010 0.000010 0.000010 0.005102 0.008792 0.408789 0.000010
0.621180 0.000010 0.003527 0.000010 0.068071 0.000010 0.000010 0.221248 0.085934
0.633085 0.005078 0.000010 0.000010 0.020852 0.000010 0.011451 0.189717 0.139787
0.392708 0.022825 0.000010 0.000010 0.032882 0.000010 0.060030 0.314208 0.177316
0.657745 0.019679 0.000010 0.000010 0.031429 0.000010 0.033580 0.211199 0.046337
0.482434 0.011350 0.000010 0.000010 0.053233 0.000010 0.055140 0.106472 0.291340
0.547351 0.069386 0.015910 0.000010 0.000010 0.000010 0.056381 0.179314 0.131628
0.586069 0.000010 0.047526 0.107345 0.000010 0.021934 0.013895 0.110154 0.113057
0.432939 0.000010 0.000010 0.121274 0.080164 0.000010 0.055031 0.154042 0.156519
0.616953 0.021714 0.000011 0.000010 0.088323 0.017564 0.000010 0.255405 0.000010
0.688502 0.028485 0.000010 0.000010 0.037071 0.000010 0.049506 0.196396 0.000010
0.693966 0.000010 0.000010 0.000010 0.041098 0.031991 0.000010 0.219001 0.013904
0.456340 0.000010 0.067324 0.078172 0.060576 0.013155 0.000010 0.114896 0.209518
0.644719 0.000010 0.000747 0.004956 0.029650 0.056545 0.075158 0.144448 0.043766
0.118099 0.005253 0.000010 0.000010 0.048303 0.070645 0.000010 0.090120 0.667550
0.482750 0.000010 0.018497 0.083996 0.000010 0.000010 0.042185 0.239936 0.132605
0.478808 0.000010 0.000010 0.108312 0.043889 0.032948 0.000010 0.262396 0.073617
0.652862 0.064294 0.000010 0.000010 0.000010 0.000010 0.002538 0.280257 0.000010
0.480140 0.000010 0.000010 0.117080 0.024126 0.070944 0.132928 0.171185 0.003575
0.593975 0.034009 0.000010 0.055620 0.042959 0.000010 0.050527 0.203911 0.018978
0.575928 0.000010 0.000010 0.000010 0.049770 0.000010 0.000010 0.251404 0.122847
0.531625 0.000010 0.000010 0.000010 0.048350 0.000010 0.119014 0.101932 0.199038
0.497767 0.096435 0.000010 0.000010 0.086557 0.000010 0.000010 0.216946 0.102255
0.688492 0.000010 0.088386 0.000010 0.000010 0.066358 0.026310 0.130413 0.000010
0.588387 0.000010 0.008111 0.098486 0.003668 0.000010 0.000010 0.259156 0.042161
0.554005 0.000010 0.000010 0.000010 0.025838 0.018074 0.042902 0.291557 0.067595
0.444153 0.000010 0.032408 0.050232 0.005500 0.055084 0.022605 0.204887 0.185121
0.642952 0.000010 0.029384 0.000010 0.033361 0.009917 0.044935 0.179613 0.059817
0.634307 0.000010 0.000010 0.000010 0.080736 0.063313 0.000010 0.221595 0.000010
0.531815 0.000010 0.068848 0.103101 0.000010 0.000010 0.077743 0.218453 0.000010
0.512505 0.054392 0.000010 0.028851 0.037255 0.000010 0.000010 0.228942 0.138025
0.317793 0.000010 0.000010 0.145187 0.000010 0.000011 0.000010 0.258640 0.278330
0.616727 0.024152 0.036963 0.059552 0.000010 0.035471 0.032579 0.194536 0.000010
0.771209 0.000010 0.077476 0.000010 0.057219 0.032454 0.048248 0.013365 0.000010
0.489133 0.000010 0.000010 0.166020 0.025269 0.061377 0.108545 0.051195 0.098442
0.451041 0.090017 0.000010 0.000010 0.026796 0.000010 0.015224 0.280912 0.135981
0.475799 0.000010 0.000010 0.065401 0.000010 0.000010 0.001195 0.225879 0.231687
0.582101 0.049507 0.000010 0.000010 0.034317 0.002549 0.004974 0.246141 0.080391
0.402973 0.000010 0.000010 0.024509 0.000010 0.111609 0.000010 0.204103 0.256766
0.271143 0.000010 0.033300 0.114045 0.008869 0.009156 0.055079 0.332558 0.175839
0.600255 0.000010 0.000010 0.086348 0.025061 0.005594 0.000010 0.191681 0.091030
0.604707 0.000010 0.000010 0.078055 0.004423 0.000010 0.000010 0.312766 0.000010
0.442908 0.054276 0.000010 0.013039 0.056785 0.000014 0.000010 0.377012 0.055945
0.529686 0.105990 0.000010 0.000010 0.007554 0.000010 0.000010 0.157511 0.199219
0.676100 0.000010 0.000010 0.000010 0.072729 0.025166 0.106530 0.119436 0.000010
0.450576 0.025066 0.000010 0.147651 0.000010 0.000010 0.000010 0.219804 0.156863
0.010827 0.000010 0.000010 0.000010 0.872464 0.000010 0.116649 0.000010 0.000010
0.000010 0.058020 0.000013 0.013576 0.763692 0.025825 0.133654 0.000010 0.005200
0.018575 0.000010 0.081443 0.000010 0.820865 0.000010 0.079068 0.000010 0.000010
0.000010 0.000011 0.083888 0.000010 0.666710 0.000010 0.249340 0.000010 0.000010
0.016811 0.000010 0.000010 0.000016 0.813048 0.000010 0.170076 0.000010 0.000010
0.000010 0.000010 0.080958 0.000010 0.710136 0.000010 0.208846 0.000010 0.000010
0.000010 0.097755 0.000010 0.000010 0.792757 0.000010 0.109427 0.000010 0.000010
0.538040 0.112774 0.000010 0.056937 0.000010 0.000010 0.046925 0.181759 0.063535
0.553539 0.013841 0.000010 0.226059 0.002390 0.000010 0.042381 0.161761 0.000010
0.530256 0.000010 0.044028 0.119834 0.048354 0.014793 0.066150 0.176566 0.000010
0.610639 0.000010 0.000010 0.192462 0.000010 0.000010 0.049145 0.123744 0.023971
0.601232 0.011889 0.000010 0.184117 0.071955 0.000010 0.013053 0.117725 0.000010
0.594968 0.025508 0.019602 0.180808 0.000010 0.000010 0.042395 0.136689 0.000010
0.577181 0.000010 0.026512 0.283812 0.000010 0.000761 0.000010 0.111695 0.000010
0.394805 0.000010 0.037581 0.376440 0.000010 0.000010 0.005612 0.185522 0.000010
0.498585 0.000010 0.033208 0.148625 0.003802 0.000010 0.000010 0.315455 0.000296
0.424206 0.037253 0.000010 0.284578 0.040039 0.000010 0.064923 0.148970 0.000010
0.562738 0.032343 0.016796 0.000010 0.000010 0.000010 0.000010 0.282418 0.105665
0.533078 0.002366 0.071746 0.115647 0.000010 0.039508 0.006118 0.210618 0.020909
0.671305 0.039868 0.123043 0.000010 0.000010 0.000010 0.000010 0.165735 0.000010
0.391989 0.000010 0.054570 0.099348 0.014425 0.006780 0.000010 0.167089 0.265779
0.469852 0.088759 0.006990 0.042285 0.000010 0.011826 0.000010 0.344354 0.035913
0.404316 0.026257 0.000010 0.078533 0.000010 0.000010 0.000010 0.377664 0.113190
0.581078 0.000010 0.015926 0.176258 0.000010 0.000010 0.069171 0.157527 0.000010
0.530470 0.000010 0.000010 0.046851 0.003664 0.000010 0.033514 0.316646 0.068824
0.649999 0.000010 0.000010 0.051439 0.000010 0.026331 0.000010 0.240204 0.031987
0.587920 0.072595 0.000010 0.048327 0.000010 0.018724 0.000010 0.156634 0.115771
0.531806 0.044034 0.000010 0.140687 0.036773 0.000010 0.000010 0.180829 0.065841
0.552102 0.000010 0.000010 0.036552 0.063897 0.000010 0.000010 0.281461 0.065948
0.486288 0.000010 0.000010 0.000015 0.111049 0.000010 0.012791 0.286049 0.103778
0.645930 0.005809 0.000010 0.100165 0.000010 0.000732 0.066086 0.181249 0.000010
0.754750 0.043685 0.000010 0.024791 0.017796 0.000010 0.027094 0.101232 0.030631
0.641131 0.010267 0.063553 0.046331 0.023871 0.034285 0.000010 0.180543 0.000010
0.426127 0.000010 0.000010 0.065398 0.045088 0.091029 0.010519 0.250724 0.111094
0.537974 0.000010 0.000010 0.000010 0.000010 0.000010 0.000010 0.311526 0.150439
0.555981 0.000010 0.002481 0.113295 0.000015 0.000010 0.024042 0.091179 0.212988
0.627068 0.033362 0.059089 0.065321 0.000010 0.004563 0.055792 0.097497 0.057298
0.620212 0.000010 0.024640 0.127971 0.000010 0.014399 0.100692 0.112056 0.000010
0.621251 0.018182 0.000010 0.076280 0.016487 0.000010 0.000010 0.267759 0.000010
0.546870 0.000010 0.057669 0.074587 0.000010 0.000010 0.015838 0.213670 0.091337
0.392604 0.047254 0.000010 0.055061 0.119887 0.018132 0.000010 0.164054 0.202989
0.584680 0.038428 0.003506 0.051500 0.029005 0.000010 0.059394 0.123202 0.110274
0.000010 0.940634 0.059296 0.000010 0.000010 0.000010 0.000010 0.000010 0.000010
0.042251 0.706459 0.001525 0.017794 0.000010 0.105591 0.000010 0.051330 0.075030
0.000010 0.923889 0.065852 0.000010 0.000010 0.000010 0.010199 0.000010 0.000010
0.000010 0.935869 0.038038 0.026032 0.000010 0.000010 0.000010 0.000010 0.000010
0.076532 0.066120 0.251302 0.106994 0.104546 0.000010 0.328839 0.065647 0.000010
0.000010 0.066952 0.615499 0.024315 0.087032 0.000010 0.206162 0.000010 0.000010
0.000010 0.000010 0.478630 0.011952 0.042784 0.004562 0.408489 0.053553 0.000010
0.156332 0.000010 0.453178 0.000010 0.000010 0.000010 0.378959 0.011481 0.000010
0.017906 0.009813 0.367020 0.025926 0.016048 0.000010 0.377117 0.186149 0.000010
0.000010 0.000010 0.483804 0.093802 0.058858 0.034908 0.229407 0.099192 0.000010
0.000010 0.000010 0.490810 0.029397 0.039884 0.000010 0.362993 0.041155 0.035732
0.000010 0.003345 0.496596 0.000010 0.121636 0.023047 0.317177 0.000010 0.038168
0.058729 0.015678 0.425112 0.000010 0.012335 0.000010 0.424045 0.039893 0.024188
0.047603 0.000010 0.430833 0.024616 0.056823 0.059309 0.357443 0.019621 0.003741
0.437889 0.000010 0.000010 0.084102 0.031372 0.102236 0.000011 0.344360 0.000010
0.512044 0.000010 0.000010 0.049514 0.000010 0.000010 0.000010 0.312021 0.126370
0.556200 0.000010 0.028812 0.000010 0.000010 0.000010 0.066013 0.262684 0.086251
0.474303 0.000010 0.000010 0.011607 0.000010 0.000010 0.094491 0.419549 0.000010
0.514940 0.000010 0.000010 0.198432 0.040396 0.027998 0.000010 0.118696 0.099508
0.514728 0.000010 0.000010 0.085448 0.068874 0.038325 0.000010 0.234973 0.057622
0.697502 0.000010 0.000010 0.031397 0.000010 0.042405 0.025934 0.201581 0.001152
0.622342 0.039672 0.000010 0.000010 0.000010 0.000010 0.021270 0.266555 0.050120
0.616166 0.000012 0.081501 0.000010 0.000010 0.033536 0.022528 0.190956 0.055281
0.615448 0.053965 0.035354 0.056184 0.000010 0.078426 0.017051 0.080983 0.062580
0.493033 0.022784 0.031299 0.002844 0.000010 0.017004 0.075027 0.154241 0.203758
0.484959 0.037357 0.000823 0.000010 0.091807 0.000010 0.024118 0.190975 0.169940
0.530835 0.000010 0.038158 0.070411 0.000010 0.000010 0.000077 0.338049 0.022441
0.496769 0.000010 0.028158 0.141112 0.000010 0.063475 0.000010 0.270446 0.000010
0.438337 0.017113 0.070904 0.003140 0.062659 0.000010 0.028741 0.344757 0.034338
0.488998 0.000010 0.000010 0.000010 0.047929 0.002298 0.123916 0.309818 0.027010
0.522203 0.012454 0.000010 0.018411 0.094237 0.036264 0.016860 0.179616 0.119945
0.599922 0.013109 0.136486 0.051293 0.000010 0.025742 0.000011 0.173416 0.000010
0.577436 0.000010 0.098064 0.094739 0.000010 0.000010 0.000010 0.229711 0.000010
0.458784 0.034354 0.000010 0.039817 0.003985 0.069684 0.085817 0.133065 0.174485
0.628467 0.008694 0.000010 0.043463 0.032538 0.000010 0.017094 0.269715 0.000010
0.000010 0.029549 0.625459 0.000010 0.000010 0.008862 0.307593 0.000010 0.028498
0.000010 0.028006 0.662532 0.000010 0.000010 0.000010 0.291927 0.017485 0.000010
0.000010 0.000010 0.714045 0.037716 0.046778 0.008631 0.192790 0.000010 0.000010
0.000010 0.000010 0.713169 0.056110 0.001437 0.000010 0.229234 0.000010 0.000010
0.000010 0.063872 0.692925 0.050912 0.000010 0.000010 0.157452 0.034800 0.000010
0.000010 0.061448 0.637404 0.000010 0.000010 0.000010 0.295816 0.005282 0.000010
0.000010 0.000010 0.645071 0.000010 0.024685 0.027075 0.250084 0.000010 0.053044
0.000010 0.055867 0.607103 0.019988 0.013994 0.000010 0.205645 0.097374 0.000010
0.033962 0.014517 0.617408 0.023360 0.000010 0.000010 0.310711 0.000011 0.000010
0.036104 0.000010 0.697971 0.006883 0.000010 0.000010 0.258992 0.000010 0.000010
0.035464 0.010136 0.618298 0.000010 0.001486 0.000344 0.241219 0.074611 0.018433
0.036390 0.107545 0.526216 0.000010 0.000010 0.000010 0.329799 0.000010 0.000010
0.000010 0.002113 0.744554 0.000010 0.000010 0.000010 0.224965 0.024136 0.004191
0.000010 0.006625 0.666605 0.000010 0.017367 0.000010 0.285593 0.023770 0.000010
0.000010 0.058082 0.613121 0.000010 0.000010 0.000010 0.302032 0.000010 0.026714
0.000010 0.069768 0.652415 0.000010 0.018857 0.015775 0.223001 0.020154 0.000010
0.003116 0.033787 0.716676 0.000010 0.000010 0.038545 0.207836 0.000010 0.000010
0.018365 0.094653 0.530419 0.000010 0.000010 0.000010 0.356513 0.000010 0.000010
0.000010 0.000013 0.647563 0.121993 0.000010 0.000010 0.230378 0.000013 0.000010
0.066529 0.000010 0.700369 0.000010 0.000010 0.000010 0.233042 0.000010 0.000010
0.024908 0.000010 0.697694 0.000010 0.000010 0.002740 0.261685 0.000010 0.012933
0.000010 0.111722 0.669766 0.000010 0.000010 0.000010 0.218452 0.000010 0.000010
0.000010 0.000010 0.763819 0.013032 0.000010 0.019810 0.203289 0.000010 0.000010
0.000010 0.040658 0.601823 0.000010 0.000010 0.000010 0.357459 0.000010 0.000010
0.000010 0.065566 0.672324 0.000010 0.045361 0.024396 0.192313 0.000010 0.000010
0.000010 0.031382 0.600729 0.000010 0.000010 0.014470 0.344304 0.009075 0.000010
0.000010 0.022009 0.650098 0.000010 0.002566 0.000010 0.325277 0.000010 0.000010
0.000010 0.013228 0.664153 0.000010 0.000010 0.000010 0.286620 0.035949 0.000010
0.000010 0.073816 0.569028 0.000010 0.000010 0.001159 0.344951 0.011005 0.000010
0.007535 0.004642 0.625527 0.028768 0.023156 0.009717 0.259718 0.023576 0.017362
0.000010 0.086713 0.621679 0.000010 0.000010 0.000010 0.291548 0.000010 0.000010
0.015232 0.055460 0.624417 0.000010 0.000010 0.000010 0.304841 0.000010 0.000010
0.045901 0.026410 0.559872 0.000010 0.040489 0.000010 0.327287 0.000010 0.000010
0.000010 0.014848 0.656952 0.000010 0.030016 0.000010 0.256124 0.042020 0.000010
0.012831 0.000010 0.562277 0.000010 0.078573 0.000010 0.333734 0.012545 0.000010
0.001755 0.010062 0.685387 0.000010 0.000010 0.000010 0.189659 0.113097 0.000010
0.000010 0.000010 0.642739 0.000010 0.074075 0.000010 0.283125 0.000010 0.000010
0.000010 0.023140 0.576433 0.000010 0.022498 0.007349 0.357346 0.013205 0.000010
0.003099 0.000010 0.625019 0.000010 0.012742 0.000010 0.357210 0.001889 0.000010
0.022610 0.011077 0.109497 0.000010 0.734382 0.000010 0.122393 0.000010 0.000010
0.000010 0.000010 0.000010 0.000010 0.952632 0.032111 0.015197 0.000010 0.000010
0.000010 0.070829 0.697502 0.009062 0.008970 0.006219 0.173568 0.033831 0.000010
0.016158 0.086934 0.580617 0.036773 0.000010 0.000010 0.247103 0.019704 0.012691
0.280415 0.047545 0.000010 0.424602 0.070512 0.000010 0.000010 0.146541 0.030354
0.167741 0.000010 0.000010 0.505462 0.000010 0.000010 0.000010 0.326737 0.000010
0.422037 0.020001 0.000010 0.320768 0.106226 0.000010 0.039715 0.091223 0.000010
0.487035 0.000010 0.010101 0.330232 0.000010 0.000010 0.011286 0.161306 0.000010
0.358302 0.000010 0.000010 0.334119 0.008599 0.000010 0.065356 0.233584 0.000010
0.315060 0.000010 0.000010 0.377094 0.040631 0.000010 0.000010 0.267165 0.000010
0.362229 0.033016 0.000010 0.326376 0.026965 0.000010 0.089452 0.139506 0.022438
0.341316 0.000010 0.000010 0.427183 0.005614 0.000010 0.000010 0.225837 0.000010
0.377357 0.000010 0.043758 0.286439 0.030457 0.039178 0.000010 0.210350 0.012441
0.193107 0.046144 0.000010 0.451529 0.000010 0.000010 0.000010 0.309170 0.000010
0.272293 0.059779 0.000010 0.424479 0.048202 0.000615 0.023556 0.171057 0.000010
0.140346 0.000010 0.000010 0.637449 0.014906 0.000010 0.054466 0.152793 0.000010
0.469266 0.032017 0.025000 0.310801 0.000010 0.000010 0.000010 0.162877 0.000010
0.000010 0.000010 0.667046 0.002245 0.000010 0.000010 0.295599 0.035060 0.000010
0.000010 0.000010 0.689881 0.000010 0.000010 0.000010 0.310049 0.000010 0.000010
0.000010 0.000010 0.696625 0.000010 0.000010 0.000010 0.303305 0.000010 0.000010
0.000010 0.016643 0.656615 0.000010 0.039241 0.000010 0.256637 0.030824 0.000010
0.000010 0.042483 0.692869 0.000010 0.000010 0.000010 0.264588 0.000010 0.000010
0.000010 0.089340 0.531224 0.000010 0.045293 0.000010 0.334093 0.000010 0.000010
0.000010 0.036428 0.609028 0.000010 0.055701 0.000010 0.298793 0.000010 0.000010
0.000010 0.045735 0.622858 0.000010 0.000010 0.000010 0.331347 0.000010 0.000010
0.000010 0.000010 0.626095 0.000010 0.000010 0.000010 0.359857 0.013988 0.000010
0.000010 0.060783 0.611916 0.000010 0.000010 0.006244 0.321006 0.000010 0.000010
0.000010 0.000010 0.725614 0.000010 0.000010 0.000010 0.274316 0.000010 0.000010
0.000010 0.000010 0.714937 0.045285 0.000010 0.000010 0.239719 0.000010 0.000010
