0.379453 0.000010 0.000010 0.030822 0.000010 0.055220 0.079715 0.444248 0.010511
0.137187 0.000010 0.065407 0.275172 0.000010 0.023183 0.083865 0.415156 0.000010
0.375056 0.000010 0.000010 0.000010 0.014965 0.021933 0.113271 0.430367 0.044378
0.187466 0.000010 0.028220 0.142278 0.000010 0.069903 0.112048 0.460056 0.000010
0.234620 0.000010 0.149069 0.193324 0.010480 0.010802 0.003977 0.397707 0.000010
0.177759 0.018646 0.000010 0.162588 0.000010 0.062070 0.000010 0.267135 0.311773
0.326989 0.000010 0.000010 0.006875 0.000010 0.000010 0.129284 0.536802 0.000010
0.359119 0.061538 0.126022 0.000010 0.000010 0.000010 0.000010 0.453270 0.000010
0.448385 0.000010 0.005132 0.000010 0.059607 0.041803 0.066232 0.378812 0.000010
0.176143 0.000010 0.000010 0.075277 0.051264 0.000010 0.080581 0.616694 0.000010
0.381481 0.000010 0.000010 0.000010 0.036783 0.043594 0.036420 0.501681 0.000010
0.202181 0.032473 0.030607 0.093656 0.000010 0.001036 0.169231 0.457689 0.013117
0.226746 0.000010 0.076186 0.098447 0.000010 0.000010 0.149614 0.448967 0.000010
0.314433 0.000010 0.146282 0.085699 0.000010 0.048946 0.000010 0.404599 0.000010
0.430547 0.000010 0.000010 0.000010 0.070435 0.053402 0.027381 0.418195 0.000010
0.370259 0.000010 0.014151 0.000010 0.059075 0.028883 0.117332 0.410269 0.000010
0.269578 0.081377 0.000010 0.000010 0.007940 0.000010 0.087635 0.494810 0.058631
0.201180 0.000010 0.053291 0.123101 0.000010 0.039255 0.132470 0.450674 0.000010
0.329428 0.000010 0.000010 0.076163 0.032707 0.001848 0.096619 0.410518 0.052697
0.273099 0.003762 0.146593 0.090308 0.000010 0.026343 0.000010 0.385876 0.073998
0.204465 0.117442 0.088826 0.124794 0.000010 0.000010 0.000010 0.436404 0.028039
0.118964 0.000010 0.150491 0.073588 0.000010 0.080403 0.078160 0.498364 0.000010
0.439914 0.000410 0.016733 0.000010 0.000010 0.000010 0.032827 0.510076 0.000010
0.203828 0.000010 0.012014 0.139084 0.077471 0.000010 0.074168 0.493405 0.000010
0.273420 0.018449 0.167181 0.032904 0.065408 0.005413 0.000010 0.437205 0.000010
0.366530 0.004407 0.055575 0.028835 0.042207 0.017798 0.097459 0.387180 0.000010
0.192569 0.000010 0.007701 0.149647 0.000010 0.036917 0.161528 0.395715 0.055903
0.292625 0.084474 0.000010 0.139845 0.000010 0.000010 0.025047 0.282290 0.175690
0.403360 0.041709 0.135806 0.017251 0.000010 0.017690 0.027041 0.342299 0.014834
0.330991 0.000010 0.000010 0.000010 0.033497 0.203676 0.104598 0.200136 0.127073
0.397982 0.000010 0.076936 0.128754 0.000010 0.005340 0.094034 0.255954 0.040980
0.370455 0.000010 0.000010 0.000010 0.000010 0.026633 0.158154 0.444708 0.000010
0.326182 0.000010 0.000010 0.160467 0.011509 0.004636 0.047710 0.449466 0.000010
0.291980 0.056658 0.000010 0.000010 0.081874 0.019894 0.088530 0.461034 0.000010
0.000010 0.000010 0.031136 0.127877 0.076385 0.073345 0.185182 0.506044 0.000010
0.288436 0.000010 0.000010 0.118740 0.000010 0.000010 0.188160 0.394506 0.010117
0.279651 0.085323 0.000010 0.241326 0.044706 0.000010 0.032382 0.316581 0.000010
0.279365 0.000010 0.044367 0.118323 0.030881 0.013760 0.139156 0.309225 0.064914
0.413659 0.000010 0.140099 0.000010 0.000010 0.000010 0.005403 0.436896 0.003903
0.488790 0.017235 0.062334 0.000010 0.000010 0.000010 0.000010 0.405432 0.026169
0.450868 0.018802 0.081534 0.000010 0.000010 0.000010 0.070702 0.372387 0.005678
0.319801 0.000010 0.022809 0.117511 0.000010 0.000010 0.040212 0.499626 0.000010
0.253037 0.012431 0.029073 0.167509 0.000010 0.000010 0.119460 0.418460 0.000010
0.302471 0.007005 0.037713 0.000010 0.000010 0.040154 0.183147 0.425057 0.004433
0.264565 0.080142 0.039458 0.000010 0.015700 0.000010 0.039788 0.483247 0.077079
0.195574 0.000010 0.000010 0.139566 0.044754 0.000010 0.187883 0.432183 0.000010
0.197459 0.000010 0.000010 0.068804 0.000010 0.000010 0.134528 0.599159 0.000010
0.273458 0.055931 0.000010 0.000010 0.000010 0.000010 0.027657 0.642904 0.000010
0.000010 0.082667 0.399118 0.162030 0.010302 0.028030 0.212457 0.105375 0.000010
0.252314 0.000010 0.317697 0.032569 0.000010 0.000010 0.112968 0.284413 0.000010
0.242509 0.040590 0.413135 0.109658 0.017444 0.000010 0.118418 0.051196 0.007039
0.280475 0.000010 0.169507 0.034539 0.003366 0.000010 0.128202 0.383882 0.000010
0.276511 0.000010 0.235197 0.037300 0.000010 0.008297 0.000010 0.442300 0.000365
0.000010 0.010906 0.473522 0.153513 0.000010 0.003893 0.045623 0.265516 0.047007
0.211845 0.000010 0.402841 0.045657 0.061656 0.046368 0.090330 0.132437 0.008855
0.183599 0.057182 0.415491 0.018911 0.000010 0.048023 0.132603 0.144171 0.000010
0.219352 0.000010 0.336619 0.073082 0.043398 0.008706 0.073208 0.245615 0.000010
0.379445 0.000636 0.000010 0.150734 0.000010 0.019569 0.072463 0.260214 0.116918
0.153543 0.025473 0.295270 0.132630 0.000010 0.083291 0.114131 0.195642 0.000010
0.135282 0.000010 0.285475 0.082789 0.034582 0.000010 0.187527 0.274316 0.000010
0.168190 0.097726 0.452387 0.000010 0.045140 0.021243 0.115095 0.100198 0.000010
0.043668 0.029342 0.414319 0.216447 0.009924 0.000010 0.051488 0.183352 0.051449
0.257003 0.039464 0.193053 0.033994 0.000010 0.000010 0.176778 0.299678 0.000010
0.170019 0.150319 0.301090 0.062691 0.000010 0.000010 0.142576 0.173276 0.000010
0.095756 0.000010 0.291630 0.107506 0.088572 0.000010 0.039995 0.376511 0.000010
0.177557 0.049676 0.351353 0.000010 0.000010 0.000010 0.123056 0.298319 0.000010
0.201845 0.000010 0.403772 0.130554 0.019566 0.000010 0.072830 0.168121 0.003293
0.144423 0.130308 0.284229 0.000930 0.030879 0.077145 0.022700 0.309376 0.000010
0.104271 0.000010 0.198365 0.215427 0.000010 0.012495 0.071826 0.397443 0.000153
0.435834 0.007691 0.207613 0.050854 0.000010 0.000010 0.078610 0.219367 0.000010
0.124504 0.000010 0.000010 0.000010 0.021191 0.143559 0.000010 0.158092 0.552614
0.161337 0.000010 0.000010 0.000010 0.000010 0.015094 0.209956 0.543900 0.069673
0.532298 0.000010 0.000010 0.000010 0.000010 0.009617 0.158703 0.299332 0.000010
0.278877 0.000010 0.008887 0.003333 0.000010 0.053161 0.140444 0.489413 0.025864
0.243287 0.037086 0.000010 0.211367 0.000010 0.000010 0.097045 0.411175 0.000010
0.351472 0.071564 0.000010 0.035406 0.086810 0.000010 0.000010 0.454710 0.000010
0.546756 0.000010 0.025052 0.049755 0.050482 0.004419 0.006505 0.317011 0.000010
0.197541 0.000010 0.014461 0.100540 0.000010 0.000141 0.160961 0.457033 0.069302
0.327796 0.013268 0.037943 0.124551 0.070712 0.000010 0.017411 0.408298 0.000010
0.231548 0.106821 0.000010 0.093464 0.000010 0.012754 0.084090 0.471292 0.000010
0.160393 0.035151 0.065577 0.000010 0.000010 0.000010 0.200240 0.520348 0.018260
0.424101 0.000471 0.036970 0.053924 0.000010 0.032161 0.028973 0.420673 0.002718
0.310254 0.000010 0.000010 0.033967 0.033570 0.010809 0.246211 0.365159 0.000010
0.360520 0.012813 0.000010 0.022846 0.000010 0.000010 0.166303 0.411708 0.025780
0.361449 0.048889 0.000010 0.007551 0.013748 0.000010 0.028414 0.376033 0.163894
0.225305 0.000010 0.061989 0.000010 0.068731 0.000010 0.169182 0.432513 0.042250
0.331265 0.059296 0.000010 0.087967 0.036460 0.038875 0.015138 0.336243 0.094746
0.524873 0.003904 0.000010 0.000010 0.000010 0.076610 0.038826 0.355747 0.000010
0.385264 0.000010 0.020043 0.085880 0.000010 0.000010 0.084887 0.423886 0.000010
0.221559 0.076889 0.000010 0.096282 0.000010 0.025537 0.154533 0.379160 0.046021
0.342403 0.000010 0.000010 0.000010 0.037863 0.047169 0.110047 0.430285 0.032204
0.493810 0.000010 0.019127 0.000010 0.000010 0.000010 0.069971 0.417042 0.000010
0.250731 0.000010 0.061543 0.052447 0.000010 0.108597 0.023318 0.503334 0.000010
0.388525 0.000010 0.085554 0.111558 0.017512 0.068269 0.000010 0.328552 0.000010
0.368891 0.000010 0.029283 0.000010 0.049279 0.000010 0.097918 0.454589 0.000010
0.361223 0.016473 0.027512 0.000010 0.110673 0.000010 0.143274 0.340816 0.000010
0.095887 0.072632 0.000010 0.000010 0.038599 0.031748 0.334764 0.426339 0.000010
0.116945 0.000010 0.000010 0.000010 0.000010 0.045429 0.295116 0.521079 0.021391
0.167322 0.049849 0.005823 0.018037 0.000010 0.000010 0.226446 0.494104 0.038400
0.195070 0.050633 0.000010 0.075514 0.124024 0.000010 0.011679 0.537923 0.005136
0.314115 0.000010 0.018209 0.113414 0.000010 0.032047 0.075824 0.431536 0.014835
0.000010 0.000010 0.000010 0.000010 0.000010 0.068700 0.118934 0.237830 0.574487
0.233463 0.131880 0.000010 0.099723 0.000010 0.000010 0.083943 0.400287 0.050674
0.140156 0.015336 0.037682 0.123473 0.000010 0.000010 0.132569 0.469020 0.081744
0.209380 0.043083 0.000010 0.024339 0.000010 0.000010 0.142983 0.580175 0.000010
0.110060 0.008335 0.034834 0.028575 0.000010 0.004237 0.248128 0.565810 0.000010
0.119838 0.000010 0.090639 0.000010 0.000010 0.030076 0.213674 0.532390 0.013352
0.120702 0.000010 0.000010 0.042709 0.000010 0.050285 0.193501 0.592761 0.000010
0.081903 0.000010 0.033320 0.232812 0.000010 0.018894 0.233914 0.382044 0.017094
0.153909 0.000010 0.000010 0.189872 0.000010 0.000010 0.221153 0.404189 0.030837
0.099326 0.054741 0.000010 0.000010 0.007849 0.043043 0.173183 0.621827 0.000010
0.000010 0.004160 0.023289 0.071828 0.000010 0.065750 0.227114 0.607828 0.000010
0.288288 0.000010 0.024872 0.103179 0.000010 0.037020 0.145504 0.401106 0.000010
0.462083 0.080911 0.007042 0.000010 0.000010 0.000010 0.000010 0.449914 0.000010
0.348738 0.052227 0.024206 0.084226 0.000010 0.000010 0.106897 0.352714 0.030971
0.213314 0.000010 0.025931 0.000010 0.000010 0.037441 0.237807 0.480524 0.004953
0.299733 0.034742 0.000010 0.053225 0.000010 0.011574 0.156939 0.443757 0.000010
0.179211 0.040992 0.000010 0.109006 0.000010 0.084713 0.035421 0.550627 0.000010
0.104239 0.033793 0.000010 0.075880 0.116783 0.062456 0.144109 0.462720 0.000010
0.238178 0.017950 0.073179 0.171003 0.000010 0.000010 0.035527 0.418863 0.045281
0.252326 0.000010 0.004716 0.145298 0.127111 0.000010 0.075119 0.395400 0.000010
0.194170 0.000010 0.011439 0.096506 0.042830 0.000010 0.201618 0.453408 0.000010
0.396028 0.000010 0.108076 0.000010 0.015690 0.000010 0.092284 0.387882 0.000010
0.272514 0.000010 0.024915 0.080639 0.000010 0.045066 0.117269 0.459567 0.000010
0.337307 0.083736 0.000010 0.110872 0.040315 0.000010 0.000010 0.427730 0.000010
0.344447 0.030253 0.006249 0.086913 0.000308 0.000010 0.064746 0.467064 0.000010
0.191364 0.000010 0.113517 0.130786 0.000010 0.000010 0.162681 0.401613 0.000010
0.218517 0.000010 0.179130 0.055097 0.036718 0.000010 0.077087 0.403316 0.030115
0.239567 0.067284 0.005451 0.064905 0.000010 0.014130 0.176795 0.431848 0.000010
0.202306 0.151741 0.057023 0.000010 0.000010 0.066902 0.089657 0.432342 0.000010
0.320803 0.008943 0.020494 0.000010 0.000010 0.000010 0.241266 0.396952 0.011512
0.202625 0.000010 0.028895 0.012525 0.013234 0.000010 0.155736 0.560848 0.026118
0.177801 0.000010 0.000010 0.181167 0.000010 0.000010 0.139477 0.501505 0.000010
0.078486 0.000010 0.051790 0.290892 0.000010 0.021252 0.047464 0.491300 0.018796
0.074130 0.189682 0.000010 0.216672 0.069564 0.094651 0.102929 0.252351 0.000010
0.071212 0.025199 0.000010 0.124095 0.012428 0.076373 0.107056 0.563827 0.019800
0.432575 0.019753 0.024167 0.158798 0.000010 0.000010 0.000010 0.364667 0.000010
0.076546 0.049347 0.000010 0.185839 0.020065 0.047198 0.088004 0.532981 0.000010
0.151427 0.000010 0.000010 0.144040 0.045899 0.000010 0.166068 0.492527 0.000010
0.241323 0.000010 0.000010 0.044339 0.000010 0.000010 0.210535 0.503753 0.000010
0.312148 0.000010 0.000010 0.183216 0.000010 0.009258 0.000010 0.397870 0.097469
0.064422 0.000010 0.144183 0.258938 0.000010 0.000010 0.135770 0.396647 0.000010
0.123505 0.002110 0.149997 0.270540 0.000010 0.000010 0.122660 0.330440 0.000728
0.279357 0.000010 0.078455 0.011859 0.052665 0.000010 0.010492 0.567143 0.000010
0.218900 0.074967 0.057798 0.000010 0.000010 0.000010 0.071803 0.576492 0.000010
0.045123 0.119700 0.020257 0.123350 0.022848 0.003032 0.053235 0.576281 0.036174
0.179908 0.000010 0.101861 0.087737 0.000010 0.065695 0.109704 0.455065 0.000010
0.350700 0.204754 0.000010 0.020846 0.000010 0.000010 0.035538 0.388123 0.000010
0.349582 0.164235 0.024951 0.000010 0.000010 0.000010 0.010461 0.450731 0.000010
0.160477 0.032981 0.105434 0.093729 0.019340 0.005903 0.089185 0.477191 0.015760
0.255171 0.039847 0.006608 0.028989 0.000010 0.032909 0.149080 0.482865 0.004521
0.209576 0.086046 0.000010 0.026881 0.000010 0.044656 0.100968 0.531843 0.000010
0.241463 0.058846 0.000010 0.008597 0.000010 0.020403 0.000010 0.670650 0.000010
0.363217 0.016246 0.051110 0.000010 0.054189 0.008400 0.087737 0.419080 0.000010
0.214380 0.064145 0.071402 0.076682 0.031964 0.029394 0.055806 0.439834 0.016393
0.101064 0.012133 0.185385 0.028526 0.003012 0.010707 0.124799 0.496186 0.038189
0.145443 0.007531 0.000010 0.160054 0.000010 0.033596 0.158722 0.494624 0.000010
0.092745 0.061540 0.060037 0.171571 0.000010 0.054815 0.016137 0.543135 0.000010
0.335733 0.018976 0.063539 0.065266 0.043254 0.006717 0.072547 0.392565 0.001402
0.114504 0.000010 0.113731 0.146387 0.005948 0.000010 0.086251 0.533150 0.000010
0.147274 0.088187 0.039362 0.063886 0.000010 0.000010 0.105787 0.555474 0.000010
0.106523 0.019163 0.046441 0.171521 0.000010 0.000010 0.194704 0.461618 0.000010
0.178442 0.000010 0.233417 0.000010 0.056342 0.032771 0.147814 0.351184 0.000010
0.271157 0.081905 0.092886 0.128869 0.000010 0.010152 0.000010 0.415000 0.000010
0.095482 0.000010 0.253028 0.178629 0.000010 0.000010 0.126517 0.346304 0.000010
0.331631 0.000010 0.071080 0.058425 0.000010 0.000010 0.142002 0.396820 0.000010
0.069593 0.003306 0.051781 0.143397 0.021170 0.021174 0.286760 0.346241 0.056579
0.261399 0.011577 0.229566 0.128328 0.065599 0.022478 0.000010 0.281034 0.000010
0.115125 0.000010 0.007512 0.113182 0.001936 0.000010 0.123801 0.623908 0.014517
0.256473 0.000010 0.041915 0.044401 0.000010 0.022700 0.172075 0.462407 0.000010
0.232448 0.000010 0.067484 0.069686 0.000010 0.005705 0.173613 0.451033 0.000010
0.281424 0.000010 0.222750 0.019459 0.000010 0.000010 0.176983 0.299344 0.000010
0.182145 0.090100 0.066675 0.027571 0.013138 0.000010 0.107648 0.512704 0.000010
0.023068 0.013700 0.131976 0.198548 0.063800 0.064156 0.147369 0.357374 0.000010
0.169813 0.000010 0.245156 0.138108 0.006546 0.000010 0.109831 0.330516 0.000010
0.173203 0.000010 0.222914 0.005889 0.000010 0.038916 0.101547 0.457500 0.000010
0.234480 0.000010 0.129627 0.099474 0.010705 0.000010 0.181764 0.343919 0.000010
0.076911 0.055549 0.051923 0.090959 0.000010 0.067044 0.237304 0.420290 0.000010
0.225593 0.000010 0.190916 0.099630 0.000010 0.000010 0.108510 0.375312 0.000010
0.175724 0.000010 0.096968 0.191320 0.000010 0.010981 0.157263 0.367713 0.000010
0.144604 0.000010 0.084989 0.046362 0.058062 0.051637 0.172086 0.442240 0.000010
0.023693 0.000010 0.032736 0.221393 0.000420 0.000010 0.230221 0.491507 0.000010
0.119342 0.000010 0.000010 0.120222 0.000010 0.000010 0.158536 0.535818 0.066042
0.133180 0.000010 0.178617 0.156312 0.086748 0.000010 0.079038 0.366074 0.000010
0.171950 0.014327 0.063306 0.148114 0.071270 0.000010 0.083550 0.447463 0.000010
0.429646 0.012934 0.176147 0.001490 0.000010 0.037824 0.000010 0.341929 0.000010
0.328686 0.092148 0.026877 0.000010 0.053541 0.015194 0.120728 0.362806 0.000010
0.000010 0.000010 0.000010 0.000010 0.000010 0.482837 0.000010 0.000010 0.517093
0.000010 0.000010 0.000010 0.000010 0.000010 0.509928 0.002629 0.000010 0.487382
0.006223 0.000010 0.000010 0.000010 0.000010 0.327357 0.000010 0.000010 0.666360
0.001597 0.000010 0.000010 0.019949 0.045130 0.299199 0.000010 0.000010 0.634086
0.000010 0.000010 0.000010 0.000010 0.000010 0.386303 0.015909 0.000010 0.597727
0.044594 0.000010 0.000010 0.000010 0.000010 0.358212 0.000010 0.000010 0.597134
0.000010 0.000010 0.000010 0.000010 0.000010 0.485284 0.000010 0.011616 0.503040
0.000010 0.000010 0.000010 0.000010 0.000010 0.352493 0.044392 0.000010 0.603055
0.000010 0.000010 0.000010 0.000010 0.000010 0.397168 0.023635 0.000010 0.579137
0.015079 0.000010 0.000010 0.000012 0.000010 0.220096 0.000010 0.000010 0.764763
0.000010 0.000010 0.000010 0.006808 0.000010 0.311740 0.050819 0.000010 0.630583
0.000010 0.000010 0.000010 0.000010 0.045613 0.356107 0.000010 0.000010 0.598220
0.000010 0.000010 0.000010 0.000010 0.118277 0.385182 0.010281 0.000010 0.486211
0.000010 0.000010 0.000010 0.000010 0.014861 0.598813 0.000010 0.000010 0.386266
0.026786 0.000010 0.000010 0.000010 0.000010 0.321978 0.000010 0.000010 0.651177
0.000010 0.000010 0.000010 0.000010 0.000010 0.459260 0.000010 0.000010 0.540670
0.028717 0.000010 0.000010 0.000010 0.021156 0.308907 0.000010 0.000010 0.641170
0.000010 0.034949 0.014637 0.000010 0.000010 0.493160 0.000010 0.000010 0.457204
0.000010 0.000010 0.000010 0.000010 0.019903 0.310324 0.000010 0.000010 0.669713
0.000010 0.000010 0.000010 0.000010 0.000010 0.339893 0.000010 0.000010 0.660037
0.002860 0.000010 0.000010 0.000010 0.023088 0.456247 0.000010 0.000010 0.517755
0.013780 0.000010 0.000010 0.000010 0.001437 0.387866 0.007790 0.000010 0.589086
0.041895 0.000010 0.000010 0.000010 0.000010 0.311439 0.014532 0.000010 0.632084
0.000010 0.000010 0.000010 0.000010 0.000010 0.525650 0.024413 0.000010 0.449877
0.000010 0.000010 0.000010 0.000010 0.005052 0.297684 0.000010 0.024580 0.672634
0.029797 0.000010 0.000010 0.000010 0.000010 0.378165 0.000010 0.000010 0.591977
0.000010 0.000010 0.000010 0.000010 0.000010 0.419387 0.033736 0.000010 0.546817
0.003668 0.020267 0.000010 0.000010 0.000010 0.298928 0.004324 0.000010 0.672773
0.000010 0.034760 0.060201 0.000010 0.796599 0.000010 0.108390 0.000010 0.000010
0.495730 0.000010 0.098313 0.153792 0.027532 0.018129 0.000010 0.206474 0.000010
0.240686 0.088484 0.000010 0.401152 0.000010 0.047221 0.009196 0.213231 0.000010
0.453608 0.000010 0.000010 0.154950 0.004256 0.000010 0.026243 0.360902 0.000010
0.403200 0.000010 0.000010 0.218099 0.016399 0.001355 0.085279 0.212767 0.062882
0.305651 0.000010 0.059690 0.327729 0.032707 0.043814 0.000010 0.230379 0.000010
0.433389 0.000010 0.000010 0.200121 0.032772 0.051761 0.012795 0.269131 0.000010
0.357872 0.149298 0.000010 0.246480 0.007840 0.000010 0.000010 0.188963 0.049517
0.523435 0.024182 0.000010 0.134206 0.000010 0.000010 0.074364 0.217022 0.026761
0.415032 0.030656 0.000010 0.312257 0.000010 0.000010 0.055107 0.186909 0.000010
0.337733 0.118637 0.000010 0.271760 0.000010 0.007136 0.034049 0.230655 0.000010
0.467799 0.006052 0.000010 0.146626 0.176817 0.000010 0.044083 0.158592 0.000010
0.373069 0.000010 0.000010 0.349899 0.000010 0.038978 0.036911 0.201103 0.000010
0.258170 0.000010 0.021333 0.343666 0.167408 0.007561 0.000010 0.185194 0.016648
0.527925 0.000010 0.000010 0.191037 0.068613 0.000010 0.000010 0.212375 0.000010
0.614597 0.000010 0.000010 0.021908 0.000010 0.110063 0.083765 0.169628 0.000010
0.410871 0.000010 0.083618 0.326353 0.000010 0.000010 0.007536 0.171582 0.000010
0.412968 0.000010 0.000010 0.207921 0.000010 0.000010 0.063120 0.315941 0.000010
0.370914 0.000010 0.080620 0.245147 0.000010 0.012842 0.000010 0.275933 0.014514
0.447268 0.000010 0.060618 0.132767 0.000010 0.038757 0.000010 0.320550 0.000010
0.476304 0.000010 0.000010 0.178321 0.139755 0.013196 0.000010 0.192384 0.000010
0.389334 0.052451 0.000010 0.264105 0.014777 0.021083 0.000010 0.258221 0.000010
0.255989 0.000010 0.019212 0.400366 0.000010 0.000010 0.047316 0.277077 0.000010
0.455852 0.000010 0.000010 0.176838 0.000010 0.097818 0.143886 0.125566 0.000010
0.317869 0.000010 0.061207 0.295195 0.008550 0.000010 0.000010 0.255504 0.061645
0.393582 0.090946 0.000010 0.215825 0.047077 0.020632 0.046339 0.181627 0.003962
0.461498 0.054336 0.001255 0.219387 0.000010 0.000010 0.000010 0.263484 0.000010
0.378103 0.175501 0.000010 0.195211 0.000010 0.034993 0.000010 0.216151 0.000010
0.531728 0.000010 0.000010 0.107532 0.000010 0.057334 0.054050 0.249316 0.000010
0.000010 0.000010 0.000010 0.000010 0.969836 0.003167 0.000010 0.026937 0.000010
0.000010 0.000010 0.000010 0.000010 0.980277 0.000010 0.019653 0.000010 0.000010
0.000010 0.074302 0.000010 0.000010 0.890163 0.000010 0.025126 0.000010 0.010360
0.000010 0.000010 0.000010 0.000010 0.909695 0.035336 0.000010 0.046371 0.008548
0.000010 0.000010 0.039415 0.000010 0.766579 0.000010 0.131742 0.062214 0.000010
0.000010 0.029248 0.023834 0.000010 0.853739 0.034207 0.000010 0.058932 0.000010
0.000010 0.000010 0.000010 0.000010 0.910926 0.000010 0.030054 0.037575 0.021395
0.000010 0.054133 0.000010 0.000010 0.893363 0.028232 0.010401 0.013831 0.000010
0.000010 0.068049 0.000010 0.000010 0.931881 0.000010 0.000010 0.000010 0.000010
0.000010 0.000010 0.000010 0.000010 0.954840 0.000010 0.000010 0.000010 0.045090
0.006437 0.000010 0.000010 0.000010 0.976823 0.000010 0.000010 0.000010 0.016680
0.000010 0.000010 0.029256 0.000010 0.970674 0.000010 0.000010 0.000010 0.000010
0.020941 0.000010 0.000010 0.000010 0.889558 0.000010 0.000010 0.040050 0.049401
0.041001 0.000010 0.000010 0.000010 0.909409 0.000010 0.000010 0.049530 0.000010
0.000010 0.000010 0.000010 0.000010 0.940601 0.000010 0.000010 0.000010 0.059329
0.022538 0.000010 0.061308 0.000010 0.876295 0.000010 0.034664 0.000010 0.005156
0.000010 0.000010 0.000010 0.000010 0.932189 0.006912 0.000010 0.035261 0.025587
0.618732 0.000010 0.001965 0.000010 0.055228 0.000010 0.000010 0.324025 0.000010
0.477205 0.000010 0.111137 0.122244 0.000010 0.000010 0.110589 0.178785 0.000010
0.508891 0.000010 0.032197 0.100192 0.027462 0.002550 0.000010 0.278156 0.050532
0.556842 0.000010 0.081980 0.028525 0.088600 0.004584 0.000010 0.239438 0.000010
0.344359 0.000010 0.000010 0.162873 0.003440 0.000010 0.102171 0.358669 0.028458
0.573244 0.000010 0.016441 0.135659 0.000010 0.000010 0.000010 0.274606 0.000010
0.551072 0.019766 0.000010 0.158711 0.030882 0.000010 0.000010 0.233348 0.006192
0.496566 0.000010 0.000010 0.000010 0.000010 0.000010 0.048351 0.392046 0.062986
0.548256 0.000010 0.028096 0.000010 0.006671 0.007568 0.049540 0.359838 0.000010
0.464626 0.000010 0.000010 0.028561 0.017282 0.005081 0.055414 0.369545 0.059470
0.414003 0.084625 0.000010 0.042829 0.000010 0.000010 0.039852 0.271668 0.146993
0.464017 0.049992 0.006398 0.000010 0.000010 0.000010 0.057925 0.421627 0.000010
0.576703 0.000010 0.045866 0.055817 0.032843 0.012555 0.000010 0.243798 0.032398
0.421227 0.029168 0.000010 0.062304 0.000010 0.038488 0.043487 0.324843 0.080463
0.594108 0.000010 0.000010 0.000010 0.000010 0.000010 0.116273 0.289558 0.000010
0.554804 0.000010 0.038452 0.000010 0.000010 0.006816 0.115015 0.192148 0.092735
0.451917 0.012117 0.044198 0.172160 0.046301 0.074169 0.000010 0.199119 0.000010
0.434998 0.000010 0.000010 0.000010 0.000010 0.053963 0.041221 0.469767 0.000010
0.642005 0.000010 0.000010 0.035599 0.000010 0.047471 0.012679 0.262207 0.000010
0.617767 0.000010 0.000010 0.000010 0.000010 0.071840 0.000010 0.310333 0.000010
0.458246 0.035296 0.000010 0.052128 0.093768 0.000010 0.067258 0.238201 0.055083
0.589707 0.037755 0.011385 0.095414 0.000010 0.001456 0.000010 0.171811 0.092451
0.559341 0.000010 0.059626 0.127638 0.000010 0.050898 0.004994 0.197472 0.000010
0.503215 0.023524 0.000010 0.000010 0.117524 0.000010 0.062522 0.194952 0.098232
0.484559 0.000010 0.111564 0.009179 0.000010 0.000010 0.000010 0.322947 0.071712
0.740759 0.000010 0.044750 0.079979 0.000010 0.000010 0.000010 0.093792 0.040680
0.609270 0.000010 0.000010 0.000824 0.036246 0.002274 0.008274 0.343082 0.000010
0.500820 0.000010 0.000010 0.145684 0.000010 0.000010 0.018809 0.294436 0.040212
0.583495 0.000010 0.032104 0.103432 0.136250 0.000010 0.006770 0.057397 0.080532
0.478058 0.000010 0.026590 0.051659 0.122526 0.000010 0.037470 0.271668 0.012009
0.612609 0.000010 0.080626 0.000010 0.000010 0.055979 0.000010 0.250736 0.000010
0.611490 0.042290 0.000011 0.052920 0.000010 0.000010 0.066863 0.189105 0.037301
0.485234 0.000010 0.063464 0.060018 0.000010 0.000010 0.032600 0.323567 0.035086
0.501921 0.111866 0.000010 0.042111 0.000010 0.000010 0.029579 0.314482 0.000010
0.597289 0.005567 0.000010 0.005738 0.010984 0.095925 0.000010 0.284467 0.000010
0.599848 0.000010 0.031634 0.000010 0.028404 0.041753 0.000010 0.293883 0.004448
0.472112 0.018545 0.119607 0.166595 0.000010 0.023539 0.000010 0.143506 0.056075
0.575043 0.000010 0.000010 0.183729 0.060829 0.000010 0.047756 0.132603 0.000010
0.367283 0.049302 0.000010 0.151857 0.011544 0.029685 0.000010 0.296504 0.093805
0.361032 0.099936 0.000010 0.066848 0.067165 0.000010 0.029082 0.375908 0.000010
0.589211 0.042687 0.000010 0.000010 0.000010 0.002771 0.027446 0.302573 0.035282
0.510630 0.000010 0.040502 0.201433 0.000010 0.000010 0.000010 0.247385 0.000010
0.767001 0.047145 0.012282 0.013009 0.000010 0.000010 0.000010 0.134371 0.026162
0.555999 0.000010 0.000010 0.018030 0.035272 0.000010 0.034666 0.334200 0.021804
0.479983 0.000010 0.000010 0.018096 0.000010 0.000010 0.113160 0.205886 0.182836
0.651031 0.000010 0.000010 0.093010 0.009640 0.000010 0.000010 0.186579 0.059699
0.438429 0.000010 0.000010 0.076866 0.000010 0.054799 0.000010 0.335597 0.094268
0.718067 0.000010 0.000010 0.000010 0.000010 0.000010 0.000010 0.281863 0.000010
0.472976 0.000010 0.000010 0.053442 0.000010 0.000010 0.045517 0.316546 0.111479
0.546632 0.005043 0.000010 0.000010 0.000010 0.082824 0.062981 0.197045 0.105445
0.653374 0.035697 0.000010 0.000010 0.000010 0.040045 0.064591 0.160574 0.045690
0.680277 0.000010 0.000010 0.000010 0.004669 0.000010 0.025942 0.257293 0.031779
0.768199 0.000010 0.000010 0.000010 0.000010 0.000010 0.000010 0.231731 0.000010
0.572290 0.049129 0.000010 0.048148 0.083169 0.000010 0.000010 0.195608 0.051627
0.419503 0.020979 0.027831 0.084734 0.019867 0.022244 0.050606 0.250489 0.103747
0.001070 0.000010 0.000010 0.060162 0.000010 0.025220 0.024960 0.126753 0.761803
0.467757 0.000010 0.000010 0.000010 0.043397 0.000010 0.000010 0.409730 0.079066
0.515157 0.078618 0.032426 0.087330 0.000010 0.000010 0.099527 0.075077 0.111845
0.591031 0.042650 0.000010 0.000010 0.000010 0.000010 0.000010 0.270257 0.096012
0.576699 0.000010 0.000010 0.061777 0.035038 0.000010 0.000010 0.140204 0.186242
0.620789 0.067928 0.016625 0.000010 0.000010 0.021877 0.060923 0.157311 0.054527
0.407860 0.000010 0.145450 0.118107 0.025484 0.000010 0.000010 0.242695 0.060374
0.555276 0.000010 0.053892 0.019493 0.031518 0.026018 0.002219 0.146994 0.164581
0.522595 0.091008 0.000010 0.000010 0.000010 0.000010 0.035291 0.192323 0.158743
0.639726 0.000010 0.000010 0.000010 0.000010 0.000010 0.000010 0.288400 0.071813
0.559859 0.000010 0.000010 0.114632 0.000010 0.000010 0.000010 0.227314 0.098145
0.507217 0.107766 0.000010 0.035563 0.000010 0.000010 0.077627 0.169294 0.102503
0.571800 0.000010 0.000010 0.000010 0.000010 0.014863 0.000010 0.279516 0.133771
0.475976 0.094211 0.000010 0.105465 0.000010 0.000010 0.024514 0.239033 0.060771
0.682494 0.000010 0.000010 0.000010 0.039499 0.000010 0.000010 0.223393 0.054564
0.607527 0.000010 0.000010 0.000010 0.000010 0.077791 0.075887 0.211753 0.027002
0.561517 0.000010 0.000010 0.000010 0.017802 0.000010 0.055993 0.323116 0.041531
0.583569 0.000010 0.147023 0.000010 0.000010 0.005443 0.009858 0.223525 0.030552
0.458450 0.009901 0.176460 0.010762 0.000010 0.000010 0.000010 0.244756 0.099641
0.646384 0.000010 0.000010 0.044562 0.000010 0.001114 0.000010 0.236793 0.071106
0.605361 0.000010 0.041372 0.000010 0.000010 0.049974 0.003673 0.194244 0.105346
0.655493 0.006644 0.078182 0.004562 0.000010 0.000010 0.047690 0.177604 0.029805
0.639735 0.060818 0.000010 0.020447 0.000010 0.000010 0.000010 0.227840 0.051120
0.587895 0.000010 0.000010 0.000010 0.060578 0.000010 0.000010 0.264395 0.087082
0.486243 0.024407 0.000010 0.003221 0.000010 0.000010 0.095947 0.183811 0.206342
0.515447 0.080164 0.000010 0.135747 0.039368 0.000010 0.000010 0.229234 0.000010
0.772978 0.004072 0.000010 0.000010 0.000010 0.000010 0.000010 0.222890 0.000010
0.619615 0.046050 0.000010 0.063180 0.051804 0.000010 0.000010 0.205487 0.013834
0.719637 0.026008 0.000010 0.040414 0.000010 0.000010 0.000010 0.187263 0.026638
0.688284 0.000010 0.000010 0.008226 0.000010 0.005801 0.016899 0.280750 0.000010
0.758974 0.020333 0.000010 0.000010 0.000010 0.006159 0.001690 0.146212 0.066602
0.576571 0.000010 0.000010 0.061073 0.082477 0.018136 0.000010 0.176980 0.084732
0.000010 0.000010 0.000010 0.000010 0.861947 0.000010 0.137983 0.000010 0.000010
0.000010 0.000010 0.000010 0.000010 0.833338 0.000010 0.166592 0.000010 0.000010
0.069034 0.000010 0.000010 0.000010 0.797459 0.000010 0.133447 0.000010 0.000010
0.025753 0.029104 0.120659 0.000010 0.706740 0.000010 0.117704 0.000010 0.000010
0.000010 0.000010 0.000010 0.000016 0.758113 0.000010 0.241811 0.000010 0.000010
0.000010 0.027459 0.000010 0.053478 0.864422 0.003251 0.051349 0.000010 0.000010
0.124592 0.000010 0.003042 0.000010 0.700120 0.000010 0.172195 0.000010 0.000010
0.562195 0.000010 0.000010 0.167485 0.003956 0.000010 0.001297 0.265025 0.000010
0.671382 0.042088 0.000010 0.000010 0.000010 0.000010 0.000010 0.286470 0.000010
0.646456 0.000010 0.000010 0.155743 0.055163 0.000010 0.000010 0.142587 0.000010
0.544082 0.039968 0.000010 0.294716 0.024346 0.000010 0.019846 0.077012 0.000010
0.501579 0.000010 0.000010 0.260360 0.098457 0.000010 0.000010 0.081697 0.057867
0.649889 0.000010 0.015482 0.189133 0.070923 0.015040 0.000010 0.059504 0.000010
0.450209 0.000010 0.000010 0.114700 0.101618 0.000010 0.006267 0.297852 0.029323
0.456836 0.000010 0.000010 0.260318 0.097461 0.000010 0.000010 0.185336 0.000010
0.525510 0.067812 0.000010 0.152396 0.001999 0.000010 0.023649 0.228604 0.000010
0.500912 0.000010 0.111399 0.256503 0.000010 0.000324 0.000010 0.082378 0.048455
0.593915 0.000010 0.000010 0.000010 0.000010 0.021276 0.000010 0.384749 0.000010
0.417739 0.000010 0.062565 0.157596 0.000010 0.000010 0.049802 0.312258 0.000010
0.586154 0.000010 0.058518 0.000010 0.000010 0.011420 0.032761 0.187334 0.123782
0.428627 0.000010 0.000010 0.094721 0.000010 0.014428 0.083039 0.279230 0.099925
0.521296 0.000010 0.015290 0.129585 0.000010 0.024666 0.031424 0.277486 0.000233
0.523246 0.004477 0.046007 0.013875 0.000010 0.019420 0.000010 0.212267 0.180688
0.506312 0.000010 0.024579 0.022673 0.000010 0.070644 0.086019 0.139871 0.149882
0.446454 0.000010 0.000010 0.085443 0.019757 0.000010 0.059994 0.310551 0.077772
0.551853 0.000010 0.000010 0.000010 0.000010 0.032002 0.063919 0.352176 0.000010
0.572396 0.000010 0.000010 0.073391 0.000010 0.013419 0.071079 0.100046 0.169638
0.479442 0.082097 0.000010 0.000010 0.000010 0.032368 0.000010 0.107517 0.298536
0.621489 0.000010 0.000010 0.052421 0.000010 0.023444 0.061638 0.240968 0.000010
0.517423 0.085450 0.038470 0.000010 0.027568 0.025333 0.001918 0.303819 0.000010
0.649500 0.000010 0.000526 0.068528 0.000010 0.000010 0.059193 0.222213 0.000010
0.539043 0.028392 0.000010 0.089573 0.010515 0.005094 0.000010 0.209266 0.118099
0.637356 0.000010 0.000010 0.000010 0.028807 0.000010 0.031910 0.219618 0.082269
0.686412 0.000010 0.000010 0.091747 0.000010 0.000010 0.022662 0.199129 0.000010
0.541895 0.000010 0.112954 0.063833 0.000010 0.000010 0.035486 0.162033 0.083769
0.411738 0.066828 0.000010 0.114992 0.000010 0.051553 0.000010 0.354850 0.000010
0.504124 0.069023 0.015180 0.000010 0.027504 0.067786 0.075406 0.240958 0.000010
0.521524 0.000010 0.000010 0.098874 0.000010 0.002485 0.033884 0.232602 0.110601
0.565109 0.000010 0.000010 0.160547 0.028840 0.009332 0.000010 0.223623 0.012519
0.463941 0.000010 0.010431 0.128540 0.024438 0.059109 0.000010 0.253501 0.060019
0.574098 0.028481 0.000010 0.000010 0.015800 0.000010 0.021033 0.198742 0.161817
0.619058 0.000010 0.000010 0.000010 0.013825 0.000010 0.071332 0.172448 0.123296
0.000010 0.993956 0.000010 0.005974 0.000010 0.000010 0.000010 0.000010 0.000010
0.000010 0.995518 0.004412 0.000010 0.000010 0.000010 0.000010 0.000010 0.000010
0.011065 0.911160 0.074975 0.000010 0.002749 0.000010 0.000010 0.000010 0.000010
0.000010 0.830539 0.112107 0.000010 0.000010 0.000010 0.053603 0.003701 0.000010
0.000010 0.036547 0.403550 0.042855 0.000010 0.000010 0.387408 0.128133 0.001477
0.000010 0.039715 0.606390 0.000010 0.009183 0.000010 0.344662 0.000010 0.000010
0.003387 0.028415 0.442309 0.000010 0.047051 0.033405 0.395538 0.049875 0.000010
0.000010 0.000010 0.533182 0.002243 0.000010 0.000010 0.454358 0.000010 0.010167
0.151143 0.000010 0.513689 0.000010 0.049854 0.000010 0.257704 0.027570 0.000010
0.000010 0.036802 0.474880 0.000010 0.000010 0.047223 0.433025 0.000010 0.008031
0.107051 0.000010 0.354905 0.000010 0.081529 0.000010 0.325179 0.131296 0.000010
0.022326 0.054768 0.666581 0.000010 0.000010 0.000010 0.248175 0.008110 0.000010
0.000010 0.000010 0.465047 0.133633 0.001753 0.022852 0.364734 0.005180 0.006779
0.000010 0.086049 0.388139 0.000010 0.047803 0.004167 0.345105 0.128706 0.000010
0.567711 0.039069 0.000010 0.164027 0.000010 0.084366 0.000010 0.137125 0.007671
0.422850 0.000010 0.028410 0.000010 0.006565 0.099822 0.051697 0.331691 0.058946
0.462731 0.010192 0.053455 0.070949 0.000010 0.049843 0.000010 0.184816 0.167995
0.335480 0.082718 0.052337 0.000010 0.043880 0.091048 0.017457 0.267150 0.109921
0.570177 0.071751 0.030787 0.001770 0.000010 0.089597 0.047061 0.139316 0.049531
0.545971 0.000010 0.021937 0.083709 0.073304 0.000010 0.000010 0.275039 0.000010
0.695297 0.000010 0.006333 0.075482 0.047940 0.000010 0.000010 0.173693 0.001225
0.559993 0.000010 0.067992 0.000010 0.000010 0.109958 0.000010 0.262007 0.000010
0.536215 0.048132 0.001325 0.023448 0.000010 0.009677 0.000010 0.222794 0.158389
0.423973 0.000010 0.000010 0.156618 0.000010 0.033706 0.037381 0.313672 0.034621
0.541353 0.000010 0.000010 0.015618 0.000010 0.035810 0.051382 0.301552 0.054255
0.634308 0.020198 0.012391 0.000010 0.054066 0.000010 0.081307 0.107530 0.090180
0.437134 0.000010 0.005265 0.000010 0.000010 0.112562 0.090295 0.354705 0.000010
0.553787 0.000010 0.000010 0.115366 0.000010 0.008360 0.049047 0.189370 0.084041
0.559754 0.002527 0.000010 0.000010 0.057153 0.075931 0.109827 0.053229 0.141557
0.439458 0.007868 0.000010 0.028647 0.088587 0.005136 0.060506 0.185649 0.184139
0.594997 0.000010 0.000010 0.000010 0.055851 0.002183 0.000010 0.288501 0.058428
0.427875 0.036256 0.010395 0.073080 0.043911 0.000010 0.000010 0.288843 0.119621
0.396619 0.000010 0.058583 0.000010 0.108655 0.008998 0.003228 0.258986 0.164909
0.486711 0.000010 0.073614 0.010075 0.000010 0.085349 0.000010 0.288380 0.055841
0.678876 0.016331 0.000010 0.000010 0.000010 0.052332 0.000010 0.173397 0.079024
0.000010 0.065966 0.680551 0.000010 0.000010 0.000010 0.253423 0.000010 0.000010
0.017950 0.000010 0.739498 0.000010 0.036778 0.000010 0.205724 0.000010 0.000010
0.000010 0.003743 0.658496 0.000010 0.000010 0.000010 0.310073 0.000010 0.027638
0.000010 0.050469 0.643692 0.000010 0.054055 0.052500 0.199244 0.000010 0.000010
0.000840 0.101673 0.572263 0.000010 0.105176 0.000010 0.220007 0.000010 0.000010
0.000010 0.008246 0.652960 0.020846 0.000010 0.000010 0.317897 0.000010 0.000010
0.000010 0.025107 0.680402 0.000010 0.021788 0.000010 0.272653 0.000010 0.000010
0.000010 0.000010 0.772572 0.000010 0.000010 0.000010 0.156784 0.070584 0.000010
0.000010 0.047592 0.658684 0.000010 0.029644 0.007200 0.159908 0.096941 0.000010
0.000010 0.000010 0.751924 0.000010 0.000010 0.000010 0.248006 0.000010 0.000010
0.000010 0.000010 0.755641 0.000010 0.000010 0.011831 0.222002 0.010476 0.000010
0.000010 0.080593 0.652573 0.000010 0.000010 0.000010 0.266774 0.000010 0.000010
0.002431 0.028511 0.761367 0.000010 0.024190 0.000010 0.183462 0.000010 0.000010
0.000010 0.097731 0.688530 0.000010 0.000010 0.000010 0.209652 0.004038 0.000010
0.042813 0.049146 0.663490 0.000010 0.000010 0.000010 0.207783 0.018808 0.017930
0.000010 0.000010 0.684412 0.000010 0.000010 0.024676 0.286963 0.000010 0.003899
0.000010 0.097321 0.630260 0.002934 0.000649 0.000010 0.234261 0.034546 0.000010
0.006553 0.026151 0.726509 0.000010 0.000010 0.000010 0.240737 0.000010 0.000010
0.000010 0.000010 0.669869 0.029966 0.018822 0.009956 0.246352 0.000010 0.025005
0.000010 0.000010 0.622513 0.000010 0.000010 0.000010 0.377417 0.000010 0.000010
0.000010 0.122491 0.542482 0.000010 0.000010 0.000010 0.257838 0.077139 0.000010
0.000010 0.005568 0.673782 0.000010 0.009347 0.000010 0.311253 0.000010 0.000010
0.000010 0.007820 0.757807 0.036655 0.000010 0.034260 0.163418 0.000010 0.000010
0.000010 0.041456 0.654400 0.000010 0.000010 0.000010 0.275315 0.028780 0.000010
0.000010 0.074513 0.671385 0.000010 0.000010 0.017470 0.236581 0.000010 0.000010
0.021250 0.032578 0.658930 0.000010 0.050846 0.000010 0.236357 0.000010 0.000010
0.000010 0.068046 0.614341 0.000010 0.000010 0.000010 0.296955 0.016031 0.004587
0.000010 0.153921 0.543265 0.000010 0.020020 0.033092 0.249662 0.000010 0.000010
0.051207 0.000010 0.629869 0.000010 0.000010 0.004686 0.306191 0.008007 0.000010
0.000010 0.000010 0.658060 0.000010 0.000010 0.000010 0.341870 0.000010 0.000010
0.000010 0.000010 0.509266 0.037720 0.007961 0.000010 0.440343 0.004669 0.000010
0.000010 0.109332 0.629001 0.000010 0.000010 0.000010 0.261607 0.000010 0.000010
0.024709 0.000010 0.581132 0.000010 0.000010 0.000010 0.394099 0.000010 0.000010
0.000010 0.000010 0.744490 0.000010 0.046487 0.021883 0.187089 0.000010 0.000010
0.026256 0.048856 0.679017 0.000010 0.000010 0.000010 0.245820 0.000010 0.000010
0.000010 0.000010 0.658538 0.025824 0.023911 0.000010 0.275987 0.015701 0.000010
0.003044 0.000010 0.601948 0.000709 0.000010 0.000010 0.394249 0.000010 0.000010
0.020043 0.023268 0.581684 0.000010 0.000010 0.000010 0.374955 0.000010 0.000010
0.026997 0.020024 0.582785 0.000010 0.000010 0.000010 0.350344 0.000010 0.019809
0.000010 0.000010 0.000010 0.000010 0.912762 0.000010 0.070657 0.000010 0.016520
0.000010 0.031506 0.000010 0.000010 0.906272 0.000010 0.057006 0.000010 0.005166
0.000010 0.031243 0.758426 0.000010 0.000010 0.000010 0.210271 0.000010 0.000010
0.046312 0.005361 0.712015 0.000010 0.000010 0.000010 0.236262 0.000010 0.000010
0.429109 0.036320 0.101868 0.131918 0.000010 0.060690 0.000010 0.240066 0.000010
0.370914 0.001492 0.066648 0.292215 0.046741 0.008136 0.067859 0.145985 0.000010
0.393755 0.000010 0.000010 0.286895 0.000010 0.000010 0.057412 0.261889 0.000010
0.374771 0.054996 0.038254 0.152732 0.000010 0.000010 0.000010 0.379207 0.000010
0.319515 0.000010 0.038275 0.318473 0.000010 0.012660 0.000010 0.285339 0.025707
0.263187 0.011933 0.026180 0.363288 0.053952 0.000010 0.082789 0.198651 0.000010
0.252729 0.115527 0.000010 0.292589 0.000010 0.021202 0.007375 0.310547 0.000010
0.384832 0.000010 0.038456 0.230611 0.026748 0.000010 0.036567 0.282755 0.000010
0.507856 0.002146 0.084477 0.174961 0.015937 0.000010 0.000010 0.214593 0.000010
0.455867 0.000010 0.023367 0.187229 0.000010 0.000010 0.032160 0.301337 0.000010
0.362260 0.004735 0.000010 0.250809 0.000010 0.000010 0.021606 0.358820 0.001739
0.363601 0.000010 0.001703 0.355807 0.067180 0.000010 0.073510 0.129331 0.008848
0.309593 0.103646 0.000010 0.264614 0.000010 0.000010 0.000010 0.285010 0.037099
0.000010 0.000010 0.703229 0.000010 0.029317 0.002535 0.264869 0.000010 0.000010
0.000010 0.000010 0.482494 0.054568 0.073129 0.000010 0.376729 0.000010 0.013040
0.000010 0.000010 0.586695 0.000010 0.000010 0.000010 0.376894 0.036350 0.000010
0.000010 0.020246 0.540023 0.000010 0.000010 0.000010 0.439671 0.000010 0.000010
0.000010 0.081317 0.659433 0.000010 0.000010 0.026901 0.232299 0.000010 0.000010
0.000010 0.054262 0.644050 0.000010 0.000010 0.000010 0.301629 0.000010 0.000010
0.000010 0.009920 0.753897 0.000010 0.000010 0.011253 0.212830 0.012059 0.000010
0.007623 0.014202 0.665101 0.000010 0.000010 0.000010 0.313024 0.000010 0.000010
0.000010 0.000010 0.625251 0.000010 0.003604 0.000010 0.371085 0.000010 0.000010
0.000010 0.030898 0.546846 0.000010 0.000010 0.000010 0.422197 0.000010 0.000010
0.033150 0.000010 0.617441 0.108550 0.000010 0.000010 0.240808 0.000010 0.000010
0.000010 0.073814 0.566225 0.000010 0.014429 0.000010 0.298032 0.047460 0.000010
