0.207126 0.000010 0.000010 0.000010 0.074137 0.000010 0.113049 0.605638 0.000010
0.107438 0.020665 0.000010 0.098742 0.019150 0.000010 0.220740 0.517558 0.015687
0.334944 0.017483 0.018054 0.000010 0.000010 0.000010 0.180870 0.448609 0.000010
0.123455 0.046250 0.073992 0.204882 0.000010 0.000010 0.174849 0.358713 0.017839
0.348024 0.000010 0.092125 0.000010 0.053233 0.000010 0.075308 0.431270 0.000010
0.354074 0.000010 0.000010 0.045068 0.000010 0.057809 0.034020 0.422656 0.086343
0.188176 0.091931 0.000010 0.170429 0.102713 0.031811 0.036995 0.377925 0.000010
0.212150 0.000010 0.103639 0.010460 0.000010 0.058199 0.074107 0.534105 0.007320
0.423553 0.013005 0.079407 0.088128 0.022155 0.000010 0.000010 0.366577 0.007156
0.199872 0.041123 0.000010 0.078273 0.000671 0.043907 0.127667 0.508467 0.000010
0.115018 0.000010 0.029613 0.184834 0.000010 0.036638 0.048345 0.585522 0.000010
0.314575 0.124256 0.009974 0.112613 0.047988 0.000010 0.089948 0.300625 0.000010
0.286907 0.015629 0.062476 0.189254 0.133989 0.048897 0.136530 0.126308 0.000010
0.243819 0.000010 0.000010 0.096001 0.021750 0.012311 0.221684 0.319796 0.084618
0.350474 0.122363 0.024130 0.157773 0.086000 0.000010 0.002258 0.256982 0.000010
0.330099 0.087290 0.001890 0.000010 0.000010 0.000010 0.123394 0.457286 0.000010
0.295598 0.000010 0.077843 0.148412 0.000010 0.000010 0.121725 0.356383 0.000010
0.443009 0.000010 0.000010 0.030750 0.000010 0.000010 0.064165 0.462027 0.000010
0.212473 0.000010 0.073350 0.038116 0.067666 0.000010 0.057117 0.551248 0.000010
0.406418 0.046321 0.000010 0.010808 0.000010 0.000010 0.082549 0.453864 0.000010
0.231348 0.038003 0.029460 0.170219 0.153716 0.000010 0.064275 0.312958 0.000010
0.288581 0.056975 0.000010 0.000010 0.002254 0.000010 0.081478 0.570672 0.000010
0.597676 0.000010 0.018007 0.011158 0.011435 0.006114 0.091899 0.230726 0.032974
0.350063 0.010322 0.000010 0.051592 0.074560 0.000010 0.114249 0.353741 0.045453
0.280225 0.000010 0.000010 0.150460 0.100701 0.000010 0.055845 0.412728 0.000010
0.372114 0.000010 0.022069 0.026459 0.000010 0.000010 0.049568 0.529750 0.000010
0.376909 0.000010 0.044973 0.026289 0.025307 0.000010 0.142243 0.384248 0.000010
0.000010 0.000010 0.080415 0.000010 0.000010 0.035848 0.324009 0.336094 0.223594
0.199400 0.034075 0.000010 0.155532 0.000010 0.000010 0.237150 0.373803 0.000010
0.402122 0.042678 0.000010 0.150737 0.000010 0.010311 0.018160 0.342567 0.033405
0.284655 0.000010 0.000010 0.031554 0.000010 0.000010 0.211147 0.472594 0.000010
0.561377 0.000010 0.049851 0.000010 0.057271 0.000010 0.000010 0.331452 0.000010
0.085415 0.000010 0.118932 0.225714 0.003039 0.000010 0.045317 0.521552 0.000010
0.238659 0.187310 0.000010 0.000010 0.000010 0.049995 0.002056 0.521939 0.000010
0.067872 0.017724 0.030504 0.091627 0.069597 0.000010 0.228481 0.494175 0.000010
0.303408 0.000010 0.000010 0.117186 0.129280 0.050065 0.038211 0.361819 0.000010
0.500599 0.003155 0.010469 0.051267 0.000010 0.000010 0.000010 0.434471 0.000010
0.271302 0.032183 0.000010 0.137215 0.000010 0.004654 0.090731 0.463885 0.000010
0.352686 0.000010 0.065590 0.038811 0.046670 0.043556 0.058260 0.394408 0.000010
0.429975 0.000010 0.000010 0.046916 0.000010 0.080285 0.022392 0.420392 0.000010
0.169004 0.013628 0.000010 0.112908 0.105984 0.009386 0.025049 0.558510 0.005522
0.153476 0.000010 0.034352 0.181650 0.025232 0.000010 0.138315 0.466946 0.000010
0.369287 0.005947 0.107479 0.025779 0.037908 0.000010 0.009517 0.444063 0.000010
0.190309 0.000010 0.070231 0.087484 0.002794 0.000010 0.070001 0.527607 0.051553
0.307090 0.004802 0.025147 0.002190 0.063321 0.000010 0.170615 0.426816 0.000010
0.212853 0.000010 0.025931 0.269457 0.000010 0.104975 0.066413 0.320340 0.000010
0.259631 0.000010 0.083586 0.099350 0.022513 0.003674 0.148406 0.382820 0.000010
0.344485 0.000010 0.012014 0.023663 0.018255 0.000010 0.173575 0.427979 0.000010
0.068761 0.082849 0.545117 0.163013 0.000010 0.000010 0.000959 0.139271 0.000010
0.000010 0.013175 0.395030 0.083899 0.000010 0.000010 0.309212 0.198643 0.000010
0.128566 0.101222 0.279246 0.052532 0.000010 0.000010 0.215543 0.222861 0.000010
0.105464 0.055443 0.234725 0.195099 0.017247 0.000010 0.075635 0.270362 0.046014
0.163389 0.046357 0.161646 0.221408 0.000010 0.000010 0.179346 0.227825 0.000010
0.107933 0.000010 0.216325 0.115965 0.040579 0.000010 0.221693 0.297474 0.000010
0.036227 0.000010 0.446795 0.070993 0.000010 0.031067 0.223898 0.183731 0.007269
0.047748 0.002373 0.363438 0.065616 0.000010 0.000010 0.243679 0.277116 0.000010
0.043994 0.000010 0.473703 0.095080 0.000010 0.030781 0.158724 0.197688 0.000010
0.111511 0.000010 0.397223 0.058785 0.062903 0.000010 0.265843 0.103706 0.000010
0.204527 0.000010 0.351015 0.012008 0.000010 0.000010 0.153170 0.279239 0.000010
0.125847 0.000010 0.417634 0.000010 0.066159 0.000010 0.141415 0.248905 0.000010
0.082272 0.232062 0.184423 0.052292 0.000010 0.000010 0.178446 0.270476 0.000010
0.463991 0.000010 0.154182 0.010048 0.034372 0.000010 0.015501 0.321876 0.000010
0.172116 0.000010 0.119661 0.000010 0.055586 0.000010 0.294964 0.357633 0.000010
0.245215 0.000010 0.173029 0.181046 0.051749 0.000010 0.080111 0.242955 0.025876
0.250882 0.028172 0.328907 0.071882 0.000010 0.000010 0.023596 0.296531 0.000010
0.088460 0.093106 0.427226 0.122739 0.000017 0.000010 0.133430 0.135002 0.000010
0.039263 0.118052 0.288138 0.184310 0.019501 0.000010 0.147518 0.203198 0.000010
0.040869 0.040821 0.584491 0.020086 0.003562 0.000010 0.122568 0.187583 0.000010
0.233836 0.000010 0.425153 0.014613 0.114470 0.034150 0.097908 0.079850 0.000010
0.269863 0.071668 0.184757 0.000010 0.067581 0.000010 0.102349 0.271946 0.031816
0.121313 0.000011 0.032915 0.000010 0.000010 0.083777 0.115440 0.204076 0.442449
0.388236 0.065052 0.000010 0.081378 0.000010 0.000010 0.000010 0.461078 0.004216
0.371783 0.015944 0.000010 0.029162 0.000010 0.000874 0.042233 0.539973 0.000010
0.246291 0.000010 0.131935 0.242826 0.027716 0.017929 0.056989 0.276294 0.000010
0.367403 0.000010 0.000010 0.000010 0.083600 0.009470 0.092700 0.446787 0.000010
0.263264 0.105510 0.075903 0.032308 0.021372 0.000010 0.000010 0.501613 0.000010
0.561959 0.000010 0.000010 0.000010 0.129397 0.000010 0.000010 0.308584 0.000010
0.157051 0.000010 0.178396 0.215069 0.040095 0.095705 0.030109 0.206081 0.077484
0.147228 0.000010 0.000010 0.140393 0.071630 0.000010 0.055580 0.365691 0.219449
0.194816 0.027454 0.000010 0.182911 0.000010 0.000010 0.101947 0.492832 0.000010
0.222940 0.011660 0.034120 0.029189 0.016582 0.000010 0.184799 0.500691 0.000010
0.495785 0.000010 0.000010 0.000010 0.000010 0.000010 0.107762 0.391259 0.005144
0.282305 0.126004 0.045787 0.037089 0.000010 0.000010 0.057364 0.451421 0.000010
0.447006 0.030786 0.142213 0.055487 0.000010 0.000010 0.000010 0.324469 0.000010
0.402971 0.000010 0.095596 0.219299 0.022272 0.000010 0.031739 0.228093 0.000010
0.319810 0.005956 0.000010 0.000010 0.000010 0.000010 0.129953 0.541362 0.002879
0.396668 0.000010 0.015946 0.131477 0.052908 0.000010 0.000010 0.402961 0.000010
0.359900 0.000010 0.090186 0.039649 0.000010 0.050776 0.076845 0.382614 0.000010
0.283589 0.000010 0.101416 0.171674 0.013330 0.000010 0.113808 0.316152 0.000010
0.281736 0.031649 0.190079 0.154383 0.013354 0.000010 0.000010 0.328771 0.000010
0.285826 0.025269 0.000010 0.020476 0.040719 0.000010 0.045658 0.582022 0.000010
0.297722 0.132548 0.146183 0.012445 0.079482 0.000010 0.000010 0.331590 0.000010
0.263431 0.000010 0.000010 0.042092 0.078481 0.000010 0.110059 0.505896 0.000010
0.205246 0.024115 0.000010 0.000010 0.051276 0.000010 0.109305 0.610017 0.000010
0.261939 0.000010 0.000010 0.030669 0.097097 0.036328 0.000010 0.573926 0.000010
0.057813 0.000010 0.058531 0.087130 0.009331 0.000010 0.239156 0.548009 0.000010
0.202218 0.036079 0.072894 0.081803 0.000010 0.000010 0.049124 0.557851 0.000010
0.295800 0.000010 0.000010 0.000010 0.111722 0.000010 0.122440 0.469988 0.000010
0.316037 0.000010 0.074044 0.045698 0.031949 0.015439 0.137181 0.379633 0.000010
0.430091 0.000010 0.000010 0.000010 0.000010 0.013195 0.181158 0.357365 0.018151
0.058440 0.007479 0.017914 0.101290 0.031869 0.116135 0.122096 0.220314 0.324464
0.018469 0.000010 0.000010 0.071042 0.000010 0.000010 0.209219 0.282898 0.418333
0.203682 0.007196 0.050991 0.000010 0.046581 0.048711 0.078696 0.522985 0.041150
0.276468 0.055163 0.032640 0.000010 0.032115 0.000010 0.114775 0.488809 0.000010
0.116714 0.000010 0.000010 0.123126 0.000010 0.024061 0.227684 0.502369 0.006017
0.083799 0.046459 0.002051 0.197473 0.140706 0.008025 0.088048 0.433429 0.000010
0.351446 0.006963 0.103693 0.101576 0.000010 0.000010 0.095725 0.340566 0.000010
0.239376 0.021895 0.067889 0.003830 0.000010 0.000010 0.222066 0.434339 0.010586
0.191149 0.016255 0.032819 0.106971 0.000013 0.000010 0.210114 0.347608 0.095061
0.098778 0.022845 0.042117 0.232331 0.009062 0.000010 0.222424 0.372423 0.000010
0.155255 0.059613 0.000010 0.107950 0.000010 0.000010 0.199039 0.454483 0.023630
0.023145 0.092102 0.001299 0.174916 0.000010 0.000010 0.252691 0.455817 0.000010
0.145312 0.026989 0.061907 0.054103 0.041817 0.000010 0.122201 0.493304 0.054356
0.103760 0.001499 0.076875 0.180879 0.034478 0.000010 0.066464 0.536026 0.000010
0.288400 0.030885 0.000010 0.000010 0.000010 0.002336 0.131914 0.531074 0.015362
0.133772 0.000010 0.000010 0.244856 0.045011 0.038113 0.201229 0.336989 0.000010
0.130546 0.109796 0.000010 0.000010 0.052300 0.000010 0.295452 0.402314 0.009562
0.176866 0.000010 0.000010 0.000010 0.046186 0.000010 0.294705 0.482194 0.000010
0.247075 0.000010 0.057174 0.066280 0.000010 0.034157 0.093361 0.501923 0.000010
0.216281 0.026474 0.076713 0.165602 0.031253 0.000010 0.068097 0.415560 0.000010
0.318780 0.051763 0.049765 0.000010 0.094321 0.000010 0.065847 0.404272 0.015233
0.236412 0.000010 0.060351 0.015158 0.056780 0.000010 0.075777 0.555492 0.000010
0.197673 0.000010 0.116951 0.080708 0.016298 0.000010 0.133540 0.454800 0.000010
0.161700 0.000010 0.014035 0.118434 0.013269 0.000010 0.093280 0.599251 0.000010
0.206831 0.128922 0.016295 0.060613 0.033770 0.000010 0.162545 0.391004 0.000010
0.307150 0.053799 0.000010 0.032920 0.003556 0.015636 0.046114 0.540805 0.000010
0.199523 0.000010 0.053874 0.120318 0.000010 0.000010 0.190770 0.434955 0.000529
0.127143 0.000010 0.006322 0.152323 0.029315 0.000010 0.168684 0.516183 0.000010
0.224115 0.040888 0.000010 0.199678 0.001536 0.000559 0.170577 0.353926 0.008710
0.016494 0.014205 0.081885 0.228864 0.032539 0.040133 0.166795 0.403570 0.015516
0.000010 0.000010 0.105185 0.257423 0.000010 0.000010 0.132820 0.416597 0.087935
0.127098 0.000010 0.018652 0.207526 0.000010 0.000010 0.126120 0.520563 0.000010
0.254231 0.000010 0.086129 0.074702 0.000015 0.000010 0.161211 0.423683 0.000010
0.336662 0.000010 0.000010 0.094697 0.000010 0.000010 0.078296 0.490295 0.000010
0.242446 0.042471 0.000010 0.109643 0.091294 0.089511 0.038610 0.386003 0.000010
0.100748 0.060681 0.000010 0.142500 0.044351 0.000010 0.078885 0.572805 0.000010
0.298897 0.000010 0.060004 0.027692 0.113239 0.018427 0.084422 0.384786 0.012524
0.216769 0.049785 0.000017 0.154253 0.000010 0.034785 0.049504 0.438317 0.056561
0.308947 0.005699 0.039929 0.000010 0.058712 0.082205 0.103462 0.401025 0.000010
0.317058 0.000010 0.062583 0.141480 0.000010 0.006141 0.117223 0.355486 0.000010
0.395640 0.000010 0.000010 0.000010 0.000010 0.000010 0.104171 0.500130 0.000010
0.208621 0.023455 0.000010 0.043251 0.013995 0.000010 0.207810 0.502838 0.000010
0.161018 0.000010 0.056960 0.047035 0.010594 0.005106 0.159541 0.517563 0.042172
0.241125 0.083517 0.000010 0.206941 0.000010 0.000010 0.000010 0.468367 0.000010
0.421311 0.000010 0.000010 0.022803 0.058176 0.000010 0.002569 0.495101 0.000010
0.115579 0.071475 0.099721 0.046738 0.087309 0.000010 0.253958 0.325201 0.000010
0.255953 0.000010 0.177875 0.078165 0.000010 0.000010 0.111370 0.376597 0.000010
0.124830 0.041705 0.000010 0.203179 0.000010 0.000010 0.102997 0.484161 0.043098
0.038224 0.020283 0.084939 0.212490 0.000010 0.028531 0.035311 0.556463 0.023749
0.303434 0.001669 0.000010 0.118046 0.000010 0.000010 0.100126 0.424375 0.052321
0.271624 0.062926 0.013241 0.006592 0.061052 0.008172 0.046449 0.529327 0.000616
0.103051 0.035897 0.058616 0.225660 0.071599 0.000010 0.017171 0.467825 0.020170
0.243534 0.000010 0.075020 0.203091 0.000010 0.000010 0.072043 0.406272 0.000010
0.111661 0.000010 0.137000 0.196474 0.000010 0.000010 0.201277 0.353548 0.000010
0.219397 0.000010 0.212625 0.211170 0.000010 0.035364 0.000010 0.312208 0.009204
0.120572 0.048849 0.128299 0.215431 0.000010 0.061780 0.022057 0.402992 0.000010
0.289885 0.000010 0.016408 0.081114 0.142956 0.000010 0.051725 0.417882 0.000010
0.418494 0.000010 0.083011 0.000010 0.000010 0.000010 0.084300 0.414145 0.000010
0.167272 0.025444 0.000010 0.140976 0.069423 0.062951 0.134246 0.399669 0.000010
0.139133 0.006806 0.094015 0.159232 0.000010 0.000010 0.128475 0.472310 0.000010
0.156033 0.097970 0.147191 0.088700 0.000010 0.000010 0.030021 0.480054 0.000010
0.052062 0.000010 0.227714 0.259369 0.000010 0.030486 0.041884 0.374597 0.013867
0.331821 0.000010 0.110507 0.000010 0.000010 0.000010 0.196280 0.361342 0.000010
0.310388 0.000010 0.117747 0.000010 0.000010 0.000010 0.193258 0.369123 0.009443
0.225729 0.086060 0.043587 0.124609 0.008321 0.000010 0.121523 0.390152 0.000010
0.261379 0.087842 0.224398 0.086930 0.031901 0.000010 0.031556 0.275973 0.000010
0.080334 0.001807 0.108914 0.246926 0.000010 0.024200 0.067714 0.470087 0.000010
0.244425 0.000010 0.068547 0.102676 0.000010 0.011431 0.175846 0.397045 0.000010
0.136957 0.006173 0.061955 0.068435 0.021253 0.005816 0.266449 0.432952 0.000010
0.135105 0.000010 0.119937 0.108513 0.005465 0.000010 0.214047 0.416903 0.000010
0.084944 0.000010 0.083780 0.093126 0.000010 0.018093 0.178664 0.541363 0.000010
0.000010 0.007301 0.137998 0.109853 0.000010 0.064919 0.205016 0.465824 0.009069
0.092686 0.000010 0.478487 0.025308 0.076579 0.000010 0.100085 0.226825 0.000010
0.238939 0.118947 0.000010 0.060521 0.000010 0.002589 0.138368 0.416578 0.024038
0.190422 0.006871 0.000010 0.280982 0.039798 0.000010 0.159392 0.322505 0.000010
0.240235 0.000010 0.109573 0.204199 0.000010 0.000010 0.080385 0.365568 0.000010
0.158387 0.000010 0.002965 0.153001 0.027156 0.000010 0.148006 0.510455 0.000010
0.122056 0.000010 0.000010 0.110391 0.000010 0.015488 0.175094 0.576931 0.000010
0.086917 0.041028 0.109695 0.083736 0.025496 0.000010 0.257336 0.395772 0.000010
0.122447 0.000010 0.023077 0.074698 0.010177 0.000010 0.267782 0.501789 0.000010
0.108134 0.000010 0.000010 0.104988 0.000010 0.029364 0.261251 0.496222 0.000010
0.087806 0.000010 0.065123 0.056727 0.000010 0.000010 0.287127 0.503177 0.000010
0.175491 0.077385 0.000010 0.182215 0.000010 0.023474 0.228410 0.312993 0.000010
0.013628 0.037404 0.054332 0.191901 0.000010 0.046195 0.135023 0.521497 0.000010
0.266777 0.011830 0.196692 0.000010 0.075631 0.000010 0.028172 0.395606 0.025272
0.136655 0.008448 0.112890 0.065177 0.000010 0.000010 0.173763 0.503037 0.000010
0.185754 0.043736 0.038298 0.114228 0.018341 0.000010 0.187076 0.412547 0.000010
0.000010 0.027425 0.000010 0.000010 0.042434 0.431559 0.015005 0.000010 0.483537
0.000010 0.000010 0.013510 0.000010 0.017360 0.317618 0.052628 0.000010 0.598843
0.000010 0.004857 0.000010 0.000010 0.000010 0.432767 0.011523 0.000010 0.550803
0.000010 0.000010 0.000010 0.032588 0.000010 0.176772 0.000010 0.000010 0.790581
0.032057 0.000010 0.000010 0.000010 0.000010 0.257494 0.000010 0.066378 0.644020
0.011810 0.000010 0.000010 0.021850 0.000010 0.251366 0.000010 0.000010 0.714924
0.000013 0.000010 0.000010 0.000010 0.034669 0.470054 0.000010 0.000010 0.495214
0.000010 0.000642 0.000010 0.000010 0.000010 0.249893 0.042480 0.000010 0.706935
0.000010 0.000010 0.000010 0.000010 0.000010 0.316074 0.019402 0.000010 0.664463
0.000010 0.000010 0.000010 0.022727 0.000010 0.119503 0.000010 0.025082 0.832638
0.000010 0.000010 0.012751 0.000010 0.000010 0.280017 0.000010 0.000010 0.707172
0.057221 0.000010 0.000010 0.049305 0.000010 0.398389 0.000010 0.000010 0.495035
0.000010 0.041554 0.000010 0.007627 0.000010 0.500431 0.025464 0.038062 0.386832
0.000010 0.000010 0.034544 0.000010 0.000010 0.445158 0.010572 0.000010 0.509676
0.000010 0.000010 0.000010 0.064452 0.000010 0.290532 0.045240 0.000010 0.599725
0.000010 0.033711 0.000010 0.066150 0.000010 0.266623 0.000931 0.003322 0.629233
0.000010 0.004897 0.000010 0.055629 0.000010 0.220074 0.001727 0.006368 0.711277
0.000010 0.000010 0.000010 0.032743 0.000010 0.582378 0.000010 0.000010 0.384819
0.000010 0.029634 0.000010 0.026418 0.000010 0.381192 0.000010 0.000010 0.562707
0.000010 0.004372 0.000010 0.037062 0.033043 0.298658 0.000010 0.000010 0.626825
0.000010 0.005569 0.000010 0.042563 0.000010 0.488490 0.004759 0.008689 0.449901
0.030587 0.000010 0.000010 0.000010 0.000010 0.393462 0.000010 0.041088 0.534813
0.000010 0.031904 0.000010 0.000010 0.000010 0.362638 0.000010 0.000010 0.605398
0.000010 0.006166 0.000010 0.024912 0.002160 0.551233 0.048116 0.000010 0.367383
0.000010 0.000010 0.000010 0.000010 0.030878 0.331860 0.000010 0.022567 0.614645
0.000010 0.000010 0.000010 0.038480 0.064160 0.437315 0.000010 0.000010 0.459995
0.000010 0.000010 0.000010 0.043932 0.000010 0.397435 0.000010 0.000010 0.558573
0.000010 0.000010 0.000010 0.014244 0.000010 0.418388 0.000010 0.000010 0.567309
0.065837 0.011734 0.000010 0.016090 0.890610 0.000010 0.000010 0.015689 0.000010
0.523777 0.001917 0.000010 0.203848 0.002358 0.067851 0.000010 0.200219 0.000010
0.568038 0.000010 0.000010 0.195799 0.092591 0.000010 0.000010 0.143523 0.000010
0.331305 0.063425 0.000010 0.406134 0.000010 0.000010 0.000010 0.132808 0.066289
0.566035 0.000010 0.000010 0.106193 0.107442 0.000010 0.000010 0.217350 0.002940
0.392007 0.000010 0.100249 0.365282 0.000010 0.000010 0.030697 0.111725 0.000010
0.340475 0.000010 0.034018 0.251519 0.092103 0.000010 0.000010 0.179484 0.102372
0.361423 0.000010 0.045489 0.386290 0.012468 0.030300 0.000010 0.163999 0.000010
0.349523 0.115482 0.000010 0.294832 0.076555 0.000010 0.000010 0.138895 0.024682
0.333025 0.063449 0.000010 0.345498 0.000010 0.000010 0.108566 0.102721 0.046711
0.550310 0.000010 0.000010 0.172543 0.032510 0.037354 0.000010 0.207243 0.000010
0.379038 0.000010 0.000010 0.386997 0.061996 0.000010 0.004258 0.128008 0.039673
0.291401 0.000010 0.013848 0.339940 0.029075 0.000010 0.000010 0.325696 0.000010
0.399191 0.000010 0.000010 0.372610 0.000010 0.025859 0.000010 0.202290 0.000010
0.495933 0.000010 0.029065 0.215386 0.000010 0.089947 0.015324 0.124349 0.029975
0.415714 0.000010 0.000010 0.262284 0.005781 0.008073 0.026685 0.246011 0.035432
0.148970 0.000010 0.000010 0.333828 0.089089 0.000010 0.018393 0.409680 0.000010
0.586005 0.069470 0.000010 0.178228 0.000010 0.000010 0.000010 0.166246 0.000010
0.442347 0.026295 0.065097 0.345447 0.008084 0.000010 0.057507 0.055203 0.000010
0.412055 0.000010 0.095352 0.245264 0.000010 0.008541 0.054032 0.184727 0.000010
0.559531 0.000010 0.000010 0.185582 0.102341 0.000010 0.011938 0.140568 0.000010
0.364085 0.000010 0.000010 0.365368 0.076082 0.000010 0.000010 0.194414 0.000010
0.425396 0.000010 0.000010 0.268338 0.000010 0.018569 0.042919 0.244737 0.000010
0.320173 0.058783 0.000010 0.404139 0.022137 0.000010 0.000010 0.194727 0.000010
0.332824 0.000010 0.072822 0.391853 0.000010 0.000010 0.000010 0.184918 0.017542
0.424435 0.000852 0.009632 0.323373 0.000010 0.000010 0.001239 0.240438 0.000010
0.397418 0.000010 0.004064 0.395687 0.000010 0.023506 0.000010 0.136952 0.042344
0.466515 0.000010 0.000010 0.278854 0.040171 0.006525 0.018158 0.189748 0.000010
0.351134 0.000010 0.000010 0.444330 0.000010 0.011217 0.000010 0.193269 0.000010
0.000010 0.000010 0.026302 0.000010 0.959384 0.000010 0.014253 0.000010 0.000010
0.000013 0.000010 0.020857 0.000010 0.863898 0.001401 0.060775 0.000010 0.053025
0.000010 0.007305 0.000010 0.000010 0.907714 0.000010 0.012330 0.072601 0.000010
0.000010 0.022295 0.077363 0.000010 0.900283 0.000010 0.000010 0.000010 0.000010
0.000010 0.000010 0.134920 0.000010 0.800158 0.000010 0.031594 0.033279 0.000010
0.000010 0.006474 0.052741 0.000010 0.890735 0.000010 0.000010 0.000010 0.050000
0.000010 0.000010 0.000010 0.000010 0.905789 0.000010 0.078273 0.000010 0.015878
0.000010 0.000010 0.048014 0.000515 0.938810 0.000010 0.012611 0.000010 0.000010
0.000010 0.078949 0.000010 0.000010 0.894182 0.000010 0.026809 0.000010 0.000010
0.000010 0.003590 0.039515 0.000010 0.920009 0.000010 0.000010 0.035920 0.000926
0.000010 0.000018 0.000010 0.000010 0.965825 0.000010 0.009133 0.000010 0.024974
0.000010 0.000010 0.037976 0.000010 0.923063 0.000010 0.000010 0.023549 0.015362
0.000010 0.085056 0.000010 0.009908 0.874819 0.000010 0.000010 0.000010 0.030167
0.000010 0.000010 0.000010 0.000010 0.911383 0.000010 0.000010 0.074569 0.013988
0.000010 0.058897 0.000010 0.000010 0.896283 0.000010 0.000010 0.044760 0.000010
0.000010 0.021166 0.000010 0.000010 0.957256 0.000010 0.000010 0.000010 0.021517
0.000010 0.000010 0.030996 0.000010 0.921062 0.000010 0.000010 0.000010 0.047883
0.547468 0.000010 0.000010 0.047964 0.038134 0.098834 0.000010 0.267561 0.000010
0.528608 0.000010 0.000010 0.004295 0.055842 0.049393 0.000010 0.361822 0.000010
0.539470 0.064697 0.000010 0.015917 0.064639 0.057443 0.000010 0.257804 0.000010
0.494014 0.000010 0.000010 0.251763 0.009618 0.016031 0.000010 0.228534 0.000010
0.402794 0.000010 0.000010 0.164570 0.142739 0.022255 0.000010 0.267602 0.000010
0.587271 0.000010 0.000010 0.078785 0.000010 0.000010 0.000010 0.329896 0.003999
0.622081 0.054991 0.000010 0.052224 0.033843 0.054589 0.005722 0.176531 0.000010
0.576375 0.087553 0.081885 0.000010 0.043367 0.000010 0.014281 0.196509 0.000010
0.701119 0.005501 0.000010 0.068671 0.003405 0.000010 0.000010 0.221264 0.000010
0.475501 0.000010 0.074199 0.000010 0.052179 0.000010 0.000010 0.317757 0.080324
0.594904 0.000010 0.107721 0.078128 0.011900 0.000010 0.020659 0.158415 0.028254
0.510663 0.000010 0.017622 0.292212 0.000010 0.000010 0.000010 0.157754 0.021708
0.420218 0.000010 0.000010 0.096274 0.000010 0.000010 0.024212 0.423940 0.035316
0.461255 0.000010 0.050817 0.123608 0.012778 0.000010 0.000010 0.294175 0.057337
0.515477 0.008678 0.028107 0.103974 0.016126 0.010739 0.000010 0.276490 0.040400
0.449087 0.000010 0.000010 0.202195 0.016286 0.011940 0.000010 0.214098 0.106365
0.430607 0.000010 0.008342 0.073520 0.000010 0.101097 0.000010 0.386394 0.000010
0.465823 0.000010 0.000010 0.103195 0.000010 0.077301 0.049136 0.304505 0.000010
0.450296 0.000010 0.000010 0.123072 0.080977 0.052934 0.000010 0.270839 0.021851
0.387066 0.020137 0.000010 0.283437 0.074562 0.107747 0.053318 0.073712 0.000010
0.684052 0.035082 0.014855 0.001623 0.003747 0.009071 0.006367 0.245193 0.000010
0.664097 0.072156 0.000010 0.003841 0.000010 0.031750 0.000010 0.228116 0.000010
0.547035 0.005921 0.122744 0.000010 0.055444 0.098678 0.000010 0.170147 0.000010
0.466461 0.031531 0.015001 0.092634 0.009609 0.036859 0.047947 0.299948 0.000010
0.521415 0.000010 0.038143 0.116105 0.000010 0.007350 0.000010 0.235644 0.081312
0.614256 0.011078 0.000010 0.080217 0.000010 0.000010 0.000010 0.294399 0.000010
0.551151 0.058009 0.000010 0.000010 0.075592 0.000010 0.064837 0.227149 0.023232
0.360670 0.050328 0.000010 0.168786 0.019669 0.024234 0.000010 0.376282 0.000010
0.493332 0.000010 0.000010 0.163132 0.003287 0.044077 0.037516 0.258627 0.000010
0.525905 0.016221 0.056842 0.052258 0.007134 0.079860 0.000010 0.220527 0.041243
0.618010 0.016209 0.048780 0.020971 0.018285 0.024136 0.000010 0.253589 0.000010
0.361943 0.015984 0.000010 0.280151 0.018974 0.055949 0.051794 0.215185 0.000010
0.710049 0.000010 0.015920 0.036511 0.000010 0.000010 0.000010 0.237470 0.000010
0.677447 0.000010 0.000010 0.057362 0.031115 0.000010 0.000010 0.234025 0.000010
0.581136 0.001993 0.000010 0.064810 0.032707 0.000010 0.105069 0.201313 0.012952
0.454587 0.000010 0.000010 0.074776 0.000010 0.061414 0.000010 0.381742 0.027442
0.626424 0.058123 0.000010 0.029531 0.000010 0.000010 0.000010 0.285872 0.000010
0.458422 0.063120 0.000010 0.000010 0.067908 0.000010 0.012405 0.398105 0.000010
0.550554 0.000010 0.019938 0.036544 0.051225 0.000010 0.000010 0.326299 0.015411
0.735860 0.000010 0.099730 0.000010 0.000010 0.000010 0.000010 0.164351 0.000010
0.478041 0.000010 0.035988 0.095360 0.023638 0.000010 0.000010 0.319378 0.047564
0.611747 0.000010 0.000010 0.068230 0.051263 0.000010 0.000010 0.268710 0.000010
0.565175 0.006644 0.102433 0.000010 0.000010 0.000010 0.000010 0.313873 0.011835
0.595169 0.000010 0.091290 0.025789 0.003054 0.000010 0.000010 0.261673 0.022995
0.615734 0.000010 0.000010 0.000010 0.000010 0.000010 0.085046 0.224308 0.074863
0.613665 0.000010 0.011588 0.000010 0.053794 0.000010 0.000010 0.283804 0.037108
0.688395 0.000010 0.000010 0.120642 0.000010 0.000010 0.000010 0.054842 0.136071
0.683438 0.000010 0.028866 0.004646 0.000010 0.070494 0.000010 0.212515 0.000010
0.422603 0.000010 0.000010 0.063205 0.010388 0.000010 0.023580 0.390358 0.089836
0.540209 0.000010 0.056793 0.000010 0.101184 0.000010 0.000010 0.214381 0.087393
0.588202 0.004492 0.026123 0.066225 0.069378 0.000010 0.000010 0.217850 0.027710
0.486272 0.000010 0.007608 0.135696 0.002858 0.055761 0.000010 0.311775 0.000010
0.779028 0.058600 0.008405 0.048003 0.000010 0.010826 0.000010 0.082327 0.012792
0.527890 0.084623 0.000010 0.005346 0.026604 0.060475 0.000010 0.004133 0.290910
0.700477 0.000010 0.000010 0.000010 0.083904 0.025056 0.000010 0.190512 0.000010
0.020803 0.000010 0.000010 0.027550 0.029253 0.050377 0.000010 0.054346 0.817641
0.549962 0.000010 0.069325 0.047882 0.003931 0.036620 0.000010 0.162293 0.129966
0.663901 0.000010 0.033966 0.018909 0.000010 0.021879 0.000010 0.256020 0.005295
0.650809 0.000010 0.044160 0.000010 0.000163 0.000010 0.000010 0.304818 0.000010
0.375450 0.010481 0.000010 0.172853 0.089156 0.000010 0.000010 0.237206 0.114825
0.617009 0.000010 0.023384 0.000010 0.000010 0.000010 0.052990 0.217101 0.089476
0.559360 0.052056 0.006442 0.000010 0.012762 0.000010 0.000010 0.168570 0.200780
0.683147 0.000010 0.030479 0.023082 0.000010 0.000010 0.000010 0.195151 0.068102
0.546238 0.000010 0.120136 0.003323 0.038463 0.007823 0.000010 0.085825 0.198172
0.635407 0.000010 0.002721 0.042850 0.000010 0.000010 0.002911 0.316071 0.000010
0.573357 0.000010 0.054200 0.042311 0.000010 0.000010 0.000010 0.284509 0.045583
0.564220 0.014007 0.000010 0.009215 0.000010 0.000010 0.011872 0.269798 0.130859
0.469945 0.000010 0.100995 0.140840 0.087092 0.000010 0.000010 0.136523 0.064576
0.491233 0.000010 0.063182 0.095661 0.000010 0.013894 0.000010 0.245259 0.090741
0.662615 0.013586 0.000010 0.000010 0.066631 0.000010 0.018378 0.238750 0.000010
0.396670 0.000010 0.032790 0.158779 0.000010 0.000010 0.000010 0.271325 0.140396
0.553224 0.009487 0.000010 0.114480 0.086660 0.000010 0.014207 0.104000 0.117922
0.666704 0.000010 0.010120 0.017808 0.000010 0.000010 0.076959 0.228369 0.000010
0.641629 0.072784 0.022467 0.013749 0.006106 0.032097 0.000010 0.149536 0.061621
0.450943 0.016923 0.183576 0.000010 0.000010 0.000010 0.000010 0.252808 0.095710
0.562044 0.019697 0.066747 0.000010 0.066606 0.000010 0.000010 0.245581 0.039294
0.512789 0.000010 0.057496 0.065794 0.000010 0.000010 0.000010 0.126139 0.237742
0.521209 0.000010 0.000010 0.196771 0.008792 0.012718 0.026271 0.060619 0.173601
0.727973 0.000010 0.020292 0.000010 0.031922 0.042742 0.000010 0.129931 0.047109
0.675172 0.000010 0.000010 0.000010 0.000010 0.040165 0.000010 0.199429 0.085184
0.357457 0.041400 0.000010 0.000010 0.011937 0.031887 0.029086 0.289566 0.238647
0.695361 0.046238 0.000010 0.042859 0.028496 0.033920 0.000010 0.122923 0.030183
0.731169 0.000010 0.000010 0.003312 0.031210 0.000010 0.000010 0.234259 0.000010
0.692108 0.000010 0.015401 0.081777 0.000010 0.000010 0.000010 0.078766 0.131908
0.514237 0.064358 0.029035 0.040671 0.000010 0.055763 0.000010 0.295905 0.000010
0.631321 0.000010 0.000010 0.036528 0.005206 0.000010 0.000010 0.326896 0.000010
0.452654 0.035771 0.008864 0.116640 0.000010 0.000010 0.027889 0.228342 0.129820
0.000010 0.000010 0.000010 0.021509 0.887182 0.000010 0.091249 0.000010 0.000010
0.070611 0.030301 0.000010 0.000010 0.823437 0.000010 0.075601 0.000010 0.000010
0.000010 0.000010 0.007635 0.000010 0.710909 0.000010 0.258431 0.022974 0.000010
0.000010 0.027301 0.000010 0.000010 0.756889 0.000010 0.170389 0.045371 0.000010
0.000010 0.000010 0.000010 0.000016 0.864600 0.000010 0.135324 0.000010 0.000010
0.000010 0.000010 0.000010 0.030948 0.922657 0.000010 0.041669 0.000010 0.004677
0.000010 0.000010 0.085997 0.000010 0.807062 0.000012 0.106879 0.000010 0.000010
0.621114 0.044862 0.000010 0.310250 0.000010 0.000010 0.000010 0.023725 0.000010
0.484895 0.000010 0.006933 0.259019 0.000010 0.000010 0.023022 0.186375 0.039727
0.645686 0.000010 0.041493 0.217608 0.011572 0.000010 0.011150 0.055957 0.016513
0.551296 0.000010 0.000010 0.108487 0.148272 0.002341 0.000010 0.189563 0.000010
0.794425 0.000010 0.054152 0.055949 0.044264 0.000010 0.000010 0.051170 0.000010
0.610673 0.084932 0.000010 0.121271 0.000010 0.000010 0.000010 0.128798 0.054286
0.600373 0.000010 0.000010 0.331409 0.016811 0.000010 0.000010 0.044119 0.007248
0.448816 0.000010 0.037249 0.176399 0.046887 0.000010 0.024321 0.241952 0.024357
0.559973 0.000010 0.000010 0.179141 0.019954 0.006479 0.009642 0.224781 0.000010
0.621436 0.000010 0.032634 0.166663 0.000010 0.030821 0.000010 0.103134 0.045283
0.466392 0.000010 0.000010 0.170606 0.015605 0.000010 0.000010 0.292681 0.054675
0.577295 0.000010 0.000017 0.000010 0.000010 0.000010 0.000010 0.369271 0.053367
0.615326 0.000010 0.000010 0.000010 0.089063 0.000010 0.000010 0.137351 0.158209
0.637180 0.000010 0.000010 0.137672 0.023437 0.015100 0.000010 0.166448 0.020132
0.476776 0.000010 0.000010 0.000010 0.023903 0.000010 0.081197 0.303299 0.114784
0.530461 0.122419 0.000010 0.052842 0.070281 0.027688 0.028112 0.168177 0.000010
0.535514 0.025457 0.000010 0.062491 0.000010 0.023339 0.004673 0.248504 0.100002
0.438478 0.016840 0.053507 0.077157 0.039385 0.000776 0.087880 0.280190 0.005786
0.759603 0.000010 0.000010 0.067963 0.000010 0.000010 0.000010 0.172375 0.000010
0.459601 0.000010 0.029522 0.073824 0.000010 0.039941 0.000010 0.247843 0.149239
0.545578 0.000010 0.000010 0.118772 0.084866 0.035051 0.000010 0.187254 0.028449
0.623999 0.000010 0.014776 0.000010 0.080647 0.030919 0.043729 0.201777 0.004133
0.391023 0.163138 0.000010 0.121238 0.000010 0.022089 0.000010 0.240871 0.061610
0.455161 0.000010 0.018588 0.132017 0.070329 0.000010 0.009618 0.314257 0.000010
0.435699 0.099887 0.004774 0.000010 0.084845 0.060440 0.000010 0.263047 0.051288
0.537348 0.000010 0.026373 0.000010 0.070361 0.006159 0.057807 0.278181 0.023751
0.573597 0.031663 0.036698 0.072527 0.084547 0.120319 0.000010 0.032352 0.048288
0.504030 0.035921 0.000010 0.000010 0.037191 0.000010 0.000010 0.408741 0.014078
0.439314 0.022580 0.019509 0.243703 0.000010 0.039739 0.000010 0.226517 0.008619
0.560925 0.021129 0.058476 0.106868 0.000010 0.028630 0.000010 0.182812 0.041140
0.513425 0.000010 0.005073 0.052035 0.060153 0.086342 0.000010 0.204529 0.078424
0.429063 0.081186 0.009750 0.228343 0.000010 0.038174 0.000010 0.177121 0.036342
0.588505 0.000010 0.000010 0.100718 0.000010 0.018989 0.043164 0.211295 0.037299
0.553125 0.000010 0.007082 0.053162 0.076151 0.003194 0.013246 0.294019 0.000010
0.534962 0.000010 0.183662 0.038421 0.000010 0.000010 0.000010 0.241353 0.001562
0.000010 0.911163 0.088767 0.000010 0.000010 0.000010 0.000010 0.000010 0.000010
0.072400 0.431279 0.026815 0.158700 0.094763 0.018086 0.000010 0.002663 0.195285
0.000010 0.882112 0.117818 0.000010 0.000010 0.000010 0.000010 0.000010 0.000010
0.000010 0.954063 0.000010 0.000010 0.000012 0.000010 0.045865 0.000010 0.000010
0.000010 0.000010 0.316743 0.013614 0.000010 0.000010 0.513697 0.155896 0.000010
0.000010 0.000010 0.751571 0.000010 0.042881 0.000010 0.205488 0.000010 0.000010
0.000010 0.000010 0.503984 0.118793 0.064345 0.000010 0.290239 0.022600 0.000010
0.000010 0.000010 0.551052 0.014152 0.044024 0.000010 0.351371 0.039360 0.000010
0.000010 0.000010 0.547311 0.007010 0.000010 0.000010 0.377796 0.020947 0.046896
0.000010 0.000010 0.736115 0.000010 0.000010 0.013732 0.239055 0.000010 0.011048
0.000010 0.000010 0.552393 0.000010 0.000010 0.000010 0.429010 0.009263 0.009285
0.043162 0.000010 0.533307 0.017351 0.037219 0.005939 0.301875 0.061128 0.000010
0.024078 0.000010 0.438731 0.000010 0.006151 0.042734 0.270026 0.195035 0.023227
0.000010 0.000010 0.434661 0.033864 0.106121 0.000010 0.338377 0.063476 0.023471
0.522301 0.012124 0.000010 0.104752 0.000010 0.000010 0.000010 0.274897 0.085887
0.535820 0.012259 0.044075 0.037193 0.000010 0.000010 0.000010 0.240939 0.129683
0.470186 0.000010 0.000010 0.087501 0.039205 0.000010 0.000010 0.403058 0.000010
0.664136 0.000010 0.000010 0.000010 0.040252 0.054553 0.028274 0.212744 0.000010
0.558949 0.000010 0.046606 0.000010 0.000010 0.013482 0.000010 0.302446 0.078478
0.439681 0.000017 0.000010 0.266769 0.001406 0.005948 0.000010 0.250047 0.036111
0.567228 0.000010 0.000010 0.050396 0.045501 0.000010 0.000010 0.290425 0.046411
0.520607 0.000010 0.023304 0.130343 0.113241 0.050640 0.000010 0.161835 0.000010
0.514725 0.000010 0.068016 0.000010 0.074966 0.000010 0.015048 0.187511 0.139705
0.639854 0.000010 0.030024 0.100564 0.060475 0.008298 0.000010 0.160755 0.000010
0.415024 0.025147 0.095764 0.043429 0.123338 0.000010 0.000010 0.211294 0.085985
0.621675 0.000010 0.000010 0.097395 0.000010 0.000010 0.046733 0.234148 0.000010
0.489756 0.000010 0.082720 0.016472 0.000010 0.051314 0.061571 0.298137 0.000010
0.561486 0.000010 0.000010 0.055833 0.033915 0.025330 0.027450 0.272476 0.023491
0.481212 0.022221 0.000010 0.041548 0.000010 0.022039 0.143182 0.236175 0.053603
0.549671 0.049729 0.000010 0.236990 0.000010 0.000010 0.000010 0.013925 0.149645
0.391149 0.000010 0.045711 0.044188 0.000010 0.003215 0.053828 0.354875 0.107014
0.492122 0.000010 0.053913 0.000010 0.000010 0.025920 0.000736 0.427269 0.000010
0.564268 0.000010 0.000010 0.185402 0.000010 0.000010 0.000010 0.250270 0.000010
0.579950 0.000010 0.064751 0.181324 0.000010 0.036342 0.000010 0.137594 0.000010
0.511342 0.035720 0.000010 0.095798 0.017078 0.053609 0.000010 0.243032 0.043401
0.000010 0.000010 0.747072 0.032705 0.000010 0.016902 0.203271 0.000010 0.000010
0.000010 0.115197 0.556565 0.000010 0.038190 0.000010 0.268800 0.000010 0.021208
0.017013 0.162965 0.467043 0.006217 0.000010 0.000010 0.212248 0.109597 0.024897
0.000010 0.092191 0.612681 0.000010 0.014305 0.000010 0.216251 0.000010 0.064532
0.000010 0.069257 0.537357 0.000010 0.000010 0.003454 0.389882 0.000010 0.000010
0.000010 0.000010 0.595088 0.000010 0.000010 0.006892 0.356199 0.041772 0.000010
0.000010 0.129052 0.629004 0.004483 0.000010 0.000010 0.237412 0.000010 0.000010
0.047790 0.000010 0.717868 0.009649 0.000010 0.000010 0.176261 0.048391 0.000010
0.000010 0.015530 0.647186 0.062940 0.000010 0.000010 0.245995 0.028309 0.000010
0.000010 0.092600 0.744337 0.000010 0.016818 0.000010 0.146195 0.000010 0.000010
0.020612 0.057768 0.648508 0.000010 0.004858 0.006167 0.262056 0.000010 0.000010
0.000010 0.000010 0.650327 0.000010 0.055348 0.000010 0.245939 0.048337 0.000010
0.000010 0.106744 0.646495 0.000010 0.000010 0.000010 0.246701 0.000010 0.000010
0.000010 0.081948 0.520398 0.000010 0.000010 0.000010 0.321773 0.075832 0.000010
0.000010 0.067474 0.463710 0.000010 0.000010 0.000010 0.315564 0.126678 0.026534
0.022138 0.129856 0.577819 0.000010 0.000010 0.000574 0.269573 0.000010 0.000010
0.000010 0.068177 0.638293 0.000010 0.012805 0.021143 0.259542 0.000010 0.000010
0.038316 0.128314 0.376130 0.000010 0.000010 0.000010 0.377609 0.053200 0.026400
0.011532 0.000010 0.628245 0.000010 0.018385 0.005976 0.179824 0.156008 0.000010
0.000010 0.096683 0.535195 0.009557 0.010957 0.000010 0.347568 0.000010 0.000010
0.024635 0.027366 0.732163 0.011906 0.000010 0.000010 0.174330 0.029569 0.000010
0.000010 0.058231 0.655982 0.000010 0.032019 0.000010 0.231186 0.022541 0.000010
0.000010 0.126817 0.661523 0.000010 0.000010 0.000010 0.208860 0.002749 0.000010
0.000010 0.081369 0.585643 0.000010 0.000010 0.000010 0.332928 0.000010 0.000010
0.000010 0.000010 0.570872 0.000010 0.000010 0.000010 0.345641 0.034970 0.048468
0.000010 0.159554 0.438005 0.000010 0.000010 0.014203 0.237723 0.150475 0.000010
0.000010 0.000010 0.651107 0.000010 0.000010 0.000010 0.348823 0.000010 0.000010
0.000010 0.000010 0.700582 0.000010 0.002430 0.000010 0.296928 0.000010 0.000010
0.000010 0.000010 0.654907 0.000010 0.000012 0.000010 0.345021 0.000010 0.000010
0.000010 0.019785 0.647621 0.000010 0.016697 0.000010 0.315847 0.000010 0.000010
0.005446 0.045171 0.535195 0.020886 0.000010 0.000010 0.393263 0.000010 0.000010
0.000010 0.099755 0.532420 0.087955 0.000424 0.004077 0.268353 0.006997 0.000010
0.000010 0.000010 0.670911 0.000010 0.013448 0.000010 0.315581 0.000010 0.000010
0.014120 0.000010 0.717034 0.000010 0.000010 0.000010 0.268786 0.000010 0.000010
0.000010 0.038665 0.596543 0.000010 0.105575 0.000010 0.259167 0.000010 0.000010
0.022516 0.055603 0.768967 0.000010 0.000010 0.000010 0.152864 0.000010 0.000010
0.000010 0.049219 0.525487 0.000010 0.000010 0.000010 0.424631 0.000612 0.000010
0.000010 0.000010 0.682353 0.020113 0.000010 0.000010 0.297474 0.000010 0.000010
0.000010 0.125312 0.558825 0.000010 0.000010 0.000010 0.315803 0.000010 0.000010
0.000010 0.036349 0.000010 0.000010 0.809741 0.000010 0.153850 0.000010 0.000010
0.000010 0.000010 0.000010 0.000010 0.804234 0.000010 0.195687 0.000019 0.000010
0.023988 0.000010 0.652686 0.000010 0.001779 0.000010 0.264661 0.056845 0.000010
0.000010 0.139272 0.589439 0.000010 0.000010 0.001261 0.269978 0.000010 0.000010
0.113396 0.000010 0.000010 0.483331 0.047092 0.000010 0.117778 0.238363 0.000010
0.440799 0.000010 0.024925 0.269337 0.000010 0.000010 0.000010 0.264890 0.000010
0.267315 0.000010 0.014750 0.499716 0.022540 0.000010 0.026693 0.168956 0.000010
0.448135 0.000010 0.062380 0.235075 0.001878 0.000010 0.048073 0.204429 0.000010
0.326369 0.000010 0.000010 0.382739 0.000010 0.000010 0.000010 0.290831 0.000010
0.287042 0.017469 0.138534 0.308800 0.004288 0.000010 0.051793 0.178271 0.013793
0.338315 0.000010 0.060897 0.263888 0.009985 0.000010 0.046063 0.280822 0.000010
0.326853 0.000010 0.056623 0.379723 0.060875 0.000010 0.010223 0.165673 0.000010
0.371341 0.000010 0.095765 0.410626 0.000010 0.000010 0.000010 0.122218 0.000010
0.229670 0.003389 0.055174 0.403365 0.000010 0.000010 0.040302 0.242662 0.025418
0.435331 0.000010 0.000010 0.350427 0.000010 0.000010 0.000010 0.211008 0.003185
0.401801 0.000010 0.000010 0.280842 0.000010 0.000010 0.000010 0.317297 0.000010
0.416059 0.067237 0.000010 0.353375 0.019064 0.000010 0.000010 0.144226 0.000010
0.000010 0.000010 0.681594 0.000010 0.000010 0.000010 0.318336 0.000010 0.000010
0.000010 0.000010 0.610744 0.000010 0.000010 0.000010 0.389186 0.000010 0.000010
0.000010 0.000010 0.703481 0.000010 0.000010 0.000010 0.220063 0.076396 0.000010
0.000010 0.035586 0.724087 0.000010 0.000010 0.000769 0.239508 0.000010 0.000010
0.000010 0.046763 0.621653 0.000010 0.000010 0.000010 0.234458 0.066431 0.030655
0.000921 0.000010 0.544251 0.037129 0.000010 0.000010 0.417650 0.000010 0.000010
0.026201 0.000010 0.532606 0.000010 0.000010 0.000010 0.441134 0.000010 0.000010
0.000010 0.000010 0.615230 0.000010 0.000010 0.032742 0.302087 0.017751 0.032149
0.000010 0.031690 0.686833 0.000010 0.000010 0.000010 0.281417 0.000010 0.000010
0.000010 0.054242 0.596949 0.000010 0.000010 0.000010 0.348749 0.000010 0.000010
0.000010 0.000010 0.607074 0.000010 0.006182 0.024200 0.362494 0.000010 0.000010
0.014150 0.082531 0.575546 0.020011 0.061571 0.000010 0.246160 0.000010 0.000010
