0.218425 0.011117 0.013649 0.058789 0.000010 0.021140 0.042121 0.634739 0.000010
0.509888 0.000010 0.053442 0.001154 0.000010 0.029734 0.054274 0.351478 0.000010
0.392163 0.000010 0.003976 0.136605 0.000010 0.000010 0.067991 0.399225 0.000010
0.464894 0.000010 0.056784 0.021005 0.029076 0.000010 0.000010 0.428202 0.000010
0.319654 0.019538 0.000010 0.157449 0.000010 0.000010 0.040020 0.463300 0.000010
0.049673 0.000010 0.000010 0.209192 0.026213 0.031973 0.169550 0.428353 0.085025
0.243082 0.000010 0.000010 0.037376 0.170784 0.000010 0.098329 0.450389 0.000010
0.466188 0.118939 0.036184 0.000010 0.067491 0.000010 0.004593 0.306575 0.000010
0.333538 0.058677 0.000010 0.038294 0.079636 0.004015 0.045119 0.432004 0.008706
0.385140 0.000010 0.074967 0.047456 0.055197 0.000010 0.100480 0.332938 0.003803
0.236786 0.000010 0.000010 0.093576 0.000010 0.000010 0.067283 0.602305 0.000010
0.452246 0.030830 0.000010 0.060175 0.000010 0.039376 0.000010 0.417332 0.000010
0.393759 0.052331 0.000010 0.024497 0.053921 0.000010 0.018624 0.287946 0.168901
0.374091 0.000010 0.000010 0.002502 0.040197 0.000010 0.083934 0.355434 0.143812
0.314542 0.000010 0.000010 0.207792 0.000010 0.000010 0.082082 0.395534 0.000010
0.224627 0.073976 0.000010 0.165738 0.028333 0.000010 0.016968 0.475782 0.014555
0.346264 0.064933 0.003130 0.000010 0.045315 0.000010 0.099731 0.385486 0.055122
0.432003 0.000010 0.000010 0.093798 0.105938 0.000010 0.067588 0.274024 0.026618
0.403651 0.000010 0.000010 0.056561 0.000010 0.000010 0.029415 0.495282 0.015051
0.399592 0.000010 0.019306 0.114328 0.013788 0.017700 0.071978 0.363289 0.000010
0.378689 0.034331 0.000010 0.088617 0.062167 0.000010 0.000726 0.367297 0.068152
0.404867 0.053523 0.000010 0.016946 0.000010 0.000010 0.015063 0.509561 0.000010
0.217189 0.000010 0.000010 0.119767 0.000010 0.000010 0.247581 0.399736 0.015688
0.200836 0.008720 0.000010 0.082054 0.036103 0.000010 0.116782 0.532219 0.023266
0.426034 0.029300 0.018283 0.000010 0.034594 0.021422 0.002201 0.468147 0.000010
0.352538 0.000010 0.000010 0.150167 0.081528 0.000010 0.125454 0.290273 0.000010
0.324247 0.071448 0.062463 0.080133 0.000010 0.000010 0.075240 0.386438 0.000010
0.447144 0.000010 0.031548 0.028116 0.000010 0.000010 0.000010 0.393610 0.099542
0.328141 0.036863 0.016379 0.228856 0.020261 0.000010 0.093474 0.276006 0.000010
0.363018 0.000010 0.000010 0.069647 0.064634 0.000010 0.183794 0.318868 0.000010
0.382439 0.000010 0.000010 0.080702 0.095474 0.000010 0.093822 0.347523 0.000010
0.276153 0.000010 0.000010 0.088017 0.000010 0.000010 0.152708 0.483073 0.000010
0.535012 0.018617 0.085831 0.000010 0.000010 0.000010 0.000010 0.360490 0.000010
0.234117 0.000010 0.000010 0.204126 0.063601 0.000010 0.107484 0.390632 0.000010
0.036061 0.054979 0.034783 0.156620 0.055642 0.086118 0.171983 0.403804 0.000010
0.282110 0.000010 0.000010 0.044558 0.035437 0.021157 0.097567 0.519142 0.000010
0.374218 0.046488 0.130492 0.028510 0.000010 0.000010 0.041849 0.378414 0.000010
0.307678 0.035148 0.000010 0.096874 0.000010 0.067396 0.094381 0.317976 0.080528
0.341887 0.052860 0.000010 0.145286 0.000010 0.000382 0.009828 0.370019 0.079719
0.394559 0.013287 0.000010 0.000010 0.047952 0.000010 0.018244 0.514435 0.011494
0.219763 0.030913 0.004106 0.044021 0.000010 0.000010 0.091886 0.483353 0.125938
0.274976 0.064577 0.044151 0.196883 0.000010 0.000010 0.083745 0.335638 0.000010
0.366377 0.041686 0.030695 0.056523 0.000010 0.000010 0.000010 0.452455 0.052234
0.133535 0.000010 0.000010 0.171498 0.000010 0.007975 0.066999 0.561501 0.058462
0.309687 0.000010 0.000010 0.112961 0.000010 0.021163 0.055150 0.500999 0.000010
0.329236 0.056392 0.000010 0.038326 0.000010 0.000010 0.067536 0.508470 0.000010
0.300608 0.060804 0.000565 0.000010 0.000010 0.000010 0.022942 0.615041 0.000010
0.214451 0.000010 0.000010 0.048085 0.030026 0.000010 0.162297 0.533922 0.011188
0.103814 0.000010 0.494986 0.033207 0.000010 0.000010 0.129798 0.238155 0.000010
0.178263 0.000010 0.165546 0.122516 0.000010 0.000010 0.274645 0.230945 0.028055
0.020924 0.166249 0.363950 0.137587 0.000010 0.000010 0.160883 0.123190 0.027196
0.108883 0.000010 0.231899 0.212634 0.000010 0.005574 0.149104 0.291876 0.000010
0.123702 0.178669 0.339696 0.208306 0.000010 0.000010 0.149586 0.000010 0.000010
0.000010 0.065698 0.431578 0.150062 0.097273 0.000010 0.146498 0.105772 0.003099
0.124214 0.000010 0.332487 0.000010 0.017240 0.000010 0.218533 0.307486 0.000010
0.131389 0.000010 0.329598 0.023025 0.063709 0.000010 0.124674 0.327575 0.000010
0.000010 0.000010 0.485591 0.000010 0.000010 0.000010 0.222427 0.291922 0.000010
0.105061 0.000010 0.387537 0.147030 0.000010 0.034758 0.103591 0.196451 0.025551
0.215238 0.000010 0.397685 0.203516 0.000010 0.015349 0.074671 0.093511 0.000010
0.284219 0.060606 0.288077 0.000010 0.000010 0.000010 0.112219 0.254838 0.000010
0.241501 0.033306 0.352565 0.003415 0.047297 0.000010 0.153094 0.168801 0.000010
0.191687 0.120932 0.232228 0.147208 0.000010 0.000010 0.064760 0.243155 0.000010
0.137504 0.034429 0.279827 0.147571 0.000010 0.063226 0.164597 0.153186 0.019651
0.266725 0.128092 0.097597 0.208651 0.053733 0.018683 0.016424 0.210084 0.000010
0.178376 0.023154 0.303240 0.054475 0.054924 0.000010 0.135601 0.250210 0.000010
0.098122 0.145445 0.205447 0.000010 0.000010 0.000010 0.186402 0.364544 0.000010
0.098651 0.023518 0.248095 0.200093 0.000010 0.000010 0.120830 0.308782 0.000010
0.033351 0.000010 0.434413 0.117700 0.002857 0.009944 0.232307 0.169407 0.000010
0.036333 0.087150 0.382580 0.166135 0.000010 0.033042 0.219574 0.046815 0.028361
0.273645 0.014912 0.288677 0.098296 0.063220 0.000010 0.151439 0.109790 0.000010
0.220324 0.028681 0.016456 0.133093 0.000010 0.000010 0.017903 0.256715 0.326808
0.346796 0.000010 0.041562 0.062149 0.031792 0.000010 0.089857 0.427814 0.000010
0.228726 0.000010 0.030176 0.104578 0.037304 0.000010 0.048675 0.493844 0.056677
0.536330 0.048759 0.000010 0.021286 0.000010 0.000010 0.000010 0.269987 0.123598
0.415663 0.000010 0.000010 0.034119 0.000010 0.000010 0.077077 0.473091 0.000010
0.356936 0.000010 0.014805 0.054881 0.069014 0.027363 0.000140 0.448340 0.028510
0.417711 0.068858 0.000010 0.021147 0.000010 0.061897 0.071126 0.345430 0.013810
0.333973 0.043785 0.000010 0.000010 0.000010 0.058260 0.000010 0.321918 0.242024
0.381655 0.000010 0.000010 0.000010 0.003234 0.025474 0.119458 0.469779 0.000371
0.356988 0.020203 0.101176 0.070981 0.000010 0.000010 0.000010 0.450613 0.000010
0.121622 0.000010 0.000010 0.178565 0.000010 0.000010 0.238253 0.423134 0.038386
0.373847 0.000010 0.027857 0.015987 0.000010 0.043990 0.075873 0.368013 0.094413
0.393213 0.029073 0.028912 0.074736 0.017208 0.000010 0.025511 0.431327 0.000010
0.341808 0.000010 0.057941 0.000010 0.016906 0.000010 0.009882 0.502258 0.071174
0.201421 0.087326 0.067680 0.100750 0.010260 0.041720 0.000010 0.481226 0.009607
0.041985 0.037981 0.000010 0.125788 0.000010 0.000010 0.311849 0.450307 0.032059
0.469815 0.087632 0.000010 0.000010 0.000010 0.000010 0.000010 0.442492 0.000010
0.404534 0.000010 0.047482 0.000010 0.000010 0.000010 0.000010 0.547925 0.000010
0.255478 0.000010 0.105732 0.163430 0.000010 0.000011 0.000010 0.266188 0.209132
0.260386 0.073415 0.002097 0.036180 0.000010 0.009216 0.186620 0.432067 0.000010
0.370382 0.003351 0.000010 0.064578 0.025762 0.000010 0.094399 0.439430 0.002078
0.183035 0.000010 0.000010 0.000010 0.004165 0.002379 0.167331 0.633027 0.010032
0.271219 0.000010 0.000010 0.160311 0.000010 0.000010 0.026199 0.542221 0.000010
0.441787 0.076232 0.000010 0.000010 0.000010 0.000010 0.000010 0.415300 0.066631
0.238896 0.018875 0.000010 0.203416 0.123973 0.000010 0.000010 0.287860 0.126950
0.237201 0.000010 0.000010 0.222679 0.000010 0.000010 0.142447 0.397623 0.000010
0.101875 0.020675 0.078556 0.000010 0.000010 0.000010 0.116274 0.682580 0.000010
0.083250 0.000010 0.000010 0.175864 0.120031 0.000010 0.133410 0.487405 0.000010
0.312992 0.064937 0.069015 0.097368 0.000010 0.000010 0.104593 0.351066 0.000010
0.213102 0.000010 0.000010 0.081844 0.000010 0.041602 0.144622 0.518791 0.000010
0.166889 0.026942 0.023878 0.097616 0.093144 0.000010 0.043173 0.548337 0.000010
0.294893 0.045238 0.000010 0.000010 0.118862 0.000010 0.000010 0.210434 0.330532
0.031093 0.000010 0.040627 0.105140 0.027660 0.115119 0.008430 0.369481 0.302440
0.171501 0.000010 0.000010 0.034371 0.085009 0.000010 0.176380 0.460378 0.072331
0.264710 0.000010 0.000010 0.000010 0.069578 0.000010 0.081358 0.584304 0.000010
0.227023 0.030311 0.000010 0.114427 0.039472 0.020547 0.219104 0.349097 0.000010
0.166706 0.053765 0.000010 0.140404 0.000010 0.000010 0.219229 0.419856 0.000010
0.401888 0.102125 0.066688 0.000010 0.000010 0.003990 0.000010 0.425142 0.000138
0.413903 0.121557 0.000010 0.196874 0.080815 0.011725 0.041400 0.131892 0.001824
0.339799 0.030985 0.090160 0.077641 0.044596 0.000010 0.031078 0.385722 0.000010
0.389392 0.000010 0.014130 0.000010 0.084941 0.000010 0.073583 0.437913 0.000010
0.116675 0.072173 0.000010 0.076860 0.061601 0.000010 0.161658 0.511004 0.000010
0.288650 0.058713 0.080697 0.023736 0.061517 0.075344 0.030314 0.381020 0.000010
0.220372 0.002489 0.000010 0.081292 0.017632 0.007953 0.089658 0.580585 0.000010
0.304769 0.000010 0.106149 0.130652 0.000010 0.000010 0.030850 0.406311 0.021239
0.435008 0.000010 0.058417 0.000010 0.000010 0.000010 0.137738 0.350703 0.018094
0.270490 0.004657 0.156450 0.083869 0.000010 0.035617 0.103886 0.299682 0.045339
0.237064 0.000010 0.032829 0.181141 0.026456 0.000010 0.144165 0.376041 0.002284
0.116004 0.000010 0.000010 0.132638 0.121412 0.000010 0.105077 0.524830 0.000010
0.246739 0.002558 0.020895 0.000010 0.000010 0.000010 0.175623 0.511236 0.042920
0.355812 0.072988 0.026527 0.223078 0.000010 0.000010 0.000010 0.304105 0.017459
0.347318 0.000010 0.000010 0.239548 0.000010 0.000010 0.107399 0.305685 0.000010
0.391593 0.000010 0.055293 0.134020 0.012680 0.000010 0.048834 0.357549 0.000010
0.187604 0.000010 0.034371 0.115720 0.006812 0.000010 0.105457 0.530872 0.019145
0.315379 0.113368 0.053196 0.213225 0.000010 0.000010 0.035130 0.269672 0.000010
0.234516 0.002722 0.000010 0.202423 0.032543 0.000010 0.121967 0.405799 0.000010
0.399644 0.000010 0.033315 0.000010 0.116479 0.000010 0.004380 0.446142 0.000010
0.153523 0.095933 0.000010 0.102454 0.013871 0.014696 0.042990 0.576513 0.000010
0.131619 0.049224 0.000010 0.000010 0.000010 0.000010 0.163740 0.629178 0.026200
0.114137 0.071981 0.000010 0.080011 0.000010 0.014810 0.106725 0.612306 0.000010
0.343311 0.000010 0.000010 0.024781 0.092089 0.054596 0.133951 0.351242 0.000010
0.267148 0.000010 0.080254 0.041007 0.085460 0.013659 0.000010 0.512443 0.000010
0.372449 0.022569 0.108942 0.153312 0.000010 0.012517 0.013694 0.316497 0.000010
0.161315 0.029207 0.018107 0.179265 0.065797 0.000010 0.143302 0.365104 0.037893
0.210009 0.000010 0.121625 0.027344 0.000010 0.000010 0.033233 0.593967 0.013792
0.150521 0.123284 0.015236 0.069430 0.004927 0.000010 0.097834 0.537708 0.001049
0.398806 0.000010 0.021968 0.065560 0.081258 0.038620 0.080654 0.313113 0.000010
0.383546 0.000010 0.000010 0.053182 0.014802 0.057176 0.122877 0.368387 0.000010
0.398920 0.032504 0.030897 0.008240 0.024353 0.082691 0.000010 0.422375 0.000010
0.249582 0.000010 0.000010 0.020005 0.000010 0.066602 0.142286 0.521484 0.000010
0.160367 0.000010 0.121548 0.125508 0.000010 0.000010 0.181904 0.410633 0.000010
0.129424 0.094636 0.182012 0.143217 0.000010 0.042544 0.062534 0.345613 0.000010
0.364033 0.000010 0.000010 0.021370 0.000010 0.000010 0.185231 0.429316 0.000010
0.262407 0.000010 0.182645 0.000010 0.000010 0.023441 0.000010 0.531458 0.000010
0.313195 0.000010 0.034604 0.118290 0.051456 0.038250 0.000010 0.444175 0.000010
0.434199 0.020113 0.000010 0.049949 0.082993 0.000010 0.026608 0.386108 0.000010
0.168418 0.157740 0.000010 0.119118 0.000010 0.000010 0.097263 0.457421 0.000010
0.160768 0.078558 0.018899 0.181775 0.042265 0.000010 0.052618 0.465098 0.000010
0.336990 0.000010 0.000010 0.008557 0.055820 0.000010 0.064294 0.497250 0.037058
0.279072 0.000010 0.000010 0.067862 0.000010 0.000010 0.089777 0.563239 0.000010
0.241911 0.000010 0.117778 0.143324 0.072242 0.002880 0.006966 0.414877 0.000010
0.253915 0.095209 0.000010 0.139480 0.119627 0.000010 0.025206 0.366532 0.000010
0.268332 0.114318 0.019326 0.251507 0.000010 0.000010 0.044269 0.302217 0.000010
0.424014 0.042556 0.023804 0.024083 0.033001 0.000010 0.000010 0.437326 0.015196
0.267684 0.045519 0.000010 0.120154 0.113735 0.013764 0.053226 0.385897 0.000010
0.246588 0.010345 0.078382 0.023456 0.133765 0.027437 0.000011 0.480005 0.000010
0.144564 0.084085 0.000010 0.058365 0.091653 0.000010 0.024126 0.589107 0.008079
0.369797 0.014501 0.000010 0.086442 0.040179 0.000010 0.063093 0.359910 0.066058
0.221938 0.053856 0.029028 0.000010 0.037109 0.000010 0.000010 0.656647 0.001392
0.236685 0.009396 0.000010 0.163604 0.039102 0.000010 0.038673 0.512510 0.000010
0.143632 0.000010 0.136951 0.119952 0.034672 0.000010 0.088887 0.475876 0.000010
0.135154 0.003863 0.000010 0.129396 0.052457 0.000010 0.077890 0.601211 0.000010
0.304917 0.061194 0.112477 0.227508 0.031433 0.000010 0.000010 0.229725 0.032726
0.090883 0.000010 0.080048 0.129246 0.107110 0.000010 0.065755 0.526928 0.000010
0.330087 0.035944 0.092773 0.063543 0.051894 0.020533 0.000967 0.404249 0.000010
0.261897 0.066021 0.000010 0.082948 0.102191 0.000010 0.089081 0.397833 0.000010
0.321195 0.000010 0.051032 0.038285 0.027418 0.000010 0.139393 0.407466 0.015191
0.325688 0.052434 0.148001 0.000010 0.000010 0.003874 0.089487 0.380486 0.000010
0.341279 0.191167 0.040350 0.132314 0.065511 0.052216 0.000010 0.153574 0.023579
0.235000 0.112703 0.066471 0.053769 0.000010 0.000010 0.147861 0.384165 0.000010
0.188580 0.000010 0.123017 0.172780 0.000010 0.000010 0.171200 0.326653 0.017741
0.169280 0.023605 0.108897 0.077054 0.018000 0.009960 0.159397 0.433798 0.000010
0.386665 0.024364 0.114085 0.000010 0.001642 0.000010 0.204365 0.268850 0.000010
0.199426 0.000010 0.195457 0.072930 0.000010 0.000010 0.008084 0.524062 0.000010
0.320744 0.077177 0.025849 0.000012 0.012312 0.000010 0.118605 0.445281 0.000010
0.196279 0.076690 0.089995 0.151254 0.000010 0.000010 0.085874 0.399878 0.000010
0.088688 0.017801 0.168301 0.177861 0.003040 0.000010 0.060091 0.318846 0.165362
0.090022 0.000010 0.198758 0.063220 0.000010 0.006526 0.169958 0.458694 0.012803
0.151551 0.026044 0.109734 0.110878 0.000010 0.062233 0.052421 0.487118 0.000010
0.114600 0.071075 0.041260 0.159109 0.081634 0.058876 0.223259 0.250176 0.000010
0.245563 0.018699 0.081892 0.100110 0.093335 0.000400 0.033953 0.426039 0.000010
0.296091 0.073242 0.000010 0.000010 0.044467 0.021687 0.139829 0.424654 0.000010
0.356197 0.000010 0.083353 0.064139 0.000010 0.000010 0.036079 0.454509 0.005694
0.349413 0.015550 0.133676 0.181656 0.000010 0.000010 0.000010 0.319664 0.000010
0.193867 0.008337 0.057276 0.030215 0.000010 0.000010 0.132089 0.558680 0.019517
0.256382 0.000010 0.179632 0.096916 0.000010 0.021609 0.098875 0.340552 0.006013
0.257543 0.158255 0.157920 0.000010 0.001160 0.000010 0.079781 0.318753 0.026566
0.000010 0.027494 0.000010 0.000011 0.003180 0.513340 0.007626 0.000010 0.448319
0.000010 0.012154 0.000010 0.001471 0.000010 0.449205 0.005022 0.000388 0.531729
0.000010 0.000010 0.039611 0.000010 0.000010 0.339714 0.000010 0.010446 0.610180
0.000010 0.000010 0.000010 0.000010 0.000010 0.251729 0.000010 0.000010 0.748201
0.000010 0.000010 0.000010 0.000010 0.000010 0.341983 0.000010 0.030431 0.627526
0.010153 0.058332 0.000303 0.000010 0.000010 0.411315 0.000010 0.000010 0.519857
0.028723 0.000010 0.012969 0.000010 0.004402 0.346479 0.070437 0.013409 0.523561
0.005549 0.000010 0.005464 0.000010 0.004437 0.342173 0.000010 0.000010 0.642337
0.000010 0.000010 0.000010 0.000010 0.000010 0.320730 0.000010 0.000010 0.679200
0.000010 0.038841 0.000010 0.000010 0.000010 0.350334 0.000010 0.000010 0.610766
0.000010 0.000010 0.000010 0.019037 0.000010 0.187868 0.000010 0.000010 0.793035
0.000010 0.000010 0.002772 0.000010 0.014045 0.336956 0.000010 0.000010 0.646178
0.063953 0.000010 0.004795 0.000010 0.000010 0.425778 0.000010 0.000010 0.505424
0.001925 0.000010 0.015778 0.000010 0.000010 0.464047 0.000010 0.000010 0.518200
0.000010 0.027260 0.000010 0.000010 0.003131 0.256228 0.000010 0.019969 0.693372
0.033282 0.011812 0.005186 0.000010 0.009773 0.197336 0.000010 0.000010 0.742581
0.008986 0.028256 0.000010 0.012780 0.000010 0.223462 0.000010 0.000010 0.726476
0.000010 0.000010 0.000010 0.000010 0.008204 0.542225 0.000010 0.000010 0.449511
0.026759 0.015972 0.000010 0.000010 0.000010 0.284488 0.000010 0.000010 0.672731
0.000010 0.000010 0.000010 0.021852 0.027639 0.221802 0.000010 0.000010 0.728657
0.000010 0.001672 0.000010 0.009185 0.013650 0.484601 0.000010 0.000010 0.490853
0.040921 0.000010 0.000010 0.011149 0.000010 0.241384 0.000010 0.000010 0.706497
0.000010 0.006901 0.008539 0.000010 0.000010 0.401655 0.017902 0.000010 0.564962
0.000010 0.026965 0.000010 0.000010 0.008890 0.423922 0.000010 0.000010 0.540174
0.000010 0.000010 0.038139 0.000010 0.000010 0.225909 0.000010 0.000010 0.735892
0.008991 0.000010 0.025768 0.000010 0.000010 0.393940 0.016692 0.000010 0.554568
0.000010 0.000010 0.000010 0.000010 0.000010 0.507496 0.000010 0.000010 0.492434
0.000010 0.000010 0.011626 0.000010 0.000010 0.312739 0.000010 0.000010 0.675574
0.000010 0.005454 0.000010 0.000010 0.828297 0.000010 0.166188 0.000010 0.000010
0.534709 0.043008 0.011278 0.340634 0.000010 0.000010 0.000010 0.070330 0.000010
0.384667 0.000010 0.024088 0.207231 0.000010 0.000010 0.001826 0.382149 0.000010
0.464209 0.000010 0.000011 0.228771 0.000010 0.000010 0.000010 0.306960 0.000010
0.416383 0.000010 0.000010 0.351251 0.000010 0.000010 0.000010 0.232306 0.000010
0.312407 0.000010 0.072144 0.423764 0.000010 0.000010 0.003203 0.147664 0.040789
0.407625 0.019904 0.051090 0.277893 0.000010 0.000010 0.000010 0.243449 0.000010
0.450355 0.000010 0.000010 0.169485 0.025784 0.000010 0.000010 0.354326 0.000010
0.479419 0.000010 0.000010 0.341636 0.106054 0.000010 0.000010 0.072840 0.000010
0.251231 0.036281 0.000010 0.365809 0.000010 0.000010 0.000010 0.331448 0.015191
0.427320 0.039875 0.094175 0.187201 0.000010 0.003398 0.095829 0.152182 0.000010
0.557279 0.031220 0.054753 0.210494 0.000010 0.000010 0.000010 0.134042 0.012183
0.296172 0.098839 0.000010 0.369301 0.000010 0.000010 0.023107 0.212542 0.000010
0.394170 0.016086 0.000010 0.402408 0.000010 0.001131 0.000010 0.186164 0.000010
0.460667 0.000010 0.003709 0.328181 0.052768 0.000010 0.000010 0.154637 0.000010
0.336738 0.031218 0.000010 0.345345 0.000010 0.000010 0.000010 0.286650 0.000010
0.517408 0.000010 0.000010 0.145208 0.000010 0.042094 0.000010 0.295240 0.000010
0.197437 0.103641 0.076477 0.500745 0.000010 0.000010 0.000010 0.121660 0.000010
0.479204 0.000010 0.000010 0.301554 0.035866 0.000010 0.095893 0.087444 0.000010
0.474093 0.029862 0.000010 0.302975 0.013037 0.000010 0.000010 0.179992 0.000010
0.283279 0.000010 0.052863 0.203478 0.040168 0.000010 0.054033 0.366150 0.000010
0.380391 0.000010 0.026579 0.290308 0.000010 0.011100 0.000010 0.291582 0.000010
0.476651 0.052539 0.003689 0.225410 0.000010 0.000010 0.000010 0.195788 0.045893
0.371308 0.079023 0.110763 0.322267 0.008480 0.000010 0.038490 0.069649 0.000010
0.380165 0.033618 0.064827 0.320909 0.031235 0.000010 0.000010 0.169216 0.000010
0.426883 0.000010 0.040440 0.330715 0.007583 0.014560 0.000010 0.179790 0.000010
0.580911 0.033265 0.000010 0.205074 0.055148 0.000010 0.002522 0.123050 0.000010
0.303147 0.000010 0.000010 0.348447 0.000010 0.000010 0.011077 0.312909 0.024380
0.309995 0.000010 0.000010 0.308229 0.017359 0.013311 0.054455 0.296620 0.000010
0.004674 0.000010 0.000010 0.000010 0.920788 0.000010 0.034958 0.039530 0.000010
0.000010 0.000010 0.000010 0.000010 0.999920 0.000010 0.000010 0.000010 0.000010
0.000010 0.036403 0.005674 0.012527 0.923286 0.000010 0.000010 0.000010 0.022069
0.000010 0.019426 0.000010 0.000010 0.980504 0.000010 0.000010 0.000010 0.000010
0.030681 0.000010 0.032898 0.059288 0.787804 0.001825 0.087474 0.000010 0.000010
0.049897 0.000010 0.035893 0.000010 0.873785 0.000010 0.040375 0.000010 0.000010
0.000010 0.009174 0.000010 0.000010 0.929849 0.000010 0.000010 0.060917 0.000010
0.000010 0.000010 0.000010 0.000010 0.971575 0.000010 0.000010 0.028355 0.000010
0.000010 0.017720 0.006834 0.000010 0.892761 0.034016 0.000010 0.048628 0.000010
0.000010 0.000010 0.000010 0.009347 0.955870 0.000010 0.023266 0.006686 0.004792
0.000010 0.061719 0.000010 0.000010 0.795042 0.026150 0.000010 0.117039 0.000010
0.019148 0.018606 0.000010 0.000010 0.962186 0.000010 0.000010 0.000010 0.000010
0.000010 0.000010 0.000010 0.000010 0.862350 0.006751 0.053943 0.020743 0.056173
0.000010 0.000010 0.000010 0.000010 0.970314 0.012941 0.003512 0.000010 0.013183
0.000010 0.000010 0.000010 0.000010 0.944312 0.000010 0.004587 0.051041 0.000010
0.037142 0.000010 0.000010 0.000010 0.877332 0.017868 0.017182 0.000010 0.050436
0.000010 0.000010 0.000010 0.000010 0.903123 0.043757 0.053059 0.000010 0.000010
0.527361 0.000010 0.021420 0.223028 0.000010 0.014173 0.011741 0.155085 0.047171
0.440972 0.000010 0.000010 0.243573 0.000010 0.000010 0.015271 0.300135 0.000010
0.621478 0.045060 0.000010 0.055880 0.023327 0.048145 0.000010 0.206079 0.000010
0.695604 0.025316 0.000010 0.160435 0.000010 0.005379 0.000010 0.080405 0.032831
0.695550 0.000010 0.100421 0.000010 0.027680 0.028695 0.000010 0.147614 0.000010
0.500887 0.000010 0.000010 0.148171 0.019201 0.036509 0.000010 0.295093 0.000110
0.606432 0.000010 0.002847 0.000010 0.075090 0.000010 0.000010 0.310648 0.004942
0.574491 0.033127 0.032152 0.154384 0.045714 0.038110 0.000010 0.122001 0.000010
0.639897 0.000010 0.003823 0.008188 0.000010 0.044557 0.000010 0.255702 0.047803
0.575912 0.000010 0.000010 0.135675 0.000010 0.000010 0.000010 0.203250 0.085113
0.582986 0.000010 0.030568 0.097912 0.000010 0.000010 0.000010 0.254682 0.033812
0.797029 0.046902 0.000010 0.048584 0.000010 0.048101 0.000010 0.019328 0.040026
0.601935 0.000010 0.064639 0.138972 0.000010 0.000010 0.000010 0.194404 0.000010
0.553485 0.133910 0.027145 0.038506 0.000011 0.000010 0.000010 0.246913 0.000010
0.620934 0.000010 0.000010 0.091520 0.000010 0.023541 0.000010 0.219240 0.044724
0.548641 0.047128 0.000010 0.114178 0.061206 0.013338 0.000010 0.202752 0.012737
0.527728 0.039257 0.000010 0.052136 0.000010 0.003028 0.000010 0.320535 0.057286
0.709141 0.000010 0.000010 0.024095 0.030931 0.031022 0.000010 0.204771 0.000010
0.655976 0.000010 0.000010 0.000010 0.000010 0.000010 0.000010 0.261195 0.082769
0.676323 0.000010 0.098488 0.061255 0.000010 0.000010 0.005889 0.158005 0.000010
0.524496 0.030056 0.076994 0.110394 0.000010 0.000010 0.000010 0.258020 0.000010
0.444861 0.126496 0.000061 0.155346 0.000010 0.073411 0.029386 0.170419 0.000010
0.526561 0.000010 0.000010 0.096487 0.006373 0.000010 0.002127 0.294526 0.073896
0.670212 0.000010 0.002546 0.000010 0.000010 0.032894 0.000010 0.264387 0.029921
0.600492 0.000010 0.000010 0.000010 0.000010 0.000010 0.052019 0.347429 0.000010
0.636416 0.047258 0.067973 0.108982 0.000010 0.000010 0.000010 0.089607 0.049733
0.688747 0.057513 0.000010 0.000010 0.082784 0.000010 0.000010 0.152701 0.018215
0.577132 0.035450 0.049670 0.090702 0.000010 0.000010 0.000010 0.215708 0.031307
0.643823 0.000010 0.057455 0.000010 0.035503 0.000010 0.086706 0.167196 0.009287
0.433353 0.000010 0.017134 0.117951 0.034816 0.000010 0.000010 0.396706 0.000010
0.716121 0.000010 0.038501 0.000010 0.000010 0.003980 0.000010 0.241348 0.000010
0.408017 0.019503 0.000010 0.106545 0.000010 0.000010 0.000010 0.465885 0.000010
0.523444 0.000010 0.000010 0.204113 0.000010 0.068247 0.029546 0.174610 0.000010
0.434924 0.002412 0.096505 0.106910 0.049824 0.000010 0.000010 0.309396 0.000010
0.663464 0.003694 0.000010 0.004948 0.000010 0.000010 0.009970 0.294530 0.023364
0.621857 0.000010 0.000010 0.103105 0.046909 0.000010 0.000010 0.228079 0.000010
0.715478 0.030645 0.000010 0.000010 0.000010 0.000010 0.066352 0.187474 0.000010
0.702789 0.007949 0.020779 0.000010 0.000010 0.000010 0.000010 0.197713 0.070731
0.620447 0.000010 0.129442 0.012226 0.000010 0.041332 0.000010 0.196513 0.000010
0.594920 0.000010 0.023331 0.070535 0.052080 0.028140 0.000010 0.230964 0.000010
0.674372 0.000010 0.116319 0.067585 0.000010 0.000010 0.000010 0.141674 0.000010
0.708550 0.098356 0.000010 0.006991 0.000010 0.019430 0.000010 0.115631 0.051012
0.711722 0.000010 0.028455 0.000010 0.000010 0.045636 0.000010 0.207628 0.006519
0.623881 0.000010 0.115890 0.064683 0.000010 0.018112 0.000010 0.177394 0.000010
0.405986 0.000010 0.000010 0.055124 0.000010 0.102519 0.011149 0.252521 0.172671
0.741885 0.000010 0.004303 0.000010 0.079169 0.000010 0.000010 0.107487 0.067116
0.659401 0.000010 0.000010 0.035525 0.012427 0.094369 0.000010 0.049386 0.148863
0.646194 0.000010 0.000010 0.000010 0.000010 0.064794 0.000010 0.237647 0.051315
0.534713 0.000010 0.000010 0.029350 0.033548 0.006120 0.009882 0.386358 0.000010
0.442839 0.117615 0.011323 0.007576 0.031432 0.078768 0.000010 0.195919 0.114518
0.576596 0.028454 0.000010 0.023000 0.000010 0.043058 0.029525 0.265413 0.033934
0.751157 0.028452 0.029603 0.032147 0.000010 0.023260 0.000010 0.043485 0.091876
0.804668 0.000010 0.032623 0.043848 0.000010 0.053233 0.005598 0.059999 0.000010
0.679262 0.060457 0.000010 0.026265 0.000010 0.010567 0.000010 0.163651 0.059768
0.632933 0.028884 0.024663 0.035529 0.000010 0.000010 0.000010 0.170129 0.107832
0.025381 0.000010 0.023094 0.012613 0.000010 0.096737 0.034221 0.057395 0.750538
0.488707 0.000010 0.032499 0.125279 0.000010 0.000010 0.000010 0.347879 0.005597
0.602721 0.000010 0.000010 0.120088 0.005650 0.000010 0.040771 0.166649 0.064091
0.662438 0.103432 0.000010 0.000010 0.107189 0.025974 0.000010 0.056253 0.044684
0.562337 0.103001 0.000010 0.171508 0.043641 0.027462 0.000010 0.092022 0.000010
0.568091 0.017988 0.047785 0.000010 0.022583 0.007465 0.000010 0.336059 0.000010
0.739194 0.000010 0.000010 0.000010 0.066154 0.000010 0.018566 0.176036 0.000010
0.393823 0.000010 0.000010 0.212339 0.051180 0.021557 0.000010 0.283251 0.037820
0.521838 0.011679 0.000010 0.162777 0.000266 0.039376 0.000010 0.184504 0.079541
0.595233 0.000010 0.000010 0.008525 0.000010 0.020992 0.022645 0.242964 0.109611
0.563060 0.000010 0.094321 0.054814 0.000010 0.044959 0.000010 0.199214 0.043603
0.604663 0.000010 0.000010 0.043340 0.020943 0.000010 0.071077 0.164230 0.095717
0.608441 0.000010 0.038191 0.128956 0.000010 0.000705 0.000010 0.045093 0.178584
0.669170 0.000010 0.010082 0.014207 0.000010 0.000010 0.000010 0.269951 0.036550
0.640282 0.000011 0.066599 0.056344 0.046017 0.088986 0.000010 0.101741 0.000010
0.577393 0.000010 0.000010 0.000010 0.000010 0.085303 0.020557 0.274602 0.042105
0.455700 0.000010 0.000010 0.049082 0.086518 0.000010 0.000010 0.251122 0.157539
0.506805 0.000010 0.023779 0.140707 0.000010 0.000010 0.000010 0.165287 0.163383
0.659908 0.017619 0.000010 0.043277 0.061714 0.000010 0.000010 0.087784 0.129668
0.714222 0.000010 0.000010 0.000010 0.034537 0.038700 0.000010 0.212490 0.000010
0.564682 0.068343 0.037437 0.084584 0.000010 0.000010 0.003726 0.241197 0.000010
0.671532 0.027807 0.000010 0.084877 0.021290 0.027145 0.000010 0.162684 0.004644
0.437763 0.089282 0.021056 0.129230 0.000010 0.000010 0.000010 0.254906 0.067733
0.581689 0.057928 0.024207 0.000010 0.000010 0.032474 0.000010 0.303662 0.000010
0.567102 0.000010 0.005879 0.105857 0.000010 0.002854 0.043416 0.198240 0.076631
0.511839 0.000010 0.000010 0.094835 0.047108 0.021298 0.049394 0.184572 0.090935
0.599763 0.040887 0.000010 0.000010 0.051005 0.000010 0.000010 0.095112 0.213192
0.826299 0.000010 0.034188 0.000010 0.000010 0.035746 0.000010 0.103717 0.000010
0.839537 0.000010 0.000010 0.000010 0.000010 0.000010 0.000010 0.160393 0.000010
0.644431 0.000010 0.034372 0.000010 0.031014 0.076014 0.000010 0.029402 0.184737
0.690229 0.000010 0.000010 0.000010 0.000010 0.024694 0.000010 0.212155 0.072872
0.613124 0.000010 0.000010 0.000010 0.000010 0.031219 0.000010 0.279136 0.076471
0.000010 0.000010 0.014074 0.000010 0.825958 0.000010 0.159908 0.000010 0.000010
0.000010 0.000010 0.025705 0.000010 0.800681 0.000010 0.173553 0.000010 0.000010
0.000010 0.000010 0.015687 0.000010 0.909493 0.000010 0.074760 0.000010 0.000010
0.000010 0.074846 0.000010 0.000010 0.796628 0.003383 0.125093 0.000010 0.000010
0.000010 0.002819 0.000010 0.000010 0.835223 0.000010 0.161898 0.000010 0.000010
0.000010 0.000010 0.000010 0.000010 0.906685 0.000010 0.093245 0.000010 0.000010
0.000010 0.000010 0.024455 0.038450 0.694826 0.010358 0.172746 0.059134 0.000010
0.653568 0.000010 0.003985 0.082066 0.033247 0.000010 0.000010 0.227093 0.000010
0.718465 0.006838 0.012046 0.213667 0.000010 0.000010 0.000010 0.048945 0.000010
0.519892 0.013289 0.000010 0.217608 0.000010 0.000010 0.142471 0.106700 0.000010
0.392024 0.045139 0.060690 0.295780 0.000010 0.000010 0.013944 0.192395 0.000010
0.640753 0.010931 0.003103 0.114437 0.013805 0.000010 0.000010 0.216940 0.000010
0.663732 0.045685 0.000010 0.200756 0.000010 0.000010 0.033526 0.024694 0.031577
0.520773 0.000010 0.000010 0.195825 0.000010 0.000010 0.106801 0.176551 0.000010
0.701845 0.000010 0.000010 0.000010 0.000010 0.000010 0.000010 0.298085 0.000010
0.587520 0.014647 0.000010 0.201792 0.015057 0.000010 0.057698 0.117793 0.005473
0.547547 0.000010 0.072779 0.243653 0.063725 0.000010 0.004358 0.067908 0.000010
0.445587 0.000010 0.132814 0.068155 0.078295 0.104214 0.028229 0.142685 0.000010
0.687553 0.082226 0.000010 0.000010 0.078911 0.000010 0.000010 0.151259 0.000010
0.403780 0.000010 0.112452 0.135018 0.004684 0.000010 0.004502 0.238893 0.100651
0.666395 0.000010 0.000010 0.000010 0.000010 0.000010 0.039041 0.271542 0.022971
0.382497 0.000010 0.023598 0.106221 0.078557 0.000010 0.044809 0.202805 0.161494
0.444963 0.014820 0.050919 0.102487 0.067747 0.021268 0.000010 0.092445 0.205341
0.619479 0.001962 0.026492 0.040328 0.000010 0.020312 0.000010 0.234342 0.057065
0.484505 0.000010 0.000010 0.056647 0.000010 0.036066 0.000010 0.317582 0.105159
0.626384 0.062962 0.083155 0.007013 0.006827 0.000010 0.000010 0.195763 0.017876
0.531506 0.100215 0.045537 0.054750 0.000010 0.049384 0.000010 0.178504 0.040084
0.427801 0.000010 0.141775 0.069586 0.000010 0.000010 0.086847 0.133751 0.140209
0.494222 0.053414 0.004136 0.119613 0.026341 0.084210 0.000010 0.218044 0.000010
0.563987 0.025891 0.046455 0.114555 0.079768 0.045478 0.000010 0.112981 0.010875
0.593232 0.000010 0.073377 0.011443 0.012019 0.000010 0.000010 0.262172 0.047728
0.533701 0.034817 0.000010 0.093405 0.051283 0.000010 0.032885 0.186253 0.067637
0.743201 0.000010 0.000010 0.000010 0.044448 0.000010 0.018128 0.194172 0.000010
0.499514 0.025487 0.000010 0.051460 0.000010 0.125799 0.036613 0.261098 0.000010
0.599779 0.018256 0.069401 0.163228 0.000010 0.000010 0.016768 0.132537 0.000010
0.401695 0.000010 0.008728 0.141705 0.017408 0.052935 0.000010 0.270235 0.107275
0.437970 0.000010 0.000010 0.187333 0.123441 0.009671 0.000010 0.241545 0.000010
0.308540 0.000010 0.073943 0.057240 0.130038 0.013273 0.027960 0.213980 0.175015
0.728849 0.000010 0.088078 0.000010 0.005191 0.000010 0.000010 0.177832 0.000010
0.625775 0.000010 0.000010 0.043101 0.000010 0.000010 0.000010 0.264623 0.066452
0.540094 0.068249 0.000010 0.005107 0.000010 0.030273 0.000010 0.103808 0.252440
0.695737 0.003926 0.000010 0.000010 0.027510 0.000010 0.000010 0.214803 0.057984
0.000010 0.865516 0.090551 0.027443 0.000010 0.000010 0.000011 0.016439 0.000010
0.179565 0.625772 0.000010 0.076571 0.024607 0.000010 0.019668 0.073787 0.000010
0.023367 0.723226 0.229542 0.012364 0.009422 0.000010 0.000010 0.002048 0.000010
0.003118 0.856709 0.140113 0.000010 0.000010 0.000010 0.000010 0.000010 0.000010
0.000010 0.022816 0.422197 0.073197 0.103828 0.020371 0.337166 0.020405 0.000010
0.000010 0.000010 0.632640 0.000010 0.000010 0.000010 0.344466 0.022834 0.000010
0.029425 0.012048 0.489402 0.069484 0.000010 0.000010 0.277840 0.105948 0.015831
0.000010 0.000010 0.522228 0.113253 0.031205 0.000010 0.333264 0.000010 0.000010
0.000010 0.000010 0.367809 0.008109 0.000501 0.000010 0.438623 0.137498 0.047432
0.000010 0.000010 0.401103 0.081065 0.034077 0.000010 0.462121 0.000010 0.021595
0.000010 0.027802 0.457413 0.083587 0.013719 0.000084 0.376524 0.000010 0.040851
0.000010 0.010273 0.606417 0.027237 0.063256 0.000010 0.279035 0.000010 0.013753
0.062302 0.061358 0.300408 0.071229 0.247738 0.004016 0.252930 0.000010 0.000010
0.000010 0.000010 0.353395 0.079524 0.117841 0.000010 0.393695 0.055504 0.000010
0.464984 0.000010 0.046095 0.149222 0.003825 0.000010 0.000010 0.237228 0.098615
0.517241 0.000010 0.000010 0.109124 0.000010 0.000010 0.005419 0.368165 0.000010
0.572297 0.027293 0.000010 0.107682 0.000010 0.021765 0.000010 0.232933 0.038000
0.637242 0.079862 0.000010 0.057879 0.024540 0.049275 0.000010 0.121557 0.029624
0.527143 0.077592 0.002347 0.027104 0.022642 0.000010 0.000010 0.297449 0.045703
0.591010 0.000010 0.011872 0.133699 0.076083 0.061941 0.074541 0.050835 0.000010
0.731626 0.000010 0.000010 0.000010 0.053260 0.000010 0.000010 0.163302 0.051762
0.520987 0.000010 0.000010 0.038227 0.000010 0.026473 0.187979 0.153830 0.072473
0.463956 0.000010 0.000010 0.192086 0.062705 0.000010 0.046639 0.232665 0.001919
0.649414 0.000010 0.057387 0.000010 0.089118 0.000010 0.000010 0.204031 0.000010
0.509801 0.060199 0.000010 0.052431 0.051907 0.026989 0.000010 0.134861 0.163792
0.589746 0.006501 0.043821 0.010135 0.000010 0.000010 0.000010 0.310412 0.039354
0.579766 0.000010 0.047943 0.066697 0.000010 0.017913 0.000010 0.287641 0.000010
0.588936 0.004290 0.001155 0.040794 0.039142 0.000010 0.030836 0.167576 0.127262
0.705201 0.000010 0.026906 0.027045 0.021970 0.000010 0.000010 0.218838 0.000010
0.545841 0.000010 0.021163 0.080369 0.059984 0.058018 0.047755 0.151192 0.035669
0.600892 0.003617 0.000010 0.110771 0.033845 0.083692 0.000010 0.167153 0.000010
0.568657 0.000010 0.001106 0.125448 0.000010 0.049748 0.026237 0.225519 0.003265
0.610566 0.000010 0.000010 0.007083 0.000010 0.000011 0.000010 0.230952 0.151348
0.611307 0.000010 0.000010 0.000010 0.022089 0.000010 0.000010 0.206617 0.159936
0.569138 0.067166 0.038733 0.000010 0.000010 0.052137 0.000010 0.203002 0.069794
0.000010 0.000010 0.629067 0.000010 0.035188 0.000010 0.335685 0.000010 0.000010
0.000011 0.085370 0.542721 0.000010 0.028874 0.000010 0.249787 0.091533 0.001684
0.000010 0.000010 0.609675 0.032433 0.086134 0.000010 0.266873 0.004845 0.000010
0.000010 0.140458 0.572601 0.000010 0.030486 0.000010 0.256405 0.000010 0.000010
0.000010 0.000010 0.699763 0.000010 0.000010 0.000010 0.300167 0.000010 0.000010
0.000010 0.025895 0.586457 0.000010 0.063385 0.000010 0.324213 0.000010 0.000010
0.000010 0.111045 0.576315 0.000010 0.000010 0.011315 0.293099 0.008186 0.000010
0.000010 0.000010 0.728731 0.000010 0.063203 0.000010 0.205808 0.002208 0.000010
0.000010 0.000010 0.735996 0.035972 0.000010 0.031762 0.196220 0.000010 0.000010
0.000010 0.013930 0.617828 0.039150 0.055017 0.000010 0.234582 0.039463 0.000010
0.000010 0.022043 0.711519 0.000010 0.000010 0.000010 0.183966 0.082423 0.000010
0.000010 0.000010 0.634437 0.000010 0.017990 0.015310 0.332213 0.000010 0.000010
0.000010 0.000010 0.717460 0.000010 0.065147 0.000010 0.213377 0.000010 0.003966
0.000010 0.002099 0.601507 0.000010 0.011886 0.000010 0.260433 0.124036 0.000010
0.000010 0.021669 0.571310 0.035569 0.000010 0.010561 0.304943 0.055918 0.000010
0.000010 0.000010 0.598899 0.000010 0.070523 0.024133 0.306395 0.000010 0.000010
0.000010 0.058882 0.733372 0.000010 0.053123 0.000010 0.154573 0.000010 0.000010
0.000010 0.000010 0.535091 0.000010 0.041124 0.043952 0.351878 0.027915 0.000010
0.000010 0.092074 0.641286 0.000010 0.000010 0.000010 0.266580 0.000010 0.000010
0.000010 0.000010 0.595243 0.000010 0.127138 0.000010 0.251307 0.026262 0.000010
0.000010 0.000010 0.626376 0.000010 0.000010 0.038950 0.303677 0.030947 0.000010
0.000010 0.000010 0.553334 0.024795 0.026430 0.000010 0.358042 0.037359 0.000010
0.000010 0.091224 0.684393 0.000010 0.087695 0.000010 0.094091 0.000010 0.042557
0.000010 0.084406 0.619302 0.000010 0.064059 0.000010 0.232183 0.000010 0.000010
0.000010 0.033479 0.691303 0.009620 0.000010 0.017947 0.247611 0.000010 0.000010
0.000010 0.060734 0.643970 0.000010 0.000010 0.000010 0.295236 0.000010 0.000010
0.000010 0.000010 0.542791 0.000010 0.019401 0.000010 0.430270 0.007489 0.000010
0.000010 0.000010 0.702987 0.000010 0.000010 0.000010 0.296943 0.000010 0.000010
0.000010 0.088115 0.537921 0.000010 0.000010 0.000010 0.373904 0.000010 0.000010
0.000010 0.000010 0.726895 0.023436 0.000010 0.000010 0.238805 0.000010 0.010814
0.000010 0.044759 0.612998 0.000010 0.052099 0.000010 0.290095 0.000010 0.000010
0.000010 0.004956 0.670965 0.051023 0.000010 0.000010 0.203721 0.069295 0.000010
0.072257 0.057504 0.594805 0.000010 0.000010 0.000010 0.273774 0.001620 0.000010
0.000010 0.000010 0.612618 0.000010 0.000010 0.000010 0.387312 0.000010 0.000010
0.000010 0.087416 0.550337 0.000010 0.000010 0.000010 0.362187 0.000010 0.000010
0.000010 0.000010 0.745330 0.000010 0.000010 0.000010 0.254600 0.000010 0.000010
0.000010 0.000010 0.577223 0.000010 0.009329 0.000010 0.413388 0.000010 0.000010
0.000010 0.054869 0.561491 0.006693 0.016707 0.007452 0.352757 0.000010 0.000010
0.000010 0.133442 0.535207 0.000010 0.000010 0.000010 0.316772 0.000010 0.014530
0.000010 0.000010 0.000010 0.011629 0.830194 0.000010 0.158117 0.000010 0.000010
0.000010 0.018131 0.000010 0.000010 0.927703 0.000010 0.054106 0.000010 0.000010
0.000010 0.000010 0.734265 0.000010 0.000010 0.000010 0.265665 0.000010 0.000010
0.000010 0.000010 0.701532 0.000010 0.000010 0.032713 0.265695 0.000010 0.000010
0.386655 0.041991 0.000010 0.391799 0.000010 0.000830 0.007588 0.156182 0.014937
0.437187 0.096751 0.000010 0.312104 0.000010 0.012857 0.135443 0.005629 0.000010
0.240454 0.000010 0.006099 0.483156 0.000010 0.033170 0.053890 0.183202 0.000010
0.265227 0.001096 0.037200 0.471665 0.000010 0.070906 0.000010 0.153876 0.000010
0.313643 0.058434 0.026977 0.440566 0.000010 0.005843 0.000010 0.154508 0.000010
0.342110 0.000010 0.000010 0.505486 0.005740 0.000010 0.000010 0.146615 0.000010
0.464056 0.000010 0.043745 0.225067 0.000010 0.020173 0.013086 0.233843 0.000010
0.415542 0.000010 0.056694 0.296205 0.000010 0.007791 0.000010 0.223728 0.000010
0.512277 0.038972 0.062224 0.184967 0.023573 0.019803 0.000010 0.158164 0.000010
0.337633 0.056999 0.000010 0.360925 0.000010 0.046551 0.000010 0.197852 0.000010
0.343232 0.131840 0.044308 0.250818 0.000010 0.012448 0.000010 0.206509 0.010824
0.479286 0.108506 0.000010 0.228380 0.021156 0.012672 0.000801 0.149180 0.000010
0.341556 0.000010 0.000010 0.363840 0.000010 0.000010 0.000010 0.294544 0.000010
0.000010 0.019364 0.654595 0.053896 0.000010 0.000010 0.265867 0.006238 0.000010
0.000010 0.000010 0.693038 0.000010 0.000010 0.000010 0.306892 0.000010 0.000010
0.000010 0.000010 0.672756 0.000010 0.101192 0.000010 0.225992 0.000010 0.000010
0.000010 0.059648 0.570653 0.002646 0.073865 0.043121 0.192230 0.000010 0.057816
0.000010 0.013506 0.625320 0.016881 0.027700 0.005629 0.310934 0.000010 0.000010
0.000010 0.093033 0.564061 0.010362 0.075133 0.000010 0.257371 0.000010 0.000010
0.000010 0.013033 0.586346 0.015085 0.000010 0.000010 0.385486 0.000010 0.000010
0.000010 0.009947 0.628485 0.000010 0.041177 0.000010 0.278348 0.042003 0.000010
0.000010 0.152123 0.579349 0.016134 0.019406 0.004181 0.228776 0.000010 0.000010
0.000010 0.063275 0.554646 0.000010 0.029358 0.000010 0.352672 0.000010 0.000010
0.000010 0.048133 0.724182 0.000010 0.057821 0.000010 0.169815 0.000010 0.000010
0.004837 0.051473 0.607774 0.035947 0.046605 0.000010 0.253334 0.000010 0.000010
