0.335740 0.000010 0.000010 0.048420 0.069287 0.002434 0.040287 0.412375 0.091436
0.383421 0.044322 0.015655 0.000010 0.000010 0.031642 0.000010 0.399271 0.125659
0.246351 0.000010 0.124927 0.000010 0.044667 0.008155 0.133250 0.442621 0.000010
0.353379 0.076919 0.000010 0.076013 0.000010 0.000010 0.097522 0.395835 0.000303
0.224523 0.058135 0.000010 0.000010 0.000010 0.000010 0.112207 0.582091 0.023004
0.097912 0.000010 0.000010 0.000010 0.000010 0.114711 0.129521 0.118101 0.539716
0.327298 0.031055 0.141608 0.070774 0.000010 0.000010 0.000010 0.347759 0.081477
0.311824 0.000010 0.000010 0.172764 0.000010 0.000010 0.040860 0.440090 0.034422
0.362056 0.019559 0.000010 0.000010 0.000010 0.000010 0.133571 0.484764 0.000010
0.291005 0.000010 0.000010 0.181983 0.066574 0.000010 0.000010 0.458161 0.002237
0.401554 0.053817 0.000010 0.008364 0.014914 0.000010 0.199620 0.287178 0.034533
0.312389 0.000010 0.000010 0.140697 0.030576 0.016634 0.042104 0.457569 0.000010
0.051025 0.100812 0.109564 0.185907 0.053135 0.015839 0.223835 0.208132 0.051749
0.202218 0.041674 0.104723 0.212801 0.000010 0.021761 0.034671 0.108396 0.273746
0.457895 0.034993 0.033403 0.064418 0.105188 0.016602 0.020006 0.267484 0.000010
0.393102 0.089512 0.000010 0.101072 0.025577 0.000010 0.000010 0.350158 0.040548
0.238890 0.041408 0.073072 0.106102 0.000010 0.015553 0.043850 0.415231 0.065883
0.259580 0.000010 0.004548 0.036479 0.032064 0.097295 0.061990 0.474148 0.033887
0.181247 0.034853 0.000010 0.000010 0.009722 0.000010 0.167274 0.484816 0.122059
0.394673 0.065488 0.003410 0.179356 0.000010 0.000010 0.044929 0.312114 0.000010
0.238340 0.000010 0.024996 0.275097 0.000010 0.000010 0.060283 0.330818 0.070435
0.322925 0.086716 0.000010 0.081276 0.087122 0.000010 0.023964 0.360307 0.037670
0.258146 0.123930 0.000010 0.068277 0.100485 0.000010 0.037471 0.352277 0.059394
0.322466 0.070363 0.000010 0.119701 0.005769 0.002657 0.052788 0.426236 0.000010
0.172619 0.068976 0.000010 0.162642 0.022598 0.041306 0.154294 0.354868 0.022686
0.286060 0.033552 0.000010 0.084944 0.000010 0.000010 0.127905 0.467498 0.000010
0.235435 0.057816 0.000010 0.081378 0.000010 0.023625 0.176271 0.423499 0.001957
0.171720 0.111888 0.000010 0.108385 0.000010 0.016452 0.042392 0.237850 0.311293
0.205407 0.000010 0.120166 0.053954 0.000010 0.056752 0.057113 0.503112 0.003475
0.322124 0.093537 0.000010 0.000010 0.074960 0.000010 0.146848 0.207254 0.155248
0.182923 0.024278 0.000010 0.159716 0.011778 0.006742 0.109096 0.448498 0.056958
0.326673 0.000010 0.017292 0.098925 0.024498 0.000010 0.046011 0.374411 0.112171
0.340055 0.000010 0.000017 0.106415 0.016125 0.000010 0.064253 0.473105 0.000010
0.236979 0.072478 0.149548 0.088933 0.028577 0.000010 0.074631 0.348834 0.000010
0.199113 0.069811 0.000010 0.052008 0.000010 0.002937 0.210266 0.465835 0.000010
0.400942 0.014679 0.013072 0.000010 0.000010 0.035612 0.074365 0.360924 0.100386
0.404579 0.000010 0.010932 0.048735 0.057442 0.090872 0.140217 0.207651 0.039562
0.182701 0.096360 0.000010 0.224550 0.010053 0.069220 0.087311 0.159453 0.170342
0.316808 0.040949 0.000010 0.000010 0.080090 0.023661 0.123805 0.174781 0.239885
0.424861 0.000010 0.000010 0.107933 0.000010 0.037358 0.000010 0.429798 0.000010
0.255618 0.059889 0.056975 0.090244 0.000010 0.000010 0.138977 0.398267 0.000010
0.654612 0.025797 0.000010 0.065595 0.000010 0.031424 0.043151 0.179390 0.000010
0.340869 0.127825 0.000010 0.110742 0.000010 0.000010 0.007088 0.365667 0.047780
0.138351 0.088205 0.112211 0.091110 0.000010 0.010598 0.074185 0.485320 0.000010
0.358164 0.043376 0.000010 0.146157 0.000853 0.006415 0.138351 0.306664 0.000010
0.255430 0.000010 0.000010 0.207178 0.050835 0.015851 0.088420 0.382256 0.000010
0.226745 0.000010 0.000010 0.035612 0.000010 0.000010 0.218291 0.519301 0.000010
0.419662 0.011082 0.079869 0.000010 0.000010 0.048680 0.061591 0.378092 0.001005
0.198531 0.096155 0.208422 0.102159 0.000010 0.058036 0.075704 0.260973 0.000010
0.288623 0.067869 0.287295 0.081054 0.000010 0.000010 0.142417 0.132712 0.000010
0.027224 0.152564 0.484532 0.025952 0.000010 0.000010 0.253528 0.056171 0.000010
0.048372 0.105184 0.402783 0.000010 0.000010 0.000010 0.211955 0.231666 0.000010
0.332937 0.107366 0.132108 0.152949 0.000010 0.056303 0.000010 0.218306 0.000010
0.121022 0.086937 0.382264 0.056180 0.136297 0.000010 0.056963 0.148018 0.012308
0.108141 0.089228 0.579126 0.074460 0.000010 0.000010 0.149005 0.000010 0.000010
0.172127 0.054038 0.306656 0.033855 0.089506 0.000010 0.189469 0.135815 0.018525
0.172992 0.046440 0.287749 0.076443 0.066844 0.000010 0.211954 0.137559 0.000010
0.201780 0.031562 0.378433 0.039030 0.000010 0.000010 0.161930 0.168736 0.018511
0.222399 0.062713 0.433535 0.001700 0.000010 0.002574 0.146665 0.130393 0.000010
0.094605 0.056930 0.225416 0.170925 0.000010 0.000010 0.125779 0.291561 0.034765
0.092473 0.107715 0.299159 0.090613 0.045295 0.000010 0.211758 0.152967 0.000010
0.322983 0.040630 0.428854 0.043013 0.069695 0.038638 0.009944 0.046232 0.000010
0.096876 0.029163 0.409316 0.107068 0.081639 0.000010 0.019493 0.256425 0.000010
0.104429 0.044918 0.299680 0.084760 0.000010 0.019261 0.142623 0.304309 0.000010
0.099717 0.000010 0.577512 0.134094 0.000010 0.000010 0.161075 0.027562 0.000010
0.122644 0.132464 0.450503 0.052158 0.000017 0.000010 0.000010 0.242184 0.000010
0.065070 0.173409 0.198915 0.212636 0.000010 0.011144 0.055625 0.223919 0.059271
0.203345 0.121179 0.469462 0.120261 0.017756 0.013699 0.054279 0.000010 0.000010
0.000010 0.153755 0.454012 0.000010 0.017283 0.000010 0.232569 0.127884 0.014467
0.327147 0.058768 0.086135 0.000010 0.000010 0.095309 0.060263 0.372347 0.000010
0.202487 0.000011 0.141594 0.009650 0.000010 0.079568 0.023121 0.201675 0.341884
0.473707 0.000010 0.000010 0.037862 0.018225 0.000010 0.070878 0.399289 0.000010
0.446739 0.000010 0.004870 0.000010 0.000010 0.000010 0.117856 0.406311 0.024184
0.329437 0.000010 0.101789 0.012011 0.000010 0.000010 0.094615 0.409518 0.052600
0.304116 0.021461 0.039367 0.000010 0.000010 0.060555 0.096276 0.478194 0.000010
0.130070 0.000010 0.000010 0.171742 0.049182 0.078313 0.000010 0.570653 0.000010
0.367902 0.035590 0.046640 0.073983 0.021840 0.000010 0.046997 0.407028 0.000010
0.274088 0.000010 0.008624 0.103776 0.000010 0.084469 0.000010 0.267538 0.261476
0.276679 0.138697 0.000010 0.115308 0.000010 0.080058 0.044273 0.252285 0.092680
0.273597 0.000010 0.000010 0.015430 0.058559 0.000010 0.066302 0.258130 0.327953
0.320144 0.042952 0.026748 0.000010 0.000010 0.053083 0.090765 0.372241 0.094048
0.297227 0.000010 0.000010 0.187799 0.036113 0.000010 0.074725 0.404096 0.000010
0.308174 0.113344 0.000010 0.204001 0.000988 0.000010 0.000010 0.255417 0.118046
0.420826 0.034544 0.067851 0.025119 0.000010 0.044164 0.027997 0.379478 0.000010
0.213895 0.083310 0.000010 0.204882 0.000010 0.000010 0.127134 0.360589 0.010160
0.032892 0.039450 0.000010 0.089856 0.056161 0.017949 0.260256 0.479679 0.023747
0.185209 0.099415 0.038501 0.057756 0.032987 0.060768 0.064752 0.237866 0.222747
0.207117 0.031857 0.000010 0.000010 0.012293 0.062794 0.032527 0.371966 0.281426
0.312290 0.070556 0.000010 0.000010 0.000010 0.000010 0.130845 0.387884 0.098384
0.257172 0.001146 0.117961 0.088444 0.084322 0.002580 0.061539 0.386826 0.000010
0.317859 0.019365 0.056492 0.122706 0.000010 0.043787 0.048940 0.346184 0.044656
0.280042 0.042372 0.128354 0.128921 0.042007 0.000010 0.000010 0.270886 0.107398
0.409699 0.047885 0.006956 0.019743 0.000010 0.005395 0.096929 0.369539 0.043845
0.157753 0.109632 0.043014 0.111435 0.000010 0.077732 0.003950 0.336752 0.159721
0.469871 0.000010 0.000010 0.000010 0.010004 0.000010 0.040798 0.366601 0.112685
0.172969 0.060082 0.033724 0.143367 0.000010 0.000010 0.167603 0.422225 0.000010
0.258503 0.084831 0.040851 0.174686 0.000010 0.022062 0.020557 0.381941 0.016560
0.158008 0.060950 0.077046 0.067680 0.017296 0.000010 0.197665 0.388153 0.033192
0.143283 0.000010 0.000010 0.111136 0.000010 0.023722 0.226157 0.495663 0.000010
0.267835 0.000010 0.000010 0.063834 0.000010 0.000010 0.085617 0.530175 0.052500
0.452021 0.052995 0.000010 0.000010 0.000010 0.000010 0.000010 0.429795 0.065139
0.275463 0.019417 0.000010 0.000010 0.000010 0.069682 0.079674 0.276590 0.279144
0.197545 0.050543 0.005818 0.000010 0.009102 0.076937 0.124210 0.426249 0.109586
0.231925 0.051047 0.000010 0.000010 0.000010 0.000010 0.154388 0.507872 0.054729
0.228733 0.000010 0.094512 0.175151 0.000010 0.038419 0.131453 0.331703 0.000010
0.348445 0.128876 0.000010 0.000010 0.047154 0.016987 0.197385 0.261123 0.000010
0.203043 0.018164 0.000016 0.071184 0.118492 0.015813 0.087273 0.486004 0.000010
0.233702 0.000010 0.000010 0.242830 0.000010 0.025553 0.187608 0.310268 0.000010
0.287454 0.000010 0.000010 0.110457 0.000013 0.000010 0.134637 0.467398 0.000010
0.117367 0.050320 0.000010 0.231333 0.011747 0.000010 0.200436 0.388767 0.000010
0.046558 0.090819 0.184245 0.095088 0.000010 0.011462 0.181358 0.390451 0.000010
0.310461 0.019089 0.000010 0.085424 0.000010 0.033086 0.101599 0.450311 0.000010
0.367057 0.047442 0.000010 0.001733 0.000010 0.000010 0.178975 0.395160 0.009604
0.384253 0.032442 0.000010 0.014134 0.000010 0.027363 0.164016 0.334993 0.042780
0.124277 0.040005 0.080805 0.098349 0.022096 0.000010 0.229314 0.405135 0.000010
0.165088 0.040102 0.008733 0.161937 0.000010 0.065639 0.088675 0.469806 0.000010
0.149654 0.069150 0.000010 0.044796 0.000010 0.094403 0.144739 0.497228 0.000010
0.148050 0.032291 0.000010 0.048219 0.097870 0.000010 0.115614 0.557925 0.000010
0.295439 0.147674 0.043267 0.048366 0.018045 0.000010 0.113413 0.333777 0.000010
0.286556 0.086636 0.000010 0.154101 0.160557 0.000010 0.099886 0.212234 0.000010
0.109744 0.000010 0.150807 0.289119 0.005387 0.004350 0.140091 0.300482 0.000010
0.174311 0.069704 0.003456 0.072252 0.000010 0.000010 0.067394 0.592383 0.020480
0.162489 0.025945 0.083277 0.037079 0.000010 0.022380 0.278118 0.362187 0.028516
0.234075 0.000092 0.002353 0.187575 0.062080 0.000010 0.115975 0.397830 0.000010
0.274316 0.017027 0.012380 0.130440 0.066333 0.000010 0.021265 0.478218 0.000010
0.511679 0.026391 0.000010 0.061701 0.000015 0.000010 0.056077 0.344106 0.000010
0.002565 0.039024 0.148114 0.188984 0.000010 0.000010 0.083828 0.537454 0.000010
0.284581 0.041964 0.000010 0.242100 0.058348 0.000010 0.042976 0.330001 0.000010
0.351509 0.101632 0.000010 0.131080 0.000010 0.000010 0.130556 0.285183 0.000010
0.235907 0.000010 0.000010 0.210710 0.044733 0.000010 0.000010 0.472362 0.036247
0.283321 0.050072 0.004899 0.000010 0.119523 0.000010 0.191775 0.350379 0.000010
0.283596 0.022740 0.046863 0.041600 0.000019 0.042637 0.173109 0.389427 0.000010
0.203179 0.104398 0.027524 0.020403 0.000015 0.000010 0.140163 0.504297 0.000010
0.417040 0.090149 0.000010 0.116460 0.000010 0.000010 0.072860 0.303451 0.000010
0.186630 0.080542 0.001521 0.181570 0.000010 0.032213 0.226838 0.290667 0.000010
0.204467 0.000010 0.000010 0.127440 0.013705 0.000010 0.225568 0.428780 0.000010
0.253405 0.032856 0.053340 0.098153 0.041171 0.020369 0.056146 0.444550 0.000010
0.392741 0.129329 0.000017 0.000010 0.000010 0.058197 0.045985 0.373701 0.000010
0.179658 0.118336 0.000010 0.148472 0.000010 0.000010 0.080202 0.473292 0.000010
0.315259 0.122915 0.000010 0.048292 0.056706 0.000010 0.009397 0.447400 0.000010
0.327189 0.054628 0.000010 0.133142 0.111196 0.000010 0.064079 0.309736 0.000010
0.317867 0.027794 0.000010 0.000010 0.097080 0.000010 0.132249 0.395398 0.029581
0.286815 0.000010 0.038232 0.024731 0.000010 0.000010 0.251624 0.398557 0.000010
0.304553 0.054340 0.020837 0.218812 0.000010 0.000010 0.000010 0.320189 0.081239
0.279926 0.067575 0.093440 0.296715 0.000010 0.028007 0.000010 0.213440 0.020876
0.061101 0.017481 0.000010 0.284391 0.019239 0.029318 0.125598 0.462851 0.000010
0.187199 0.026833 0.010712 0.197991 0.000010 0.000010 0.163254 0.308823 0.105168
0.198201 0.000010 0.025744 0.128646 0.074494 0.000010 0.145264 0.427620 0.000010
0.121527 0.094234 0.060224 0.289400 0.000010 0.037345 0.060809 0.336442 0.000010
0.139598 0.007675 0.207682 0.163518 0.000010 0.032881 0.089072 0.359554 0.000010
0.193446 0.101170 0.000010 0.208571 0.000010 0.000010 0.106160 0.390613 0.000010
0.190602 0.026188 0.031336 0.222613 0.000010 0.067900 0.070200 0.391141 0.000010
0.110316 0.013544 0.066264 0.199638 0.000010 0.000010 0.023038 0.587169 0.000010
0.146079 0.000010 0.079118 0.117531 0.000010 0.077346 0.112793 0.462860 0.004253
0.381183 0.016336 0.087140 0.025141 0.000010 0.049651 0.148970 0.291560 0.000010
0.289974 0.021443 0.016742 0.102673 0.124369 0.000010 0.027033 0.417746 0.000010
0.329291 0.065849 0.051327 0.083213 0.000010 0.010906 0.135249 0.324145 0.000010
0.198684 0.057116 0.000010 0.159857 0.043325 0.021203 0.155893 0.363902 0.000010
0.334734 0.063573 0.092069 0.097015 0.000010 0.026317 0.041038 0.345235 0.000010
0.242762 0.027188 0.126126 0.093230 0.000010 0.000010 0.080942 0.429723 0.000010
0.085635 0.003758 0.081438 0.148579 0.000010 0.014429 0.098020 0.568123 0.000010
0.250998 0.130230 0.028168 0.276104 0.000010 0.000010 0.010596 0.303873 0.000010
0.059491 0.001745 0.095819 0.119154 0.000010 0.026350 0.197979 0.337984 0.161467
0.222879 0.111831 0.103688 0.105470 0.000010 0.000010 0.144215 0.311888 0.000010
0.225543 0.090576 0.065269 0.067701 0.049566 0.000010 0.060127 0.441198 0.000010
0.055021 0.045462 0.000010 0.169997 0.006365 0.000010 0.214019 0.509105 0.000010
0.336036 0.032139 0.000010 0.171614 0.083190 0.000010 0.052125 0.324866 0.000010
0.015540 0.140133 0.000010 0.273642 0.000010 0.000010 0.085825 0.388729 0.096102
0.260593 0.058858 0.080677 0.000010 0.035318 0.000010 0.125033 0.403653 0.035848
0.322999 0.124966 0.000010 0.075023 0.044762 0.000010 0.000010 0.330419 0.101800
0.263482 0.025679 0.145094 0.222260 0.022355 0.000010 0.067291 0.253819 0.000010
0.220759 0.038647 0.203700 0.070114 0.036364 0.000010 0.118602 0.311795 0.000010
0.279482 0.038082 0.006246 0.136828 0.071567 0.014558 0.161620 0.291472 0.000147
0.095928 0.053562 0.070767 0.015071 0.000010 0.008926 0.221957 0.533770 0.000010
0.051483 0.166995 0.034218 0.038812 0.000010 0.059929 0.078166 0.568838 0.001549
0.159571 0.131573 0.053521 0.083708 0.005309 0.000010 0.082615 0.443747 0.039946
0.110253 0.142358 0.212727 0.167329 0.000010 0.000010 0.092485 0.273754 0.001074
0.123698 0.237616 0.021374 0.127702 0.052786 0.000010 0.058312 0.378493 0.000010
0.218977 0.058386 0.000010 0.114084 0.000010 0.011460 0.162711 0.367169 0.067194
0.266372 0.042684 0.000010 0.150003 0.000010 0.000010 0.166762 0.374139 0.000010
0.213634 0.030042 0.000010 0.099864 0.000010 0.065931 0.191777 0.398721 0.000010
0.245574 0.053906 0.170899 0.072508 0.000010 0.000010 0.056845 0.400237 0.000010
0.383054 0.005857 0.098722 0.139604 0.026343 0.047393 0.029744 0.249737 0.019545
0.216321 0.033746 0.066284 0.099614 0.000010 0.014505 0.193664 0.375846 0.000010
0.268878 0.000010 0.173896 0.000010 0.000010 0.024795 0.164479 0.367911 0.000010
0.258664 0.096863 0.045089 0.139477 0.046358 0.000010 0.039205 0.374324 0.000010
0.036574 0.000010 0.134190 0.263253 0.029478 0.000010 0.249069 0.287407 0.000010
0.000010 0.013429 0.015938 0.000010 0.000010 0.394405 0.000010 0.000010 0.576177
0.000010 0.014854 0.000010 0.011423 0.000010 0.375653 0.028124 0.000010 0.569905
0.000010 0.000010 0.000010 0.000010 0.000010 0.451799 0.000010 0.000010 0.548131
0.000018 0.044667 0.000010 0.000010 0.000010 0.380173 0.000010 0.000010 0.575092
0.000010 0.028777 0.000010 0.000010 0.000010 0.330953 0.000010 0.000010 0.640210
0.000010 0.018226 0.000010 0.000010 0.000010 0.304227 0.000010 0.000010 0.677487
0.000013 0.018444 0.000010 0.000010 0.000010 0.535610 0.051426 0.000010 0.394467
0.000010 0.038978 0.000010 0.000010 0.026874 0.375056 0.025119 0.000010 0.533933
0.000010 0.000755 0.018224 0.000010 0.000010 0.424715 0.018650 0.000010 0.537616
0.000010 0.000010 0.012635 0.000010 0.000010 0.213663 0.039231 0.000010 0.734421
0.000010 0.014820 0.000010 0.000010 0.000010 0.429413 0.000010 0.000010 0.555707
0.000010 0.000010 0.000010 0.000010 0.001960 0.387866 0.055753 0.023605 0.530776
0.000010 0.028877 0.000010 0.000010 0.000010 0.421508 0.000010 0.029771 0.519793
0.000010 0.031255 0.000010 0.000010 0.000010 0.344682 0.000010 0.061362 0.562651
0.000010 0.014099 0.000010 0.000010 0.000010 0.412302 0.041549 0.000010 0.532000
0.000010 0.012136 0.042591 0.000011 0.000010 0.310610 0.011248 0.000010 0.623374
0.000010 0.031184 0.014862 0.000010 0.002845 0.272793 0.000010 0.023174 0.655113
0.000010 0.026826 0.000013 0.000010 0.000010 0.348030 0.000010 0.009551 0.615540
0.000010 0.000010 0.000010 0.004403 0.000010 0.298925 0.028480 0.011552 0.656600
0.000010 0.000010 0.021074 0.000010 0.000010 0.224905 0.000010 0.000010 0.753960
0.000010 0.022420 0.010972 0.000010 0.008465 0.382876 0.000010 0.000010 0.575228
0.000010 0.016020 0.000010 0.000010 0.000017 0.272401 0.005196 0.000010 0.706327
0.000010 0.000010 0.016899 0.000010 0.017426 0.318664 0.000010 0.000010 0.646961
0.000010 0.000010 0.031483 0.000010 0.000010 0.436530 0.000010 0.000010 0.531927
0.000010 0.020500 0.000010 0.000010 0.000010 0.277141 0.014493 0.044622 0.643204
0.000010 0.027075 0.000019 0.000010 0.000010 0.387852 0.000010 0.000010 0.585004
0.000010 0.035271 0.000010 0.000010 0.000010 0.351748 0.019844 0.000010 0.593086
0.000010 0.012241 0.000010 0.000010 0.001547 0.243169 0.000010 0.000010 0.742994
0.027065 0.001161 0.000010 0.000010 0.796309 0.000010 0.175416 0.000010 0.000010
0.311831 0.000010 0.095485 0.434965 0.000010 0.063177 0.000010 0.094502 0.000010
0.371766 0.027770 0.000010 0.411201 0.062848 0.052722 0.000010 0.037606 0.036067
0.319027 0.150773 0.015086 0.268813 0.062138 0.002753 0.000010 0.181390 0.000010
0.426651 0.033250 0.122743 0.338390 0.015154 0.000010 0.000010 0.063783 0.000010
0.388681 0.002477 0.130008 0.285910 0.000010 0.000010 0.000010 0.191833 0.001062
0.368390 0.091030 0.000010 0.267983 0.045804 0.000010 0.055611 0.171152 0.000010
0.407251 0.000010 0.000010 0.312777 0.000010 0.028050 0.000010 0.215740 0.036141
0.445316 0.045855 0.004939 0.485501 0.018348 0.000010 0.000010 0.000010 0.000010
0.310079 0.044945 0.095781 0.378497 0.010685 0.036913 0.042106 0.080984 0.000010
0.537786 0.015679 0.000010 0.057326 0.013107 0.008069 0.017475 0.281156 0.069392
0.291784 0.000010 0.034912 0.228458 0.026798 0.000010 0.000010 0.334744 0.083275
0.505152 0.036458 0.000010 0.332905 0.016163 0.056891 0.021167 0.028434 0.002821
0.563605 0.076045 0.000010 0.202212 0.038899 0.000010 0.000010 0.119199 0.000010
0.320836 0.035751 0.000010 0.304457 0.000010 0.000010 0.011999 0.326917 0.000010
0.452163 0.086469 0.011579 0.197820 0.007634 0.020688 0.000010 0.143647 0.079991
0.316715 0.014108 0.000010 0.292545 0.091947 0.000010 0.000010 0.253845 0.030810
0.300583 0.046964 0.025627 0.431019 0.000010 0.000010 0.144988 0.050789 0.000010
0.411542 0.019495 0.000010 0.293513 0.000010 0.000010 0.000010 0.275401 0.000010
0.344548 0.045375 0.000010 0.390244 0.000010 0.000010 0.094276 0.125516 0.000010
0.417697 0.037322 0.011295 0.309051 0.000010 0.009899 0.000010 0.214706 0.000010
0.376672 0.082031 0.014324 0.348958 0.024167 0.000010 0.000010 0.115686 0.038142
0.548787 0.000010 0.000010 0.278777 0.000010 0.000010 0.000010 0.172376 0.000010
0.347809 0.000010 0.000010 0.311235 0.000010 0.000010 0.059460 0.229587 0.051868
0.315443 0.000010 0.063466 0.438789 0.032094 0.014503 0.001494 0.134190 0.000010
0.264033 0.048328 0.039167 0.377126 0.000010 0.000010 0.000010 0.193257 0.078059
0.453665 0.000010 0.008511 0.317752 0.019582 0.000010 0.043350 0.157110 0.000010
0.313620 0.000010 0.000010 0.255566 0.156277 0.000010 0.000010 0.274487 0.000010
0.364805 0.030537 0.000010 0.421821 0.009497 0.039814 0.000010 0.133496 0.000010
0.001189 0.011845 0.000010 0.000010 0.928838 0.004860 0.008432 0.000010 0.044805
0.000013 0.013414 0.000010 0.000010 0.962365 0.020296 0.000010 0.000010 0.003872
0.000010 0.000010 0.000010 0.000010 0.990578 0.000010 0.000010 0.000010 0.009352
0.000012 0.026408 0.000010 0.000010 0.952876 0.000010 0.000010 0.000010 0.020654
0.000010 0.035089 0.000010 0.000010 0.885216 0.000010 0.066245 0.013400 0.000010
0.000010 0.046909 0.000010 0.000010 0.878171 0.000010 0.033391 0.000010 0.041480
0.000010 0.008850 0.000010 0.000010 0.929762 0.000010 0.022382 0.000010 0.038956
0.000010 0.037057 0.000010 0.000010 0.900663 0.000010 0.035778 0.000010 0.026452
0.000010 0.036973 0.000010 0.000010 0.952288 0.000010 0.000010 0.000010 0.010679
0.000010 0.022161 0.000010 0.000010 0.962255 0.000010 0.000010 0.000010 0.015524
0.000010 0.000018 0.000010 0.013555 0.943344 0.000010 0.000010 0.042632 0.000411
0.000010 0.000010 0.000010 0.020069 0.929279 0.000010 0.020465 0.000010 0.030137
0.015534 0.028596 0.000010 0.000010 0.955811 0.000010 0.000010 0.000010 0.000010
0.000010 0.020921 0.000010 0.000010 0.947194 0.000010 0.000010 0.000010 0.031826
0.012803 0.012490 0.000010 0.000010 0.959366 0.000010 0.000010 0.000010 0.015291
0.000010 0.017007 0.006449 0.000010 0.914487 0.000010 0.000010 0.014493 0.047524
0.000010 0.022016 0.000010 0.000010 0.959825 0.000010 0.018099 0.000010 0.000010
0.672221 0.027953 0.000010 0.017221 0.038166 0.000010 0.038892 0.140892 0.064635
0.659025 0.000010 0.000010 0.077364 0.000010 0.000010 0.000010 0.228040 0.035521
0.469166 0.000010 0.040659 0.182313 0.000010 0.034521 0.064704 0.208607 0.000010
0.617147 0.048943 0.020865 0.133341 0.000010 0.002493 0.000010 0.146355 0.030837
0.548957 0.000864 0.000010 0.102438 0.000010 0.000010 0.029870 0.317831 0.000010
0.542273 0.046038 0.000010 0.038483 0.032324 0.000010 0.000010 0.340841 0.000010
0.609544 0.000010 0.023221 0.083206 0.000010 0.000010 0.041415 0.242573 0.000010
0.632034 0.059886 0.000010 0.000010 0.000010 0.001948 0.037797 0.268295 0.000010
0.588003 0.079748 0.000010 0.000013 0.077435 0.041193 0.019591 0.193997 0.000010
0.549604 0.040970 0.000010 0.138895 0.000010 0.000010 0.000010 0.243339 0.027151
0.575762 0.000010 0.000010 0.080739 0.000010 0.000010 0.029188 0.312479 0.001792
0.575904 0.000010 0.000010 0.054559 0.000010 0.000010 0.000010 0.369477 0.000010
0.548467 0.063112 0.000010 0.066687 0.083811 0.000010 0.002239 0.235653 0.000010
0.705311 0.000010 0.000010 0.000010 0.042404 0.000010 0.000010 0.252224 0.000010
0.517121 0.000010 0.091519 0.000010 0.000010 0.077938 0.000010 0.313372 0.000010
0.563339 0.041003 0.000010 0.124452 0.000010 0.072197 0.000010 0.198970 0.000010
0.417403 0.039286 0.000010 0.018548 0.127242 0.000010 0.000010 0.300490 0.097000
0.500297 0.000010 0.109868 0.000997 0.045964 0.000010 0.000010 0.296565 0.046280
0.553162 0.000010 0.000010 0.208341 0.000010 0.043238 0.000010 0.195209 0.000010
0.771779 0.017626 0.050762 0.063354 0.000010 0.000010 0.000010 0.078191 0.018259
0.544733 0.013188 0.000010 0.112748 0.026054 0.000010 0.058207 0.185152 0.059897
0.609852 0.087992 0.000010 0.000010 0.000010 0.000010 0.000010 0.274122 0.027984
0.540734 0.000010 0.000010 0.000010 0.048643 0.000010 0.000010 0.317806 0.092768
0.629413 0.000014 0.000010 0.018867 0.000010 0.000010 0.000010 0.295531 0.056135
0.610767 0.000010 0.025379 0.127234 0.000011 0.000010 0.113655 0.122924 0.000010
0.429715 0.000010 0.039699 0.137913 0.059329 0.007943 0.068299 0.257082 0.000010
0.577322 0.024077 0.082053 0.089489 0.036549 0.007352 0.000010 0.156888 0.026260
0.705967 0.045174 0.004931 0.078849 0.000010 0.000010 0.000010 0.111422 0.053627
0.700102 0.000010 0.088630 0.085906 0.016959 0.000010 0.045580 0.019421 0.043383
0.667723 0.000010 0.000010 0.003878 0.000010 0.012343 0.055706 0.260311 0.000010
0.602256 0.031541 0.117453 0.000010 0.008905 0.000010 0.000010 0.239805 0.000010
0.560780 0.000010 0.028360 0.043288 0.003565 0.001951 0.069574 0.202890 0.089583
0.614349 0.029490 0.000010 0.000010 0.016876 0.025260 0.000010 0.313985 0.000010
0.504982 0.000010 0.000010 0.140951 0.095230 0.029829 0.000010 0.182424 0.046555
0.454800 0.000015 0.000010 0.092958 0.000010 0.000010 0.000010 0.330506 0.121681
0.522344 0.085940 0.000010 0.019324 0.000010 0.000010 0.000010 0.372343 0.000010
0.353904 0.000010 0.090353 0.183074 0.123795 0.000010 0.000010 0.146232 0.102612
0.695226 0.000010 0.000010 0.013255 0.000010 0.003012 0.000010 0.288457 0.000010
0.587200 0.019638 0.000011 0.000010 0.000010 0.026137 0.000010 0.366974 0.000010
0.512283 0.000010 0.000010 0.100607 0.005882 0.000010 0.000010 0.322100 0.059088
0.589892 0.000010 0.000010 0.012192 0.000010 0.000010 0.034528 0.363338 0.000010
0.496243 0.040773 0.049013 0.111912 0.031121 0.044883 0.000010 0.226035 0.000010
0.525324 0.000010 0.056428 0.075787 0.004936 0.095724 0.072931 0.111557 0.057304
0.605461 0.000010 0.000010 0.000010 0.000010 0.043880 0.000010 0.155263 0.195346
0.608241 0.032965 0.000010 0.070120 0.037902 0.037775 0.000010 0.116458 0.096519
0.553581 0.021017 0.000010 0.009334 0.000010 0.015427 0.000010 0.343423 0.057188
0.529974 0.034525 0.000010 0.087684 0.000010 0.000010 0.000010 0.259918 0.087859
0.634481 0.043119 0.000013 0.000010 0.000010 0.083144 0.023018 0.109752 0.106453
0.690434 0.031944 0.000010 0.046213 0.032016 0.000010 0.000010 0.170844 0.028519
0.574185 0.073169 0.000010 0.147583 0.000010 0.005057 0.000010 0.059271 0.140706
0.601162 0.000010 0.000010 0.000010 0.000017 0.030587 0.000010 0.287746 0.080448
0.602598 0.000010 0.000010 0.000010 0.000010 0.003682 0.091148 0.257807 0.044724
0.737146 0.023007 0.000011 0.000010 0.000010 0.026004 0.006412 0.207390 0.000010
0.470487 0.000010 0.000010 0.093491 0.099527 0.010192 0.069900 0.133601 0.122783
0.490296 0.000010 0.034871 0.000010 0.000010 0.018926 0.000010 0.356481 0.099386
0.045848 0.020936 0.000010 0.073685 0.026162 0.121448 0.024762 0.004563 0.682585
0.623732 0.000010 0.000010 0.055582 0.000010 0.000010 0.000010 0.166241 0.154395
0.521830 0.001400 0.000010 0.079405 0.059371 0.000010 0.122136 0.077398 0.138440
0.510103 0.000010 0.000010 0.089212 0.000010 0.072157 0.000010 0.065204 0.263284
0.530380 0.000010 0.017039 0.001500 0.000407 0.010819 0.000010 0.357591 0.082245
0.607366 0.028667 0.000010 0.010194 0.000010 0.094646 0.003116 0.196563 0.059429
0.559381 0.000010 0.000010 0.101948 0.000010 0.074730 0.040263 0.114541 0.109107
0.621336 0.023017 0.013595 0.037750 0.000010 0.052324 0.009736 0.134764 0.107468
0.581680 0.000010 0.020527 0.152786 0.027519 0.000010 0.000010 0.170220 0.047239
0.472503 0.000010 0.000010 0.000010 0.000010 0.000010 0.025490 0.231312 0.270645
0.469718 0.000010 0.000010 0.053542 0.017776 0.039263 0.003698 0.144392 0.271591
0.488554 0.062230 0.000010 0.085313 0.000010 0.000010 0.062360 0.152197 0.149316
0.610332 0.041473 0.056615 0.013446 0.018827 0.001401 0.000010 0.183365 0.074531
0.445546 0.090967 0.058296 0.149219 0.035827 0.003458 0.000010 0.022642 0.194035
0.582608 0.000010 0.000010 0.033906 0.000010 0.000010 0.088713 0.244352 0.050381
0.448233 0.046094 0.000010 0.000010 0.000010 0.000010 0.029659 0.253065 0.222910
0.444742 0.000010 0.038009 0.137806 0.000010 0.047911 0.000010 0.331493 0.000010
0.548320 0.018891 0.022827 0.126509 0.000010 0.043012 0.000010 0.240411 0.000010
0.534046 0.000010 0.087827 0.137177 0.070809 0.016264 0.000010 0.150861 0.002996
0.532189 0.000010 0.000010 0.036376 0.000010 0.089984 0.024420 0.215065 0.101935
0.655325 0.000011 0.000010 0.023207 0.030400 0.000010 0.000010 0.253237 0.037789
0.572568 0.001410 0.000010 0.000010 0.000010 0.078896 0.096798 0.244162 0.006136
0.383787 0.018495 0.015592 0.164069 0.000010 0.000010 0.044000 0.228747 0.145291
0.600953 0.006322 0.008840 0.000010 0.012603 0.009480 0.029179 0.217957 0.114656
0.614833 0.021580 0.000010 0.124517 0.000010 0.041602 0.026040 0.169489 0.001920
0.639325 0.022264 0.000010 0.000010 0.048265 0.001392 0.000010 0.288715 0.000010
0.551111 0.000010 0.013295 0.000010 0.009672 0.000010 0.000010 0.176136 0.249747
0.691452 0.099070 0.000010 0.000010 0.000010 0.023201 0.000010 0.070908 0.115329
0.678918 0.085897 0.037634 0.000749 0.000010 0.000010 0.000010 0.196762 0.000010
0.599389 0.000010 0.014120 0.156188 0.004664 0.000010 0.000010 0.145342 0.080267
0.362882 0.104132 0.000010 0.000010 0.000010 0.075279 0.044195 0.103181 0.310302
0.461804 0.099193 0.000010 0.000010 0.058644 0.127919 0.000010 0.240643 0.011766
0.000010 0.011958 0.000010 0.000010 0.828433 0.000010 0.147799 0.000010 0.011759
0.000010 0.017454 0.000010 0.000010 0.800362 0.000010 0.162175 0.000010 0.019959
0.000010 0.026179 0.000010 0.000010 0.832598 0.000010 0.050198 0.081282 0.009704
0.000010 0.022494 0.028930 0.018480 0.771915 0.000010 0.141161 0.000010 0.016989
0.000010 0.000010 0.000010 0.000016 0.848731 0.000010 0.151193 0.000010 0.000010
0.000010 0.000010 0.049615 0.000010 0.814786 0.000010 0.115658 0.000010 0.019892
0.000010 0.034321 0.000010 0.000010 0.833549 0.000012 0.116947 0.000010 0.015131
0.530652 0.000013 0.000010 0.169831 0.005176 0.000010 0.026653 0.267644 0.000010
0.592979 0.034854 0.000010 0.156975 0.000010 0.000010 0.006741 0.208411 0.000010
0.524222 0.007893 0.000010 0.262538 0.000010 0.009681 0.086792 0.108844 0.000010
0.587699 0.000010 0.035746 0.193901 0.000010 0.000010 0.003041 0.179573 0.000010
0.587035 0.014751 0.000010 0.284549 0.000010 0.016011 0.000010 0.097615 0.000010
0.518969 0.047691 0.000010 0.205415 0.000010 0.000010 0.074476 0.153409 0.000010
0.732617 0.031942 0.019610 0.160203 0.000010 0.000010 0.000010 0.055588 0.000010
0.720680 0.078201 0.000010 0.076573 0.000010 0.000010 0.000010 0.124496 0.000010
0.469788 0.035764 0.000010 0.250893 0.000010 0.000010 0.040726 0.202789 0.000010
0.564804 0.040931 0.000010 0.238961 0.000010 0.000010 0.067355 0.087909 0.000010
0.526404 0.004963 0.000010 0.000010 0.042024 0.037441 0.063880 0.304309 0.020959
0.450277 0.036063 0.000017 0.124674 0.003784 0.059639 0.000010 0.316728 0.008807
0.432836 0.000010 0.007670 0.078000 0.149735 0.000010 0.000013 0.331716 0.000010
0.515651 0.000010 0.061363 0.136818 0.000010 0.000010 0.000010 0.244193 0.041935
0.609618 0.046348 0.000010 0.040257 0.000010 0.048008 0.058464 0.197275 0.000010
0.447171 0.000010 0.000010 0.105151 0.000012 0.104333 0.000010 0.230056 0.113247
0.541626 0.040506 0.067157 0.048355 0.000010 0.000010 0.000010 0.297194 0.005131
0.540072 0.027139 0.000010 0.121232 0.104149 0.000010 0.000010 0.168139 0.039240
0.663641 0.000010 0.008650 0.066249 0.000010 0.000010 0.000010 0.196243 0.065177
0.706539 0.020559 0.061275 0.000010 0.000010 0.032393 0.000010 0.149367 0.029837
0.454832 0.019258 0.027733 0.000010 0.000010 0.000010 0.000010 0.348205 0.149931
0.531729 0.000010 0.000010 0.000010 0.000010 0.105042 0.053153 0.310026 0.000010
0.574867 0.006312 0.016422 0.100511 0.000010 0.000010 0.048733 0.171087 0.082048
0.382715 0.079615 0.004770 0.055426 0.000010 0.014860 0.048220 0.406416 0.007968
0.630850 0.000010 0.003650 0.025310 0.000010 0.000010 0.000010 0.301306 0.038843
0.692887 0.017614 0.000010 0.000010 0.011364 0.040285 0.000010 0.214556 0.023265
0.393574 0.052626 0.075326 0.000010 0.000010 0.000010 0.000010 0.229234 0.249200
0.634182 0.000010 0.000010 0.000010 0.000010 0.059321 0.000010 0.300205 0.006243
0.718787 0.000010 0.000010 0.000010 0.000010 0.069155 0.082424 0.129583 0.000010
0.665586 0.000010 0.000010 0.058458 0.104444 0.000010 0.000010 0.139063 0.032409
0.581524 0.058745 0.000010 0.000010 0.000011 0.003917 0.000010 0.244790 0.110983
0.502183 0.088174 0.000010 0.000010 0.010940 0.085382 0.034127 0.192953 0.086221
0.618195 0.037907 0.000010 0.000010 0.000010 0.038004 0.000010 0.281557 0.024297
0.590423 0.000010 0.029037 0.000010 0.000010 0.118931 0.000010 0.227205 0.034364
0.559432 0.066960 0.000010 0.046096 0.000010 0.039689 0.000010 0.161606 0.126188
0.000010 0.882578 0.085039 0.000010 0.000010 0.000010 0.000010 0.032323 0.000010
0.000010 0.802841 0.152044 0.019730 0.000010 0.000010 0.025335 0.000010 0.000010
0.000010 0.865983 0.027454 0.000010 0.003415 0.000010 0.103098 0.000010 0.000010
0.000010 0.845410 0.150462 0.004065 0.000012 0.000010 0.000010 0.000010 0.000010
0.032023 0.000010 0.505108 0.000010 0.000010 0.036855 0.367733 0.052391 0.005860
0.000010 0.051445 0.539560 0.018749 0.000010 0.000010 0.390197 0.000010 0.000010
0.128086 0.022057 0.435096 0.029310 0.000010 0.000010 0.306385 0.079036 0.000010
0.034257 0.140011 0.367106 0.040375 0.067459 0.035789 0.225274 0.089719 0.000010
0.000010 0.055817 0.546445 0.000010 0.032999 0.008961 0.297440 0.058309 0.000010
0.000010 0.000010 0.509903 0.021005 0.105360 0.000010 0.363682 0.000010 0.000010
0.000010 0.108303 0.371402 0.000010 0.041744 0.006388 0.417682 0.054451 0.000010
0.000010 0.054388 0.583263 0.000010 0.046358 0.000010 0.315941 0.000010 0.000010
0.000010 0.056699 0.403962 0.000010 0.040011 0.101334 0.370133 0.027831 0.000010
0.000010 0.036905 0.485253 0.086769 0.000010 0.006179 0.369244 0.015620 0.000010
0.460072 0.015605 0.046041 0.143553 0.010652 0.014923 0.071674 0.000010 0.237470
0.521171 0.000010 0.037200 0.000010 0.000010 0.031016 0.000010 0.279014 0.131560
0.482763 0.072116 0.000010 0.028675 0.000010 0.058738 0.027975 0.260259 0.069454
0.601691 0.000010 0.000010 0.095891 0.000014 0.000010 0.000010 0.206404 0.095959
0.560593 0.012578 0.014943 0.000010 0.000010 0.000010 0.036278 0.322475 0.053103
0.557063 0.000017 0.000010 0.048817 0.000010 0.000010 0.022069 0.263060 0.108944
0.531028 0.025787 0.000010 0.009886 0.000010 0.000010 0.067083 0.203851 0.162335
0.621467 0.000010 0.000010 0.025177 0.000010 0.000010 0.094567 0.203252 0.055497
0.596301 0.063772 0.000010 0.099793 0.000010 0.114165 0.019695 0.106244 0.000010
0.598772 0.000010 0.000010 0.000010 0.000010 0.044388 0.025648 0.262780 0.068372
0.527259 0.055767 0.000010 0.186039 0.000010 0.008792 0.000010 0.177194 0.044919
0.425048 0.025212 0.027744 0.035074 0.029133 0.070033 0.000010 0.305517 0.082229
0.599049 0.000010 0.018355 0.019818 0.000010 0.108966 0.086563 0.167220 0.000010
0.452822 0.000016 0.004682 0.020734 0.058306 0.000010 0.000010 0.453040 0.010381
0.591455 0.000010 0.000010 0.000010 0.000010 0.052009 0.000010 0.356475 0.000010
0.630404 0.000900 0.000010 0.000010 0.000010 0.088735 0.092724 0.175772 0.011435
0.581051 0.055228 0.000010 0.105976 0.000010 0.000010 0.000010 0.176904 0.080802
0.534668 0.000010 0.025541 0.165523 0.000010 0.000010 0.006327 0.216500 0.051411
0.599720 0.000010 0.000010 0.106208 0.015880 0.026447 0.000010 0.251705 0.000010
0.558008 0.000010 0.144613 0.205397 0.000010 0.066096 0.000010 0.025846 0.000010
0.512596 0.000010 0.197954 0.000010 0.000010 0.042770 0.000010 0.239198 0.007442
0.000010 0.082801 0.486485 0.000010 0.025608 0.000013 0.356586 0.048476 0.000010
0.000010 0.060108 0.643278 0.000010 0.000010 0.000010 0.296554 0.000010 0.000010
0.000010 0.085544 0.637538 0.000010 0.000010 0.000010 0.276858 0.000010 0.000010
0.000010 0.062980 0.591950 0.000010 0.000010 0.027270 0.273596 0.037138 0.007035
0.000010 0.064295 0.653514 0.043857 0.000010 0.000010 0.238283 0.000010 0.000010
0.005644 0.051349 0.685704 0.000010 0.000010 0.000010 0.257253 0.000010 0.000010
0.000010 0.099470 0.598159 0.000010 0.016365 0.000010 0.285956 0.000010 0.000010
0.000010 0.049111 0.597779 0.090807 0.000010 0.000010 0.251325 0.010939 0.000010
0.005245 0.084425 0.713365 0.000010 0.000010 0.000010 0.178761 0.018164 0.000010
0.000010 0.132457 0.476245 0.000010 0.067387 0.000010 0.323862 0.000010 0.000010
0.000010 0.057653 0.524799 0.000010 0.000010 0.000018 0.309315 0.108175 0.000010
0.040274 0.140509 0.559730 0.000010 0.070948 0.000010 0.116151 0.072358 0.000010
0.032693 0.000010 0.656621 0.000010 0.034460 0.011996 0.264190 0.000010 0.000010
0.000010 0.032256 0.711918 0.000010 0.000010 0.000010 0.202080 0.053696 0.000010
0.000010 0.067900 0.633168 0.014193 0.000010 0.000010 0.265450 0.019248 0.000010
0.000014 0.037455 0.629252 0.000010 0.033596 0.000010 0.293843 0.005810 0.000010
0.000010 0.145808 0.507651 0.000010 0.048962 0.000010 0.228658 0.048335 0.020556
0.000010 0.027845 0.599039 0.048052 0.000010 0.000010 0.279209 0.045815 0.000010
0.000010 0.109299 0.656937 0.000010 0.020222 0.000010 0.187915 0.000010 0.025587
0.000010 0.131776 0.675144 0.000010 0.000010 0.000010 0.193020 0.000010 0.000010
0.000010 0.045594 0.700111 0.000010 0.000010 0.000010 0.254235 0.000010 0.000010
0.016623 0.160896 0.627900 0.000010 0.000010 0.021082 0.173459 0.000010 0.000010
0.000010 0.171042 0.494758 0.031466 0.000010 0.000010 0.300532 0.002162 0.000010
0.000010 0.046876 0.712516 0.000010 0.014235 0.000010 0.178449 0.047885 0.000010
0.000010 0.121764 0.573490 0.004389 0.023168 0.000010 0.277149 0.000010 0.000010
0.000010 0.035627 0.672516 0.000010 0.007422 0.000010 0.284385 0.000010 0.000010
0.000388 0.091063 0.575719 0.000010 0.000010 0.000010 0.332779 0.000010 0.000010
0.000010 0.043017 0.675508 0.000010 0.022243 0.007253 0.225287 0.026662 0.000010
0.000010 0.073720 0.577680 0.000010 0.000012 0.005229 0.343319 0.000010 0.000010
0.000010 0.035607 0.690981 0.000010 0.000010 0.000010 0.273352 0.000010 0.000010
0.011112 0.073058 0.631808 0.007951 0.000010 0.000010 0.276031 0.000010 0.000010
0.000010 0.087213 0.655592 0.000010 0.000010 0.000010 0.251534 0.005611 0.000010
0.000010 0.084554 0.457417 0.036813 0.066218 0.000010 0.354959 0.000010 0.000010
0.000010 0.044999 0.565108 0.000010 0.103955 0.000010 0.285888 0.000010 0.000010
0.000010 0.023002 0.548429 0.000010 0.077652 0.000010 0.339357 0.000010 0.011520
0.000016 0.033093 0.712836 0.000010 0.000010 0.000010 0.254005 0.000010 0.000010
0.000010 0.022373 0.745353 0.000010 0.001234 0.004411 0.226590 0.000010 0.000010
0.000010 0.057500 0.662081 0.000010 0.000010 0.000010 0.280359 0.000010 0.000010
0.000010 0.085123 0.649397 0.000010 0.000010 0.000010 0.265420 0.000010 0.000010
0.000010 0.028053 0.023929 0.000010 0.808389 0.000010 0.118343 0.013778 0.007479
0.000010 0.000010 0.025290 0.000010 0.803720 0.000010 0.170921 0.000019 0.000010
0.000010 0.057089 0.753599 0.000010 0.000010 0.000010 0.142205 0.047057 0.000010
0.000010 0.103208 0.640065 0.000010 0.025949 0.000010 0.230728 0.000010 0.000010
0.330096 0.000010 0.051948 0.347305 0.017054 0.031001 0.011003 0.211574 0.000010
0.184468 0.000010 0.008218 0.607189 0.005160 0.029791 0.044316 0.120838 0.000010
0.216036 0.000010 0.000010 0.535562 0.034612 0.056291 0.016606 0.140864 0.000010
0.303977 0.038770 0.000010 0.444508 0.000010 0.000010 0.011835 0.169982 0.030898
0.314645 0.000010 0.000010 0.389098 0.000010 0.000010 0.128718 0.167489 0.000010
0.375372 0.000010 0.000010 0.273113 0.041430 0.000010 0.000010 0.284969 0.025076
0.369801 0.077437 0.000010 0.404692 0.008193 0.008022 0.000010 0.122425 0.009409
0.397361 0.000010 0.000010 0.353548 0.039496 0.000010 0.000010 0.209545 0.000010
0.413123 0.000010 0.000010 0.321337 0.000010 0.000010 0.105670 0.159821 0.000010
0.360435 0.014769 0.042137 0.357687 0.000010 0.000010 0.010868 0.214074 0.000010
0.344579 0.145914 0.028358 0.265770 0.006014 0.000010 0.000010 0.209335 0.000010
0.366829 0.121665 0.000010 0.466381 0.000010 0.000010 0.000010 0.045075 0.000010
0.338823 0.040906 0.000010 0.392738 0.000010 0.003787 0.000010 0.223706 0.000010
0.000010 0.043714 0.729484 0.000010 0.000010 0.000010 0.226742 0.000010 0.000010
0.000010 0.017208 0.558695 0.005970 0.054370 0.000010 0.363717 0.000010 0.000010
0.000013 0.118693 0.587986 0.000010 0.000010 0.000010 0.293257 0.000011 0.000010
0.000010 0.049078 0.651155 0.008749 0.000010 0.000010 0.290968 0.000010 0.000010
0.000010 0.090432 0.616211 0.042535 0.000010 0.000010 0.250772 0.000010 0.000010
0.000010 0.058300 0.448503 0.000018 0.000010 0.030619 0.461193 0.000010 0.001337
0.000010 0.013037 0.570916 0.000010 0.070421 0.000010 0.345575 0.000010 0.000010
0.000010 0.030752 0.686097 0.000010 0.000010 0.007238 0.275863 0.000010 0.000010
0.000010 0.073835 0.610476 0.000010 0.000010 0.000010 0.315629 0.000010 0.000010
0.000010 0.000010 0.546783 0.027285 0.000010 0.000010 0.412716 0.000010 0.013165
0.040988 0.034976 0.512967 0.000010 0.017706 0.004185 0.389148 0.000010 0.000010
0.000010 0.048221 0.719632 0.000010 0.000010 0.000010 0.166399 0.064519 0.001188
