0.266409 0.000010 0.058016 0.106489 0.067774 0.059731 0.000010 0.441551 0.000010
0.367273 0.187790 0.011144 0.000010 0.000010 0.000010 0.062570 0.368564 0.002628
0.488730 0.035852 0.001232 0.065637 0.029832 0.000010 0.000010 0.357069 0.021628
0.246342 0.014111 0.000010 0.000010 0.000010 0.035261 0.198811 0.410116 0.095329
0.198432 0.000010 0.031313 0.181992 0.104475 0.000010 0.033109 0.397236 0.053422
0.299984 0.000010 0.000010 0.085232 0.080185 0.007986 0.073785 0.274648 0.178159
0.508520 0.000010 0.016389 0.066157 0.000010 0.000010 0.066514 0.342379 0.000010
0.377668 0.012857 0.034185 0.001589 0.098860 0.000010 0.008204 0.466617 0.000010
0.174183 0.106965 0.098986 0.313855 0.000010 0.010250 0.016723 0.279018 0.000010
0.212183 0.000010 0.064304 0.000010 0.083749 0.065921 0.073664 0.297901 0.202258
0.233379 0.061446 0.031461 0.023143 0.037635 0.000010 0.099663 0.497769 0.015493
0.459255 0.006581 0.069733 0.000010 0.108832 0.000010 0.081743 0.245996 0.027838
0.329231 0.044646 0.081130 0.000010 0.016959 0.000010 0.111270 0.416734 0.000010
0.299014 0.005884 0.123521 0.055516 0.000010 0.000010 0.063472 0.413351 0.039221
0.252663 0.052669 0.000010 0.199825 0.000010 0.002142 0.093795 0.398875 0.000010
0.198978 0.000010 0.044387 0.153629 0.019240 0.035982 0.000010 0.475141 0.072623
0.327267 0.000010 0.031017 0.000010 0.030270 0.000010 0.099049 0.512356 0.000010
0.192757 0.000010 0.075098 0.162836 0.000010 0.000010 0.101350 0.434451 0.033478
0.179981 0.088515 0.124004 0.160181 0.000704 0.000010 0.062205 0.375445 0.008954
0.437271 0.000010 0.092423 0.089342 0.065256 0.018502 0.058376 0.238809 0.000010
0.178347 0.000010 0.000010 0.005902 0.000010 0.000010 0.114520 0.592253 0.108938
0.445042 0.000010 0.000010 0.127236 0.168521 0.000010 0.041802 0.217359 0.000010
0.141830 0.000010 0.094813 0.117529 0.005454 0.000010 0.057337 0.572215 0.010802
0.215179 0.000010 0.060172 0.000010 0.000010 0.045636 0.128509 0.550463 0.000010
0.220602 0.063566 0.000010 0.187462 0.018910 0.000010 0.043120 0.442831 0.023490
0.212198 0.148546 0.000010 0.215182 0.074597 0.000010 0.009086 0.340361 0.000010
0.256060 0.007288 0.000010 0.254893 0.000010 0.000010 0.061434 0.383351 0.036943
0.309730 0.110322 0.000010 0.208633 0.000010 0.003118 0.027670 0.242186 0.098321
0.373638 0.004162 0.051718 0.101171 0.066928 0.000010 0.040860 0.361503 0.000010
0.423952 0.057324 0.000010 0.180807 0.000010 0.000010 0.046219 0.291657 0.000010
0.389437 0.000010 0.110294 0.078020 0.010236 0.000010 0.000010 0.411973 0.000010
0.442363 0.033838 0.026413 0.032624 0.000010 0.059821 0.081455 0.323466 0.000010
0.398912 0.008933 0.043758 0.090461 0.007311 0.067662 0.018177 0.364775 0.000010
0.087651 0.056469 0.342880 0.000010 0.000010 0.000010 0.140189 0.334068 0.038713
0.176814 0.000010 0.008850 0.000010 0.000010 0.022171 0.239936 0.552190 0.000010
0.171476 0.127119 0.000010 0.065197 0.022259 0.000010 0.099534 0.461439 0.052956
0.327232 0.002103 0.100191 0.116403 0.000010 0.000010 0.000010 0.448768 0.005273
0.296588 0.000010 0.031879 0.000010 0.031303 0.034445 0.105759 0.412999 0.087007
0.288968 0.000010 0.042518 0.018671 0.000010 0.050415 0.004892 0.208918 0.385599
0.378793 0.045995 0.013195 0.050022 0.045640 0.000010 0.054463 0.411872 0.000010
0.271709 0.057524 0.028173 0.083646 0.070829 0.022005 0.024036 0.306637 0.135441
0.280246 0.000010 0.000010 0.095410 0.015922 0.034183 0.147292 0.426917 0.000010
0.400577 0.000955 0.000010 0.234864 0.000814 0.000010 0.043994 0.318767 0.000010
0.479566 0.047883 0.054197 0.000010 0.000010 0.000010 0.060105 0.358208 0.000010
0.321840 0.027916 0.026503 0.148948 0.038182 0.000150 0.067608 0.294973 0.073880
0.370806 0.000010 0.056420 0.138591 0.082794 0.000010 0.115648 0.235711 0.000010
0.297472 0.086865 0.000010 0.007076 0.045571 0.033515 0.005826 0.523655 0.000010
0.447002 0.000010 0.000010 0.000010 0.073866 0.000010 0.025976 0.453106 0.000010
0.266600 0.081778 0.219998 0.148973 0.057957 0.000010 0.049143 0.175533 0.000010
0.141602 0.000010 0.312699 0.122187 0.000010 0.019662 0.127130 0.276689 0.000010
0.218545 0.133479 0.125790 0.201281 0.000010 0.000010 0.117342 0.186575 0.016968
0.121682 0.103052 0.300373 0.006042 0.079430 0.010272 0.059775 0.288643 0.030731
0.294793 0.073685 0.093262 0.096117 0.000010 0.067461 0.043257 0.331404 0.000010
0.151216 0.108628 0.175496 0.107952 0.017384 0.044690 0.078804 0.207630 0.108200
0.041902 0.122173 0.180763 0.000010 0.117465 0.000010 0.210296 0.294622 0.032759
0.188372 0.010831 0.296341 0.221536 0.000010 0.000010 0.154858 0.121376 0.006665
0.192013 0.090983 0.165186 0.110202 0.021208 0.000010 0.088964 0.320742 0.010694
0.035518 0.003720 0.469936 0.020658 0.044415 0.000010 0.112145 0.313587 0.000010
0.202065 0.039338 0.319953 0.017753 0.020578 0.020205 0.203356 0.176742 0.000010
0.219449 0.091481 0.202825 0.100121 0.000010 0.000010 0.142952 0.243142 0.000010
0.094912 0.000010 0.367531 0.134405 0.000010 0.037748 0.104129 0.261245 0.000010
0.239150 0.038038 0.198931 0.001789 0.000010 0.026005 0.000010 0.496056 0.000010
0.048431 0.000010 0.409755 0.064770 0.000010 0.001651 0.216578 0.258785 0.000010
0.000010 0.000010 0.608499 0.006673 0.000010 0.000010 0.201592 0.183185 0.000010
0.224112 0.070219 0.304531 0.048523 0.008710 0.006768 0.014950 0.305367 0.016821
0.100579 0.013871 0.256522 0.084567 0.028694 0.012798 0.245239 0.257719 0.000010
0.132496 0.008023 0.293040 0.181313 0.168267 0.000010 0.098650 0.118191 0.000010
0.133907 0.004059 0.264535 0.158829 0.000010 0.017717 0.019637 0.371496 0.029810
0.000010 0.079679 0.339121 0.238645 0.000012 0.000010 0.144669 0.197845 0.000010
0.375618 0.041948 0.061369 0.000010 0.000010 0.032941 0.106639 0.381456 0.000010
0.334996 0.084874 0.070437 0.000010 0.000010 0.000010 0.038569 0.264164 0.206930
0.387419 0.171218 0.000010 0.000010 0.039288 0.020218 0.000010 0.380465 0.001362
0.346747 0.000010 0.084205 0.052238 0.009944 0.000010 0.143077 0.363759 0.000010
0.260280 0.157847 0.009578 0.000010 0.000010 0.000010 0.135863 0.284542 0.151860
0.249371 0.043687 0.044199 0.205692 0.000010 0.000010 0.044584 0.412437 0.000010
0.385038 0.000010 0.093027 0.066556 0.150221 0.005259 0.000010 0.276832 0.023046
0.324690 0.110382 0.000010 0.059156 0.000010 0.000010 0.089925 0.415806 0.000010
0.345758 0.123715 0.051116 0.040363 0.000010 0.006735 0.000010 0.226042 0.206250
0.202432 0.000010 0.054494 0.190563 0.013350 0.097047 0.107231 0.310060 0.024813
0.437753 0.000010 0.000010 0.000010 0.000010 0.000010 0.053770 0.443873 0.064553
0.120195 0.000010 0.035502 0.115357 0.006394 0.053191 0.136607 0.532734 0.000010
0.361706 0.000010 0.035928 0.000010 0.000010 0.026474 0.083788 0.397457 0.094618
0.364618 0.060046 0.017349 0.075514 0.000010 0.011515 0.000010 0.306326 0.164612
0.276890 0.045950 0.018835 0.020130 0.090076 0.000010 0.103849 0.444250 0.000010
0.408113 0.075870 0.000010 0.022049 0.033215 0.000010 0.113284 0.347439 0.000010
0.348578 0.000010 0.024252 0.057687 0.000010 0.000368 0.065259 0.330877 0.172958
0.134820 0.000010 0.000010 0.110890 0.003803 0.060849 0.106913 0.242993 0.339713
0.384374 0.016004 0.000010 0.182001 0.106527 0.001709 0.025926 0.120869 0.162580
0.196115 0.000010 0.048418 0.068889 0.037726 0.000010 0.006013 0.334264 0.308555
0.379858 0.000010 0.000010 0.010705 0.046497 0.000010 0.046967 0.491810 0.024132
0.281388 0.003411 0.073274 0.183175 0.000010 0.000010 0.000010 0.364941 0.093781
0.227993 0.110567 0.000010 0.025630 0.063550 0.022080 0.047987 0.502173 0.000010
0.274259 0.000010 0.002126 0.034445 0.000010 0.056269 0.142212 0.490659 0.000010
0.247536 0.000010 0.006052 0.063704 0.075825 0.000010 0.096169 0.476215 0.034479
0.249765 0.000010 0.000010 0.062972 0.000010 0.006759 0.078045 0.602419 0.000010
0.410374 0.000010 0.000784 0.000010 0.000010 0.000010 0.094381 0.494411 0.000010
0.051893 0.061273 0.006621 0.000010 0.000010 0.008923 0.201051 0.516170 0.154049
0.148342 0.000010 0.055150 0.123723 0.000010 0.086466 0.193971 0.392319 0.000010
0.369997 0.018087 0.069060 0.011233 0.009818 0.001488 0.066850 0.432575 0.020892
0.191523 0.000010 0.029636 0.000010 0.009318 0.006996 0.217011 0.525678 0.019819
0.189789 0.093000 0.000010 0.042711 0.012027 0.001821 0.065603 0.434093 0.160945
0.170526 0.000010 0.000010 0.042106 0.053019 0.000010 0.057439 0.236790 0.440090
0.262805 0.013712 0.044331 0.000010 0.000010 0.041569 0.228798 0.408755 0.000010
0.200288 0.107494 0.041735 0.000011 0.000010 0.000010 0.114397 0.536045 0.000010
0.147276 0.089291 0.000010 0.271139 0.018517 0.000010 0.065024 0.408723 0.000010
0.351304 0.054228 0.000010 0.000752 0.056021 0.000010 0.043018 0.436391 0.058266
0.288203 0.083934 0.000010 0.036180 0.000010 0.011323 0.081031 0.446441 0.052869
0.012294 0.007776 0.093699 0.035605 0.000010 0.000010 0.213872 0.636724 0.000010
0.174113 0.114547 0.077617 0.147274 0.000010 0.000010 0.150124 0.281771 0.054533
0.188752 0.005890 0.000010 0.025014 0.000010 0.000010 0.236590 0.543713 0.000010
0.025934 0.034635 0.084501 0.000010 0.000010 0.000010 0.207414 0.647475 0.000010
0.359468 0.000010 0.000010 0.009752 0.000010 0.000010 0.145504 0.473727 0.011510
0.088075 0.030729 0.069681 0.081580 0.027640 0.000010 0.291610 0.406231 0.004445
0.311003 0.000010 0.000010 0.185661 0.004958 0.032852 0.037352 0.420778 0.007376
0.215460 0.000010 0.000010 0.165363 0.000010 0.024780 0.195141 0.399217 0.000010
0.112395 0.000010 0.000010 0.171396 0.000010 0.000010 0.162912 0.553247 0.000010
0.157866 0.008225 0.014432 0.074504 0.000010 0.000010 0.139159 0.525988 0.079806
0.082179 0.000010 0.157664 0.179328 0.070743 0.000010 0.139722 0.335519 0.034826
0.089329 0.000355 0.050176 0.238611 0.000010 0.052885 0.052297 0.488357 0.027979
0.143571 0.000010 0.000158 0.178061 0.041065 0.019113 0.109536 0.508476 0.000010
0.308717 0.024205 0.137848 0.123232 0.000010 0.000010 0.049101 0.356867 0.000010
0.185255 0.044599 0.055254 0.000010 0.057681 0.003826 0.148048 0.505318 0.000010
0.304306 0.000010 0.073590 0.195164 0.000010 0.034621 0.112044 0.236831 0.043423
0.127212 0.126123 0.000010 0.028927 0.014676 0.000010 0.188041 0.514992 0.000010
0.239631 0.086656 0.014012 0.000010 0.047045 0.001465 0.095217 0.515954 0.000010
0.263025 0.022425 0.078283 0.121658 0.014109 0.000010 0.164370 0.336110 0.000010
0.187999 0.076798 0.049768 0.200555 0.000010 0.000010 0.064568 0.399635 0.020657
0.141626 0.168263 0.000010 0.074109 0.000010 0.000010 0.144165 0.471798 0.000010
0.237399 0.066678 0.000010 0.051538 0.000010 0.000010 0.198969 0.445376 0.000010
0.095229 0.000010 0.000010 0.230611 0.000010 0.013020 0.210413 0.450687 0.000010
0.173403 0.047875 0.000010 0.000010 0.000010 0.000232 0.298370 0.464401 0.015689
0.282609 0.016384 0.124448 0.003013 0.000010 0.000010 0.131036 0.442479 0.000010
0.183856 0.039251 0.074179 0.053391 0.118168 0.000010 0.011344 0.494791 0.025010
0.205430 0.017610 0.080064 0.000010 0.060040 0.000010 0.000010 0.593372 0.043454
0.160516 0.125379 0.023027 0.000010 0.067411 0.050425 0.098613 0.469410 0.005209
0.375177 0.000010 0.000010 0.017392 0.006762 0.000010 0.086017 0.514612 0.000010
0.231441 0.000010 0.000010 0.072442 0.049904 0.000010 0.175736 0.458150 0.012298
0.285080 0.063994 0.094161 0.005302 0.074899 0.000010 0.021794 0.454752 0.000010
0.195124 0.005165 0.000010 0.062673 0.000010 0.006225 0.107161 0.623622 0.000010
0.202560 0.055669 0.049055 0.088065 0.021915 0.033841 0.000010 0.518751 0.030133
0.274362 0.058282 0.117578 0.146251 0.000010 0.000010 0.137816 0.265681 0.000010
0.340262 0.166839 0.000010 0.131371 0.033153 0.000010 0.000010 0.322297 0.006047
0.335371 0.000010 0.000010 0.000010 0.040317 0.014310 0.174088 0.435874 0.000010
0.245872 0.032095 0.190604 0.071393 0.000010 0.015087 0.047012 0.397916 0.000010
0.219887 0.123809 0.060553 0.230116 0.000010 0.000010 0.006072 0.359534 0.000010
0.105604 0.087173 0.090235 0.212913 0.000010 0.003192 0.029101 0.403197 0.068576
0.158327 0.063885 0.107713 0.208573 0.000010 0.000010 0.075337 0.386135 0.000010
0.210031 0.160041 0.023253 0.206214 0.025381 0.000010 0.000010 0.375049 0.000010
0.293501 0.154926 0.045339 0.000010 0.014468 0.000010 0.000010 0.464030 0.027705
0.194233 0.176570 0.005622 0.097606 0.175935 0.000010 0.041037 0.308977 0.000010
0.219014 0.016165 0.112679 0.098176 0.043369 0.043594 0.042127 0.396140 0.028735
0.140914 0.065439 0.015352 0.019435 0.004713 0.011851 0.230634 0.511651 0.000010
0.215856 0.004852 0.149476 0.049678 0.036092 0.000010 0.104540 0.439487 0.000010
0.091490 0.000010 0.090889 0.160756 0.000010 0.000010 0.233762 0.423063 0.000010
0.209959 0.118206 0.107501 0.124517 0.055658 0.000010 0.055501 0.328638 0.000010
0.082586 0.083818 0.118008 0.243806 0.011004 0.016197 0.064242 0.341666 0.038673
0.214788 0.037639 0.090631 0.081092 0.000010 0.000010 0.111356 0.464463 0.000010
0.362192 0.061930 0.119520 0.007938 0.000010 0.000010 0.033727 0.396009 0.018665
0.281128 0.091025 0.114392 0.000010 0.000010 0.014845 0.044839 0.453741 0.000010
0.301564 0.066090 0.041947 0.041343 0.000010 0.000010 0.061039 0.487986 0.000010
0.132128 0.082330 0.120929 0.094028 0.059825 0.000010 0.000010 0.510730 0.000010
0.197310 0.004927 0.166813 0.111767 0.012831 0.000010 0.081833 0.377851 0.046659
0.138052 0.000316 0.333953 0.038750 0.065807 0.000010 0.160121 0.262981 0.000010
0.180598 0.078412 0.120846 0.187323 0.065598 0.000010 0.016597 0.350607 0.000010
0.085550 0.024324 0.041620 0.142779 0.170532 0.016773 0.167339 0.351072 0.000010
0.227425 0.000010 0.071193 0.161782 0.053616 0.000010 0.072226 0.413728 0.000010
0.158534 0.051849 0.041469 0.077622 0.006939 0.000010 0.138687 0.524881 0.000010
0.159576 0.077170 0.125588 0.015288 0.038185 0.000010 0.072962 0.475878 0.035344
0.199462 0.138908 0.094266 0.000010 0.000010 0.000010 0.082440 0.444716 0.040178
0.322309 0.000010 0.039655 0.043157 0.077570 0.004841 0.101487 0.410961 0.000010
0.247731 0.000010 0.195189 0.000010 0.000010 0.025714 0.087023 0.444303 0.000010
0.305962 0.111424 0.110070 0.062706 0.000010 0.000010 0.000010 0.409799 0.000010
0.199966 0.000010 0.075982 0.110919 0.000010 0.000010 0.189721 0.423372 0.000010
0.168365 0.000010 0.073440 0.149117 0.003557 0.000010 0.034083 0.571408 0.000010
0.185832 0.058913 0.003043 0.085159 0.100050 0.000010 0.208278 0.358705 0.000010
0.135573 0.023820 0.161733 0.086659 0.094496 0.044709 0.009184 0.425119 0.018707
0.153427 0.000010 0.057218 0.000010 0.018055 0.024898 0.192942 0.553430 0.000010
0.169018 0.000010 0.047004 0.105358 0.000010 0.068484 0.161225 0.448557 0.000335
0.231129 0.000010 0.000010 0.122919 0.022346 0.071098 0.193523 0.358955 0.000010
0.299472 0.003903 0.034847 0.076097 0.066627 0.000010 0.109641 0.394673 0.014729
0.149896 0.151243 0.119079 0.024494 0.000010 0.000010 0.098304 0.456953 0.000010
0.342984 0.155670 0.045342 0.001147 0.045387 0.000010 0.085885 0.274041 0.049533
0.245749 0.121056 0.119796 0.000010 0.000010 0.000010 0.156422 0.356937 0.000010
0.097851 0.069228 0.113443 0.085930 0.032611 0.019819 0.177028 0.404080 0.000010
0.032847 0.023250 0.162916 0.150207 0.000010 0.025265 0.150106 0.455390 0.000010
0.220064 0.090447 0.138229 0.104107 0.000010 0.000010 0.167617 0.279506 0.000010
0.224318 0.047253 0.084005 0.107908 0.000010 0.000010 0.111668 0.424818 0.000010
0.000010 0.000010 0.000010 0.027501 0.000010 0.442725 0.000010 0.000010 0.529714
0.000010 0.016562 0.034432 0.000010 0.000010 0.498812 0.000010 0.000010 0.450144
0.000010 0.000010 0.000010 0.000010 0.000010 0.232799 0.000010 0.011573 0.755568
0.000010 0.000010 0.000010 0.000010 0.004063 0.279801 0.016628 0.003878 0.695591
0.000010 0.006758 0.000010 0.000010 0.000010 0.312063 0.000010 0.000010 0.681118
0.000010 0.000010 0.007328 0.000010 0.027771 0.437079 0.000010 0.031285 0.496497
0.019316 0.000010 0.018228 0.000010 0.000010 0.475568 0.000010 0.024877 0.461970
0.028144 0.000010 0.000010 0.000010 0.000010 0.341848 0.000010 0.039641 0.590316
0.000010 0.000010 0.016660 0.000010 0.000010 0.348480 0.004333 0.025680 0.604807
0.056736 0.000010 0.000010 0.000010 0.000010 0.384525 0.011107 0.000010 0.547583
0.000010 0.000010 0.061431 0.000010 0.000010 0.260681 0.000010 0.000010 0.677829
0.000010 0.000522 0.000010 0.000010 0.000010 0.359084 0.021117 0.000010 0.619227
0.018909 0.000010 0.047491 0.000010 0.000010 0.356650 0.000010 0.002870 0.574040
0.026136 0.000010 0.047282 0.000010 0.000010 0.459475 0.000010 0.000010 0.467057
0.000010 0.000010 0.000010 0.000010 0.000010 0.353426 0.006121 0.028724 0.611679
0.018603 0.000010 0.000010 0.000010 0.000010 0.346826 0.043187 0.000010 0.591334
0.019640 0.000010 0.018657 0.000010 0.000010 0.328927 0.000010 0.007314 0.625422
0.000010 0.008768 0.000010 0.000010 0.000010 0.377400 0.000010 0.000010 0.613772
0.000010 0.049848 0.000010 0.000010 0.022661 0.339099 0.000010 0.000010 0.588342
0.000010 0.006742 0.023981 0.000010 0.000010 0.290915 0.015007 0.049552 0.613773
0.000010 0.041061 0.032855 0.000010 0.000010 0.504722 0.004469 0.000010 0.416853
0.000010 0.009885 0.000010 0.000010 0.000010 0.178761 0.008506 0.000010 0.802798
0.018732 0.000010 0.000010 0.000010 0.000010 0.330747 0.009922 0.000010 0.640550
0.016269 0.000010 0.000010 0.000010 0.012124 0.387193 0.025978 0.000010 0.558396
0.002074 0.000010 0.000010 0.000010 0.000010 0.203193 0.000010 0.000010 0.794673
0.000010 0.018177 0.017654 0.000010 0.018465 0.343975 0.000010 0.000010 0.601689
0.000010 0.000010 0.016911 0.014571 0.000010 0.367261 0.037582 0.000010 0.563635
0.024166 0.000010 0.004983 0.000010 0.000010 0.222409 0.000010 0.010372 0.738030
0.000010 0.000010 0.000010 0.000010 0.824411 0.000010 0.175519 0.000010 0.000010
0.434754 0.117740 0.072787 0.325339 0.008893 0.000010 0.000010 0.040458 0.000010
0.326673 0.057909 0.000010 0.435370 0.076336 0.000010 0.000010 0.103673 0.000010
0.262155 0.000010 0.024314 0.393519 0.058299 0.028582 0.000238 0.232873 0.000010
0.605449 0.000010 0.053898 0.288369 0.048503 0.003741 0.000010 0.000010 0.000010
0.409167 0.101870 0.000010 0.351870 0.000010 0.000010 0.032823 0.104231 0.000010
0.498161 0.068123 0.000010 0.176435 0.000010 0.007702 0.000010 0.249539 0.000010
0.475357 0.000010 0.000010 0.349558 0.046839 0.000010 0.000010 0.128197 0.000010
0.333066 0.012377 0.000010 0.385612 0.023383 0.000010 0.001726 0.243806 0.000010
0.360731 0.139735 0.000010 0.375763 0.000010 0.000010 0.000010 0.123721 0.000010
0.350368 0.058908 0.040914 0.305947 0.000010 0.000010 0.032367 0.211466 0.000010
0.526641 0.082232 0.000010 0.165286 0.027844 0.000010 0.000010 0.197956 0.000010
0.560584 0.127644 0.000010 0.155926 0.006716 0.008148 0.024875 0.116087 0.000010
0.326791 0.048045 0.028784 0.432932 0.000010 0.000375 0.000010 0.161844 0.001209
0.463697 0.005636 0.120512 0.233528 0.000010 0.000010 0.000010 0.176588 0.000010
0.522050 0.088137 0.097883 0.255662 0.000010 0.000010 0.000010 0.036227 0.000010
0.372180 0.030940 0.000010 0.379375 0.051021 0.003798 0.045825 0.116842 0.000010
0.442840 0.057081 0.000010 0.354279 0.000010 0.000010 0.000010 0.115238 0.030521
0.325481 0.013343 0.109229 0.352435 0.078178 0.020634 0.009629 0.082614 0.008458
0.306500 0.000010 0.070061 0.398036 0.122212 0.000010 0.000010 0.086054 0.017107
0.692894 0.009511 0.000010 0.027853 0.000010 0.029244 0.000010 0.240459 0.000010
0.343064 0.088820 0.002574 0.338469 0.004907 0.072153 0.008347 0.121115 0.020551
0.329568 0.067840 0.062948 0.235652 0.044301 0.041924 0.011733 0.206024 0.000010
0.293769 0.000010 0.032332 0.383543 0.002951 0.000010 0.023797 0.263578 0.000010
0.394272 0.024086 0.042299 0.268079 0.000010 0.000010 0.107216 0.164018 0.000010
0.331725 0.099952 0.000010 0.326242 0.096434 0.000010 0.021642 0.123975 0.000010
0.432504 0.000010 0.095050 0.182299 0.008289 0.000010 0.000010 0.281818 0.000010
0.413949 0.148789 0.000010 0.214977 0.000010 0.006125 0.059393 0.156738 0.000010
0.506310 0.106067 0.022541 0.155819 0.000010 0.000010 0.000010 0.182495 0.026737
0.000010 0.000010 0.000010 0.035127 0.907986 0.023940 0.022676 0.000010 0.010232
0.000010 0.000010 0.000010 0.027927 0.875219 0.000010 0.059556 0.000010 0.037249
0.033072 0.000010 0.000010 0.000010 0.873300 0.000010 0.074693 0.000010 0.018885
0.057566 0.000010 0.000010 0.000010 0.942364 0.000010 0.000010 0.000010 0.000010
0.000010 0.000010 0.000010 0.000010 0.810563 0.000010 0.120709 0.000010 0.068667
0.003873 0.000010 0.000010 0.024857 0.969303 0.000010 0.000010 0.001916 0.000010
0.000010 0.000010 0.034465 0.000010 0.948757 0.016182 0.000010 0.000546 0.000010
0.000010 0.000010 0.000010 0.000010 0.912714 0.000010 0.079723 0.000010 0.007504
0.000010 0.000010 0.000010 0.000010 0.999920 0.000010 0.000010 0.000010 0.000010
0.000010 0.000010 0.000010 0.000010 0.931482 0.000010 0.034084 0.034373 0.000010
0.000010 0.000010 0.000010 0.000010 0.982194 0.000011 0.000010 0.017735 0.000010
0.000010 0.000010 0.000010 0.000010 0.951760 0.000010 0.048170 0.000010 0.000010
0.000010 0.000010 0.000020 0.000010 0.999908 0.000010 0.000012 0.000010 0.000010
0.011031 0.000010 0.000010 0.000010 0.988899 0.000010 0.000010 0.000010 0.000010
0.000010 0.044277 0.000010 0.000010 0.955653 0.000010 0.000010 0.000010 0.000010
0.000010 0.000010 0.000014 0.000010 0.964715 0.000010 0.025863 0.000010 0.009358
0.000010 0.000010 0.017120 0.000010 0.872663 0.070908 0.039260 0.000010 0.000010
0.733406 0.000010 0.000010 0.000010 0.017926 0.000010 0.016098 0.232520 0.000010
0.598918 0.000010 0.000010 0.085531 0.000010 0.000010 0.090821 0.223909 0.000780
0.420455 0.056948 0.018051 0.127280 0.129909 0.000010 0.034484 0.200751 0.012112
0.403000 0.000010 0.000010 0.273644 0.033850 0.014411 0.000010 0.275056 0.000010
0.473066 0.079943 0.031299 0.085135 0.085036 0.058161 0.000010 0.174949 0.012401
0.450095 0.000010 0.000010 0.148172 0.000010 0.000010 0.095426 0.290978 0.015289
0.526743 0.000010 0.130139 0.075797 0.000010 0.000010 0.000010 0.234740 0.032541
0.498900 0.013718 0.000010 0.145621 0.000010 0.095755 0.000010 0.216991 0.028986
0.518238 0.058004 0.000010 0.057472 0.024626 0.000010 0.028683 0.312947 0.000010
0.453027 0.059869 0.049726 0.118833 0.000010 0.000010 0.003535 0.295051 0.019939
0.452071 0.042330 0.149389 0.160737 0.000010 0.000010 0.000010 0.186715 0.008727
0.422369 0.082354 0.004550 0.290910 0.000010 0.000010 0.000010 0.199777 0.000010
0.512027 0.000010 0.000010 0.157510 0.000010 0.017301 0.000010 0.284689 0.028433
0.752198 0.086684 0.000010 0.000010 0.000010 0.000010 0.010165 0.059105 0.091809
0.517168 0.068201 0.000010 0.173777 0.089935 0.027069 0.000010 0.123821 0.000010
0.638672 0.000010 0.000010 0.038793 0.000010 0.000010 0.000987 0.237429 0.084079
0.519302 0.058941 0.000010 0.145734 0.012058 0.029211 0.000010 0.234724 0.000010
0.426024 0.079871 0.000010 0.246298 0.000010 0.031473 0.033234 0.183070 0.000010
0.721505 0.000010 0.000010 0.020356 0.000011 0.000010 0.000010 0.137429 0.120660
0.600332 0.000010 0.010811 0.177931 0.044877 0.032939 0.000010 0.133079 0.000010
0.707209 0.003033 0.054267 0.000010 0.026561 0.000010 0.028601 0.164488 0.015821
0.462478 0.014143 0.000010 0.181142 0.000010 0.000010 0.010205 0.251383 0.080619
0.622832 0.000010 0.000010 0.000010 0.000010 0.000010 0.040391 0.336717 0.000010
0.452257 0.071378 0.000010 0.158103 0.000010 0.000010 0.064553 0.253668 0.000010
0.328706 0.000010 0.070872 0.112672 0.036442 0.000010 0.099786 0.344749 0.006753
0.417961 0.079676 0.000010 0.312316 0.042898 0.010287 0.000010 0.095985 0.040856
0.501340 0.067504 0.018608 0.086382 0.021320 0.000010 0.000010 0.211676 0.093151
0.347421 0.015544 0.028601 0.283103 0.043753 0.000010 0.037227 0.244330 0.000010
0.523344 0.028075 0.000025 0.201451 0.028642 0.000010 0.000010 0.149204 0.069239
0.570519 0.000010 0.000010 0.000010 0.000317 0.034345 0.000010 0.334714 0.060065
0.518167 0.008328 0.000010 0.120096 0.000010 0.000010 0.105197 0.248172 0.000010
0.524214 0.000010 0.030128 0.000010 0.100560 0.000010 0.067280 0.177279 0.100509
0.531780 0.000010 0.000010 0.100055 0.000010 0.000010 0.000010 0.311938 0.056176
0.443214 0.061674 0.000010 0.180781 0.000010 0.028496 0.002050 0.268652 0.015114
0.458268 0.011893 0.000010 0.000010 0.000010 0.000010 0.068651 0.461138 0.000010
0.411536 0.000010 0.022813 0.159466 0.000010 0.051081 0.000010 0.342400 0.012674
0.638520 0.000010 0.000010 0.102031 0.000010 0.000010 0.038663 0.202902 0.017844
0.628429 0.019849 0.000010 0.109447 0.000010 0.000010 0.000010 0.216591 0.025645
0.349443 0.072563 0.000010 0.231551 0.016871 0.095214 0.009959 0.178207 0.046182
0.417213 0.012552 0.063393 0.201939 0.000010 0.000010 0.046281 0.258593 0.000010
0.720661 0.000010 0.002100 0.014941 0.000010 0.000010 0.019118 0.214545 0.028605
0.679710 0.008357 0.049109 0.000010 0.000010 0.068240 0.000010 0.194546 0.000010
0.526438 0.110578 0.007357 0.000010 0.000010 0.045368 0.000010 0.191477 0.118752
0.554442 0.000010 0.003161 0.030215 0.000010 0.119575 0.060160 0.132349 0.100076
0.501333 0.123084 0.042933 0.095583 0.000010 0.000010 0.000010 0.204565 0.032473
0.418673 0.038035 0.090370 0.000010 0.077019 0.000977 0.042685 0.275762 0.056469
0.571057 0.030263 0.000079 0.000010 0.000010 0.000010 0.000010 0.321725 0.076836
0.635531 0.000010 0.049028 0.028140 0.080096 0.060439 0.000010 0.146735 0.000010
0.558031 0.062672 0.019434 0.000010 0.000010 0.085742 0.000010 0.187510 0.086581
0.614073 0.000010 0.056520 0.057316 0.000010 0.031594 0.000010 0.230130 0.010337
0.499304 0.000010 0.000010 0.000010 0.000010 0.107694 0.026769 0.319390 0.046803
0.608736 0.039255 0.005155 0.000010 0.000010 0.063848 0.000010 0.245812 0.037164
0.473567 0.000010 0.000010 0.046602 0.020323 0.017831 0.000010 0.345318 0.096329
0.553116 0.021256 0.000010 0.047548 0.059461 0.112448 0.005656 0.200494 0.000010
0.560187 0.009784 0.059728 0.000010 0.000010 0.031283 0.034261 0.177833 0.126906
0.021671 0.000010 0.000010 0.000010 0.118594 0.155346 0.019938 0.000010 0.684411
0.530618 0.000010 0.055650 0.122176 0.000010 0.000010 0.000010 0.129982 0.161535
0.786839 0.065307 0.000010 0.000010 0.000010 0.000010 0.131350 0.009947 0.006517
0.584913 0.026871 0.008836 0.000010 0.015073 0.000010 0.000010 0.174050 0.190226
0.395320 0.000010 0.093824 0.100291 0.000010 0.000010 0.057329 0.233877 0.119329
0.494400 0.000010 0.101621 0.046115 0.000010 0.036488 0.098129 0.223217 0.000010
0.642687 0.008643 0.000010 0.019975 0.102988 0.016380 0.000010 0.137483 0.071825
0.558165 0.000010 0.029468 0.122036 0.029432 0.000010 0.069417 0.164121 0.027341
0.589086 0.000514 0.025905 0.000010 0.004171 0.024969 0.019082 0.336253 0.000010
0.502506 0.000010 0.076320 0.000010 0.116084 0.000010 0.000010 0.232243 0.072806
0.417863 0.010989 0.182935 0.000010 0.035140 0.002686 0.011467 0.279438 0.059473
0.535409 0.206992 0.000010 0.126845 0.000010 0.004411 0.000010 0.000010 0.126304
0.494460 0.000010 0.002039 0.018486 0.000010 0.023361 0.002434 0.296641 0.162559
0.635119 0.000010 0.000010 0.000010 0.000010 0.000010 0.069855 0.281110 0.013867
0.661630 0.035043 0.024607 0.000010 0.000010 0.026365 0.000010 0.200252 0.052072
0.578344 0.000010 0.000010 0.000010 0.000010 0.079158 0.042204 0.269961 0.030294
0.509805 0.000010 0.013728 0.035020 0.041522 0.071962 0.022909 0.174820 0.130224
0.745047 0.024414 0.000010 0.000010 0.000010 0.050396 0.000010 0.180093 0.000010
0.521104 0.048561 0.000010 0.000010 0.000010 0.045234 0.038225 0.024445 0.322401
0.480214 0.041463 0.000010 0.088878 0.017615 0.009940 0.000010 0.323930 0.037940
0.551302 0.016631 0.033206 0.079792 0.013169 0.000010 0.000010 0.228137 0.077742
0.540773 0.000017 0.137459 0.002422 0.000010 0.000010 0.043610 0.166112 0.109587
0.683443 0.039219 0.151505 0.009695 0.000010 0.000010 0.000010 0.113953 0.002155
0.568812 0.044830 0.000010 0.024169 0.000010 0.061134 0.000010 0.183104 0.117922
0.495544 0.061642 0.140998 0.000010 0.000010 0.074398 0.000010 0.169231 0.058158
0.520219 0.106121 0.024609 0.001354 0.000010 0.000010 0.019493 0.153708 0.174476
0.587349 0.024698 0.000010 0.000010 0.034898 0.000010 0.045505 0.289703 0.017818
0.649902 0.000010 0.000010 0.052025 0.010211 0.000010 0.000010 0.193839 0.093982
0.414529 0.133229 0.000010 0.000010 0.000010 0.050954 0.000010 0.255832 0.145415
0.639323 0.000010 0.000010 0.079244 0.000010 0.019433 0.000010 0.187458 0.074502
0.633775 0.000010 0.063690 0.008715 0.000010 0.025067 0.000010 0.222600 0.046123
0.476389 0.000010 0.025976 0.133866 0.075546 0.000010 0.000010 0.231762 0.056432
0.000010 0.000010 0.000010 0.000010 0.850360 0.010798 0.138783 0.000010 0.000010
0.000010 0.000010 0.028742 0.000010 0.877581 0.000010 0.093616 0.000010 0.000010
0.000010 0.000010 0.052823 0.000010 0.879376 0.008409 0.050662 0.008690 0.000010
0.000010 0.000010 0.015626 0.035238 0.752004 0.005120 0.107058 0.084924 0.000010
0.000010 0.019263 0.117031 0.000010 0.712646 0.000010 0.151010 0.000010 0.000010
0.000696 0.000010 0.000010 0.000010 0.876119 0.000010 0.123125 0.000010 0.000010
0.000010 0.002040 0.000010 0.032584 0.794866 0.000010 0.170460 0.000010 0.000010
0.567118 0.000010 0.000010 0.082435 0.000010 0.000010 0.105550 0.241109 0.003748
0.781784 0.060065 0.000010 0.000010 0.000010 0.000010 0.000010 0.158091 0.000010
0.325837 0.069223 0.000010 0.434879 0.032065 0.019179 0.000010 0.086783 0.032014
0.648995 0.013011 0.105394 0.086329 0.015331 0.007567 0.007303 0.065230 0.050839
0.524583 0.000010 0.023909 0.270629 0.106750 0.000010 0.000010 0.074089 0.000010
0.637610 0.001656 0.000010 0.232229 0.109479 0.000010 0.016267 0.002728 0.000010
0.543096 0.121335 0.005347 0.106434 0.077597 0.001234 0.015712 0.077858 0.051387
0.631521 0.042083 0.019448 0.115024 0.059520 0.000010 0.000010 0.132374 0.000010
0.488781 0.109551 0.000010 0.312349 0.001334 0.024112 0.000010 0.063843 0.000010
0.459797 0.026816 0.053954 0.216770 0.047077 0.000010 0.000010 0.195554 0.000010
0.425131 0.021311 0.000010 0.000010 0.000010 0.000010 0.188440 0.365068 0.000010
0.503194 0.000010 0.040000 0.000010 0.034531 0.018499 0.038400 0.249956 0.115400
0.556056 0.000010 0.056101 0.108927 0.073050 0.000010 0.017523 0.188313 0.000010
0.755258 0.000010 0.021990 0.000010 0.000010 0.005016 0.052963 0.113637 0.051106
0.436427 0.000010 0.104757 0.000010 0.008654 0.000010 0.090412 0.347239 0.012481
0.394687 0.001722 0.099507 0.068587 0.000010 0.000010 0.015123 0.279860 0.140493
0.509474 0.053136 0.024035 0.075182 0.093255 0.000010 0.000010 0.173528 0.071371
0.465388 0.000010 0.093601 0.005833 0.000010 0.031146 0.027546 0.376455 0.000010
0.606258 0.054150 0.000010 0.078472 0.065519 0.019814 0.000010 0.175756 0.000010
0.682420 0.000010 0.000010 0.035077 0.000010 0.000010 0.036781 0.245672 0.000010
0.505739 0.029714 0.000010 0.133439 0.023305 0.009391 0.000010 0.261334 0.037057
0.584423 0.098519 0.023780 0.000010 0.000316 0.057437 0.022621 0.212885 0.000010
0.652867 0.084132 0.000010 0.007327 0.031538 0.000010 0.000010 0.200123 0.023984
0.516083 0.000010 0.000010 0.019378 0.000010 0.047652 0.139962 0.222162 0.054732
0.636901 0.000010 0.019753 0.000010 0.000010 0.000010 0.024215 0.319081 0.000010
0.542322 0.093788 0.062059 0.003718 0.000010 0.000010 0.000010 0.298073 0.000010
0.213373 0.000010 0.050196 0.000010 0.028179 0.036026 0.017560 0.061945 0.592701
0.674609 0.057231 0.023777 0.067024 0.017051 0.028704 0.000010 0.131584 0.000010
0.512327 0.000010 0.024278 0.000010 0.000010 0.115981 0.000010 0.347364 0.000010
0.522676 0.025806 0.033729 0.085398 0.000010 0.082320 0.000010 0.250041 0.000010
0.568933 0.032091 0.000010 0.178874 0.000010 0.015988 0.000010 0.199101 0.004983
0.602377 0.000010 0.000010 0.000010 0.000010 0.125512 0.016278 0.255783 0.000010
0.683799 0.029998 0.015948 0.000010 0.000010 0.012270 0.006834 0.251121 0.000010
0.501568 0.013982 0.036244 0.063137 0.014926 0.098682 0.079596 0.179400 0.012466
0.689822 0.109974 0.000010 0.000010 0.037631 0.019629 0.000010 0.073052 0.069862
0.000010 0.978805 0.000010 0.021125 0.000010 0.000010 0.000010 0.000010 0.000010
0.000010 0.969737 0.025079 0.000817 0.000010 0.000010 0.004318 0.000010 0.000010
0.000014 0.999916 0.000010 0.000010 0.000010 0.000010 0.000010 0.000010 0.000010
0.000010 0.956793 0.000010 0.003416 0.000010 0.000010 0.001529 0.038212 0.000010
0.013075 0.052396 0.529281 0.077334 0.015897 0.000010 0.267249 0.000010 0.044748
0.000010 0.132908 0.407634 0.000010 0.036948 0.000010 0.308820 0.113651 0.000010
0.076942 0.000010 0.417938 0.000010 0.057185 0.000010 0.373119 0.074776 0.000010
0.000010 0.034646 0.527057 0.000010 0.093944 0.000010 0.344304 0.000010 0.000010
0.152669 0.000010 0.216254 0.000010 0.077829 0.044989 0.419228 0.089001 0.000010
0.000010 0.000010 0.502731 0.000010 0.000010 0.000010 0.488438 0.008771 0.000010
0.000010 0.053519 0.476784 0.010498 0.021557 0.029957 0.276181 0.126759 0.004735
0.010686 0.010277 0.483860 0.000010 0.000010 0.000010 0.431988 0.063149 0.000010
0.000010 0.160968 0.411616 0.045572 0.087047 0.000010 0.285621 0.009146 0.000010
0.000010 0.009517 0.412601 0.020721 0.075413 0.023398 0.341432 0.116897 0.000010
0.484457 0.071331 0.022680 0.067827 0.000010 0.032946 0.036601 0.284136 0.000010
0.437849 0.008359 0.039995 0.008881 0.055557 0.129337 0.075354 0.118257 0.126412
0.636296 0.007125 0.032276 0.000010 0.000010 0.073005 0.000010 0.241588 0.009681
0.564057 0.046660 0.045485 0.000010 0.015804 0.011723 0.036670 0.228331 0.051260
0.528662 0.035749 0.005669 0.115893 0.010643 0.000010 0.027071 0.229370 0.046932
0.586187 0.000010 0.013724 0.117258 0.090677 0.000010 0.000010 0.192114 0.000010
0.656215 0.110737 0.017730 0.102211 0.000010 0.000010 0.004990 0.108087 0.000010
0.453590 0.035346 0.005580 0.174542 0.000010 0.058660 0.070613 0.201650 0.000010
0.543840 0.004864 0.000010 0.059030 0.034834 0.086678 0.050548 0.220186 0.000010
0.503609 0.000010 0.043244 0.058254 0.056728 0.076984 0.000010 0.232089 0.029073
0.468037 0.048222 0.000010 0.087360 0.000010 0.054970 0.017687 0.307737 0.015967
0.814173 0.054753 0.000010 0.000010 0.000010 0.003638 0.000010 0.084582 0.042814
0.706916 0.033278 0.000010 0.000010 0.036035 0.005054 0.000010 0.218677 0.000010
0.580917 0.029986 0.029924 0.000010 0.066105 0.011284 0.071777 0.209986 0.000010
0.420558 0.090348 0.000010 0.197189 0.000010 0.000010 0.019698 0.272167 0.000010
0.414900 0.000010 0.013741 0.056272 0.044647 0.089104 0.090748 0.153303 0.137275
0.479784 0.049067 0.063434 0.081648 0.006716 0.043876 0.030999 0.244465 0.000010
0.397708 0.000010 0.054382 0.175965 0.045143 0.000010 0.008657 0.281964 0.036160
0.593354 0.067293 0.000010 0.069274 0.056508 0.000010 0.072479 0.067020 0.074050
0.492033 0.071914 0.013823 0.064622 0.000010 0.022311 0.000010 0.281907 0.053370
0.483181 0.040437 0.104989 0.174520 0.019733 0.078601 0.000010 0.098519 0.000010
0.000010 0.000010 0.682514 0.000010 0.036796 0.000010 0.280630 0.000010 0.000010
0.000010 0.000010 0.774959 0.000010 0.003675 0.000010 0.188979 0.032336 0.000010
0.000010 0.000010 0.563431 0.000010 0.097839 0.000010 0.301163 0.037516 0.000010
0.000010 0.000010 0.677878 0.038664 0.015233 0.015019 0.253165 0.000010 0.000010
0.000010 0.000010 0.623824 0.000010 0.059648 0.000010 0.300218 0.000010 0.016260
0.000010 0.000010 0.743697 0.000010 0.000010 0.000010 0.135886 0.120357 0.000010
0.000010 0.000010 0.646643 0.000010 0.058794 0.024564 0.269950 0.000010 0.000010
0.000010 0.000010 0.746838 0.000010 0.003896 0.000010 0.178314 0.070901 0.000010
0.000010 0.000010 0.661235 0.000010 0.106755 0.000010 0.169467 0.062493 0.000010
0.000010 0.000010 0.676387 0.000010 0.039528 0.000010 0.255048 0.000010 0.028988
0.000010 0.000010 0.711461 0.000010 0.002624 0.000010 0.280883 0.004983 0.000010
0.000010 0.000010 0.706122 0.000010 0.016593 0.000010 0.277225 0.000010 0.000010
0.000010 0.006741 0.613084 0.000010 0.051968 0.000010 0.268401 0.000010 0.059767
0.000010 0.000010 0.611053 0.000010 0.000010 0.000010 0.293460 0.095427 0.000010
0.000010 0.000010 0.688153 0.000010 0.000010 0.000010 0.277322 0.000010 0.034465
0.000010 0.000010 0.643528 0.000010 0.000010 0.000010 0.246634 0.000010 0.109778
0.027434 0.000328 0.653316 0.000010 0.000010 0.000010 0.318873 0.000010 0.000010
0.000010 0.000010 0.612299 0.000010 0.052417 0.000807 0.300324 0.017470 0.016653
0.000010 0.000010 0.690372 0.000010 0.107668 0.020203 0.179573 0.002143 0.000010
0.000010 0.000010 0.733021 0.000010 0.042663 0.000010 0.224256 0.000010 0.000010
0.000010 0.000010 0.657246 0.000010 0.046265 0.000010 0.220403 0.000010 0.076035
0.006930 0.000010 0.621434 0.000010 0.056957 0.000010 0.276908 0.000010 0.037732
0.000010 0.000010 0.661676 0.001316 0.000010 0.000010 0.336948 0.000010 0.000010
0.000010 0.000010 0.768252 0.011248 0.020657 0.000010 0.199794 0.000010 0.000010
0.000010 0.000010 0.602297 0.000010 0.000010 0.000010 0.283390 0.114253 0.000010
0.000010 0.000010 0.646168 0.000010 0.000010 0.000455 0.353317 0.000010 0.000010
0.000010 0.000010 0.541829 0.000010 0.000010 0.006762 0.451349 0.000010 0.000010
0.000010 0.000010 0.635278 0.035408 0.000010 0.000010 0.296255 0.033009 0.000010
0.000010 0.014917 0.578029 0.000010 0.000010 0.000010 0.406994 0.000010 0.000010
0.000010 0.000010 0.652775 0.000010 0.000010 0.001327 0.233802 0.112046 0.000010
0.000010 0.000010 0.618059 0.000010 0.066499 0.000010 0.315382 0.000010 0.000010
0.000010 0.000010 0.681306 0.000010 0.000010 0.032030 0.286604 0.000010 0.000010
0.015874 0.000010 0.571958 0.000010 0.000010 0.000010 0.340099 0.018585 0.053443
0.000010 0.000010 0.660768 0.000010 0.000010 0.000010 0.318419 0.000010 0.020753
0.011362 0.000010 0.587929 0.000010 0.000010 0.000010 0.377331 0.000010 0.023328
0.000010 0.012974 0.679169 0.008921 0.002655 0.000010 0.250484 0.045766 0.000010
0.000010 0.000010 0.716447 0.057451 0.021830 0.000010 0.204222 0.000010 0.000010
0.000010 0.000010 0.549808 0.041882 0.012125 0.000010 0.345562 0.050583 0.000010
0.000010 0.000010 0.774807 0.000010 0.070837 0.000010 0.154296 0.000010 0.000010
0.000010 0.000010 0.009804 0.004623 0.833212 0.000010 0.148844 0.003476 0.000010
0.000010 0.000010 0.000010 0.000010 0.921882 0.000010 0.078048 0.000010 0.000010
0.000010 0.017376 0.681142 0.016666 0.040595 0.000010 0.241057 0.003134 0.000010
0.000010 0.051495 0.780744 0.023100 0.000010 0.000010 0.125366 0.019255 0.000010
0.442550 0.026374 0.094249 0.280186 0.000479 0.040111 0.014284 0.101756 0.000010
0.269184 0.004837 0.047220 0.421408 0.000010 0.002596 0.000010 0.247298 0.007437
0.402214 0.141697 0.008865 0.233431 0.055291 0.013864 0.000010 0.100976 0.043653
0.372169 0.132810 0.020414 0.325019 0.015238 0.000010 0.000010 0.042415 0.091915
0.337014 0.062618 0.037024 0.308058 0.028075 0.000010 0.000010 0.156491 0.070699
0.203628 0.011411 0.036637 0.417379 0.062010 0.000010 0.097435 0.171480 0.000010
0.486752 0.069947 0.107754 0.245728 0.000010 0.000010 0.000010 0.070796 0.018993
0.356791 0.025763 0.048068 0.358325 0.069865 0.000010 0.021224 0.119944 0.000010
0.241650 0.006262 0.084835 0.470908 0.020482 0.000010 0.000010 0.175833 0.000010
0.368813 0.117759 0.076591 0.385968 0.000010 0.000010 0.000010 0.050829 0.000010
0.437769 0.000010 0.042755 0.365892 0.064504 0.000010 0.000010 0.089040 0.000010
0.283676 0.035752 0.010261 0.474956 0.000010 0.046789 0.013419 0.135128 0.000010
0.552628 0.042365 0.091613 0.281257 0.000010 0.000010 0.000010 0.032097 0.000010
0.024013 0.000010 0.568726 0.000010 0.142435 0.000010 0.264776 0.000010 0.000010
0.000010 0.000010 0.484234 0.000010 0.000010 0.000010 0.475920 0.000010 0.039786
0.000010 0.000010 0.578190 0.000010 0.053123 0.000010 0.368626 0.000010 0.000010
0.000010 0.044743 0.680016 0.000010 0.003032 0.000010 0.272158 0.000010 0.000010
0.000010 0.000010 0.614898 0.007643 0.000010 0.012850 0.361089 0.003481 0.000010
0.000010 0.000010 0.648464 0.000010 0.000010 0.000010 0.351466 0.000010 0.000010
0.000010 0.000010 0.526070 0.000010 0.000010 0.000010 0.473860 0.000010 0.000010
0.000010 0.000010 0.614994 0.000010 0.000010 0.000010 0.323356 0.001877 0.059723
0.000010 0.000010 0.615651 0.000010 0.019127 0.011800 0.353372 0.000010 0.000010
0.000010 0.075449 0.640434 0.000010 0.000010 0.000010 0.284057 0.000010 0.000010
0.000010 0.000010 0.711112 0.000010 0.000010 0.000010 0.277037 0.000010 0.011790
0.000010 0.000010 0.740118 0.000010 0.041865 0.000010 0.217957 0.000010 0.000010
