0.255487 0.000010 0.164093 0.002386 0.000010 0.008303 0.072963 0.493557 0.003190
0.337612 0.000010 0.000010 0.000010 0.010398 0.000010 0.041553 0.565392 0.045006
0.263187 0.128973 0.024655 0.000010 0.000010 0.000010 0.086220 0.496925 0.000010
0.417545 0.000010 0.124165 0.051192 0.060958 0.073799 0.000010 0.272311 0.000010
0.367890 0.000010 0.000010 0.089748 0.022562 0.000010 0.094268 0.425492 0.000010
0.172648 0.009103 0.045320 0.107019 0.021469 0.000010 0.121873 0.371392 0.151164
0.347091 0.000010 0.010637 0.122399 0.039216 0.000010 0.000010 0.448238 0.032389
0.387123 0.016760 0.081957 0.091363 0.000010 0.000010 0.064871 0.357895 0.000010
0.277343 0.040210 0.107459 0.033467 0.035294 0.042461 0.087749 0.355033 0.020983
0.390895 0.000010 0.000010 0.000010 0.000010 0.024562 0.199815 0.384679 0.000010
0.199056 0.000010 0.000010 0.162243 0.000010 0.000010 0.153470 0.485181 0.000010
0.283626 0.000010 0.000010 0.073238 0.000010 0.000010 0.097117 0.448744 0.097235
0.346273 0.000010 0.000010 0.116775 0.079983 0.000687 0.112855 0.343396 0.000010
0.415138 0.000010 0.000010 0.000010 0.061118 0.026780 0.150549 0.346375 0.000010
0.109140 0.000010 0.059563 0.137737 0.065329 0.000010 0.126173 0.502028 0.000010
0.330286 0.000010 0.104254 0.000010 0.061431 0.000010 0.061974 0.442015 0.000010
0.403939 0.003971 0.036704 0.078133 0.013832 0.000010 0.000643 0.355423 0.107346
0.427734 0.000010 0.000010 0.018527 0.000010 0.000010 0.019551 0.501875 0.032272
0.203732 0.000010 0.094793 0.154272 0.034328 0.000010 0.116766 0.396079 0.000010
0.192643 0.007077 0.022092 0.093940 0.023085 0.025064 0.146406 0.489683 0.000010
0.373873 0.000010 0.079644 0.113412 0.072853 0.000010 0.000010 0.358145 0.002042
0.293677 0.012711 0.013766 0.132275 0.003325 0.000010 0.009183 0.535042 0.000010
0.143922 0.028497 0.000010 0.056254 0.124370 0.000010 0.092559 0.554368 0.000010
0.298273 0.000010 0.000010 0.085157 0.027413 0.047826 0.095321 0.419036 0.026953
0.312021 0.073845 0.000010 0.094569 0.000010 0.000010 0.073067 0.406040 0.040427
0.067601 0.159978 0.034925 0.183149 0.018412 0.000010 0.059833 0.476081 0.000010
0.154285 0.000010 0.069261 0.000010 0.000010 0.023896 0.210781 0.541738 0.000010
0.224850 0.032629 0.000010 0.112424 0.011867 0.094791 0.092139 0.327784 0.103505
0.229933 0.138031 0.066712 0.113170 0.000010 0.025900 0.043141 0.383092 0.000010
0.181906 0.000010 0.000010 0.186493 0.000010 0.000010 0.063394 0.390463 0.177704
0.302410 0.002121 0.029948 0.062199 0.000010 0.000010 0.053418 0.467211 0.082673
0.276085 0.024932 0.059364 0.021532 0.000010 0.000010 0.097052 0.456267 0.064748
0.250155 0.028528 0.209884 0.000010 0.000010 0.000010 0.045410 0.429836 0.036156
0.157003 0.000010 0.127182 0.265146 0.131684 0.001969 0.003658 0.313338 0.000010
0.087502 0.016421 0.116604 0.062094 0.000010 0.019030 0.260875 0.389770 0.047693
0.160241 0.054093 0.041625 0.198097 0.011709 0.000010 0.080499 0.331949 0.121776
0.153415 0.039244 0.076258 0.048123 0.033195 0.000010 0.144569 0.505176 0.000010
0.451668 0.031502 0.057620 0.061304 0.039648 0.000010 0.040049 0.270122 0.048077
0.406752 0.028282 0.000010 0.108420 0.000010 0.061953 0.029849 0.364714 0.000010
0.375074 0.064540 0.028264 0.055562 0.000010 0.000010 0.144294 0.332235 0.000010
0.241736 0.014068 0.000010 0.061667 0.000010 0.000010 0.284764 0.397725 0.000010
0.364616 0.000010 0.000010 0.027162 0.000010 0.000010 0.100828 0.472025 0.035330
0.088012 0.000010 0.000010 0.212994 0.000010 0.000010 0.196557 0.502387 0.000010
0.380110 0.000010 0.000010 0.058468 0.081309 0.000010 0.117160 0.362913 0.000010
0.177621 0.049045 0.000010 0.000010 0.104447 0.000010 0.138877 0.510789 0.019192
0.302709 0.024598 0.000010 0.000010 0.034865 0.000010 0.152613 0.485175 0.000010
0.203353 0.000010 0.003677 0.133440 0.055514 0.051742 0.116434 0.435821 0.000010
0.347195 0.040271 0.000010 0.069071 0.000010 0.023892 0.079999 0.439543 0.000010
0.085096 0.228870 0.150285 0.089247 0.000010 0.000010 0.168894 0.277578 0.000010
0.309447 0.052213 0.188759 0.016190 0.000010 0.016452 0.120272 0.296648 0.000010
0.148726 0.073383 0.476681 0.000010 0.000010 0.001902 0.182236 0.117043 0.000010
0.077852 0.011780 0.632347 0.024427 0.181236 0.000010 0.000010 0.064991 0.007347
0.013825 0.069120 0.121298 0.181462 0.000010 0.000010 0.168789 0.445477 0.000010
0.055525 0.033417 0.186067 0.023243 0.069550 0.000010 0.271993 0.358183 0.002011
0.093885 0.000010 0.478590 0.173840 0.000010 0.033905 0.007838 0.175982 0.035940
0.096277 0.000010 0.249543 0.109461 0.000010 0.006482 0.155811 0.349802 0.032604
0.022641 0.000010 0.027222 0.292544 0.000010 0.036031 0.144029 0.462942 0.014571
0.263607 0.000010 0.360884 0.000010 0.000010 0.000010 0.014817 0.360643 0.000010
0.101452 0.088009 0.420345 0.058966 0.000010 0.000010 0.214329 0.107002 0.009878
0.082913 0.096933 0.220549 0.210453 0.065973 0.092730 0.149840 0.080600 0.000010
0.212819 0.124522 0.286397 0.000010 0.000010 0.000010 0.102147 0.274076 0.000010
0.000010 0.000010 0.192784 0.118685 0.000010 0.000010 0.241524 0.389320 0.057647
0.380718 0.000010 0.225702 0.126636 0.020847 0.000010 0.061093 0.150466 0.034519
0.506639 0.088648 0.162517 0.000010 0.000010 0.000010 0.122176 0.119980 0.000010
0.043253 0.000010 0.207012 0.000010 0.000010 0.000010 0.326331 0.423353 0.000010
0.268446 0.068253 0.427246 0.057421 0.021522 0.000010 0.016177 0.140916 0.000010
0.188517 0.089606 0.282859 0.013343 0.023684 0.018587 0.167913 0.215481 0.000010
0.266751 0.055383 0.167779 0.000010 0.000010 0.000010 0.190354 0.319692 0.000010
0.024538 0.141171 0.103987 0.083565 0.070588 0.001711 0.253308 0.321123 0.000010
0.169939 0.000010 0.209914 0.216398 0.000010 0.032508 0.065899 0.219941 0.085381
0.083470 0.000010 0.000010 0.000010 0.007540 0.133542 0.147337 0.311577 0.316504
0.281668 0.000010 0.000010 0.104235 0.061970 0.091481 0.002737 0.457879 0.000010
0.276074 0.039091 0.058883 0.121822 0.027481 0.041099 0.009736 0.425804 0.000010
0.380267 0.000010 0.070463 0.000010 0.000010 0.028550 0.000010 0.520669 0.000010
0.354770 0.000010 0.010003 0.063380 0.000010 0.000010 0.029074 0.500183 0.042559
0.393765 0.019078 0.000010 0.200247 0.000010 0.000010 0.022473 0.364397 0.000010
0.135653 0.000010 0.000010 0.179005 0.058612 0.000010 0.125443 0.458490 0.042767
0.271737 0.000010 0.011270 0.000010 0.036972 0.096040 0.108088 0.400979 0.074894
0.219580 0.000010 0.000010 0.044087 0.000010 0.004392 0.178437 0.553213 0.000260
0.503823 0.000010 0.076224 0.000010 0.116787 0.000010 0.035666 0.246130 0.021340
0.256058 0.000010 0.037528 0.019079 0.000010 0.000010 0.159980 0.527315 0.000010
0.296805 0.000010 0.047216 0.068121 0.000010 0.067380 0.093938 0.426510 0.000010
0.344347 0.078419 0.051489 0.135932 0.000010 0.000010 0.024660 0.365123 0.000010
0.348994 0.008859 0.000010 0.000010 0.000010 0.025264 0.027464 0.553884 0.035505
0.523912 0.009541 0.000010 0.014140 0.000010 0.000010 0.025454 0.426913 0.000010
0.132456 0.066300 0.000010 0.000010 0.000010 0.051774 0.182147 0.519380 0.047913
0.378874 0.000010 0.000010 0.000010 0.000010 0.000010 0.043606 0.471340 0.106130
0.476382 0.054358 0.000010 0.000010 0.000010 0.000010 0.106905 0.341105 0.021211
0.388599 0.000010 0.000010 0.100752 0.128452 0.008287 0.023928 0.260886 0.089076
0.460736 0.000010 0.000010 0.005252 0.000010 0.001484 0.001223 0.464489 0.066787
0.272339 0.018967 0.017151 0.032444 0.000010 0.000010 0.071743 0.587324 0.000010
0.332310 0.154426 0.000010 0.000010 0.000010 0.000010 0.065993 0.401581 0.045651
0.299057 0.129947 0.071675 0.032210 0.065109 0.000010 0.000010 0.329930 0.072053
0.446954 0.000010 0.000010 0.016585 0.060843 0.018153 0.010594 0.398090 0.048760
0.348873 0.000010 0.000010 0.054263 0.000010 0.000010 0.091953 0.468844 0.036027
0.237993 0.000010 0.000010 0.022626 0.000010 0.000010 0.132384 0.586729 0.020228
0.373961 0.000010 0.006324 0.000010 0.099505 0.000010 0.111368 0.404053 0.004761
0.157099 0.000010 0.036525 0.030824 0.000010 0.000010 0.200807 0.574705 0.000010
0.114430 0.040962 0.044160 0.079586 0.044529 0.000010 0.177981 0.445353 0.052990
0.190288 0.038681 0.000010 0.181146 0.065002 0.000010 0.083580 0.371146 0.070136
0.329570 0.069689 0.009591 0.055322 0.019228 0.078134 0.026121 0.301559 0.110787
0.185052 0.000010 0.000010 0.000010 0.030569 0.000010 0.024031 0.238308 0.522001
0.110354 0.000010 0.000010 0.151094 0.000010 0.000010 0.174687 0.468176 0.095649
0.336119 0.005588 0.000010 0.134366 0.049120 0.000010 0.113469 0.340167 0.021151
0.147209 0.000010 0.053458 0.083497 0.058070 0.000010 0.078532 0.579204 0.000010
0.460344 0.000813 0.000010 0.000010 0.000010 0.009353 0.158211 0.371240 0.000010
0.213276 0.011999 0.000010 0.023297 0.000010 0.000010 0.166604 0.567683 0.017112
0.250810 0.000010 0.000010 0.029524 0.000010 0.000010 0.298759 0.420857 0.000010
0.385400 0.000010 0.013436 0.000010 0.000010 0.000010 0.189396 0.411718 0.000010
0.326351 0.046558 0.000010 0.000010 0.011082 0.000010 0.188929 0.427039 0.000010
0.100418 0.029981 0.079804 0.074186 0.124010 0.027921 0.137629 0.426042 0.000010
0.202425 0.000010 0.000010 0.009517 0.043082 0.000010 0.131017 0.613919 0.000010
0.318777 0.096190 0.000010 0.035945 0.057618 0.008993 0.062687 0.419771 0.000010
0.350167 0.005398 0.000010 0.000010 0.000010 0.000010 0.060083 0.564709 0.019602
0.403151 0.052812 0.001593 0.000010 0.119156 0.027656 0.083086 0.312526 0.000010
0.281748 0.000010 0.000010 0.148549 0.029310 0.000010 0.083867 0.456486 0.000010
0.092947 0.043481 0.000010 0.189180 0.000010 0.016819 0.144662 0.472740 0.040151
0.227051 0.016480 0.081403 0.019387 0.000010 0.000010 0.183168 0.432681 0.039810
0.239970 0.000010 0.000010 0.000010 0.000010 0.000010 0.189602 0.570368 0.000010
0.163156 0.000010 0.029075 0.175504 0.027273 0.000010 0.136424 0.468539 0.000010
0.290510 0.099985 0.000010 0.042451 0.012071 0.000010 0.189956 0.341184 0.023823
0.244101 0.091491 0.000010 0.118402 0.023739 0.036683 0.092540 0.393024 0.000010
0.269924 0.000010 0.000010 0.121255 0.046542 0.000010 0.094011 0.468228 0.000010
0.134370 0.112697 0.010265 0.000010 0.151555 0.000010 0.136533 0.441413 0.013147
0.163591 0.000010 0.000010 0.000010 0.001438 0.000010 0.274189 0.560733 0.000010
0.431102 0.115702 0.027525 0.045183 0.049618 0.000010 0.025325 0.305525 0.000010
0.282954 0.071644 0.154879 0.148037 0.000010 0.012264 0.054641 0.275561 0.000010
0.042257 0.000010 0.006289 0.155762 0.051651 0.000010 0.221809 0.522202 0.000010
0.303583 0.090057 0.000010 0.088742 0.000010 0.000010 0.030428 0.487150 0.000010
0.277543 0.000010 0.085567 0.000010 0.009292 0.000010 0.172369 0.455190 0.000010
0.070510 0.000010 0.038960 0.045691 0.000010 0.029755 0.414946 0.400107 0.000010
0.137601 0.000010 0.000010 0.138305 0.000010 0.027127 0.199151 0.497775 0.000010
0.167221 0.028101 0.000010 0.139936 0.083574 0.000010 0.140110 0.441028 0.000010
0.352181 0.000010 0.079161 0.006057 0.046318 0.000010 0.000010 0.516241 0.000010
0.461405 0.071319 0.015707 0.024271 0.000010 0.000010 0.000010 0.427258 0.000010
0.141077 0.037983 0.053151 0.201775 0.138362 0.000010 0.120275 0.307357 0.000010
0.259004 0.000010 0.072552 0.000010 0.056954 0.000010 0.118240 0.493210 0.000010
0.357221 0.000010 0.019626 0.010980 0.000010 0.000010 0.148767 0.463366 0.000010
0.228889 0.057463 0.000010 0.018086 0.000010 0.000010 0.136787 0.514185 0.044560
0.147715 0.000010 0.199897 0.218502 0.000010 0.057446 0.059170 0.253069 0.064181
0.331363 0.000010 0.000010 0.128654 0.073908 0.000010 0.045714 0.420319 0.000010
0.183268 0.000010 0.018586 0.024513 0.015929 0.000010 0.186483 0.571192 0.000010
0.319837 0.033678 0.091122 0.149451 0.013710 0.000010 0.158517 0.233664 0.000010
0.358200 0.000010 0.000010 0.025834 0.000010 0.000010 0.109248 0.506668 0.000010
0.156938 0.000010 0.018057 0.000010 0.136074 0.022097 0.066647 0.531813 0.068355
0.243829 0.105347 0.049977 0.023729 0.000010 0.000010 0.103968 0.451033 0.022097
0.203218 0.000010 0.008778 0.202804 0.092474 0.009692 0.066508 0.410910 0.005605
0.182201 0.000010 0.000010 0.014188 0.155000 0.021161 0.139901 0.487519 0.000010
0.243643 0.023555 0.000010 0.000010 0.054246 0.000010 0.102021 0.576495 0.000010
0.252130 0.000010 0.000010 0.000010 0.081864 0.000010 0.109941 0.535993 0.020032
0.273912 0.053262 0.000010 0.006404 0.025014 0.000010 0.129519 0.511859 0.000010
0.149010 0.054980 0.000010 0.019626 0.010569 0.017196 0.169906 0.578695 0.000010
0.127618 0.007251 0.000010 0.251403 0.045705 0.070172 0.090970 0.406860 0.000010
0.244807 0.014696 0.104835 0.056078 0.028479 0.013338 0.013956 0.511773 0.012039
0.165081 0.161659 0.000010 0.281672 0.000010 0.000010 0.087900 0.295343 0.008314
0.255188 0.027351 0.020148 0.000010 0.000010 0.000010 0.118241 0.579032 0.000010
0.196464 0.000010 0.011517 0.209001 0.046195 0.000010 0.076461 0.460332 0.000010
0.091080 0.000010 0.000010 0.000010 0.000010 0.009045 0.186113 0.676101 0.037621
0.276295 0.000010 0.000010 0.066868 0.021543 0.000010 0.029145 0.606110 0.000010
0.229367 0.000010 0.006274 0.018199 0.067536 0.011158 0.173297 0.494150 0.000010
0.222345 0.140712 0.019910 0.000010 0.011753 0.012112 0.047584 0.513963 0.031611
0.251392 0.000010 0.062066 0.000010 0.000010 0.007227 0.181456 0.497819 0.000010
0.153460 0.000010 0.138311 0.135157 0.000010 0.000010 0.142457 0.430576 0.000010
0.026653 0.050902 0.206770 0.072820 0.000010 0.007442 0.266115 0.369279 0.000010
0.000010 0.000010 0.059565 0.291264 0.027117 0.000010 0.132643 0.480784 0.008598
0.133964 0.071237 0.000010 0.130775 0.000010 0.004028 0.127724 0.475279 0.056973
0.119265 0.113087 0.039066 0.018329 0.000010 0.015736 0.159892 0.534605 0.000010
0.426849 0.000010 0.140378 0.000010 0.000010 0.008165 0.091779 0.332790 0.000010
0.189182 0.005522 0.060871 0.112414 0.000010 0.012750 0.187081 0.432160 0.000010
0.262859 0.104478 0.174642 0.000010 0.012224 0.000010 0.062813 0.382954 0.000010
0.178735 0.000010 0.203197 0.211197 0.000010 0.000010 0.083510 0.304355 0.018976
0.232653 0.000010 0.068146 0.122900 0.000010 0.000010 0.118663 0.457597 0.000010
0.199836 0.000010 0.041946 0.000010 0.112264 0.000010 0.231554 0.414360 0.000010
0.173984 0.032888 0.059203 0.000010 0.000010 0.000010 0.238730 0.495156 0.000010
0.185164 0.000010 0.000010 0.004550 0.000010 0.032053 0.182210 0.570761 0.025233
0.024075 0.010971 0.128674 0.109597 0.000010 0.000010 0.158432 0.568221 0.000010
0.244977 0.000010 0.122118 0.047256 0.014474 0.007643 0.121760 0.428767 0.012994
0.079372 0.000010 0.140053 0.108636 0.056496 0.000010 0.166101 0.318311 0.131010
0.109364 0.062025 0.036387 0.103398 0.000010 0.059828 0.134667 0.481441 0.012881
0.157978 0.000010 0.075907 0.038841 0.057939 0.000010 0.230502 0.438802 0.000010
0.122709 0.099104 0.151287 0.022387 0.000010 0.048050 0.093361 0.463082 0.000010
0.235886 0.044668 0.020365 0.179310 0.097670 0.057155 0.068401 0.296534 0.000010
0.013783 0.000010 0.110434 0.147584 0.000010 0.000010 0.086778 0.605018 0.036372
0.000010 0.000010 0.031127 0.150461 0.051846 0.024574 0.155940 0.586023 0.000010
0.219528 0.107719 0.035263 0.000010 0.000010 0.000010 0.182842 0.452884 0.001735
0.203867 0.042916 0.051860 0.000010 0.130765 0.000010 0.170856 0.399706 0.000010
0.138105 0.000010 0.141535 0.095775 0.021809 0.000010 0.091777 0.510969 0.000010
0.000010 0.024348 0.000010 0.036038 0.000010 0.433252 0.005360 0.000010 0.500962
0.000010 0.000010 0.006175 0.000010 0.000010 0.489060 0.000010 0.000010 0.504705
0.055663 0.000010 0.025224 0.000010 0.000010 0.404104 0.000010 0.000010 0.514959
0.000010 0.000010 0.000010 0.029857 0.000010 0.431213 0.000010 0.000010 0.538871
0.000010 0.000010 0.000010 0.000010 0.000010 0.258936 0.000010 0.000010 0.740994
0.000010 0.000010 0.042325 0.000010 0.000010 0.425319 0.000807 0.000010 0.531500
0.000010 0.000010 0.029444 0.000010 0.000010 0.577495 0.026645 0.015331 0.351045
0.000010 0.000010 0.024841 0.000010 0.000010 0.337823 0.000010 0.000010 0.637276
0.000010 0.012959 0.000010 0.000010 0.000010 0.317553 0.000010 0.000010 0.669429
0.000010 0.008555 0.000010 0.000012 0.000010 0.310590 0.000010 0.000010 0.680793
0.000010 0.000010 0.000010 0.000010 0.000010 0.299949 0.039848 0.000010 0.660143
0.000010 0.001045 0.000010 0.000010 0.000010 0.396600 0.013816 0.000010 0.588489
0.033556 0.000010 0.000010 0.000010 0.000010 0.445266 0.000010 0.000010 0.521119
0.000010 0.008051 0.000010 0.000010 0.000010 0.535107 0.013529 0.000010 0.443262
0.000010 0.014201 0.017615 0.000010 0.000010 0.225628 0.000010 0.000010 0.742507
0.033593 0.000010 0.000010 0.000010 0.020153 0.271022 0.013512 0.000010 0.661680
0.000010 0.000010 0.014591 0.000010 0.000010 0.314415 0.000010 0.000010 0.670934
0.000010 0.000010 0.018383 0.025210 0.000010 0.468039 0.000010 0.000010 0.488318
0.000010 0.037028 0.000010 0.000010 0.005242 0.341945 0.000010 0.000010 0.615735
0.000010 0.000010 0.000010 0.000010 0.000010 0.343430 0.012122 0.000010 0.644389
0.035345 0.000010 0.000010 0.000010 0.000010 0.464639 0.000010 0.000010 0.499956
0.000010 0.000010 0.027953 0.000010 0.000010 0.252258 0.000010 0.000010 0.719729
0.000010 0.038004 0.000010 0.000010 0.000010 0.284206 0.025579 0.000010 0.652161
0.000010 0.000010 0.017119 0.000010 0.000010 0.449677 0.034314 0.000010 0.498840
0.000010 0.000010 0.000010 0.034913 0.000010 0.173059 0.000010 0.000010 0.791967
0.000010 0.029929 0.000010 0.000010 0.000010 0.427495 0.039475 0.000010 0.503051
0.000010 0.006774 0.067304 0.000010 0.000010 0.665403 0.000010 0.000010 0.260469
0.000010 0.047525 0.000010 0.000010 0.000010 0.415575 0.000010 0.000010 0.536840
0.022438 0.018717 0.000010 0.000010 0.811690 0.000010 0.135238 0.011877 0.000010
0.398093 0.000010 0.000010 0.267345 0.022551 0.000010 0.000010 0.311961 0.000010
0.421758 0.034979 0.013686 0.276158 0.088242 0.022799 0.000010 0.134581 0.007788
0.499382 0.012206 0.000010 0.185846 0.012632 0.000010 0.112931 0.176973 0.000010
0.445119 0.003545 0.033993 0.231413 0.000010 0.016109 0.019155 0.250647 0.000010
0.289707 0.000010 0.000010 0.388526 0.000010 0.000010 0.036646 0.285071 0.000010
0.464566 0.019300 0.023420 0.310092 0.070996 0.000010 0.000010 0.111595 0.000010
0.459690 0.000289 0.076455 0.181809 0.121466 0.021455 0.016372 0.122454 0.000010
0.362808 0.003405 0.000010 0.372445 0.016711 0.008029 0.036162 0.200420 0.000010
0.385050 0.020126 0.041570 0.262242 0.075094 0.000010 0.000010 0.215889 0.000010
0.274868 0.015962 0.000010 0.351185 0.113462 0.000010 0.045538 0.193063 0.005900
0.383299 0.000010 0.065754 0.355461 0.000010 0.035952 0.023138 0.136368 0.000010
0.515064 0.013713 0.000010 0.242229 0.000010 0.000010 0.000010 0.228944 0.000010
0.397100 0.000010 0.028508 0.304204 0.000010 0.000010 0.072890 0.197257 0.000010
0.449900 0.000010 0.000010 0.405064 0.000010 0.003271 0.000010 0.141715 0.000010
0.369737 0.000010 0.165002 0.286835 0.000010 0.000010 0.000010 0.178376 0.000010
0.432691 0.032935 0.065443 0.328514 0.000010 0.000010 0.000010 0.140377 0.000010
0.406102 0.000010 0.042044 0.331992 0.006988 0.000010 0.000010 0.212834 0.000010
0.413305 0.000010 0.000010 0.316512 0.000010 0.000010 0.019658 0.250476 0.000010
0.467329 0.000010 0.000010 0.438496 0.026914 0.000010 0.000010 0.067212 0.000010
0.219955 0.048609 0.000010 0.555776 0.000010 0.000010 0.013618 0.162003 0.000010
0.391508 0.000010 0.000010 0.335501 0.000010 0.000010 0.075653 0.197289 0.000010
0.469534 0.000010 0.000010 0.281899 0.000010 0.000010 0.025559 0.222957 0.000010
0.528780 0.000010 0.000010 0.243098 0.037076 0.000010 0.000010 0.190996 0.000010
0.180061 0.000010 0.004482 0.433624 0.078254 0.004117 0.072534 0.226907 0.000010
0.362090 0.000010 0.000010 0.368695 0.000010 0.000010 0.072430 0.196735 0.000010
0.360066 0.000010 0.000010 0.382856 0.032821 0.000010 0.062138 0.162080 0.000010
0.391121 0.051405 0.000010 0.303017 0.000010 0.000010 0.000010 0.254407 0.000010
0.465696 0.000010 0.000010 0.220374 0.083784 0.000010 0.000010 0.230095 0.000010
0.000010 0.017738 0.000010 0.000010 0.982192 0.000010 0.000010 0.000010 0.000010
0.000010 0.024160 0.000010 0.000010 0.974058 0.000010 0.000010 0.000010 0.001722
0.000010 0.000010 0.035591 0.000010 0.945410 0.000010 0.018940 0.000010 0.000010
0.000010 0.040493 0.000010 0.000010 0.959437 0.000010 0.000010 0.000010 0.000010
0.025264 0.000010 0.125514 0.000010 0.672460 0.000010 0.171242 0.005480 0.000010
0.000010 0.000010 0.036418 0.000010 0.934900 0.000010 0.025200 0.000010 0.003432
0.000010 0.000010 0.000010 0.000010 0.922279 0.014863 0.062799 0.000010 0.000010
0.000010 0.013316 0.000010 0.000010 0.928382 0.000010 0.046333 0.000010 0.011919
0.000010 0.000010 0.000010 0.000010 0.989436 0.000010 0.010494 0.000010 0.000010
0.000010 0.015881 0.000010 0.000010 0.975122 0.008936 0.000010 0.000010 0.000010
0.000010 0.000010 0.000010 0.000010 0.950441 0.000010 0.022520 0.006970 0.020019
0.000010 0.035830 0.000010 0.000010 0.964099 0.000010 0.000011 0.000010 0.000010
0.000010 0.000010 0.000010 0.000010 0.935010 0.000010 0.039822 0.000010 0.025108
0.000010 0.009727 0.035575 0.000010 0.940638 0.000010 0.000010 0.000010 0.014010
0.000010 0.000010 0.068072 0.000010 0.907353 0.000012 0.007382 0.017142 0.000010
0.000287 0.000010 0.000010 0.000010 0.980138 0.000010 0.019515 0.000010 0.000010
0.000010 0.032798 0.000010 0.000010 0.947578 0.000010 0.019564 0.000010 0.000010
0.724552 0.000010 0.000010 0.003660 0.032127 0.019432 0.000010 0.217806 0.002393
0.694482 0.000010 0.000010 0.000010 0.000010 0.000010 0.038578 0.229780 0.037110
0.564610 0.000010 0.000010 0.082537 0.052935 0.025839 0.024312 0.230932 0.018816
0.735500 0.000010 0.000010 0.000010 0.009125 0.000010 0.011719 0.243606 0.000010
0.521634 0.035642 0.000010 0.076676 0.000010 0.000010 0.013299 0.309186 0.043532
0.510100 0.000010 0.010762 0.239743 0.000010 0.000010 0.024658 0.214697 0.000010
0.406339 0.000010 0.000010 0.185208 0.000010 0.000010 0.002027 0.370716 0.035670
0.557192 0.025688 0.070844 0.074426 0.000010 0.018163 0.000010 0.178346 0.075322
0.454280 0.000010 0.005340 0.062694 0.047137 0.000010 0.025223 0.395382 0.009924
0.578145 0.000010 0.038408 0.064114 0.020248 0.000010 0.068960 0.230095 0.000010
0.318919 0.025160 0.000010 0.161576 0.044533 0.000010 0.000010 0.383878 0.065905
0.403696 0.000010 0.004169 0.155102 0.110566 0.000010 0.069672 0.221128 0.035648
0.606722 0.000010 0.000010 0.001762 0.000010 0.000010 0.025401 0.366066 0.000010
0.410447 0.000010 0.000010 0.020301 0.000010 0.000010 0.092384 0.468978 0.007850
0.587133 0.000010 0.088844 0.000010 0.000010 0.010560 0.000010 0.313414 0.000010
0.433789 0.000010 0.014890 0.011660 0.012638 0.000010 0.069097 0.342130 0.115777
0.610403 0.000010 0.060546 0.053327 0.001717 0.060539 0.000010 0.185250 0.028198
0.627458 0.000010 0.000010 0.000010 0.074804 0.000010 0.000010 0.297678 0.000010
0.464488 0.000010 0.068286 0.000010 0.073098 0.016819 0.051099 0.326180 0.000010
0.480669 0.000010 0.019247 0.133057 0.059104 0.000010 0.008709 0.299184 0.000010
0.537104 0.000010 0.000010 0.016309 0.083172 0.054826 0.000010 0.306740 0.001819
0.527458 0.000010 0.000010 0.148832 0.059194 0.000010 0.041019 0.223457 0.000010
0.564199 0.022292 0.000010 0.104115 0.043489 0.000010 0.024263 0.206933 0.034688
0.668858 0.023765 0.000010 0.000010 0.032794 0.000010 0.033626 0.240917 0.000010
0.606850 0.000010 0.000010 0.018090 0.029548 0.022298 0.067434 0.255749 0.000010
0.414036 0.074075 0.000010 0.089694 0.000010 0.009117 0.051504 0.341734 0.019820
0.374295 0.052109 0.000010 0.175667 0.000010 0.000010 0.031541 0.366348 0.000010
0.419109 0.000010 0.000010 0.107739 0.044459 0.000010 0.026612 0.402042 0.000010
0.530043 0.000010 0.000010 0.089551 0.000010 0.000010 0.000010 0.380346 0.000010
0.525171 0.000010 0.000010 0.020686 0.000010 0.000010 0.075631 0.378462 0.000010
0.571333 0.000010 0.000010 0.080489 0.012625 0.000010 0.000010 0.335503 0.000010
0.366923 0.000010 0.000010 0.065105 0.000011 0.020224 0.067098 0.480608 0.000010
0.664059 0.000010 0.020837 0.000010 0.037871 0.000010 0.000010 0.260482 0.016711
0.523249 0.018583 0.000010 0.088193 0.000010 0.000010 0.000010 0.369925 0.000010
0.574910 0.000010 0.000010 0.000010 0.115922 0.003861 0.000010 0.270453 0.034813
0.596451 0.000010 0.000010 0.050655 0.000010 0.000010 0.000010 0.337958 0.014887
0.489941 0.000010 0.035208 0.000010 0.020552 0.000010 0.090851 0.363409 0.000010
0.588890 0.000010 0.000010 0.000010 0.097708 0.000010 0.005335 0.308018 0.000010
0.504056 0.000010 0.101617 0.072644 0.000010 0.000010 0.000010 0.321633 0.000010
0.656578 0.007627 0.000010 0.000010 0.000010 0.000010 0.046299 0.250625 0.038830
0.571426 0.000010 0.063080 0.115207 0.075303 0.016423 0.000010 0.158531 0.000010
0.471066 0.000010 0.000010 0.115558 0.000010 0.000010 0.000010 0.369130 0.044196
0.579634 0.028260 0.000010 0.000010 0.064997 0.039035 0.012096 0.229933 0.046025
0.638536 0.065154 0.018661 0.000010 0.000010 0.014035 0.000010 0.263573 0.000010
0.453443 0.059963 0.000010 0.102653 0.002405 0.000010 0.007088 0.278687 0.095741
0.692368 0.000010 0.000010 0.003155 0.000010 0.034156 0.000010 0.270271 0.000010
0.503154 0.035202 0.036933 0.000010 0.000010 0.016248 0.098993 0.276783 0.032668
0.740914 0.000010 0.000010 0.000010 0.000010 0.000010 0.000010 0.259016 0.000010
0.470349 0.000010 0.000010 0.000010 0.005851 0.000010 0.067806 0.372913 0.083041
0.594332 0.000010 0.000010 0.000010 0.041419 0.010317 0.000010 0.288291 0.065601
0.443352 0.000010 0.000010 0.082892 0.063282 0.041535 0.000010 0.267424 0.101484
0.532764 0.000010 0.000010 0.115848 0.009621 0.023252 0.024270 0.237533 0.056694
0.668461 0.117374 0.000010 0.000625 0.000010 0.061568 0.000010 0.150162 0.001781
0.467987 0.069477 0.000010 0.038143 0.000010 0.070101 0.041130 0.286378 0.026763
0.567607 0.055630 0.041419 0.000010 0.030194 0.000010 0.000010 0.164262 0.140858
0.073272 0.070221 0.013980 0.066226 0.000010 0.053455 0.045862 0.000010 0.676963
0.612540 0.000010 0.000010 0.032853 0.000010 0.000010 0.000010 0.287361 0.067197
0.693437 0.000010 0.000010 0.000010 0.000010 0.000010 0.029781 0.252932 0.023800
0.594269 0.000010 0.000010 0.062815 0.000010 0.000010 0.000010 0.171464 0.171402
0.564530 0.000010 0.000010 0.076269 0.059346 0.038298 0.045082 0.216445 0.000010
0.605975 0.014419 0.000010 0.000010 0.000010 0.002369 0.001254 0.295665 0.080288
0.598935 0.000010 0.000010 0.077504 0.000010 0.011083 0.000010 0.291894 0.020545
0.547458 0.000010 0.038288 0.083177 0.024763 0.011921 0.000010 0.294364 0.000010
0.633439 0.000010 0.030542 0.000010 0.031481 0.000010 0.000010 0.274556 0.029943
0.495641 0.000010 0.021423 0.074169 0.000010 0.012796 0.000010 0.303634 0.092306
0.627347 0.000010 0.006415 0.000010 0.119454 0.000010 0.001466 0.193373 0.051916
0.465143 0.000010 0.000010 0.031290 0.075021 0.045159 0.048404 0.250395 0.084568
0.496997 0.000010 0.020189 0.000010 0.000010 0.000010 0.000010 0.346053 0.136711
0.396752 0.000010 0.000010 0.179423 0.106188 0.000010 0.000010 0.103691 0.213905
0.598503 0.080410 0.000010 0.067780 0.023633 0.000010 0.000010 0.229634 0.000010
0.380929 0.000010 0.000010 0.120078 0.018617 0.020684 0.028091 0.231872 0.199708
0.428243 0.012589 0.004254 0.052672 0.000010 0.066767 0.015278 0.185946 0.234239
0.645351 0.004106 0.064970 0.000010 0.000010 0.000010 0.000010 0.285523 0.000010
0.579223 0.013138 0.042233 0.000010 0.000010 0.039163 0.000010 0.260750 0.065463
0.561542 0.002663 0.000010 0.000010 0.000010 0.000010 0.000010 0.351964 0.083780
0.753489 0.000010 0.000010 0.000010 0.021062 0.000010 0.000010 0.225390 0.000010
0.564408 0.000010 0.034765 0.000010 0.048077 0.000010 0.000010 0.352700 0.000010
0.605427 0.000010 0.000010 0.143376 0.046999 0.000659 0.000010 0.203499 0.000010
0.341633 0.000010 0.050267 0.112974 0.012602 0.123910 0.000010 0.228399 0.130195
0.303995 0.000010 0.000010 0.224068 0.000010 0.044702 0.000010 0.110726 0.316470
0.640962 0.000010 0.000010 0.000010 0.123591 0.000010 0.000010 0.235388 0.000010
0.679756 0.000010 0.000010 0.114492 0.000010 0.025667 0.026719 0.132165 0.021172
0.649158 0.000010 0.000010 0.054174 0.000010 0.000010 0.000010 0.296608 0.000010
0.641089 0.018728 0.000010 0.000010 0.000010 0.000010 0.016297 0.267404 0.056442
0.608917 0.052183 0.000010 0.044588 0.040865 0.081900 0.000010 0.171517 0.000010
0.456518 0.033536 0.000010 0.050347 0.032679 0.066491 0.042841 0.317569 0.000010
0.573849 0.000010 0.000010 0.027600 0.000010 0.000010 0.000010 0.288922 0.109578
0.000010 0.000010 0.002523 0.000010 0.807758 0.000010 0.161014 0.028655 0.000010
0.000010 0.003047 0.000010 0.023032 0.806745 0.000010 0.140124 0.027012 0.000010
0.000010 0.000010 0.059502 0.000010 0.820431 0.005289 0.086447 0.028291 0.000010
0.016980 0.000010 0.020897 0.000010 0.733466 0.000010 0.228607 0.000010 0.000010
0.000010 0.000010 0.000010 0.000016 0.838242 0.000010 0.161682 0.000010 0.000010
0.000010 0.000010 0.093907 0.000010 0.741065 0.000010 0.111621 0.053357 0.000010
0.065080 0.000010 0.000010 0.013136 0.850961 0.000010 0.070773 0.000010 0.000010
0.607108 0.000010 0.000010 0.202090 0.000010 0.000010 0.032574 0.158178 0.000010
0.600156 0.000010 0.000010 0.174488 0.001284 0.026018 0.000010 0.198013 0.000010
0.542160 0.000010 0.000010 0.254326 0.067761 0.000010 0.000010 0.079257 0.056456
0.572682 0.000010 0.000010 0.192934 0.028339 0.000010 0.024641 0.167621 0.013753
0.420025 0.000010 0.040880 0.219115 0.000010 0.000010 0.034988 0.284952 0.000010
0.502779 0.000010 0.000010 0.274659 0.087183 0.000010 0.038498 0.074841 0.022010
0.670366 0.011396 0.000010 0.259321 0.000010 0.000010 0.058867 0.000010 0.000010
0.472226 0.000010 0.000019 0.117034 0.113992 0.014217 0.000010 0.190372 0.092121
0.496043 0.000010 0.000010 0.302681 0.000010 0.000010 0.074026 0.127199 0.000010
0.666952 0.000010 0.000010 0.164498 0.000010 0.000010 0.000010 0.168489 0.000010
0.440025 0.016949 0.034643 0.295241 0.040730 0.009832 0.000010 0.143913 0.018656
0.452660 0.009918 0.000010 0.200714 0.000010 0.114429 0.000010 0.173944 0.048305
0.637600 0.000010 0.049658 0.000010 0.059808 0.000010 0.016540 0.236353 0.000010
0.497844 0.000010 0.086793 0.000010 0.000010 0.018365 0.057561 0.339397 0.000010
0.533116 0.007776 0.000010 0.096080 0.000010 0.009589 0.000010 0.302226 0.051184
0.549450 0.000010 0.000010 0.000010 0.055974 0.073661 0.000010 0.292536 0.028339
0.483328 0.000010 0.000010 0.088098 0.045788 0.000010 0.102527 0.280219 0.000010
0.452587 0.000010 0.035835 0.153067 0.000010 0.000010 0.000010 0.333575 0.024895
0.545437 0.095146 0.052558 0.121170 0.000010 0.010376 0.000010 0.147375 0.027918
0.556403 0.000010 0.000010 0.026459 0.000010 0.003427 0.057088 0.297797 0.058796
0.562652 0.005826 0.000010 0.042445 0.052443 0.032508 0.000010 0.267841 0.036264
0.549481 0.000010 0.000010 0.182109 0.000010 0.006918 0.000010 0.261442 0.000010
0.458928 0.000010 0.000010 0.113323 0.004247 0.000010 0.000010 0.373164 0.050298
0.408263 0.000010 0.000010 0.150539 0.064295 0.031173 0.020023 0.325678 0.000010
0.436937 0.000010 0.000010 0.124088 0.052472 0.000010 0.000010 0.300643 0.085820
0.516356 0.000010 0.000010 0.259529 0.000010 0.000010 0.000010 0.224055 0.000010
0.475602 0.000010 0.000010 0.047650 0.036160 0.000010 0.103202 0.188236 0.149120
0.479191 0.029437 0.006967 0.000010 0.046284 0.034195 0.017913 0.342102 0.043901
0.441940 0.000010 0.000010 0.064749 0.000010 0.000010 0.026175 0.342685 0.124411
0.629237 0.006472 0.004745 0.123561 0.000771 0.000065 0.000010 0.198129 0.037008
0.437008 0.000010 0.000010 0.005638 0.082740 0.003620 0.000010 0.371081 0.099884
0.458664 0.000010 0.000010 0.098207 0.099925 0.070522 0.000010 0.207504 0.065148
0.491508 0.013207 0.024502 0.077927 0.000010 0.006255 0.000010 0.223989 0.162592
0.627542 0.000010 0.042518 0.000010 0.000010 0.000010 0.095061 0.234829 0.000010
0.669756 0.007003 0.000010 0.075222 0.000010 0.000010 0.000010 0.247968 0.000010
0.000010 0.930574 0.000010 0.000010 0.005611 0.000010 0.000010 0.049447 0.014317
0.000010 0.906530 0.012744 0.000010 0.000010 0.017903 0.062774 0.000010 0.000010
0.016828 0.916737 0.045976 0.000010 0.000010 0.000010 0.000010 0.020409 0.000010
0.010427 0.867721 0.094273 0.000010 0.000010 0.000010 0.018664 0.008875 0.000010
0.011527 0.029675 0.435964 0.045899 0.023978 0.000010 0.403615 0.049322 0.000010
0.000010 0.000010 0.548340 0.000010 0.000010 0.000010 0.451590 0.000010 0.000010
0.000010 0.000010 0.302013 0.000010 0.121561 0.006484 0.501466 0.068436 0.000010
0.020699 0.000010 0.598419 0.000010 0.000010 0.000010 0.380822 0.000010 0.000010
0.101534 0.060566 0.396142 0.065099 0.061495 0.000010 0.271032 0.000010 0.044113
0.063384 0.010542 0.441940 0.000010 0.009675 0.000010 0.418535 0.055894 0.000010
0.039442 0.069296 0.437360 0.002253 0.054470 0.020172 0.351014 0.025984 0.000010
0.000010 0.066469 0.565300 0.000010 0.000010 0.000010 0.355124 0.000010 0.013057
0.000010 0.000010 0.431199 0.000010 0.079612 0.048112 0.349200 0.091837 0.000010
0.000010 0.063922 0.458952 0.000010 0.089784 0.000010 0.318371 0.054263 0.014677
0.422143 0.013628 0.000010 0.095931 0.000010 0.000010 0.000010 0.405190 0.063069
0.494823 0.000010 0.000010 0.103264 0.066921 0.000010 0.040349 0.285326 0.009287
0.628042 0.000010 0.022745 0.000010 0.014904 0.051455 0.069181 0.213644 0.000010
0.601291 0.000010 0.000010 0.031355 0.000010 0.020156 0.116208 0.230950 0.000010
0.544746 0.000010 0.000010 0.168748 0.000010 0.000010 0.000010 0.286445 0.000010
0.504503 0.000010 0.000010 0.151359 0.035637 0.000010 0.000010 0.308450 0.000010
0.419580 0.000010 0.000010 0.000010 0.105225 0.015801 0.059722 0.343727 0.055915
0.591514 0.022453 0.013739 0.043911 0.028282 0.006395 0.050484 0.243213 0.000010
0.540857 0.019758 0.109934 0.104258 0.000010 0.046982 0.000010 0.146166 0.032026
0.465085 0.000010 0.022279 0.152734 0.000010 0.000010 0.000010 0.313150 0.046712
0.581860 0.000010 0.000010 0.054087 0.000010 0.000010 0.017385 0.346617 0.000010
0.649223 0.015779 0.000010 0.004881 0.059771 0.000010 0.000010 0.270305 0.000010
0.573473 0.000010 0.000418 0.000010 0.124584 0.000010 0.000010 0.288433 0.013053
0.709038 0.000010 0.000010 0.000010 0.108810 0.000010 0.000010 0.182092 0.000010
0.596975 0.000010 0.008316 0.176363 0.032566 0.007561 0.000010 0.064159 0.114040
0.429971 0.000010 0.000010 0.141451 0.000010 0.043211 0.055413 0.314500 0.015424
0.551025 0.021461 0.000010 0.095780 0.000010 0.000010 0.000010 0.331683 0.000010
0.589274 0.003351 0.000010 0.055615 0.000010 0.000010 0.000010 0.323932 0.027788
0.572600 0.009941 0.006741 0.046849 0.042773 0.000010 0.045479 0.139090 0.136516
0.508199 0.063267 0.022228 0.062212 0.000010 0.039450 0.050106 0.209883 0.044646
0.400816 0.000010 0.038546 0.168607 0.000010 0.031709 0.000010 0.240064 0.120229
0.000010 0.012699 0.650858 0.000010 0.000010 0.027094 0.309299 0.000010 0.000010
0.000010 0.043011 0.651677 0.000010 0.000010 0.000010 0.220919 0.084343 0.000010
0.000010 0.000010 0.617141 0.000010 0.000010 0.000010 0.293340 0.089459 0.000010
0.000010 0.024532 0.576330 0.000010 0.035850 0.000010 0.266666 0.018692 0.077900
0.000010 0.008987 0.649265 0.015177 0.000010 0.000010 0.316250 0.000010 0.010282
0.000010 0.000010 0.729391 0.000010 0.000010 0.030559 0.239989 0.000010 0.000010
0.000010 0.000010 0.672757 0.000010 0.000010 0.000010 0.265808 0.012167 0.049219
0.008638 0.070926 0.697923 0.028866 0.000010 0.000010 0.193607 0.000010 0.000010
0.052638 0.000010 0.718911 0.006927 0.000010 0.021614 0.193687 0.006191 0.000010
0.000010 0.000010 0.678795 0.000010 0.096147 0.000010 0.194614 0.030394 0.000010
0.002624 0.018336 0.670820 0.000010 0.029116 0.035787 0.216820 0.026476 0.000010
0.006563 0.000010 0.790557 0.000010 0.001535 0.021085 0.178532 0.000010 0.001698
0.000010 0.000010 0.637356 0.000010 0.043110 0.004307 0.284132 0.031055 0.000010
0.000010 0.000010 0.729779 0.000010 0.000010 0.000010 0.229797 0.000010 0.040365
0.021408 0.000010 0.639841 0.000010 0.088055 0.000010 0.243914 0.006742 0.000010
0.003116 0.000010 0.704188 0.000010 0.020856 0.000010 0.257072 0.014728 0.000010
0.000010 0.087201 0.627588 0.000010 0.000010 0.000010 0.285151 0.000010 0.000010
0.000010 0.039377 0.681786 0.030758 0.000010 0.000010 0.248029 0.000010 0.000010
0.000010 0.028240 0.744498 0.000010 0.000010 0.024071 0.203141 0.000010 0.000010
0.000010 0.072972 0.684805 0.000010 0.064022 0.000010 0.177191 0.000971 0.000010
0.000010 0.005176 0.704936 0.000010 0.000010 0.000010 0.179661 0.110177 0.000010
0.000010 0.000010 0.728795 0.012062 0.000010 0.000010 0.171444 0.040166 0.047493
0.027591 0.086853 0.576839 0.000010 0.000010 0.000010 0.308668 0.000010 0.000010
0.000010 0.055113 0.684976 0.000010 0.035432 0.000010 0.198095 0.000010 0.026345
0.000010 0.059778 0.647063 0.000010 0.000010 0.000010 0.266879 0.023439 0.002801
0.000010 0.087843 0.559250 0.044851 0.003148 0.000010 0.304868 0.000010 0.000010
0.000010 0.000010 0.649951 0.000010 0.000010 0.001746 0.284282 0.063970 0.000010
0.000010 0.004731 0.705255 0.000010 0.000010 0.000010 0.232318 0.057646 0.000010
0.000010 0.018739 0.630841 0.000010 0.000010 0.000010 0.350360 0.000010 0.000010
0.062392 0.063916 0.667694 0.047687 0.000010 0.000010 0.154478 0.003803 0.000010
0.038054 0.000010 0.773491 0.000010 0.000010 0.000010 0.188395 0.000010 0.000010
0.000010 0.000010 0.713187 0.000010 0.000010 0.000010 0.286743 0.000010 0.000010
0.000010 0.000010 0.551996 0.000010 0.083487 0.000010 0.321800 0.042667 0.000010
0.000010 0.104635 0.561683 0.000010 0.000010 0.000010 0.333622 0.000010 0.000010
0.000010 0.000010 0.575918 0.000010 0.000010 0.000010 0.411141 0.012881 0.000010
0.000010 0.016786 0.650575 0.000010 0.054829 0.000010 0.277760 0.000010 0.000010
0.052647 0.093603 0.477863 0.000010 0.000010 0.000010 0.344126 0.031722 0.000010
0.000010 0.000010 0.669436 0.023556 0.000010 0.000010 0.306948 0.000010 0.000010
0.000010 0.002084 0.556419 0.000010 0.029681 0.000010 0.411765 0.000010 0.000010
0.000010 0.000010 0.046870 0.000010 0.686611 0.000010 0.266459 0.000010 0.000010
0.000010 0.000010 0.151541 0.000010 0.848389 0.000010 0.000010 0.000010 0.000010
0.000010 0.000010 0.681843 0.000010 0.000010 0.000010 0.237342 0.080755 0.000010
0.000010 0.000010 0.665217 0.000010 0.000010 0.000010 0.245179 0.089544 0.000010
0.360364 0.000010 0.000010 0.446299 0.033285 0.000010 0.046267 0.112172 0.001583
0.426400 0.000010 0.049744 0.235928 0.000010 0.000010 0.000010 0.287878 0.000010
0.359341 0.000010 0.000010 0.267492 0.015148 0.000010 0.084872 0.273106 0.000010
0.394073 0.043750 0.000010 0.348987 0.000010 0.000010 0.000010 0.213140 0.000010
0.389392 0.032200 0.000010 0.373218 0.044691 0.000010 0.000010 0.160458 0.000010
0.079603 0.057742 0.000010 0.589017 0.000010 0.000010 0.084224 0.189374 0.000010
0.244348 0.041409 0.000010 0.392212 0.015291 0.000010 0.085071 0.221639 0.000010
0.488891 0.055622 0.000010 0.174156 0.015949 0.000010 0.023404 0.236201 0.005757
0.428842 0.000010 0.000010 0.298570 0.056639 0.001834 0.034267 0.179818 0.000010
0.219387 0.000010 0.000010 0.498730 0.050210 0.000010 0.000010 0.231623 0.000010
0.318406 0.041792 0.000010 0.452724 0.053313 0.000010 0.006110 0.114588 0.013047
0.369418 0.034569 0.000010 0.291579 0.069958 0.000010 0.078435 0.156010 0.000010
0.182292 0.000010 0.000010 0.507047 0.045306 0.000010 0.069282 0.196033 0.000010
0.000010 0.000010 0.580742 0.038478 0.011285 0.000010 0.317427 0.052028 0.000010
0.041676 0.000010 0.532944 0.008569 0.086994 0.000010 0.329777 0.000010 0.000010
0.024032 0.163805 0.544125 0.000010 0.000010 0.000010 0.267988 0.000010 0.000010
0.000010 0.019087 0.661789 0.000010 0.000010 0.000010 0.283120 0.035955 0.000010
0.007952 0.000010 0.613652 0.002166 0.055247 0.000010 0.303704 0.017250 0.000010
0.000860 0.000010 0.591663 0.000010 0.000010 0.000010 0.407417 0.000010 0.000010
0.000010 0.000010 0.693556 0.000010 0.000010 0.000010 0.306374 0.000010 0.000010
0.021119 0.030195 0.652925 0.000010 0.000010 0.000010 0.295711 0.000010 0.000010
0.000010 0.014263 0.563448 0.000010 0.013162 0.000010 0.409077 0.000010 0.000010
0.000010 0.000010 0.583530 0.000010 0.000010 0.000010 0.405661 0.000010 0.010749
0.000010 0.000010 0.773278 0.000010 0.024353 0.000010 0.202309 0.000010 0.000010
0.000010 0.000010 0.681374 0.000010 0.000010 0.000010 0.236515 0.082051 0.000010
